Survey,FIPS,FIPS,Region,Division,County,,1-unit,,,2-units,,,3-4 units,,,5+ units,,,1-unit rep,,,2-units rep,,,3-4 units rep,,, 5+units rep
Date,State,County,Code,Code,Name,Bldgs,Units,Value,Bldgs,Units,Value,Bldgs,Units,Value,Bldgs,Units,Value,Bldgs,Units,Value,Bldgs,Units,Value,Bldgs,Units,Value,Bldgs,Units,Value
 
201702,01,001,3,6,Autauga County                ,19,19,4762098,0,0,0,0,0,0,0,0,0,19,19,4762098,0,0,0,0,0,0,0,0,0
201702,01,007,3,6,Bibb County                   ,1,1,323863,0,0,0,0,0,0,0,0,0,0,0,0,0,0,0,0,0,0,0,0,0
201702,01,009,3,6,Blount County                 ,0,0,0,0,0,0,0,0,0,0,0,0,0,0,0,0,0,0,0,0,0,0,0,0
201702,01,021,3,6,Chilton County                ,3,3,500000,0,0,0,0,0,0,0,0,0,3,3,500000,0,0,0,0,0,0,0,0,0
201702,01,073,3,6,Jefferson County              ,111,111,29425937,0,0,0,0,0,0,1,5,459732,106,106,28747721,0,0,0,0,0,0,0,0,0
201702,01,081,3,6,Lee County                    ,77,77,24531226,0,0,0,0,0,0,1,14,1892000,77,77,24531226,0,0,0,0,0,0,1,14,1892000
201702,01,083,3,6,Limestone County              ,11,11,2506425,0,0,0,0,0,0,0,0,0,11,11,2506425,0,0,0,0,0,0,0,0,0
201702,01,089,3,6,Madison County                ,212,212,35081546,0,0,0,0,0,0,0,0,0,212,212,35081546,0,0,0,0,0,0,0,0,0
201702,01,113,3,6,Russell County                ,14,14,2328095,0,0,0,0,0,0,0,0,0,14,14,2328095,0,0,0,0,0,0,0,0,0
201702,01,115,3,6,St. Clair County              ,24,24,4308927,0,0,0,0,0,0,0,0,0,23,23,4088063,0,0,0,0,0,0,0,0,0
201702,01,117,3,6,Shelby County                 ,78,78,18306501,0,0,0,0,0,0,1,6,102000,48,48,10371449,0,0,0,0,0,0,0,0,0
201702,01,127,3,6,Walker County                 ,1,1,200000,0,0,0,0,0,0,0,0,0,1,1,200000,0,0,0,0,0,0,0,0,0
201702,02,013,4,9,Aleutians East Borough        ,0,0,0,0,0,0,0,0,0,0,0,0,0,0,0,0,0,0,0,0,0,0,0,0
201702,02,016,4,9,Aleutians West Census Area    ,0,0,0,0,0,0,0,0,0,0,0,0,0,0,0,0,0,0,0,0,0,0,0,0
201702,02,020,4,9,Anchorage Municipality        ,57,57,17838649,0,0,0,1,4,696909,1,7,1106669,0,0,0,0,0,0,0,0,0,0,0,0
201702,02,050,4,9,Bethel Census Area            ,0,0,0,0,0,0,0,0,0,0,0,0,0,0,0,0,0,0,0,0,0,0,0,0
201702,02,060,4,9,Bristol Bay Borough           ,0,0,0,0,0,0,0,0,0,0,0,0,0,0,0,0,0,0,0,0,0,0,0,0
201702,02,070,4,9,Dillingham Census Area        ,0,0,0,0,0,0,0,0,0,0,0,0,0,0,0,0,0,0,0,0,0,0,0,0
201702,02,090,4,9,Fairbanks North Star Borough  ,0,0,0,0,0,0,0,0,0,0,0,0,0,0,0,0,0,0,0,0,0,0,0,0
201702,02,100,4,9,Haines Borough                ,1,1,277264,0,0,0,0,0,0,0,0,0,0,0,0,0,0,0,0,0,0,0,0,0
201702,02,105,4,9,Hoonah-Angoon Census Area     ,0,0,0,0,0,0,0,0,0,0,0,0,0,0,0,0,0,0,0,0,0,0,0,0
201702,02,110,4,9,Juneau City and Borough       ,4,4,1028743,1,2,391732,0,0,0,0,0,0,4,4,1028743,1,2,391732,0,0,0,0,0,0
201702,02,122,4,9,Kenai Peninsula Borough       ,2,2,678178,0,0,0,0,0,0,0,0,0,2,2,678178,0,0,0,0,0,0,0,0,0
201702,02,130,4,9,Ketchikan Gateway Borough     ,1,1,287713,0,0,0,0,0,0,0,0,0,1,1,287713,0,0,0,0,0,0,0,0,0
201702,02,150,4,9,Kodiak Island Borough         ,1,1,300052,0,0,0,0,0,0,0,0,0,1,1,300052,0,0,0,0,0,0,0,0,0
201702,02,158,4,9,Kusilvak Census Area          ,0,0,0,0,0,0,0,0,0,0,0,0,0,0,0,0,0,0,0,0,0,0,0,0
201702,02,170,4,9,Matanuska-Susitna Borough     ,3,3,875395,2,4,566812,1,3,341040,0,0,0,1,1,292221,0,0,0,0,0,0,0,0,0
201702,02,180,4,9,Nome Census Area              ,0,0,0,0,0,0,0,0,0,0,0,0,0,0,0,0,0,0,0,0,0,0,0,0
201702,02,185,4,9,North Slope Borough           ,0,0,0,0,0,0,0,0,0,0,0,0,0,0,0,0,0,0,0,0,0,0,0,0
201702,02,188,4,9,Northwest Arctic Borough      ,0,0,0,0,0,0,0,0,0,0,0,0,0,0,0,0,0,0,0,0,0,0,0,0
201702,02,195,4,9,Petersburg Borough            ,0,0,0,0,0,0,0,0,0,0,0,0,0,0,0,0,0,0,0,0,0,0,0,0
201702,02,198,4,9,Prince of Wales-Hyder Census A,0,0,0,1,2,358195,0,0,0,0,0,0,0,0,0,1,2,358195,0,0,0,0,0,0
201702,02,220,4,9,Sitka City and Borough        ,2,2,663123,0,0,0,0,0,0,0,0,0,0,0,0,0,0,0,0,0,0,0,0,0
201702,02,230,4,9,Skagway Municipality          ,0,0,0,0,0,0,0,0,0,0,0,0,0,0,0,0,0,0,0,0,0,0,0,0
201702,02,261,4,9,Valdez-Cordova Census Area    ,0,0,0,0,0,0,0,0,0,0,0,0,0,0,0,0,0,0,0,0,0,0,0,0
201702,02,275,4,9,Wrangell City and Borough     ,0,0,0,0,0,0,0,0,0,0,0,0,0,0,0,0,0,0,0,0,0,0,0,0
201702,02,282,4,9,Yakutat City and Borough      ,0,0,0,0,0,0,0,0,0,0,0,0,0,0,0,0,0,0,0,0,0,0,0,0
201702,02,290,4,9,Yukon-Koyukuk Census Area     ,0,0,0,0,0,0,0,0,0,0,0,0,0,0,0,0,0,0,0,0,0,0,0,0
201702,04,013,4,8,Maricopa County               ,1252,1252,330681928,6,12,3598292,5,19,3395513,8,244,42895613,1252,1252,330681928,6,12,3598292,5,19,3395513,8,244,42895613
201702,04,019,4,8,Pima County                   ,204,204,58208812,1,2,346330,0,0,0,1,10,1765685,158,158,44350470,0,0,0,0,0,0,0,0,0
201702,04,021,4,8,Pinal County                  ,213,213,40136960,9,18,1089390,1,4,420000,0,0,0,205,205,38268098,9,18,1089390,1,4,420000,0,0,0
201702,05,013,3,7,Calhoun County                ,0,0,0,0,0,0,0,0,0,0,0,0,0,0,0,0,0,0,0,0,0,0,0,0
201702,05,035,3,7,Crittenden County             ,5,5,1100000,0,0,0,0,0,0,0,0,0,5,5,1100000,0,0,0,0,0,0,0,0,0
201702,05,045,3,7,Faulkner County               ,12,12,2984857,0,0,0,0,0,0,0,0,0,12,12,2984857,0,0,0,0,0,0,0,0,0
201702,05,053,3,7,Grant County                  ,1,1,121659,0,0,0,0,0,0,0,0,0,0,0,0,0,0,0,0,0,0,0,0,0
201702,05,085,3,7,Lonoke County                 ,28,28,2607604,0,0,0,0,0,0,0,0,0,9,9,1010050,0,0,0,0,0,0,0,0,0
201702,05,087,3,7,Madison County                ,0,0,0,0,0,0,0,0,0,0,0,0,0,0,0,0,0,0,0,0,0,0,0,0
201702,05,091,3,7,Miller County                 ,4,4,577081,1,2,95000,0,0,0,0,0,0,0,0,0,0,0,0,0,0,0,0,0,0
201702,05,105,3,7,Perry County                  ,0,0,0,0,0,0,0,0,0,0,0,0,0,0,0,0,0,0,0,0,0,0,0,0
201702,05,119,3,7,Pulaski County                ,54,54,11420651,0,0,0,0,0,0,0,0,0,37,37,8607100,0,0,0,0,0,0,0,0,0
201702,05,129,3,7,Searcy County                 ,0,0,0,0,0,0,0,0,0,0,0,0,0,0,0,0,0,0,0,0,0,0,0,0
201702,05,143,3,7,Washington County             ,114,114,27075630,0,0,0,0,0,0,0,0,0,105,105,25564967,0,0,0,0,0,0,0,0,0
201702,06,001,4,9,Alameda County                ,216,216,60119082,1,2,878660,1,3,967940,6,310,74912882,162,162,41522606,1,2,878660,1,3,967940,3,279,69949307
201702,06,013,4,9,Contra Costa County           ,71,71,18932535,0,0,0,5,15,3996565,1,10,1355632,61,61,16517647,0,0,0,5,15,3996565,0,0,0
201702,06,017,4,9,El Dorado County              ,49,49,19892414,1,2,150000,0,0,0,0,0,0,47,47,19519391,1,2,150000,0,0,0,0,0,0
201702,06,019,4,9,Fresno County                 ,98,98,26937064,0,0,0,0,0,0,1,5,338073,94,94,26399444,0,0,0,0,0,0,0,0,0
201702,06,037,4,9,Los Angeles County            ,416,416,167973652,39,78,20857459,0,0,0,20,602,108306072,372,372,149929802,39,78,20857459,0,0,0,15,512,95612995
201702,06,041,4,9,Marin County                  ,4,4,1748255,0,0,0,0,0,0,0,0,0,3,3,1006800,0,0,0,0,0,0,0,0,0
201702,06,059,4,9,Orange County                 ,311,311,98346979,4,8,2327739,14,46,9329325,6,56,8370750,250,250,70773066,2,4,994382,12,40,8211858,3,34,6239845
201702,06,061,4,9,Placer County                 ,141,141,41124355,1,2,300537,0,0,0,0,0,0,140,140,40797451,1,2,300537,0,0,0,0,0,0
201702,06,063,4,9,Plumas County                 ,0,0,0,0,0,0,0,0,0,0,0,0,0,0,0,0,0,0,0,0,0,0,0,0
201702,06,067,4,9,Sacramento County             ,221,221,60204424,0,0,0,0,0,0,0,0,0,219,219,59733724,0,0,0,0,0,0,0,0,0
201702,06,069,4,9,San Benito County             ,13,13,3569632,0,0,0,0,0,0,0,0,0,2,2,595225,0,0,0,0,0,0,0,0,0
201702,06,071,4,9,San Bernardino County         ,297,297,75972542,6,12,2026726,4,15,2193173,4,28,3382421,241,241,59057029,0,0,0,1,4,596482,2,14,1633624
201702,06,073,4,9,San Diego County              ,271,271,97446914,4,8,1432676,8,31,4174073,6,119,42977032,254,254,91242271,4,8,1432676,8,31,4174073,6,119,42977032
201702,06,075,4,9,San Francisco County          ,4,4,1094128,1,2,850000,0,0,0,2,269,316000000,4,4,1094128,1,2,850000,0,0,0,2,269,316000000
201702,06,081,4,9,San Mateo County              ,24,24,22128994,0,0,0,0,0,0,5,87,20887683,3,3,11381711,0,0,0,0,0,0,1,62,15959000
201702,06,085,4,9,Santa Clara County            ,47,47,22815397,0,0,0,1,3,720227,7,438,173569343,46,46,21617785,0,0,0,1,3,720227,7,438,173569343
201702,06,091,4,9,Sierra County                 ,0,0,0,0,0,0,0,0,0,0,0,0,0,0,0,0,0,0,0,0,0,0,0,0
201702,06,113,4,9,Yolo County                   ,32,32,8470587,0,0,0,0,0,0,0,0,0,32,32,8470587,0,0,0,0,0,0,0,0,0
201702,08,001,4,8,Adams County                  ,159,159,55020958,0,0,0,2,8,1138462,0,0,0,159,159,55020958,0,0,0,2,8,1138462,0,0,0
201702,08,005,4,8,Arapahoe County               ,172,172,38085184,12,24,2228901,0,0,0,3,107,14429459,168,168,36094188,12,24,2228901,0,0,0,3,107,14429459
201702,08,014,4,8,Broomfield County             ,43,43,13072728,0,0,0,0,0,0,0,0,0,43,43,13072728,0,0,0,0,0,0,0,0,0
201702,08,015,4,8,Chaffee County                ,7,7,1856290,1,2,323962,1,3,549700,0,0,0,0,0,0,0,0,0,0,0,0,0,0,0
201702,08,019,4,8,Clear Creek County            ,10,10,2735321,0,0,0,0,0,0,0,0,0,10,10,2735321,0,0,0,0,0,0,0,0,0
201702,08,031,4,8,Denver County                 ,122,122,33370915,0,0,0,0,0,0,5,783,123890922,122,122,33370915,0,0,0,0,0,0,5,783,123890922
201702,08,035,4,8,Douglas County                ,158,158,49958502,0,0,0,0,0,0,12,200,25682897,152,152,47537176,0,0,0,0,0,0,12,200,25682897
201702,08,039,4,8,Elbert County                 ,17,17,5965150,0,0,0,0,0,0,0,0,0,17,17,5965150,0,0,0,0,0,0,0,0,0
201702,08,041,4,8,El Paso County                ,266,266,108174255,0,0,0,0,0,0,0,0,0,266,266,108174255,0,0,0,0,0,0,0,0,0
201702,08,047,4,8,Gilpin County                 ,4,4,1094128,0,0,0,0,0,0,0,0,0,4,4,1094128,0,0,0,0,0,0,0,0,0
201702,08,069,4,8,Larimer County                ,198,198,51365597,0,0,0,0,0,0,1,6,894345,198,198,51365597,0,0,0,0,0,0,1,6,894345
201702,08,077,4,8,Mesa County                   ,46,46,12582476,1,2,358195,1,4,624060,0,0,0,46,46,12582476,1,2,358195,1,4,624060,0,0,0
201702,08,093,4,8,Park County                   ,6,6,1642620,0,0,0,0,0,0,0,0,0,6,6,1642620,0,0,0,0,0,0,0,0,0
201702,08,101,4,8,Pueblo County                 ,17,17,2972866,1,2,252112,0,0,0,1,5,706613,0,0,0,0,0,0,0,0,0,0,0,0
201702,08,119,4,8,Teller County                 ,6,6,1361330,0,0,0,0,0,0,0,0,0,6,6,1361330,0,0,0,0,0,0,0,0,0
201702,09,001,1,1,Fairfield County              ,50,50,24471430,1,2,380000,0,0,0,1,5,771098,32,32,10297494,1,2,380000,0,0,0,0,0,0
201702,09,003,1,1,Hartford County               ,18,18,3764038,0,0,0,0,0,0,1,5,243431,8,8,1977168,0,0,0,0,0,0,0,0,0
201702,09,007,1,1,Middlesex County              ,7,7,1750509,0,0,0,0,0,0,1,5,913979,5,5,1256440,0,0,0,0,0,0,0,0,0
201702,09,013,1,1,Tolland County                ,10,10,2158491,1,2,207000,0,0,0,1,16,1200000,7,7,1526670,1,2,207000,0,0,0,1,16,1200000
201702,10,001,3,5,Kent County                   ,64,64,9928149,2,4,420635,0,0,0,3,38,2241175,64,64,9928149,2,4,420635,0,0,0,3,38,2241175
201702,10,003,3,5,New Castle County             ,111,111,10255533,1,2,85000,0,0,0,2,20,1514010,13,13,1604440,1,2,85000,0,0,0,0,0,0
201702,10,005,3,5,Sussex County                 ,168,168,24760436,9,18,1516495,1,3,412380,3,15,2190258,168,168,24760436,9,18,1516495,1,3,412380,3,15,2190258
201702,11,001,3,5,Washington  DC                ,30,30,6835704,0,0,0,0,0,0,2,215,21576088,30,30,6835704,0,0,0,0,0,0,2,215,21576088
201702,12,003,3,5,Baker County                  ,4,4,536165,0,0,0,0,0,0,0,0,0,4,4,536165,0,0,0,0,0,0,0,0,0
201702,12,019,3,5,Clay County                   ,77,77,13586683,0,0,0,0,0,0,0,0,0,77,77,13586683,0,0,0,0,0,0,0,0,0
201702,12,029,3,5,Dixie County                  ,2,2,252647,0,0,0,0,0,0,0,0,0,0,0,0,0,0,0,0,0,0,0,0,0
201702,12,031,3,5,Duval County                  ,250,250,59162560,4,8,854201,0,0,0,10,445,44657485,229,229,52271350,4,8,854201,0,0,0,10,445,44657485
201702,12,033,3,5,Escambia County               ,81,81,18456401,0,0,0,0,0,0,0,0,0,81,81,18456401,0,0,0,0,0,0,0,0,0
201702,12,053,3,5,Hernando County               ,60,60,12823122,0,0,0,0,0,0,0,0,0,59,59,12463814,0,0,0,0,0,0,0,0,0
201702,12,057,3,5,Hillsborough County           ,531,531,160210540,1,2,280273,0,0,0,0,0,0,531,531,160210540,1,2,280273,0,0,0,0,0,0
201702,12,067,3,5,Lafayette County              ,1,1,200896,0,0,0,0,0,0,0,0,0,0,0,0,0,0,0,0,0,0,0,0,0
201702,12,071,3,5,Lee County                    ,327,327,81868654,9,18,2278340,2,8,2189126,7,154,14209788,327,327,81868654,9,18,2278340,2,8,2189126,7,154,14209788
201702,12,073,3,5,Leon County                   ,49,49,9612346,0,0,0,0,0,0,1,7,597271,0,0,0,0,0,0,0,0,0,0,0,0
201702,12,081,3,5,Manatee County                ,210,210,40630137,0,0,0,2,8,1051060,3,50,3081456,209,209,40482528,0,0,0,2,8,1051060,3,50,3081456
201702,12,086,3,5,Miami-Dade County             ,176,176,63048318,8,16,2175530,2,6,735962,16,309,37336567,161,161,53197357,8,16,2175530,2,6,735962,15,304,28475808
201702,12,089,3,5,Nassau County                 ,75,75,19385535,0,0,0,0,0,0,0,0,0,75,75,19385535,0,0,0,0,0,0,0,0,0
201702,12,091,3,5,Okaloosa County               ,59,59,17281510,0,0,0,0,0,0,0,0,0,53,53,15390915,0,0,0,0,0,0,0,0,0
201702,12,095,3,5,Orange County                 ,489,489,132603726,6,12,1795347,4,12,2207900,0,0,0,481,481,128642202,6,12,1795347,4,12,2207900,0,0,0
201702,12,097,3,5,Osceola County                ,263,263,72294483,0,0,0,0,0,0,6,60,7844007,263,263,72294483,0,0,0,0,0,0,6,60,7844007
201702,12,101,3,5,Pasco County                  ,226,226,46131880,2,4,466940,0,0,0,1,5,424000,226,226,46131880,1,2,186940,0,0,0,1,5,424000
201702,12,103,3,5,Pinellas County               ,76,76,17837343,0,0,0,0,0,0,3,39,3226032,64,64,13136777,0,0,0,0,0,0,1,8,660000
201702,12,109,3,5,St. Johns County              ,345,345,90553897,0,0,0,1,4,808443,0,0,0,341,341,89516980,0,0,0,1,4,808443,0,0,0
201702,12,113,3,5,Santa Rosa County             ,90,90,14227762,0,0,0,0,0,0,0,0,0,90,90,14227762,0,0,0,0,0,0,0,0,0
201702,12,115,3,5,Sarasota County               ,209,209,58806008,3,6,1201522,1,4,1043555,0,0,0,209,209,58806008,3,6,1201522,1,4,1043555,0,0,0
201702,12,117,3,5,Seminole County               ,78,78,16050145,6,12,157080,0,0,0,17,336,47176175,78,78,16050145,6,12,157080,0,0,0,17,336,47176175
201702,12,119,3,5,Sumter County                 ,87,87,22979448,0,0,0,0,0,0,0,0,0,87,87,22979448,0,0,0,0,0,0,0,0,0
201702,12,129,3,5,Wakulla County                ,13,13,2071000,0,0,0,0,0,0,0,0,0,13,13,2071000,0,0,0,0,0,0,0,0,0
201702,12,131,3,5,Walton County                 ,95,95,39873787,0,0,0,13,39,6949332,0,0,0,95,95,39873787,0,0,0,13,39,6949332,0,0,0
201702,12,133,3,5,Washington County             ,3,3,489438,0,0,0,0,0,0,0,0,0,0,0,0,0,0,0,0,0,0,0,0,0
201702,13,007,3,5,Baker County                  ,0,0,0,0,0,0,0,0,0,0,0,0,0,0,0,0,0,0,0,0,0,0,0,0
201702,13,013,3,5,Barrow County                 ,41,41,5466802,0,0,0,0,0,0,0,0,0,41,41,5466802,0,0,0,0,0,0,0,0,0
201702,13,015,3,5,Bartow County                 ,49,49,4760885,0,0,0,0,0,0,0,0,0,48,48,4471351,0,0,0,0,0,0,0,0,0
201702,13,021,3,5,Bibb County                   ,3,3,730725,0,0,0,0,0,0,0,0,0,3,3,730725,0,0,0,0,0,0,0,0,0
201702,13,029,3,5,Bryan County                  ,35,35,7253500,0,0,0,0,0,0,0,0,0,0,0,0,0,0,0,0,0,0,0,0,0
201702,13,033,3,5,Burke County                  ,4,4,695472,0,0,0,0,0,0,0,0,0,0,0,0,0,0,0,0,0,0,0,0,0
201702,13,035,3,5,Butts County                  ,10,10,1430000,0,0,0,0,0,0,0,0,0,10,10,1430000,0,0,0,0,0,0,0,0,0
201702,13,045,3,5,Carroll County                ,27,27,5473801,0,0,0,0,0,0,0,0,0,27,27,5473801,0,0,0,0,0,0,0,0,0
201702,13,051,3,5,Chatham County                ,89,89,18244209,0,0,0,0,0,0,0,0,0,89,89,18244209,0,0,0,0,0,0,0,0,0
201702,13,057,3,5,Cherokee County               ,178,178,53367680,0,0,0,0,0,0,0,0,0,178,178,53367680,0,0,0,0,0,0,0,0,0
201702,13,059,3,5,Clarke County                 ,10,10,2328753,0,0,0,0,0,0,0,0,0,10,10,2328753,0,0,0,0,0,0,0,0,0
201702,13,063,3,5,Clayton County                ,52,52,11848553,0,0,0,0,0,0,0,0,0,52,52,11848553,0,0,0,0,0,0,0,0,0
201702,13,067,3,5,Cobb County                   ,132,132,38122652,1,2,347017,4,14,3020337,5,28,5979346,128,128,37116149,1,2,347017,4,14,3020337,5,28,5979346
201702,13,073,3,5,Columbia County               ,119,119,20064416,0,0,0,0,0,0,1,5,280000,1,1,160720,0,0,0,0,0,0,1,5,280000
201702,13,077,3,5,Coweta County                 ,67,67,23543501,0,0,0,0,0,0,1,8,758667,35,35,14251177,0,0,0,0,0,0,0,0,0
201702,13,085,3,5,Dawson County                 ,21,21,4812515,0,0,0,0,0,0,0,0,0,21,21,4812515,0,0,0,0,0,0,0,0,0
201702,13,095,3,5,Dougherty County              ,0,0,0,0,0,0,0,0,0,0,0,0,0,0,0,0,0,0,0,0,0,0,0,0
201702,13,097,3,5,Douglas County                ,32,32,6227835,0,0,0,0,0,0,0,0,0,32,32,6227835,0,0,0,0,0,0,0,0,0
201702,13,111,3,5,Fannin County                 ,17,17,3471315,0,0,0,0,0,0,0,0,0,17,17,3471315,0,0,0,0,0,0,0,0,0
201702,13,113,3,5,Fayette County                ,31,31,7890337,0,0,0,0,0,0,0,0,0,25,25,5715600,0,0,0,0,0,0,0,0,0
201702,13,115,3,5,Floyd County                  ,16,16,2167500,0,0,0,0,0,0,0,0,0,16,16,2167500,0,0,0,0,0,0,0,0,0
201702,13,117,3,5,Forsyth County                ,182,182,26192209,0,0,0,0,0,0,1,20,827160,182,182,26192209,0,0,0,0,0,0,1,20,827160
201702,13,121,3,5,Fulton County                 ,322,322,85592835,0,0,0,0,0,0,4,691,109626294,222,222,57965726,0,0,0,0,0,0,2,658,105653000
201702,13,127,3,5,Glynn County                  ,42,42,11078580,0,0,0,0,0,0,0,0,0,0,0,0,0,0,0,0,0,0,0,0,0
201702,13,135,3,5,Gwinnett County               ,272,272,62078030,0,0,0,0,0,0,1,6,858210,268,268,60920177,0,0,0,0,0,0,1,6,858210
201702,13,143,3,5,Haralson County               ,2,2,451336,0,0,0,0,0,0,0,0,0,0,0,0,0,0,0,0,0,0,0,0,0
201702,13,145,3,5,Harris County                 ,6,6,1449255,0,0,0,0,0,0,0,0,0,6,6,1449255,0,0,0,0,0,0,0,0,0
201702,13,149,3,5,Heard County                  ,2,2,455714,0,0,0,0,0,0,0,0,0,2,2,455714,0,0,0,0,0,0,0,0,0
201702,13,151,3,5,Henry County                  ,125,125,20864637,0,0,0,0,0,0,0,0,0,125,125,20864637,0,0,0,0,0,0,0,0,0
201702,13,159,3,5,Jasper County                 ,5,5,669870,0,0,0,0,0,0,0,0,0,0,0,0,0,0,0,0,0,0,0,0,0
201702,13,171,3,5,Lamar County                  ,3,3,345021,0,0,0,0,0,0,0,0,0,0,0,0,0,0,0,0,0,0,0,0,0
201702,13,177,3,5,Lee County                    ,10,10,1194990,0,0,0,0,0,0,0,0,0,10,10,1194990,0,0,0,0,0,0,0,0,0
201702,13,179,3,5,Liberty County                ,20,20,5291171,0,0,0,2,8,323600,7,52,2166680,20,20,5291171,0,0,0,2,8,323600,7,52,2166680
201702,13,189,3,5,McDuffie County               ,2,2,353583,0,0,0,0,0,0,0,0,0,0,0,0,0,0,0,0,0,0,0,0,0
201702,13,199,3,5,Meriwether County             ,3,3,683570,0,0,0,0,0,0,0,0,0,3,3,683570,0,0,0,0,0,0,0,0,0
201702,13,201,3,5,Miller County                 ,1,1,15000,0,0,0,0,0,0,0,0,0,1,1,15000,0,0,0,0,0,0,0,0,0
201702,13,207,3,5,Monroe County                 ,16,16,3585500,0,0,0,0,0,0,0,0,0,16,16,3585500,0,0,0,0,0,0,0,0,0
201702,13,215,3,5,Muscogee County               ,26,26,5309926,0,0,0,0,0,0,1,19,1798554,0,0,0,0,0,0,0,0,0,0,0,0
201702,13,217,3,5,Newton County                 ,51,51,11474983,0,0,0,0,0,0,0,0,0,51,51,11474983,0,0,0,0,0,0,0,0,0
201702,13,227,3,5,Pickens County                ,7,7,2030625,0,0,0,0,0,0,0,0,0,6,6,1920000,0,0,0,0,0,0,0,0,0
201702,13,231,3,5,Pike County                   ,6,6,1043547,0,0,0,0,0,0,0,0,0,5,5,895000,0,0,0,0,0,0,0,0,0
201702,13,235,3,5,Pulaski County                ,0,0,0,0,0,0,0,0,0,0,0,0,0,0,0,0,0,0,0,0,0,0,0,0
201702,13,245,3,5,Richmond County               ,40,40,7360221,1,2,180000,0,0,0,1,17,496290,4,4,560000,0,0,0,0,0,0,0,0,0
201702,13,247,3,5,Rockdale County               ,18,18,4101422,0,0,0,0,0,0,0,0,0,18,18,4101422,0,0,0,0,0,0,0,0,0
201702,13,255,3,5,Spalding County               ,18,18,2094103,0,0,0,0,0,0,0,0,0,18,18,2094103,0,0,0,0,0,0,0,0,0
201702,13,275,3,5,Thomas County                 ,6,6,1292736,0,0,0,0,0,0,0,0,0,3,3,661955,0,0,0,0,0,0,0,0,0
201702,13,291,3,5,Union County                  ,10,10,2200378,0,0,0,0,0,0,0,0,0,10,10,2200378,0,0,0,0,0,0,0,0,0
201702,15,001,4,9,Hawaii County                 ,47,47,11463754,3,6,460320,0,0,0,0,0,0,47,47,11463754,3,6,460320,0,0,0,0,0,0
201702,15,003,4,9,Honolulu County               ,68,68,21118250,0,0,0,0,0,0,0,0,0,68,68,21118250,0,0,0,0,0,0,0,0,0
201702,15,007,4,9,Kauai County                  ,9,9,10249421,0,0,0,0,0,0,0,0,0,9,9,10249421,0,0,0,0,0,0,0,0,0
201702,15,009,4,9,Maui County                   ,70,70,19147247,0,0,0,0,0,0,0,0,0,70,70,19147247,0,0,0,0,0,0,0,0,0
201702,16,001,4,8,Ada County                    ,356,356,98581544,1,2,412772,27,108,9174353,1,6,490000,356,356,98581544,1,2,412772,27,108,9174353,1,6,490000
201702,16,015,4,8,Boise County                  ,1,1,107757,0,0,0,0,0,0,0,0,0,1,1,107757,0,0,0,0,0,0,0,0,0
201702,16,027,4,8,Canyon County                 ,117,117,19545992,1,2,102253,1,4,200000,0,0,0,116,116,19378412,1,2,102253,1,4,200000,0,0,0
201702,16,045,4,8,Gem County                    ,3,3,387000,0,0,0,0,0,0,0,0,0,3,3,387000,0,0,0,0,0,0,0,0,0
201702,16,073,4,8,Owyhee County                 ,2,2,366831,0,0,0,0,0,0,0,0,0,0,0,0,0,0,0,0,0,0,0,0,0
201702,17,005,2,3,Bond County                   ,0,0,0,0,0,0,0,0,0,0,0,0,0,0,0,0,0,0,0,0,0,0,0,0
201702,17,013,2,3,Calhoun County                ,1,1,265000,0,0,0,0,0,0,0,0,0,1,1,265000,0,0,0,0,0,0,0,0,0
201702,17,031,2,3,Cook County                   ,81,81,25177393,2,4,800000,6,21,4890000,12,1082,107684867,66,66,19501798,2,4,800000,6,21,4890000,11,1064,105828076
201702,17,037,2,3,DeKalb County                 ,2,2,480000,0,0,0,0,0,0,0,0,0,2,2,480000,0,0,0,0,0,0,0,0,0
201702,17,039,2,3,De Witt County                ,1,1,200000,0,0,0,0,0,0,0,0,0,1,1,200000,0,0,0,0,0,0,0,0,0
201702,17,043,2,3,DuPage County                 ,62,62,23677252,2,4,343043,1,4,641528,1,5,664385,57,57,21537286,2,4,343043,1,4,641528,1,5,664385
201702,17,063,2,3,Grundy County                 ,3,3,760549,0,0,0,0,0,0,1,10,512820,2,2,600000,0,0,0,0,0,0,0,0,0
201702,17,083,2,3,Jersey County                 ,3,3,424133,0,0,0,0,0,0,0,0,0,2,2,268524,0,0,0,0,0,0,0,0,0
201702,17,093,2,3,Kendall County                ,8,8,1799132,0,0,0,0,0,0,0,0,0,8,8,1799132,0,0,0,0,0,0,0,0,0
201702,17,097,2,3,Lake County                   ,39,39,14049027,0,0,0,0,0,0,0,0,0,20,20,5272308,0,0,0,0,0,0,0,0,0
201702,17,111,2,3,McHenry County                ,16,16,4201267,0,0,0,5,17,1970000,0,0,0,14,14,4016994,0,0,0,5,17,1970000,0,0,0
201702,17,119,2,3,Madison County                ,32,32,7426432,0,0,0,0,0,0,0,0,0,27,27,6414547,0,0,0,0,0,0,0,0,0
201702,17,133,2,3,Monroe County                 ,11,11,2913478,0,0,0,0,0,0,0,0,0,7,7,1960677,0,0,0,0,0,0,0,0,0
201702,17,197,2,3,Will County                   ,65,65,15318682,0,0,0,0,0,0,0,0,0,50,50,12484372,0,0,0,0,0,0,0,0,0
201702,18,003,2,3,Allen County                  ,66,66,17202817,0,0,0,0,0,0,1,120,18400000,66,66,17202817,0,0,0,0,0,0,1,120,18400000
201702,18,011,2,3,Boone County                  ,26,26,10278035,0,0,0,0,0,0,0,0,0,26,26,10278035,0,0,0,0,0,0,0,0,0
201702,18,013,2,3,Brown County                  ,6,6,1248356,0,0,0,0,0,0,0,0,0,6,6,1248356,0,0,0,0,0,0,0,0,0
201702,18,019,2,3,Clark County                  ,38,38,8343172,0,0,0,0,0,0,0,0,0,36,36,8064601,0,0,0,0,0,0,0,0,0
201702,18,047,2,3,Franklin County               ,2,2,390000,0,0,0,0,0,0,0,0,0,2,2,390000,0,0,0,0,0,0,0,0,0
201702,18,057,2,3,Hamilton County               ,107,107,39730894,0,0,0,0,0,0,0,0,0,107,107,39730894,0,0,0,0,0,0,0,0,0
201702,18,059,2,3,Hancock County                ,26,26,5732057,0,0,0,0,0,0,0,0,0,26,26,5732057,0,0,0,0,0,0,0,0,0
201702,18,061,2,3,Harrison County               ,12,12,2415000,0,0,0,0,0,0,0,0,0,12,12,2415000,0,0,0,0,0,0,0,0,0
201702,18,063,2,3,Hendricks County              ,48,48,11470005,0,0,0,0,0,0,0,0,0,44,44,10670683,0,0,0,0,0,0,0,0,0
201702,18,069,2,3,Huntington County             ,3,3,654340,0,0,0,0,0,0,0,0,0,3,3,654340,0,0,0,0,0,0,0,0,0
201702,18,073,2,3,Jasper County                 ,7,7,1543406,0,0,0,0,0,0,0,0,0,7,7,1543406,0,0,0,0,0,0,0,0,0
201702,18,081,2,3,Johnson County                ,47,47,9933503,0,0,0,0,0,0,0,0,0,24,24,5820779,0,0,0,0,0,0,0,0,0
201702,18,087,2,3,Lagrange County               ,9,9,1655000,0,0,0,0,0,0,0,0,0,9,9,1655000,0,0,0,0,0,0,0,0,0
201702,18,089,2,3,Lake County                   ,53,53,12416580,1,2,200000,1,4,468428,0,0,0,38,38,8249053,1,2,200000,0,0,0,0,0,0
201702,18,097,2,3,Marion County                 ,55,55,13750386,1,2,700000,1,3,650000,1,236,45000000,55,55,13750386,1,2,700000,1,3,650000,1,236,45000000
201702,18,105,2,3,Monroe County                 ,15,15,3812031,5,10,1159069,0,0,0,0,0,0,15,15,3812031,5,10,1159069,0,0,0,0,0,0
201702,18,109,2,3,Morgan County                 ,7,7,1638271,0,0,0,0,0,0,0,0,0,7,7,1638271,0,0,0,0,0,0,0,0,0
201702,18,111,2,3,Newton County                 ,1,1,178929,0,0,0,0,0,0,0,0,0,0,0,0,0,0,0,0,0,0,0,0,0
201702,18,115,2,3,Ohio County                   ,0,0,0,0,0,0,0,0,0,0,0,0,0,0,0,0,0,0,0,0,0,0,0,0
201702,18,119,2,3,Owen County                   ,2,2,200000,0,0,0,0,0,0,0,0,0,2,2,200000,0,0,0,0,0,0,0,0,0
201702,18,127,2,3,Porter County                 ,26,26,6382156,1,2,195000,0,0,0,4,43,3961216,11,11,2372679,1,2,195000,0,0,0,4,43,3961216
201702,18,133,2,3,Putnam County                 ,8,8,1604000,1,2,230000,0,0,0,0,0,0,8,8,1604000,1,2,230000,0,0,0,0,0,0
201702,18,145,2,3,Shelby County                 ,4,4,767554,0,0,0,0,0,0,0,0,0,4,4,767554,0,0,0,0,0,0,0,0,0
201702,18,151,2,3,Steuben County                ,12,12,2556500,1,2,240000,0,0,0,0,0,0,12,12,2556500,1,2,240000,0,0,0,0,0,0
201702,18,157,2,3,Tippecanoe County             ,29,29,6444143,1,2,360000,0,0,0,0,0,0,2,2,413900,0,0,0,0,0,0,0,0,0
201702,18,163,2,3,Vanderburgh County            ,27,27,4995597,0,0,0,0,0,0,0,0,0,27,27,4995597,0,0,0,0,0,0,0,0,0
201702,18,167,2,3,Vigo County                   ,1,1,157500,1,2,164143,0,0,0,0,0,0,0,0,0,0,0,0,0,0,0,0,0,0
201702,18,175,2,3,Washington County             ,3,3,426869,0,0,0,0,0,0,0,0,0,0,0,0,0,0,0,0,0,0,0,0,0
201702,18,183,2,3,Whitley County                ,13,13,3085500,0,0,0,0,0,0,0,0,0,13,13,3085500,0,0,0,0,0,0,0,0,0
201702,19,049,2,4,Dallas County                 ,44,44,12432666,0,0,0,0,0,0,4,113,15783019,43,43,12272666,0,0,0,0,0,0,3,108,15322493
201702,19,085,2,4,Harrison County               ,1,1,275000,0,0,0,1,3,500000,0,0,0,1,1,275000,0,0,0,0,0,0,0,0,0
201702,19,129,2,4,Mills County                  ,1,1,232000,0,0,0,0,0,0,0,0,0,0,0,0,0,0,0,0,0,0,0,0,0
201702,19,153,2,4,Polk County                   ,137,137,35294380,0,0,0,0,0,0,1,48,4230294,137,137,35294380,0,0,0,0,0,0,1,48,4230294
201702,19,181,2,4,Warren County                 ,23,23,5684654,0,0,0,0,0,0,0,0,0,22,22,5431064,0,0,0,0,0,0,0,0,0
201702,20,091,2,4,Johnson County                ,132,132,44478460,0,0,0,1,3,476764,5,249,34922849,82,82,27444691,0,0,0,0,0,0,4,237,33597302
201702,20,103,2,4,Leavenworth County            ,23,23,5254661,0,0,0,0,0,0,0,0,0,23,23,5254661,0,0,0,0,0,0,0,0,0
201702,20,107,2,4,Linn County                   ,4,4,417188,0,0,0,0,0,0,0,0,0,3,3,280000,0,0,0,0,0,0,0,0,0
201702,20,121,2,4,Miami County                  ,9,9,1984572,0,0,0,0,0,0,0,0,0,5,5,920777,0,0,0,0,0,0,0,0,0
201702,20,209,2,4,Wyandotte County              ,54,54,5973191,0,0,0,0,0,0,0,0,0,54,54,5973191,0,0,0,0,0,0,0,0,0
201702,21,005,3,6,Anderson County               ,2,2,447540,0,0,0,0,0,0,0,0,0,2,2,447540,0,0,0,0,0,0,0,0,0
201702,21,015,3,6,Boone County                  ,26,26,4366244,0,0,0,0,0,0,2,32,1712367,26,26,4366244,0,0,0,0,0,0,2,32,1712367
201702,21,017,3,6,Bourbon County                ,3,3,740000,0,0,0,0,0,0,0,0,0,3,3,740000,0,0,0,0,0,0,0,0,0
201702,21,021,3,6,Boyle County                  ,0,0,0,2,4,350000,0,0,0,0,0,0,0,0,0,2,4,350000,0,0,0,0,0,0
201702,21,029,3,6,Bullitt County                ,16,16,2420047,0,0,0,0,0,0,0,0,0,16,16,2420047,0,0,0,0,0,0,0,0,0
201702,21,035,3,6,Calloway County               ,1,1,240000,0,0,0,2,7,289000,1,6,720000,1,1,240000,0,0,0,2,7,289000,1,6,720000
201702,21,037,3,6,Campbell County               ,16,16,4720070,0,0,0,0,0,0,2,20,1493421,15,15,4180070,0,0,0,0,0,0,2,20,1493421
201702,21,045,3,6,Casey County                  ,0,0,0,0,0,0,0,0,0,0,0,0,0,0,0,0,0,0,0,0,0,0,0,0
201702,21,047,3,6,Christian County              ,5,5,550900,0,0,0,0,0,0,0,0,0,3,3,408500,0,0,0,0,0,0,0,0,0
201702,21,049,3,6,Clark County                  ,2,2,356372,0,0,0,0,0,0,0,0,0,0,0,0,0,0,0,0,0,0,0,0,0
201702,21,067,3,6,Fayette County                ,56,56,8491816,1,2,204889,1,3,420000,2,41,2347928,0,0,0,0,0,0,0,0,0,0,0,0
201702,21,069,3,6,Fleming County                ,0,0,0,0,0,0,0,0,0,0,0,0,0,0,0,0,0,0,0,0,0,0,0,0
201702,21,077,3,6,Gallatin County               ,0,0,0,0,0,0,0,0,0,0,0,0,0,0,0,0,0,0,0,0,0,0,0,0
201702,21,081,3,6,Grant County                  ,5,5,788000,0,0,0,0,0,0,0,0,0,5,5,788000,0,0,0,0,0,0,0,0,0
201702,21,091,3,6,Hancock County                ,1,1,204195,0,0,0,0,0,0,0,0,0,1,1,204195,0,0,0,0,0,0,0,0,0
201702,21,099,3,6,Hart County                   ,4,4,389000,0,0,0,0,0,0,1,5,567738,0,0,0,0,0,0,0,0,0,0,0,0
201702,21,101,3,6,Henderson County              ,1,1,222600,0,0,0,0,0,0,0,0,0,1,1,222600,0,0,0,0,0,0,0,0,0
201702,21,103,3,6,Henry County                  ,2,2,328338,0,0,0,0,0,0,0,0,0,0,0,0,0,0,0,0,0,0,0,0,0
201702,21,111,3,6,Jefferson County              ,83,83,17614274,1,2,209173,2,8,222725,4,58,4731765,0,0,0,0,0,0,0,0,0,0,0,0
201702,21,113,3,6,Jessamine County              ,16,16,4813975,0,0,0,1,4,500000,0,0,0,16,16,4813975,0,0,0,1,4,500000,0,0,0
201702,21,115,3,6,Johnson County                ,0,0,0,0,0,0,1,3,430780,0,0,0,0,0,0,0,0,0,1,3,430780,0,0,0
201702,21,117,3,6,Kenton County                 ,16,16,4590122,0,0,0,1,4,466682,4,28,3266776,16,16,4590122,0,0,0,1,4,466682,4,28,3266776
201702,21,121,3,6,Knox County                   ,0,0,0,0,0,0,0,0,0,0,0,0,0,0,0,0,0,0,0,0,0,0,0,0
201702,21,123,3,6,Larue County                  ,3,3,683570,1,2,213550,0,0,0,0,0,0,3,3,683570,1,2,213550,0,0,0,0,0,0
201702,21,137,3,6,Lincoln County                ,1,1,204195,0,0,0,0,0,0,0,0,0,1,1,204195,0,0,0,0,0,0,0,0,0
201702,21,145,3,6,McCracken County              ,7,7,1774856,0,0,0,0,0,0,0,0,0,7,7,1774856,0,0,0,0,0,0,0,0,0
201702,21,151,3,6,Madison County                ,14,14,1272217,2,4,225992,0,0,0,1,5,168572,3,3,320000,0,0,0,0,0,0,0,0,0
201702,21,157,3,6,Marshall County               ,2,2,453534,0,0,0,0,0,0,0,0,0,0,0,0,0,0,0,0,0,0,0,0,0
201702,21,161,3,6,Mason County                  ,4,4,720000,0,0,0,0,0,0,0,0,0,4,4,720000,0,0,0,0,0,0,0,0,0
201702,21,163,3,6,Meade County                  ,5,5,1191000,0,0,0,0,0,0,0,0,0,5,5,1191000,0,0,0,0,0,0,0,0,0
201702,21,167,3,6,Mercer County                 ,2,2,320000,0,0,0,0,0,0,0,0,0,2,2,320000,0,0,0,0,0,0,0,0,0
201702,21,175,3,6,Morgan County                 ,1,1,75000,0,0,0,0,0,0,0,0,0,0,0,0,0,0,0,0,0,0,0,0,0
201702,21,179,3,6,Nelson County                 ,16,16,2002000,0,0,0,0,0,0,0,0,0,16,16,2002000,0,0,0,0,0,0,0,0,0
201702,21,185,3,6,Oldham County                 ,27,27,7212009,0,0,0,0,0,0,0,0,0,0,0,0,0,0,0,0,0,0,0,0,0
201702,21,191,3,6,Pendleton County              ,0,0,0,0,0,0,0,0,0,0,0,0,0,0,0,0,0,0,0,0,0,0,0,0
201702,21,209,3,6,Scott County                  ,33,33,4538900,0,0,0,0,0,0,0,0,0,33,33,4538900,0,0,0,0,0,0,0,0,0
201702,21,211,3,6,Shelby County                 ,25,25,6091679,0,0,0,0,0,0,0,0,0,25,25,6091679,0,0,0,0,0,0,0,0,0
201702,21,213,3,6,Simpson County                ,3,3,457210,1,2,142000,1,4,350000,0,0,0,0,0,0,0,0,0,0,0,0,0,0,0
201702,21,215,3,6,Spencer County                ,9,9,2050711,0,0,0,0,0,0,0,0,0,9,9,2050711,0,0,0,0,0,0,0,0,0
201702,21,221,3,6,Trigg County                  ,1,1,227857,0,0,0,0,0,0,0,0,0,1,1,227857,0,0,0,0,0,0,0,0,0
201702,21,225,3,6,Union County                  ,2,2,431002,0,0,0,0,0,0,0,0,0,0,0,0,0,0,0,0,0,0,0,0,0
201702,21,239,3,6,Woodford County               ,3,3,731700,0,0,0,0,0,0,0,0,0,3,3,731700,0,0,0,0,0,0,0,0,0
201702,22,005,3,7,Ascension Parish              ,87,87,12281448,0,0,0,0,0,0,0,0,0,87,87,12281448,0,0,0,0,0,0,0,0,0
201702,22,015,3,7,Bossier Parish                ,63,63,12423286,0,0,0,0,0,0,0,0,0,63,63,12423286,0,0,0,0,0,0,0,0,0
201702,22,017,3,7,Caddo Parish                  ,27,27,6395965,0,0,0,0,0,0,0,0,0,0,0,0,0,0,0,0,0,0,0,0,0
201702,22,031,3,7,De Soto Parish                ,9,9,2236624,0,0,0,0,0,0,0,0,0,3,3,900000,0,0,0,0,0,0,0,0,0
201702,22,033,3,7,East Baton Rouge Parish       ,92,92,22013848,0,0,0,0,0,0,0,0,0,91,91,21873848,0,0,0,0,0,0,0,0,0
201702,22,037,3,7,East Feliciana Parish         ,1,1,204195,0,0,0,0,0,0,0,0,0,1,1,204195,0,0,0,0,0,0,0,0,0
201702,22,047,3,7,Iberville Parish              ,8,8,2002558,0,0,0,0,0,0,0,0,0,1,1,711700,0,0,0,0,0,0,0,0,0
201702,22,051,3,7,Jefferson Parish              ,36,36,7039863,0,0,0,0,0,0,0,0,0,5,5,1007401,0,0,0,0,0,0,0,0,0
201702,22,055,3,7,Lafayette Parish              ,145,145,30412004,0,0,0,0,0,0,1,23,1679794,21,21,4750105,0,0,0,0,0,0,0,0,0
201702,22,063,3,7,Livingston Parish             ,66,66,14078296,0,0,0,0,0,0,0,0,0,0,0,0,0,0,0,0,0,0,0,0,0
201702,22,071,3,7,Orleans Parish                ,12,12,2594655,2,4,442728,0,0,0,1,15,1863313,0,0,0,0,0,0,0,0,0,0,0,0
201702,22,075,3,7,Plaquemines Parish            ,4,4,1169886,0,0,0,0,0,0,0,0,0,0,0,0,0,0,0,0,0,0,0,0,0
201702,22,077,3,7,Pointe Coupee Parish          ,2,2,585234,0,0,0,0,0,0,0,0,0,2,2,585234,0,0,0,0,0,0,0,0,0
201702,22,087,3,7,St. Bernard Parish            ,5,5,1050000,0,0,0,0,0,0,0,0,0,5,5,1050000,0,0,0,0,0,0,0,0,0
201702,22,089,3,7,St. Charles Parish            ,8,8,1946041,0,0,0,0,0,0,0,0,0,8,8,1946041,0,0,0,0,0,0,0,0,0
201702,22,091,3,7,St. Helena Parish             ,0,0,0,0,0,0,0,0,0,0,0,0,0,0,0,0,0,0,0,0,0,0,0,0
201702,22,095,3,7,St. John the Baptist Parish   ,3,3,478449,0,0,0,0,0,0,0,0,0,0,0,0,0,0,0,0,0,0,0,0,0
201702,22,099,3,7,St. Martin Parish             ,13,13,2898695,0,0,0,0,0,0,0,0,0,0,0,0,0,0,0,0,0,0,0,0,0
201702,22,103,3,7,St. Tammany Parish            ,108,108,25099662,1,2,350000,0,0,0,0,0,0,105,105,23917205,1,2,350000,0,0,0,0,0,0
201702,22,109,3,7,Terrebonne Parish             ,11,11,2258361,0,0,0,0,0,0,0,0,0,11,11,2258361,0,0,0,0,0,0,0,0,0
201702,22,121,3,7,West Baton Rouge Parish       ,25,25,3937410,0,0,0,0,0,0,0,0,0,18,18,2819315,0,0,0,0,0,0,0,0,0
201702,22,125,3,7,West Feliciana Parish         ,2,2,753815,0,0,0,0,0,0,0,0,0,2,2,753815,0,0,0,0,0,0,0,0,0
201702,23,000,1,1,Maine Unorganized Territory   ,3,3,398401,0,0,0,0,0,0,0,0,0,0,0,0,0,0,0,0,0,0,0,0,0
201702,24,003,3,5,Anne Arundel County           ,144,144,23293447,0,0,0,0,0,0,0,0,0,144,144,23293447,0,0,0,0,0,0,0,0,0
201702,24,005,3,5,Baltimore County              ,54,54,13712000,0,0,0,0,0,0,0,0,0,54,54,13712000,0,0,0,0,0,0,0,0,0
201702,24,009,3,5,Calvert County                ,18,18,4101422,0,0,0,0,0,0,0,0,0,18,18,4101422,0,0,0,0,0,0,0,0,0
201702,24,013,3,5,Carroll County                ,18,18,5067382,0,0,0,0,0,0,0,0,0,18,18,5067382,0,0,0,0,0,0,0,0,0
201702,24,015,3,5,Cecil County                  ,5,5,1349491,0,0,0,0,0,0,0,0,0,5,5,1349491,0,0,0,0,0,0,0,0,0
201702,24,017,3,5,Charles County                ,35,35,8752000,0,0,0,0,0,0,0,0,0,35,35,8752000,0,0,0,0,0,0,0,0,0
201702,24,021,3,5,Frederick County              ,136,136,32114509,1,2,213550,0,0,0,1,45,8677106,136,136,32114509,1,2,213550,0,0,0,1,45,8677106
201702,24,023,3,5,Garrett County                ,4,4,1675000,0,0,0,0,0,0,0,0,0,4,4,1675000,0,0,0,0,0,0,0,0,0
201702,24,025,3,5,Harford County                ,73,73,13410116,0,0,0,0,0,0,4,52,4200000,67,67,11241863,0,0,0,0,0,0,4,52,4200000
201702,24,027,3,5,Howard County                 ,60,60,16976156,0,0,0,0,0,0,0,0,0,60,60,16976156,0,0,0,0,0,0,0,0,0
201702,24,031,3,5,Montgomery County             ,124,124,28304959,0,0,0,0,0,0,0,0,0,124,124,28304959,0,0,0,0,0,0,0,0,0
201702,24,033,3,5,Prince George County          ,103,103,23510522,0,0,0,0,0,0,1,11,200000,102,102,23241393,0,0,0,0,0,0,1,11,200000
201702,24,035,3,5,Queen Anne County             ,8,8,2042532,0,0,0,0,0,0,0,0,0,8,8,2042532,0,0,0,0,0,0,0,0,0
201702,24,037,3,5,St. Marys County              ,83,83,11392500,0,0,0,0,0,0,0,0,0,83,83,11392500,0,0,0,0,0,0,0,0,0
201702,24,039,3,5,Somerset County               ,2,2,420707,0,0,0,0,0,0,0,0,0,0,0,0,0,0,0,0,0,0,0,0,0
201702,24,045,3,5,Wicomico County               ,8,8,1179000,0,0,0,0,0,0,0,0,0,8,8,1179000,0,0,0,0,0,0,0,0,0
201702,24,510,3,5,Baltimore (Independent City)  ,3,3,535000,0,0,0,0,0,0,1,12,1000000,3,3,535000,0,0,0,0,0,0,1,12,1000000
201702,25,005,1,1,Bristol County                ,27,27,6471694,1,2,288000,0,0,0,0,0,0,10,10,2902781,1,2,288000,0,0,0,0,0,0
201702,25,009,1,1,Essex County                  ,27,27,11207176,2,4,690650,0,0,0,0,0,0,17,17,7296605,1,2,350000,0,0,0,0,0,0
201702,25,017,1,1,Middlesex County              ,77,77,20707716,4,8,1421728,0,0,0,5,51,11134606,48,48,12895591,1,2,306000,0,0,0,1,11,3995000
201702,25,021,1,1,Norfolk County                ,45,45,19567066,0,0,0,0,0,0,4,206,27246869,34,34,16259554,0,0,0,0,0,0,2,192,25999998
201702,25,023,1,1,Plymouth County               ,62,62,15256429,1,2,353000,1,3,506700,0,0,0,45,45,11179806,0,0,0,0,0,0,0,0,0
201702,25,025,1,1,Suffolk County                ,2,2,523511,2,4,600000,2,7,1700000,4,25,4166303,2,2,523511,2,4,600000,2,7,1700000,1,9,1500000
201702,26,000,2,3,Michigan Balance of State     ,3,3,573445,0,0,0,0,0,0,0,0,0,0,0,0,0,0,0,0,0,0,0,0,0
201702,26,019,2,3,Benzie County                 ,1,1,248442,0,0,0,0,0,0,0,0,0,1,1,248442,0,0,0,0,0,0,0,0,0
201702,26,029,2,3,Charlevoix County             ,1,1,284463,0,0,0,0,0,0,0,0,0,0,0,0,0,0,0,0,0,0,0,0,0
201702,26,089,2,3,Leelanau County               ,4,4,744390,0,0,0,0,0,0,0,0,0,4,4,744390,0,0,0,0,0,0,0,0,0
201702,26,093,2,3,Livingston County             ,24,24,6778717,0,0,0,0,0,0,0,0,0,23,23,6676645,0,0,0,0,0,0,0,0,0
201702,26,095,2,3,Luce County                   ,0,0,0,0,0,0,0,0,0,0,0,0,0,0,0,0,0,0,0,0,0,0,0,0
201702,26,099,2,3,Macomb County                 ,78,78,20844278,2,4,979395,0,0,0,0,0,0,74,74,20147548,2,4,979395,0,0,0,0,0,0
201702,26,103,2,3,Marquette County              ,2,2,780000,0,0,0,0,0,0,0,0,0,2,2,780000,0,0,0,0,0,0,0,0,0
201702,26,137,2,3,Otsego County                 ,1,1,81000,0,0,0,0,0,0,0,0,0,0,0,0,0,0,0,0,0,0,0,0,0
201702,26,147,2,3,St. Clair County              ,6,6,1080952,0,0,0,0,0,0,0,0,0,5,5,945706,0,0,0,0,0,0,0,0,0
201702,26,163,2,3,Wayne County                  ,74,74,22344600,0,0,0,0,0,0,1,6,1168290,68,68,20713684,0,0,0,0,0,0,0,0,0
201702,27,003,2,4,Anoka County                  ,58,58,14819163,0,0,0,0,0,0,0,0,0,51,51,12844915,0,0,0,0,0,0,0,0,0
201702,27,019,2,4,Carver County                 ,43,43,14235450,0,0,0,0,0,0,0,0,0,43,43,14235450,0,0,0,0,0,0,0,0,0
201702,27,025,2,4,Chisago County                ,15,15,2640031,0,0,0,0,0,0,0,0,0,15,15,2640031,0,0,0,0,0,0,0,0,0
201702,27,027,2,4,Clay County                   ,0,0,0,0,0,0,0,0,0,0,0,0,0,0,0,0,0,0,0,0,0,0,0,0
201702,27,037,2,4,Dakota County                 ,70,70,19045979,0,0,0,0,0,0,2,290,38094000,65,65,17325374,0,0,0,0,0,0,2,290,38094000
201702,27,053,2,4,Hennepin County               ,134,134,49882743,0,0,0,1,4,689940,1,94,38304359,129,129,48184263,0,0,0,1,4,689940,1,94,38304359
201702,27,059,2,4,Isanti County                 ,8,8,1486108,0,0,0,0,0,0,0,0,0,8,8,1486108,0,0,0,0,0,0,0,0,0
201702,27,123,2,4,Ramsey County                 ,12,12,4707790,0,0,0,0,0,0,1,128,2500000,12,12,4707790,0,0,0,0,0,0,1,128,2500000
201702,27,139,2,4,Scott County                  ,28,28,9021558,0,0,0,0,0,0,0,0,0,28,28,9021558,0,0,0,0,0,0,0,0,0
201702,27,141,2,4,Sherburne County              ,24,24,4969755,0,0,0,0,0,0,0,0,0,24,24,4969755,0,0,0,0,0,0,0,0,0
201702,27,163,2,4,Washington County             ,48,48,15632476,0,0,0,0,0,0,0,0,0,43,43,13391727,0,0,0,0,0,0,0,0,0
201702,27,171,2,4,Wright County                 ,42,42,12052731,0,0,0,0,0,0,0,0,0,39,39,11456743,0,0,0,0,0,0,0,0,0
201702,28,033,3,6,DeSoto County                 ,92,92,14307213,0,0,0,0,0,0,0,0,0,66,66,8439840,0,0,0,0,0,0,0,0,0
201702,28,041,3,6,Greene County                 ,0,0,0,0,0,0,0,0,0,0,0,0,0,0,0,0,0,0,0,0,0,0,0,0
201702,28,045,3,6,Hancock County                ,29,29,4836873,1,2,185179,1,4,401445,1,9,761964,3,3,999026,0,0,0,0,0,0,0,0,0
201702,28,047,3,6,Harrison County               ,67,67,10035143,0,0,0,0,0,0,0,0,0,58,58,9012734,0,0,0,0,0,0,0,0,0
201702,28,067,3,6,Jones County                  ,2,2,286381,0,0,0,0,0,0,0,0,0,0,0,0,0,0,0,0,0,0,0,0,0
201702,28,137,3,6,Tate County                   ,5,5,790000,0,0,0,0,0,0,0,0,0,5,5,790000,0,0,0,0,0,0,0,0,0
201702,28,143,3,6,Tunica County                 ,1,1,80320,0,0,0,0,0,0,0,0,0,0,0,0,0,0,0,0,0,0,0,0,0
201702,28,145,3,6,Union County                  ,2,2,246000,0,0,0,0,0,0,0,0,0,2,2,246000,0,0,0,0,0,0,0,0,0
201702,28,149,3,6,Warren County                 ,3,3,380000,0,0,0,0,0,0,0,0,0,3,3,380000,0,0,0,0,0,0,0,0,0
201702,29,013,2,4,Bates County                  ,0,0,0,0,0,0,0,0,0,0,0,0,0,0,0,0,0,0,0,0,0,0,0,0
201702,29,017,2,4,Bollinger County              ,0,0,0,0,0,0,0,0,0,0,0,0,0,0,0,0,0,0,0,0,0,0,0,0
201702,29,019,2,4,Boone County                  ,58,58,14075719,1,2,150000,0,0,0,0,0,0,58,58,14075719,1,2,150000,0,0,0,0,0,0
201702,29,049,2,4,Clinton County                ,4,4,820000,0,0,0,0,0,0,0,0,0,4,4,820000,0,0,0,0,0,0,0,0,0
201702,29,065,2,4,Dent County                   ,0,0,0,0,0,0,0,0,0,0,0,0,0,0,0,0,0,0,0,0,0,0,0,0
201702,29,071,2,4,Franklin County               ,25,25,4608806,0,0,0,0,0,0,0,0,0,25,25,4608806,0,0,0,0,0,0,0,0,0
201702,29,095,2,4,Jackson County                ,137,137,30275429,4,8,721000,7,28,3638200,2,89,6872502,137,137,30275429,4,8,721000,7,28,3638200,2,89,6872502
201702,29,099,2,4,Jefferson County              ,64,64,9720072,0,0,0,0,0,0,0,0,0,62,62,9450185,0,0,0,0,0,0,0,0,0
201702,29,105,2,4,Laclede County                ,0,0,0,0,0,0,0,0,0,0,0,0,0,0,0,0,0,0,0,0,0,0,0,0
201702,29,107,2,4,Lafayette County              ,3,3,559901,0,0,0,0,0,0,0,0,0,2,2,330000,0,0,0,0,0,0,0,0,0
201702,29,113,2,4,Lincoln County                ,13,13,2116406,0,0,0,0,0,0,0,0,0,13,13,2116406,0,0,0,0,0,0,0,0,0
201702,29,165,2,4,Platte County                 ,31,31,8035180,0,0,0,0,0,0,1,9,591667,29,29,7481301,0,0,0,0,0,0,0,0,0
201702,29,185,2,4,St. Clair County              ,0,0,0,0,0,0,0,0,0,0,0,0,0,0,0,0,0,0,0,0,0,0,0,0
201702,29,189,2,4,St. Louis County              ,77,77,31150898,0,0,0,0,0,0,4,68,7397239,26,26,7900114,0,0,0,0,0,0,0,0,0
201702,29,219,2,4,Warren County                 ,22,22,4678663,0,0,0,0,0,0,0,0,0,22,22,4678663,0,0,0,0,0,0,0,0,0
201702,29,221,2,4,Washington County             ,0,0,0,0,0,0,0,0,0,0,0,0,0,0,0,0,0,0,0,0,0,0,0,0
201702,29,510,2,4,St. Louis (Independent City)  ,3,3,510000,0,0,0,0,0,0,0,0,0,3,3,510000,0,0,0,0,0,0,0,0,0
201702,30,033,4,8,Garfield County               ,0,0,0,0,0,0,0,0,0,0,0,0,0,0,0,0,0,0,0,0,0,0,0,0
201702,30,063,4,8,Missoula County               ,30,30,6361921,3,6,567259,0,0,0,0,0,0,30,30,6361921,3,6,567259,0,0,0,0,0,0
201702,30,093,4,8,Silver Bow County             ,0,0,0,0,0,0,0,0,0,0,0,0,0,0,0,0,0,0,0,0,0,0,0,0
201702,31,001,2,4,Adams County                  ,3,3,859252,0,0,0,0,0,0,0,0,0,2,2,635178,0,0,0,0,0,0,0,0,0
201702,31,025,2,4,Cass County                   ,6,6,1049222,0,0,0,0,0,0,0,0,0,6,6,1049222,0,0,0,0,0,0,0,0,0
201702,31,033,2,4,Cheyenne County               ,0,0,0,0,0,0,0,0,0,0,0,0,0,0,0,0,0,0,0,0,0,0,0,0
201702,31,055,2,4,Douglas County                ,137,137,19605295,0,0,0,0,0,0,16,186,13931786,129,129,17706582,0,0,0,0,0,0,16,186,13931786
201702,31,105,2,4,Kimball County                ,0,0,0,0,0,0,0,0,0,0,0,0,0,0,0,0,0,0,0,0,0,0,0,0
201702,31,153,2,4,Sarpy County                  ,51,51,13587905,0,0,0,0,0,0,0,0,0,19,19,5368356,0,0,0,0,0,0,0,0,0
201702,31,165,2,4,Sioux County                  ,0,0,0,0,0,0,0,0,0,0,0,0,0,0,0,0,0,0,0,0,0,0,0,0
201702,31,177,2,4,Washington County             ,4,4,1367059,0,0,0,0,0,0,0,0,0,4,4,1367059,0,0,0,0,0,0,0,0,0
201702,32,001,4,8,Churchill County              ,3,3,533216,0,0,0,0,0,0,0,0,0,3,3,533216,0,0,0,0,0,0,0,0,0
201702,32,003,4,8,Clark County                  ,732,732,136259188,1,2,395688,4,12,2142254,5,54,3282509,732,732,136259188,1,2,395688,4,12,2142254,5,54,3282509
201702,32,005,4,8,Douglas County                ,3,3,1213348,0,0,0,0,0,0,1,24,2273199,3,3,1213348,0,0,0,0,0,0,1,24,2273199
201702,32,007,4,8,Elko County                   ,7,7,982691,0,0,0,0,0,0,0,0,0,7,7,982691,0,0,0,0,0,0,0,0,0
201702,32,013,4,8,Humboldt County               ,1,1,157250,0,0,0,0,0,0,0,0,0,1,1,157250,0,0,0,0,0,0,0,0,0
201702,32,015,4,8,Lander County                 ,0,0,0,0,0,0,0,0,0,0,0,0,0,0,0,0,0,0,0,0,0,0,0,0
201702,32,017,4,8,Lincoln County                ,0,0,0,0,0,0,0,0,0,0,0,0,0,0,0,0,0,0,0,0,0,0,0,0
201702,32,019,4,8,Lyon County                   ,25,25,5830168,0,0,0,0,0,0,0,0,0,25,25,5830168,0,0,0,0,0,0,0,0,0
201702,32,021,4,8,Mineral County                ,0,0,0,0,0,0,0,0,0,0,0,0,0,0,0,0,0,0,0,0,0,0,0,0
201702,32,027,4,8,Pershing County               ,1,1,65670,0,0,0,0,0,0,0,0,0,1,1,65670,0,0,0,0,0,0,0,0,0
201702,32,029,4,8,Storey County                 ,0,0,0,0,0,0,0,0,0,0,0,0,0,0,0,0,0,0,0,0,0,0,0,0
201702,32,031,4,8,Washoe County                 ,177,177,44361818,1,2,249396,0,0,0,3,37,4052436,0,0,0,0,0,0,0,0,0,0,0,0
201702,32,033,4,8,White Pine County             ,0,0,0,0,0,0,0,0,0,0,0,0,0,0,0,0,0,0,0,0,0,0,0,0
201702,32,510,4,8,Carson City (Independent City),12,12,3284578,0,0,0,0,0,0,0,0,0,12,12,3284578,0,0,0,0,0,0,0,0,0
201702,33,015,1,1,Rockingham County             ,43,43,8848075,2,4,463723,0,0,0,1,9,756000,25,25,5821245,2,4,463723,0,0,0,1,9,756000
201702,33,017,1,1,Strafford County              ,12,12,2861686,5,10,1110479,0,0,0,2,94,7969000,10,10,2430533,5,10,1110479,0,0,0,2,94,7969000
201702,34,001,1,2,Atlantic County               ,16,16,5575918,1,2,340000,0,0,0,1,10,1493429,14,14,5445994,1,2,340000,0,0,0,0,0,0
201702,34,003,1,2,Bergen County                 ,45,45,20051301,8,16,2588923,1,3,50000,3,15,1078984,16,16,9545450,5,10,1598100,1,3,50000,0,0,0
201702,34,005,1,2,Burlington County             ,39,39,7002909,1,2,156826,0,0,0,0,0,0,21,21,3623816,0,0,0,0,0,0,0,0,0
201702,34,007,1,2,Camden County                 ,16,16,2470268,0,0,0,0,0,0,17,87,2024066,13,13,1912929,0,0,0,0,0,0,16,80,1650326
201702,34,009,1,2,Cape May County               ,50,50,12218341,6,12,2103400,1,3,387864,0,0,0,49,49,12084985,6,12,2103400,1,3,387864,0,0,0
201702,34,011,1,2,Cumberland County             ,7,7,776735,0,0,0,0,0,0,1,5,666180,1,1,51239,0,0,0,0,0,0,0,0,0
201702,34,013,1,2,Essex County                  ,25,25,3353339,1,2,321000,0,0,0,6,301,103283422,2,2,1029050,1,2,321000,0,0,0,1,245,99453325
201702,34,015,1,2,Gloucester County             ,33,33,4230427,0,0,0,0,0,0,0,0,0,24,24,3287126,0,0,0,0,0,0,0,0,0
201702,34,017,1,2,Hudson County                 ,15,15,1655552,6,12,2349300,2,6,810760,6,312,54611776,12,12,1327000,6,12,2349300,1,3,433000,5,307,54010250
201702,34,019,1,2,Hunterdon County              ,4,4,1345400,0,0,0,0,0,0,2,10,526603,4,4,1345400,0,0,0,0,0,0,0,0,0
201702,34,021,1,2,Mercer County                 ,15,15,5143560,0,0,0,0,0,0,0,0,0,14,14,4970642,0,0,0,0,0,0,0,0,0
201702,34,023,1,2,Middlesex County              ,44,44,8358624,0,0,0,1,3,479865,3,171,19135793,33,33,6013950,0,0,0,1,3,479865,2,160,18617072
201702,34,025,1,2,Monmouth County               ,47,47,14423505,1,2,178635,1,4,791580,2,10,1233239,36,36,11291666,0,0,0,1,4,791580,1,5,1110790
201702,34,027,1,2,Morris County                 ,60,60,9724322,0,0,0,0,0,0,4,29,1012728,42,42,6387910,0,0,0,0,0,0,0,0,0
201702,34,029,1,2,Ocean County                  ,237,237,33474689,1,2,6055000,1,4,548000,0,0,0,230,230,32011254,1,2,6055000,1,4,548000,0,0,0
201702,34,031,1,2,Passaic County                ,15,15,2749439,0,0,0,0,0,0,1,5,268749,12,12,2089425,0,0,0,0,0,0,0,0,0
201702,34,033,1,2,Salem County                  ,1,1,94421,0,0,0,0,0,0,0,0,0,0,0,0,0,0,0,0,0,0,0,0,0
201702,34,035,1,2,Somerset County               ,18,18,2819596,0,0,0,0,0,0,5,31,1955528,7,7,1190200,0,0,0,0,0,0,0,0,0
201702,34,037,1,2,Sussex County                 ,2,2,460250,0,0,0,0,0,0,0,0,0,2,2,460250,0,0,0,0,0,0,0,0,0
201702,34,039,1,2,Union County                  ,14,14,2960526,5,10,760375,3,9,806504,1,5,275564,8,8,2361551,4,8,557500,2,6,370250,0,0,0
201702,34,041,1,2,Warren County                 ,5,5,579805,0,0,0,0,0,0,1,5,209532,1,1,16800,0,0,0,0,0,0,0,0,0
201702,35,000,4,8,New Mexico Balance of State   ,18,18,4923173,0,0,0,0,0,0,0,0,0,0,0,0,0,0,0,0,0,0,0,0,0
201702,35,001,4,8,Bernalillo County             ,100,100,22349165,0,0,0,0,0,0,1,8,735793,14,14,5500703,0,0,0,0,0,0,0,0,0
201702,35,005,4,8,Chaves County                 ,13,13,1686812,0,0,0,0,0,0,0,0,0,13,13,1686812,0,0,0,0,0,0,0,0,0
201702,35,007,4,8,Colfax County                 ,1,1,353995,0,0,0,0,0,0,0,0,0,0,0,0,0,0,0,0,0,0,0,0,0
201702,35,009,4,8,Curry County                  ,3,3,761871,1,2,285889,0,0,0,0,0,0,3,3,761871,1,2,285889,0,0,0,0,0,0
201702,35,013,4,8,Dona Ana County               ,65,65,13351683,0,0,0,1,4,511000,0,0,0,65,65,13351683,0,0,0,1,4,511000,0,0,0
201702,35,015,4,8,Eddy County                   ,13,13,2514276,0,0,0,0,0,0,0,0,0,13,13,2514276,0,0,0,0,0,0,0,0,0
201702,35,017,4,8,Grant County                  ,1,1,175947,0,0,0,0,0,0,0,0,0,0,0,0,0,0,0,0,0,0,0,0,0
201702,35,025,4,8,Lea County                    ,7,7,1546700,0,0,0,0,0,0,0,0,0,7,7,1546700,0,0,0,0,0,0,0,0,0
201702,35,027,4,8,Lincoln County                ,4,4,1006222,0,0,0,0,0,0,0,0,0,0,0,0,0,0,0,0,0,0,0,0,0
201702,35,028,4,8,Los Alamos County             ,1,1,400000,0,0,0,0,0,0,0,0,0,1,1,400000,0,0,0,0,0,0,0,0,0
201702,35,029,4,8,Luna County                   ,1,1,120000,0,0,0,0,0,0,0,0,0,1,1,120000,0,0,0,0,0,0,0,0,0
201702,35,031,4,8,McKinley County               ,0,0,0,0,0,0,0,0,0,0,0,0,0,0,0,0,0,0,0,0,0,0,0,0
201702,35,035,4,8,Otero County                  ,0,0,0,0,0,0,0,0,0,0,0,0,0,0,0,0,0,0,0,0,0,0,0,0
201702,35,041,4,8,Roosevelt County              ,2,2,259833,0,0,0,0,0,0,0,0,0,0,0,0,0,0,0,0,0,0,0,0,0
201702,35,043,4,8,Sandoval County               ,61,61,13565465,0,0,0,0,0,0,1,5,208333,53,53,11684209,0,0,0,0,0,0,0,0,0
201702,35,045,4,8,San Juan County               ,4,4,685524,0,0,0,0,0,0,0,0,0,4,4,685524,0,0,0,0,0,0,0,0,0
201702,35,047,4,8,San Miguel County             ,0,0,0,0,0,0,0,0,0,0,0,0,0,0,0,0,0,0,0,0,0,0,0,0
201702,35,049,4,8,Santa Fe County               ,10,10,2420643,0,0,0,0,0,0,0,0,0,0,0,0,0,0,0,0,0,0,0,0,0
201702,35,051,4,8,Sierra County                 ,0,0,0,0,0,0,0,0,0,0,0,0,0,0,0,0,0,0,0,0,0,0,0,0
201702,35,053,4,8,Socorro County                ,0,0,0,0,0,0,0,0,0,0,0,0,0,0,0,0,0,0,0,0,0,0,0,0
201702,35,055,4,8,Taos County                   ,4,4,438623,0,0,0,0,0,0,0,0,0,0,0,0,0,0,0,0,0,0,0,0,0
201702,35,061,4,8,Valencia County               ,8,8,867296,0,0,0,0,0,0,0,0,0,0,0,0,0,0,0,0,0,0,0,0,0
201702,36,001,1,2,Albany County                 ,12,12,2841977,0,0,0,0,0,0,3,45,3408354,11,11,2640704,0,0,0,0,0,0,2,38,2260000
201702,36,005,1,2,Bronx County                  ,0,0,0,0,0,0,0,0,0,4,174,23477298,0,0,0,0,0,0,0,0,0,4,174,23477298
201702,36,029,1,2,Erie County                   ,42,42,10727686,0,0,0,0,0,0,1,13,1429820,31,31,8044570,0,0,0,0,0,0,0,0,0
201702,36,047,1,2,Kings County                  ,3,3,785266,3,6,797170,3,9,1163592,21,289,38993903,3,3,785266,3,6,797170,3,9,1163592,21,289,38993903
201702,36,051,1,2,Livingston County             ,0,0,0,0,0,0,0,0,0,1,5,312500,0,0,0,0,0,0,0,0,0,0,0,0
201702,36,055,1,2,Monroe County                 ,42,42,8769641,0,0,0,0,0,0,1,5,453484,34,34,6978697,0,0,0,0,0,0,0,0,0
201702,36,059,1,2,Nassau County                 ,33,33,12063596,0,0,0,0,0,0,1,5,787879,7,7,3077840,0,0,0,0,0,0,0,0,0
201702,36,061,1,2,New York County               ,0,0,0,0,0,0,0,0,0,6,420,56669340,0,0,0,0,0,0,0,0,0,6,420,56669340
201702,36,063,1,2,Niagara County                ,8,8,1895560,0,0,0,0,0,0,0,0,0,4,4,788000,0,0,0,0,0,0,0,0,0
201702,36,069,1,2,Ontario County                ,29,29,6166852,0,0,0,0,0,0,1,5,582645,19,19,4215000,0,0,0,0,0,0,0,0,0
201702,36,073,1,2,Orleans County                ,2,2,341000,0,0,0,0,0,0,0,0,0,0,0,0,0,0,0,0,0,0,0,0,0
201702,36,079,1,2,Putnam County                 ,2,2,363602,0,0,0,0,0,0,0,0,0,1,1,125000,0,0,0,0,0,0,0,0,0
201702,36,081,1,2,Queens County                 ,8,8,2094044,17,34,4517298,2,6,775728,2,17,2293759,8,8,2094044,17,34,4517298,2,6,775728,2,17,2293759
201702,36,083,1,2,Rensselaer County             ,5,5,1157250,0,0,0,0,0,0,0,0,0,3,3,790000,0,0,0,0,0,0,0,0,0
201702,36,085,1,2,Richmond County               ,32,32,8376176,17,34,4517298,0,0,0,0,0,0,32,32,8376176,17,34,4517298,0,0,0,0,0,0
201702,36,087,1,2,Rockland County               ,2,2,510345,2,4,617351,1,4,439175,1,5,601191,1,1,255000,0,0,0,0,0,0,0,0,0
201702,36,091,1,2,Saratoga County               ,25,25,5805991,0,0,0,0,0,0,3,16,1564949,14,14,3252288,0,0,0,0,0,0,1,6,480000
201702,36,093,1,2,Schenectady County            ,2,2,255000,0,0,0,0,0,0,0,0,0,2,2,255000,0,0,0,0,0,0,0,0,0
201702,36,095,1,2,Schoharie County              ,1,1,110000,0,0,0,0,0,0,0,0,0,0,0,0,0,0,0,0,0,0,0,0,0
201702,36,099,1,2,Seneca County                 ,1,1,151374,0,0,0,0,0,0,0,0,0,0,0,0,0,0,0,0,0,0,0,0,0
201702,36,117,1,2,Wayne County                  ,4,4,873040,0,0,0,0,0,0,0,0,0,4,4,873040,0,0,0,0,0,0,0,0,0
201702,36,119,1,2,Westchester County            ,22,22,8319024,1,2,280000,1,3,387864,1,5,1471650,14,14,5466804,0,0,0,1,3,387864,0,0,0
201702,37,007,3,5,Anson County                  ,3,3,449595,0,0,0,0,0,0,0,0,0,0,0,0,0,0,0,0,0,0,0,0,0
201702,37,011,3,5,Avery County                  ,5,5,1858880,0,0,0,0,0,0,0,0,0,5,5,1858880,0,0,0,0,0,0,0,0,0
201702,37,015,3,5,Bertie County                 ,2,2,416917,0,0,0,0,0,0,0,0,0,0,0,0,0,0,0,0,0,0,0,0,0
201702,37,025,3,5,Cabarrus County               ,104,104,15350525,0,0,0,0,0,0,0,0,0,104,104,15350525,0,0,0,0,0,0,0,0,0
201702,37,033,3,5,Caswell County                ,1,1,130000,0,0,0,0,0,0,0,0,0,1,1,130000,0,0,0,0,0,0,0,0,0
201702,37,037,3,5,Chatham County                ,67,67,18895669,0,0,0,0,0,0,0,0,0,67,67,18895669,0,0,0,0,0,0,0,0,0
201702,37,051,3,5,Cumberland County             ,59,59,10221167,0,0,0,0,0,0,0,0,0,59,59,10221167,0,0,0,0,0,0,0,0,0
201702,37,053,3,5,Currituck County              ,26,26,7825027,0,0,0,0,0,0,0,0,0,0,0,0,0,0,0,0,0,0,0,0,0
201702,37,059,3,5,Davie County                  ,10,10,2362988,0,0,0,0,0,0,1,5,219819,0,0,0,0,0,0,0,0,0,0,0,0
201702,37,063,3,5,Durham County                 ,143,143,23661519,0,0,0,1,3,162150,4,81,5139705,0,0,0,0,0,0,0,0,0,0,0,0
201702,37,069,3,5,Franklin County               ,31,31,5340456,0,0,0,0,0,0,0,0,0,31,31,5340456,0,0,0,0,0,0,0,0,0
201702,37,071,3,5,Gaston County                 ,61,61,17456975,1,2,180554,0,0,0,0,0,0,61,61,17456975,1,2,180554,0,0,0,0,0,0
201702,37,081,3,5,Guilford County               ,91,91,22422039,0,0,0,0,0,0,0,0,0,91,91,22422039,0,0,0,0,0,0,0,0,0
201702,37,089,3,5,Henderson County              ,38,38,10400649,0,0,0,0,0,0,0,0,0,38,38,10400649,0,0,0,0,0,0,0,0,0
201702,37,093,3,5,Hoke County                   ,14,14,3189995,0,0,0,0,0,0,0,0,0,14,14,3189995,0,0,0,0,0,0,0,0,0
201702,37,097,3,5,Iredell County                ,131,131,38438015,1,2,178688,0,0,0,7,144,13124209,131,131,38438015,1,2,178688,0,0,0,7,144,13124209
201702,37,101,3,5,Johnston County               ,179,179,30287234,0,0,0,0,0,0,0,0,0,176,176,29859961,0,0,0,0,0,0,0,0,0
201702,37,105,3,5,Lee County                    ,14,14,2975410,0,0,0,0,0,0,0,0,0,14,14,2975410,0,0,0,0,0,0,0,0,0
201702,37,119,3,5,Mecklenburg County            ,367,367,83623444,1,2,165955,1,4,803800,11,578,22875350,367,367,83623444,1,2,165955,1,4,803800,11,578,22875350
201702,37,133,3,5,Onslow County                 ,84,84,12478570,2,4,250000,0,0,0,0,0,0,84,84,12478570,2,4,250000,0,0,0,0,0,0
201702,37,135,3,5,Orange County                 ,43,43,12502713,0,0,0,0,0,0,0,0,0,43,43,12502713,0,0,0,0,0,0,0,0,0
201702,37,145,3,5,Person County                 ,8,8,2662914,0,0,0,0,0,0,0,0,0,8,8,2662914,0,0,0,0,0,0,0,0,0
201702,37,151,3,5,Randolph County               ,23,23,4375674,0,0,0,0,0,0,0,0,0,7,7,635000,0,0,0,0,0,0,0,0,0
201702,37,157,3,5,Rockingham County             ,14,14,3136248,0,0,0,0,0,0,0,0,0,14,14,3136248,0,0,0,0,0,0,0,0,0
201702,37,179,3,5,Union County                  ,134,134,28782627,0,0,0,0,0,0,0,0,0,134,134,28782627,0,0,0,0,0,0,0,0,0
201702,37,181,3,5,Vance County                  ,1,1,150000,0,0,0,0,0,0,0,0,0,1,1,150000,0,0,0,0,0,0,0,0,0
201702,37,183,3,5,Wake County                   ,472,472,113394960,0,0,0,0,0,0,23,635,68431953,455,455,110416556,0,0,0,0,0,0,23,635,68431953
201702,37,195,3,5,Wilson County                 ,16,16,2915568,0,0,0,0,0,0,0,0,0,16,16,2915568,0,0,0,0,0,0,0,0,0
201702,39,007,2,3,Ashtabula County              ,4,4,732244,1,2,160300,0,0,0,0,0,0,0,0,0,0,0,0,0,0,0,0,0,0
201702,39,015,2,3,Brown County                  ,4,4,637319,0,0,0,0,0,0,0,0,0,0,0,0,0,0,0,0,0,0,0,0,0
201702,39,017,2,3,Butler County                 ,52,52,12230956,1,2,150000,0,0,0,4,46,3276001,52,52,12230956,1,2,150000,0,0,0,4,46,3276001
201702,39,025,2,3,Clermont County               ,26,26,5650319,0,0,0,0,0,0,3,36,2192000,26,26,5650319,0,0,0,0,0,0,3,36,2192000
201702,39,041,2,3,Delaware County               ,88,88,22755576,0,0,0,0,0,0,1,5,87500,84,84,21340793,0,0,0,0,0,0,0,0,0
201702,39,049,2,3,Franklin County               ,94,94,25952956,0,0,0,0,0,0,8,182,21362266,90,90,24634094,0,0,0,0,0,0,8,182,21362266
201702,39,055,2,3,Geauga County                 ,14,14,5167543,0,0,0,0,0,0,0,0,0,14,14,5167543,0,0,0,0,0,0,0,0,0
201702,39,085,2,3,Lake County                   ,30,30,5107401,0,0,0,0,0,0,0,0,0,29,29,4760233,0,0,0,0,0,0,0,0,0
201702,39,089,2,3,Licking County                ,19,19,4807460,0,0,0,0,0,0,0,0,0,0,0,0,0,0,0,0,0,0,0,0,0
201702,39,093,2,3,Lorain County                 ,55,55,12840433,0,0,0,1,4,360000,1,6,450000,43,43,11374196,0,0,0,1,4,360000,1,6,450000
201702,39,097,2,3,Madison County                ,0,0,0,0,0,0,0,0,0,0,0,0,0,0,0,0,0,0,0,0,0,0,0,0
201702,39,103,2,3,Medina County                 ,42,42,9982122,0,0,0,1,4,166667,0,0,0,42,42,9982122,0,0,0,1,4,166667,0,0,0
201702,39,117,2,3,Morrow County                 ,4,4,618852,0,0,0,0,0,0,0,0,0,2,2,200000,0,0,0,0,0,0,0,0,0
201702,39,159,2,3,Union County                  ,12,12,3049625,0,0,0,0,0,0,0,0,0,12,12,3049625,0,0,0,0,0,0,0,0,0
201702,39,165,2,3,Warren County                 ,89,89,24376207,0,0,0,0,0,0,0,0,0,87,87,23962474,0,0,0,0,0,0,0,0,0
201702,40,001,3,7,Adair County                  ,1,1,192643,0,0,0,0,0,0,0,0,0,0,0,0,0,0,0,0,0,0,0,0,0
201702,40,017,3,7,Canadian County               ,15,15,4421307,1,2,130000,0,0,0,0,0,0,8,8,2532060,0,0,0,0,0,0,0,0,0
201702,40,021,3,7,Cherokee County               ,5,5,656191,0,0,0,0,0,0,0,0,0,0,0,0,0,0,0,0,0,0,0,0,0
201702,40,027,3,7,Cleveland County              ,40,40,9672035,1,2,513000,4,12,1050000,3,15,1500000,40,40,9672035,1,2,513000,4,12,1050000,3,15,1500000
201702,40,029,3,7,Coal County                   ,0,0,0,0,0,0,0,0,0,0,0,0,0,0,0,0,0,0,0,0,0,0,0,0
201702,40,037,3,7,Creek County                  ,5,5,1000000,0,0,0,0,0,0,0,0,0,5,5,1000000,0,0,0,0,0,0,0,0,0
201702,40,051,3,7,Grady County                  ,5,5,1040500,0,0,0,0,0,0,0,0,0,5,5,1040500,0,0,0,0,0,0,0,0,0
201702,40,055,3,7,Greer County                  ,0,0,0,0,0,0,0,0,0,0,0,0,0,0,0,0,0,0,0,0,0,0,0,0
201702,40,081,3,7,Lincoln County                ,0,0,0,0,0,0,0,0,0,0,0,0,0,0,0,0,0,0,0,0,0,0,0,0
201702,40,083,3,7,Logan County                  ,1,1,200000,2,4,143000,0,0,0,0,0,0,1,1,200000,2,4,143000,0,0,0,0,0,0
201702,40,087,3,7,McClain County                ,29,29,6090946,0,0,0,0,0,0,0,0,0,14,14,3289945,0,0,0,0,0,0,0,0,0
201702,40,109,3,7,Oklahoma County               ,305,305,71219401,0,0,0,0,0,0,0,0,0,293,293,69256610,0,0,0,0,0,0,0,0,0
201702,40,111,3,7,Okmulgee County               ,1,1,236667,0,0,0,0,0,0,0,0,0,0,0,0,0,0,0,0,0,0,0,0,0
201702,40,113,3,7,Osage County                  ,15,15,2222850,0,0,0,0,0,0,0,0,0,15,15,2222850,0,0,0,0,0,0,0,0,0
201702,40,117,3,7,Pawnee County                 ,0,0,0,0,0,0,0,0,0,0,0,0,0,0,0,0,0,0,0,0,0,0,0,0
201702,40,131,3,7,Rogers County                 ,37,37,6228615,0,0,0,0,0,0,0,0,0,37,37,6228615,0,0,0,0,0,0,0,0,0
201702,40,143,3,7,Tulsa County                  ,197,197,48482347,0,0,0,0,0,0,1,6,724698,196,196,48419347,0,0,0,0,0,0,1,6,724698
201702,40,145,3,7,Wagoner County                ,51,51,9414068,0,0,0,0,0,0,8,43,2930670,51,51,9414068,0,0,0,0,0,0,8,43,2930670
201702,41,000,4,9,Oregon Balance of State       ,9,9,1317991,0,0,0,0,0,0,0,0,0,0,0,0,0,0,0,0,0,0,0,0,0
201702,41,005,4,9,Clackamas County              ,113,113,33379449,0,0,0,0,0,0,0,0,0,78,78,23703033,0,0,0,0,0,0,0,0,0
201702,41,019,4,9,Douglas County                ,23,23,6433317,0,0,0,0,0,0,0,0,0,23,23,6433317,0,0,0,0,0,0,0,0,0
201702,41,025,4,9,Harney County                 ,1,1,202093,0,0,0,0,0,0,0,0,0,0,0,0,0,0,0,0,0,0,0,0,0
201702,41,035,4,9,Klamath County                ,0,0,0,0,0,0,0,0,0,0,0,0,0,0,0,0,0,0,0,0,0,0,0,0
201702,41,051,4,9,Multnomah County              ,48,48,13006494,5,10,1441963,0,0,0,7,271,31830540,48,48,13006494,5,10,1441963,0,0,0,7,271,31830540
201702,41,067,4,9,Washington County             ,182,182,50496777,0,0,0,0,0,0,3,30,3625368,180,180,49924764,0,0,0,0,0,0,3,30,3625368
201702,41,071,4,9,Yamhill County                ,17,17,5257612,0,0,0,0,0,0,0,0,0,16,16,4998509,0,0,0,0,0,0,0,0,0
201702,42,001,1,2,Adams County                  ,10,10,2135860,0,0,0,0,0,0,0,0,0,10,10,2135860,0,0,0,0,0,0,0,0,0
201702,42,017,1,2,Bucks County                  ,46,46,11464944,0,0,0,1,3,483000,2,17,4857002,20,20,6100066,0,0,0,0,0,0,1,12,1410270
201702,42,029,1,2,Chester County                ,91,91,16276836,0,0,0,0,0,0,0,0,0,84,84,14448440,0,0,0,0,0,0,0,0,0
201702,42,037,1,2,Columbia County               ,7,7,1619648,0,0,0,0,0,0,0,0,0,3,3,729920,0,0,0,0,0,0,0,0,0
201702,42,041,1,2,Cumberland County             ,44,44,8330390,0,0,0,0,0,0,1,5,251062,41,41,7642794,0,0,0,0,0,0,0,0,0
201702,42,043,1,2,Dauphin County                ,19,19,4430674,1,2,332040,0,0,0,0,0,0,12,12,3022615,1,2,332040,0,0,0,0,0,0
201702,42,045,1,2,Delaware County               ,25,25,7109824,0,0,0,0,0,0,0,0,0,12,12,4107288,0,0,0,0,0,0,0,0,0
201702,42,055,1,2,Franklin County               ,11,11,1952237,2,4,400000,1,4,320000,0,0,0,5,5,851511,2,4,400000,1,4,320000,0,0,0
201702,42,091,1,2,Montgomery County             ,49,49,11748726,0,0,0,0,0,0,3,24,4051982,37,37,8833522,0,0,0,0,0,0,1,14,2968000
201702,42,093,1,2,Montour County                ,2,2,360194,0,0,0,0,0,0,0,0,0,0,0,0,0,0,0,0,0,0,0,0,0
201702,42,099,1,2,Perry County                  ,3,3,771602,0,0,0,0,0,0,0,0,0,0,0,0,0,0,0,0,0,0,0,0,0
201702,42,101,1,2,Philadelphia County           ,55,55,14396552,8,16,1780000,12,40,4441800,6,162,16661191,55,55,14396552,8,16,1780000,12,40,4441800,6,162,16661191
201702,42,103,1,2,Pike County                   ,3,3,907201,0,0,0,0,0,0,0,0,0,2,2,650000,0,0,0,0,0,0,0,0,0
201702,44,001,1,1,Bristol County                ,2,2,415747,0,0,0,0,0,0,0,0,0,0,0,0,0,0,0,0,0,0,0,0,0
201702,44,003,1,1,Kent County                   ,19,19,2399500,0,0,0,0,0,0,0,0,0,14,14,1550560,0,0,0,0,0,0,0,0,0
201702,44,005,1,1,Newport County                ,8,8,4740997,0,0,0,0,0,0,0,0,0,7,7,4490180,0,0,0,0,0,0,0,0,0
201702,44,007,1,1,Providence County             ,20,20,3272005,1,2,215630,0,0,0,0,0,0,17,17,2972224,0,0,0,0,0,0,0,0,0
201702,44,009,1,1,Washington County             ,12,12,2896100,0,0,0,0,0,0,0,0,0,9,9,1995000,0,0,0,0,0,0,0,0,0
201702,45,003,3,5,Aiken County                  ,59,59,13354274,0,0,0,0,0,0,0,0,0,59,59,13354274,0,0,0,0,0,0,0,0,0
201702,45,009,3,5,Bamberg County                ,2,2,101000,0,0,0,0,0,0,0,0,0,2,2,101000,0,0,0,0,0,0,0,0,0
201702,45,015,3,5,Berkeley County               ,111,111,31805857,0,0,0,0,0,0,1,30,707762,20,20,5457061,0,0,0,0,0,0,0,0,0
201702,45,017,3,5,Calhoun County                ,2,2,150000,0,0,0,0,0,0,0,0,0,2,2,150000,0,0,0,0,0,0,0,0,0
201702,45,019,3,5,Charleston County             ,194,194,57029936,0,0,0,0,0,0,3,110,28779281,93,93,42771598,0,0,0,0,0,0,1,72,26397000
201702,45,035,3,5,Dorchester County             ,52,52,14955000,0,0,0,0,0,0,0,0,0,52,52,14955000,0,0,0,0,0,0,0,0,0
201702,45,037,3,5,Edgefield County              ,9,9,1514210,0,0,0,0,0,0,0,0,0,9,9,1514210,0,0,0,0,0,0,0,0,0
201702,45,039,3,5,Fairfield County              ,3,3,639875,0,0,0,0,0,0,0,0,0,0,0,0,0,0,0,0,0,0,0,0,0
201702,45,045,3,5,Greenville County             ,236,236,59145186,0,0,0,0,0,0,0,0,0,233,233,58782132,0,0,0,0,0,0,0,0,0
201702,45,051,3,5,Horry County                  ,361,361,63001052,7,14,1884496,0,0,0,1,5,312148,102,102,22974837,2,4,790000,0,0,0,0,0,0
201702,45,055,3,5,Kershaw County                ,30,30,4198180,0,0,0,0,0,0,0,0,0,30,30,4198180,0,0,0,0,0,0,0,0,0
201702,45,059,3,5,Laurens County                ,11,11,2238190,0,0,0,0,0,0,0,0,0,11,11,2238190,0,0,0,0,0,0,0,0,0
201702,45,063,3,5,Lexington County              ,143,143,36843655,0,0,0,0,0,0,1,13,892373,13,13,2579073,0,0,0,0,0,0,0,0,0
201702,45,077,3,5,Pickens County                ,40,40,12606382,0,0,0,0,0,0,1,11,1075192,30,30,10783879,0,0,0,0,0,0,0,0,0
201702,45,079,3,5,Richland County               ,150,150,21134604,0,0,0,0,0,0,2,26,1467512,23,23,4916870,0,0,0,0,0,0,0,0,0
201702,45,081,3,5,Saluda County                 ,3,3,463242,0,0,0,0,0,0,0,0,0,3,3,463242,0,0,0,0,0,0,0,0,0
201702,45,085,3,5,Sumter County                 ,17,17,2958270,0,0,0,0,0,0,0,0,0,17,17,2958270,0,0,0,0,0,0,0,0,0
201702,45,091,3,5,York County                   ,183,183,54742756,0,0,0,0,0,0,2,29,2743800,39,39,9789583,0,0,0,0,0,0,0,0,0
201702,46,007,2,4,Bennett County                ,0,0,0,0,0,0,0,0,0,0,0,0,0,0,0,0,0,0,0,0,0,0,0,0
201702,46,055,2,4,Haakon County                 ,0,0,0,0,0,0,0,0,0,0,0,0,0,0,0,0,0,0,0,0,0,0,0,0
201702,46,071,2,4,Jackson County                ,0,0,0,0,0,0,0,0,0,0,0,0,0,0,0,0,0,0,0,0,0,0,0,0
201702,46,111,2,4,Sanborn County                ,0,0,0,0,0,0,0,0,0,0,0,0,0,0,0,0,0,0,0,0,0,0,0,0
201702,47,001,3,6,Anderson County               ,10,10,1998294,0,0,0,0,0,0,0,0,0,5,5,873019,0,0,0,0,0,0,0,0,0
201702,47,015,3,6,Cannon County                 ,1,1,126190,0,0,0,0,0,0,0,0,0,0,0,0,0,0,0,0,0,0,0,0,0
201702,47,021,3,6,Cheatham County               ,13,13,2013000,0,0,0,0,0,0,0,0,0,13,13,2013000,0,0,0,0,0,0,0,0,0
201702,47,037,3,6,Davidson County               ,354,354,83425522,0,0,0,1,4,503134,6,209,5283069,354,354,83425522,0,0,0,1,4,503134,6,209,5283069
201702,47,043,3,6,Dickson County                ,16,16,3139727,0,0,0,0,0,0,0,0,0,15,15,2963747,0,0,0,0,0,0,0,0,0
201702,47,049,3,6,Fentress County               ,0,0,0,0,0,0,0,0,0,0,0,0,0,0,0,0,0,0,0,0,0,0,0,0
201702,47,081,3,6,Hickman County                ,5,5,891184,0,0,0,0,0,0,0,0,0,0,0,0,0,0,0,0,0,0,0,0,0
201702,47,093,3,6,Knox County                   ,123,123,21345779,0,0,0,0,0,0,4,58,2250000,21,21,3436206,0,0,0,0,0,0,4,58,2250000
201702,47,105,3,6,Loudon County                 ,19,19,5012377,0,0,0,0,0,0,0,0,0,17,17,4717294,0,0,0,0,0,0,0,0,0
201702,47,125,3,6,Montgomery County             ,103,103,16854874,0,0,0,0,0,0,0,0,0,103,103,16854874,0,0,0,0,0,0,0,0,0
201702,47,139,3,6,Polk County                   ,14,14,2521737,0,0,0,0,0,0,0,0,0,0,0,0,0,0,0,0,0,0,0,0,0
201702,47,149,3,6,Rutherford County             ,193,193,44221508,2,4,493945,1,4,404454,4,83,7621073,68,68,22316201,0,0,0,0,0,0,0,0,0
201702,47,153,3,6,Sequatchie County             ,1,1,145000,0,0,0,0,0,0,0,0,0,1,1,145000,0,0,0,0,0,0,0,0,0
201702,47,157,3,6,Shelby County                 ,83,83,21430512,0,0,0,0,0,0,0,0,0,83,83,21430512,0,0,0,0,0,0,0,0,0
201702,47,159,3,6,Smith County                  ,5,5,1043333,0,0,0,0,0,0,0,0,0,4,4,935000,0,0,0,0,0,0,0,0,0
201702,47,161,3,6,Stewart County                ,0,0,0,0,0,0,0,0,0,0,0,0,0,0,0,0,0,0,0,0,0,0,0,0
201702,47,165,3,6,Sumner County                 ,73,73,17078227,0,0,0,0,0,0,7,206,16792000,69,69,16366257,0,0,0,0,0,0,7,206,16792000
201702,47,167,3,6,Tipton County                 ,10,10,1951208,0,0,0,0,0,0,0,0,0,5,5,1277351,0,0,0,0,0,0,0,0,0
201702,47,169,3,6,Trousdale County              ,1,1,109000,0,0,0,0,0,0,0,0,0,1,1,109000,0,0,0,0,0,0,0,0,0
201702,47,173,3,6,Union County                  ,3,3,450000,0,0,0,0,0,0,0,0,0,3,3,450000,0,0,0,0,0,0,0,0,0
201702,47,175,3,6,Van Buren County              ,0,0,0,0,0,0,0,0,0,0,0,0,0,0,0,0,0,0,0,0,0,0,0,0
201702,47,189,3,6,Wilson County                 ,91,91,23054284,0,0,0,0,0,0,5,94,5433453,64,64,15195824,0,0,0,0,0,0,4,76,3300000
201702,48,013,3,7,Atascosa County               ,2,2,380670,0,0,0,0,0,0,0,0,0,1,1,290570,0,0,0,0,0,0,0,0,0
201702,48,015,3,7,Austin County                 ,3,3,578827,0,0,0,0,0,0,0,0,0,2,2,394419,0,0,0,0,0,0,0,0,0
201702,48,019,3,7,Bandera County                ,0,0,0,0,0,0,0,0,0,0,0,0,0,0,0,0,0,0,0,0,0,0,0,0
201702,48,021,3,7,Bastrop County                ,13,13,1434365,0,0,0,0,0,0,0,0,0,13,13,1434365,0,0,0,0,0,0,0,0,0
201702,48,025,3,7,Bee County                    ,1,1,73175,0,0,0,0,0,0,0,0,0,0,0,0,0,0,0,0,0,0,0,0,0
201702,48,027,3,7,Bell County                   ,136,136,26575814,5,10,900000,0,0,0,0,0,0,129,129,25181710,5,10,900000,0,0,0,0,0,0
201702,48,029,3,7,Bexar County                  ,280,280,61779727,0,0,0,4,15,1207327,6,30,3574343,242,242,56748295,0,0,0,3,12,1207327,5,25,2508847
201702,48,051,3,7,Burleson County               ,0,0,0,0,0,0,0,0,0,0,0,0,0,0,0,0,0,0,0,0,0,0,0,0
201702,48,055,3,7,Caldwell County               ,19,19,3708393,0,0,0,0,0,0,0,0,0,0,0,0,0,0,0,0,0,0,0,0,0
201702,48,085,3,7,Collin County                 ,653,653,212002202,0,0,0,0,0,0,12,747,81214021,569,569,180976155,0,0,0,0,0,0,10,730,78664350
201702,48,091,3,7,Comal County                  ,196,196,44734071,15,30,3203253,0,0,0,0,0,0,193,193,43976362,15,30,3203253,0,0,0,0,0,0
201702,48,099,3,7,Coryell County                ,12,12,1738631,1,2,133257,0,0,0,1,5,684585,1,1,175000,0,0,0,0,0,0,0,0,0
201702,48,107,3,7,Crosby County                 ,1,1,67000,0,0,0,0,0,0,0,0,0,0,0,0,0,0,0,0,0,0,0,0,0
201702,48,113,3,7,Dallas County                 ,430,430,138716192,12,24,5782468,2,6,891000,32,1194,108480469,388,388,124709417,12,24,5782468,2,6,891000,31,1135,102883119
201702,48,119,3,7,Delta County                  ,0,0,0,0,0,0,0,0,0,0,0,0,0,0,0,0,0,0,0,0,0,0,0,0
201702,48,135,3,7,Ector County                  ,42,42,8361030,0,0,0,0,0,0,0,0,0,42,42,8361030,0,0,0,0,0,0,0,0,0
201702,48,139,3,7,Ellis County                  ,174,174,32486849,0,0,0,0,0,0,0,0,0,174,174,32486849,0,0,0,0,0,0,0,0,0
201702,48,141,3,7,El Paso County                ,238,238,37738219,4,8,649350,1,4,399822,7,103,10444689,33,33,3482082,0,0,0,0,0,0,0,0,0
201702,48,157,3,7,Fort Bend County              ,752,752,81375703,0,0,0,3,9,836935,1,7,547809,75,75,18771842,0,0,0,3,9,836935,0,0,0
201702,48,167,3,7,Galveston County              ,232,232,50137696,0,0,0,0,0,0,1,5,275264,86,86,19589960,0,0,0,0,0,0,0,0,0
201702,48,185,3,7,Grimes County                 ,2,2,190166,0,0,0,0,0,0,0,0,0,0,0,0,0,0,0,0,0,0,0,0,0
201702,48,187,3,7,Guadalupe County              ,80,80,18008481,0,0,0,0,0,0,1,6,318809,61,61,14453466,0,0,0,0,0,0,0,0,0
201702,48,193,3,7,Hamilton County               ,0,0,0,0,0,0,0,0,0,0,0,0,0,0,0,0,0,0,0,0,0,0,0,0
201702,48,195,3,7,Hansford County               ,0,0,0,0,0,0,0,0,0,0,0,0,0,0,0,0,0,0,0,0,0,0,0,0
201702,48,201,3,7,Harris County                 ,1330,1330,248729371,11,22,2213406,0,0,0,2,216,50934409,1299,1299,237225496,11,22,2213406,0,0,0,2,216,50934409
201702,48,211,3,7,Hemphill County               ,0,0,0,0,0,0,0,0,0,0,0,0,0,0,0,0,0,0,0,0,0,0,0,0
201702,48,215,3,7,Hidalgo County                ,197,197,35438642,7,14,643926,3,12,545000,2,14,570385,164,164,30481897,6,12,536148,3,12,545000,1,5,80000
201702,48,233,3,7,Hutchinson County             ,0,0,0,0,0,0,0,0,0,0,0,0,0,0,0,0,0,0,0,0,0,0,0,0
201702,48,251,3,7,Johnson County                ,56,56,12383423,2,4,400000,0,0,0,0,0,0,48,48,11182268,1,2,250000,0,0,0,0,0,0
201702,48,257,3,7,Kaufman County                ,49,49,10504713,0,0,0,0,0,0,0,0,0,48,48,10314152,0,0,0,0,0,0,0,0,0
201702,48,259,3,7,Kendall County                ,17,17,5227626,0,0,0,0,0,0,0,0,0,0,0,0,0,0,0,0,0,0,0,0,0
201702,48,271,3,7,Kinney County                 ,0,0,0,0,0,0,0,0,0,0,0,0,0,0,0,0,0,0,0,0,0,0,0,0
201702,48,281,3,7,Lampasas County               ,5,5,653000,0,0,0,0,0,0,0,0,0,5,5,653000,0,0,0,0,0,0,0,0,0
201702,48,291,3,7,Liberty County                ,37,37,3302491,0,0,0,0,0,0,0,0,0,13,13,943958,0,0,0,0,0,0,0,0,0
201702,48,303,3,7,Lubbock County                ,86,86,21833399,4,8,749625,0,0,0,4,45,3069685,1,1,50000,0,0,0,0,0,0,0,0,0
201702,48,323,3,7,Maverick County               ,8,8,865210,1,2,179424,0,0,0,0,0,0,0,0,0,0,0,0,0,0,0,0,0,0
201702,48,325,3,7,Medina County                 ,2,2,465819,0,0,0,0,0,0,0,0,0,1,1,255000,0,0,0,0,0,0,0,0,0
201702,48,329,3,7,Midland County                ,75,75,17532874,0,0,0,0,0,0,0,0,0,75,75,17532874,0,0,0,0,0,0,0,0,0
201702,48,339,3,7,Montgomery County             ,415,415,92524192,0,0,0,0,0,0,0,0,0,409,409,90566106,0,0,0,0,0,0,0,0,0
201702,48,367,3,7,Parker County                 ,30,30,6642027,0,0,0,0,0,0,0,0,0,27,27,5965022,0,0,0,0,0,0,0,0,0
201702,48,375,3,7,Potter County                 ,42,42,10634888,1,2,248281,0,0,0,0,0,0,42,42,10634888,1,2,248281,0,0,0,0,0,0
201702,48,383,3,7,Reagan County                 ,0,0,0,0,0,0,0,0,0,0,0,0,0,0,0,0,0,0,0,0,0,0,0,0
201702,48,385,3,7,Real County                   ,0,0,0,0,0,0,0,0,0,0,0,0,0,0,0,0,0,0,0,0,0,0,0,0
201702,48,395,3,7,Robertson County              ,5,5,1139284,0,0,0,0,0,0,0,0,0,5,5,1139284,0,0,0,0,0,0,0,0,0
201702,48,397,3,7,Rockwall County               ,116,116,32558405,0,0,0,0,0,0,0,0,0,84,84,24007532,0,0,0,0,0,0,0,0,0
201702,48,407,3,7,San Jacinto County            ,25,25,5104875,0,0,0,0,0,0,0,0,0,25,25,5104875,0,0,0,0,0,0,0,0,0
201702,48,411,3,7,San Saba County               ,0,0,0,0,0,0,0,0,0,0,0,0,0,0,0,0,0,0,0,0,0,0,0,0
201702,48,451,3,7,Tom Green County              ,13,13,2676000,0,0,0,0,0,0,0,0,0,13,13,2676000,0,0,0,0,0,0,0,0,0
201702,48,453,3,7,Travis County                 ,543,543,118859690,0,0,0,7,28,2468564,20,629,40103089,516,516,111442992,0,0,0,7,28,2468564,20,629,40103089
201702,48,473,3,7,Waller County                 ,1,1,12000,0,0,0,0,0,0,1,5,110903,1,1,12000,0,0,0,0,0,0,0,0,0
201702,48,491,3,7,Williamson County             ,337,337,85208287,0,0,0,0,0,0,1,330,26186820,325,325,82901944,0,0,0,0,0,0,1,330,26186820
201702,48,493,3,7,Wilson County                 ,3,3,585502,0,0,0,0,0,0,0,0,0,0,0,0,0,0,0,0,0,0,0,0,0
201702,48,497,3,7,Wise County                   ,7,7,1508678,0,0,0,0,0,0,0,0,0,6,6,1283010,0,0,0,0,0,0,0,0,0
201702,49,011,4,8,Davis County                  ,79,79,20789213,0,0,0,2,7,873369,2,12,1152000,79,79,20789213,0,0,0,2,7,873369,2,12,1152000
201702,49,023,4,8,Juab County                   ,0,0,0,0,0,0,0,0,0,0,0,0,0,0,0,0,0,0,0,0,0,0,0,0
201702,49,029,4,8,Morgan County                 ,8,8,2967530,0,0,0,0,0,0,0,0,0,0,0,0,0,0,0,0,0,0,0,0,0
201702,49,035,4,8,Salt Lake County              ,291,291,73004647,2,4,950265,2,7,1119627,7,134,13655599,201,201,47404066,1,2,425000,1,3,527000,3,52,4372000
201702,49,039,4,8,Sanpete County                ,1,1,58656,0,0,0,0,0,0,0,0,0,1,1,58656,0,0,0,0,0,0,0,0,0
201702,49,043,4,8,Summit County                 ,8,8,3221318,0,0,0,0,0,0,1,5,854284,3,3,652534,0,0,0,0,0,0,0,0,0
201702,49,057,4,8,Weber County                  ,44,44,9811236,0,0,0,1,3,352960,1,5,883559,28,28,6257149,0,0,0,0,0,0,1,5,883559
201702,51,003,3,5,Albemarle County              ,39,39,11675342,0,0,0,0,0,0,1,5,400000,0,0,0,0,0,0,0,0,0,0,0,0
201702,51,007,3,5,Amelia County                 ,5,5,787500,0,0,0,0,0,0,0,0,0,5,5,787500,0,0,0,0,0,0,0,0,0
201702,51,009,3,5,Amherst County                ,4,4,1090234,0,0,0,0,0,0,0,0,0,4,4,1090234,0,0,0,0,0,0,0,0,0
201702,51,013,3,5,Arlington County              ,22,22,9830298,0,0,0,0,0,0,1,21,1758170,0,0,0,0,0,0,0,0,0,0,0,0
201702,51,015,3,5,Augusta County                ,6,6,1534000,0,0,0,0,0,0,0,0,0,6,6,1534000,0,0,0,0,0,0,0,0,0
201702,51,019,3,5,Bedford County                ,22,22,4607000,0,0,0,0,0,0,0,0,0,22,22,4607000,0,0,0,0,0,0,0,0,0
201702,51,033,3,5,Caroline County               ,7,7,1662375,0,0,0,0,0,0,0,0,0,0,0,0,0,0,0,0,0,0,0,0,0
201702,51,036,3,5,Charles City County           ,2,2,301400,0,0,0,0,0,0,0,0,0,2,2,301400,0,0,0,0,0,0,0,0,0
201702,51,037,3,5,Charlotte County              ,0,0,0,0,0,0,0,0,0,0,0,0,0,0,0,0,0,0,0,0,0,0,0,0
201702,51,041,3,5,Chesterfield County           ,109,109,24836391,0,0,0,2,7,700000,1,5,661500,109,109,24836391,0,0,0,2,7,700000,1,5,661500
201702,51,043,3,5,Clarke County                 ,7,7,3352144,0,0,0,0,0,0,0,0,0,7,7,3352144,0,0,0,0,0,0,0,0,0
201702,51,049,3,5,Cumberland County             ,0,0,0,0,0,0,0,0,0,0,0,0,0,0,0,0,0,0,0,0,0,0,0,0
201702,51,051,3,5,Dickenson County              ,0,0,0,0,0,0,0,0,0,0,0,0,0,0,0,0,0,0,0,0,0,0,0,0
201702,51,053,3,5,Dinwiddie County              ,5,5,522863,0,0,0,0,0,0,0,0,0,0,0,0,0,0,0,0,0,0,0,0,0
201702,51,059,3,5,Fairfax County                ,58,58,13215694,0,0,0,0,0,0,0,0,0,58,58,13215694,0,0,0,0,0,0,0,0,0
201702,51,061,3,5,Fauquier County               ,66,66,12915091,0,0,0,0,0,0,0,0,0,66,66,12915091,0,0,0,0,0,0,0,0,0
201702,51,069,3,5,Frederick County              ,40,40,3798878,0,0,0,0,0,0,0,0,0,40,40,3798878,0,0,0,0,0,0,0,0,0
201702,51,073,3,5,Gloucester County             ,6,6,1377564,0,0,0,0,0,0,0,0,0,6,6,1377564,0,0,0,0,0,0,0,0,0
201702,51,075,3,5,Goochland County              ,19,19,5238706,0,0,0,0,0,0,0,0,0,19,19,5238706,0,0,0,0,0,0,0,0,0
201702,51,085,3,5,Hanover County                ,48,48,8796904,0,0,0,0,0,0,0,0,0,48,48,8796904,0,0,0,0,0,0,0,0,0
201702,51,087,3,5,Henrico County                ,62,62,12975506,0,0,0,0,0,0,0,0,0,62,62,12975506,0,0,0,0,0,0,0,0,0
201702,51,093,3,5,Isle of Wight County          ,14,14,2282314,0,0,0,0,0,0,0,0,0,14,14,2282314,0,0,0,0,0,0,0,0,0
201702,51,095,3,5,James City County             ,26,26,8682004,0,0,0,3,10,1376015,0,0,0,26,26,8682004,0,0,0,3,10,1376015,0,0,0
201702,51,097,3,5,King and Queen County         ,0,0,0,0,0,0,0,0,0,0,0,0,0,0,0,0,0,0,0,0,0,0,0,0
201702,51,099,3,5,King George County            ,7,7,1594998,0,0,0,0,0,0,0,0,0,7,7,1594998,0,0,0,0,0,0,0,0,0
201702,51,107,3,5,Loudoun County                ,190,190,43292791,0,0,0,0,0,0,3,36,468000,190,190,43292791,0,0,0,0,0,0,3,36,468000
201702,51,109,3,5,Louisa County                 ,30,30,6394509,0,0,0,0,0,0,0,0,0,30,30,6394509,0,0,0,0,0,0,0,0,0
201702,51,115,3,5,Mathews County                ,1,1,180000,0,0,0,0,0,0,0,0,0,1,1,180000,0,0,0,0,0,0,0,0,0
201702,51,127,3,5,New Kent County               ,19,19,4329279,0,0,0,0,0,0,0,0,0,19,19,4329279,0,0,0,0,0,0,0,0,0
201702,51,139,3,5,Page County                   ,8,8,657290,0,0,0,0,0,0,0,0,0,8,8,657290,0,0,0,0,0,0,0,0,0
201702,51,145,3,5,Powhatan County               ,13,13,2809950,0,0,0,0,0,0,0,0,0,13,13,2809950,0,0,0,0,0,0,0,0,0
201702,51,149,3,5,Prince George County          ,8,8,881150,0,0,0,0,0,0,0,0,0,8,8,881150,0,0,0,0,0,0,0,0,0
201702,51,153,3,5,Prince William County         ,123,123,21410101,0,0,0,0,0,0,1,6,650000,123,123,21410101,0,0,0,0,0,0,1,6,650000
201702,51,165,3,5,Rockingham County             ,38,38,7561950,0,0,0,0,0,0,0,0,0,38,38,7561950,0,0,0,0,0,0,0,0,0
201702,51,175,3,5,Southampton County            ,6,6,898700,0,0,0,0,0,0,0,0,0,6,6,898700,0,0,0,0,0,0,0,0,0
201702,51,177,3,5,Spotsylvania County           ,38,38,10731220,0,0,0,0,0,0,0,0,0,38,38,10731220,0,0,0,0,0,0,0,0,0
201702,51,179,3,5,Stafford County               ,54,54,12341625,0,0,0,0,0,0,0,0,0,54,54,12341625,0,0,0,0,0,0,0,0,0
201702,51,181,3,5,Surry County                  ,3,3,459369,0,0,0,0,0,0,0,0,0,0,0,0,0,0,0,0,0,0,0,0,0
201702,51,183,3,5,Sussex County                 ,1,1,69403,0,0,0,0,0,0,0,0,0,1,1,69403,0,0,0,0,0,0,0,0,0
201702,51,187,3,5,Warren County                 ,12,12,3145000,0,0,0,0,0,0,0,0,0,12,12,3145000,0,0,0,0,0,0,0,0,0
201702,51,199,3,5,York County                   ,5,5,1013000,1,2,330000,1,4,668658,0,0,0,5,5,1013000,1,2,330000,1,4,668658,0,0,0
201702,51,510,3,5,Alexandria (Independent City) ,13,13,2869000,0,0,0,0,0,0,0,0,0,13,13,2869000,0,0,0,0,0,0,0,0,0
201702,51,540,3,5,Charlottesville (Independent C,6,6,1308335,0,0,0,0,0,0,1,9,1330178,0,0,0,0,0,0,0,0,0,0,0,0
201702,51,550,3,5,Chesapeake(Independent City)  ,80,80,18228544,0,0,0,0,0,0,0,0,0,80,80,18228544,0,0,0,0,0,0,0,0,0
201702,51,570,3,5,Colonial Heights (Independent ,2,2,455714,0,0,0,0,0,0,0,0,0,2,2,455714,0,0,0,0,0,0,0,0,0
201702,51,580,3,5,Covington (Independent City)  ,1,1,75000,0,0,0,0,0,0,0,0,0,1,1,75000,0,0,0,0,0,0,0,0,0
201702,51,600,3,5,Fairfax (Independent City)    ,0,0,0,0,0,0,0,0,0,1,30,3600000,0,0,0,0,0,0,0,0,0,1,30,3600000
201702,51,610,3,5,Falls Church (Independent City,3,3,1632250,0,0,0,0,0,0,0,0,0,3,3,1632250,0,0,0,0,0,0,0,0,0
201702,51,630,3,5,Fredericksburg(Independent Cit,7,7,957400,0,0,0,0,0,0,0,0,0,7,7,957400,0,0,0,0,0,0,0,0,0
201702,51,650,3,5,Hampton (Independent City)    ,15,15,961439,0,0,0,0,0,0,0,0,0,0,0,0,0,0,0,0,0,0,0,0,0
201702,51,660,3,5,Harrisonburg (Independent City,2,2,400000,0,0,0,0,0,0,0,0,0,2,2,400000,0,0,0,0,0,0,0,0,0
201702,51,670,3,5,Hopewell (Independent City)   ,6,6,640000,0,0,0,0,0,0,0,0,0,6,6,640000,0,0,0,0,0,0,0,0,0
201702,51,680,3,5,Lynchburg (Independent City)  ,3,3,400000,0,0,0,0,0,0,0,0,0,3,3,400000,0,0,0,0,0,0,0,0,0
201702,51,683,3,5,Manassas (Independent City)   ,12,12,1691254,0,0,0,0,0,0,0,0,0,0,0,0,0,0,0,0,0,0,0,0,0
201702,51,685,3,5,Manassas Park (Independent Cit,0,0,0,0,0,0,0,0,0,0,0,0,0,0,0,0,0,0,0,0,0,0,0,0
201702,51,700,3,5,Newport News (Independent City,10,10,888149,0,0,0,0,0,0,1,23,881959,0,0,0,0,0,0,0,0,0,0,0,0
201702,51,710,3,5,Norfolk (Independent City)    ,36,36,8202845,0,0,0,0,0,0,0,0,0,36,36,8202845,0,0,0,0,0,0,0,0,0
201702,51,730,3,5,Petersburg (Independent City) ,0,0,0,0,0,0,0,0,0,1,5,254604,0,0,0,0,0,0,0,0,0,0,0,0
201702,51,735,3,5,Poquoson (Independent City)   ,5,5,1434160,0,0,0,0,0,0,0,0,0,5,5,1434160,0,0,0,0,0,0,0,0,0
201702,51,740,3,5,Portsmouth (Independent City) ,21,21,2420000,0,0,0,0,0,0,0,0,0,21,21,2420000,0,0,0,0,0,0,0,0,0
201702,51,760,3,5,Richmond (Independent City)   ,15,15,3417852,0,0,0,0,0,0,0,0,0,15,15,3417852,0,0,0,0,0,0,0,0,0
201702,51,800,3,5,Suffolk (Independent City)    ,50,50,11392840,0,0,0,0,0,0,0,0,0,50,50,11392840,0,0,0,0,0,0,0,0,0
201702,51,810,3,5,Virginia Beach (Independent Ci,54,54,18066367,0,0,0,0,0,0,0,0,0,54,54,18066367,0,0,0,0,0,0,0,0,0
201702,51,830,3,5,Williamsburg (Independent City,9,9,964995,0,0,0,0,0,0,0,0,0,9,9,964995,0,0,0,0,0,0,0,0,0
201702,53,005,4,9,Benton County                 ,67,67,19705330,0,0,0,0,0,0,1,9,1031621,22,22,6847380,0,0,0,0,0,0,0,0,0
201702,53,011,4,9,Clark County                  ,202,202,55300708,0,0,0,2,8,1149156,12,273,22364154,85,85,21535805,0,0,0,2,8,1149156,10,247,19636569
201702,53,021,4,9,Franklin County               ,35,35,9312906,0,0,0,0,0,0,0,0,0,0,0,0,0,0,0,0,0,0,0,0,0
201702,53,031,4,9,Jefferson County              ,16,16,2823320,0,0,0,0,0,0,0,0,0,8,8,1298349,0,0,0,0,0,0,0,0,0
201702,53,033,4,9,King County                   ,353,353,134428083,12,24,4175543,10,36,6786844,12,592,77245243,327,327,121221261,12,24,4175543,10,36,6786844,11,582,75805159
201702,53,035,4,9,Kitsap County                 ,103,103,31226723,0,0,0,0,0,0,0,0,0,103,103,31226723,0,0,0,0,0,0,0,0,0
201702,53,053,4,9,Pierce County                 ,165,165,49822781,3,6,679998,0,0,0,4,120,14361694,164,164,49573563,2,4,371372,0,0,0,4,120,14361694
201702,53,055,4,9,San Juan County               ,5,5,1607803,0,0,0,0,0,0,0,0,0,5,5,1607803,0,0,0,0,0,0,0,0,0
201702,53,059,4,9,Skamania County               ,2,2,558162,0,0,0,0,0,0,0,0,0,2,2,558162,0,0,0,0,0,0,0,0,0
201702,53,061,4,9,Snohomish County              ,259,259,72565103,2,4,338063,1,4,798642,8,73,6336294,236,236,67100096,2,4,338063,1,4,798642,6,51,4128426
201702,54,011,3,5,Cabell County                 ,6,6,1227636,1,2,83333,0,0,0,0,0,0,0,0,0,0,0,0,0,0,0,0,0,0
201702,54,015,3,5,Clay County                   ,0,0,0,0,0,0,0,0,0,0,0,0,0,0,0,0,0,0,0,0,0,0,0,0
201702,54,019,3,5,Fayette County                ,1,1,100000,0,0,0,0,0,0,0,0,0,1,1,100000,0,0,0,0,0,0,0,0,0
201702,54,037,3,5,Jefferson County              ,18,18,4774674,0,0,0,0,0,0,1,6,331250,15,15,4092174,0,0,0,0,0,0,0,0,0
201702,54,081,3,5,Raleigh County                ,7,7,1496000,0,0,0,0,0,0,0,0,0,7,7,1496000,0,0,0,0,0,0,0,0,0
201702,55,025,2,3,Dane County                   ,87,87,29479536,2,4,828635,1,3,324750,8,379,48913778,60,60,21418132,1,2,359000,0,0,0,5,236,30620000
201702,55,031,2,3,Douglas County                ,2,2,325000,0,0,0,0,0,0,0,0,0,2,2,325000,0,0,0,0,0,0,0,0,0
201702,55,037,2,3,Florence County               ,2,2,399400,0,0,0,0,0,0,0,0,0,2,2,399400,0,0,0,0,0,0,0,0,0
201702,55,049,2,3,Iowa County                   ,3,3,1305000,0,0,0,0,0,0,0,0,0,3,3,1305000,0,0,0,0,0,0,0,0,0
201702,55,059,2,3,Kenosha County                ,11,11,2986320,0,0,0,0,0,0,0,0,0,11,11,2986320,0,0,0,0,0,0,0,0,0
201702,55,079,2,3,Milwaukee County              ,8,8,1849992,0,0,0,0,0,0,2,39,4979306,5,5,1122375,0,0,0,0,0,0,0,0,0
201702,55,089,2,3,Ozaukee County                ,12,12,4205566,0,0,0,0,0,0,0,0,0,6,6,1414166,0,0,0,0,0,0,0,0,0
201702,55,093,2,3,Pierce County                 ,2,2,532000,0,0,0,0,0,0,0,0,0,2,2,532000,0,0,0,0,0,0,0,0,0
201702,55,109,2,3,St. Croix County              ,24,24,5974825,0,0,0,0,0,0,0,0,0,24,24,5974825,0,0,0,0,0,0,0,0,0
201702,55,131,2,3,Washington County             ,18,18,5300587,3,6,685000,0,0,0,0,0,0,13,13,3408000,3,6,685000,0,0,0,0,0,0
201702,56,029,4,8,Park County                   ,6,6,1393140,2,4,468000,0,0,0,0,0,0,6,6,1393140,2,4,468000,0,0,0,0,0,0
201702,56,039,4,8,Teton County                  ,10,10,14638156,1,2,617754,1,4,155332,0,0,0,9,9,14276600,0,0,0,0,0,0,0,0,0
