Survey,FIPS,FIPS,Region,Division,County,,1-unit,,,2-units,,,3-4 units,,,5+ units,,,1-unit rep,,,2-units rep,,,3-4 units rep,,, 5+units rep
Date,State,County,Code,Code,Name,Bldgs,Units,Value,Bldgs,Units,Value,Bldgs,Units,Value,Bldgs,Units,Value,Bldgs,Units,Value,Bldgs,Units,Value,Bldgs,Units,Value,Bldgs,Units,Value
 
201708,01,001,3,6,Autauga County                ,12,12,3519655,0,0,0,0,0,0,0,0,0,12,12,3519655,0,0,0,0,0,0,0,0,0
201708,01,007,3,6,Bibb County                   ,1,1,235594,0,0,0,0,0,0,0,0,0,0,0,0,0,0,0,0,0,0,0,0,0
201708,01,009,3,6,Blount County                 ,2,2,203840,0,0,0,0,0,0,0,0,0,2,2,203840,0,0,0,0,0,0,0,0,0
201708,01,021,3,6,Chilton County                ,4,4,458000,0,0,0,0,0,0,0,0,0,4,4,458000,0,0,0,0,0,0,0,0,0
201708,01,073,3,6,Jefferson County              ,136,136,32211167,0,0,0,0,0,0,0,0,0,123,123,30935061,0,0,0,0,0,0,0,0,0
201708,01,081,3,6,Lee County                    ,91,91,23426921,0,0,0,0,0,0,0,0,0,73,73,19143797,0,0,0,0,0,0,0,0,0
201708,01,083,3,6,Limestone County              ,31,31,4836175,0,0,0,0,0,0,0,0,0,31,31,4836175,0,0,0,0,0,0,0,0,0
201708,01,089,3,6,Madison County                ,211,211,28956004,0,0,0,0,0,0,0,0,0,211,211,28956004,0,0,0,0,0,0,0,0,0
201708,01,113,3,6,Russell County                ,23,23,1279537,0,0,0,0,0,0,0,0,0,23,23,1279537,0,0,0,0,0,0,0,0,0
201708,01,115,3,6,St. Clair County              ,15,15,2588571,0,0,0,0,0,0,0,0,0,10,10,1604633,0,0,0,0,0,0,0,0,0
201708,01,117,3,6,Shelby County                 ,101,101,23249151,0,0,0,0,0,0,1,6,920700,40,40,8225311,0,0,0,0,0,0,0,0,0
201708,01,127,3,6,Walker County                 ,0,0,0,0,0,0,0,0,0,0,0,0,0,0,0,0,0,0,0,0,0,0,0,0
201708,02,013,4,9,Aleutians East Borough        ,0,0,0,0,0,0,0,0,0,0,0,0,0,0,0,0,0,0,0,0,0,0,0,0
201708,02,016,4,9,Aleutians West Census Area    ,0,0,0,0,0,0,0,0,0,0,0,0,0,0,0,0,0,0,0,0,0,0,0,0
201708,02,020,4,9,Anchorage Municipality        ,75,75,23499788,0,0,0,1,4,694374,2,19,3003816,0,0,0,0,0,0,0,0,0,0,0,0
201708,02,050,4,9,Bethel Census Area            ,1,1,350000,0,0,0,0,0,0,0,0,0,1,1,350000,0,0,0,0,0,0,0,0,0
201708,02,060,4,9,Bristol Bay Borough           ,0,0,0,0,0,0,0,0,0,0,0,0,0,0,0,0,0,0,0,0,0,0,0,0
201708,02,070,4,9,Dillingham Census Area        ,0,0,0,0,0,0,0,0,0,0,0,0,0,0,0,0,0,0,0,0,0,0,0,0
201708,02,090,4,9,Fairbanks North Star Borough  ,0,0,0,0,0,0,0,0,0,0,0,0,0,0,0,0,0,0,0,0,0,0,0,0
201708,02,100,4,9,Haines Borough                ,1,1,278570,0,0,0,0,0,0,0,0,0,0,0,0,0,0,0,0,0,0,0,0,0
201708,02,105,4,9,Hoonah-Angoon Census Area     ,0,0,0,0,0,0,0,0,0,0,0,0,0,0,0,0,0,0,0,0,0,0,0,0
201708,02,110,4,9,Juneau City and Borough       ,3,3,663663,3,6,786143,0,0,0,0,0,0,3,3,663663,3,6,786143,0,0,0,0,0,0
201708,02,122,4,9,Kenai Peninsula Borough       ,13,13,3641476,2,4,790465,0,0,0,0,0,0,9,9,2758000,1,2,540000,0,0,0,0,0,0
201708,02,130,4,9,Ketchikan Gateway Borough     ,4,4,1164207,0,0,0,0,0,0,0,0,0,4,4,1164207,0,0,0,0,0,0,0,0,0
201708,02,150,4,9,Kodiak Island Borough         ,0,0,0,1,2,366691,0,0,0,4,20,4139211,0,0,0,1,2,366691,0,0,0,4,20,4139211
201708,02,158,4,9,Kusilvak Census Area          ,0,0,0,0,0,0,0,0,0,0,0,0,0,0,0,0,0,0,0,0,0,0,0,0
201708,02,170,4,9,Matanuska-Susitna Borough     ,5,5,1438241,4,8,1127150,0,0,0,0,0,0,5,5,1438241,4,8,1127150,0,0,0,0,0,0
201708,02,180,4,9,Nome Census Area              ,1,1,135319,0,0,0,0,0,0,0,0,0,0,0,0,0,0,0,0,0,0,0,0,0
201708,02,185,4,9,North Slope Borough           ,0,0,0,0,0,0,0,0,0,0,0,0,0,0,0,0,0,0,0,0,0,0,0,0
201708,02,188,4,9,Northwest Arctic Borough      ,1,1,310203,0,0,0,0,0,0,0,0,0,0,0,0,0,0,0,0,0,0,0,0,0
201708,02,195,4,9,Petersburg Borough            ,1,1,348917,0,0,0,0,0,0,0,0,0,0,0,0,0,0,0,0,0,0,0,0,0
201708,02,198,4,9,Prince of Wales-Hyder Census A,0,0,0,0,0,0,0,0,0,0,0,0,0,0,0,0,0,0,0,0,0,0,0,0
201708,02,220,4,9,Sitka City and Borough        ,1,1,248107,0,0,0,0,0,0,0,0,0,0,0,0,0,0,0,0,0,0,0,0,0
201708,02,230,4,9,Skagway Municipality          ,0,0,0,0,0,0,0,0,0,0,0,0,0,0,0,0,0,0,0,0,0,0,0,0
201708,02,261,4,9,Valdez-Cordova Census Area    ,2,2,224600,0,0,0,0,0,0,0,0,0,1,1,35000,0,0,0,0,0,0,0,0,0
201708,02,275,4,9,Wrangell City and Borough     ,0,0,0,0,0,0,0,0,0,0,0,0,0,0,0,0,0,0,0,0,0,0,0,0
201708,02,282,4,9,Yakutat City and Borough      ,0,0,0,0,0,0,0,0,0,0,0,0,0,0,0,0,0,0,0,0,0,0,0,0
201708,02,290,4,9,Yukon-Koyukuk Census Area     ,0,0,0,0,0,0,0,0,0,0,0,0,0,0,0,0,0,0,0,0,0,0,0,0
201708,04,013,4,8,Maricopa County               ,1591,1591,430858079,18,36,6092836,13,44,8139241,26,1156,168208615,1569,1569,418671248,18,36,6092836,12,41,6591519,25,1151,167452393
201708,04,019,4,8,Pima County                   ,243,243,68435123,0,0,0,0,0,0,6,45,6097206,88,88,23306133,0,0,0,0,0,0,5,40,5669440
201708,04,021,4,8,Pinal County                  ,363,363,71515517,2,4,265269,0,0,0,0,0,0,363,363,71515517,2,4,265269,0,0,0,0,0,0
201708,05,013,3,7,Calhoun County                ,0,0,0,0,0,0,0,0,0,0,0,0,0,0,0,0,0,0,0,0,0,0,0,0
201708,05,035,3,7,Crittenden County             ,4,4,735000,0,0,0,0,0,0,0,0,0,4,4,735000,0,0,0,0,0,0,0,0,0
201708,05,045,3,7,Faulkner County               ,29,29,6156716,1,2,152889,0,0,0,1,5,187500,9,9,1575000,0,0,0,0,0,0,0,0,0
201708,05,053,3,7,Grant County                  ,1,1,152000,0,0,0,0,0,0,0,0,0,0,0,0,0,0,0,0,0,0,0,0,0
201708,05,085,3,7,Lonoke County                 ,33,33,4471535,0,0,0,0,0,0,0,0,0,12,12,2660213,0,0,0,0,0,0,0,0,0
201708,05,087,3,7,Madison County                ,1,1,79000,0,0,0,0,0,0,0,0,0,1,1,79000,0,0,0,0,0,0,0,0,0
201708,05,091,3,7,Miller County                 ,4,4,596427,0,0,0,0,0,0,0,0,0,0,0,0,0,0,0,0,0,0,0,0,0
201708,05,105,3,7,Perry County                  ,0,0,0,0,0,0,0,0,0,0,0,0,0,0,0,0,0,0,0,0,0,0,0,0
201708,05,119,3,7,Pulaski County                ,147,147,23240942,0,0,0,0,0,0,0,0,0,147,147,23240942,0,0,0,0,0,0,0,0,0
201708,05,129,3,7,Searcy County                 ,0,0,0,0,0,0,0,0,0,0,0,0,0,0,0,0,0,0,0,0,0,0,0,0
201708,05,143,3,7,Washington County             ,105,105,31897833,0,0,0,0,0,0,0,0,0,90,90,30133524,0,0,0,0,0,0,0,0,0
201708,06,001,4,9,Alameda County                ,203,203,64554351,3,6,1624984,2,7,1804224,17,771,121752227,72,72,21137206,2,4,1150542,0,0,0,11,690,105656587
201708,06,013,4,9,Contra Costa County           ,161,161,49937594,0,0,0,1,4,188352,1,18,6813026,119,119,38068030,0,0,0,0,0,0,1,18,6813026
201708,06,017,4,9,El Dorado County              ,81,81,28290775,0,0,0,0,0,0,0,0,0,74,74,26952768,0,0,0,0,0,0,0,0,0
201708,06,019,4,9,Fresno County                 ,226,226,59647367,0,0,0,6,18,745932,0,0,0,222,222,59154801,0,0,0,6,18,745932,0,0,0
201708,06,037,4,9,Los Angeles County            ,432,432,147849852,48,96,17208624,11,40,7265255,31,2220,434360504,370,370,116605316,48,96,17208624,8,31,5788862,28,2145,418127554
201708,06,041,4,9,Marin County                  ,7,7,6045375,0,0,0,0,0,0,0,0,0,6,6,5383750,0,0,0,0,0,0,0,0,0
201708,06,059,4,9,Orange County                 ,383,383,121991039,15,30,7851669,3,10,2107282,16,176,22475136,280,280,84446324,13,26,6518312,3,10,2107282,14,98,15499675
201708,06,061,4,9,Placer County                 ,220,220,63770005,0,0,0,0,0,0,0,0,0,218,218,63116197,0,0,0,0,0,0,0,0,0
201708,06,063,4,9,Plumas County                 ,9,9,1781278,0,0,0,0,0,0,0,0,0,9,9,1781278,0,0,0,0,0,0,0,0,0
201708,06,067,4,9,Sacramento County             ,250,250,68936328,8,16,1743815,0,0,0,2,12,2238576,248,248,68464215,8,16,1743815,0,0,0,2,12,2238576
201708,06,069,4,9,San Benito County             ,78,78,18222398,0,0,0,0,0,0,0,0,0,77,77,17978098,0,0,0,0,0,0,0,0,0
201708,06,071,4,9,San Bernardino County         ,300,300,72310048,0,0,0,0,0,0,5,38,4325199,271,271,64039227,0,0,0,0,0,0,2,20,2190260
201708,06,073,4,9,San Diego County              ,269,269,84701623,1,2,885000,9,30,3273919,12,162,25692875,267,267,84269130,1,2,885000,9,30,3273919,11,152,20258093
201708,06,075,4,9,San Francisco County          ,1,1,274034,0,0,0,1,3,486056,4,236,57157800,1,1,274034,0,0,0,1,3,486056,4,236,57157800
201708,06,081,4,9,San Mateo County              ,39,39,40919651,2,4,1300000,0,0,0,7,122,23270505,14,14,27198398,0,0,0,0,0,0,0,0,0
201708,06,085,4,9,Santa Clara County            ,218,218,78385864,1,2,560199,2,7,1735651,9,210,59921716,187,187,68082403,1,2,560199,0,0,0,7,165,52638514
201708,06,091,4,9,Sierra County                 ,0,0,0,0,0,0,0,0,0,0,0,0,0,0,0,0,0,0,0,0,0,0,0,0
201708,06,113,4,9,Yolo County                   ,21,21,6862829,0,0,0,0,0,0,0,0,0,21,21,6862829,0,0,0,0,0,0,0,0,0
201708,08,001,4,8,Adams County                  ,161,161,45496692,1,2,434896,0,0,0,10,221,31892912,161,161,45496692,1,2,434896,0,0,0,10,221,31892912
201708,08,005,4,8,Arapahoe County               ,166,166,40911778,0,0,0,2,6,746168,7,65,13332253,166,166,40911778,0,0,0,2,6,746168,7,65,13332253
201708,08,014,4,8,Broomfield County             ,33,33,9063722,0,0,0,0,0,0,0,0,0,33,33,9063722,0,0,0,0,0,0,0,0,0
201708,08,015,4,8,Chaffee County                ,15,15,3973324,0,0,0,0,0,0,0,0,0,0,0,0,0,0,0,0,0,0,0,0,0
201708,08,019,4,8,Clear Creek County            ,5,5,1980634,0,0,0,0,0,0,0,0,0,5,5,1980634,0,0,0,0,0,0,0,0,0
201708,08,031,4,8,Denver County                 ,215,215,58917418,0,0,0,0,0,0,3,492,15788028,215,215,58917418,0,0,0,0,0,0,3,492,15788028
201708,08,035,4,8,Douglas County                ,275,275,86994226,1,2,418365,0,0,0,5,74,9278726,267,267,83810047,1,2,418365,0,0,0,5,74,9278726
201708,08,039,4,8,Elbert County                 ,28,28,8714134,0,0,0,0,0,0,0,0,0,27,27,8553704,0,0,0,0,0,0,0,0,0
201708,08,041,4,8,El Paso County                ,335,335,131699252,0,0,0,0,0,0,1,180,17409778,335,335,131699252,0,0,0,0,0,0,1,180,17409778
201708,08,047,4,8,Gilpin County                 ,1,1,274034,0,0,0,0,0,0,0,0,0,1,1,274034,0,0,0,0,0,0,0,0,0
201708,08,069,4,8,Larimer County                ,123,123,33979826,4,8,2202350,1,4,683102,9,243,33841299,120,120,33153690,4,8,2202350,1,4,683102,9,243,33841299
201708,08,077,4,8,Mesa County                   ,64,64,10665076,1,2,181874,0,0,0,0,0,0,64,64,10665076,1,2,181874,0,0,0,0,0,0
201708,08,093,4,8,Park County                   ,22,22,4562105,0,0,0,1,4,700000,0,0,0,22,22,4562105,0,0,0,1,4,700000,0,0,0
201708,08,101,4,8,Pueblo County                 ,30,30,5137021,0,0,0,0,0,0,0,0,0,30,30,5137021,0,0,0,0,0,0,0,0,0
201708,08,119,4,8,Teller County                 ,10,10,3043289,0,0,0,0,0,0,0,0,0,10,10,3043289,0,0,0,0,0,0,0,0,0
201708,09,001,1,1,Fairfield County              ,87,87,50878985,3,6,791060,0,0,0,2,75,20805268,61,61,33265811,2,4,663860,0,0,0,1,70,20400000
201708,09,003,1,1,Hartford County               ,36,36,7096476,0,0,0,0,0,0,3,25,2293431,25,25,5357610,0,0,0,0,0,0,2,20,2050000
201708,09,007,1,1,Middlesex County              ,10,10,2459872,0,0,0,0,0,0,0,0,0,5,5,1270775,0,0,0,0,0,0,0,0,0
201708,09,013,1,1,Tolland County                ,14,14,2787489,0,0,0,0,0,0,2,15,1403650,10,10,1945347,0,0,0,0,0,0,1,10,790000
201708,10,001,3,5,Kent County                   ,118,118,18402881,1,2,430475,0,0,0,2,36,4523040,114,114,17927962,1,2,430475,0,0,0,2,36,4523040
201708,10,003,3,5,New Castle County             ,115,115,9929312,0,0,0,0,0,0,5,90,5381552,15,15,1692309,0,0,0,0,0,0,2,48,1622700
201708,10,005,3,5,Sussex County                 ,232,232,33646907,6,12,1896868,1,3,450000,3,43,3563560,232,232,33646907,6,12,1896868,1,3,450000,3,43,3563560
201708,11,001,3,5,Washington  DC                ,34,34,7716790,1,2,216011,0,0,0,4,401,39957351,0,0,0,0,0,0,0,0,0,0,0,0
201708,12,003,3,5,Baker County                  ,15,15,2203316,0,0,0,0,0,0,5,30,3670020,15,15,2203316,0,0,0,0,0,0,5,30,3670020
201708,12,019,3,5,Clay County                   ,77,77,19053558,1,2,262000,0,0,0,0,0,0,77,77,19053558,1,2,262000,0,0,0,0,0,0
201708,12,029,3,5,Dixie County                  ,3,3,378970,0,0,0,0,0,0,0,0,0,0,0,0,0,0,0,0,0,0,0,0,0
201708,12,031,3,5,Duval County                  ,279,279,66443442,0,0,0,0,0,0,15,371,39963787,258,258,59661444,0,0,0,0,0,0,15,371,39963787
201708,12,033,3,5,Escambia County               ,112,112,25899541,2,4,272000,0,0,0,0,0,0,112,112,25899541,2,4,272000,0,0,0,0,0,0
201708,12,053,3,5,Hernando County               ,65,65,13558494,0,0,0,0,0,0,0,0,0,65,65,13558494,0,0,0,0,0,0,0,0,0
201708,12,057,3,5,Hillsborough County           ,672,672,215894510,1,2,538066,0,0,0,6,237,41034788,672,672,215894510,1,2,538066,0,0,0,6,237,41034788
201708,12,067,3,5,Lafayette County              ,0,0,0,0,0,0,0,0,0,0,0,0,0,0,0,0,0,0,0,0,0,0,0,0
201708,12,071,3,5,Lee County                    ,525,525,116339970,13,26,3562140,2,8,2103306,5,30,3463200,515,515,114306133,13,26,3562140,2,8,2103306,5,30,3463200
201708,12,073,3,5,Leon County                   ,57,57,11863717,0,0,0,0,0,0,2,49,3555754,24,24,6218500,0,0,0,0,0,0,0,0,0
201708,12,081,3,5,Manatee County                ,259,259,62922647,1,2,565249,1,4,479020,3,90,6601033,256,256,61552811,0,0,0,1,4,479020,3,90,6601033
201708,12,086,3,5,Miami-Dade County             ,191,191,67348211,3,6,1027650,0,0,0,11,421,51172938,133,133,47483568,3,6,1027650,0,0,0,9,410,41577090
201708,12,089,3,5,Nassau County                 ,99,99,30622338,0,0,0,0,0,0,0,0,0,95,95,29955150,0,0,0,0,0,0,0,0,0
201708,12,091,3,5,Okaloosa County               ,145,145,25127597,0,0,0,0,0,0,0,0,0,141,141,24556934,0,0,0,0,0,0,0,0,0
201708,12,095,3,5,Orange County                 ,574,574,147367975,6,12,1548558,2,6,1052151,2,184,33923391,563,563,142334974,6,12,1548558,2,6,1052151,1,157,30175970
201708,12,097,3,5,Osceola County                ,468,468,117832013,0,0,0,2,8,1289897,0,0,0,380,380,97044994,0,0,0,2,8,1289897,0,0,0
201708,12,101,3,5,Pasco County                  ,347,347,68075984,0,0,0,0,0,0,1,5,431250,345,345,67886548,0,0,0,0,0,0,0,0,0
201708,12,103,3,5,Pinellas County               ,95,95,25037403,1,2,69000,0,0,0,2,40,3050785,84,84,21932554,1,2,69000,0,0,0,0,0,0
201708,12,109,3,5,St. Johns County              ,381,381,88370658,0,0,0,2,8,1612097,0,0,0,381,381,88370658,0,0,0,2,8,1612097,0,0,0
201708,12,113,3,5,Santa Rosa County             ,180,180,28065029,0,0,0,0,0,0,0,0,0,180,180,28065029,0,0,0,0,0,0,0,0,0
201708,12,115,3,5,Sarasota County               ,363,363,95716022,0,0,0,4,16,3560686,2,14,2976816,325,325,83796385,0,0,0,4,16,3560686,2,14,2976816
201708,12,117,3,5,Seminole County               ,142,142,45447266,0,0,0,0,0,0,13,366,29311967,134,134,43238271,0,0,0,0,0,0,10,279,23639935
201708,12,119,3,5,Sumter County                 ,191,191,56679235,0,0,0,0,0,0,0,0,0,191,191,56679235,0,0,0,0,0,0,0,0,0
201708,12,129,3,5,Wakulla County                ,29,29,4078000,0,0,0,0,0,0,0,0,0,29,29,4078000,0,0,0,0,0,0,0,0,0
201708,12,131,3,5,Walton County                 ,70,70,34204587,0,0,0,0,0,0,0,0,0,70,70,34204587,0,0,0,0,0,0,0,0,0
201708,12,133,3,5,Washington County             ,5,5,722909,0,0,0,0,0,0,0,0,0,0,0,0,0,0,0,0,0,0,0,0,0
201708,13,007,3,5,Baker County                  ,0,0,0,0,0,0,0,0,0,0,0,0,0,0,0,0,0,0,0,0,0,0,0,0
201708,13,013,3,5,Barrow County                 ,45,45,6448748,0,0,0,0,0,0,0,0,0,31,31,4785150,0,0,0,0,0,0,0,0,0
201708,13,015,3,5,Bartow County                 ,70,70,6701360,0,0,0,0,0,0,0,0,0,50,50,3631495,0,0,0,0,0,0,0,0,0
201708,13,021,3,5,Bibb County                   ,15,15,2099067,0,0,0,0,0,0,0,0,0,15,15,2099067,0,0,0,0,0,0,0,0,0
201708,13,029,3,5,Bryan County                  ,35,35,7239231,0,0,0,0,0,0,1,5,501770,22,22,4277093,0,0,0,0,0,0,0,0,0
201708,13,033,3,5,Burke County                  ,5,5,895023,0,0,0,0,0,0,0,0,0,0,0,0,0,0,0,0,0,0,0,0,0
201708,13,035,3,5,Butts County                  ,4,4,925000,0,0,0,0,0,0,0,0,0,4,4,925000,0,0,0,0,0,0,0,0,0
201708,13,045,3,5,Carroll County                ,23,23,4944364,0,0,0,0,0,0,0,0,0,23,23,4944364,0,0,0,0,0,0,0,0,0
201708,13,051,3,5,Chatham County                ,66,66,11424538,0,0,0,0,0,0,11,60,3300000,65,65,11125869,0,0,0,0,0,0,11,60,3300000
201708,13,057,3,5,Cherokee County               ,206,206,63620457,0,0,0,0,0,0,0,0,0,206,206,63620457,0,0,0,0,0,0,0,0,0
201708,13,059,3,5,Clarke County                 ,11,11,2110508,0,0,0,0,0,0,7,68,8804816,11,11,2110508,0,0,0,0,0,0,7,68,8804816
201708,13,063,3,5,Clayton County                ,22,22,4854918,0,0,0,0,0,0,0,0,0,21,21,4774918,0,0,0,0,0,0,0,0,0
201708,13,067,3,5,Cobb County                   ,124,124,36309144,0,0,0,9,34,8875937,6,35,8088428,119,119,35354676,0,0,0,9,34,8875937,6,35,8088428
201708,13,073,3,5,Columbia County               ,103,103,20978220,0,0,0,0,0,0,0,0,0,103,103,20978220,0,0,0,0,0,0,0,0,0
201708,13,077,3,5,Coweta County                 ,85,85,29698481,0,0,0,0,0,0,0,0,0,48,48,19061197,0,0,0,0,0,0,0,0,0
201708,13,085,3,5,Dawson County                 ,40,40,8607641,0,0,0,0,0,0,0,0,0,40,40,8607641,0,0,0,0,0,0,0,0,0
201708,13,095,3,5,Dougherty County              ,1,1,140712,0,0,0,0,0,0,0,0,0,1,1,140712,0,0,0,0,0,0,0,0,0
201708,13,097,3,5,Douglas County                ,57,57,12609996,0,0,0,0,0,0,0,0,0,57,57,12609996,0,0,0,0,0,0,0,0,0
201708,13,111,3,5,Fannin County                 ,32,32,6215235,0,0,0,0,0,0,0,0,0,32,32,6215235,0,0,0,0,0,0,0,0,0
201708,13,113,3,5,Fayette County                ,35,35,9962790,0,0,0,0,0,0,1,5,798742,17,17,4223690,0,0,0,0,0,0,0,0,0
201708,13,115,3,5,Floyd County                  ,12,12,2155600,0,0,0,0,0,0,0,0,0,12,12,2155600,0,0,0,0,0,0,0,0,0
201708,13,117,3,5,Forsyth County                ,264,264,36121050,0,0,0,0,0,0,0,0,0,264,264,36121050,0,0,0,0,0,0,0,0,0
201708,13,121,3,5,Fulton County                 ,229,229,63470702,1,2,618000,0,0,0,7,345,42923290,200,200,56640880,1,2,618000,0,0,0,6,340,42901059
201708,13,127,3,5,Glynn County                  ,48,48,14490624,0,0,0,0,0,0,0,0,0,0,0,0,0,0,0,0,0,0,0,0,0
201708,13,135,3,5,Gwinnett County               ,317,317,74288631,0,0,0,0,0,0,0,0,0,312,312,72866237,0,0,0,0,0,0,0,0,0
201708,13,143,3,5,Haralson County               ,4,4,910989,0,0,0,0,0,0,0,0,0,0,0,0,0,0,0,0,0,0,0,0,0
201708,13,145,3,5,Harris County                 ,11,11,2350595,0,0,0,0,0,0,0,0,0,11,11,2350595,0,0,0,0,0,0,0,0,0
201708,13,149,3,5,Heard County                  ,1,1,231246,0,0,0,0,0,0,0,0,0,1,1,231246,0,0,0,0,0,0,0,0,0
201708,13,151,3,5,Henry County                  ,150,150,26204370,0,0,0,0,0,0,0,0,0,119,119,21990098,0,0,0,0,0,0,0,0,0
201708,13,159,3,5,Jasper County                 ,6,6,803844,0,0,0,0,0,0,0,0,0,0,0,0,0,0,0,0,0,0,0,0,0
201708,13,171,3,5,Lamar County                  ,2,2,206565,0,0,0,0,0,0,0,0,0,2,2,206565,0,0,0,0,0,0,0,0,0
201708,13,177,3,5,Lee County                    ,256,256,16135220,0,0,0,0,0,0,0,0,0,256,256,16135220,0,0,0,0,0,0,0,0,0
201708,13,179,3,5,Liberty County                ,19,19,4036853,0,0,0,0,0,0,0,0,0,19,19,4036853,0,0,0,0,0,0,0,0,0
201708,13,189,3,5,McDuffie County               ,3,3,427435,0,0,0,0,0,0,0,0,0,0,0,0,0,0,0,0,0,0,0,0,0
201708,13,199,3,5,Meriwether County             ,3,3,682798,0,0,0,0,0,0,0,0,0,0,0,0,0,0,0,0,0,0,0,0,0
201708,13,201,3,5,Miller County                 ,1,1,215687,0,0,0,0,0,0,0,0,0,1,1,215687,0,0,0,0,0,0,0,0,0
201708,13,207,3,5,Monroe County                 ,11,11,2440950,0,0,0,0,0,0,0,0,0,0,0,0,0,0,0,0,0,0,0,0,0
201708,13,215,3,5,Muscogee County               ,27,27,5180271,0,0,0,1,4,246186,2,10,2489478,0,0,0,0,0,0,0,0,0,0,0,0
201708,13,217,3,5,Newton County                 ,66,66,15262230,0,0,0,0,0,0,0,0,0,66,66,15262230,0,0,0,0,0,0,0,0,0
201708,13,227,3,5,Pickens County                ,16,16,4306000,0,0,0,0,0,0,0,0,0,16,16,4306000,0,0,0,0,0,0,0,0,0
201708,13,231,3,5,Pike County                   ,14,14,2833750,0,0,0,0,0,0,0,0,0,13,13,2764000,0,0,0,0,0,0,0,0,0
201708,13,235,3,5,Pulaski County                ,0,0,0,0,0,0,0,0,0,0,0,0,0,0,0,0,0,0,0,0,0,0,0,0
201708,13,245,3,5,Richmond County               ,31,31,4743542,0,0,0,0,0,0,1,23,1540009,0,0,0,0,0,0,0,0,0,0,0,0
201708,13,247,3,5,Rockdale County               ,32,32,7066917,0,0,0,0,0,0,0,0,0,32,32,7066917,0,0,0,0,0,0,0,0,0
201708,13,255,3,5,Spalding County               ,32,32,3548627,0,0,0,0,0,0,0,0,0,31,31,3470177,0,0,0,0,0,0,0,0,0
201708,13,275,3,5,Thomas County                 ,11,11,1674043,0,0,0,0,0,0,0,0,0,11,11,1674043,0,0,0,0,0,0,0,0,0
201708,13,291,3,5,Union County                  ,18,18,5195417,0,0,0,0,0,0,0,0,0,18,18,5195417,0,0,0,0,0,0,0,0,0
201708,15,001,4,9,Hawaii County                 ,104,104,36918359,0,0,0,0,0,0,0,0,0,104,104,36918359,0,0,0,0,0,0,0,0,0
201708,15,003,4,9,Honolulu County               ,73,73,30574906,0,0,0,0,0,0,0,0,0,73,73,30574906,0,0,0,0,0,0,0,0,0
201708,15,007,4,9,Kauai County                  ,24,24,8648345,1,2,1150000,0,0,0,1,13,4745000,24,24,8648345,1,2,1150000,0,0,0,1,13,4745000
201708,15,009,4,9,Maui County                   ,19,19,4163183,15,30,7679190,0,0,0,0,0,0,19,19,4163183,15,30,7679190,0,0,0,0,0,0
201708,16,001,4,8,Ada County                    ,446,446,115768220,1,2,560099,0,0,0,31,415,55368410,394,394,105099096,1,2,560099,0,0,0,31,415,55368410
201708,16,015,4,8,Boise County                  ,5,5,1593390,0,0,0,0,0,0,0,0,0,5,5,1593390,0,0,0,0,0,0,0,0,0
201708,16,027,4,8,Canyon County                 ,142,142,24199802,0,0,0,4,16,1118187,0,0,0,128,128,21760495,0,0,0,4,16,1118187,0,0,0
201708,16,045,4,8,Gem County                    ,4,4,617137,0,0,0,0,0,0,0,0,0,4,4,617137,0,0,0,0,0,0,0,0,0
201708,16,073,4,8,Owyhee County                 ,2,2,322655,0,0,0,0,0,0,0,0,0,1,1,163672,0,0,0,0,0,0,0,0,0
201708,17,005,2,3,Bond County                   ,1,1,176208,0,0,0,0,0,0,0,0,0,0,0,0,0,0,0,0,0,0,0,0,0
201708,17,013,2,3,Calhoun County                ,3,3,177500,0,0,0,0,0,0,0,0,0,3,3,177500,0,0,0,0,0,0,0,0,0
201708,17,031,2,3,Cook County                   ,155,155,52344971,8,16,5627100,22,71,14983554,24,327,48338186,123,123,43559527,8,16,5627100,21,68,14536012,23,322,47417804
201708,17,037,2,3,DeKalb County                 ,15,15,2585000,0,0,0,0,0,0,0,0,0,15,15,2585000,0,0,0,0,0,0,0,0,0
201708,17,039,2,3,De Witt County                ,3,3,670000,0,0,0,0,0,0,0,0,0,3,3,670000,0,0,0,0,0,0,0,0,0
201708,17,043,2,3,DuPage County                 ,102,102,41706988,3,6,1940000,6,23,3578656,3,37,1640432,91,91,37405154,3,6,1940000,6,23,3578656,2,10,1000000
201708,17,063,2,3,Grundy County                 ,7,7,1790427,0,0,0,0,0,0,3,15,769230,4,4,1203704,0,0,0,0,0,0,0,0,0
201708,17,083,2,3,Jersey County                 ,3,3,467993,0,0,0,0,0,0,0,0,0,0,0,0,0,0,0,0,0,0,0,0,0
201708,17,093,2,3,Kendall County                ,50,50,11081408,0,0,0,0,0,0,0,0,0,45,45,9940520,0,0,0,0,0,0,0,0,0
201708,17,097,2,3,Lake County                   ,57,57,19550400,1,2,83333,0,0,0,5,89,11205657,39,39,11578520,0,0,0,0,0,0,3,71,6554157
201708,17,111,2,3,McHenry County                ,25,25,5041337,0,0,0,0,0,0,0,0,0,17,17,3546296,0,0,0,0,0,0,0,0,0
201708,17,119,2,3,Madison County                ,29,29,6773276,1,2,280000,0,0,0,1,16,1801389,23,23,5694049,1,2,280000,0,0,0,1,16,1801389
201708,17,133,2,3,Monroe County                 ,20,20,4839271,0,0,0,0,0,0,1,6,696449,20,20,4839271,0,0,0,0,0,0,1,6,696449
201708,17,197,2,3,Will County                   ,141,141,36840680,0,0,0,0,0,0,1,5,1015625,120,120,31411944,0,0,0,0,0,0,0,0,0
201708,18,003,2,3,Allen County                  ,86,86,22248561,0,0,0,0,0,0,1,22,3000000,86,86,22248561,0,0,0,0,0,0,1,22,3000000
201708,18,011,2,3,Boone County                  ,45,45,13531772,2,4,689100,0,0,0,0,0,0,42,42,13146537,2,4,689100,0,0,0,0,0,0
201708,18,013,2,3,Brown County                  ,8,8,2069634,0,0,0,0,0,0,0,0,0,8,8,2069634,0,0,0,0,0,0,0,0,0
201708,18,019,2,3,Clark County                  ,47,47,10008633,0,0,0,0,0,0,0,0,0,47,47,10008633,0,0,0,0,0,0,0,0,0
201708,18,047,2,3,Franklin County               ,5,5,1183000,0,0,0,0,0,0,0,0,0,5,5,1183000,0,0,0,0,0,0,0,0,0
201708,18,057,2,3,Hamilton County               ,187,187,65446477,0,0,0,0,0,0,0,0,0,187,187,65446477,0,0,0,0,0,0,0,0,0
201708,18,059,2,3,Hancock County                ,30,30,7205459,0,0,0,0,0,0,0,0,0,30,30,7205459,0,0,0,0,0,0,0,0,0
201708,18,061,2,3,Harrison County               ,10,10,2000000,0,0,0,0,0,0,0,0,0,10,10,2000000,0,0,0,0,0,0,0,0,0
201708,18,063,2,3,Hendricks County              ,98,98,24343029,1,2,137273,0,0,0,1,23,1906008,63,63,16614586,0,0,0,0,0,0,0,0,0
201708,18,069,2,3,Huntington County             ,15,15,3278601,0,0,0,0,0,0,0,0,0,15,15,3278601,0,0,0,0,0,0,0,0,0
201708,18,073,2,3,Jasper County                 ,6,6,1443521,0,0,0,0,0,0,0,0,0,6,6,1443521,0,0,0,0,0,0,0,0,0
201708,18,081,2,3,Johnson County                ,84,84,18108768,2,4,508000,0,0,0,0,0,0,47,47,10845617,2,4,508000,0,0,0,0,0,0
201708,18,087,2,3,Lagrange County               ,13,13,2500000,0,0,0,0,0,0,0,0,0,13,13,2500000,0,0,0,0,0,0,0,0,0
201708,18,089,2,3,Lake County                   ,140,140,32011571,1,2,378039,0,0,0,1,6,1032000,133,133,30885268,1,2,378039,0,0,0,1,6,1032000
201708,18,097,2,3,Marion County                 ,102,102,25686972,3,6,726889,0,0,0,0,0,0,92,92,23800787,3,6,726889,0,0,0,0,0,0
201708,18,105,2,3,Monroe County                 ,35,35,9054647,0,0,0,0,0,0,1,14,1625049,35,35,9054647,0,0,0,0,0,0,1,14,1625049
201708,18,109,2,3,Morgan County                 ,12,12,2352408,0,0,0,0,0,0,0,0,0,12,12,2352408,0,0,0,0,0,0,0,0,0
201708,18,111,2,3,Newton County                 ,2,2,421680,0,0,0,0,0,0,0,0,0,0,0,0,0,0,0,0,0,0,0,0,0
201708,18,115,2,3,Ohio County                   ,2,2,363000,0,0,0,0,0,0,0,0,0,2,2,363000,0,0,0,0,0,0,0,0,0
201708,18,119,2,3,Owen County                   ,4,4,691917,0,0,0,0,0,0,0,0,0,0,0,0,0,0,0,0,0,0,0,0,0
201708,18,127,2,3,Porter County                 ,48,48,13064556,0,0,0,0,0,0,3,24,2966002,23,23,6272626,0,0,0,0,0,0,3,24,2966002
201708,18,133,2,3,Putnam County                 ,7,7,1487729,0,0,0,0,0,0,0,0,0,2,2,160000,0,0,0,0,0,0,0,0,0
201708,18,145,2,3,Shelby County                 ,6,6,966000,0,0,0,0,0,0,0,0,0,6,6,966000,0,0,0,0,0,0,0,0,0
201708,18,151,2,3,Steuben County                ,19,19,5508539,0,0,0,0,0,0,0,0,0,19,19,5508539,0,0,0,0,0,0,0,0,0
201708,18,157,2,3,Tippecanoe County             ,42,42,9875571,2,4,720000,0,0,0,1,5,394231,3,3,874870,0,0,0,0,0,0,0,0,0
201708,18,163,2,3,Vanderburgh County            ,20,20,3629006,1,2,235000,0,0,0,0,0,0,20,20,3629006,1,2,235000,0,0,0,0,0,0
201708,18,167,2,3,Vigo County                   ,3,3,399840,2,4,345455,0,0,0,1,29,1830020,0,0,0,0,0,0,0,0,0,0,0,0
201708,18,175,2,3,Washington County             ,3,3,494615,0,0,0,0,0,0,0,0,0,0,0,0,0,0,0,0,0,0,0,0,0
201708,18,183,2,3,Whitley County                ,11,11,2567037,0,0,0,0,0,0,0,0,0,11,11,2567037,0,0,0,0,0,0,0,0,0
201708,19,049,2,4,Dallas County                 ,184,184,36011443,0,0,0,0,0,0,1,5,460526,182,182,35488635,0,0,0,0,0,0,0,0,0
201708,19,085,2,4,Harrison County               ,2,2,400000,0,0,0,0,0,0,0,0,0,1,1,150000,0,0,0,0,0,0,0,0,0
201708,19,129,2,4,Mills County                  ,0,0,0,0,0,0,0,0,0,0,0,0,0,0,0,0,0,0,0,0,0,0,0,0
201708,19,153,2,4,Polk County                   ,240,240,62148691,0,0,0,0,0,0,5,297,32385422,240,240,62148691,0,0,0,0,0,0,5,297,32385422
201708,19,181,2,4,Warren County                 ,10,10,3231401,1,2,290275,0,0,0,0,0,0,9,9,2992574,1,2,290275,0,0,0,0,0,0
201708,20,091,2,4,Johnson County                ,166,166,51502527,6,12,3132000,8,30,5627124,2,35,3827391,156,156,48264635,6,12,3132000,8,30,5627124,0,0,0
201708,20,103,2,4,Leavenworth County            ,17,17,3647589,0,0,0,0,0,0,0,0,0,17,17,3647589,0,0,0,0,0,0,0,0,0
201708,20,107,2,4,Linn County                   ,4,4,242809,0,0,0,0,0,0,0,0,0,2,2,21900,0,0,0,0,0,0,0,0,0
201708,20,121,2,4,Miami County                  ,11,11,3025609,0,0,0,0,0,0,0,0,0,4,4,820000,0,0,0,0,0,0,0,0,0
201708,20,209,2,4,Wyandotte County              ,13,13,2654298,0,0,0,0,0,0,0,0,0,13,13,2654298,0,0,0,0,0,0,0,0,0
201708,21,005,3,6,Anderson County               ,6,6,1362030,0,0,0,0,0,0,0,0,0,6,6,1362030,0,0,0,0,0,0,0,0,0
201708,21,015,3,6,Boone County                  ,34,34,6181071,0,0,0,0,0,0,2,15,1851306,34,34,6181071,0,0,0,0,0,0,2,15,1851306
201708,21,017,3,6,Bourbon County                ,2,2,481386,1,2,162500,0,0,0,0,0,0,0,0,0,0,0,0,0,0,0,0,0,0
201708,21,021,3,6,Boyle County                  ,0,0,0,0,0,0,0,0,0,0,0,0,0,0,0,0,0,0,0,0,0,0,0,0
201708,21,029,3,6,Bullitt County                ,39,39,7746524,1,2,300000,1,4,626627,0,0,0,39,39,7746524,1,2,300000,1,4,626627,0,0,0
201708,21,035,3,6,Calloway County               ,4,4,663500,0,0,0,0,0,0,1,5,443095,4,4,663500,0,0,0,0,0,0,1,5,443095
201708,21,037,3,6,Campbell County               ,10,10,2611573,0,0,0,1,4,388000,0,0,0,10,10,2611573,0,0,0,1,4,388000,0,0,0
201708,21,045,3,6,Casey County                  ,0,0,0,0,0,0,0,0,0,0,0,0,0,0,0,0,0,0,0,0,0,0,0,0
201708,21,047,3,6,Christian County              ,7,7,776360,0,0,0,0,0,0,0,0,0,5,5,633960,0,0,0,0,0,0,0,0,0
201708,21,049,3,6,Clark County                  ,5,5,1089413,0,0,0,0,0,0,1,5,346250,0,0,0,0,0,0,0,0,0,0,0,0
201708,21,067,3,6,Fayette County                ,67,67,11014657,0,0,0,0,0,0,2,62,4852504,0,0,0,0,0,0,0,0,0,0,0,0
201708,21,069,3,6,Fleming County                ,0,0,0,0,0,0,0,0,0,0,0,0,0,0,0,0,0,0,0,0,0,0,0,0
201708,21,077,3,6,Gallatin County               ,4,4,620100,0,0,0,0,0,0,0,0,0,4,4,620100,0,0,0,0,0,0,0,0,0
201708,21,081,3,6,Grant County                  ,3,3,541494,0,0,0,0,0,0,0,0,0,0,0,0,0,0,0,0,0,0,0,0,0
201708,21,091,3,6,Hancock County                ,0,0,0,0,0,0,0,0,0,0,0,0,0,0,0,0,0,0,0,0,0,0,0,0
201708,21,099,3,6,Hart County                   ,5,5,486250,0,0,0,0,0,0,1,5,567738,0,0,0,0,0,0,0,0,0,0,0,0
201708,21,101,3,6,Henderson County              ,0,0,0,0,0,0,0,0,0,0,0,0,0,0,0,0,0,0,0,0,0,0,0,0
201708,21,103,3,6,Henry County                  ,4,4,698411,0,0,0,0,0,0,0,0,0,0,0,0,0,0,0,0,0,0,0,0,0
201708,21,111,3,6,Jefferson County              ,110,110,23833960,0,0,0,0,0,0,8,160,9301404,3,3,829500,0,0,0,0,0,0,0,0,0
201708,21,113,3,6,Jessamine County              ,17,17,4849590,0,0,0,1,4,500000,0,0,0,17,17,4849590,0,0,0,1,4,500000,0,0,0
201708,21,115,3,6,Johnson County                ,0,0,0,0,0,0,0,0,0,0,0,0,0,0,0,0,0,0,0,0,0,0,0,0
201708,21,117,3,6,Kenton County                 ,25,25,6343421,0,0,0,0,0,0,0,0,0,25,25,6343421,0,0,0,0,0,0,0,0,0
201708,21,121,3,6,Knox County                   ,0,0,0,0,0,0,0,0,0,0,0,0,0,0,0,0,0,0,0,0,0,0,0,0
201708,21,123,3,6,Larue County                  ,5,5,1156230,0,0,0,0,0,0,0,0,0,5,5,1156230,0,0,0,0,0,0,0,0,0
201708,21,137,3,6,Lincoln County                ,3,3,606782,0,0,0,0,0,0,0,0,0,0,0,0,0,0,0,0,0,0,0,0,0
201708,21,145,3,6,McCracken County              ,14,14,4537858,1,2,216750,0,0,0,0,0,0,14,14,4537858,1,2,216750,0,0,0,0,0,0
201708,21,151,3,6,Madison County                ,14,14,1325347,2,4,186996,0,0,0,1,5,168572,1,1,200000,1,2,74000,0,0,0,0,0,0
201708,21,157,3,6,Marshall County               ,8,8,1245000,0,0,0,0,0,0,0,0,0,8,8,1245000,0,0,0,0,0,0,0,0,0
201708,21,161,3,6,Mason County                  ,2,2,925000,0,0,0,0,0,0,0,0,0,2,2,925000,0,0,0,0,0,0,0,0,0
201708,21,163,3,6,Meade County                  ,4,4,495000,1,2,220000,0,0,0,0,0,0,4,4,495000,1,2,220000,0,0,0,0,0,0
201708,21,167,3,6,Mercer County                 ,5,5,1088000,0,0,0,0,0,0,0,0,0,5,5,1088000,0,0,0,0,0,0,0,0,0
201708,21,175,3,6,Morgan County                 ,2,2,150000,0,0,0,0,0,0,0,0,0,0,0,0,0,0,0,0,0,0,0,0,0
201708,21,179,3,6,Nelson County                 ,16,16,2686307,0,0,0,0,0,0,0,0,0,0,0,0,0,0,0,0,0,0,0,0,0
201708,21,185,3,6,Oldham County                 ,31,31,9690666,1,2,98833,0,0,0,0,0,0,0,0,0,0,0,0,0,0,0,0,0,0
201708,21,191,3,6,Pendleton County              ,0,0,0,0,0,0,0,0,0,0,0,0,0,0,0,0,0,0,0,0,0,0,0,0
201708,21,209,3,6,Scott County                  ,44,44,8739244,5,10,750000,0,0,0,0,0,0,44,44,8739244,5,10,750000,0,0,0,0,0,0
201708,21,211,3,6,Shelby County                 ,35,35,6356110,0,0,0,0,0,0,3,48,3309255,35,35,6356110,0,0,0,0,0,0,3,48,3309255
201708,21,213,3,6,Simpson County                ,8,8,1010042,0,0,0,0,0,0,1,8,595810,0,0,0,0,0,0,0,0,0,0,0,0
201708,21,215,3,6,Spencer County                ,20,20,4624918,0,0,0,0,0,0,0,0,0,20,20,4624918,0,0,0,0,0,0,0,0,0
201708,21,221,3,6,Trigg County                  ,0,0,0,0,0,0,0,0,0,0,0,0,0,0,0,0,0,0,0,0,0,0,0,0
201708,21,225,3,6,Union County                  ,1,1,209366,0,0,0,0,0,0,0,0,0,0,0,0,0,0,0,0,0,0,0,0,0
201708,21,239,3,6,Woodford County               ,7,7,1758948,0,0,0,0,0,0,0,0,0,7,7,1758948,0,0,0,0,0,0,0,0,0
201708,22,005,3,7,Ascension Parish              ,85,85,13797864,0,0,0,0,0,0,0,0,0,0,0,0,0,0,0,0,0,0,0,0,0
201708,22,015,3,7,Bossier Parish                ,50,50,8773757,0,0,0,0,0,0,0,0,0,50,50,8773757,0,0,0,0,0,0,0,0,0
201708,22,017,3,7,Caddo Parish                  ,30,30,7821249,0,0,0,0,0,0,0,0,0,29,29,7664625,0,0,0,0,0,0,0,0,0
201708,22,031,3,7,De Soto Parish                ,5,5,1106904,0,0,0,0,0,0,0,0,0,5,5,1106904,0,0,0,0,0,0,0,0,0
201708,22,033,3,7,East Baton Rouge Parish       ,110,110,26145681,0,0,0,0,0,0,0,0,0,109,109,26009252,0,0,0,0,0,0,0,0,0
201708,22,037,3,7,East Feliciana Parish         ,6,6,1165357,0,0,0,0,0,0,0,0,0,6,6,1165357,0,0,0,0,0,0,0,0,0
201708,22,047,3,7,Iberville Parish              ,14,14,2678972,0,0,0,0,0,0,0,0,0,6,6,985996,0,0,0,0,0,0,0,0,0
201708,22,051,3,7,Jefferson Parish              ,50,50,11670303,1,2,150000,0,0,0,1,13,1307667,8,8,2200000,0,0,0,0,0,0,0,0,0
201708,22,055,3,7,Lafayette Parish              ,126,126,25092969,0,0,0,0,0,0,0,0,0,32,32,7482421,0,0,0,0,0,0,0,0,0
201708,22,063,3,7,Livingston Parish             ,74,74,16610151,1,2,150000,1,3,232174,0,0,0,3,3,635000,0,0,0,0,0,0,0,0,0
201708,22,071,3,7,Orleans Parish                ,28,28,6072934,2,4,485252,0,0,0,1,21,5168973,0,0,0,0,0,0,0,0,0,0,0,0
201708,22,075,3,7,Plaquemines Parish            ,5,5,1534680,0,0,0,0,0,0,0,0,0,0,0,0,0,0,0,0,0,0,0,0,0
201708,22,077,3,7,Pointe Coupee Parish          ,1,1,405982,0,0,0,0,0,0,0,0,0,1,1,405982,0,0,0,0,0,0,0,0,0
201708,22,087,3,7,St. Bernard Parish            ,17,17,2976300,0,0,0,0,0,0,0,0,0,17,17,2976300,0,0,0,0,0,0,0,0,0
201708,22,089,3,7,St. Charles Parish            ,6,6,1005000,0,0,0,0,0,0,0,0,0,6,6,1005000,0,0,0,0,0,0,0,0,0
201708,22,091,3,7,St. Helena Parish             ,0,0,0,0,0,0,0,0,0,0,0,0,0,0,0,0,0,0,0,0,0,0,0,0
201708,22,095,3,7,St. John the Baptist Parish   ,7,7,1313000,0,0,0,0,0,0,0,0,0,7,7,1313000,0,0,0,0,0,0,0,0,0
201708,22,099,3,7,St. Martin Parish             ,22,22,2161873,0,0,0,0,0,0,0,0,0,22,22,2161873,0,0,0,0,0,0,0,0,0
201708,22,103,3,7,St. Tammany Parish            ,130,130,26960975,0,0,0,0,0,0,0,0,0,125,125,25349641,0,0,0,0,0,0,0,0,0
201708,22,109,3,7,Terrebonne Parish             ,9,9,2386357,1,2,300000,0,0,0,0,0,0,9,9,2386357,1,2,300000,0,0,0,0,0,0
201708,22,121,3,7,West Baton Rouge Parish       ,22,22,3260430,0,0,0,0,0,0,0,0,0,20,20,3078306,0,0,0,0,0,0,0,0,0
201708,22,125,3,7,West Feliciana Parish         ,3,3,1219681,0,0,0,0,0,0,0,0,0,0,0,0,0,0,0,0,0,0,0,0,0
201708,23,000,1,1,Maine Unorganized Territory   ,9,9,1195202,0,0,0,0,0,0,0,0,0,0,0,0,0,0,0,0,0,0,0,0,0
201708,24,003,3,5,Anne Arundel County           ,168,168,30958830,0,0,0,0,0,0,1,246,26498899,164,164,30268517,0,0,0,0,0,0,1,246,26498899
201708,24,005,3,5,Baltimore County              ,116,116,20827475,0,0,0,0,0,0,0,0,0,116,116,20827475,0,0,0,0,0,0,0,0,0
201708,24,009,3,5,Calvert County                ,33,33,7631115,0,0,0,0,0,0,0,0,0,33,33,7631115,0,0,0,0,0,0,0,0,0
201708,24,013,3,5,Carroll County                ,27,27,7603525,0,0,0,0,0,0,0,0,0,27,27,7603525,0,0,0,0,0,0,0,0,0
201708,24,015,3,5,Cecil County                  ,11,11,1799427,0,0,0,0,0,0,0,0,0,11,11,1799427,0,0,0,0,0,0,0,0,0
201708,24,017,3,5,Charles County                ,50,50,12624500,0,0,0,0,0,0,0,0,0,50,50,12624500,0,0,0,0,0,0,0,0,0
201708,24,021,3,5,Frederick County              ,122,122,32193183,0,0,0,0,0,0,0,0,0,122,122,32193183,0,0,0,0,0,0,0,0,0
201708,24,023,3,5,Garrett County                ,8,8,4121000,0,0,0,0,0,0,0,0,0,8,8,4121000,0,0,0,0,0,0,0,0,0
201708,24,025,3,5,Harford County                ,88,88,18034260,0,0,0,0,0,0,1,18,1476562,84,84,16492280,0,0,0,0,0,0,0,0,0
201708,24,027,3,5,Howard County                 ,51,51,14004922,0,0,0,0,0,0,0,0,0,51,51,14004922,0,0,0,0,0,0,0,0,0
201708,24,031,3,5,Montgomery County             ,134,134,31136966,0,0,0,0,0,0,2,44,4803450,3,3,758193,0,0,0,0,0,0,0,0,0
201708,24,033,3,5,Prince George County          ,161,161,37273622,0,0,0,0,0,0,0,0,0,160,160,36999345,0,0,0,0,0,0,0,0,0
201708,24,035,3,5,Queen Anne County             ,26,26,5733410,0,0,0,0,0,0,0,0,0,26,26,5733410,0,0,0,0,0,0,0,0,0
201708,24,037,3,5,St. Marys County              ,100,100,19334900,0,0,0,0,0,0,0,0,0,100,100,19334900,0,0,0,0,0,0,0,0,0
201708,24,039,3,5,Somerset County               ,3,3,527411,0,0,0,0,0,0,0,0,0,0,0,0,0,0,0,0,0,0,0,0,0
201708,24,045,3,5,Wicomico County               ,6,6,1067915,0,0,0,0,0,0,0,0,0,6,6,1067915,0,0,0,0,0,0,0,0,0
201708,24,510,3,5,Baltimore (Independent City)  ,16,16,2524000,0,0,0,0,0,0,1,80,8929599,16,16,2524000,0,0,0,0,0,0,1,80,8929599
201708,25,005,1,1,Bristol County                ,72,72,14908720,1,2,231000,0,0,0,0,0,0,28,28,5967800,0,0,0,0,0,0,0,0,0
201708,25,009,1,1,Essex County                  ,69,69,21289714,4,8,1279547,1,3,555000,2,13,2107531,34,34,11813920,1,2,300000,0,0,0,0,0,0
201708,25,017,1,1,Middlesex County              ,159,159,52981429,5,10,1763009,6,23,4717525,33,318,50885262,109,109,38501238,2,4,673000,5,20,4056900,26,234,37251500
201708,25,021,1,1,Norfolk County                ,63,63,27626111,0,0,0,0,0,0,4,35,4858568,37,37,13205492,0,0,0,0,0,0,0,0,0
201708,25,023,1,1,Plymouth County               ,101,101,22115775,0,0,0,1,3,350000,1,11,1400000,71,71,14802511,0,0,0,1,3,350000,1,11,1400000
201708,25,025,1,1,Suffolk County                ,5,5,1240758,6,12,2506203,5,16,3614505,5,83,4487211,4,4,1071350,5,10,2300000,5,16,3614505,3,73,2462000
201708,26,000,2,3,Michigan Balance of State     ,7,7,1310650,0,0,0,0,0,0,0,0,0,0,0,0,0,0,0,0,0,0,0,0,0
201708,26,019,2,3,Benzie County                 ,8,8,1666651,0,0,0,0,0,0,0,0,0,8,8,1666651,0,0,0,0,0,0,0,0,0
201708,26,029,2,3,Charlevoix County             ,6,6,1221981,0,0,0,0,0,0,0,0,0,0,0,0,0,0,0,0,0,0,0,0,0
201708,26,089,2,3,Leelanau County               ,14,14,3890700,0,0,0,0,0,0,0,0,0,0,0,0,0,0,0,0,0,0,0,0,0
201708,26,093,2,3,Livingston County             ,90,90,24390525,0,0,0,0,0,0,0,0,0,88,88,24186382,0,0,0,0,0,0,0,0,0
201708,26,095,2,3,Luce County                   ,1,1,300000,0,0,0,0,0,0,0,0,0,1,1,300000,0,0,0,0,0,0,0,0,0
201708,26,099,2,3,Macomb County                 ,191,191,52350602,2,4,436190,0,0,0,1,12,430972,187,187,51516157,0,0,0,0,0,0,1,12,430972
201708,26,103,2,3,Marquette County              ,6,6,903000,0,0,0,0,0,0,0,0,0,6,6,903000,0,0,0,0,0,0,0,0,0
201708,26,137,2,3,Otsego County                 ,1,1,81000,0,0,0,0,0,0,0,0,0,0,0,0,0,0,0,0,0,0,0,0,0
201708,26,147,2,3,St. Clair County              ,29,29,7014976,0,0,0,0,0,0,0,0,0,22,22,5702100,0,0,0,0,0,0,0,0,0
201708,26,163,2,3,Wayne County                  ,108,108,28418938,3,6,417832,27,98,7895265,7,58,2292624,94,94,25385486,3,6,417832,27,98,7895265,7,58,2292624
201708,27,003,2,4,Anoka County                  ,109,109,28464609,0,0,0,0,0,0,0,0,0,93,93,24120396,0,0,0,0,0,0,0,0,0
201708,27,019,2,4,Carver County                 ,62,62,18152337,0,0,0,2,8,1547320,1,5,943444,51,51,14540849,0,0,0,2,8,1547320,0,0,0
201708,27,025,2,4,Chisago County                ,23,23,4600716,0,0,0,0,0,0,0,0,0,23,23,4600716,0,0,0,0,0,0,0,0,0
201708,27,027,2,4,Clay County                   ,20,20,4154400,0,0,0,0,0,0,0,0,0,20,20,4154400,0,0,0,0,0,0,0,0,0
201708,27,037,2,4,Dakota County                 ,137,137,40600682,0,0,0,0,0,0,0,0,0,112,112,32404289,0,0,0,0,0,0,0,0,0
201708,27,053,2,4,Hennepin County               ,183,183,63602185,2,4,941838,0,0,0,2,92,10202360,177,177,58432035,2,4,941838,0,0,0,1,66,5610000
201708,27,059,2,4,Isanti County                 ,25,25,4672050,0,0,0,0,0,0,0,0,0,25,25,4672050,0,0,0,0,0,0,0,0,0
201708,27,123,2,4,Ramsey County                 ,14,14,3711346,0,0,0,0,0,0,3,231,41070000,14,14,3711346,0,0,0,0,0,0,3,231,41070000
201708,27,139,2,4,Scott County                  ,47,47,13503658,0,0,0,0,0,0,1,136,20537749,45,45,12918246,0,0,0,0,0,0,1,136,20537749
201708,27,141,2,4,Sherburne County              ,45,45,11049117,0,0,0,0,0,0,0,0,0,44,44,10907172,0,0,0,0,0,0,0,0,0
201708,27,163,2,4,Washington County             ,73,73,24705622,0,0,0,1,4,618000,1,5,625000,66,66,21524912,0,0,0,1,4,618000,0,0,0
201708,27,171,2,4,Wright County                 ,61,61,16511711,0,0,0,0,0,0,0,0,0,59,59,16056766,0,0,0,0,0,0,0,0,0
201708,28,033,3,6,DeSoto County                 ,140,140,22580948,0,0,0,0,0,0,0,0,0,140,140,22580948,0,0,0,0,0,0,0,0,0
201708,28,041,3,6,Greene County                 ,0,0,0,0,0,0,0,0,0,0,0,0,0,0,0,0,0,0,0,0,0,0,0,0
201708,28,045,3,6,Hancock County                ,34,34,5600136,0,0,0,0,0,0,1,9,761964,3,3,571035,0,0,0,0,0,0,0,0,0
201708,28,047,3,6,Harrison County               ,91,91,15515900,0,0,0,0,0,0,0,0,0,80,80,14266289,0,0,0,0,0,0,0,0,0
201708,28,067,3,6,Jones County                  ,3,3,440354,0,0,0,0,0,0,0,0,0,0,0,0,0,0,0,0,0,0,0,0,0
201708,28,137,3,6,Tate County                   ,11,11,1844682,0,0,0,0,0,0,0,0,0,10,10,1646500,0,0,0,0,0,0,0,0,0
201708,28,143,3,6,Tunica County                 ,4,4,510340,0,0,0,0,0,0,0,0,0,4,4,510340,0,0,0,0,0,0,0,0,0
201708,28,145,3,6,Union County                  ,1,1,180000,0,0,0,0,0,0,0,0,0,1,1,180000,0,0,0,0,0,0,0,0,0
201708,28,149,3,6,Warren County                 ,0,0,0,0,0,0,0,0,0,0,0,0,0,0,0,0,0,0,0,0,0,0,0,0
201708,29,013,2,4,Bates County                  ,0,0,0,0,0,0,0,0,0,0,0,0,0,0,0,0,0,0,0,0,0,0,0,0
201708,29,017,2,4,Bollinger County              ,0,0,0,0,0,0,0,0,0,0,0,0,0,0,0,0,0,0,0,0,0,0,0,0
201708,29,019,2,4,Boone County                  ,66,66,16482583,0,0,0,0,0,0,2,40,6023143,66,66,16482583,0,0,0,0,0,0,2,40,6023143
201708,29,049,2,4,Clinton County                ,7,7,1141384,0,0,0,0,0,0,0,0,0,4,4,555000,0,0,0,0,0,0,0,0,0
201708,29,065,2,4,Dent County                   ,0,0,0,0,0,0,0,0,0,0,0,0,0,0,0,0,0,0,0,0,0,0,0,0
201708,29,071,2,4,Franklin County               ,30,30,5923819,0,0,0,0,0,0,0,0,0,10,10,1394985,0,0,0,0,0,0,0,0,0
201708,29,095,2,4,Jackson County                ,158,158,36867845,2,4,310000,0,0,0,4,148,21874234,158,158,36867845,2,4,310000,0,0,0,4,148,21874234
201708,29,099,2,4,Jefferson County              ,64,64,12870877,1,2,160000,0,0,0,0,0,0,60,60,12336805,1,2,160000,0,0,0,0,0,0
201708,29,105,2,4,Laclede County                ,0,0,0,0,0,0,0,0,0,2,20,2139000,0,0,0,0,0,0,0,0,0,2,20,2139000
201708,29,107,2,4,Lafayette County              ,5,5,821532,0,0,0,0,0,0,0,0,0,3,3,360368,0,0,0,0,0,0,0,0,0
201708,29,113,2,4,Lincoln County                ,20,20,3925168,0,0,0,0,0,0,0,0,0,10,10,1390000,0,0,0,0,0,0,0,0,0
201708,29,165,2,4,Platte County                 ,20,20,4909225,0,0,0,0,0,0,0,0,0,13,13,2856236,0,0,0,0,0,0,0,0,0
201708,29,185,2,4,St. Clair County              ,0,0,0,0,0,0,0,0,0,0,0,0,0,0,0,0,0,0,0,0,0,0,0,0
201708,29,189,2,4,St. Louis County              ,117,117,36417195,0,0,0,0,0,0,1,18,2212898,53,53,14906457,0,0,0,0,0,0,0,0,0
201708,29,219,2,4,Warren County                 ,43,43,8957674,0,0,0,0,0,0,0,0,0,38,38,8229378,0,0,0,0,0,0,0,0,0
201708,29,221,2,4,Washington County             ,0,0,0,0,0,0,0,0,0,0,0,0,0,0,0,0,0,0,0,0,0,0,0,0
201708,29,510,2,4,St. Louis (Independent City)  ,7,7,1251000,0,0,0,1,3,550000,2,176,21475169,7,7,1251000,0,0,0,1,3,550000,2,176,21475169
201708,30,033,4,8,Garfield County               ,0,0,0,0,0,0,0,0,0,0,0,0,0,0,0,0,0,0,0,0,0,0,0,0
201708,30,063,4,8,Missoula County               ,37,37,7823286,2,4,291978,0,0,0,2,30,3510196,37,37,7823286,2,4,291978,0,0,0,2,30,3510196
201708,30,093,4,8,Silver Bow County             ,10,10,1084747,0,0,0,0,0,0,0,0,0,10,10,1084747,0,0,0,0,0,0,0,0,0
201708,31,001,2,4,Adams County                  ,6,6,1564285,0,0,0,0,0,0,0,0,0,4,4,1169655,0,0,0,0,0,0,0,0,0
201708,31,025,2,4,Cass County                   ,13,13,2673222,0,0,0,0,0,0,0,0,0,13,13,2673222,0,0,0,0,0,0,0,0,0
201708,31,033,2,4,Cheyenne County               ,0,0,0,0,0,0,0,0,0,0,0,0,0,0,0,0,0,0,0,0,0,0,0,0
201708,31,055,2,4,Douglas County                ,119,119,20416806,0,0,0,0,0,0,2,127,8582753,110,110,18318428,0,0,0,0,0,0,2,127,8582753
201708,31,105,2,4,Kimball County                ,0,0,0,0,0,0,0,0,0,0,0,0,0,0,0,0,0,0,0,0,0,0,0,0
201708,31,153,2,4,Sarpy County                  ,82,82,21580976,0,0,0,0,0,0,1,5,342415,22,22,6379215,0,0,0,0,0,0,0,0,0
201708,31,165,2,4,Sioux County                  ,0,0,0,0,0,0,0,0,0,0,0,0,0,0,0,0,0,0,0,0,0,0,0,0
201708,31,177,2,4,Washington County             ,11,11,2839600,0,0,0,0,0,0,0,0,0,11,11,2839600,0,0,0,0,0,0,0,0,0
201708,32,001,4,8,Churchill County              ,5,5,1039806,0,0,0,0,0,0,0,0,0,5,5,1039806,0,0,0,0,0,0,0,0,0
201708,32,003,4,8,Clark County                  ,836,836,145311695,3,6,1202776,0,0,0,6,424,45101925,836,836,145311695,3,6,1202776,0,0,0,6,424,45101925
201708,32,005,4,8,Douglas County                ,15,15,5998121,0,0,0,0,0,0,0,0,0,15,15,5998121,0,0,0,0,0,0,0,0,0
201708,32,007,4,8,Elko County                   ,13,13,2282198,0,0,0,0,0,0,0,0,0,13,13,2282198,0,0,0,0,0,0,0,0,0
201708,32,013,4,8,Humboldt County               ,4,4,589429,0,0,0,0,0,0,0,0,0,3,3,420101,0,0,0,0,0,0,0,0,0
201708,32,015,4,8,Lander County                 ,0,0,0,0,0,0,0,0,0,0,0,0,0,0,0,0,0,0,0,0,0,0,0,0
201708,32,017,4,8,Lincoln County                ,1,1,270497,0,0,0,0,0,0,0,0,0,0,0,0,0,0,0,0,0,0,0,0,0
201708,32,019,4,8,Lyon County                   ,41,41,8689499,0,0,0,0,0,0,0,0,0,41,41,8689499,0,0,0,0,0,0,0,0,0
201708,32,021,4,8,Mineral County                ,0,0,0,0,0,0,0,0,0,0,0,0,0,0,0,0,0,0,0,0,0,0,0,0
201708,32,027,4,8,Pershing County               ,0,0,0,0,0,0,0,0,0,0,0,0,0,0,0,0,0,0,0,0,0,0,0,0
201708,32,029,4,8,Storey County                 ,1,1,120172,0,0,0,0,0,0,0,0,0,0,0,0,0,0,0,0,0,0,0,0,0
201708,32,031,4,8,Washoe County                 ,222,222,55283946,5,10,1477711,3,9,1303021,8,338,29456396,112,112,27968600,0,0,0,1,3,440325,1,209,16303000
201708,32,033,4,8,White Pine County             ,0,0,0,0,0,0,0,0,0,0,0,0,0,0,0,0,0,0,0,0,0,0,0,0
201708,32,510,4,8,Carson City (Independent City),7,7,1927211,0,0,0,0,0,0,0,0,0,7,7,1927211,0,0,0,0,0,0,0,0,0
201708,33,015,1,1,Rockingham County             ,76,76,19946734,0,0,0,0,0,0,0,0,0,54,54,15091012,0,0,0,0,0,0,0,0,0
201708,33,017,1,1,Strafford County              ,22,22,4483593,1,2,400000,0,0,0,0,0,0,19,19,4135555,1,2,400000,0,0,0,0,0,0
201708,34,001,1,2,Atlantic County               ,20,20,6763907,0,0,0,0,0,333805,2,23,2314833,14,14,6204615,0,0,0,0,0,333805,0,0,0
201708,34,003,1,2,Bergen County                 ,74,74,24225730,7,14,2721733,0,0,0,5,115,19726362,43,43,15360625,5,10,2115000,0,0,0,3,105,19360000
201708,34,005,1,2,Burlington County             ,74,74,9478512,0,0,0,0,0,0,2,10,891367,41,41,5045580,0,0,0,0,0,0,0,0,0
201708,34,007,1,2,Camden County                 ,20,20,3853857,0,0,0,0,0,0,1,6,320349,13,13,2368390,0,0,0,0,0,0,0,0,0
201708,34,009,1,2,Cape May County               ,44,44,20593121,4,8,1755300,0,0,0,0,0,0,37,37,18752464,4,8,1755300,0,0,0,0,0,0
201708,34,011,1,2,Cumberland County             ,13,13,1311508,0,0,0,0,0,0,1,5,666180,1,1,60000,0,0,0,0,0,0,0,0,0
201708,34,013,1,2,Essex County                  ,35,35,5772071,5,10,1194794,1,3,421776,9,190,9166526,5,5,1819350,4,8,1080294,0,0,0,2,95,1440200
201708,34,015,1,2,Gloucester County             ,44,44,6052530,2,4,238364,0,0,0,3,60,4722540,33,33,4950276,2,4,238364,0,0,0,3,60,4722540
201708,34,017,1,2,Hudson County                 ,16,16,4836563,3,6,1526000,4,16,1697714,7,192,45802153,9,9,747745,2,4,550000,3,12,715500,4,150,34709198
201708,34,019,1,2,Hunterdon County              ,17,17,4292715,0,0,0,0,0,0,2,11,591110,13,13,3477138,0,0,0,0,0,0,0,0,0
201708,34,021,1,2,Mercer County                 ,12,12,4990670,0,0,0,1,4,175250,1,20,1922000,10,10,4673201,0,0,0,1,4,175250,1,20,1922000
201708,34,023,1,2,Middlesex County              ,102,102,18570321,0,0,0,0,0,0,10,217,32279888,74,74,12992861,0,0,0,0,0,0,8,205,31754377
201708,34,025,1,2,Monmouth County               ,115,115,27799942,2,4,734418,0,0,0,3,20,1032313,83,83,20940632,0,0,0,0,0,0,1,10,745000
201708,34,027,1,2,Morris County                 ,41,41,11590293,3,6,13600,0,0,0,8,63,5698072,19,19,5707853,3,6,13600,0,0,0,2,12,1055500
201708,34,029,1,2,Ocean County                  ,277,277,39256748,7,14,618550,30,105,4208000,4,115,8010000,266,266,37158348,7,14,618550,30,105,4208000,4,115,8010000
201708,34,031,1,2,Passaic County                ,12,12,1913745,0,0,0,1,4,293001,0,0,0,8,8,1135803,0,0,0,1,4,293001,0,0,0
201708,34,033,1,2,Salem County                  ,6,6,767630,0,0,0,0,0,0,0,0,0,4,4,565700,0,0,0,0,0,0,0,0,0
201708,34,035,1,2,Somerset County               ,32,32,7484774,0,0,0,0,0,0,2,17,1170690,14,14,3091538,0,0,0,0,0,0,0,0,187520
201708,34,037,1,2,Sussex County                 ,8,8,2358135,0,0,0,0,0,0,0,0,0,7,7,2105500,0,0,0,0,0,0,0,0,0
201708,34,039,1,2,Union County                  ,20,20,4202425,6,12,2191975,0,0,0,6,37,2338346,7,7,2062200,5,10,1968600,0,0,0,1,5,392700
201708,34,041,1,2,Warren County                 ,9,9,1026790,0,0,0,0,0,0,1,9,393857,6,6,588984,0,0,0,0,0,0,0,0,0
201708,35,000,4,8,New Mexico Balance of State   ,45,45,12178461,0,0,0,0,0,0,0,0,0,0,0,0,0,0,0,0,0,0,0,0,0
201708,35,001,4,8,Bernalillo County             ,108,108,24193581,0,0,0,0,0,0,3,41,4112586,12,12,5151291,0,0,0,0,0,0,0,0,0
201708,35,005,4,8,Chaves County                 ,10,10,1712343,0,0,0,0,0,0,1,16,1088889,0,0,0,0,0,0,0,0,0,0,0,0
201708,35,007,4,8,Colfax County                 ,1,1,451667,0,0,0,0,0,0,0,0,0,0,0,0,0,0,0,0,0,0,0,0,0
201708,35,009,4,8,Curry County                  ,5,5,1231703,0,0,0,0,0,0,1,7,645312,0,0,0,0,0,0,0,0,0,0,0,0
201708,35,013,4,8,Dona Ana County               ,76,76,15839101,0,0,0,0,0,0,0,0,0,76,76,15839101,0,0,0,0,0,0,0,0,0
201708,35,015,4,8,Eddy County                   ,18,18,3501000,0,0,0,0,0,0,0,0,0,18,18,3501000,0,0,0,0,0,0,0,0,0
201708,35,017,4,8,Grant County                  ,1,1,154827,0,0,0,0,0,0,0,0,0,0,0,0,0,0,0,0,0,0,0,0,0
201708,35,025,4,8,Lea County                    ,2,2,384700,0,0,0,0,0,0,0,0,0,2,2,384700,0,0,0,0,0,0,0,0,0
201708,35,027,4,8,Lincoln County                ,9,9,2274573,0,0,0,0,0,0,0,0,0,0,0,0,0,0,0,0,0,0,0,0,0
201708,35,028,4,8,Los Alamos County             ,0,0,0,0,0,0,0,0,0,0,0,0,0,0,0,0,0,0,0,0,0,0,0,0
201708,35,029,4,8,Luna County                   ,2,2,349102,0,0,0,0,0,0,0,0,0,0,0,0,0,0,0,0,0,0,0,0,0
201708,35,031,4,8,McKinley County               ,2,2,440000,0,0,0,0,0,0,0,0,0,2,2,440000,0,0,0,0,0,0,0,0,0
201708,35,035,4,8,Otero County                  ,0,0,0,0,0,0,0,0,0,0,0,0,0,0,0,0,0,0,0,0,0,0,0,0
201708,35,041,4,8,Roosevelt County              ,1,1,100000,0,0,0,0,0,0,0,0,0,1,1,100000,0,0,0,0,0,0,0,0,0
201708,35,043,4,8,Sandoval County               ,36,36,8509622,0,0,0,0,0,0,1,7,291666,25,25,5872094,0,0,0,0,0,0,0,0,0
201708,35,045,4,8,San Juan County               ,10,10,2389928,0,0,0,0,0,0,0,0,0,5,5,1089155,0,0,0,0,0,0,0,0,0
201708,35,047,4,8,San Miguel County             ,0,0,0,0,0,0,0,0,0,0,0,0,0,0,0,0,0,0,0,0,0,0,0,0
201708,35,049,4,8,Santa Fe County               ,12,12,2994675,0,0,0,0,0,0,0,0,0,0,0,0,0,0,0,0,0,0,0,0,0
201708,35,051,4,8,Sierra County                 ,0,0,0,0,0,0,0,0,0,0,0,0,0,0,0,0,0,0,0,0,0,0,0,0
201708,35,053,4,8,Socorro County                ,0,0,0,0,0,0,0,0,0,0,0,0,0,0,0,0,0,0,0,0,0,0,0,0
201708,35,055,4,8,Taos County                   ,11,11,1206214,0,0,0,0,0,0,0,0,0,0,0,0,0,0,0,0,0,0,0,0,0
201708,35,061,4,8,Valencia County               ,10,10,1084120,0,0,0,0,0,0,0,0,0,0,0,0,0,0,0,0,0,0,0,0,0
201708,36,001,1,2,Albany County                 ,29,29,6336829,0,0,0,0,0,0,4,125,13824304,26,26,5788520,0,0,0,0,0,0,3,119,12840000
201708,36,005,1,2,Bronx County                  ,0,0,0,4,8,1080294,3,9,1093824,14,670,88115322,0,0,0,4,8,1080294,3,9,1093824,14,670,88115322
201708,36,029,1,2,Erie County                   ,99,99,28528169,0,0,0,0,0,0,4,40,6158770,89,89,26488508,0,0,0,0,0,0,3,22,2100000
201708,36,047,1,2,Kings County                  ,8,8,2142700,1,2,270074,5,17,2066112,25,394,51817070,8,8,2142700,1,2,270074,5,17,2066112,25,394,51817070
201708,36,051,1,2,Livingston County             ,4,4,718717,0,0,0,0,0,0,2,10,562500,3,3,573717,0,0,0,0,0,0,0,0,0
201708,36,055,1,2,Monroe County                 ,73,73,16410050,1,2,344000,2,7,1361000,2,26,1600000,68,68,14091200,1,2,344000,2,7,1361000,2,26,1600000
201708,36,059,1,2,Nassau County                 ,52,52,25079501,0,0,0,0,0,0,1,5,787879,11,11,6890500,0,0,0,0,0,0,0,0,0
201708,36,061,1,2,New York County               ,0,0,0,0,0,0,1,3,364608,3,193,25382473,0,0,0,0,0,0,1,3,364608,3,193,25382473
201708,36,063,1,2,Niagara County                ,24,24,6018149,0,0,0,0,0,0,0,0,0,20,20,4866379,0,0,0,0,0,0,0,0,0
201708,36,069,1,2,Ontario County                ,25,25,6889170,0,0,0,0,0,0,0,0,0,17,17,3793338,0,0,0,0,0,0,0,0,0
201708,36,073,1,2,Orleans County                ,3,3,580625,0,0,0,0,0,0,0,0,0,2,2,390000,0,0,0,0,0,0,0,0,0
201708,36,079,1,2,Putnam County                 ,2,2,636230,0,0,0,0,0,0,0,0,0,2,2,636230,0,0,0,0,0,0,0,0,0
201708,36,081,1,2,Queens County                 ,10,10,2678375,21,42,5671545,13,40,4861440,17,358,47082515,10,10,2678375,21,42,5671545,13,40,4861440,17,358,47082515
201708,36,083,1,2,Rensselaer County             ,14,14,3788500,0,0,0,0,0,0,0,0,0,8,8,1867317,0,0,0,0,0,0,0,0,0
201708,36,085,1,2,Richmond County               ,22,22,5892425,23,46,6211693,0,0,0,0,0,0,22,22,5892425,23,46,6211693,0,0,0,0,0,0
201708,36,087,1,2,Rockland County               ,9,9,2472191,3,6,875953,2,7,919377,1,8,928533,3,3,925000,0,0,0,0,0,0,0,0,0
201708,36,091,1,2,Saratoga County               ,75,75,19923638,6,12,1620442,0,0,0,4,21,2290222,53,53,13515400,6,12,1620442,0,0,0,0,0,0
201708,36,093,1,2,Schenectady County            ,10,10,2043901,0,0,0,1,4,117500,0,0,0,8,8,1725879,0,0,0,1,4,117500,0,0,0
201708,36,095,1,2,Schoharie County              ,4,4,484718,0,0,0,0,0,0,0,0,0,3,3,258255,0,0,0,0,0,0,0,0,0
201708,36,099,1,2,Seneca County                 ,5,5,365000,0,0,0,0,0,0,0,0,0,5,5,365000,0,0,0,0,0,0,0,0,0
201708,36,117,1,2,Wayne County                  ,9,9,1625049,0,0,0,0,0,0,0,0,0,5,5,791305,0,0,0,0,0,0,0,0,0
201708,36,119,1,2,Westchester County            ,49,49,17800185,2,4,561666,0,0,0,2,31,6095365,42,42,15223465,0,0,0,0,0,0,0,0,0
201708,37,007,3,5,Anson County                  ,4,4,599460,0,0,0,0,0,0,0,0,0,0,0,0,0,0,0,0,0,0,0,0,0
201708,37,011,3,5,Avery County                  ,5,5,3588000,0,0,0,0,0,0,0,0,0,5,5,3588000,0,0,0,0,0,0,0,0,0
201708,37,015,3,5,Bertie County                 ,2,2,487430,0,0,0,0,0,0,0,0,0,2,2,487430,0,0,0,0,0,0,0,0,0
201708,37,025,3,5,Cabarrus County               ,136,136,21462253,0,0,0,0,0,0,0,0,0,136,136,21462253,0,0,0,0,0,0,0,0,0
201708,37,033,3,5,Caswell County                ,3,3,389000,0,0,0,0,0,0,0,0,0,3,3,389000,0,0,0,0,0,0,0,0,0
201708,37,037,3,5,Chatham County                ,58,58,17757417,0,0,0,0,0,0,0,0,0,58,58,17757417,0,0,0,0,0,0,0,0,0
201708,37,051,3,5,Cumberland County             ,59,59,10921662,0,0,0,0,0,0,0,0,0,59,59,10921662,0,0,0,0,0,0,0,0,0
201708,37,053,3,5,Currituck County              ,19,19,6936585,0,0,0,0,0,0,0,0,0,19,19,6936585,0,0,0,0,0,0,0,0,0
201708,37,059,3,5,Davie County                  ,13,13,2623564,0,0,0,0,0,0,0,0,0,0,0,0,0,0,0,0,0,0,0,0,0
201708,37,063,3,5,Durham County                 ,176,176,33107022,1,2,169897,0,0,0,5,122,10506324,0,0,0,0,0,0,0,0,0,0,0,0
201708,37,069,3,5,Franklin County               ,51,51,7886634,0,0,0,0,0,0,0,0,0,51,51,7886634,0,0,0,0,0,0,0,0,0
201708,37,071,3,5,Gaston County                 ,75,75,23974578,0,0,0,3,10,2205586,0,0,0,75,75,23974578,0,0,0,3,10,2205586,0,0,0
201708,37,081,3,5,Guilford County               ,166,166,34981993,0,0,0,0,0,0,2,66,9305374,166,166,34981993,0,0,0,0,0,0,2,66,9305374
201708,37,089,3,5,Henderson County              ,52,52,14733135,0,0,0,0,0,0,3,72,4406400,52,52,14733135,0,0,0,0,0,0,3,72,4406400
201708,37,093,3,5,Hoke County                   ,15,15,3468689,0,0,0,0,0,0,0,0,0,15,15,3468689,0,0,0,0,0,0,0,0,0
201708,37,097,3,5,Iredell County                ,98,98,28075754,0,0,0,0,0,0,9,126,13464847,98,98,28075754,0,0,0,0,0,0,9,126,13464847
201708,37,101,3,5,Johnston County               ,210,210,38632027,0,0,0,0,0,0,0,0,0,210,210,38632027,0,0,0,0,0,0,0,0,0
201708,37,105,3,5,Lee County                    ,14,14,2500923,0,0,0,0,0,0,0,0,0,14,14,2500923,0,0,0,0,0,0,0,0,0
201708,37,119,3,5,Mecklenburg County            ,417,417,96429543,5,10,844772,0,0,0,18,853,61405593,417,417,96429543,5,10,844772,0,0,0,18,853,61405593
201708,37,133,3,5,Onslow County                 ,82,82,10509090,0,0,0,0,0,0,1,6,360000,82,82,10509090,0,0,0,0,0,0,1,6,360000
201708,37,135,3,5,Orange County                 ,53,53,17180315,0,0,0,0,0,0,1,8,1027740,49,49,15980941,0,0,0,0,0,0,0,0,0
201708,37,145,3,5,Person County                 ,9,9,2261900,0,0,0,0,0,0,0,0,0,9,9,2261900,0,0,0,0,0,0,0,0,0
201708,37,151,3,5,Randolph County               ,27,27,7076712,0,0,0,0,0,0,0,0,0,27,27,7076712,0,0,0,0,0,0,0,0,0
201708,37,157,3,5,Rockingham County             ,9,9,2333647,0,0,0,0,0,0,0,0,0,9,9,2333647,0,0,0,0,0,0,0,0,0
201708,37,179,3,5,Union County                  ,167,167,38213949,0,0,0,0,0,0,0,0,0,167,167,38213949,0,0,0,0,0,0,0,0,0
201708,37,181,3,5,Vance County                  ,1,1,250000,0,0,0,0,0,0,0,0,0,1,1,250000,0,0,0,0,0,0,0,0,0
201708,37,183,3,5,Wake County                   ,739,739,162839108,0,0,0,4,14,1060372,14,312,19941547,739,739,162839108,0,0,0,4,14,1060372,14,312,19941547
201708,37,195,3,5,Wilson County                 ,22,22,2714675,0,0,0,0,0,0,0,0,0,22,22,2714675,0,0,0,0,0,0,0,0,0
201708,39,007,2,3,Ashtabula County              ,8,8,1467747,1,2,161044,0,0,0,0,0,0,0,0,0,0,0,0,0,0,0,0,0,0
201708,39,015,2,3,Brown County                  ,7,7,1115308,0,0,0,0,0,0,0,0,0,0,0,0,0,0,0,0,0,0,0,0,0
201708,39,017,2,3,Butler County                 ,63,63,12389073,0,0,0,0,0,0,0,0,0,52,52,10427321,0,0,0,0,0,0,0,0,0
201708,39,025,2,3,Clermont County               ,34,34,8311902,0,0,0,1,4,282000,1,119,7200000,34,34,8311902,0,0,0,1,4,282000,1,119,7200000
201708,39,041,2,3,Delaware County               ,110,110,27017247,0,0,0,0,0,0,1,7,529025,87,87,22515185,0,0,0,0,0,0,0,0,0
201708,39,049,2,3,Franklin County               ,161,161,46988014,2,4,720000,0,0,0,27,509,190058330,152,152,43002830,2,4,720000,0,0,0,26,502,189743330
201708,39,055,2,3,Geauga County                 ,8,8,1794000,3,6,1200000,0,0,0,0,0,0,8,8,1794000,3,6,1200000,0,0,0,0,0,0
201708,39,085,2,3,Lake County                   ,42,42,9739382,0,0,0,0,0,0,1,66,5500000,42,42,9739382,0,0,0,0,0,0,1,66,5500000
201708,39,089,2,3,Licking County                ,30,30,7493982,0,0,0,0,0,0,0,0,0,0,0,0,0,0,0,0,0,0,0,0,0
201708,39,093,2,3,Lorain County                 ,75,75,17436333,0,0,0,0,0,0,2,24,1514928,39,39,8418959,0,0,0,0,0,0,1,10,750000
201708,39,097,2,3,Madison County                ,8,8,1679113,0,0,0,0,0,0,0,0,0,6,6,1351113,0,0,0,0,0,0,0,0,0
201708,39,103,2,3,Medina County                 ,64,64,16317855,0,0,0,0,0,0,0,0,0,64,64,16317855,0,0,0,0,0,0,0,0,0
201708,39,117,2,3,Morrow County                 ,8,8,1328704,0,0,0,0,0,0,0,0,0,8,8,1328704,0,0,0,0,0,0,0,0,0
201708,39,159,2,3,Union County                  ,51,51,13193914,0,0,0,0,0,0,0,0,0,51,51,13193914,0,0,0,0,0,0,0,0,0
201708,39,165,2,3,Warren County                 ,115,115,30756101,0,0,0,0,0,0,0,0,0,100,100,26965952,0,0,0,0,0,0,0,0,0
201708,40,001,3,7,Adair County                  ,2,2,300000,0,0,0,0,0,0,0,0,0,2,2,300000,0,0,0,0,0,0,0,0,0
201708,40,017,3,7,Canadian County               ,19,19,4269369,0,0,0,0,0,0,0,0,0,12,12,2664990,0,0,0,0,0,0,0,0,0
201708,40,021,3,7,Cherokee County               ,5,5,656191,0,0,0,0,0,0,1,5,244048,0,0,0,0,0,0,0,0,0,0,0,0
201708,40,027,3,7,Cleveland County              ,63,63,14523942,8,16,1355940,0,0,0,0,0,0,63,63,14523942,8,16,1355940,0,0,0,0,0,0
201708,40,029,3,7,Coal County                   ,0,0,0,0,0,0,0,0,0,0,0,0,0,0,0,0,0,0,0,0,0,0,0,0
201708,40,037,3,7,Creek County                  ,6,6,1128000,0,0,0,0,0,0,0,0,0,6,6,1128000,0,0,0,0,0,0,0,0,0
201708,40,051,3,7,Grady County                  ,6,6,417000,0,0,0,0,0,0,0,0,0,6,6,417000,0,0,0,0,0,0,0,0,0
201708,40,055,3,7,Greer County                  ,0,0,0,0,0,0,0,0,0,0,0,0,0,0,0,0,0,0,0,0,0,0,0,0
201708,40,081,3,7,Lincoln County                ,0,0,0,0,0,0,0,0,0,0,0,0,0,0,0,0,0,0,0,0,0,0,0,0
201708,40,083,3,7,Logan County                  ,1,1,250000,0,0,0,0,0,0,0,0,0,1,1,250000,0,0,0,0,0,0,0,0,0
201708,40,087,3,7,McClain County                ,39,39,7262031,0,0,0,0,0,0,0,0,0,32,32,5798230,0,0,0,0,0,0,0,0,0
201708,40,109,3,7,Oklahoma County               ,304,304,70190531,9,18,2782100,1,4,215000,0,0,0,279,279,66533080,9,18,2782100,0,0,0,0,0,0
201708,40,111,3,7,Okmulgee County               ,0,0,0,0,0,0,0,0,0,0,0,0,0,0,0,0,0,0,0,0,0,0,0,0
201708,40,113,3,7,Osage County                  ,20,20,3439612,0,0,0,0,0,0,0,0,0,20,20,3439612,0,0,0,0,0,0,0,0,0
201708,40,117,3,7,Pawnee County                 ,0,0,0,0,0,0,0,0,0,0,0,0,0,0,0,0,0,0,0,0,0,0,0,0
201708,40,131,3,7,Rogers County                 ,38,38,8052528,0,0,0,0,0,0,0,0,0,38,38,8052528,0,0,0,0,0,0,0,0,0
201708,40,143,3,7,Tulsa County                  ,164,164,40757924,2,4,620000,0,0,0,0,0,0,163,163,40694924,2,4,620000,0,0,0,0,0,0
201708,40,145,3,7,Wagoner County                ,34,34,6814830,0,0,0,0,0,0,0,0,0,34,34,6814830,0,0,0,0,0,0,0,0,0
201708,41,000,4,9,Oregon Balance of State       ,20,20,2962237,0,0,0,0,0,0,0,0,0,0,0,0,0,0,0,0,0,0,0,0,0
201708,41,005,4,9,Clackamas County              ,108,108,30606604,3,6,624904,0,0,0,3,66,8473649,92,92,23336537,3,6,624904,0,0,0,2,44,5274475
201708,41,019,4,9,Douglas County                ,27,27,5965788,1,2,303362,0,0,0,0,0,0,27,27,5965788,1,2,303362,0,0,0,0,0,0
201708,41,025,4,9,Harney County                 ,2,2,494156,0,0,0,0,0,0,0,0,0,0,0,0,0,0,0,0,0,0,0,0,0
201708,41,035,4,9,Klamath County                ,21,21,5992122,0,0,0,0,0,0,0,0,0,21,21,5992122,0,0,0,0,0,0,0,0,0
201708,41,051,4,9,Multnomah County              ,135,135,36833129,9,18,3289822,0,0,0,22,1123,119345719,135,135,36833129,9,18,3289822,0,0,0,22,1123,119345719
201708,41,067,4,9,Washington County             ,138,138,40545551,1,2,319194,0,0,0,3,282,42795739,134,134,39320701,0,0,0,0,0,0,3,282,42795739
201708,41,071,4,9,Yamhill County                ,37,37,9060494,0,0,0,0,0,0,1,16,1251757,25,25,6070268,0,0,0,0,0,0,1,16,1251757
201708,42,001,1,2,Adams County                  ,21,21,4893755,0,0,0,0,0,0,0,0,0,21,21,4893755,0,0,0,0,0,0,0,0,0
201708,42,017,1,2,Bucks County                  ,82,82,17290427,1,2,425000,0,0,0,0,0,0,50,50,9525444,1,2,425000,0,0,0,0,0,0
201708,42,029,1,2,Chester County                ,58,58,12083992,0,0,0,0,0,0,0,0,0,32,32,7782871,0,0,0,0,0,0,0,0,0
201708,42,037,1,2,Columbia County               ,8,8,1760385,0,0,0,1,3,387224,0,0,0,2,2,297000,0,0,0,0,0,0,0,0,0
201708,42,041,1,2,Cumberland County             ,76,76,16150387,0,0,0,0,0,0,2,19,2353892,16,16,4131903,0,0,0,0,0,0,0,0,0
201708,42,043,1,2,Dauphin County                ,42,42,9450004,2,4,706040,0,0,0,1,22,1674000,27,27,6188209,2,4,706040,0,0,0,1,22,1674000
201708,42,045,1,2,Delaware County               ,34,34,8693335,0,0,0,0,0,0,0,0,0,11,11,2706385,0,0,0,0,0,0,0,0,0
201708,42,055,1,2,Franklin County               ,38,38,5455167,0,0,0,0,0,0,1,5,487529,32,32,4686383,0,0,0,0,0,0,0,0,0
201708,42,065,1,2,Jefferson County              ,6,6,642500,0,0,0,0,0,0,0,0,0,6,6,642500,0,0,0,0,0,0,0,0,0
201708,42,091,1,2,Montgomery County             ,94,94,19173870,0,0,0,0,0,0,1,7,1555556,51,51,9079109,0,0,0,0,0,0,0,0,0
201708,42,093,1,2,Montour County                ,3,3,735802,0,0,0,0,0,0,0,0,0,1,1,267838,0,0,0,0,0,0,0,0,0
201708,42,099,1,2,Perry County                  ,11,11,2810170,0,0,0,0,0,0,0,0,0,0,0,0,0,0,0,0,0,0,0,0,0
201708,42,101,1,2,Philadelphia County           ,69,69,18480788,8,16,1890000,0,0,0,1,6,500000,69,69,18480788,8,16,1890000,0,0,0,1,6,500000
201708,42,103,1,2,Pike County                   ,9,9,2017255,0,0,0,0,0,0,0,0,0,7,7,1468500,0,0,0,0,0,0,0,0,0
201708,44,001,1,1,Bristol County                ,4,4,863000,0,0,0,0,0,0,0,0,0,4,4,863000,0,0,0,0,0,0,0,0,0
201708,44,003,1,1,Kent County                   ,16,16,2434047,0,0,0,0,0,0,0,0,0,11,11,1524677,0,0,0,0,0,0,0,0,0
201708,44,005,1,1,Newport County                ,21,21,6736771,0,0,0,0,0,0,0,0,0,19,19,5967335,0,0,0,0,0,0,0,0,0
201708,44,007,1,1,Providence County             ,38,38,6454343,1,2,138830,1,4,166219,0,0,0,31,31,5134285,0,0,0,0,0,0,0,0,0
201708,44,009,1,1,Washington County             ,75,75,6623866,2,4,600000,0,0,0,0,0,0,68,68,3373210,2,4,600000,0,0,0,0,0,0
201708,45,003,3,5,Aiken County                  ,67,67,11620453,0,0,0,0,0,0,0,0,0,53,53,9467000,0,0,0,0,0,0,0,0,0
201708,45,009,3,5,Bamberg County                ,1,1,250000,0,0,0,0,0,0,0,0,0,1,1,250000,0,0,0,0,0,0,0,0,0
201708,45,015,3,5,Berkeley County               ,152,152,42441967,0,0,0,0,0,0,2,48,1132420,34,34,10862158,0,0,0,0,0,0,0,0,0
201708,45,017,3,5,Calhoun County                ,2,2,309000,0,0,0,0,0,0,0,0,0,2,2,309000,0,0,0,0,0,0,0,0,0
201708,45,019,3,5,Charleston County             ,237,237,66716526,0,0,0,0,0,0,4,76,4816185,115,115,48308494,0,0,0,0,0,0,0,0,0
201708,45,035,3,5,Dorchester County             ,86,86,18611273,0,0,0,0,0,0,0,0,0,86,86,18611273,0,0,0,0,0,0,0,0,0
201708,45,037,3,5,Edgefield County              ,20,20,4130254,0,0,0,0,0,0,0,0,0,20,20,4130254,0,0,0,0,0,0,0,0,0
201708,45,039,3,5,Fairfield County              ,5,5,1051548,0,0,0,0,0,0,0,0,0,0,0,0,0,0,0,0,0,0,0,0,0
201708,45,045,3,5,Greenville County             ,320,320,152931028,0,0,0,5,18,1282626,0,0,0,317,317,152456331,0,0,0,5,18,1282626,0,0,0
201708,45,051,3,5,Horry County                  ,449,449,70827160,4,8,1040000,0,0,0,3,16,1720147,449,449,70827160,4,8,1040000,0,0,0,3,16,1720147
201708,45,055,3,5,Kershaw County                ,20,20,3308068,0,0,0,0,0,0,0,0,0,20,20,3308068,0,0,0,0,0,0,0,0,0
201708,45,059,3,5,Laurens County                ,12,12,1783224,0,0,0,0,0,0,0,0,0,12,12,1783224,0,0,0,0,0,0,0,0,0
201708,45,063,3,5,Lexington County              ,185,185,46189826,0,0,0,0,0,0,1,22,2153077,37,37,7837052,0,0,0,0,0,0,0,0,0
201708,45,077,3,5,Pickens County                ,49,49,13575210,0,0,0,0,0,0,1,39,5131328,40,40,12089833,0,0,0,0,0,0,0,0,0
201708,45,079,3,5,Richland County               ,185,185,26645652,0,0,0,0,0,0,2,36,2031939,34,34,7224098,0,0,0,0,0,0,0,0,0
201708,45,081,3,5,Saluda County                 ,3,3,668330,0,0,0,0,0,0,0,0,0,3,3,668330,0,0,0,0,0,0,0,0,0
201708,45,085,3,5,Sumter County                 ,24,24,3509524,0,0,0,0,0,0,1,5,533333,0,0,0,0,0,0,0,0,0,0,0,0
201708,45,091,3,5,York County                   ,235,235,75074564,0,0,0,0,0,0,4,96,11230796,72,72,21918775,0,0,0,0,0,0,1,57,7087237
201708,46,007,2,4,Bennett County                ,0,0,0,0,0,0,0,0,0,0,0,0,0,0,0,0,0,0,0,0,0,0,0,0
201708,46,055,2,4,Haakon County                 ,0,0,0,0,0,0,0,0,0,0,0,0,0,0,0,0,0,0,0,0,0,0,0,0
201708,46,071,2,4,Jackson County                ,1,1,211632,0,0,0,0,0,0,0,0,0,1,1,211632,0,0,0,0,0,0,0,0,0
201708,46,111,2,4,Sanborn County                ,0,0,0,0,0,0,0,0,0,0,0,0,0,0,0,0,0,0,0,0,0,0,0,0
201708,47,001,3,6,Anderson County               ,12,12,2401516,0,0,0,0,0,0,0,0,0,12,12,2401516,0,0,0,0,0,0,0,0,0
201708,47,015,3,6,Cannon County                 ,1,1,126190,0,0,0,0,0,0,0,0,0,0,0,0,0,0,0,0,0,0,0,0,0
201708,47,021,3,6,Cheatham County               ,19,19,2830238,0,0,0,0,0,0,0,0,0,18,18,2529000,0,0,0,0,0,0,0,0,0
201708,47,037,3,6,Davidson County               ,396,396,96374286,0,0,0,1,3,294354,6,661,24308433,396,396,96374286,0,0,0,1,3,294354,6,661,24308433
201708,47,043,3,6,Dickson County                ,25,25,5168008,0,0,0,0,0,0,0,0,0,24,24,4942610,0,0,0,0,0,0,0,0,0
201708,47,049,3,6,Fentress County               ,0,0,0,0,0,0,0,0,0,0,0,0,0,0,0,0,0,0,0,0,0,0,0,0
201708,47,081,3,6,Hickman County                ,7,7,1337063,0,0,0,0,0,0,0,0,0,7,7,1337063,0,0,0,0,0,0,0,0,0
201708,47,093,3,6,Knox County                   ,164,164,36305257,0,0,0,0,0,0,11,308,21566269,164,164,36305257,0,0,0,0,0,0,11,308,21566269
201708,47,105,3,6,Loudon County                 ,28,28,7170309,0,0,0,0,0,0,0,0,0,23,23,6310155,0,0,0,0,0,0,0,0,0
201708,47,125,3,6,Montgomery County             ,145,145,20793263,0,0,0,0,0,0,2,12,864000,145,145,20793263,0,0,0,0,0,0,2,12,864000
201708,47,139,3,6,Polk County                   ,16,16,2881985,0,0,0,0,0,0,0,0,0,0,0,0,0,0,0,0,0,0,0,0,0
201708,47,149,3,6,Rutherford County             ,188,188,46233846,0,0,0,0,0,0,0,0,0,182,182,45170777,0,0,0,0,0,0,0,0,0
201708,47,153,3,6,Sequatchie County             ,0,0,0,0,0,0,0,0,0,0,0,0,0,0,0,0,0,0,0,0,0,0,0,0
201708,47,157,3,6,Shelby County                 ,126,126,32460709,0,0,0,0,0,0,0,0,0,126,126,32460709,0,0,0,0,0,0,0,0,0
201708,47,159,3,6,Smith County                  ,4,4,540000,0,0,0,0,0,0,0,0,0,4,4,540000,0,0,0,0,0,0,0,0,0
201708,47,161,3,6,Stewart County                ,1,1,310000,0,0,0,0,0,0,0,0,0,1,1,310000,0,0,0,0,0,0,0,0,0
201708,47,165,3,6,Sumner County                 ,94,94,20113119,0,0,0,0,0,0,2,22,5830000,88,88,19017800,0,0,0,0,0,0,2,22,5830000
201708,47,167,3,6,Tipton County                 ,19,19,2979458,0,0,0,0,0,0,0,0,0,13,13,2186854,0,0,0,0,0,0,0,0,0
201708,47,169,3,6,Trousdale County              ,5,5,792000,0,0,0,0,0,0,0,0,0,5,5,792000,0,0,0,0,0,0,0,0,0
201708,47,173,3,6,Union County                  ,7,7,830000,0,0,0,0,0,0,0,0,0,7,7,830000,0,0,0,0,0,0,0,0,0
201708,47,175,3,6,Van Buren County              ,0,0,0,0,0,0,0,0,0,0,0,0,0,0,0,0,0,0,0,0,0,0,0,0
201708,47,189,3,6,Wilson County                 ,107,107,19638146,1,2,400000,0,0,0,26,174,9717285,107,107,19638146,1,2,400000,0,0,0,26,174,9717285
201708,48,013,3,7,Atascosa County               ,2,2,386099,0,0,0,0,0,0,0,0,0,1,1,213850,0,0,0,0,0,0,0,0,0
201708,48,015,3,7,Austin County                 ,3,3,629482,0,0,0,0,0,0,0,0,0,1,1,244000,0,0,0,0,0,0,0,0,0
201708,48,019,3,7,Bandera County                ,0,0,0,0,0,0,0,0,0,0,0,0,0,0,0,0,0,0,0,0,0,0,0,0
201708,48,021,3,7,Bastrop County                ,30,30,3301894,0,0,0,0,0,0,0,0,0,30,30,3301894,0,0,0,0,0,0,0,0,0
201708,48,025,3,7,Bee County                    ,1,1,114764,0,0,0,0,0,0,0,0,0,0,0,0,0,0,0,0,0,0,0,0,0
201708,48,027,3,7,Bell County                   ,158,158,27695255,5,10,1052600,0,0,0,10,188,10984798,151,151,26321079,5,10,1052600,0,0,0,10,188,10984798
201708,48,029,3,7,Bexar County                  ,298,298,67933010,1,2,106080,0,0,0,13,67,6583425,254,254,61974804,1,2,106080,0,0,0,12,60,5091731
201708,48,051,3,7,Burleson County               ,0,0,0,0,0,0,0,0,0,0,0,0,0,0,0,0,0,0,0,0,0,0,0,0
201708,48,055,3,7,Caldwell County               ,29,29,4832605,1,2,116640,0,0,0,0,0,0,1,1,75000,0,0,0,0,0,0,0,0,0
201708,48,085,3,7,Collin County                 ,895,895,272360174,1,2,623424,0,0,0,1,260,35315095,858,858,262768692,1,2,623424,0,0,0,1,260,35315095
201708,48,091,3,7,Comal County                  ,203,203,46926552,5,10,1085704,0,0,0,0,0,0,201,201,46332347,5,10,1085704,0,0,0,0,0,0
201708,48,099,3,7,Coryell County                ,16,16,2115577,2,4,304380,0,0,0,0,0,0,16,16,2115577,2,4,304380,0,0,0,0,0,0
201708,48,107,3,7,Crosby County                 ,1,1,67000,0,0,0,0,0,0,0,0,0,0,0,0,0,0,0,0,0,0,0,0,0
201708,48,113,3,7,Dallas County                 ,409,409,113996267,11,22,4986580,3,9,3015857,24,1062,609243284,383,383,105822955,11,22,4986580,2,6,1200000,23,986,601440300
201708,48,119,3,7,Delta County                  ,0,0,0,0,0,0,0,0,0,0,0,0,0,0,0,0,0,0,0,0,0,0,0,0
201708,48,135,3,7,Ector County                  ,45,45,8604127,0,0,0,0,0,0,0,0,0,0,0,0,0,0,0,0,0,0,0,0,0
201708,48,139,3,7,Ellis County                  ,193,193,42232525,0,0,0,0,0,0,0,0,0,193,193,42232525,0,0,0,0,0,0,0,0,0
201708,48,141,3,7,El Paso County                ,220,220,54261101,4,8,674291,1,4,362245,9,63,8956889,1,1,100000,0,0,0,0,0,0,0,0,0
201708,48,157,3,7,Fort Bend County              ,598,598,143874397,7,14,1515149,0,0,0,0,0,0,558,558,134878227,7,14,1515149,0,0,0,0,0,0
201708,48,167,3,7,Galveston County              ,207,207,46118927,0,0,0,0,0,0,1,5,275264,90,90,19706281,0,0,0,0,0,0,0,0,0
201708,48,185,3,7,Grimes County                 ,18,18,1896170,0,0,0,0,0,0,0,0,0,18,18,1896170,0,0,0,0,0,0,0,0,0
201708,48,187,3,7,Guadalupe County              ,98,98,23642444,1,2,294323,0,0,0,0,0,0,98,98,23642444,1,2,294323,0,0,0,0,0,0
201708,48,193,3,7,Hamilton County               ,0,0,0,0,0,0,0,0,0,0,0,0,0,0,0,0,0,0,0,0,0,0,0,0
201708,48,195,3,7,Hansford County               ,0,0,0,0,0,0,0,0,0,0,0,0,0,0,0,0,0,0,0,0,0,0,0,0
201708,48,201,3,7,Harris County                 ,1119,1119,229574555,8,16,1360466,2,8,2000000,17,741,55371528,1101,1101,215452193,8,16,1360466,2,8,2000000,17,741,55371528
201708,48,211,3,7,Hemphill County               ,0,0,0,0,0,0,0,0,0,0,0,0,0,0,0,0,0,0,0,0,0,0,0,0
201708,48,215,3,7,Hidalgo County                ,216,216,33160548,5,10,706650,6,23,1240485,21,208,13970029,169,169,23217839,4,8,592296,1,4,200000,20,160,10213779
201708,48,233,3,7,Hutchinson County             ,0,0,0,0,0,0,0,0,0,0,0,0,0,0,0,0,0,0,0,0,0,0,0,0
201708,48,251,3,7,Johnson County                ,53,53,11725241,0,0,0,0,0,0,0,0,0,49,49,11346692,0,0,0,0,0,0,0,0,0
201708,48,257,3,7,Kaufman County                ,86,86,22253092,0,0,0,0,0,0,8,337,30000000,78,78,20894239,0,0,0,0,0,0,8,337,30000000
201708,48,259,3,7,Kendall County                ,25,25,7047445,0,0,0,0,0,0,1,27,1997813,0,0,0,0,0,0,0,0,0,0,0,0
201708,48,271,3,7,Kinney County                 ,0,0,0,0,0,0,0,0,0,0,0,0,0,0,0,0,0,0,0,0,0,0,0,0
201708,48,281,3,7,Lampasas County               ,4,4,455000,0,0,0,0,0,0,0,0,0,4,4,455000,0,0,0,0,0,0,0,0,0
201708,48,291,3,7,Liberty County                ,41,41,5975725,0,0,0,0,0,0,0,0,0,2,2,240000,0,0,0,0,0,0,0,0,0
201708,48,303,3,7,Lubbock County                ,125,125,28793370,3,6,734234,1,3,401625,8,111,12673363,1,1,171000,0,0,0,0,0,0,0,0,0
201708,48,323,3,7,Maverick County               ,3,3,632664,1,2,250925,0,0,0,0,0,0,3,3,632664,1,2,250925,0,0,0,0,0,0
201708,48,325,3,7,Medina County                 ,3,3,500000,0,0,0,0,0,0,0,0,0,3,3,500000,0,0,0,0,0,0,0,0,0
201708,48,329,3,7,Midland County                ,59,59,12564430,0,0,0,0,0,0,0,0,0,59,59,12564430,0,0,0,0,0,0,0,0,0
201708,48,339,3,7,Montgomery County             ,323,323,80762159,0,0,0,0,0,0,0,0,0,316,316,79191886,0,0,0,0,0,0,0,0,0
201708,48,367,3,7,Parker County                 ,48,48,11329055,0,0,0,0,0,0,1,5,526370,46,46,10977685,0,0,0,0,0,0,0,0,0
201708,48,375,3,7,Potter County                 ,36,36,9737091,0,0,0,0,0,0,0,0,0,36,36,9737091,0,0,0,0,0,0,0,0,0
201708,48,383,3,7,Reagan County                 ,0,0,0,0,0,0,0,0,0,0,0,0,0,0,0,0,0,0,0,0,0,0,0,0
201708,48,385,3,7,Real County                   ,0,0,0,0,0,0,0,0,0,0,0,0,0,0,0,0,0,0,0,0,0,0,0,0
201708,48,395,3,7,Robertson County              ,7,7,1618721,0,0,0,0,0,0,0,0,0,7,7,1618721,0,0,0,0,0,0,0,0,0
201708,48,397,3,7,Rockwall County               ,131,131,40098955,0,0,0,0,0,0,0,0,0,101,101,29561385,0,0,0,0,0,0,0,0,0
201708,48,407,3,7,San Jacinto County            ,28,28,5664799,0,0,0,0,0,0,0,0,0,0,0,0,0,0,0,0,0,0,0,0,0
201708,48,411,3,7,San Saba County               ,0,0,0,0,0,0,0,0,0,0,0,0,0,0,0,0,0,0,0,0,0,0,0,0
201708,48,451,3,7,Tom Green County              ,21,21,4258000,0,0,0,0,0,0,0,0,0,21,21,4258000,0,0,0,0,0,0,0,0,0
201708,48,453,3,7,Travis County                 ,632,632,147908241,0,0,0,0,0,0,20,536,40298671,597,597,136459424,0,0,0,0,0,0,20,536,40298671
201708,48,473,3,7,Waller County                 ,0,0,0,0,0,0,0,0,0,1,6,133083,0,0,0,0,0,0,0,0,0,0,0,0
201708,48,491,3,7,Williamson County             ,363,363,97941850,0,0,0,0,0,0,1,108,5000000,348,348,94997760,0,0,0,0,0,0,1,108,5000000
201708,48,493,3,7,Wilson County                 ,5,5,1020975,0,0,0,0,0,0,0,0,0,0,0,0,0,0,0,0,0,0,0,0,0
201708,48,497,3,7,Wise County                   ,5,5,1086383,0,0,0,0,0,0,0,0,0,1,1,300000,0,0,0,0,0,0,0,0,0
201708,49,011,4,8,Davis County                  ,165,165,40206575,2,4,532000,2,6,770000,1,8,988549,140,140,33874482,2,4,532000,2,6,770000,0,0,0
201708,49,023,4,8,Juab County                   ,8,8,2261340,0,0,0,0,0,0,0,0,0,5,5,1326926,0,0,0,0,0,0,0,0,0
201708,49,029,4,8,Morgan County                 ,9,9,3318414,0,0,0,0,0,0,0,0,0,0,0,0,0,0,0,0,0,0,0,0,0
201708,49,035,4,8,Salt Lake County              ,414,414,105843750,2,4,591806,7,21,3151904,18,257,30418616,254,254,62552139,0,0,0,4,12,1950294,12,211,23546593
201708,49,039,4,8,Sanpete County                ,10,10,1011701,0,0,0,0,0,0,0,0,0,10,10,1011701,0,0,0,0,0,0,0,0,0
201708,49,043,4,8,Summit County                 ,24,24,14629194,0,0,0,0,0,0,1,6,1025141,11,11,8065938,0,0,0,0,0,0,0,0,0
201708,49,057,4,8,Weber County                  ,111,111,25774861,2,4,520000,4,12,1511907,3,34,3380256,93,93,21081420,2,4,520000,1,3,202000,1,24,1950000
201708,51,003,3,5,Albemarle County              ,52,52,16770132,0,0,0,0,0,0,1,18,1853422,0,0,0,0,0,0,0,0,0,0,0,0
201708,51,007,3,5,Amelia County                 ,9,9,1595790,0,0,0,0,0,0,0,0,0,9,9,1595790,0,0,0,0,0,0,0,0,0
201708,51,009,3,5,Amherst County                ,9,9,1054639,0,0,0,0,0,0,0,0,0,9,9,1054639,0,0,0,0,0,0,0,0,0
201708,51,013,3,5,Arlington County              ,33,33,9034902,1,2,485417,0,0,0,1,142,22887733,0,0,0,0,0,0,0,0,0,0,0,0
201708,51,015,3,5,Augusta County                ,15,15,3014786,0,0,0,0,0,0,0,0,0,15,15,3014786,0,0,0,0,0,0,0,0,0
201708,51,019,3,5,Bedford County                ,0,0,0,0,0,0,0,0,0,0,0,0,0,0,0,0,0,0,0,0,0,0,0,0
201708,51,033,3,5,Caroline County               ,11,11,1809070,0,0,0,0,0,0,0,0,0,11,11,1809070,0,0,0,0,0,0,0,0,0
201708,51,036,3,5,Charles City County           ,2,2,367353,0,0,0,0,0,0,0,0,0,0,0,0,0,0,0,0,0,0,0,0,0
201708,51,037,3,5,Charlotte County              ,1,1,75000,0,0,0,0,0,0,0,0,0,1,1,75000,0,0,0,0,0,0,0,0,0
201708,51,041,3,5,Chesterfield County           ,135,135,31218197,0,0,0,8,30,3783000,2,200,6800000,135,135,31218197,0,0,0,8,30,3783000,2,200,6800000
201708,51,043,3,5,Clarke County                 ,6,6,2002474,0,0,0,0,0,0,0,0,0,6,6,2002474,0,0,0,0,0,0,0,0,0
201708,51,049,3,5,Cumberland County             ,5,5,1092403,0,0,0,0,0,0,0,0,0,5,5,1092403,0,0,0,0,0,0,0,0,0
201708,51,051,3,5,Dickenson County              ,2,2,255000,0,0,0,0,0,0,0,0,0,2,2,255000,0,0,0,0,0,0,0,0,0
201708,51,053,3,5,Dinwiddie County              ,6,6,114424,0,0,0,0,0,0,0,0,0,0,0,0,0,0,0,0,0,0,0,0,0
201708,51,059,3,5,Fairfax County                ,113,113,26130787,0,0,0,0,0,0,0,0,0,113,113,26130787,0,0,0,0,0,0,0,0,0
201708,51,061,3,5,Fauquier County               ,27,27,9090998,0,0,0,0,0,0,0,0,0,27,27,9090998,0,0,0,0,0,0,0,0,0
201708,51,069,3,5,Frederick County              ,47,47,11324061,1,2,200000,4,16,2521310,1,16,1200000,47,47,11324061,1,2,200000,4,16,2521310,1,16,1200000
201708,51,073,3,5,Gloucester County             ,14,14,1759200,0,0,0,2,6,302000,0,0,0,14,14,1759200,0,0,0,2,6,302000,0,0,0
201708,51,075,3,5,Goochland County              ,14,14,4219277,0,0,0,0,0,0,0,0,0,14,14,4219277,0,0,0,0,0,0,0,0,0
201708,51,085,3,5,Hanover County                ,77,77,15208495,0,0,0,0,0,0,0,0,0,77,77,15208495,0,0,0,0,0,0,0,0,0
201708,51,087,3,5,Henrico County                ,92,92,16962022,0,0,0,0,0,0,0,0,0,92,92,16962022,0,0,0,0,0,0,0,0,0
201708,51,093,3,5,Isle of Wight County          ,17,17,3361484,0,0,0,0,0,0,0,0,0,0,0,0,0,0,0,0,0,0,0,0,0
201708,51,095,3,5,James City County             ,31,31,8252535,0,0,0,0,0,0,0,0,0,31,31,8252535,0,0,0,0,0,0,0,0,0
201708,51,097,3,5,King and Queen County         ,2,2,363243,0,0,0,0,0,0,0,0,0,0,0,0,0,0,0,0,0,0,0,0,0
201708,51,099,3,5,King George County            ,9,9,2081213,0,0,0,0,0,0,0,0,0,9,9,2081213,0,0,0,0,0,0,0,0,0
201708,51,107,3,5,Loudoun County                ,242,242,55961509,2,4,400000,0,0,0,7,100,10771910,242,242,55961509,2,4,400000,0,0,0,7,100,10771910
201708,51,109,3,5,Louisa County                 ,27,27,5118753,0,0,0,0,0,0,0,0,0,0,0,0,0,0,0,0,0,0,0,0,0
201708,51,115,3,5,Mathews County                ,2,2,348000,0,0,0,0,0,0,0,0,0,2,2,348000,0,0,0,0,0,0,0,0,0
201708,51,127,3,5,New Kent County               ,24,24,5549902,0,0,0,0,0,0,0,0,0,24,24,5549902,0,0,0,0,0,0,0,0,0
201708,51,139,3,5,Page County                   ,11,11,1109035,0,0,0,0,0,0,0,0,0,11,11,1109035,0,0,0,0,0,0,0,0,0
201708,51,145,3,5,Powhatan County               ,17,17,3931180,0,0,0,0,0,0,0,0,0,17,17,3931180,0,0,0,0,0,0,0,0,0
201708,51,149,3,5,Prince George County          ,15,15,2949484,0,0,0,0,0,0,0,0,0,15,15,2949484,0,0,0,0,0,0,0,0,0
201708,51,153,3,5,Prince William County         ,120,120,25000405,0,0,0,0,0,0,0,0,0,120,120,25000405,0,0,0,0,0,0,0,0,0
201708,51,165,3,5,Rockingham County             ,41,41,8648530,0,0,0,0,0,0,0,0,0,41,41,8648530,0,0,0,0,0,0,0,0,0
201708,51,175,3,5,Southampton County            ,4,4,589186,0,0,0,0,0,0,0,0,0,0,0,0,0,0,0,0,0,0,0,0,0
201708,51,177,3,5,Spotsylvania County           ,54,54,12805427,0,0,0,0,0,0,0,0,0,54,54,12805427,0,0,0,0,0,0,0,0,0
201708,51,179,3,5,Stafford County               ,103,103,25859096,0,0,0,0,0,0,0,0,0,103,103,25859096,0,0,0,0,0,0,0,0,0
201708,51,181,3,5,Surry County                  ,1,1,119800,0,0,0,0,0,0,0,0,0,1,1,119800,0,0,0,0,0,0,0,0,0
201708,51,183,3,5,Sussex County                 ,4,4,496000,0,0,0,0,0,0,0,0,0,4,4,496000,0,0,0,0,0,0,0,0,0
201708,51,187,3,5,Warren County                 ,24,24,5233000,0,0,0,0,0,0,0,0,0,24,24,5233000,0,0,0,0,0,0,0,0,0
201708,51,199,3,5,York County                   ,14,14,3237443,0,0,0,0,0,0,0,0,0,14,14,3237443,0,0,0,0,0,0,0,0,0
201708,51,510,3,5,Alexandria (Independent City) ,3,3,209800,0,0,0,0,0,0,0,0,0,3,3,209800,0,0,0,0,0,0,0,0,0
201708,51,540,3,5,Charlottesville (Independent C,8,8,1796317,1,2,190750,0,0,0,2,10,1478558,0,0,0,0,0,0,0,0,0,0,0,0
201708,51,550,3,5,Chesapeake(Independent City)  ,85,85,26890244,0,0,0,0,0,0,0,0,0,85,85,26890244,0,0,0,0,0,0,0,0,0
201708,51,570,3,5,Colonial Heights (Independent ,2,2,585000,0,0,0,0,0,0,0,0,0,2,2,585000,0,0,0,0,0,0,0,0,0
201708,51,580,3,5,Covington (Independent City)  ,0,0,0,0,0,0,0,0,0,0,0,0,0,0,0,0,0,0,0,0,0,0,0,0
201708,51,600,3,5,Fairfax (Independent City)    ,0,0,0,0,0,0,0,0,0,0,0,0,0,0,0,0,0,0,0,0,0,0,0,0
201708,51,610,3,5,Falls Church (Independent City,1,1,350000,0,0,0,0,0,0,0,0,0,1,1,350000,0,0,0,0,0,0,0,0,0
201708,51,630,3,5,Fredericksburg(Independent Cit,8,8,1323500,0,0,0,0,0,0,0,0,0,8,8,1323500,0,0,0,0,0,0,0,0,0
201708,51,650,3,5,Hampton (Independent City)    ,15,15,927552,0,0,0,0,0,0,0,0,0,0,0,0,0,0,0,0,0,0,0,0,0
201708,51,660,3,5,Harrisonburg (Independent City,1,1,338000,0,0,0,0,0,0,0,0,0,1,1,338000,0,0,0,0,0,0,0,0,0
201708,51,670,3,5,Hopewell (Independent City)   ,4,4,362547,0,0,0,0,0,0,0,0,0,0,0,0,0,0,0,0,0,0,0,0,0
201708,51,680,3,5,Lynchburg (Independent City)  ,2,2,220000,0,0,0,0,0,0,0,0,0,2,2,220000,0,0,0,0,0,0,0,0,0
201708,51,683,3,5,Manassas (Independent City)   ,15,15,2114067,0,0,0,0,0,0,0,0,0,0,0,0,0,0,0,0,0,0,0,0,0
201708,51,685,3,5,Manassas Park (Independent Cit,0,0,0,0,0,0,0,0,0,0,0,0,0,0,0,0,0,0,0,0,0,0,0,0
201708,51,700,3,5,Newport News (Independent City,17,17,3242400,0,0,0,0,0,0,1,43,4495000,17,17,3242400,0,0,0,0,0,0,1,43,4495000
201708,51,710,3,5,Norfolk (Independent City)    ,40,40,9249836,0,0,0,0,0,0,0,0,0,40,40,9249836,0,0,0,0,0,0,0,0,0
201708,51,730,3,5,Petersburg (Independent City) ,0,0,0,0,0,0,0,0,0,0,0,0,0,0,0,0,0,0,0,0,0,0,0,0
201708,51,735,3,5,Poquoson (Independent City)   ,1,1,216450,0,0,0,1,3,504000,0,0,0,1,1,216450,0,0,0,1,3,504000,0,0,0
201708,51,740,3,5,Portsmouth (Independent City) ,16,16,1738000,0,0,0,0,0,0,0,0,0,16,16,1738000,0,0,0,0,0,0,0,0,0
201708,51,760,3,5,Richmond (Independent City)   ,36,36,8324853,0,0,0,0,0,0,1,15,1231414,36,36,8324853,0,0,0,0,0,0,1,15,1231414
201708,51,800,3,5,Suffolk (Independent City)    ,39,39,6554359,0,0,0,0,0,0,1,29,645994,0,0,0,0,0,0,0,0,0,0,0,0
201708,51,810,3,5,Virginia Beach (Independent Ci,42,42,10759415,0,0,0,0,0,0,0,0,0,42,42,10759415,0,0,0,0,0,0,0,0,0
201708,51,830,3,5,Williamsburg (Independent City,4,4,1475000,0,0,0,0,0,0,0,0,0,4,4,1475000,0,0,0,0,0,0,0,0,0
201708,53,005,4,9,Benton County                 ,86,86,24520587,0,0,0,0,0,0,2,75,7073984,33,33,8022223,0,0,0,0,0,0,1,48,4531269
201708,53,011,4,9,Clark County                  ,241,241,68255643,0,0,0,0,0,0,3,59,4192499,69,69,15974269,0,0,0,0,0,0,1,30,1150911
201708,53,021,4,9,Franklin County               ,51,51,12925268,3,6,1013384,0,0,0,0,0,0,0,0,0,0,0,0,0,0,0,0,0,0
201708,53,031,4,9,Jefferson County              ,19,19,4255320,0,0,0,0,0,0,0,0,0,19,19,4255320,0,0,0,0,0,0,0,0,0
201708,53,033,4,9,King County                   ,384,384,146395352,13,26,5698265,9,30,5708220,19,1491,223561978,280,280,103418305,13,26,5698265,9,30,5708220,15,1353,207023779
201708,53,035,4,9,Kitsap County                 ,78,78,20855329,0,0,0,0,0,0,2,76,3994180,78,78,20855329,0,0,0,0,0,0,2,76,3994180
201708,53,053,4,9,Pierce County                 ,277,277,85782585,5,10,984532,2,8,1684997,2,271,41919210,255,255,78531879,5,10,984532,2,8,1684997,2,271,41919210
201708,53,055,4,9,San Juan County               ,16,16,3575187,0,0,0,0,0,0,0,0,0,2,2,300000,0,0,0,0,0,0,0,0,0
201708,53,059,4,9,Skamania County               ,11,11,2334188,0,0,0,0,0,0,0,0,0,11,11,2334188,0,0,0,0,0,0,0,0,0
201708,53,061,4,9,Snohomish County              ,260,260,71218424,5,10,2477880,1,3,320000,8,161,17295848,239,239,65860683,4,8,2032605,1,3,320000,7,156,16677340
201708,54,011,3,5,Cabell County                 ,5,5,428196,0,0,0,0,0,0,0,0,0,5,5,428196,0,0,0,0,0,0,0,0,0
201708,54,015,3,5,Clay County                   ,0,0,0,0,0,0,0,0,0,0,0,0,0,0,0,0,0,0,0,0,0,0,0,0
201708,54,019,3,5,Fayette County                ,2,2,341500,0,0,0,0,0,0,0,0,0,2,2,341500,0,0,0,0,0,0,0,0,0
201708,54,037,3,5,Jefferson County              ,30,30,8474950,0,0,0,0,0,0,0,0,0,30,30,8474950,0,0,0,0,0,0,0,0,0
201708,54,081,3,5,Raleigh County                ,3,3,165000,0,0,0,0,0,0,0,0,0,3,3,165000,0,0,0,0,0,0,0,0,0
201708,55,025,2,3,Dane County                   ,140,140,44213487,3,6,998208,1,3,447000,4,42,4401965,111,111,35544507,2,4,739746,0,0,0,0,0,0
201708,55,031,2,3,Douglas County                ,9,9,2291527,0,0,0,0,0,0,0,0,0,9,9,2291527,0,0,0,0,0,0,0,0,0
201708,55,037,2,3,Florence County               ,3,3,445000,0,0,0,0,0,0,0,0,0,3,3,445000,0,0,0,0,0,0,0,0,0
201708,55,049,2,3,Iowa County                   ,8,8,1868744,0,0,0,0,0,0,0,0,0,8,8,1868744,0,0,0,0,0,0,0,0,0
201708,55,059,2,3,Kenosha County                ,15,15,4482614,0,0,0,0,0,0,3,30,1069191,11,11,3565532,0,0,0,0,0,0,0,0,0
201708,55,079,2,3,Milwaukee County              ,13,13,4216309,0,0,0,0,0,0,1,5,657018,12,12,3992835,0,0,0,0,0,0,0,0,0
201708,55,089,2,3,Ozaukee County                ,18,18,6454650,0,0,0,0,0,0,1,8,604444,9,9,2622704,0,0,0,0,0,0,0,0,0
201708,55,093,2,3,Pierce County                 ,15,15,3529244,0,0,0,0,0,0,0,0,0,15,15,3529244,0,0,0,0,0,0,0,0,0
201708,55,109,2,3,St. Croix County              ,41,41,10107038,1,2,257714,0,0,0,0,0,0,34,34,8886402,0,0,0,0,0,0,0,0,0
201708,55,131,2,3,Washington County             ,27,27,7569781,5,10,1380000,1,3,371250,1,5,354167,18,18,4598879,5,10,1380000,0,0,0,0,0,0
201708,56,029,4,8,Park County                   ,16,16,3630414,0,0,0,0,0,0,0,0,0,16,16,3630414,0,0,0,0,0,0,0,0,0
201708,56,039,4,8,Teton County                  ,19,19,31587544,0,0,0,0,0,0,1,5,850000,17,17,30455000,0,0,0,0,0,0,1,5,850000
