Survey,FIPS,FIPS,Region,Division,County,,1-unit,,,2-units,,,3-4 units,,,5+ units,,,1-unit rep,,,2-units rep,,,3-4 units rep,,, 5+units rep
Date,State,County,Code,Code,Name,Bldgs,Units,Value,Bldgs,Units,Value,Bldgs,Units,Value,Bldgs,Units,Value,Bldgs,Units,Value,Bldgs,Units,Value,Bldgs,Units,Value,Bldgs,Units,Value
 
201703,01,001,3,6,Autauga County                ,20,20,5074234,0,0,0,0,0,0,0,0,0,20,20,5074234,0,0,0,0,0,0,0,0,0
201703,01,007,3,6,Bibb County                   ,0,0,0,0,0,0,0,0,0,0,0,0,0,0,0,0,0,0,0,0,0,0,0,0
201703,01,009,3,6,Blount County                 ,2,2,1081000,0,0,0,0,0,0,0,0,0,2,2,1081000,0,0,0,0,0,0,0,0,0
201703,01,021,3,6,Chilton County                ,6,6,675000,0,0,0,0,0,0,0,0,0,6,6,675000,0,0,0,0,0,0,0,0,0
201703,01,073,3,6,Jefferson County              ,143,143,39169293,0,0,0,0,0,0,3,58,5614753,127,127,36230100,0,0,0,0,0,0,1,6,650080
201703,01,081,3,6,Lee County                    ,110,110,30269409,9,18,1806258,0,0,0,0,0,0,110,110,30269409,9,18,1806258,0,0,0,0,0,0
201703,01,083,3,6,Limestone County              ,9,9,2050711,0,0,0,0,0,0,0,0,0,9,9,2050711,0,0,0,0,0,0,0,0,0
201703,01,089,3,6,Madison County                ,315,315,49367781,0,0,0,0,0,0,1,36,1589076,315,315,49367781,0,0,0,0,0,0,1,36,1589076
201703,01,113,3,6,Russell County                ,12,12,1769507,0,0,0,0,0,0,0,0,0,12,12,1769507,0,0,0,0,0,0,0,0,0
201703,01,115,3,6,St. Clair County              ,13,13,2766065,0,0,0,0,0,0,0,0,0,8,8,1728831,0,0,0,0,0,0,0,0,0
201703,01,117,3,6,Shelby County                 ,88,88,21658189,0,0,0,0,0,0,1,10,170000,27,27,6866874,0,0,0,0,0,0,0,0,0
201703,01,127,3,6,Walker County                 ,0,0,0,0,0,0,0,0,0,0,0,0,0,0,0,0,0,0,0,0,0,0,0,0
201703,02,013,4,9,Aleutians East Borough        ,0,0,0,0,0,0,0,0,0,0,0,0,0,0,0,0,0,0,0,0,0,0,0,0
201703,02,016,4,9,Aleutians West Census Area    ,0,0,0,0,0,0,0,0,0,0,0,0,0,0,0,0,0,0,0,0,0,0,0,0
201703,02,020,4,9,Anchorage Municipality        ,70,70,21907112,0,0,0,1,3,522682,2,14,2213338,0,0,0,0,0,0,0,0,0,0,0,0
201703,02,050,4,9,Bethel Census Area            ,1,1,350000,0,0,0,0,0,0,0,0,0,1,1,350000,0,0,0,0,0,0,0,0,0
201703,02,060,4,9,Bristol Bay Borough           ,0,0,0,0,0,0,0,0,0,0,0,0,0,0,0,0,0,0,0,0,0,0,0,0
201703,02,070,4,9,Dillingham Census Area        ,0,0,0,0,0,0,0,0,0,0,0,0,0,0,0,0,0,0,0,0,0,0,0,0
201703,02,090,4,9,Fairbanks North Star Borough  ,0,0,0,0,0,0,0,0,0,0,0,0,0,0,0,0,0,0,0,0,0,0,0,0
201703,02,100,4,9,Haines Borough                ,0,0,0,0,0,0,0,0,0,0,0,0,0,0,0,0,0,0,0,0,0,0,0,0
201703,02,105,4,9,Hoonah-Angoon Census Area     ,0,0,0,0,0,0,0,0,0,0,0,0,0,0,0,0,0,0,0,0,0,0,0,0
201703,02,110,4,9,Juneau City and Borough       ,0,0,0,0,0,0,0,0,0,0,0,0,0,0,0,0,0,0,0,0,0,0,0,0
201703,02,122,4,9,Kenai Peninsula Borough       ,5,5,951536,0,0,0,0,0,0,0,0,0,3,3,550000,0,0,0,0,0,0,0,0,0
201703,02,130,4,9,Ketchikan Gateway Borough     ,2,2,575427,0,0,0,0,0,0,0,0,0,2,2,575427,0,0,0,0,0,0,0,0,0
201703,02,150,4,9,Kodiak Island Borough         ,0,0,0,0,0,0,0,0,0,0,0,0,0,0,0,0,0,0,0,0,0,0,0,0
201703,02,158,4,9,Kusilvak Census Area          ,0,0,0,0,0,0,0,0,0,0,0,0,0,0,0,0,0,0,0,0,0,0,0,0
201703,02,170,4,9,Matanuska-Susitna Borough     ,2,2,575427,0,0,0,0,0,0,0,0,0,2,2,575427,0,0,0,0,0,0,0,0,0
201703,02,180,4,9,Nome Census Area              ,1,1,116399,0,0,0,0,0,0,0,0,0,0,0,0,0,0,0,0,0,0,0,0,0
201703,02,185,4,9,North Slope Borough           ,0,0,0,0,0,0,0,0,0,0,0,0,0,0,0,0,0,0,0,0,0,0,0,0
201703,02,188,4,9,Northwest Arctic Borough      ,0,0,0,0,0,0,0,0,0,0,0,0,0,0,0,0,0,0,0,0,0,0,0,0
201703,02,195,4,9,Petersburg Borough            ,2,2,435000,0,0,0,0,0,0,0,0,0,2,2,435000,0,0,0,0,0,0,0,0,0
201703,02,198,4,9,Prince of Wales-Hyder Census A,1,1,273532,0,0,0,0,0,0,0,0,0,1,1,273532,0,0,0,0,0,0,0,0,0
201703,02,220,4,9,Sitka City and Borough        ,2,2,663123,0,0,0,0,0,0,0,0,0,0,0,0,0,0,0,0,0,0,0,0,0
201703,02,230,4,9,Skagway Municipality          ,1,1,280000,0,0,0,0,0,0,0,0,0,0,0,0,0,0,0,0,0,0,0,0,0
201703,02,261,4,9,Valdez-Cordova Census Area    ,1,1,300000,0,0,0,0,0,0,0,0,0,1,1,300000,0,0,0,0,0,0,0,0,0
201703,02,275,4,9,Wrangell City and Borough     ,0,0,0,0,0,0,0,0,0,0,0,0,0,0,0,0,0,0,0,0,0,0,0,0
201703,02,282,4,9,Yakutat City and Borough      ,0,0,0,0,0,0,0,0,0,0,0,0,0,0,0,0,0,0,0,0,0,0,0,0
201703,02,290,4,9,Yukon-Koyukuk Census Area     ,0,0,0,0,0,0,0,0,0,0,0,0,0,0,0,0,0,0,0,0,0,0,0,0
201703,04,013,4,8,Maricopa County               ,1727,1727,484563110,0,0,0,6,24,7384804,25,793,106942116,1727,1727,484563110,0,0,0,6,24,7384804,25,793,106942116
201703,04,019,4,8,Pima County                   ,224,224,63989142,1,2,346330,0,0,0,5,50,7831576,99,99,26315829,0,0,0,0,0,0,4,32,4653344
201703,04,021,4,8,Pinal County                  ,258,258,49721988,3,6,448244,0,0,0,0,0,0,108,108,26433147,0,0,0,0,0,0,0,0,0
201703,05,013,3,7,Calhoun County                ,0,0,0,0,0,0,0,0,0,0,0,0,0,0,0,0,0,0,0,0,0,0,0,0
201703,05,035,3,7,Crittenden County             ,1,1,400000,0,0,0,0,0,0,0,0,0,1,1,400000,0,0,0,0,0,0,0,0,0
201703,05,045,3,7,Faulkner County               ,16,16,3730875,0,0,0,0,0,0,0,0,0,15,15,3519200,0,0,0,0,0,0,0,0,0
201703,05,053,3,7,Grant County                  ,1,1,121659,0,0,0,0,0,0,0,0,0,0,0,0,0,0,0,0,0,0,0,0,0
201703,05,085,3,7,Lonoke County                 ,36,36,3390309,2,4,202000,4,12,606100,0,0,0,11,11,1287425,2,4,202000,4,12,606100,0,0,0
201703,05,087,3,7,Madison County                ,0,0,0,0,0,0,0,0,0,0,0,0,0,0,0,0,0,0,0,0,0,0,0,0
201703,05,091,3,7,Miller County                 ,5,5,721351,0,0,0,0,0,0,0,0,0,0,0,0,0,0,0,0,0,0,0,0,0
201703,05,105,3,7,Perry County                  ,0,0,0,0,0,0,0,0,0,0,0,0,0,0,0,0,0,0,0,0,0,0,0,0
201703,05,119,3,7,Pulaski County                ,76,76,18259474,19,38,3380600,0,0,0,0,0,0,76,76,18259474,19,38,3380600,0,0,0,0,0,0
201703,05,129,3,7,Searcy County                 ,0,0,0,0,0,0,0,0,0,0,0,0,0,0,0,0,0,0,0,0,0,0,0,0
201703,05,143,3,7,Washington County             ,111,111,26241416,0,0,0,0,0,0,0,0,0,100,100,25106765,0,0,0,0,0,0,0,0,0
201703,06,001,4,9,Alameda County                ,193,193,62311594,0,0,0,0,0,0,27,329,51228426,150,150,47872892,0,0,0,0,0,0,26,323,49524179
201703,06,013,4,9,Contra Costa County           ,111,111,42099559,3,6,1012500,0,0,0,2,24,3201904,101,101,36672517,3,6,1012500,0,0,0,0,0,0
201703,06,017,4,9,El Dorado County              ,84,84,34810259,0,0,0,0,0,0,0,0,0,82,82,34437236,0,0,0,0,0,0,0,0,0
201703,06,019,4,9,Fresno County                 ,152,152,41178962,0,0,0,0,0,0,2,19,1507512,44,44,12613077,0,0,0,0,0,0,0,0,0
201703,06,037,4,9,Los Angeles County            ,571,571,259638900,35,70,9562560,8,27,5749099,37,1569,331202754,514,514,237664448,34,68,9226560,7,24,5184099,30,1475,315800435
201703,06,041,4,9,Marin County                  ,10,10,7152957,0,0,0,0,0,0,0,0,0,6,6,4366234,0,0,0,0,0,0,0,0,0
201703,06,059,4,9,Orange County                 ,514,514,166702464,3,6,2011357,10,31,7318856,11,782,110926135,444,444,142745837,1,2,678000,10,31,7318856,8,705,101718122
201703,06,061,4,9,Placer County                 ,180,180,61471410,3,6,786063,0,0,0,0,0,0,179,179,61144506,3,6,786063,0,0,0,0,0,0
201703,06,063,4,9,Plumas County                 ,2,2,765666,0,0,0,0,0,0,0,0,0,2,2,765666,0,0,0,0,0,0,0,0,0
201703,06,067,4,9,Sacramento County             ,308,308,86253568,0,0,0,0,0,0,3,119,13960752,306,306,85782868,0,0,0,0,0,0,3,119,13960752
201703,06,069,4,9,San Benito County             ,55,55,14331452,0,0,0,0,0,0,0,0,0,55,55,14331452,0,0,0,0,0,0,0,0,0
201703,06,071,4,9,San Bernardino County         ,448,448,114459399,0,0,0,0,0,0,21,370,50572585,427,427,109254537,0,0,0,0,0,0,19,360,49575600
201703,06,073,4,9,San Diego County              ,231,231,72644631,1,2,251959,14,49,7698459,28,490,75683254,217,217,69491901,1,2,251959,14,49,7698459,27,484,74483254
201703,06,075,4,9,San Francisco County          ,4,4,1094128,0,0,0,0,0,0,4,207,64630000,4,4,1094128,0,0,0,0,0,0,4,207,64630000
201703,06,081,4,9,San Mateo County              ,85,85,50886980,3,6,1062060,0,0,0,3,28,4066174,60,60,38311354,3,6,1062060,0,0,0,0,0,0
201703,06,085,4,9,Santa Clara County            ,190,190,61898087,0,0,0,0,0,0,17,396,66279332,189,189,60700475,0,0,0,0,0,0,17,396,66279332
201703,06,091,4,9,Sierra County                 ,1,1,156280,0,0,0,0,0,0,0,0,0,1,1,156280,0,0,0,0,0,0,0,0,0
201703,06,113,4,9,Yolo County                   ,39,39,9620100,5,10,1679204,0,0,0,0,0,0,39,39,9620100,5,10,1679204,0,0,0,0,0,0
201703,08,001,4,8,Adams County                  ,150,150,45243112,0,0,0,6,23,1976441,2,47,6089980,95,95,27926498,0,0,0,5,20,1677566,0,0,0
201703,08,005,4,8,Arapahoe County               ,227,227,53145176,0,0,0,0,0,0,2,16,2065560,227,227,53145176,0,0,0,0,0,0,2,16,2065560
201703,08,014,4,8,Broomfield County             ,78,78,23110365,0,0,0,0,0,0,0,0,0,78,78,23110365,0,0,0,0,0,0,0,0,0
201703,08,015,4,8,Chaffee County                ,12,12,3182211,1,2,323962,0,0,0,0,0,0,0,0,0,0,0,0,0,0,0,0,0,0
201703,08,019,4,8,Clear Creek County            ,1,1,511497,0,0,0,0,0,0,0,0,0,1,1,511497,0,0,0,0,0,0,0,0,0
201703,08,031,4,8,Denver County                 ,195,195,53338758,1,2,190000,0,0,0,7,840,94033967,195,195,53338758,1,2,190000,0,0,0,7,840,94033967
201703,08,035,4,8,Douglas County                ,185,185,57239532,0,0,0,0,0,0,5,25,4505975,177,177,54011097,0,0,0,0,0,0,5,25,4505975
201703,08,039,4,8,Elbert County                 ,18,18,5419292,0,0,0,0,0,0,0,0,0,18,18,5419292,0,0,0,0,0,0,0,0,0
201703,08,041,4,8,El Paso County                ,363,363,143771174,0,0,0,0,0,0,0,0,0,362,362,143636174,0,0,0,0,0,0,0,0,0
201703,08,047,4,8,Gilpin County                 ,2,2,547064,0,0,0,0,0,0,0,0,0,2,2,547064,0,0,0,0,0,0,0,0,0
201703,08,069,4,8,Larimer County                ,199,199,51983331,0,0,0,0,0,0,1,6,944916,199,199,51983331,0,0,0,0,0,0,1,6,944916
201703,08,077,4,8,Mesa County                   ,39,39,9325175,0,0,0,0,0,0,0,0,0,39,39,9325175,0,0,0,0,0,0,0,0,0
201703,08,093,4,8,Park County                   ,8,8,1675801,0,0,0,0,0,0,0,0,0,7,7,1470455,0,0,0,0,0,0,0,0,0
201703,08,101,4,8,Pueblo County                 ,42,42,7235848,1,2,319017,0,0,0,0,0,0,42,42,7235848,1,2,319017,0,0,0,0,0,0
201703,08,119,4,8,Teller County                 ,6,6,2243784,0,0,0,0,0,0,0,0,0,6,6,2243784,0,0,0,0,0,0,0,0,0
201703,09,001,1,1,Fairfield County              ,55,55,33971107,4,8,1604850,0,0,0,2,111,20811058,26,26,12765327,4,8,1604850,0,0,0,1,104,19731521
201703,09,003,1,1,Hartford County               ,34,34,8421381,2,4,428580,1,4,320002,1,5,243431,30,30,7723877,2,4,428580,1,4,320002,0,0,0
201703,09,007,1,1,Middlesex County              ,14,14,3686898,0,0,0,0,0,0,1,21,1326650,12,12,3353583,0,0,0,0,0,0,1,21,1326650
201703,09,013,1,1,Tolland County                ,13,13,2891421,1,2,205000,0,0,0,1,6,736380,9,9,1877092,1,2,205000,0,0,0,0,0,0
201703,10,001,3,5,Kent County                   ,114,114,19028676,0,0,0,0,0,0,1,13,799994,111,111,18660637,0,0,0,0,0,0,1,13,799994
201703,10,003,3,5,New Castle County             ,143,143,13290990,0,0,0,0,0,0,4,50,3077603,6,6,1367141,0,0,0,0,0,0,1,20,1060000
201703,10,005,3,5,Sussex County                 ,240,240,33394297,11,22,2195625,2,7,1195666,7,37,2174778,240,240,33394297,11,22,2195625,2,7,1195666,7,37,2174778
201703,11,001,3,5,Washington  DC                ,61,61,13899265,5,10,1067751,0,0,0,7,206,20672903,61,61,13899265,5,10,1067751,0,0,0,7,206,20672903
201703,12,003,3,5,Baker County                  ,7,7,1409112,0,0,0,0,0,0,0,0,0,7,7,1409112,0,0,0,0,0,0,0,0,0
201703,12,019,3,5,Clay County                   ,87,87,17298437,0,0,0,0,0,0,0,0,0,86,86,17198437,0,0,0,0,0,0,0,0,0
201703,12,029,3,5,Dixie County                  ,3,3,378970,0,0,0,0,0,0,0,0,0,0,0,0,0,0,0,0,0,0,0,0,0
201703,12,031,3,5,Duval County                  ,349,349,83528035,0,0,0,0,0,0,0,0,0,322,322,74642032,0,0,0,0,0,0,0,0,0
201703,12,033,3,5,Escambia County               ,105,105,23924964,0,0,0,0,0,0,1,5,910000,105,105,23924964,0,0,0,0,0,0,1,5,910000
201703,12,053,3,5,Hernando County               ,67,67,12130330,0,0,0,0,0,0,3,104,8196395,66,66,11771022,0,0,0,0,0,0,3,104,8196395
201703,12,057,3,5,Hillsborough County           ,731,731,234026942,0,0,0,0,0,0,1,396,41202000,731,731,234026942,0,0,0,0,0,0,1,396,41202000
201703,12,067,3,5,Lafayette County              ,1,1,180000,0,0,0,0,0,0,0,0,0,1,1,180000,0,0,0,0,0,0,0,0,0
201703,12,071,3,5,Lee County                    ,404,404,99273256,24,48,5974010,6,24,3335624,4,34,2700280,404,404,99273256,24,48,5974010,6,24,3335624,4,34,2700280
201703,12,073,3,5,Leon County                   ,63,63,12338108,0,0,0,0,0,0,1,10,853244,0,0,0,0,0,0,0,0,0,0,0,0
201703,12,081,3,5,Manatee County                ,299,299,67508082,0,0,0,1,4,479020,2,39,3221616,293,293,65030679,0,0,0,1,4,479020,2,39,3221616
201703,12,086,3,5,Miami-Dade County             ,133,133,48562553,14,28,6683941,0,0,0,7,301,61303177,113,113,34352124,14,28,6683941,0,0,0,5,291,51872974
201703,12,089,3,5,Nassau County                 ,164,164,44812705,0,0,0,0,0,0,0,0,0,159,159,43895149,0,0,0,0,0,0,0,0,0
201703,12,091,3,5,Okaloosa County               ,69,69,18780264,0,0,0,0,0,0,0,0,0,65,65,18198172,0,0,0,0,0,0,0,0,0
201703,12,095,3,5,Orange County                 ,617,617,160214169,5,10,1436545,1,3,551975,1,80,18095000,544,544,128800586,5,10,1436545,1,3,551975,1,80,18095000
201703,12,097,3,5,Osceola County                ,323,323,83206702,0,0,0,0,0,0,1,27,4725228,237,237,59155931,0,0,0,0,0,0,1,27,4725228
201703,12,101,3,5,Pasco County                  ,371,371,76268959,1,2,280000,0,0,0,2,13,514860,371,371,76268959,0,0,0,0,0,0,1,8,83610
201703,12,103,3,5,Pinellas County               ,91,91,23312452,1,2,298767,0,0,0,1,31,2459290,83,83,21483881,1,2,298767,0,0,0,0,0,0
201703,12,109,3,5,St. Johns County              ,383,383,98919157,0,0,0,1,4,858054,0,0,0,378,378,97623011,0,0,0,1,4,858054,0,0,0
201703,12,113,3,5,Santa Rosa County             ,169,169,27109046,0,0,0,0,0,0,0,0,0,169,169,27109046,0,0,0,0,0,0,0,0,0
201703,12,115,3,5,Sarasota County               ,347,347,95581080,2,4,801015,1,4,1043555,16,426,58427386,347,347,95581080,2,4,801015,1,4,1043555,16,426,58427386
201703,12,117,3,5,Seminole County               ,104,104,32670566,0,0,0,0,0,0,0,0,0,103,103,32547233,0,0,0,0,0,0,0,0,0
201703,12,119,3,5,Sumter County                 ,129,129,32327947,0,0,0,0,0,0,0,0,0,129,129,32327947,0,0,0,0,0,0,0,0,0
201703,12,129,3,5,Wakulla County                ,36,36,4722758,0,0,0,0,0,0,0,0,0,36,36,4722758,0,0,0,0,0,0,0,0,0
201703,12,131,3,5,Walton County                 ,92,92,43119068,0,0,0,0,0,0,0,0,0,92,92,43119068,0,0,0,0,0,0,0,0,0
201703,12,133,3,5,Washington County             ,3,3,489438,0,0,0,0,0,0,0,0,0,0,0,0,0,0,0,0,0,0,0,0,0
201703,13,007,3,5,Baker County                  ,0,0,0,0,0,0,0,0,0,0,0,0,0,0,0,0,0,0,0,0,0,0,0,0
201703,13,013,3,5,Barrow County                 ,44,44,6009626,0,0,0,0,0,0,0,0,0,0,0,0,0,0,0,0,0,0,0,0,0
201703,13,015,3,5,Bartow County                 ,37,37,7189785,1,2,144000,0,0,0,0,0,0,15,15,2200125,1,2,144000,0,0,0,0,0,0
201703,13,021,3,5,Bibb County                   ,9,9,1597316,0,0,0,0,0,0,0,0,0,9,9,1597316,0,0,0,0,0,0,0,0,0
201703,13,029,3,5,Bryan County                  ,50,50,10282098,0,0,0,0,0,0,0,0,0,35,35,8047214,0,0,0,0,0,0,0,0,0
201703,13,033,3,5,Burke County                  ,5,5,869340,0,0,0,0,0,0,0,0,0,0,0,0,0,0,0,0,0,0,0,0,0
201703,13,035,3,5,Butts County                  ,6,6,1425000,0,0,0,0,0,0,0,0,0,6,6,1425000,0,0,0,0,0,0,0,0,0
201703,13,045,3,5,Carroll County                ,16,16,3951774,0,0,0,0,0,0,0,0,0,16,16,3951774,0,0,0,0,0,0,0,0,0
201703,13,051,3,5,Chatham County                ,93,93,21543147,0,0,0,0,0,0,0,0,0,92,92,21317479,0,0,0,0,0,0,0,0,0
201703,13,057,3,5,Cherokee County               ,227,227,59763229,0,0,0,0,0,0,0,0,0,227,227,59763229,0,0,0,0,0,0,0,0,0
201703,13,059,3,5,Clarke County                 ,21,21,3263471,0,0,0,0,0,0,0,0,0,21,21,3263471,0,0,0,0,0,0,0,0,0
201703,13,063,3,5,Clayton County                ,51,51,11620697,0,0,0,0,0,0,0,0,0,51,51,11620697,0,0,0,0,0,0,0,0,0
201703,13,067,3,5,Cobb County                   ,165,165,45321487,2,4,725004,2,8,2130463,28,173,10208810,165,165,45321487,2,4,725004,2,8,2130463,28,173,10208810
201703,13,073,3,5,Columbia County               ,169,169,28612229,0,0,0,0,0,0,2,10,560000,19,19,3209129,0,0,0,0,0,0,2,10,560000
201703,13,077,3,5,Coweta County                 ,81,81,27033871,0,0,0,0,0,0,2,15,1422501,39,39,14854270,0,0,0,0,0,0,0,0,0
201703,13,085,3,5,Dawson County                 ,48,48,9824670,0,0,0,0,0,0,0,0,0,48,48,9824670,0,0,0,0,0,0,0,0,0
201703,13,095,3,5,Dougherty County              ,7,7,666344,0,0,0,0,0,0,0,0,0,7,7,666344,0,0,0,0,0,0,0,0,0
201703,13,097,3,5,Douglas County                ,39,39,7815340,0,0,0,0,0,0,0,0,0,39,39,7815340,0,0,0,0,0,0,0,0,0
201703,13,111,3,5,Fannin County                 ,38,38,7759410,0,0,0,0,0,0,0,0,0,38,38,7759410,0,0,0,0,0,0,0,0,0
201703,13,113,3,5,Fayette County                ,33,33,9712373,0,0,0,0,0,0,0,0,0,27,27,7537636,0,0,0,0,0,0,0,0,0
201703,13,115,3,5,Floyd County                  ,13,13,2512192,0,0,0,0,0,0,0,0,0,13,13,2512192,0,0,0,0,0,0,0,0,0
201703,13,117,3,5,Forsyth County                ,232,232,32416343,0,0,0,0,0,0,1,28,1426380,232,232,32416343,0,0,0,0,0,0,1,28,1426380
201703,13,121,3,5,Fulton County                 ,310,310,83547759,0,0,0,0,0,0,2,660,39126940,293,293,79397036,0,0,0,0,0,0,2,660,39126940
201703,13,127,3,5,Glynn County                  ,54,54,14243889,0,0,0,0,0,0,0,0,0,0,0,0,0,0,0,0,0,0,0,0,0
201703,13,135,3,5,Gwinnett County               ,387,387,85951209,0,0,0,0,0,0,0,0,0,382,382,84503893,0,0,0,0,0,0,0,0,0
201703,13,143,3,5,Haralson County               ,3,3,677005,0,0,0,0,0,0,0,0,0,0,0,0,0,0,0,0,0,0,0,0,0
201703,13,145,3,5,Harris County                 ,21,21,4837830,0,0,0,0,0,0,0,0,0,21,21,4837830,0,0,0,0,0,0,0,0,0
201703,13,149,3,5,Heard County                  ,1,1,215000,0,0,0,0,0,0,0,0,0,1,1,215000,0,0,0,0,0,0,0,0,0
201703,13,151,3,5,Henry County                  ,169,169,29123240,0,0,0,0,0,0,0,0,0,169,169,29123240,0,0,0,0,0,0,0,0,0
201703,13,159,3,5,Jasper County                 ,6,6,803844,0,0,0,0,0,0,0,0,0,0,0,0,0,0,0,0,0,0,0,0,0
201703,13,171,3,5,Lamar County                  ,0,0,0,0,0,0,0,0,0,0,0,0,0,0,0,0,0,0,0,0,0,0,0,0
201703,13,177,3,5,Lee County                    ,10,10,1043595,0,0,0,0,0,0,0,0,0,10,10,1043595,0,0,0,0,0,0,0,0,0
201703,13,179,3,5,Liberty County                ,36,36,8523087,1,2,109120,0,0,0,0,0,0,36,36,8523087,1,2,109120,0,0,0,0,0,0
201703,13,189,3,5,McDuffie County               ,3,3,530375,0,0,0,0,0,0,0,0,0,0,0,0,0,0,0,0,0,0,0,0,0
201703,13,199,3,5,Meriwether County             ,3,3,671608,0,0,0,0,0,0,0,0,0,0,0,0,0,0,0,0,0,0,0,0,0
201703,13,201,3,5,Miller County                 ,2,2,100000,0,0,0,0,0,0,0,0,0,2,2,100000,0,0,0,0,0,0,0,0,0
201703,13,207,3,5,Monroe County                 ,8,8,1869000,0,0,0,0,0,0,0,0,0,8,8,1869000,0,0,0,0,0,0,0,0,0
201703,13,215,3,5,Muscogee County               ,34,34,6943749,0,0,0,0,0,0,1,21,1987875,0,0,0,0,0,0,0,0,0,0,0,0
201703,13,217,3,5,Newton County                 ,36,36,7986120,0,0,0,0,0,0,0,0,0,33,33,7519274,0,0,0,0,0,0,0,0,0
201703,13,227,3,5,Pickens County                ,9,9,395625,0,0,0,0,0,0,0,0,0,8,8,285000,0,0,0,0,0,0,0,0,0
201703,13,231,3,5,Pike County                   ,9,9,1598547,0,0,0,0,0,0,0,0,0,8,8,1450000,0,0,0,0,0,0,0,0,0
201703,13,235,3,5,Pulaski County                ,4,4,269000,0,0,0,0,0,0,0,0,0,4,4,269000,0,0,0,0,0,0,0,0,0
201703,13,245,3,5,Richmond County               ,47,47,8878066,0,0,0,0,0,0,1,20,583871,0,0,0,0,0,0,0,0,0,0,0,0
201703,13,247,3,5,Rockdale County               ,23,23,5240706,0,0,0,0,0,0,0,0,0,23,23,5240706,0,0,0,0,0,0,0,0,0
201703,13,255,3,5,Spalding County               ,29,29,3627036,0,0,0,0,0,0,0,0,0,29,29,3627036,0,0,0,0,0,0,0,0,0
201703,13,275,3,5,Thomas County                 ,9,9,1186363,0,0,0,0,0,0,0,0,0,9,9,1186363,0,0,0,0,0,0,0,0,0
201703,13,291,3,5,Union County                  ,20,20,4737500,0,0,0,0,0,0,0,0,0,20,20,4737500,0,0,0,0,0,0,0,0,0
201703,15,001,4,9,Hawaii County                 ,74,74,31173577,0,0,0,0,0,0,1,8,3000000,74,74,31173577,0,0,0,0,0,0,1,8,3000000
201703,15,003,4,9,Honolulu County               ,109,109,35159172,0,0,0,0,0,0,0,0,0,109,109,35159172,0,0,0,0,0,0,0,0,0
201703,15,007,4,9,Kauai County                  ,26,26,10748871,2,4,1951277,0,0,0,0,0,0,26,26,10748871,2,4,1951277,0,0,0,0,0,0
201703,15,009,4,9,Maui County                   ,48,48,13669722,1,2,486000,0,0,0,4,32,5151000,48,48,13669722,1,2,486000,0,0,0,4,32,5151000
201703,16,001,4,8,Ada County                    ,358,358,84922696,2,4,945530,4,16,1280315,4,24,1980000,312,312,74962617,2,4,945530,4,16,1280315,4,24,1980000
201703,16,015,4,8,Boise County                  ,3,3,199707,0,0,0,0,0,0,0,0,0,3,3,199707,0,0,0,0,0,0,0,0,0
201703,16,027,4,8,Canyon County                 ,132,132,20607877,0,0,0,4,16,968000,0,0,0,131,131,20440297,0,0,0,4,16,968000,0,0,0
201703,16,045,4,8,Gem County                    ,3,3,473000,0,0,0,0,0,0,0,0,0,3,3,473000,0,0,0,0,0,0,0,0,0
201703,16,073,4,8,Owyhee County                 ,4,4,706930,0,0,0,0,0,0,0,0,0,2,2,340099,0,0,0,0,0,0,0,0,0
201703,17,005,2,3,Bond County                   ,6,6,885476,0,0,0,0,0,0,1,5,150000,0,0,0,0,0,0,0,0,0,0,0,0
201703,17,013,2,3,Calhoun County                ,1,1,30000,0,0,0,0,0,0,0,0,0,1,1,30000,0,0,0,0,0,0,0,0,0
201703,17,031,2,3,Cook County                   ,136,136,46367348,5,10,1318684,26,86,19077029,18,296,75004370,109,109,36900734,4,8,927255,25,82,18331240,17,286,73972819
201703,17,037,2,3,DeKalb County                 ,9,9,1990300,0,0,0,0,0,0,0,0,0,9,9,1990300,0,0,0,0,0,0,0,0,0
201703,17,039,2,3,De Witt County                ,1,1,200000,0,0,0,0,0,0,0,0,0,1,1,200000,0,0,0,0,0,0,0,0,0
201703,17,043,2,3,DuPage County                 ,90,90,34909974,1,2,325000,1,4,593776,3,16,2313795,84,84,33130302,1,2,325000,1,4,593776,3,16,2313795
201703,17,063,2,3,Grundy County                 ,8,8,2078549,0,0,0,0,0,0,2,10,512820,7,7,1918000,0,0,0,0,0,0,0,0,0
201703,17,083,2,3,Jersey County                 ,3,3,388328,0,0,0,0,0,0,0,0,0,2,2,232719,0,0,0,0,0,0,0,0,0
201703,17,093,2,3,Kendall County                ,31,31,5969857,0,0,0,0,0,0,0,0,0,23,23,4475844,0,0,0,0,0,0,0,0,0
201703,17,097,2,3,Lake County                   ,44,44,16351868,0,0,0,0,0,0,0,0,0,23,23,7806143,0,0,0,0,0,0,0,0,0
201703,17,111,2,3,McHenry County                ,31,31,5325392,0,0,0,1,4,320000,0,0,0,27,27,4956846,0,0,0,1,4,320000,0,0,0
201703,17,119,2,3,Madison County                ,48,48,11922220,0,0,0,0,0,0,0,0,0,41,41,10357164,0,0,0,0,0,0,0,0,0
201703,17,133,2,3,Monroe County                 ,21,21,5077826,0,0,0,0,0,0,0,0,0,15,15,3648625,0,0,0,0,0,0,0,0,0
201703,17,197,2,3,Will County                   ,106,106,25998832,0,0,0,1,4,140000,0,0,0,73,73,18809404,0,0,0,1,4,140000,0,0,0
201703,18,003,2,3,Allen County                  ,97,97,25706440,1,2,320000,0,0,0,0,0,0,97,97,25706440,1,2,320000,0,0,0,0,0,0
201703,18,011,2,3,Boone County                  ,42,42,17984802,3,6,1145500,0,0,0,0,0,0,42,42,17984802,3,6,1145500,0,0,0,0,0,0
201703,18,013,2,3,Brown County                  ,7,7,1778948,0,0,0,0,0,0,0,0,0,7,7,1778948,0,0,0,0,0,0,0,0,0
201703,18,019,2,3,Clark County                  ,58,58,11711768,0,0,0,0,0,0,0,0,0,54,54,11154625,0,0,0,0,0,0,0,0,0
201703,18,047,2,3,Franklin County               ,3,3,790000,0,0,0,0,0,0,0,0,0,3,3,790000,0,0,0,0,0,0,0,0,0
201703,18,057,2,3,Hamilton County               ,202,202,63533716,1,2,370000,0,0,0,0,0,0,202,202,63533716,1,2,370000,0,0,0,0,0,0
201703,18,059,2,3,Hancock County                ,39,39,7735875,0,0,0,0,0,0,0,0,0,39,39,7735875,0,0,0,0,0,0,0,0,0
201703,18,061,2,3,Harrison County               ,15,15,4017000,0,0,0,0,0,0,0,0,0,15,15,4017000,0,0,0,0,0,0,0,0,0
201703,18,063,2,3,Hendricks County              ,104,104,25162608,0,0,0,0,0,0,0,0,0,98,98,23963625,0,0,0,0,0,0,0,0,0
201703,18,069,2,3,Huntington County             ,3,3,604998,0,0,0,0,0,0,0,0,0,3,3,604998,0,0,0,0,0,0,0,0,0
201703,18,073,2,3,Jasper County                 ,7,7,1712406,0,0,0,0,0,0,0,0,0,7,7,1712406,0,0,0,0,0,0,0,0,0
201703,18,081,2,3,Johnson County                ,79,79,20478834,1,2,587000,0,0,0,0,0,0,76,76,20132127,1,2,587000,0,0,0,0,0,0
201703,18,087,2,3,Lagrange County               ,2,2,386000,0,0,0,0,0,0,0,0,0,2,2,386000,0,0,0,0,0,0,0,0,0
201703,18,089,2,3,Lake County                   ,127,127,28654887,0,0,0,1,3,516000,0,0,0,123,123,27687264,0,0,0,1,3,516000,0,0,0
201703,18,097,2,3,Marion County                 ,101,101,25344782,0,0,0,0,0,0,0,0,0,101,101,25344782,0,0,0,0,0,0,0,0,0
201703,18,105,2,3,Monroe County                 ,26,26,6607521,1,2,231814,0,0,0,0,0,0,26,26,6607521,1,2,231814,0,0,0,0,0,0
201703,18,109,2,3,Morgan County                 ,15,15,3465271,0,0,0,0,0,0,0,0,0,15,15,3465271,0,0,0,0,0,0,0,0,0
201703,18,111,2,3,Newton County                 ,2,2,357857,0,0,0,0,0,0,0,0,0,0,0,0,0,0,0,0,0,0,0,0,0
201703,18,115,2,3,Ohio County                   ,0,0,0,0,0,0,0,0,0,0,0,0,0,0,0,0,0,0,0,0,0,0,0,0
201703,18,119,2,3,Owen County                   ,5,5,1350000,0,0,0,0,0,0,0,0,0,5,5,1350000,0,0,0,0,0,0,0,0,0
201703,18,127,2,3,Porter County                 ,45,45,11476033,0,0,0,0,0,0,0,0,0,41,41,10877101,0,0,0,0,0,0,0,0,0
201703,18,133,2,3,Putnam County                 ,11,11,2458083,0,0,0,0,0,0,0,0,0,11,11,2458083,0,0,0,0,0,0,0,0,0
201703,18,145,2,3,Shelby County                 ,3,3,632000,0,0,0,0,0,0,0,0,0,3,3,632000,0,0,0,0,0,0,0,0,0
201703,18,151,2,3,Steuben County                ,12,12,2919331,0,0,0,0,0,0,0,0,0,12,12,2919331,0,0,0,0,0,0,0,0,0
201703,18,157,2,3,Tippecanoe County             ,42,42,9402887,1,2,360000,0,0,0,0,0,0,2,2,420000,0,0,0,0,0,0,0,0,0
201703,18,163,2,3,Vanderburgh County            ,25,25,4954286,0,0,0,0,0,0,0,0,0,25,25,4954286,0,0,0,0,0,0,0,0,0
201703,18,167,2,3,Vigo County                   ,2,2,315000,1,2,164143,1,4,212250,1,5,552500,0,0,0,0,0,0,0,0,0,0,0,0
201703,18,175,2,3,Washington County             ,5,5,698737,0,0,0,0,0,0,0,0,0,0,0,0,0,0,0,0,0,0,0,0,0
201703,18,183,2,3,Whitley County                ,10,10,2551400,0,0,0,0,0,0,0,0,0,10,10,2551400,0,0,0,0,0,0,0,0,0
201703,19,049,2,4,Dallas County                 ,107,107,26873656,0,0,0,0,0,0,7,179,26043172,107,107,26873656,0,0,0,0,0,0,6,174,25582646
201703,19,085,2,4,Harrison County               ,6,6,1125000,0,0,0,0,0,0,0,0,0,6,6,1125000,0,0,0,0,0,0,0,0,0
201703,19,129,2,4,Mills County                  ,1,1,232000,0,0,0,0,0,0,0,0,0,0,0,0,0,0,0,0,0,0,0,0,0
201703,19,153,2,4,Polk County                   ,320,320,81557186,0,0,0,0,0,0,4,132,16828879,320,320,81557186,0,0,0,0,0,0,4,132,16828879
201703,19,181,2,4,Warren County                 ,42,42,10680465,1,2,241000,0,0,0,0,0,0,40,40,10173284,1,2,241000,0,0,0,0,0,0
201703,20,091,2,4,Johnson County                ,253,253,73915589,0,0,0,2,7,1043352,4,40,6435513,175,175,47378846,0,0,0,0,0,0,3,30,5330890
201703,20,103,2,4,Leavenworth County            ,25,25,4359508,0,0,0,0,0,0,0,0,0,25,25,4359508,0,0,0,0,0,0,0,0,0
201703,20,107,2,4,Linn County                   ,5,5,427000,0,0,0,0,0,0,0,0,0,5,5,427000,0,0,0,0,0,0,0,0,0
201703,20,121,2,4,Miami County                  ,11,11,2060950,0,0,0,0,0,0,0,0,0,6,6,700000,0,0,0,0,0,0,0,0,0
201703,20,209,2,4,Wyandotte County              ,24,24,4633996,5,10,872500,0,0,0,0,0,0,24,24,4633996,5,10,872500,0,0,0,0,0,0
201703,21,005,3,6,Anderson County               ,6,6,1074680,0,0,0,0,0,0,0,0,0,6,6,1074680,0,0,0,0,0,0,0,0,0
201703,21,015,3,6,Boone County                  ,48,48,9105773,4,8,468000,0,0,0,0,0,0,48,48,9105773,4,8,468000,0,0,0,0,0,0
201703,21,017,3,6,Bourbon County                ,2,2,599203,0,0,0,0,0,0,0,0,0,0,0,0,0,0,0,0,0,0,0,0,0
201703,21,021,3,6,Boyle County                  ,5,5,629000,0,0,0,0,0,0,0,0,0,5,5,629000,0,0,0,0,0,0,0,0,0
201703,21,029,3,6,Bullitt County                ,52,52,10787918,1,2,320000,0,0,0,0,0,0,52,52,10787918,1,2,320000,0,0,0,0,0,0
201703,21,035,3,6,Calloway County               ,4,4,863755,0,0,0,0,0,0,0,0,0,4,4,863755,0,0,0,0,0,0,0,0,0
201703,21,037,3,6,Campbell County               ,15,15,3623817,0,0,0,2,8,864000,0,0,0,15,15,3623817,0,0,0,2,8,864000,0,0,0
201703,21,045,3,6,Casey County                  ,0,0,0,0,0,0,0,0,0,0,0,0,0,0,0,0,0,0,0,0,0,0,0,0
201703,21,047,3,6,Christian County              ,7,7,778600,0,0,0,0,0,0,0,0,0,4,4,565000,0,0,0,0,0,0,0,0,0
201703,21,049,3,6,Clark County                  ,3,3,534559,0,0,0,0,0,0,0,0,0,0,0,0,0,0,0,0,0,0,0,0,0
201703,21,067,3,6,Fayette County                ,73,73,11069689,1,2,204889,1,3,420000,2,47,2691527,0,0,0,0,0,0,0,0,0,0,0,0
201703,21,069,3,6,Fleming County                ,0,0,0,0,0,0,0,0,0,0,0,0,0,0,0,0,0,0,0,0,0,0,0,0
201703,21,077,3,6,Gallatin County               ,1,1,269500,0,0,0,0,0,0,0,0,0,1,1,269500,0,0,0,0,0,0,0,0,0
201703,21,081,3,6,Grant County                  ,4,4,888594,0,0,0,0,0,0,0,0,0,0,0,0,0,0,0,0,0,0,0,0,0
201703,21,091,3,6,Hancock County                ,0,0,0,0,0,0,0,0,0,0,0,0,0,0,0,0,0,0,0,0,0,0,0,0
201703,21,099,3,6,Hart County                   ,5,5,486250,0,0,0,0,0,0,1,5,567738,0,0,0,0,0,0,0,0,0,0,0,0
201703,21,101,3,6,Henderson County              ,3,3,504000,0,0,0,0,0,0,0,0,0,3,3,504000,0,0,0,0,0,0,0,0,0
201703,21,103,3,6,Henry County                  ,3,3,492508,0,0,0,0,0,0,0,0,0,0,0,0,0,0,0,0,0,0,0,0,0
201703,21,111,3,6,Jefferson County              ,114,114,23973701,1,2,209173,2,7,194884,4,69,5629169,7,7,1266143,0,0,0,0,0,0,0,0,0
201703,21,113,3,6,Jessamine County              ,13,13,4600500,0,0,0,0,0,0,0,0,0,13,13,4600500,0,0,0,0,0,0,0,0,0
201703,21,115,3,6,Johnson County                ,0,0,0,0,0,0,0,0,0,0,0,0,0,0,0,0,0,0,0,0,0,0,0,0
201703,21,117,3,6,Kenton County                 ,32,32,6607794,0,0,0,0,0,0,0,0,0,32,32,6607794,0,0,0,0,0,0,0,0,0
201703,21,121,3,6,Knox County                   ,0,0,0,0,0,0,0,0,0,0,0,0,0,0,0,0,0,0,0,0,0,0,0,0
201703,21,123,3,6,Larue County                  ,3,3,683570,0,0,0,0,0,0,0,0,0,3,3,683570,0,0,0,0,0,0,0,0,0
201703,21,137,3,6,Lincoln County                ,1,1,204195,0,0,0,0,0,0,0,0,0,1,1,204195,0,0,0,0,0,0,0,0,0
201703,21,145,3,6,McCracken County              ,6,6,1597171,0,0,0,0,0,0,1,8,755384,6,6,1597171,0,0,0,0,0,0,1,8,755384
201703,21,151,3,6,Madison County                ,18,18,1670348,1,2,112996,0,0,0,0,0,0,5,5,545000,0,0,0,0,0,0,0,0,0
201703,21,157,3,6,Marshall County               ,8,8,983000,0,0,0,0,0,0,0,0,0,8,8,983000,0,0,0,0,0,0,0,0,0
201703,21,161,3,6,Mason County                  ,1,1,140000,0,0,0,0,0,0,0,0,0,1,1,140000,0,0,0,0,0,0,0,0,0
201703,21,163,3,6,Meade County                  ,8,8,997000,0,0,0,0,0,0,0,0,0,8,8,997000,0,0,0,0,0,0,0,0,0
201703,21,167,3,6,Mercer County                 ,1,1,324000,0,0,0,0,0,0,0,0,0,1,1,324000,0,0,0,0,0,0,0,0,0
201703,21,175,3,6,Morgan County                 ,2,2,150000,0,0,0,0,0,0,0,0,0,0,0,0,0,0,0,0,0,0,0,0,0
201703,21,179,3,6,Nelson County                 ,13,13,1744643,3,6,660000,1,3,225000,0,0,0,13,13,1744643,3,6,660000,1,3,225000,0,0,0
201703,21,185,3,6,Oldham County                 ,35,35,9348900,0,0,0,0,0,0,0,0,0,0,0,0,0,0,0,0,0,0,0,0,0
201703,21,191,3,6,Pendleton County              ,0,0,0,0,0,0,0,0,0,0,0,0,0,0,0,0,0,0,0,0,0,0,0,0
201703,21,209,3,6,Scott County                  ,64,64,9068175,0,0,0,1,4,480000,0,0,0,64,64,9068175,0,0,0,1,4,480000,0,0,0
201703,21,211,3,6,Shelby County                 ,24,24,5392221,0,0,0,0,0,0,0,0,0,24,24,5392221,0,0,0,0,0,0,0,0,0
201703,21,213,3,6,Simpson County                ,4,4,609614,1,2,142000,1,4,350000,0,0,0,0,0,0,0,0,0,0,0,0,0,0,0
201703,21,215,3,6,Spencer County                ,12,12,2734282,0,0,0,0,0,0,0,0,0,12,12,2734282,0,0,0,0,0,0,0,0,0
201703,21,221,3,6,Trigg County                  ,0,0,0,0,0,0,0,0,0,0,0,0,0,0,0,0,0,0,0,0,0,0,0,0
201703,21,225,3,6,Union County                  ,2,2,431002,0,0,0,0,0,0,0,0,0,0,0,0,0,0,0,0,0,0,0,0,0
201703,21,239,3,6,Woodford County               ,21,21,2739200,0,0,0,0,0,0,0,0,0,21,21,2739200,0,0,0,0,0,0,0,0,0
201703,22,005,3,7,Ascension Parish              ,99,99,15909868,0,0,0,0,0,0,0,0,0,0,0,0,0,0,0,0,0,0,0,0,0
201703,22,015,3,7,Bossier Parish                ,74,74,9820278,0,0,0,0,0,0,0,0,0,74,74,9820278,0,0,0,0,0,0,0,0,0
201703,22,017,3,7,Caddo Parish                  ,25,25,7237998,0,0,0,0,0,0,1,5,381875,22,22,6632798,0,0,0,0,0,0,0,0,0
201703,22,031,3,7,De Soto Parish                ,8,8,2108390,0,0,0,0,0,0,0,0,0,8,8,2108390,0,0,0,0,0,0,0,0,0
201703,22,033,3,7,East Baton Rouge Parish       ,105,105,28723352,0,0,0,0,0,0,0,0,0,104,104,28583352,0,0,0,0,0,0,0,0,0
201703,22,037,3,7,East Feliciana Parish         ,5,5,1005221,0,0,0,0,0,0,0,0,0,0,0,0,0,0,0,0,0,0,0,0,0
201703,22,047,3,7,Iberville Parish              ,13,13,2560305,0,0,0,0,0,0,0,0,0,3,3,800000,0,0,0,0,0,0,0,0,0
201703,22,051,3,7,Jefferson Parish              ,44,44,9282229,0,0,0,0,0,0,0,0,0,3,3,1302107,0,0,0,0,0,0,0,0,0
201703,22,055,3,7,Lafayette Parish              ,193,193,41542395,0,0,0,0,0,0,1,26,1898898,30,30,7881046,0,0,0,0,0,0,0,0,0
201703,22,063,3,7,Livingston Parish             ,88,88,18584359,0,0,0,0,0,0,0,0,0,4,4,620000,0,0,0,0,0,0,0,0,0
201703,22,071,3,7,Orleans Parish                ,15,15,3243319,1,2,221364,0,0,0,1,24,2981301,0,0,0,0,0,0,0,0,0,0,0,0
201703,22,075,3,7,Plaquemines Parish            ,5,5,1176080,0,0,0,0,0,0,0,0,0,5,5,1176080,0,0,0,0,0,0,0,0,0
201703,22,077,3,7,Pointe Coupee Parish          ,6,6,1585060,0,0,0,0,0,0,0,0,0,6,6,1585060,0,0,0,0,0,0,0,0,0
201703,22,087,3,7,St. Bernard Parish            ,11,11,1642000,0,0,0,0,0,0,0,0,0,11,11,1642000,0,0,0,0,0,0,0,0,0
201703,22,089,3,7,St. Charles Parish            ,12,12,2750000,0,0,0,0,0,0,0,0,0,12,12,2750000,0,0,0,0,0,0,0,0,0
201703,22,091,3,7,St. Helena Parish             ,0,0,0,0,0,0,0,0,0,0,0,0,0,0,0,0,0,0,0,0,0,0,0,0
201703,22,095,3,7,St. John the Baptist Parish   ,4,4,637931,0,0,0,0,0,0,0,0,0,0,0,0,0,0,0,0,0,0,0,0,0
201703,22,099,3,7,St. Martin Parish             ,14,14,3225204,0,0,0,0,0,0,0,0,0,10,10,2360321,0,0,0,0,0,0,0,0,0
201703,22,103,3,7,St. Tammany Parish            ,120,120,30612899,1,2,155000,0,0,0,0,0,0,116,116,29127156,0,0,0,0,0,0,0,0,0
201703,22,109,3,7,Terrebonne Parish             ,18,18,5027747,0,0,0,0,0,0,0,0,0,18,18,5027747,0,0,0,0,0,0,0,0,0
201703,22,121,3,7,West Baton Rouge Parish       ,47,47,7818857,0,0,0,0,0,0,0,0,0,45,45,7636733,0,0,0,0,0,0,0,0,0
201703,22,125,3,7,West Feliciana Parish         ,4,4,1772242,0,0,0,0,0,0,0,0,0,4,4,1772242,0,0,0,0,0,0,0,0,0
201703,23,000,1,1,Maine Unorganized Territory   ,6,6,796801,0,0,0,0,0,0,0,0,0,0,0,0,0,0,0,0,0,0,0,0,0
201703,24,003,3,5,Anne Arundel County           ,193,193,32647528,0,0,0,0,0,0,0,0,0,188,188,31787822,0,0,0,0,0,0,0,0,0
201703,24,005,3,5,Baltimore County              ,64,64,10653650,0,0,0,0,0,0,0,0,0,64,64,10653650,0,0,0,0,0,0,0,0,0
201703,24,009,3,5,Calvert County                ,38,38,8556661,0,0,0,0,0,0,0,0,0,0,0,0,0,0,0,0,0,0,0,0,0
201703,24,013,3,5,Carroll County                ,31,31,8493860,0,0,0,0,0,0,0,0,0,31,31,8493860,0,0,0,0,0,0,0,0,0
201703,24,015,3,5,Cecil County                  ,6,6,1443396,0,0,0,0,0,0,0,0,0,6,6,1443396,0,0,0,0,0,0,0,0,0
201703,24,017,3,5,Charles County                ,83,83,16934903,0,0,0,0,0,0,0,0,0,73,73,15020000,0,0,0,0,0,0,0,0,0
201703,24,021,3,5,Frederick County              ,219,219,51790078,0,0,0,0,0,0,2,22,2400000,219,219,51790078,0,0,0,0,0,0,2,22,2400000
201703,24,023,3,5,Garrett County                ,8,8,2008265,0,0,0,0,0,0,0,0,0,8,8,2008265,0,0,0,0,0,0,0,0,0
201703,24,025,3,5,Harford County                ,34,34,8854454,0,0,0,0,0,0,2,28,2100000,27,27,5979900,0,0,0,0,0,0,2,28,2100000
201703,24,027,3,5,Howard County                 ,103,103,22426802,0,0,0,0,0,0,0,0,0,103,103,22426802,0,0,0,0,0,0,0,0,0
201703,24,031,3,5,Montgomery County             ,91,91,19945685,0,0,0,0,0,0,0,0,0,91,91,19945685,0,0,0,0,0,0,0,0,0
201703,24,033,3,5,Prince George County          ,183,183,41697794,0,0,0,0,0,0,4,345,34622095,183,183,41697794,0,0,0,0,0,0,4,345,34622095
201703,24,035,3,5,Queen Anne County             ,16,16,3867000,0,0,0,0,0,0,0,0,0,16,16,3867000,0,0,0,0,0,0,0,0,0
201703,24,037,3,5,St. Marys County              ,102,102,21672350,0,0,0,0,0,0,0,0,0,102,102,21672350,0,0,0,0,0,0,0,0,0
201703,24,039,3,5,Somerset County               ,5,5,724500,0,0,0,0,0,0,0,0,0,5,5,724500,0,0,0,0,0,0,0,0,0
201703,24,045,3,5,Wicomico County               ,16,16,2851968,2,4,317000,0,0,0,0,0,0,16,16,2851968,2,4,317000,0,0,0,0,0,0
201703,24,510,3,5,Baltimore (Independent City)  ,27,27,3743000,0,0,0,0,0,0,1,52,12000000,27,27,3743000,0,0,0,0,0,0,1,52,12000000
201703,25,005,1,1,Bristol County                ,57,57,11803352,2,4,275000,0,0,0,0,0,0,45,45,9383285,2,4,275000,0,0,0,0,0,0
201703,25,009,1,1,Essex County                  ,52,52,18086078,1,2,325000,0,0,0,1,40,8500000,34,34,10907513,1,2,325000,0,0,0,1,40,8500000
201703,25,017,1,1,Middlesex County              ,117,117,35123777,10,20,2542865,0,0,0,5,74,13634196,59,59,20756224,8,16,1929665,0,0,0,0,0,0
201703,25,021,1,1,Norfolk County                ,49,49,22669777,1,2,208500,0,0,0,11,245,37379412,36,36,19245942,1,2,208500,0,0,0,6,214,34974000
201703,25,023,1,1,Plymouth County               ,145,145,25924071,0,0,0,0,0,0,1,7,908892,119,119,19451532,0,0,0,0,0,0,0,0,0
201703,25,025,1,1,Suffolk County                ,9,9,2355800,5,10,1781004,4,12,3000000,17,727,258975790,9,9,2355800,4,8,1560000,4,12,3000000,15,710,256537700
201703,26,000,2,3,Michigan Balance of State     ,5,5,955741,0,0,0,0,0,0,0,0,0,0,0,0,0,0,0,0,0,0,0,0,0
201703,26,019,2,3,Benzie County                 ,3,3,556196,0,0,0,0,0,0,0,0,0,3,3,556196,0,0,0,0,0,0,0,0,0
201703,26,029,2,3,Charlevoix County             ,2,2,568927,1,2,659319,0,0,0,0,0,0,0,0,0,0,0,0,0,0,0,0,0,0
201703,26,089,2,3,Leelanau County               ,8,8,1731890,0,0,0,0,0,0,0,0,0,8,8,1731890,0,0,0,0,0,0,0,0,0
201703,26,093,2,3,Livingston County             ,49,49,15641229,0,0,0,0,0,0,0,0,0,46,46,15335014,0,0,0,0,0,0,0,0,0
201703,26,095,2,3,Luce County                   ,0,0,0,0,0,0,0,0,0,0,0,0,0,0,0,0,0,0,0,0,0,0,0,0
201703,26,099,2,3,Macomb County                 ,286,286,51449717,0,0,0,0,0,0,2,16,2458562,277,277,49935394,0,0,0,0,0,0,2,16,2458562
201703,26,103,2,3,Marquette County              ,2,2,110000,3,6,532500,0,0,0,0,0,0,2,2,110000,3,6,532500,0,0,0,0,0,0
201703,26,137,2,3,Otsego County                 ,2,2,162000,0,0,0,0,0,0,0,0,0,0,0,0,0,0,0,0,0,0,0,0,0
201703,26,147,2,3,St. Clair County              ,14,14,2652135,0,0,0,0,0,0,0,0,0,14,14,2652135,0,0,0,0,0,0,0,0,0
201703,26,163,2,3,Wayne County                  ,126,126,31280744,0,0,0,0,0,0,1,8,1557720,119,119,29260740,0,0,0,0,0,0,0,0,0
201703,27,003,2,4,Anoka County                  ,82,82,21568228,0,0,0,0,0,0,0,0,0,68,68,17644504,0,0,0,0,0,0,0,0,0
201703,27,019,2,4,Carver County                 ,63,63,18509753,0,0,0,0,0,0,0,0,0,63,63,18509753,0,0,0,0,0,0,0,0,0
201703,27,025,2,4,Chisago County                ,16,16,2379357,0,0,0,0,0,0,0,0,0,16,16,2379357,0,0,0,0,0,0,0,0,0
201703,27,027,2,4,Clay County                   ,12,12,3538000,0,0,0,0,0,0,0,0,0,12,12,3538000,0,0,0,0,0,0,0,0,0
201703,27,037,2,4,Dakota County                 ,103,103,29629078,1,2,274100,1,4,720000,0,0,0,92,92,25894433,1,2,274100,1,4,720000,0,0,0
201703,27,053,2,4,Hennepin County               ,179,179,61343688,0,0,0,2,8,1379880,7,1019,198405330,157,157,50258386,0,0,0,2,8,1379880,6,994,193544650
201703,27,059,2,4,Isanti County                 ,16,16,2481895,0,0,0,0,0,0,0,0,0,16,16,2481895,0,0,0,0,0,0,0,0,0
201703,27,123,2,4,Ramsey County                 ,16,16,5568038,0,0,0,0,0,0,0,0,0,16,16,5568038,0,0,0,0,0,0,0,0,0
201703,27,139,2,4,Scott County                  ,49,49,14014065,0,0,0,0,0,0,0,0,0,47,47,13365494,0,0,0,0,0,0,0,0,0
201703,27,141,2,4,Sherburne County              ,39,39,8329500,0,0,0,1,4,758680,0,0,0,38,38,8109203,0,0,0,1,4,758680,0,0,0
201703,27,163,2,4,Washington County             ,61,61,19410887,0,0,0,0,0,0,0,0,0,55,55,16712022,0,0,0,0,0,0,0,0,0
201703,27,171,2,4,Wright County                 ,66,66,17133199,0,0,0,0,0,0,0,0,0,65,65,16922817,0,0,0,0,0,0,0,0,0
201703,28,033,3,6,DeSoto County                 ,96,96,15872110,0,0,0,0,0,0,1,5,437900,88,88,14866008,0,0,0,0,0,0,1,5,437900
201703,28,041,3,6,Greene County                 ,0,0,0,0,0,0,0,0,0,0,0,0,0,0,0,0,0,0,0,0,0,0,0,0
201703,28,045,3,6,Hancock County                ,40,40,6164416,1,2,185179,1,4,401445,1,10,846627,2,2,335161,0,0,0,0,0,0,0,0,0
201703,28,047,3,6,Harrison County               ,89,89,14090102,1,2,275000,0,0,0,0,0,0,77,77,12726890,1,2,275000,0,0,0,0,0,0
201703,28,067,3,6,Jones County                  ,4,4,572762,0,0,0,0,0,0,0,0,0,0,0,0,0,0,0,0,0,0,0,0,0
201703,28,137,3,6,Tate County                   ,6,6,1127000,0,0,0,0,0,0,0,0,0,6,6,1127000,0,0,0,0,0,0,0,0,0
201703,28,143,3,6,Tunica County                 ,2,2,160640,0,0,0,0,0,0,0,0,0,0,0,0,0,0,0,0,0,0,0,0,0
201703,28,145,3,6,Union County                  ,3,3,440000,0,0,0,0,0,0,0,0,0,3,3,440000,0,0,0,0,0,0,0,0,0
201703,28,149,3,6,Warren County                 ,0,0,0,0,0,0,0,0,0,0,0,0,0,0,0,0,0,0,0,0,0,0,0,0
201703,29,013,2,4,Bates County                  ,0,0,0,0,0,0,0,0,0,0,0,0,0,0,0,0,0,0,0,0,0,0,0,0
201703,29,017,2,4,Bollinger County              ,0,0,0,0,0,0,0,0,0,0,0,0,0,0,0,0,0,0,0,0,0,0,0,0
201703,29,019,2,4,Boone County                  ,81,81,19111964,2,4,203716,0,0,0,1,18,1924360,81,81,19111964,2,4,203716,0,0,0,1,18,1924360
201703,29,049,2,4,Clinton County                ,4,4,564000,0,0,0,0,0,0,0,0,0,4,4,564000,0,0,0,0,0,0,0,0,0
201703,29,065,2,4,Dent County                   ,0,0,0,0,0,0,0,0,0,0,0,0,0,0,0,0,0,0,0,0,0,0,0,0
201703,29,071,2,4,Franklin County               ,42,42,8559318,0,0,0,0,0,0,0,0,0,27,27,5127686,0,0,0,0,0,0,0,0,0
201703,29,095,2,4,Jackson County                ,179,179,36628116,5,10,1192000,12,48,5224403,0,0,0,177,177,36185199,5,10,1192000,12,48,5224403,0,0,0
201703,29,099,2,4,Jefferson County              ,87,87,13039847,1,2,120000,0,0,0,0,0,0,71,71,10731203,1,2,120000,0,0,0,0,0,0
201703,29,105,2,4,Laclede County                ,3,3,315000,0,0,0,0,0,0,0,0,0,3,3,315000,0,0,0,0,0,0,0,0,0
201703,29,107,2,4,Lafayette County              ,4,4,885114,0,0,0,0,0,0,0,0,0,1,1,195411,0,0,0,0,0,0,0,0,0
201703,29,113,2,4,Lincoln County                ,8,8,1087306,0,0,0,0,0,0,0,0,0,7,7,843000,0,0,0,0,0,0,0,0,0
201703,29,165,2,4,Platte County                 ,20,20,5106205,0,0,0,0,0,0,1,7,460185,16,16,3998448,0,0,0,0,0,0,0,0,0
201703,29,185,2,4,St. Clair County              ,0,0,0,0,0,0,0,0,0,0,0,0,0,0,0,0,0,0,0,0,0,0,0,0
201703,29,189,2,4,St. Louis County              ,114,114,48471772,0,0,0,0,0,0,3,46,4922734,39,39,16027722,0,0,0,0,0,0,0,0,0
201703,29,219,2,4,Warren County                 ,26,26,5840582,0,0,0,0,0,0,0,0,0,26,26,5840582,0,0,0,0,0,0,0,0,0
201703,29,221,2,4,Washington County             ,0,0,0,0,0,0,0,0,0,0,0,0,0,0,0,0,0,0,0,0,0,0,0,0
201703,29,510,2,4,St. Louis (Independent City)  ,9,9,2135312,0,0,0,2,7,910624,4,39,5691400,9,9,2135312,0,0,0,2,7,910624,4,39,5691400
201703,30,033,4,8,Garfield County               ,0,0,0,0,0,0,0,0,0,0,0,0,0,0,0,0,0,0,0,0,0,0,0,0
201703,30,063,4,8,Missoula County               ,36,36,7677172,3,6,621566,1,4,401160,3,31,3305824,36,36,7677172,3,6,621566,1,4,401160,3,31,3305824
201703,30,093,4,8,Silver Bow County             ,7,7,786044,0,0,0,0,0,0,0,0,0,7,7,786044,0,0,0,0,0,0,0,0,0
201703,31,001,2,4,Adams County                  ,5,5,1124942,0,0,0,0,0,0,0,0,0,3,3,676793,0,0,0,0,0,0,0,0,0
201703,31,025,2,4,Cass County                   ,20,20,4289255,0,0,0,0,0,0,0,0,0,20,20,4289255,0,0,0,0,0,0,0,0,0
201703,31,033,2,4,Cheyenne County               ,0,0,0,0,0,0,0,0,0,0,0,0,0,0,0,0,0,0,0,0,0,0,0,0
201703,31,055,2,4,Douglas County                ,206,206,32410154,0,0,0,0,0,0,2,35,3215126,194,194,29562084,0,0,0,0,0,0,2,35,3215126
201703,31,105,2,4,Kimball County                ,0,0,0,0,0,0,0,0,0,0,0,0,0,0,0,0,0,0,0,0,0,0,0,0
201703,31,153,2,4,Sarpy County                  ,100,100,26089413,1,2,326229,0,0,0,1,24,1270000,52,52,13997719,0,0,0,0,0,0,1,24,1270000
201703,31,165,2,4,Sioux County                  ,0,0,0,0,0,0,0,0,0,0,0,0,0,0,0,0,0,0,0,0,0,0,0,0
201703,31,177,2,4,Washington County             ,11,11,3511653,0,0,0,0,0,0,0,0,0,9,9,3072919,0,0,0,0,0,0,0,0,0
201703,32,001,4,8,Churchill County              ,1,1,194602,0,0,0,0,0,0,0,0,0,1,1,194602,0,0,0,0,0,0,0,0,0
201703,32,003,4,8,Clark County                  ,927,927,152885905,0,0,0,10,30,5554488,4,61,5038268,742,742,124998161,0,0,0,10,30,5554488,1,16,2625480
201703,32,005,4,8,Douglas County                ,13,13,5409093,0,0,0,0,0,0,0,0,0,13,13,5409093,0,0,0,0,0,0,0,0,0
201703,32,007,4,8,Elko County                   ,11,11,1641222,0,0,0,0,0,0,0,0,0,11,11,1641222,0,0,0,0,0,0,0,0,0
201703,32,013,4,8,Humboldt County               ,1,1,168214,0,0,0,0,0,0,0,0,0,1,1,168214,0,0,0,0,0,0,0,0,0
201703,32,015,4,8,Lander County                 ,0,0,0,0,0,0,0,0,0,0,0,0,0,0,0,0,0,0,0,0,0,0,0,0
201703,32,017,4,8,Lincoln County                ,2,2,547064,0,0,0,0,0,0,0,0,0,2,2,547064,0,0,0,0,0,0,0,0,0
201703,32,019,4,8,Lyon County                   ,31,31,6459365,0,0,0,0,0,0,0,0,0,31,31,6459365,0,0,0,0,0,0,0,0,0
201703,32,021,4,8,Mineral County                ,0,0,0,0,0,0,0,0,0,0,0,0,0,0,0,0,0,0,0,0,0,0,0,0
201703,32,027,4,8,Pershing County               ,0,0,0,0,0,0,0,0,0,0,0,0,0,0,0,0,0,0,0,0,0,0,0,0
201703,32,029,4,8,Storey County                 ,1,1,175390,0,0,0,0,0,0,0,0,0,0,0,0,0,0,0,0,0,0,0,0,0
201703,32,031,4,8,Washoe County                 ,200,200,49753390,0,0,0,0,0,0,8,143,13657570,128,128,33485917,0,0,0,0,0,0,7,124,11598662
201703,32,033,4,8,White Pine County             ,0,0,0,0,0,0,0,0,0,0,0,0,0,0,0,0,0,0,0,0,0,0,0,0
201703,32,510,4,8,Carson City (Independent City),12,12,3754685,0,0,0,1,4,344660,0,0,0,12,12,3754685,0,0,0,1,4,344660,0,0,0
201703,33,015,1,1,Rockingham County             ,66,66,14649994,2,4,440000,1,4,625000,2,10,1370044,34,34,8742466,0,0,0,1,4,625000,1,5,840000
201703,33,017,1,1,Strafford County              ,25,25,4930796,0,0,0,1,3,323420,1,36,2569000,23,23,4571256,0,0,0,0,0,0,1,36,2569000
201703,34,001,1,2,Atlantic County               ,14,14,2824849,0,0,0,1,3,462300,5,85,7747861,10,10,2441056,0,0,0,1,3,462300,3,60,4060000
201703,34,003,1,2,Bergen County                 ,79,79,25892347,5,10,1742189,0,0,0,5,71,5586301,53,53,16059903,4,8,1562000,0,0,0,2,53,4300000
201703,34,005,1,2,Burlington County             ,43,43,6978726,1,2,156826,0,0,0,1,68,1106500,20,20,3261287,0,0,0,0,0,0,1,68,1106500
201703,34,007,1,2,Camden County                 ,14,14,3147907,2,4,60000,0,0,0,3,23,1180868,8,8,2098974,2,4,60000,0,0,0,0,0,0
201703,34,009,1,2,Cape May County               ,33,33,14036376,14,28,5828150,0,0,0,1,5,13000,29,29,12656775,14,28,5828150,0,0,0,0,0,0
201703,34,011,1,2,Cumberland County             ,16,16,1602654,0,0,0,0,0,0,0,0,0,2,2,201550,0,0,0,0,0,0,0,0,0
201703,34,013,1,2,Essex County                  ,37,37,5919029,5,10,832901,0,0,0,5,113,7242574,8,8,3511106,4,8,748200,0,0,0,1,18,1235000
201703,34,015,1,2,Gloucester County             ,37,37,6302865,0,0,0,0,0,0,0,0,0,23,23,4844045,0,0,0,0,0,0,0,0,0
201703,34,017,1,2,Hudson County                 ,14,14,1936750,8,16,2570892,3,10,1375830,3,79,13106704,14,14,1936750,7,14,1535000,2,7,451000,1,21,1785000
201703,34,019,1,2,Hunterdon County              ,14,14,3137086,0,0,0,0,0,0,1,7,284753,13,13,3064300,0,0,0,0,0,0,0,0,0
201703,34,021,1,2,Mercer County                 ,11,11,3335425,0,0,0,0,0,0,3,29,330121,6,6,1246858,0,0,0,0,0,0,2,10,2650
201703,34,023,1,2,Middlesex County              ,57,57,10138763,0,0,0,0,0,0,7,115,7125236,44,44,7379991,0,0,0,0,0,0,4,90,5769667
201703,34,025,1,2,Monmouth County               ,81,81,17956597,1,2,178635,1,3,318686,3,15,870281,64,64,14759538,0,0,0,0,0,0,0,0,0
201703,34,027,1,2,Morris County                 ,54,54,9857124,0,0,0,0,0,0,4,53,2372421,29,29,5495429,0,0,0,0,0,0,1,5,70000
201703,34,029,1,2,Ocean County                  ,136,136,31507759,1,2,130000,0,0,0,0,0,0,136,136,31507759,1,2,130000,0,0,0,0,0,0
201703,34,031,1,2,Passaic County                ,9,9,2200441,1,2,160746,0,0,0,2,10,620474,2,2,889500,0,0,0,0,0,0,0,0,0
201703,34,033,1,2,Salem County                  ,3,3,592653,0,0,0,0,0,0,0,0,0,2,2,342803,0,0,0,0,0,0,0,0,0
201703,34,035,1,2,Somerset County               ,30,30,6035450,0,0,0,0,0,0,5,57,3461601,13,13,3437050,0,0,0,0,0,0,0,0,0
201703,34,037,1,2,Sussex County                 ,14,14,1433008,0,0,0,0,0,0,0,0,0,12,12,823282,0,0,0,0,0,0,0,0,0
201703,34,039,1,2,Union County                  ,29,29,6056998,4,8,779000,0,0,0,3,126,6419686,25,25,5050308,4,8,779000,0,0,0,2,120,6268184
201703,34,041,1,2,Warren County                 ,4,4,554971,0,0,0,0,0,0,0,0,0,0,0,0,0,0,0,0,0,0,0,0,0
201703,35,000,4,8,New Mexico Balance of State   ,35,35,9572837,0,0,0,0,0,0,0,0,0,0,0,0,0,0,0,0,0,0,0,0,0
201703,35,001,4,8,Bernalillo County             ,120,120,25978421,0,0,0,0,0,0,1,16,1471586,15,15,5407625,0,0,0,0,0,0,0,0,0
201703,35,005,4,8,Chaves County                 ,8,8,905709,0,0,0,0,0,0,0,0,0,8,8,905709,0,0,0,0,0,0,0,0,0
201703,35,007,4,8,Colfax County                 ,2,2,707989,0,0,0,0,0,0,0,0,0,0,0,0,0,0,0,0,0,0,0,0,0
201703,35,009,4,8,Curry County                  ,1,1,219350,0,0,0,0,0,0,0,0,0,1,1,219350,0,0,0,0,0,0,0,0,0
201703,35,013,4,8,Dona Ana County               ,68,68,13815112,1,2,313896,0,0,0,0,0,0,28,28,6241193,0,0,0,0,0,0,0,0,0
201703,35,015,4,8,Eddy County                   ,9,9,1736000,0,0,0,0,0,0,0,0,0,9,9,1736000,0,0,0,0,0,0,0,0,0
201703,35,017,4,8,Grant County                  ,2,2,351893,0,0,0,0,0,0,0,0,0,0,0,0,0,0,0,0,0,0,0,0,0
201703,35,025,4,8,Lea County                    ,6,6,1263318,0,0,0,0,0,0,0,0,0,6,6,1263318,0,0,0,0,0,0,0,0,0
201703,35,027,4,8,Lincoln County                ,8,8,2012443,0,0,0,0,0,0,0,0,0,0,0,0,0,0,0,0,0,0,0,0,0
201703,35,028,4,8,Los Alamos County             ,3,3,737410,0,0,0,0,0,0,0,0,0,3,3,737410,0,0,0,0,0,0,0,0,0
201703,35,029,4,8,Luna County                   ,1,1,185000,0,0,0,0,0,0,0,0,0,1,1,185000,0,0,0,0,0,0,0,0,0
201703,35,031,4,8,McKinley County               ,1,1,160000,0,0,0,0,0,0,0,0,0,1,1,160000,0,0,0,0,0,0,0,0,0
201703,35,035,4,8,Otero County                  ,0,0,0,0,0,0,0,0,0,0,0,0,0,0,0,0,0,0,0,0,0,0,0,0
201703,35,041,4,8,Roosevelt County              ,4,4,461000,0,0,0,0,0,0,0,0,0,4,4,461000,0,0,0,0,0,0,0,0,0
201703,35,043,4,8,Sandoval County               ,57,57,13284130,0,0,0,0,0,0,1,5,208333,48,48,11349253,0,0,0,0,0,0,0,0,0
201703,35,045,4,8,San Juan County               ,18,18,4547683,0,0,0,0,0,0,0,0,0,18,18,4547683,0,0,0,0,0,0,0,0,0
201703,35,047,4,8,San Miguel County             ,0,0,0,0,0,0,0,0,0,0,0,0,0,0,0,0,0,0,0,0,0,0,0,0
201703,35,049,4,8,Santa Fe County               ,12,12,2904772,0,0,0,0,0,0,0,0,0,0,0,0,0,0,0,0,0,0,0,0,0
201703,35,051,4,8,Sierra County                 ,0,0,0,0,0,0,0,0,0,0,0,0,0,0,0,0,0,0,0,0,0,0,0,0
201703,35,053,4,8,Socorro County                ,0,0,0,0,0,0,0,0,0,0,0,0,0,0,0,0,0,0,0,0,0,0,0,0
201703,35,055,4,8,Taos County                   ,8,8,877246,0,0,0,0,0,0,0,0,0,0,0,0,0,0,0,0,0,0,0,0,0
201703,35,061,4,8,Valencia County               ,10,10,1084120,0,0,0,0,0,0,0,0,0,0,0,0,0,0,0,0,0,0,0,0,0
201703,36,001,1,2,Albany County                 ,23,23,4936896,0,0,0,0,0,0,2,33,4441658,20,20,4304467,0,0,0,0,0,0,1,20,2309000
201703,36,005,1,2,Bronx County                  ,1,1,261756,3,6,797170,0,0,0,6,325,43851275,1,1,261756,3,6,797170,0,0,0,6,325,43851275
201703,36,029,1,2,Erie County                   ,54,54,14972501,0,0,0,0,0,0,2,31,4399744,47,47,13673175,0,0,0,0,0,0,1,26,3663615
201703,36,047,1,2,Kings County                  ,7,7,1832288,5,10,1328617,7,26,3361488,32,801,108076527,7,7,1832288,5,10,1328617,7,26,3361488,32,801,108076527
201703,36,051,1,2,Livingston County             ,2,2,372500,0,0,0,0,0,0,0,0,0,0,0,0,0,0,0,0,0,0,0,0,0
201703,36,055,1,2,Monroe County                 ,57,57,12316010,1,2,379800,1,3,390000,1,19,1723239,47,47,10664142,1,2,379800,1,3,390000,0,0,0
201703,36,059,1,2,Nassau County                 ,41,41,15512189,0,0,0,0,0,0,4,45,7569358,5,5,2533000,0,0,0,0,0,0,2,30,5500000
201703,36,061,1,2,New York County               ,0,0,0,0,0,0,0,0,0,4,272,36700144,0,0,0,0,0,0,0,0,0,4,272,36700144
201703,36,063,1,2,Niagara County                ,16,16,4168722,0,0,0,0,0,0,0,0,0,10,10,2825000,0,0,0,0,0,0,0,0,0
201703,36,069,1,2,Ontario County                ,29,29,7088300,0,0,0,0,0,0,0,0,0,22,22,4832000,0,0,0,0,0,0,0,0,0
201703,36,073,1,2,Orleans County                ,2,2,351000,0,0,0,0,0,0,0,0,0,1,1,150000,0,0,0,0,0,0,0,0,0
201703,36,079,1,2,Putnam County                 ,2,2,501935,0,0,0,1,3,670449,0,0,0,0,0,0,0,0,0,0,0,0,0,0,0
201703,36,081,1,2,Queens County                 ,10,10,2617555,21,42,5580192,7,21,2715048,7,273,36835071,10,10,2617555,21,42,5580192,7,21,2715048,7,273,36835071
201703,36,083,1,2,Rensselaer County             ,6,6,1258000,1,2,550000,0,0,0,0,0,0,4,4,878000,0,0,0,0,0,0,0,0,0
201703,36,085,1,2,Richmond County               ,21,21,5496866,16,32,4251574,0,0,0,0,0,0,21,21,5496866,16,32,4251574,0,0,0,0,0,0
201703,36,087,1,2,Rockland County               ,9,9,4763039,3,6,797203,1,3,329381,3,16,1926315,5,5,3717550,1,2,280000,0,0,0,0,0,0
201703,36,091,1,2,Saratoga County               ,47,47,14555151,1,2,314000,0,0,0,4,34,2510311,32,32,10797849,1,2,314000,0,0,0,2,22,1180000
201703,36,093,1,2,Schenectady County            ,1,1,218077,0,0,0,0,0,0,1,5,650000,0,0,0,0,0,0,0,0,0,0,0,0
201703,36,095,1,2,Schoharie County              ,1,1,200000,0,0,0,0,0,0,0,0,0,1,1,200000,0,0,0,0,0,0,0,0,0
201703,36,099,1,2,Seneca County                 ,2,2,302748,0,0,0,0,0,0,0,0,0,0,0,0,0,0,0,0,0,0,0,0,0
201703,36,117,1,2,Wayne County                  ,2,2,476364,0,0,0,0,0,0,0,0,0,1,1,245000,0,0,0,0,0,0,0,0,0
201703,36,119,1,2,Westchester County            ,26,26,16622430,1,2,524500,0,0,0,3,297,102943299,16,16,9662720,0,0,0,0,0,0,2,287,100000000
201703,37,007,3,5,Anson County                  ,5,5,749325,0,0,0,0,0,0,0,0,0,0,0,0,0,0,0,0,0,0,0,0,0
201703,37,011,3,5,Avery County                  ,19,19,3922900,0,0,0,0,0,0,0,0,0,19,19,3922900,0,0,0,0,0,0,0,0,0
201703,37,015,3,5,Bertie County                 ,0,0,0,0,0,0,0,0,0,0,0,0,0,0,0,0,0,0,0,0,0,0,0,0
201703,37,025,3,5,Cabarrus County               ,148,148,21220119,0,0,0,0,0,0,0,0,0,148,148,21220119,0,0,0,0,0,0,0,0,0
201703,37,033,3,5,Caswell County                ,5,5,731000,0,0,0,0,0,0,0,0,0,5,5,731000,0,0,0,0,0,0,0,0,0
201703,37,037,3,5,Chatham County                ,65,65,17880203,0,0,0,0,0,0,0,0,0,65,65,17880203,0,0,0,0,0,0,0,0,0
201703,37,051,3,5,Cumberland County             ,89,89,14826342,0,0,0,0,0,0,0,0,0,89,89,14826342,0,0,0,0,0,0,0,0,0
201703,37,053,3,5,Currituck County              ,33,33,8459375,0,0,0,0,0,0,0,0,0,33,33,8459375,0,0,0,0,0,0,0,0,0
201703,37,059,3,5,Davie County                  ,13,13,3071885,0,0,0,0,0,0,1,5,219819,0,0,0,0,0,0,0,0,0,0,0,0
201703,37,063,3,5,Durham County                 ,186,186,30826005,0,0,0,0,0,0,4,95,6028049,0,0,0,0,0,0,0,0,0,0,0,0
201703,37,069,3,5,Franklin County               ,49,49,8968750,0,0,0,0,0,0,0,0,0,49,49,8968750,0,0,0,0,0,0,0,0,0
201703,37,071,3,5,Gaston County                 ,80,80,23395552,2,4,533464,0,0,0,3,18,3365268,80,80,23395552,2,4,533464,0,0,0,3,18,3365268
201703,37,081,3,5,Guilford County               ,139,139,35769678,0,0,0,0,0,0,10,210,27330771,107,107,28235760,0,0,0,0,0,0,9,200,26286737
201703,37,089,3,5,Henderson County              ,31,31,7053225,0,0,0,0,0,0,0,0,0,31,31,7053225,0,0,0,0,0,0,0,0,0
201703,37,093,3,5,Hoke County                   ,17,17,3873566,0,0,0,0,0,0,0,0,0,17,17,3873566,0,0,0,0,0,0,0,0,0
201703,37,097,3,5,Iredell County                ,145,145,40561351,0,0,0,0,0,0,0,0,0,145,145,40561351,0,0,0,0,0,0,0,0,0
201703,37,101,3,5,Johnston County               ,221,221,34813725,0,0,0,0,0,0,0,0,0,217,217,34244028,0,0,0,0,0,0,0,0,0
201703,37,105,3,5,Lee County                    ,12,12,2242150,0,0,0,0,0,0,0,0,0,12,12,2242150,0,0,0,0,0,0,0,0,0
201703,37,119,3,5,Mecklenburg County            ,530,530,120764102,0,0,0,0,0,0,9,416,24009014,530,530,120764102,0,0,0,0,0,0,9,416,24009014
201703,37,133,3,5,Onslow County                 ,90,90,12022242,0,0,0,0,0,0,0,0,0,88,88,11548751,0,0,0,0,0,0,0,0,0
201703,37,135,3,5,Orange County                 ,46,46,13855425,0,0,0,0,0,0,0,0,0,13,13,2771256,0,0,0,0,0,0,0,0,0
201703,37,145,3,5,Person County                 ,7,7,1938464,0,0,0,0,0,0,0,0,0,7,7,1938464,0,0,0,0,0,0,0,0,0
201703,37,151,3,5,Randolph County               ,39,39,7453355,0,0,0,0,0,0,0,0,0,39,39,7453355,0,0,0,0,0,0,0,0,0
201703,37,157,3,5,Rockingham County             ,16,16,3949371,0,0,0,0,0,0,7,149,19253327,16,16,3949371,0,0,0,0,0,0,6,144,18741410
201703,37,179,3,5,Union County                  ,153,153,34617127,0,0,0,0,0,0,0,0,0,153,153,34617127,0,0,0,0,0,0,0,0,0
201703,37,181,3,5,Vance County                  ,10,10,1120354,0,0,0,0,0,0,0,0,0,10,10,1120354,0,0,0,0,0,0,0,0,0
201703,37,183,3,5,Wake County                   ,850,850,203287164,0,0,0,0,0,0,6,188,19879399,774,774,187984346,0,0,0,0,0,0,6,188,19879399
201703,37,195,3,5,Wilson County                 ,10,10,2354284,0,0,0,0,0,0,0,0,0,10,10,2354284,0,0,0,0,0,0,0,0,0
201703,39,007,2,3,Ashtabula County              ,6,6,1098366,1,2,160300,0,0,0,0,0,0,0,0,0,0,0,0,0,0,0,0,0,0
201703,39,015,2,3,Brown County                  ,7,7,1115308,0,0,0,0,0,0,0,0,0,0,0,0,0,0,0,0,0,0,0,0,0
201703,39,017,2,3,Butler County                 ,92,92,18977836,0,0,0,1,4,360000,0,0,0,86,86,17965848,0,0,0,1,4,360000,0,0,0
201703,39,025,2,3,Clermont County               ,43,43,7510657,0,0,0,3,11,912700,0,0,0,43,43,7510657,0,0,0,3,11,912700,0,0,0
201703,39,041,2,3,Delaware County               ,104,104,26858119,0,0,0,2,8,985961,0,0,0,99,99,25089640,0,0,0,2,8,985961,0,0,0
201703,39,049,2,3,Franklin County               ,158,158,41113806,0,0,0,1,4,180000,3,48,3540000,155,155,40409019,0,0,0,1,4,180000,3,48,3540000
201703,39,055,2,3,Geauga County                 ,14,14,3789460,0,0,0,0,0,0,0,0,0,14,14,3789460,0,0,0,0,0,0,0,0,0
201703,39,085,2,3,Lake County                   ,37,37,7710246,0,0,0,0,0,0,0,0,0,31,31,6330096,0,0,0,0,0,0,0,0,0
201703,39,089,2,3,Licking County                ,30,30,7590727,0,0,0,0,0,0,0,0,0,0,0,0,0,0,0,0,0,0,0,0,0
201703,39,093,2,3,Lorain County                 ,66,66,15830604,1,2,236100,7,27,2327500,1,5,219545,32,32,8921256,0,0,0,6,24,2160000,0,0,0
201703,39,097,2,3,Madison County                ,4,4,1016542,0,0,0,0,0,0,0,0,0,4,4,1016542,0,0,0,0,0,0,0,0,0
201703,39,103,2,3,Medina County                 ,50,50,12392253,0,0,0,1,3,210000,0,0,0,50,50,12392253,0,0,0,1,3,210000,0,0,0
201703,39,117,2,3,Morrow County                 ,3,3,528852,0,0,0,0,0,0,0,0,0,1,1,110000,0,0,0,0,0,0,0,0,0
201703,39,159,2,3,Union County                  ,37,37,9403010,0,0,0,0,0,0,0,0,0,37,37,9403010,0,0,0,0,0,0,0,0,0
201703,39,165,2,3,Warren County                 ,133,133,34627186,0,0,0,1,4,920235,0,0,0,115,115,30501821,0,0,0,1,4,920235,0,0,0
201703,40,001,3,7,Adair County                  ,1,1,192643,0,0,0,0,0,0,0,0,0,0,0,0,0,0,0,0,0,0,0,0,0
201703,40,017,3,7,Canadian County               ,18,18,4026000,3,6,375000,0,0,0,0,0,0,18,18,4026000,3,6,375000,0,0,0,0,0,0
201703,40,021,3,7,Cherokee County               ,6,6,787430,1,2,130000,0,0,0,0,0,0,0,0,0,0,0,0,0,0,0,0,0,0
201703,40,027,3,7,Cleveland County              ,50,50,11948304,1,2,445140,0,0,0,0,0,0,50,50,11948304,1,2,445140,0,0,0,0,0,0
201703,40,029,3,7,Coal County                   ,0,0,0,0,0,0,0,0,0,0,0,0,0,0,0,0,0,0,0,0,0,0,0,0
201703,40,037,3,7,Creek County                  ,10,10,1971857,0,0,0,0,0,0,0,0,0,10,10,1971857,0,0,0,0,0,0,0,0,0
201703,40,051,3,7,Grady County                  ,12,12,2681618,0,0,0,0,0,0,0,0,0,2,2,600500,0,0,0,0,0,0,0,0,0
201703,40,055,3,7,Greer County                  ,0,0,0,0,0,0,0,0,0,0,0,0,0,0,0,0,0,0,0,0,0,0,0,0
201703,40,081,3,7,Lincoln County                ,0,0,0,0,0,0,0,0,0,0,0,0,0,0,0,0,0,0,0,0,0,0,0,0
201703,40,083,3,7,Logan County                  ,2,2,300000,0,0,0,0,0,0,0,0,0,2,2,300000,0,0,0,0,0,0,0,0,0
201703,40,087,3,7,McClain County                ,31,31,5550311,0,0,0,0,0,0,0,0,0,20,20,3356586,0,0,0,0,0,0,0,0,0
201703,40,109,3,7,Oklahoma County               ,349,349,83379345,0,0,0,0,0,0,0,0,0,334,334,80909285,0,0,0,0,0,0,0,0,0
201703,40,111,3,7,Okmulgee County               ,0,0,0,0,0,0,0,0,0,0,0,0,0,0,0,0,0,0,0,0,0,0,0,0
201703,40,113,3,7,Osage County                  ,23,23,4049722,0,0,0,0,0,0,0,0,0,23,23,4049722,0,0,0,0,0,0,0,0,0
201703,40,117,3,7,Pawnee County                 ,0,0,0,0,0,0,0,0,0,0,0,0,0,0,0,0,0,0,0,0,0,0,0,0
201703,40,131,3,7,Rogers County                 ,44,44,6108856,0,0,0,0,0,0,0,0,0,43,43,6005523,0,0,0,0,0,0,0,0,0
201703,40,143,3,7,Tulsa County                  ,249,249,56760766,0,0,0,0,0,0,0,0,0,235,235,53176815,0,0,0,0,0,0,0,0,0
201703,40,145,3,7,Wagoner County                ,29,29,5202901,0,0,0,0,0,0,0,0,0,29,29,5202901,0,0,0,0,0,0,0,0,0
201703,41,000,4,9,Oregon Balance of State       ,16,16,2343095,0,0,0,0,0,0,0,0,0,0,0,0,0,0,0,0,0,0,0,0,0
201703,41,005,4,9,Clackamas County              ,110,110,34438896,1,2,302827,0,0,0,0,0,0,105,105,32695194,1,2,302827,0,0,0,0,0,0
201703,41,019,4,9,Douglas County                ,14,14,3263289,0,0,0,0,0,0,0,0,0,14,14,3263289,0,0,0,0,0,0,0,0,0
201703,41,025,4,9,Harney County                 ,1,1,202093,0,0,0,0,0,0,0,0,0,0,0,0,0,0,0,0,0,0,0,0,0
201703,41,035,4,9,Klamath County                ,6,6,1078055,0,0,0,0,0,0,0,0,0,6,6,1078055,0,0,0,0,0,0,0,0,0
201703,41,051,4,9,Multnomah County              ,100,100,27104074,13,26,4200689,0,0,0,12,351,95042632,99,99,26941336,13,26,4200689,0,0,0,12,351,95042632
201703,41,067,4,9,Washington County             ,153,153,47693773,0,0,0,0,0,0,3,34,3912186,153,153,47693773,0,0,0,0,0,0,3,34,3912186
201703,41,071,4,9,Yamhill County                ,27,27,7381932,0,0,0,0,0,0,0,0,0,17,17,4925244,0,0,0,0,0,0,0,0,0
201703,42,001,1,2,Adams County                  ,22,22,4701300,0,0,0,0,0,0,0,0,0,22,22,4701300,0,0,0,0,0,0,0,0,0
201703,42,017,1,2,Bucks County                  ,103,103,19328475,0,0,0,1,3,483000,0,0,0,64,64,11450436,0,0,0,0,0,0,0,0,0
201703,42,029,1,2,Chester County                ,77,77,16876166,0,0,0,0,0,0,0,0,0,68,68,15113422,0,0,0,0,0,0,0,0,0
201703,42,037,1,2,Columbia County               ,9,9,1902003,0,0,0,0,0,0,1,5,782273,4,4,616000,0,0,0,0,0,0,0,0,0
201703,42,041,1,2,Cumberland County             ,83,83,16942794,0,0,0,1,3,532963,4,22,1078344,79,79,16089599,0,0,0,0,0,0,3,16,777070
201703,42,043,1,2,Dauphin County                ,41,41,9067416,0,0,0,0,0,0,0,0,0,14,14,2390835,0,0,0,0,0,0,0,0,0
201703,42,045,1,2,Delaware County               ,34,34,7535150,0,0,0,0,0,0,3,16,2158832,12,12,2340534,0,0,0,0,0,0,3,16,2158832
201703,42,055,1,2,Franklin County               ,23,23,4244433,0,0,0,0,0,0,0,0,0,22,22,4150766,0,0,0,0,0,0,0,0,0
201703,42,065,1,2,Jefferson County              ,2,2,242800,0,0,0,0,0,0,0,0,0,2,2,242800,0,0,0,0,0,0,0,0,0
201703,42,091,1,2,Montgomery County             ,81,81,17752176,0,0,0,0,0,0,3,125,12966534,63,63,13831843,0,0,0,0,0,0,1,110,11131477
201703,42,093,1,2,Montour County                ,3,3,540291,0,0,0,0,0,0,0,0,0,0,0,0,0,0,0,0,0,0,0,0,0
201703,42,099,1,2,Perry County                  ,5,5,1279339,0,0,0,0,0,0,0,0,0,0,0,0,0,0,0,0,0,0,0,0,0
201703,42,101,1,2,Philadelphia County           ,48,48,12564264,9,18,2985000,8,24,3025000,2,44,15850000,48,48,12564264,9,18,2985000,8,24,3025000,2,44,15850000
201703,42,103,1,2,Pike County                   ,4,4,769901,0,0,0,0,0,0,0,0,0,2,2,255500,0,0,0,0,0,0,0,0,0
201703,44,001,1,1,Bristol County                ,3,3,1449071,0,0,0,0,0,0,0,0,0,2,2,1252000,0,0,0,0,0,0,0,0,0
201703,44,003,1,1,Kent County                   ,9,9,1407218,1,2,400000,0,0,0,0,0,0,2,2,250020,0,0,0,0,0,0,0,0,0
201703,44,005,1,1,Newport County                ,16,16,4165008,0,0,0,0,0,0,0,0,0,15,15,3914191,0,0,0,0,0,0,0,0,0
201703,44,007,1,1,Providence County             ,49,49,5666567,0,0,0,0,0,0,0,0,0,41,41,4663770,0,0,0,0,0,0,0,0,0
201703,44,009,1,1,Washington County             ,26,26,8545095,0,0,0,0,0,0,0,0,0,16,16,6069418,0,0,0,0,0,0,0,0,0
201703,45,003,3,5,Aiken County                  ,65,65,13109113,0,0,0,0,0,0,0,0,0,51,51,10663270,0,0,0,0,0,0,0,0,0
201703,45,009,3,5,Bamberg County                ,2,2,346000,0,0,0,0,0,0,0,0,0,2,2,346000,0,0,0,0,0,0,0,0,0
201703,45,015,3,5,Berkeley County               ,164,164,45949438,0,0,0,0,0,0,1,35,825723,26,26,8432487,0,0,0,0,0,0,0,0,0
201703,45,017,3,5,Calhoun County                ,3,3,686000,0,0,0,0,0,0,0,0,0,3,3,686000,0,0,0,0,0,0,0,0,0
201703,45,019,3,5,Charleston County             ,267,267,70620280,0,0,0,0,0,0,2,98,17593592,136,136,52136237,0,0,0,0,0,0,1,73,16341000
201703,45,035,3,5,Dorchester County             ,54,54,15341500,0,0,0,0,0,0,0,0,0,54,54,15341500,0,0,0,0,0,0,0,0,0
201703,45,037,3,5,Edgefield County              ,9,9,1872211,0,0,0,0,0,0,0,0,0,9,9,1872211,0,0,0,0,0,0,0,0,0
201703,45,039,3,5,Fairfield County              ,4,4,853167,0,0,0,0,0,0,0,0,0,0,0,0,0,0,0,0,0,0,0,0,0
201703,45,045,3,5,Greenville County             ,281,281,141369498,0,0,0,0,0,0,0,0,0,281,281,141369498,0,0,0,0,0,0,0,0,0
201703,45,051,3,5,Horry County                  ,430,430,73877291,4,8,526016,0,0,0,3,15,1158219,96,96,22354790,0,0,0,0,0,0,0,0,0
201703,45,055,3,5,Kershaw County                ,27,27,3752915,0,0,0,0,0,0,0,0,0,27,27,3752915,0,0,0,0,0,0,0,0,0
201703,45,059,3,5,Laurens County                ,18,18,2331387,0,0,0,0,0,0,0,0,0,17,17,2272973,0,0,0,0,0,0,0,0,0
201703,45,063,3,5,Lexington County              ,195,195,49553048,0,0,0,0,0,0,0,0,0,33,33,6379557,0,0,0,0,0,0,0,0,0
201703,45,077,3,5,Pickens County                ,43,43,14422500,0,0,0,0,0,0,1,13,1270682,30,30,12053246,0,0,0,0,0,0,0,0,0
201703,45,079,3,5,Richland County               ,205,205,28976683,0,0,0,0,0,0,1,25,1411069,41,41,8175407,0,0,0,0,0,0,0,0,0
201703,45,081,3,5,Saluda County                 ,3,3,845525,0,0,0,0,0,0,0,0,0,3,3,845525,0,0,0,0,0,0,0,0,0
201703,45,085,3,5,Sumter County                 ,22,22,2718407,0,0,0,0,0,0,0,0,0,22,22,2718407,0,0,0,0,0,0,0,0,0
201703,45,091,3,5,York County                   ,219,219,67226205,0,0,0,0,0,0,2,33,3122255,32,32,8801258,0,0,0,0,0,0,0,0,0
201703,46,007,2,4,Bennett County                ,0,0,0,0,0,0,0,0,0,0,0,0,0,0,0,0,0,0,0,0,0,0,0,0
201703,46,055,2,4,Haakon County                 ,0,0,0,0,0,0,0,0,0,0,0,0,0,0,0,0,0,0,0,0,0,0,0,0
201703,46,071,2,4,Jackson County                ,0,0,0,0,0,0,0,0,0,0,0,0,0,0,0,0,0,0,0,0,0,0,0,0
201703,46,111,2,4,Sanborn County                ,0,0,0,0,0,0,0,0,0,0,0,0,0,0,0,0,0,0,0,0,0,0,0,0
201703,47,001,3,6,Anderson County               ,11,11,2260596,0,0,0,0,0,0,0,0,0,8,8,1711874,0,0,0,0,0,0,0,0,0
201703,47,015,3,6,Cannon County                 ,1,1,126190,0,0,0,0,0,0,0,0,0,0,0,0,0,0,0,0,0,0,0,0,0
201703,47,021,3,6,Cheatham County               ,19,19,2744871,0,0,0,0,0,0,0,0,0,18,18,2666300,0,0,0,0,0,0,0,0,0
201703,47,037,3,6,Davidson County               ,360,360,92039266,0,0,0,2,8,1123600,3,224,33525206,358,358,90105725,0,0,0,2,8,1123600,3,224,33525206
201703,47,043,3,6,Dickson County                ,31,31,6586476,0,0,0,0,0,0,0,0,0,30,30,6410496,0,0,0,0,0,0,0,0,0
201703,47,049,3,6,Fentress County               ,0,0,0,0,0,0,0,0,0,0,0,0,0,0,0,0,0,0,0,0,0,0,0,0
201703,47,081,3,6,Hickman County                ,10,10,1140675,0,0,0,0,0,0,0,0,0,10,10,1140675,0,0,0,0,0,0,0,0,0
201703,47,093,3,6,Knox County                   ,185,185,37262006,0,0,0,0,0,0,1,14,1200000,185,185,37262006,0,0,0,0,0,0,1,14,1200000
201703,47,105,3,6,Loudon County                 ,35,35,8212073,0,0,0,0,0,0,0,0,0,32,32,7769448,0,0,0,0,0,0,0,0,0
201703,47,125,3,6,Montgomery County             ,120,120,17668715,1,2,300000,0,0,0,3,18,720000,120,120,17668715,1,2,300000,0,0,0,3,18,720000
201703,47,139,3,6,Polk County                   ,18,18,3242233,0,0,0,0,0,0,0,0,0,0,0,0,0,0,0,0,0,0,0,0,0
201703,47,149,3,6,Rutherford County             ,223,223,57046610,6,12,1765624,4,15,2168920,1,21,1202956,188,188,52353282,5,10,1600000,4,15,2168920,0,0,0
201703,47,153,3,6,Sequatchie County             ,1,1,90000,0,0,0,0,0,0,0,0,0,1,1,90000,0,0,0,0,0,0,0,0,0
201703,47,157,3,6,Shelby County                 ,77,77,19889581,0,0,0,0,0,0,1,25,13118109,77,77,19889581,0,0,0,0,0,0,1,25,13118109
201703,47,159,3,6,Smith County                  ,8,8,1240333,0,0,0,0,0,0,0,0,0,7,7,1132000,0,0,0,0,0,0,0,0,0
201703,47,161,3,6,Stewart County                ,0,0,0,0,0,0,0,0,0,0,0,0,0,0,0,0,0,0,0,0,0,0,0,0
201703,47,165,3,6,Sumner County                 ,132,132,32426193,0,0,0,0,0,0,10,444,11944850,127,127,31536231,0,0,0,0,0,0,10,444,11944850
201703,47,167,3,6,Tipton County                 ,12,12,2115378,0,0,0,0,0,0,0,0,0,6,6,1306749,0,0,0,0,0,0,0,0,0
201703,47,169,3,6,Trousdale County              ,9,9,1213000,0,0,0,0,0,0,0,0,0,9,9,1213000,0,0,0,0,0,0,0,0,0
201703,47,173,3,6,Union County                  ,6,6,720000,0,0,0,0,0,0,0,0,0,6,6,720000,0,0,0,0,0,0,0,0,0
201703,47,175,3,6,Van Buren County              ,0,0,0,0,0,0,0,0,0,0,0,0,0,0,0,0,0,0,0,0,0,0,0,0
201703,47,189,3,6,Wilson County                 ,112,112,29984529,1,2,350000,0,0,0,1,20,2370503,78,78,20088691,1,2,350000,0,0,0,0,0,0
201703,48,013,3,7,Atascosa County               ,4,4,812567,0,0,0,0,0,0,0,0,0,3,3,617400,0,0,0,0,0,0,0,0,0
201703,48,015,3,7,Austin County                 ,2,2,364408,0,0,0,0,0,0,0,0,0,1,1,180000,0,0,0,0,0,0,0,0,0
201703,48,019,3,7,Bandera County                ,0,0,0,0,0,0,0,0,0,0,0,0,0,0,0,0,0,0,0,0,0,0,0,0
201703,48,021,3,7,Bastrop County                ,17,17,2532721,0,0,0,0,0,0,0,0,0,17,17,2532721,0,0,0,0,0,0,0,0,0
201703,48,025,3,7,Bee County                    ,1,1,73175,0,0,0,0,0,0,0,0,0,0,0,0,0,0,0,0,0,0,0,0,0
201703,48,027,3,7,Bell County                   ,156,156,24159161,12,24,2253940,0,0,0,0,0,0,148,148,22565235,12,24,2253940,0,0,0,0,0,0
201703,48,029,3,7,Bexar County                  ,356,356,81819662,4,8,1103960,4,16,1612627,2,10,1567265,309,309,75725911,4,8,1103960,4,16,1612627,1,5,501769
201703,48,051,3,7,Burleson County               ,1,1,83000,0,0,0,0,0,0,0,0,0,1,1,83000,0,0,0,0,0,0,0,0,0
201703,48,055,3,7,Caldwell County               ,28,28,4961837,0,0,0,0,0,0,0,0,0,2,2,140000,0,0,0,0,0,0,0,0,0
201703,48,085,3,7,Collin County                 ,952,952,297099700,0,0,0,0,0,0,25,623,74543723,839,839,255485341,0,0,0,0,0,0,23,603,71544110
201703,48,091,3,7,Comal County                  ,244,244,55656775,11,22,2349052,0,0,0,1,5,501769,243,243,55298216,11,22,2349052,0,0,0,1,5,501769
201703,48,099,3,7,Coryell County                ,14,14,1990076,0,0,0,0,0,0,1,5,684585,0,0,0,0,0,0,0,0,0,0,0,0
201703,48,107,3,7,Crosby County                 ,0,0,0,0,0,0,0,0,0,0,0,0,0,0,0,0,0,0,0,0,0,0,0,0
201703,48,113,3,7,Dallas County                 ,615,615,178842489,7,14,4010196,3,12,2832240,28,2096,213474364,565,565,164358682,7,14,4010196,3,12,2832240,28,2096,213474364
201703,48,119,3,7,Delta County                  ,1,1,227857,0,0,0,0,0,0,0,0,0,1,1,227857,0,0,0,0,0,0,0,0,0
201703,48,135,3,7,Ector County                  ,71,71,14253900,0,0,0,0,0,0,0,0,0,71,71,14253900,0,0,0,0,0,0,0,0,0
201703,48,139,3,7,Ellis County                  ,143,143,26701848,1,2,220874,0,0,0,0,0,0,61,61,10421663,0,0,0,0,0,0,0,0,0
201703,48,141,3,7,El Paso County                ,277,277,45423576,3,6,487013,1,4,399822,8,127,12505340,3,3,227267,0,0,0,0,0,0,1,5,133960
201703,48,157,3,7,Fort Bend County              ,1039,1039,132465055,0,0,0,0,0,0,1,8,626068,162,162,51102267,0,0,0,0,0,0,0,0,0
201703,48,167,3,7,Galveston County              ,291,291,63922654,0,0,0,0,0,0,1,5,275264,99,99,23922895,0,0,0,0,0,0,0,0,0
201703,48,185,3,7,Grimes County                 ,2,2,190166,0,0,0,0,0,0,0,0,0,0,0,0,0,0,0,0,0,0,0,0,0
201703,48,187,3,7,Guadalupe County              ,105,105,23667799,0,0,0,0,0,0,5,96,1190666,105,105,23667799,0,0,0,0,0,0,5,96,1190666
201703,48,193,3,7,Hamilton County               ,0,0,0,0,0,0,0,0,0,0,0,0,0,0,0,0,0,0,0,0,0,0,0,0
201703,48,195,3,7,Hansford County               ,0,0,0,0,0,0,0,0,0,0,0,0,0,0,0,0,0,0,0,0,0,0,0,0
201703,48,201,3,7,Harris County                 ,1612,1612,214434714,5,10,1163322,0,0,0,4,122,19820000,1585,1585,199477730,5,10,1163322,0,0,0,4,122,19820000
201703,48,211,3,7,Hemphill County               ,0,0,0,0,0,0,0,0,0,0,0,0,0,0,0,0,0,0,0,0,0,0,0,0
201703,48,215,3,7,Hidalgo County                ,243,243,43348098,12,24,1278733,3,10,626646,3,23,1148548,157,157,29743379,5,10,613550,3,10,626646,1,8,320000
201703,48,233,3,7,Hutchinson County             ,0,0,0,0,0,0,0,0,0,0,0,0,0,0,0,0,0,0,0,0,0,0,0,0
201703,48,251,3,7,Johnson County                ,48,48,11594983,0,0,0,0,0,0,0,0,0,44,44,10832835,0,0,0,0,0,0,0,0,0
201703,48,257,3,7,Kaufman County                ,52,52,11089273,0,0,0,0,0,0,0,0,0,39,39,8904383,0,0,0,0,0,0,0,0,0
201703,48,259,3,7,Kendall County                ,22,22,6765164,0,0,0,0,0,0,0,0,0,0,0,0,0,0,0,0,0,0,0,0,0
201703,48,271,3,7,Kinney County                 ,0,0,0,0,0,0,0,0,0,0,0,0,0,0,0,0,0,0,0,0,0,0,0,0
201703,48,281,3,7,Lampasas County               ,1,1,189000,0,0,0,0,0,0,0,0,0,1,1,189000,0,0,0,0,0,0,0,0,0
201703,48,291,3,7,Liberty County                ,46,46,3477000,0,0,0,0,0,0,0,0,0,46,46,3477000,0,0,0,0,0,0,0,0,0
201703,48,303,3,7,Lubbock County                ,125,125,30404620,3,6,499750,0,0,0,3,54,3683622,21,21,3685000,0,0,0,0,0,0,0,0,0
201703,48,323,3,7,Maverick County               ,5,5,1395885,2,4,517231,0,0,0,0,0,0,5,5,1395885,2,4,517231,0,0,0,0,0,0
201703,48,325,3,7,Medina County                 ,1,1,159000,0,0,0,0,0,0,0,0,0,0,0,0,0,0,0,0,0,0,0,0,0
201703,48,329,3,7,Midland County                ,102,102,21751258,0,0,0,0,0,0,0,0,0,102,102,21751258,0,0,0,0,0,0,0,0,0
201703,48,339,3,7,Montgomery County             ,454,454,98001884,0,0,0,0,0,0,0,0,0,445,445,95320838,0,0,0,0,0,0,0,0,0
201703,48,367,3,7,Parker County                 ,24,24,5475948,0,0,0,0,0,0,0,0,0,20,20,4573275,0,0,0,0,0,0,0,0,0
201703,48,375,3,7,Potter County                 ,42,42,10590222,0,0,0,0,0,0,0,0,0,42,42,10590222,0,0,0,0,0,0,0,0,0
201703,48,383,3,7,Reagan County                 ,0,0,0,0,0,0,0,0,0,0,0,0,0,0,0,0,0,0,0,0,0,0,0,0
201703,48,385,3,7,Real County                   ,0,0,0,0,0,0,0,0,0,0,0,0,0,0,0,0,0,0,0,0,0,0,0,0
201703,48,395,3,7,Robertson County              ,5,5,1139284,0,0,0,0,0,0,0,0,0,5,5,1139284,0,0,0,0,0,0,0,0,0
201703,48,397,3,7,Rockwall County               ,164,164,47598744,0,0,0,0,0,0,0,0,0,123,123,36718027,0,0,0,0,0,0,0,0,0
201703,48,407,3,7,San Jacinto County            ,48,48,9801360,0,0,0,0,0,0,0,0,0,48,48,9801360,0,0,0,0,0,0,0,0,0
201703,48,411,3,7,San Saba County               ,0,0,0,0,0,0,0,0,0,0,0,0,0,0,0,0,0,0,0,0,0,0,0,0
201703,48,451,3,7,Tom Green County              ,12,12,2584000,2,4,660000,0,0,0,0,0,0,12,12,2584000,2,4,660000,0,0,0,0,0,0
201703,48,453,3,7,Travis County                 ,1120,1120,229071799,3,6,940874,1,3,2402000,23,773,36366809,1085,1085,219608627,3,6,940874,1,3,2402000,22,768,35700142
201703,48,473,3,7,Waller County                 ,1,1,162976,0,0,0,1,3,450000,2,10,562251,0,0,0,0,0,0,0,0,0,0,0,0
201703,48,491,3,7,Williamson County             ,379,379,101108044,2,4,307890,1,3,192600,0,0,0,375,375,100586491,2,4,307890,1,3,192600,0,0,0
201703,48,493,3,7,Wilson County                 ,3,3,585502,0,0,0,0,0,0,1,5,468750,0,0,0,0,0,0,0,0,0,0,0,0
201703,48,497,3,7,Wise County                   ,6,6,1328130,0,0,0,0,0,0,0,0,0,3,3,658000,0,0,0,0,0,0,0,0,0
201703,49,011,4,8,Davis County                  ,107,107,30498668,0,0,0,1,4,544894,12,238,18256578,104,104,29100203,0,0,0,1,4,544894,12,238,18256578
201703,49,023,4,8,Juab County                   ,5,5,1120425,0,0,0,0,0,0,0,0,0,5,5,1120425,0,0,0,0,0,0,0,0,0
201703,49,029,4,8,Morgan County                 ,10,10,3753797,0,0,0,0,0,0,0,0,0,0,0,0,0,0,0,0,0,0,0,0,0
201703,49,035,4,8,Salt Lake County              ,397,397,99667422,1,2,414000,2,8,832627,11,228,25043280,322,322,78499315,1,2,414000,1,4,240000,7,52,6396144
201703,49,039,4,8,Sanpete County                ,5,5,998599,0,0,0,0,0,0,0,0,0,5,5,998599,0,0,0,0,0,0,0,0,0
201703,49,043,4,8,Summit County                 ,15,15,9709792,0,0,0,0,0,0,1,5,854284,7,7,5599737,0,0,0,0,0,0,0,0,0
201703,49,057,4,8,Weber County                  ,83,83,21180935,0,0,0,2,6,840704,2,29,2459603,64,64,16446839,0,0,0,0,0,0,1,24,1660000
201703,51,003,3,5,Albemarle County              ,51,51,15267755,0,0,0,0,0,0,1,5,400000,0,0,0,0,0,0,0,0,0,0,0,0
201703,51,007,3,5,Amelia County                 ,7,7,1150110,0,0,0,0,0,0,0,0,0,7,7,1150110,0,0,0,0,0,0,0,0,0
201703,51,009,3,5,Amherst County                ,5,5,1321844,0,0,0,0,0,0,0,0,0,5,5,1321844,0,0,0,0,0,0,0,0,0
201703,51,013,3,5,Arlington County              ,16,16,7479000,0,0,0,0,0,0,0,0,0,16,16,7479000,0,0,0,0,0,0,0,0,0
201703,51,015,3,5,Augusta County                ,14,14,2550000,2,4,250000,0,0,0,0,0,0,14,14,2550000,2,4,250000,0,0,0,0,0,0
201703,51,019,3,5,Bedford County                ,38,38,9870000,0,0,0,0,0,0,0,0,0,38,38,9870000,0,0,0,0,0,0,0,0,0
201703,51,033,3,5,Caroline County               ,10,10,1876744,0,0,0,0,0,0,0,0,0,10,10,1876744,0,0,0,0,0,0,0,0,0
201703,51,036,3,5,Charles City County           ,1,1,368000,0,0,0,0,0,0,0,0,0,1,1,368000,0,0,0,0,0,0,0,0,0
201703,51,037,3,5,Charlotte County              ,1,1,230000,0,0,0,0,0,0,0,0,0,1,1,230000,0,0,0,0,0,0,0,0,0
201703,51,041,3,5,Chesterfield County           ,146,146,33267092,0,0,0,6,22,2733945,4,144,8963116,146,146,33267092,0,0,0,6,22,2733945,4,144,8963116
201703,51,043,3,5,Clarke County                 ,5,5,1714313,0,0,0,0,0,0,0,0,0,5,5,1714313,0,0,0,0,0,0,0,0,0
201703,51,049,3,5,Cumberland County             ,3,3,237000,0,0,0,0,0,0,0,0,0,3,3,237000,0,0,0,0,0,0,0,0,0
201703,51,051,3,5,Dickenson County              ,1,1,310000,0,0,0,0,0,0,0,0,0,1,1,310000,0,0,0,0,0,0,0,0,0
201703,51,053,3,5,Dinwiddie County              ,7,7,732009,0,0,0,0,0,0,0,0,0,0,0,0,0,0,0,0,0,0,0,0,0
201703,51,059,3,5,Fairfax County                ,93,93,20828973,0,0,0,0,0,0,0,0,0,93,93,20828973,0,0,0,0,0,0,0,0,0
201703,51,061,3,5,Fauquier County               ,31,31,10860918,0,0,0,0,0,0,0,0,0,31,31,10860918,0,0,0,0,0,0,0,0,0
201703,51,069,3,5,Frederick County              ,51,51,12422900,0,0,0,0,0,0,1,16,1100000,51,51,12422900,0,0,0,0,0,0,1,16,1100000
201703,51,073,3,5,Gloucester County             ,20,20,4170268,0,0,0,0,0,0,0,0,0,20,20,4170268,0,0,0,0,0,0,0,0,0
201703,51,075,3,5,Goochland County              ,19,19,5004982,0,0,0,0,0,0,0,0,0,19,19,5004982,0,0,0,0,0,0,0,0,0
201703,51,085,3,5,Hanover County                ,81,81,15502574,0,0,0,0,0,0,0,0,0,81,81,15502574,0,0,0,0,0,0,0,0,0
201703,51,087,3,5,Henrico County                ,70,70,15949976,0,0,0,0,0,0,0,0,0,70,70,15949976,0,0,0,0,0,0,0,0,0
201703,51,093,3,5,Isle of Wight County          ,14,14,2916301,0,0,0,0,0,0,1,13,521500,0,0,0,0,0,0,0,0,0,0,0,0
201703,51,095,3,5,James City County             ,40,40,11269197,1,2,240000,2,6,569275,4,30,3408270,40,40,11269197,1,2,240000,2,6,569275,4,30,3408270
201703,51,097,3,5,King and Queen County         ,2,2,347615,0,0,0,0,0,0,0,0,0,0,0,0,0,0,0,0,0,0,0,0,0
201703,51,099,3,5,King George County            ,13,13,3243547,0,0,0,0,0,0,0,0,0,0,0,0,0,0,0,0,0,0,0,0,0
201703,51,107,3,5,Loudoun County                ,270,270,61521335,0,0,0,0,0,0,3,46,4616279,270,270,61521335,0,0,0,0,0,0,3,46,4616279
201703,51,109,3,5,Louisa County                 ,25,25,5340025,0,0,0,0,0,0,0,0,0,0,0,0,0,0,0,0,0,0,0,0,0
201703,51,115,3,5,Mathews County                ,2,2,337476,0,0,0,0,0,0,0,0,0,2,2,337476,0,0,0,0,0,0,0,0,0
201703,51,127,3,5,New Kent County               ,21,21,4784993,0,0,0,0,0,0,0,0,0,21,21,4784993,0,0,0,0,0,0,0,0,0
201703,51,139,3,5,Page County                   ,6,6,550043,0,0,0,0,0,0,0,0,0,6,6,550043,0,0,0,0,0,0,0,0,0
201703,51,145,3,5,Powhatan County               ,23,23,542800,0,0,0,0,0,0,0,0,0,23,23,542800,0,0,0,0,0,0,0,0,0
201703,51,149,3,5,Prince George County          ,10,10,1292000,0,0,0,0,0,0,0,0,0,10,10,1292000,0,0,0,0,0,0,0,0,0
201703,51,153,3,5,Prince William County         ,141,141,25993205,0,0,0,0,0,0,0,0,0,141,141,25993205,0,0,0,0,0,0,0,0,0
201703,51,165,3,5,Rockingham County             ,47,47,10047290,0,0,0,0,0,0,0,0,0,47,47,10047290,0,0,0,0,0,0,0,0,0
201703,51,175,3,5,Southampton County            ,4,4,593630,0,0,0,0,0,0,0,0,0,0,0,0,0,0,0,0,0,0,0,0,0
201703,51,177,3,5,Spotsylvania County           ,43,43,12029716,0,0,0,0,0,0,0,0,0,43,43,12029716,0,0,0,0,0,0,0,0,0
201703,51,179,3,5,Stafford County               ,84,84,20231227,0,0,0,0,0,0,0,0,0,84,84,20231227,0,0,0,0,0,0,0,0,0
201703,51,181,3,5,Surry County                  ,3,3,459369,0,0,0,0,0,0,0,0,0,0,0,0,0,0,0,0,0,0,0,0,0
201703,51,183,3,5,Sussex County                 ,4,4,486513,0,0,0,0,0,0,0,0,0,4,4,486513,0,0,0,0,0,0,0,0,0
201703,51,187,3,5,Warren County                 ,22,22,4830000,0,0,0,0,0,0,0,0,0,22,22,4830000,0,0,0,0,0,0,0,0,0
201703,51,199,3,5,York County                   ,5,5,2960000,0,0,0,1,4,765211,1,6,710000,5,5,2960000,0,0,0,1,4,765211,1,6,710000
201703,51,510,3,5,Alexandria (Independent City) ,7,7,1482000,0,0,0,0,0,0,0,0,0,7,7,1482000,0,0,0,0,0,0,0,0,0
201703,51,540,3,5,Charlottesville (Independent C,8,8,1744446,1,2,190750,0,0,0,1,6,886786,0,0,0,0,0,0,0,0,0,0,0,0
201703,51,550,3,5,Chesapeake(Independent City)  ,129,129,29393527,3,6,765400,0,0,0,0,0,0,129,129,29393527,3,6,765400,0,0,0,0,0,0
201703,51,570,3,5,Colonial Heights (Independent ,2,2,455714,0,0,0,0,0,0,0,0,0,2,2,455714,0,0,0,0,0,0,0,0,0
201703,51,580,3,5,Covington (Independent City)  ,0,0,0,0,0,0,0,0,0,0,0,0,0,0,0,0,0,0,0,0,0,0,0,0
201703,51,600,3,5,Fairfax (Independent City)    ,7,7,840000,0,0,0,0,0,0,0,0,0,7,7,840000,0,0,0,0,0,0,0,0,0
201703,51,610,3,5,Falls Church (Independent City,1,1,800000,0,0,0,0,0,0,0,0,0,1,1,800000,0,0,0,0,0,0,0,0,0
201703,51,630,3,5,Fredericksburg(Independent Cit,10,10,1924765,0,0,0,0,0,0,0,0,0,10,10,1924765,0,0,0,0,0,0,0,0,0
201703,51,650,3,5,Hampton (Independent City)    ,19,19,1217823,0,0,0,0,0,0,0,0,0,0,0,0,0,0,0,0,0,0,0,0,0
201703,51,660,3,5,Harrisonburg (Independent City,7,7,1115701,0,0,0,0,0,0,0,0,0,0,0,0,0,0,0,0,0,0,0,0,0
201703,51,670,3,5,Hopewell (Independent City)   ,5,5,425772,0,0,0,0,0,0,0,0,0,0,0,0,0,0,0,0,0,0,0,0,0
201703,51,680,3,5,Lynchburg (Independent City)  ,6,6,1534461,0,0,0,0,0,0,0,0,0,6,6,1534461,0,0,0,0,0,0,0,0,0
201703,51,683,3,5,Manassas (Independent City)   ,16,16,2255005,0,0,0,0,0,0,0,0,0,0,0,0,0,0,0,0,0,0,0,0,0
201703,51,685,3,5,Manassas Park (Independent Cit,1,1,186364,0,0,0,0,0,0,0,0,0,0,0,0,0,0,0,0,0,0,0,0,0
201703,51,700,3,5,Newport News (Independent City,8,8,1203484,0,0,0,0,0,0,6,209,17978660,8,8,1203484,0,0,0,0,0,0,6,209,17978660
201703,51,710,3,5,Norfolk (Independent City)    ,45,45,10253556,0,0,0,0,0,0,0,0,0,45,45,10253556,0,0,0,0,0,0,0,0,0
201703,51,730,3,5,Petersburg (Independent City) ,0,0,0,0,0,0,0,0,0,0,0,0,0,0,0,0,0,0,0,0,0,0,0,0
201703,51,735,3,5,Poquoson (Independent City)   ,7,7,2151955,0,0,0,0,0,0,0,0,0,7,7,2151955,0,0,0,0,0,0,0,0,0
201703,51,740,3,5,Portsmouth (Independent City) ,21,21,2604000,0,0,0,0,0,0,0,0,0,21,21,2604000,0,0,0,0,0,0,0,0,0
201703,51,760,3,5,Richmond (Independent City)   ,24,24,4900680,0,0,0,0,0,0,1,213,3024341,24,24,4900680,0,0,0,0,0,0,1,213,3024341
201703,51,800,3,5,Suffolk (Independent City)    ,29,29,6607847,0,0,0,0,0,0,0,0,0,29,29,6607847,0,0,0,0,0,0,0,0,0
201703,51,810,3,5,Virginia Beach (Independent Ci,81,81,15778055,0,0,0,0,0,0,2,112,8481640,81,81,15778055,0,0,0,0,0,0,2,112,8481640
201703,51,830,3,5,Williamsburg (Independent City,7,7,966650,0,0,0,0,0,0,0,0,0,7,7,966650,0,0,0,0,0,0,0,0,0
201703,53,005,4,9,Benton County                 ,88,88,27212714,0,0,0,0,0,0,0,0,0,44,44,12637656,0,0,0,0,0,0,0,0,0
201703,53,011,4,9,Clark County                  ,194,194,56174183,5,10,1288902,0,0,0,5,108,7953498,187,187,54488222,5,10,1288902,0,0,0,4,88,5947231
201703,53,021,4,9,Franklin County               ,43,43,11460794,0,0,0,0,0,0,0,0,0,0,0,0,0,0,0,0,0,0,0,0,0
201703,53,031,4,9,Jefferson County              ,14,14,3131178,0,0,0,0,0,0,0,0,0,14,14,3131178,0,0,0,0,0,0,0,0,0
201703,53,033,4,9,King County                   ,337,337,136471143,16,32,6920222,14,53,8388779,27,1072,148397652,285,285,108467419,15,30,6597115,14,53,8388779,24,1022,140625882
201703,53,035,4,9,Kitsap County                 ,70,70,20002504,0,0,0,0,0,0,1,18,3670119,70,70,20002504,0,0,0,0,0,0,1,18,3670119
201703,53,053,4,9,Pierce County                 ,201,201,60156273,3,6,1026946,1,3,561459,3,65,7830562,199,199,59628950,3,6,1026946,0,0,0,2,60,6935259
201703,53,055,4,9,San Juan County               ,12,12,2887299,0,0,0,0,0,0,0,0,0,0,0,0,0,0,0,0,0,0,0,0,0
201703,53,059,4,9,Skamania County               ,3,3,764472,0,0,0,0,0,0,0,0,0,3,3,764472,0,0,0,0,0,0,0,0,0
201703,53,061,4,9,Snohomish County              ,151,151,40691207,1,2,416172,0,0,0,1,13,600010,126,126,34866729,0,0,0,0,0,0,0,0,0
201703,54,011,3,5,Cabell County                 ,7,7,1237790,0,0,0,0,0,0,0,0,0,0,0,0,0,0,0,0,0,0,0,0,0
201703,54,015,3,5,Clay County                   ,1,1,45455,0,0,0,0,0,0,0,0,0,0,0,0,0,0,0,0,0,0,0,0,0
201703,54,019,3,5,Fayette County                ,3,3,336602,0,0,0,0,0,0,0,0,0,0,0,0,0,0,0,0,0,0,0,0,0
201703,54,037,3,5,Jefferson County              ,21,21,4777037,0,0,0,0,0,0,0,0,0,21,21,4777037,0,0,0,0,0,0,0,0,0
201703,54,081,3,5,Raleigh County                ,7,7,1228360,0,0,0,0,0,0,0,0,0,6,6,1085198,0,0,0,0,0,0,0,0,0
201703,55,025,2,3,Dane County                   ,127,127,38880536,2,4,728097,2,6,834979,2,105,13476193,60,60,20250115,0,0,0,0,0,0,0,0,0
201703,55,031,2,3,Douglas County                ,6,6,1151135,0,0,0,0,0,0,0,0,0,6,6,1151135,0,0,0,0,0,0,0,0,0
201703,55,037,2,3,Florence County               ,1,1,110000,0,0,0,0,0,0,0,0,0,1,1,110000,0,0,0,0,0,0,0,0,0
201703,55,049,2,3,Iowa County                   ,11,11,2433000,0,0,0,0,0,0,0,0,0,11,11,2433000,0,0,0,0,0,0,0,0,0
201703,55,059,2,3,Kenosha County                ,14,14,4725451,0,0,0,0,0,0,0,0,0,14,14,4725451,0,0,0,0,0,0,0,0,0
201703,55,079,2,3,Milwaukee County              ,6,6,1319000,1,2,450000,0,0,0,3,90,11787423,6,6,1319000,1,2,450000,0,0,0,3,90,11787423
201703,55,089,2,3,Ozaukee County                ,20,20,7139480,0,0,0,0,0,0,0,0,0,15,15,4583697,0,0,0,0,0,0,0,0,0
201703,55,093,2,3,Pierce County                 ,18,18,3233000,0,0,0,0,0,0,0,0,0,18,18,3233000,0,0,0,0,0,0,0,0,0
201703,55,109,2,3,St. Croix County              ,26,26,5895444,2,4,476667,0,0,0,0,0,0,18,18,3995190,0,0,0,0,0,0,0,0,0
201703,55,131,2,3,Washington County             ,32,32,9380410,4,8,1230000,0,0,0,1,5,354167,21,21,5890567,4,8,1230000,0,0,0,0,0,0
201703,56,029,4,8,Park County                   ,5,5,1077713,0,0,0,0,0,0,0,0,0,5,5,1077713,0,0,0,0,0,0,0,0,0
201703,56,039,4,8,Teton County                  ,21,21,25967169,1,2,617754,1,4,155332,0,0,0,18,18,24882501,0,0,0,0,0,0,0,0,0
