Survey,FIPS,FIPS,Region,Division,County,,1-unit,,,2-units,,,3-4 units,,,5+ units,,,1-unit rep,,,2-units rep,,,3-4 units rep,,, 5+units rep
Date,State,County,Code,Code,Name,Bldgs,Units,Value,Bldgs,Units,Value,Bldgs,Units,Value,Bldgs,Units,Value,Bldgs,Units,Value,Bldgs,Units,Value,Bldgs,Units,Value,Bldgs,Units,Value
 
201707,01,001,3,6,Autauga County                ,20,20,6081846,0,0,0,0,0,0,0,0,0,20,20,6081846,0,0,0,0,0,0,0,0,0
201707,01,007,3,6,Bibb County                   ,1,1,235594,0,0,0,0,0,0,0,0,0,0,0,0,0,0,0,0,0,0,0,0,0
201707,01,009,3,6,Blount County                 ,1,1,208100,0,0,0,0,0,0,0,0,0,0,0,0,0,0,0,0,0,0,0,0,0
201707,01,021,3,6,Chilton County                ,5,5,974000,0,0,0,0,0,0,0,0,0,5,5,974000,0,0,0,0,0,0,0,0,0
201707,01,073,3,6,Jefferson County              ,153,153,37677456,0,0,0,0,0,0,1,34,4566156,133,133,34580504,0,0,0,0,0,0,0,0,0
201707,01,081,3,6,Lee County                    ,70,70,19979295,1,2,144250,0,0,0,0,0,0,23,23,6389511,0,0,0,0,0,0,0,0,0
201707,01,083,3,6,Limestone County              ,2,2,513254,0,0,0,0,0,0,0,0,0,2,2,513254,0,0,0,0,0,0,0,0,0
201707,01,089,3,6,Madison County                ,197,197,36869049,0,0,0,0,0,0,2,60,653692,197,197,36869049,0,0,0,0,0,0,2,60,653692
201707,01,113,3,6,Russell County                ,12,12,1924413,0,0,0,0,0,0,0,0,0,12,12,1924413,0,0,0,0,0,0,0,0,0
201707,01,115,3,6,St. Clair County              ,17,17,3082486,0,0,0,0,0,0,0,0,0,13,13,2278298,0,0,0,0,0,0,0,0,0
201707,01,117,3,6,Shelby County                 ,84,84,19508485,0,0,0,0,0,0,1,5,767250,25,25,5099363,0,0,0,0,0,0,0,0,0
201707,01,127,3,6,Walker County                 ,0,0,0,0,0,0,0,0,0,0,0,0,0,0,0,0,0,0,0,0,0,0,0,0
201707,02,013,4,9,Aleutians East Borough        ,0,0,0,0,0,0,0,0,0,0,0,0,0,0,0,0,0,0,0,0,0,0,0,0
201707,02,016,4,9,Aleutians West Census Area    ,1,1,98118,0,0,0,0,0,0,0,0,0,0,0,0,0,0,0,0,0,0,0,0,0
201707,02,020,4,9,Anchorage Municipality        ,65,65,20366482,0,0,0,1,3,520780,1,12,1897147,0,0,0,0,0,0,0,0,0,0,0,0
201707,02,050,4,9,Bethel Census Area            ,5,5,300000,0,0,0,0,0,0,0,0,0,5,5,300000,0,0,0,0,0,0,0,0,0
201707,02,060,4,9,Bristol Bay Borough           ,0,0,0,0,0,0,0,0,0,0,0,0,0,0,0,0,0,0,0,0,0,0,0,0
201707,02,070,4,9,Dillingham Census Area        ,0,0,0,0,0,0,0,0,0,0,0,0,0,0,0,0,0,0,0,0,0,0,0,0
201707,02,090,4,9,Fairbanks North Star Borough  ,0,0,0,0,0,0,0,0,0,0,0,0,0,0,0,0,0,0,0,0,0,0,0,0
201707,02,100,4,9,Haines Borough                ,1,1,278570,0,0,0,0,0,0,0,0,0,0,0,0,0,0,0,0,0,0,0,0,0
201707,02,105,4,9,Hoonah-Angoon Census Area     ,0,0,0,0,0,0,0,0,0,0,0,0,0,0,0,0,0,0,0,0,0,0,0,0
201707,02,110,4,9,Juneau City and Borough       ,5,5,1540099,0,0,0,0,0,0,0,0,0,5,5,1540099,0,0,0,0,0,0,0,0,0
201707,02,122,4,9,Kenai Peninsula Borough       ,4,4,771738,0,0,0,0,0,0,1,6,980000,2,2,330000,0,0,0,0,0,0,1,6,980000
201707,02,130,4,9,Ketchikan Gateway Borough     ,1,1,291052,0,0,0,0,0,0,0,0,0,1,1,291052,0,0,0,0,0,0,0,0,0
201707,02,150,4,9,Kodiak Island Borough         ,1,1,152635,0,0,0,0,0,0,0,0,0,1,1,152635,0,0,0,0,0,0,0,0,0
201707,02,158,4,9,Kusilvak Census Area          ,0,0,0,0,0,0,0,0,0,0,0,0,0,0,0,0,0,0,0,0,0,0,0,0
201707,02,170,4,9,Matanuska-Susitna Borough     ,5,5,1404207,1,2,301442,0,0,0,0,0,0,5,5,1404207,1,2,301442,0,0,0,0,0,0
201707,02,180,4,9,Nome Census Area              ,1,1,135319,0,0,0,0,0,0,0,0,0,0,0,0,0,0,0,0,0,0,0,0,0
201707,02,185,4,9,North Slope Borough           ,1,1,272831,0,0,0,0,0,0,0,0,0,0,0,0,0,0,0,0,0,0,0,0,0
201707,02,188,4,9,Northwest Arctic Borough      ,0,0,0,0,0,0,0,0,0,0,0,0,0,0,0,0,0,0,0,0,0,0,0,0
201707,02,195,4,9,Petersburg Borough            ,1,1,348917,0,0,0,0,0,0,0,0,0,0,0,0,0,0,0,0,0,0,0,0,0
201707,02,198,4,9,Prince of Wales-Hyder Census A,0,0,0,0,0,0,0,0,0,0,0,0,0,0,0,0,0,0,0,0,0,0,0,0
201707,02,220,4,9,Sitka City and Borough        ,1,1,248107,0,0,0,0,0,0,0,0,0,0,0,0,0,0,0,0,0,0,0,0,0
201707,02,230,4,9,Skagway Municipality          ,1,1,209000,1,2,232443,0,0,0,0,0,0,0,0,0,0,0,0,0,0,0,0,0,0
201707,02,261,4,9,Valdez-Cordova Census Area    ,0,0,0,0,0,0,0,0,0,0,0,0,0,0,0,0,0,0,0,0,0,0,0,0
201707,02,275,4,9,Wrangell City and Borough     ,1,1,52000,0,0,0,0,0,0,0,0,0,1,1,52000,0,0,0,0,0,0,0,0,0
201707,02,282,4,9,Yakutat City and Borough      ,0,0,0,0,0,0,0,0,0,0,0,0,0,0,0,0,0,0,0,0,0,0,0,0
201707,02,290,4,9,Yukon-Koyukuk Census Area     ,0,0,0,0,0,0,0,0,0,0,0,0,0,0,0,0,0,0,0,0,0,0,0,0
201707,04,013,4,8,Maricopa County               ,1480,1480,396352766,9,18,1478398,1,3,516990,4,60,6706080,1468,1468,393274433,9,18,1478398,1,3,516990,4,60,6706080
201707,04,019,4,8,Pima County                   ,222,222,63699761,0,0,0,0,0,0,1,5,427766,26,26,7827826,0,0,0,0,0,0,0,0,0
201707,04,021,4,8,Pinal County                  ,364,364,73560571,2,4,212897,0,0,0,0,0,0,364,364,73560571,2,4,212897,0,0,0,0,0,0
201707,05,013,3,7,Calhoun County                ,0,0,0,0,0,0,0,0,0,0,0,0,0,0,0,0,0,0,0,0,0,0,0,0
201707,05,035,3,7,Crittenden County             ,11,11,2043919,0,0,0,0,0,0,0,0,0,10,10,1817000,0,0,0,0,0,0,0,0,0
201707,05,045,3,7,Faulkner County               ,20,20,4502630,1,2,152889,0,0,0,0,0,0,1,1,150000,0,0,0,0,0,0,0,0,0
201707,05,053,3,7,Grant County                  ,1,1,152000,0,0,0,0,0,0,0,0,0,0,0,0,0,0,0,0,0,0,0,0,0
201707,05,085,3,7,Lonoke County                 ,34,34,3456066,0,0,0,0,0,0,0,0,0,13,13,1492175,0,0,0,0,0,0,0,0,0
201707,05,087,3,7,Madison County                ,0,0,0,0,0,0,0,0,0,0,0,0,0,0,0,0,0,0,0,0,0,0,0,0
201707,05,091,3,7,Miller County                 ,4,4,596427,0,0,0,0,0,0,0,0,0,0,0,0,0,0,0,0,0,0,0,0,0
201707,05,105,3,7,Perry County                  ,0,0,0,0,0,0,0,0,0,0,0,0,0,0,0,0,0,0,0,0,0,0,0,0
201707,05,119,3,7,Pulaski County                ,75,75,15481866,9,18,2587700,0,0,0,0,0,0,54,54,12183915,9,18,2587700,0,0,0,0,0,0
201707,05,129,3,7,Searcy County                 ,0,0,0,0,0,0,0,0,0,0,0,0,0,0,0,0,0,0,0,0,0,0,0,0
201707,05,143,3,7,Washington County             ,93,93,23806538,17,34,6715000,0,0,0,0,0,0,79,79,22159850,17,34,6715000,0,0,0,0,0,0
201707,06,001,4,9,Alameda County                ,139,139,49752441,0,0,0,1,4,947513,6,288,13407092,76,76,27930731,0,0,0,0,0,0,2,239,3632998
201707,06,013,4,9,Contra Costa County           ,147,147,42837546,0,0,0,0,0,0,2,12,1827836,138,138,40441888,0,0,0,0,0,0,1,7,1193030
201707,06,017,4,9,El Dorado County              ,52,52,22997669,0,0,0,0,0,0,0,0,0,49,49,21358212,0,0,0,0,0,0,0,0,0
201707,06,019,4,9,Fresno County                 ,197,197,57309917,0,0,0,0,0,0,21,168,11065203,190,190,56284423,0,0,0,0,0,0,21,168,11065203
201707,06,037,4,9,Los Angeles County            ,374,374,155932151,39,78,11801493,4,13,2050317,20,679,134998610,326,326,130609989,39,78,11801493,2,7,1605674,15,630,126636001
201707,06,041,4,9,Marin County                  ,6,6,7967350,1,2,1979034,0,0,0,0,0,0,5,5,6072450,0,0,0,0,0,0,0,0,0
201707,06,059,4,9,Orange County                 ,223,223,68761753,5,10,2300827,11,36,10215948,23,550,54816435,133,133,36252195,4,8,1634148,11,36,10215948,20,448,42108709
201707,06,061,4,9,Placer County                 ,204,204,59204396,0,0,0,0,0,0,0,0,0,204,204,59204396,0,0,0,0,0,0,0,0,0
201707,06,063,4,9,Plumas County                 ,7,7,962969,0,0,0,0,0,0,0,0,0,7,7,962969,0,0,0,0,0,0,0,0,0
201707,06,067,4,9,Sacramento County             ,231,231,62504255,3,6,693999,0,0,0,1,16,1900795,230,230,62268198,3,6,693999,0,0,0,1,16,1900795
201707,06,069,4,9,San Benito County             ,42,42,10928583,0,0,0,0,0,0,0,0,0,0,0,0,0,0,0,0,0,0,0,0,0
201707,06,071,4,9,San Bernardino County         ,293,293,77279061,38,76,12982600,7,28,3297000,8,256,39075134,284,284,74986378,38,76,12982600,7,28,3297000,8,256,39075134
201707,06,073,4,9,San Diego County              ,557,557,186407545,9,18,2808191,5,18,3598263,17,424,47642331,554,554,185554615,9,18,2808191,5,18,3598263,16,418,44381461
201707,06,075,4,9,San Francisco County          ,3,3,822104,0,0,0,0,0,0,4,455,64489880,3,3,822104,0,0,0,0,0,0,4,455,64489880
201707,06,081,4,9,San Mateo County              ,29,29,21471508,2,4,1150000,0,0,0,6,318,65973168,16,16,13699013,0,0,0,0,0,0,2,260,56981702
201707,06,085,4,9,Santa Clara County            ,158,158,56761228,0,0,0,2,7,1709597,14,118,20724713,131,131,47649006,0,0,0,0,0,0,12,88,15788174
201707,06,091,4,9,Sierra County                 ,1,1,318801,0,0,0,0,0,0,0,0,0,1,1,318801,0,0,0,0,0,0,0,0,0
201707,06,113,4,9,Yolo County                   ,33,33,9817389,0,0,0,0,0,0,0,0,0,33,33,9817389,0,0,0,0,0,0,0,0,0
201707,08,001,4,8,Adams County                  ,169,169,46685639,0,0,0,0,0,0,0,0,0,169,169,46685639,0,0,0,0,0,0,0,0,0
201707,08,005,4,8,Arapahoe County               ,191,191,46893788,0,0,0,0,0,0,3,140,16931061,189,189,46623500,0,0,0,0,0,0,3,140,16931061
201707,08,014,4,8,Broomfield County             ,11,11,3400986,0,0,0,0,0,0,0,0,0,11,11,3400986,0,0,0,0,0,0,0,0,0
201707,08,015,4,8,Chaffee County                ,12,12,3178659,0,0,0,0,0,0,0,0,0,0,0,0,0,0,0,0,0,0,0,0,0
201707,08,019,4,8,Clear Creek County            ,1,1,333828,0,0,0,0,0,0,0,0,0,0,0,0,0,0,0,0,0,0,0,0,0
201707,08,031,4,8,Denver County                 ,207,207,56725142,0,0,0,0,0,0,4,512,83939764,207,207,56725142,0,0,0,0,0,0,4,512,83939764
201707,08,035,4,8,Douglas County                ,201,201,58234727,0,0,0,0,0,0,0,0,0,195,195,55846593,0,0,0,0,0,0,0,0,0
201707,08,039,4,8,Elbert County                 ,15,15,4396712,0,0,0,0,0,0,0,0,0,15,15,4396712,0,0,0,0,0,0,0,0,0
201707,08,041,4,8,El Paso County                ,285,285,113291176,0,0,0,0,0,0,1,30,3817173,285,285,113291176,0,0,0,0,0,0,1,30,3817173
201707,08,047,4,8,Gilpin County                 ,4,4,1096138,0,0,0,0,0,0,0,0,0,4,4,1096138,0,0,0,0,0,0,0,0,0
201707,08,069,4,8,Larimer County                ,171,171,48764653,1,2,262950,0,0,0,5,120,24691324,171,171,48764653,1,2,262950,0,0,0,5,120,24691324
201707,08,077,4,8,Mesa County                   ,53,53,10730196,0,0,0,0,0,0,0,0,0,53,53,10730196,0,0,0,0,0,0,0,0,0
201707,08,093,4,8,Park County                   ,20,20,4640948,0,0,0,0,0,0,0,0,0,20,20,4640948,0,0,0,0,0,0,0,0,0
201707,08,101,4,8,Pueblo County                 ,26,26,3991917,0,0,0,0,0,0,0,0,0,26,26,3991917,0,0,0,0,0,0,0,0,0
201707,08,119,4,8,Teller County                 ,13,13,4207808,0,0,0,0,0,0,0,0,0,13,13,4207808,0,0,0,0,0,0,0,0,0
201707,09,001,1,1,Fairfield County              ,62,62,46534964,1,2,310000,0,0,0,3,109,12455268,50,50,39708546,1,2,310000,0,0,0,2,104,12050000
201707,09,003,1,1,Hartford County               ,54,54,11221883,0,0,0,0,0,0,1,5,243431,46,46,9328773,0,0,0,0,0,0,0,0,0
201707,09,007,1,1,Middlesex County              ,14,14,4101702,1,2,350000,0,0,0,1,5,400000,12,12,3500631,0,0,0,0,0,0,0,0,0
201707,09,013,1,1,Tolland County                ,13,13,3014047,0,0,0,1,3,405000,2,15,1403650,8,8,1841854,0,0,0,1,3,405000,1,10,790000
201707,10,001,3,5,Kent County                   ,107,107,15653170,2,4,811080,0,0,0,2,53,2882085,106,106,15457430,2,4,811080,0,0,0,1,48,2400000
201707,10,003,3,5,New Castle County             ,164,164,13931103,0,0,0,0,0,0,4,41,3533546,160,160,13675379,0,0,0,0,0,0,3,36,3453546
201707,10,005,3,5,Sussex County                 ,210,210,30904499,12,24,3137238,0,0,0,1,5,659878,210,210,30904499,12,24,3137238,0,0,0,1,5,659878
201707,11,001,3,5,Washington  DC                ,46,46,10637312,0,0,0,0,0,0,2,409,44057113,46,46,10637312,0,0,0,0,0,0,2,409,44057113
201707,12,003,3,5,Baker County                  ,22,22,3548198,2,4,100000,0,0,0,0,0,0,22,22,3548198,2,4,100000,0,0,0,0,0,0
201707,12,019,3,5,Clay County                   ,87,87,19285431,0,0,0,0,0,0,0,0,0,87,87,19285431,0,0,0,0,0,0,0,0,0
201707,12,029,3,5,Dixie County                  ,3,3,378970,0,0,0,0,0,0,0,0,0,0,0,0,0,0,0,0,0,0,0,0,0
201707,12,031,3,5,Duval County                  ,275,275,65249314,0,0,0,0,0,0,1,11,1184910,266,266,62387174,0,0,0,0,0,0,1,11,1184910
201707,12,033,3,5,Escambia County               ,81,81,18730918,0,0,0,0,0,0,0,0,0,81,81,18730918,0,0,0,0,0,0,0,0,0
201707,12,053,3,5,Hernando County               ,53,53,10990883,0,0,0,0,0,0,0,0,0,53,53,10990883,0,0,0,0,0,0,0,0,0
201707,12,057,3,5,Hillsborough County           ,605,605,202479569,0,0,0,0,0,0,0,0,0,605,605,202479569,0,0,0,0,0,0,0,0,0
201707,12,067,3,5,Lafayette County              ,0,0,0,0,0,0,0,0,0,0,0,0,0,0,0,0,0,0,0,0,0,0,0,0
201707,12,071,3,5,Lee County                    ,362,362,80484702,10,20,2929910,4,16,3006870,5,151,21804832,362,362,80484702,10,20,2929910,4,16,3006870,5,151,21804832
201707,12,073,3,5,Leon County                   ,55,55,11521582,1,2,290000,0,0,0,1,33,2394692,24,24,6218500,0,0,0,0,0,0,0,0,0
201707,12,081,3,5,Manatee County                ,294,294,58445080,0,0,0,1,4,479020,1,12,724640,291,291,57075244,0,0,0,1,4,479020,1,12,724640
201707,12,086,3,5,Miami-Dade County             ,138,138,42586598,3,6,651422,0,0,0,13,962,199860257,124,124,31805487,3,6,651422,0,0,0,12,957,192325406
201707,12,089,3,5,Nassau County                 ,116,116,35272912,0,0,0,0,0,0,0,0,0,113,113,34772521,0,0,0,0,0,0,0,0,0
201707,12,091,3,5,Okaloosa County               ,77,77,25832388,0,0,0,1,3,430140,1,5,1203704,66,66,22776500,0,0,0,0,0,0,0,0,0
201707,12,095,3,5,Orange County                 ,454,454,132018181,11,22,4003633,0,0,0,10,352,39411905,444,444,127442725,11,22,4003633,0,0,0,9,334,36913624
201707,12,097,3,5,Osceola County                ,336,336,89310072,0,0,0,0,0,0,4,127,14724785,336,336,89310072,0,0,0,0,0,0,4,127,14724785
201707,12,101,3,5,Pasco County                  ,414,414,81888467,1,2,199485,0,0,0,1,5,431250,413,413,81793749,1,2,199485,0,0,0,0,0,0
201707,12,103,3,5,Pinellas County               ,96,96,25275730,0,0,0,0,0,0,3,42,4481549,84,84,21878920,0,0,0,0,0,0,2,14,2346000
201707,12,109,3,5,St. Johns County              ,378,378,98346116,0,0,0,1,4,731654,0,0,0,378,378,98346116,0,0,0,1,4,731654,0,0,0
201707,12,113,3,5,Santa Rosa County             ,118,118,17917974,0,0,0,0,0,0,0,0,0,118,118,17917974,0,0,0,0,0,0,0,0,0
201707,12,115,3,5,Sarasota County               ,275,275,91753338,1,2,370785,5,20,4112171,0,0,0,273,273,90030829,1,2,370785,5,20,4112171,0,0,0
201707,12,117,3,5,Seminole County               ,93,93,32023778,0,0,0,0,0,0,2,29,1898811,90,90,31408508,0,0,0,0,0,0,0,0,0
201707,12,119,3,5,Sumter County                 ,152,152,40703794,0,0,0,0,0,0,0,0,0,152,152,40703794,0,0,0,0,0,0,0,0,0
201707,12,129,3,5,Wakulla County                ,20,20,3395000,0,0,0,0,0,0,0,0,0,20,20,3395000,0,0,0,0,0,0,0,0,0
201707,12,131,3,5,Walton County                 ,90,90,44876614,1,2,1120000,0,0,0,0,0,0,90,90,44876614,1,2,1120000,0,0,0,0,0,0
201707,12,133,3,5,Washington County             ,4,4,578327,0,0,0,0,0,0,0,0,0,0,0,0,0,0,0,0,0,0,0,0,0
201707,13,007,3,5,Baker County                  ,0,0,0,0,0,0,0,0,0,0,0,0,0,0,0,0,0,0,0,0,0,0,0,0
201707,13,013,3,5,Barrow County                 ,27,27,3603618,0,0,0,0,0,0,0,0,0,13,13,1940020,0,0,0,0,0,0,0,0,0
201707,13,015,3,5,Bartow County                 ,51,51,4913751,0,0,0,0,0,0,0,0,0,32,32,1997380,0,0,0,0,0,0,0,0,0
201707,13,021,3,5,Bibb County                   ,6,6,1214228,0,0,0,0,0,0,0,0,0,6,6,1214228,0,0,0,0,0,0,0,0,0
201707,13,029,3,5,Bryan County                  ,28,28,6581995,0,0,0,0,0,0,0,0,0,15,15,3619857,0,0,0,0,0,0,0,0,0
201707,13,033,3,5,Burke County                  ,4,4,716018,0,0,0,0,0,0,0,0,0,0,0,0,0,0,0,0,0,0,0,0,0
201707,13,035,3,5,Butts County                  ,2,2,278000,0,0,0,0,0,0,0,0,0,2,2,278000,0,0,0,0,0,0,0,0,0
201707,13,045,3,5,Carroll County                ,23,23,5392274,0,0,0,0,0,0,0,0,0,23,23,5392274,0,0,0,0,0,0,0,0,0
201707,13,051,3,5,Chatham County                ,65,65,15344254,0,0,0,0,0,0,0,0,0,64,64,15199921,0,0,0,0,0,0,0,0,0
201707,13,057,3,5,Cherokee County               ,153,153,39637582,0,0,0,0,0,0,0,0,0,153,153,39637582,0,0,0,0,0,0,0,0,0
201707,13,059,3,5,Clarke County                 ,34,34,5610024,0,0,0,0,0,0,0,0,0,34,34,5610024,0,0,0,0,0,0,0,0,0
201707,13,063,3,5,Clayton County                ,61,61,13973884,0,0,0,0,0,0,0,0,0,60,60,13874754,0,0,0,0,0,0,0,0,0
201707,13,067,3,5,Cobb County                   ,113,113,29655618,2,4,730104,4,15,3968790,2,10,1978826,108,108,28701150,2,4,730104,4,15,3968790,2,10,1978826
201707,13,073,3,5,Columbia County               ,127,127,22668740,0,0,0,0,0,0,0,0,0,24,24,3123281,0,0,0,0,0,0,0,0,0
201707,13,077,3,5,Coweta County                 ,55,55,20404153,0,0,0,0,0,0,0,0,0,53,53,19917764,0,0,0,0,0,0,0,0,0
201707,13,085,3,5,Dawson County                 ,25,25,5072680,0,0,0,0,0,0,0,0,0,25,25,5072680,0,0,0,0,0,0,0,0,0
201707,13,095,3,5,Dougherty County              ,1,1,106704,0,0,0,0,0,0,0,0,0,1,1,106704,0,0,0,0,0,0,0,0,0
201707,13,097,3,5,Douglas County                ,26,26,3331805,0,0,0,0,0,0,0,0,0,26,26,3331805,0,0,0,0,0,0,0,0,0
201707,13,111,3,5,Fannin County                 ,11,11,2136487,0,0,0,0,0,0,0,0,0,11,11,2136487,0,0,0,0,0,0,0,0,0
201707,13,113,3,5,Fayette County                ,46,46,12777486,0,0,0,1,4,756650,0,0,0,37,37,9730779,0,0,0,1,4,756650,0,0,0
201707,13,115,3,5,Floyd County                  ,14,14,2457725,0,0,0,0,0,0,0,0,0,14,14,2457725,0,0,0,0,0,0,0,0,0
201707,13,117,3,5,Forsyth County                ,210,210,29989436,0,0,0,0,0,0,15,356,15791540,210,210,29989436,0,0,0,0,0,0,15,356,15791540
201707,13,121,3,5,Fulton County                 ,243,243,65885467,0,0,0,0,0,0,6,726,138501604,163,163,47439233,0,0,0,0,0,0,6,726,138501604
201707,13,127,3,5,Glynn County                  ,46,46,13886848,0,0,0,0,0,0,0,0,0,0,0,0,0,0,0,0,0,0,0,0,0
201707,13,135,3,5,Gwinnett County               ,309,309,65107137,0,0,0,0,0,0,0,0,0,303,303,63325022,0,0,0,0,0,0,0,0,0
201707,13,143,3,5,Haralson County               ,4,4,776575,0,0,0,0,0,0,0,0,0,0,0,0,0,0,0,0,0,0,0,0,0
201707,13,145,3,5,Harris County                 ,28,28,6523265,0,0,0,0,0,0,0,0,0,28,28,6523265,0,0,0,0,0,0,0,0,0
201707,13,149,3,5,Heard County                  ,1,1,231246,0,0,0,0,0,0,0,0,0,1,1,231246,0,0,0,0,0,0,0,0,0
201707,13,151,3,5,Henry County                  ,106,106,19806126,0,0,0,0,0,0,0,0,0,106,106,19806126,0,0,0,0,0,0,0,0,0
201707,13,159,3,5,Jasper County                 ,6,6,803844,0,0,0,0,0,0,0,0,0,0,0,0,0,0,0,0,0,0,0,0,0
201707,13,171,3,5,Lamar County                  ,2,2,219390,0,0,0,0,0,0,0,0,0,2,2,219390,0,0,0,0,0,0,0,0,0
201707,13,177,3,5,Lee County                    ,11,11,1361382,0,0,0,0,0,0,0,0,0,0,0,0,0,0,0,0,0,0,0,0,0
201707,13,179,3,5,Liberty County                ,25,25,5536539,0,0,0,0,0,0,0,0,0,25,25,5536539,0,0,0,0,0,0,0,0,0
201707,13,189,3,5,McDuffie County               ,2,2,284957,0,0,0,0,0,0,0,0,0,0,0,0,0,0,0,0,0,0,0,0,0
201707,13,199,3,5,Meriwether County             ,4,4,924984,0,0,0,0,0,0,0,0,0,4,4,924984,0,0,0,0,0,0,0,0,0
201707,13,201,3,5,Miller County                 ,0,0,0,0,0,0,0,0,0,0,0,0,0,0,0,0,0,0,0,0,0,0,0,0
201707,13,207,3,5,Monroe County                 ,10,10,2219045,0,0,0,0,0,0,0,0,0,0,0,0,0,0,0,0,0,0,0,0,0
201707,13,215,3,5,Muscogee County               ,26,26,4988409,0,0,0,1,3,184640,2,10,2489478,0,0,0,0,0,0,0,0,0,0,0,0
201707,13,217,3,5,Newton County                 ,33,33,7498623,0,0,0,0,0,0,0,0,0,33,33,7498623,0,0,0,0,0,0,0,0,0
201707,13,227,3,5,Pickens County                ,13,13,2700875,0,0,0,0,0,0,0,0,0,12,12,2430000,0,0,0,0,0,0,0,0,0
201707,13,231,3,5,Pike County                   ,6,6,1052800,0,0,0,0,0,0,0,0,0,0,0,0,0,0,0,0,0,0,0,0,0
201707,13,235,3,5,Pulaski County                ,1,1,91000,0,0,0,0,0,0,0,0,0,1,1,91000,0,0,0,0,0,0,0,0,0
201707,13,245,3,5,Richmond County               ,30,30,4687508,0,0,0,0,0,0,1,18,1205224,1,1,250000,0,0,0,0,0,0,0,0,0
201707,13,247,3,5,Rockdale County               ,17,17,4055657,0,0,0,0,0,0,0,0,0,17,17,4055657,0,0,0,0,0,0,0,0,0
201707,13,255,3,5,Spalding County               ,18,18,1679880,0,0,0,0,0,0,0,0,0,17,17,1601430,0,0,0,0,0,0,0,0,0
201707,13,275,3,5,Thomas County                 ,10,10,1892752,0,0,0,0,0,0,1,10,1122327,7,7,1313563,0,0,0,0,0,0,0,0,0
201707,13,291,3,5,Union County                  ,10,10,1946000,0,0,0,0,0,0,0,0,0,10,10,1946000,0,0,0,0,0,0,0,0,0
201707,15,001,4,9,Hawaii County                 ,65,65,14540377,1,2,325000,0,0,0,0,0,0,65,65,14540377,1,2,325000,0,0,0,0,0,0
201707,15,003,4,9,Honolulu County               ,76,76,24292462,0,0,0,0,0,0,1,84,29000000,76,76,24292462,0,0,0,0,0,0,1,84,29000000
201707,15,007,4,9,Kauai County                  ,16,16,7922393,4,8,2763528,0,0,0,1,5,7500000,16,16,7922393,4,8,2763528,0,0,0,1,5,7500000
201707,15,009,4,9,Maui County                   ,20,20,5427658,0,0,0,0,0,0,0,0,0,20,20,5427658,0,0,0,0,0,0,0,0,0
201707,16,001,4,8,Ada County                    ,295,295,84558674,0,0,0,3,9,629716,1,24,1850000,250,250,75325778,0,0,0,3,9,629716,1,24,1850000
201707,16,015,4,8,Boise County                  ,18,18,5115177,0,0,0,0,0,0,0,0,0,18,18,5115177,0,0,0,0,0,0,0,0,0
201707,16,027,4,8,Canyon County                 ,156,156,23788136,0,0,0,0,0,0,0,0,0,155,155,23490636,0,0,0,0,0,0,0,0,0
201707,16,045,4,8,Gem County                    ,8,8,1466519,0,0,0,0,0,0,0,0,0,8,8,1466519,0,0,0,0,0,0,0,0,0
201707,16,073,4,8,Owyhee County                 ,2,2,322655,0,0,0,0,0,0,0,0,0,1,1,163672,0,0,0,0,0,0,0,0,0
201707,17,005,2,3,Bond County                   ,1,1,176208,0,0,0,0,0,0,0,0,0,0,0,0,0,0,0,0,0,0,0,0,0
201707,17,013,2,3,Calhoun County                ,1,1,143520,0,0,0,0,0,0,0,0,0,0,0,0,0,0,0,0,0,0,0,0,0
201707,17,031,2,3,Cook County                   ,138,138,43602236,6,12,3253400,18,55,7618685,11,238,47410362,104,104,33829579,6,12,3253400,17,52,7171143,10,233,46718850
201707,17,037,2,3,DeKalb County                 ,7,7,1646000,0,0,0,1,4,658000,0,0,0,7,7,1646000,0,0,0,1,4,658000,0,0,0
201707,17,039,2,3,De Witt County                ,0,0,0,0,0,0,0,0,0,0,0,0,0,0,0,0,0,0,0,0,0,0,0,0
201707,17,043,2,3,DuPage County                 ,90,90,31488703,0,0,0,1,4,500000,4,33,2216379,84,84,29144268,0,0,0,1,4,500000,3,16,1813144
201707,17,063,2,3,Grundy County                 ,3,3,610549,0,0,0,0,0,0,1,7,358974,2,2,450000,0,0,0,0,0,0,0,0,0
201707,17,083,2,3,Jersey County                 ,3,3,467993,0,0,0,0,0,0,0,0,0,0,0,0,0,0,0,0,0,0,0,0,0
201707,17,093,2,3,Kendall County                ,16,16,2842514,0,0,0,0,0,0,0,0,0,11,11,1701626,0,0,0,0,0,0,0,0,0
201707,17,097,2,3,Lake County                   ,53,53,16371312,1,2,83333,0,0,0,2,11,5339230,33,33,9205868,0,0,0,0,0,0,0,0,3000000
201707,17,111,2,3,McHenry County                ,29,29,5507719,0,0,0,0,0,0,0,0,0,22,22,4312678,0,0,0,0,0,0,0,0,0
201707,17,119,2,3,Madison County                ,34,34,8654672,0,0,0,0,0,0,0,0,0,27,27,7325965,0,0,0,0,0,0,0,0,0
201707,17,133,2,3,Monroe County                 ,12,12,2977261,0,0,0,0,0,0,0,0,0,8,8,2032225,0,0,0,0,0,0,0,0,0
201707,17,197,2,3,Will County                   ,87,87,24570392,0,0,0,0,0,0,1,5,1015625,75,75,22072130,0,0,0,0,0,0,0,0,0
201707,18,003,2,3,Allen County                  ,90,90,21098158,7,14,2394000,0,0,0,0,0,0,90,90,21098158,7,14,2394000,0,0,0,0,0,0
201707,18,011,2,3,Boone County                  ,39,39,8667904,2,4,391200,0,0,0,0,0,0,39,39,8667904,2,4,391200,0,0,0,0,0,0
201707,18,013,2,3,Brown County                  ,9,9,2328338,0,0,0,0,0,0,0,0,0,9,9,2328338,0,0,0,0,0,0,0,0,0
201707,18,019,2,3,Clark County                  ,54,54,9666886,0,0,0,0,0,0,0,0,0,50,50,9107010,0,0,0,0,0,0,0,0,0
201707,18,047,2,3,Franklin County               ,4,4,850790,0,0,0,0,0,0,0,0,0,0,0,0,0,0,0,0,0,0,0,0,0
201707,18,057,2,3,Hamilton County               ,160,160,56468899,0,0,0,3,11,1692704,1,6,660000,159,159,56171243,0,0,0,3,11,1692704,1,6,660000
201707,18,059,2,3,Hancock County                ,38,38,6542150,0,0,0,0,0,0,0,0,0,38,38,6542150,0,0,0,0,0,0,0,0,0
201707,18,061,2,3,Harrison County               ,16,16,3085373,0,0,0,0,0,0,0,0,0,16,16,3085373,0,0,0,0,0,0,0,0,0
201707,18,063,2,3,Hendricks County              ,101,101,26355170,1,2,137273,0,0,0,1,18,1491658,70,70,19494973,0,0,0,0,0,0,0,0,0
201707,18,069,2,3,Huntington County             ,10,10,1760027,0,0,0,0,0,0,0,0,0,10,10,1760027,0,0,0,0,0,0,0,0,0
201707,18,073,2,3,Jasper County                 ,7,7,1218704,0,0,0,0,0,0,0,0,0,7,7,1218704,0,0,0,0,0,0,0,0,0
201707,18,081,2,3,Johnson County                ,67,67,13900133,0,0,0,0,0,0,0,0,0,34,34,7450682,0,0,0,0,0,0,0,0,0
201707,18,087,2,3,Lagrange County               ,16,16,2392492,0,0,0,0,0,0,0,0,0,16,16,2392492,0,0,0,0,0,0,0,0,0
201707,18,089,2,3,Lake County                   ,89,89,22391640,8,16,1833259,0,0,0,1,9,1280000,74,74,18435186,8,16,1833259,0,0,0,1,9,1280000
201707,18,097,2,3,Marion County                 ,77,77,21148542,3,6,835033,0,0,0,2,53,6848543,2,2,2283000,0,0,0,0,0,0,0,0,0
201707,18,105,2,3,Monroe County                 ,17,17,4397971,1,2,242296,0,0,0,0,0,0,17,17,4397971,1,2,242296,0,0,0,0,0,0
201707,18,109,2,3,Morgan County                 ,14,14,4836110,0,0,0,0,0,0,0,0,0,14,14,4836110,0,0,0,0,0,0,0,0,0
201707,18,111,2,3,Newton County                 ,1,1,210840,0,0,0,0,0,0,0,0,0,0,0,0,0,0,0,0,0,0,0,0,0
201707,18,115,2,3,Ohio County                   ,1,1,80000,0,0,0,0,0,0,0,0,0,1,1,80000,0,0,0,0,0,0,0,0,0
201707,18,119,2,3,Owen County                   ,4,4,691917,0,0,0,0,0,0,0,0,0,0,0,0,0,0,0,0,0,0,0,0,0
201707,18,127,2,3,Porter County                 ,36,36,9128793,0,0,0,0,0,0,0,0,0,28,28,7770912,0,0,0,0,0,0,0,0,0
201707,18,133,2,3,Putnam County                 ,5,5,1500000,0,0,0,0,0,0,0,0,0,5,5,1500000,0,0,0,0,0,0,0,0,0
201707,18,145,2,3,Shelby County                 ,10,10,1626651,0,0,0,0,0,0,7,56,2846676,10,10,1626651,0,0,0,0,0,0,7,56,2846676
201707,18,151,2,3,Steuben County                ,8,8,2179874,0,0,0,0,0,0,0,0,0,8,8,2179874,0,0,0,0,0,0,0,0,0
201707,18,157,2,3,Tippecanoe County             ,37,37,8628802,1,2,360000,0,0,0,0,0,0,2,2,514560,0,0,0,0,0,0,0,0,0
201707,18,163,2,3,Vanderburgh County            ,36,36,4232102,3,6,500000,0,0,0,0,0,0,36,36,4232102,3,6,500000,0,0,0,0,0,0
201707,18,167,2,3,Vigo County                   ,2,2,266560,1,2,172727,0,0,0,1,17,1072770,0,0,0,0,0,0,0,0,0,0,0,0
201707,18,175,2,3,Washington County             ,3,3,494615,0,0,0,0,0,0,0,0,0,0,0,0,0,0,0,0,0,0,0,0,0
201707,18,183,2,3,Whitley County                ,9,9,1868733,0,0,0,0,0,0,0,0,0,9,9,1868733,0,0,0,0,0,0,0,0,0
201707,19,049,2,4,Dallas County                 ,48,48,13763984,0,0,0,0,0,0,0,0,0,47,47,13588984,0,0,0,0,0,0,0,0,0
201707,19,085,2,4,Harrison County               ,3,3,600000,0,0,0,0,0,0,0,0,0,3,3,600000,0,0,0,0,0,0,0,0,0
201707,19,129,2,4,Mills County                  ,2,2,500000,0,0,0,0,0,0,0,0,0,2,2,500000,0,0,0,0,0,0,0,0,0
201707,19,153,2,4,Polk County                   ,185,185,52515995,2,4,709587,1,4,553423,2,60,5054620,185,185,52515995,2,4,709587,1,4,553423,2,60,5054620
201707,19,181,2,4,Warren County                 ,25,25,7195832,0,0,0,0,0,0,0,0,0,23,23,6718179,0,0,0,0,0,0,0,0,0
201707,20,091,2,4,Johnson County                ,163,163,56649356,0,0,0,3,12,1320000,1,15,2094725,143,143,50351093,0,0,0,3,12,1320000,0,0,0
201707,20,103,2,4,Leavenworth County            ,20,20,4433867,0,0,0,0,0,0,0,0,0,20,20,4433867,0,0,0,0,0,0,0,0,0
201707,20,107,2,4,Linn County                   ,4,4,302725,0,0,0,0,0,0,0,0,0,0,0,0,0,0,0,0,0,0,0,0,0
201707,20,121,2,4,Miami County                  ,7,7,2250522,0,0,0,0,0,0,0,0,0,1,1,360000,0,0,0,0,0,0,0,0,0
201707,20,209,2,4,Wyandotte County              ,7,7,1839960,0,0,0,0,0,0,0,0,0,7,7,1839960,0,0,0,0,0,0,0,0,0
201707,21,005,3,6,Anderson County               ,4,4,693306,0,0,0,0,0,0,0,0,0,4,4,693306,0,0,0,0,0,0,0,0,0
201707,21,015,3,6,Boone County                  ,52,52,6654882,0,0,0,0,0,0,5,32,3717052,52,52,6654882,0,0,0,0,0,0,5,32,3717052
201707,21,017,3,6,Bourbon County                ,2,2,481386,1,2,162500,0,0,0,0,0,0,0,0,0,0,0,0,0,0,0,0,0,0
201707,21,021,3,6,Boyle County                  ,1,1,160000,0,0,0,1,3,275000,0,0,0,1,1,160000,0,0,0,1,3,275000,0,0,0
201707,21,029,3,6,Bullitt County                ,34,34,7867529,0,0,0,0,0,0,0,0,0,34,34,7867529,0,0,0,0,0,0,0,0,0
201707,21,035,3,6,Calloway County               ,0,0,0,0,0,0,0,0,0,0,0,0,0,0,0,0,0,0,0,0,0,0,0,0
201707,21,037,3,6,Campbell County               ,15,15,3265439,0,0,0,0,0,0,3,36,3397800,15,15,3265439,0,0,0,0,0,0,3,36,3397800
201707,21,045,3,6,Casey County                  ,0,0,0,0,0,0,0,0,0,0,0,0,0,0,0,0,0,0,0,0,0,0,0,0
201707,21,047,3,6,Christian County              ,6,6,826400,0,0,0,0,0,0,0,0,0,4,4,684000,0,0,0,0,0,0,0,0,0
201707,21,049,3,6,Clark County                  ,4,4,871530,0,0,0,0,0,0,1,6,415500,0,0,0,0,0,0,0,0,0,0,0,0
201707,21,067,3,6,Fayette County                ,63,63,10357065,0,0,0,0,0,0,1,44,3443713,0,0,0,0,0,0,0,0,0,0,0,0
201707,21,069,3,6,Fleming County                ,0,0,0,0,0,0,0,0,0,0,0,0,0,0,0,0,0,0,0,0,0,0,0,0
201707,21,077,3,6,Gallatin County               ,1,1,195000,0,0,0,0,0,0,0,0,0,1,1,195000,0,0,0,0,0,0,0,0,0
201707,21,081,3,6,Grant County                  ,3,3,541494,0,0,0,1,3,75000,0,0,0,0,0,0,0,0,0,0,0,0,0,0,0
201707,21,091,3,6,Hancock County                ,0,0,0,0,0,0,0,0,0,0,0,0,0,0,0,0,0,0,0,0,0,0,0,0
201707,21,099,3,6,Hart County                   ,4,4,389000,0,0,0,0,0,0,1,5,567738,0,0,0,0,0,0,0,0,0,0,0,0
201707,21,101,3,6,Henderson County              ,5,5,1183000,0,0,0,0,0,0,0,0,0,5,5,1183000,0,0,0,0,0,0,0,0,0
201707,21,103,3,6,Henry County                  ,4,4,698411,0,0,0,0,0,0,0,0,0,0,0,0,0,0,0,0,0,0,0,0,0
201707,21,111,3,6,Jefferson County              ,97,97,27330113,1,2,163242,3,12,1875000,0,0,0,97,97,27330113,1,2,163242,3,12,1875000,0,0,0
201707,21,113,3,6,Jessamine County              ,20,20,4803350,0,0,0,0,0,0,0,0,0,20,20,4803350,0,0,0,0,0,0,0,0,0
201707,21,115,3,6,Johnson County                ,0,0,0,0,0,0,0,0,0,0,0,0,0,0,0,0,0,0,0,0,0,0,0,0
201707,21,117,3,6,Kenton County                 ,25,25,5587758,0,0,0,0,0,0,0,0,0,25,25,5587758,0,0,0,0,0,0,0,0,0
201707,21,121,3,6,Knox County                   ,0,0,0,0,0,0,0,0,0,0,0,0,0,0,0,0,0,0,0,0,0,0,0,0
201707,21,123,3,6,Larue County                  ,2,2,454255,1,2,213550,0,0,0,0,0,0,0,0,0,0,0,0,0,0,0,0,0,0
201707,21,137,3,6,Lincoln County                ,2,2,404521,0,0,0,0,0,0,0,0,0,0,0,0,0,0,0,0,0,0,0,0,0
201707,21,145,3,6,McCracken County              ,3,3,732572,0,0,0,1,4,412000,0,0,0,3,3,732572,0,0,0,1,4,412000,0,0,0
201707,21,151,3,6,Madison County                ,15,15,1435652,1,2,112996,0,0,0,1,5,168572,5,5,570000,0,0,0,0,0,0,0,0,0
201707,21,157,3,6,Marshall County               ,5,5,1084421,0,0,0,1,3,240000,0,0,0,0,0,0,0,0,0,0,0,0,0,0,0
201707,21,161,3,6,Mason County                  ,1,1,245000,0,0,0,0,0,0,0,0,0,1,1,245000,0,0,0,0,0,0,0,0,0
201707,21,163,3,6,Meade County                  ,8,8,1192604,0,0,0,0,0,0,0,0,0,1,1,175000,0,0,0,0,0,0,0,0,0
201707,21,167,3,6,Mercer County                 ,5,5,941000,0,0,0,0,0,0,0,0,0,5,5,941000,0,0,0,0,0,0,0,0,0
201707,21,175,3,6,Morgan County                 ,2,2,150000,0,0,0,0,0,0,0,0,0,0,0,0,0,0,0,0,0,0,0,0,0
201707,21,179,3,6,Nelson County                 ,17,17,3149988,1,2,200000,0,0,0,0,0,0,17,17,3149988,1,2,200000,0,0,0,0,0,0
201707,21,185,3,6,Oldham County                 ,30,30,9378064,1,2,98833,0,0,0,0,0,0,0,0,0,0,0,0,0,0,0,0,0,0
201707,21,191,3,6,Pendleton County              ,0,0,0,0,0,0,0,0,0,0,0,0,0,0,0,0,0,0,0,0,0,0,0,0
201707,21,209,3,6,Scott County                  ,20,20,4095300,0,0,0,0,0,0,0,0,0,20,20,4095300,0,0,0,0,0,0,0,0,0
201707,21,211,3,6,Shelby County                 ,20,20,3778937,0,0,0,0,0,0,0,0,0,20,20,3778937,0,0,0,0,0,0,0,0,0
201707,21,213,3,6,Simpson County                ,6,6,988995,1,2,104500,0,0,0,0,0,0,6,6,988995,1,2,104500,0,0,0,0,0,0
201707,21,215,3,6,Spencer County                ,14,14,3237443,0,0,0,0,0,0,0,0,0,14,14,3237443,0,0,0,0,0,0,0,0,0
201707,21,221,3,6,Trigg County                  ,0,0,0,0,0,0,0,0,0,0,0,0,0,0,0,0,0,0,0,0,0,0,0,0
201707,21,225,3,6,Union County                  ,1,1,209366,0,0,0,0,0,0,0,0,0,0,0,0,0,0,0,0,0,0,0,0,0
201707,21,239,3,6,Woodford County               ,2,2,1600000,0,0,0,0,0,0,0,0,0,2,2,1600000,0,0,0,0,0,0,0,0,0
201707,22,005,3,7,Ascension Parish              ,102,102,15900635,0,0,0,0,0,0,0,0,0,102,102,15900635,0,0,0,0,0,0,0,0,0
201707,22,015,3,7,Bossier Parish                ,59,59,11009543,0,0,0,0,0,0,0,0,0,29,29,4970126,0,0,0,0,0,0,0,0,0
201707,22,017,3,7,Caddo Parish                  ,23,23,6150804,0,0,0,0,0,0,0,0,0,0,0,0,0,0,0,0,0,0,0,0,0
201707,22,031,3,7,De Soto Parish                ,9,9,2382678,0,0,0,0,0,0,0,0,0,9,9,2382678,0,0,0,0,0,0,0,0,0
201707,22,033,3,7,East Baton Rouge Parish       ,74,74,17088055,0,0,0,0,0,0,0,0,0,74,74,17088055,0,0,0,0,0,0,0,0,0
201707,22,037,3,7,East Feliciana Parish         ,3,3,582678,0,0,0,0,0,0,0,0,0,3,3,582678,0,0,0,0,0,0,0,0,0
201707,22,047,3,7,Iberville Parish              ,7,7,1490154,0,0,0,0,0,0,0,0,0,0,0,0,0,0,0,0,0,0,0,0,0
201707,22,051,3,7,Jefferson Parish              ,39,39,8769013,2,4,302981,0,0,0,1,8,804718,0,0,0,0,0,0,0,0,0,0,0,0
201707,22,055,3,7,Lafayette Parish              ,103,103,20428328,0,0,0,0,0,0,1,7,737633,0,0,0,0,0,0,0,0,0,0,0,0
201707,22,063,3,7,Livingston Parish             ,68,68,15294603,0,0,0,1,3,232174,0,0,0,0,0,0,0,0,0,0,0,0,0,0,0
201707,22,071,3,7,Orleans Parish                ,26,26,5639153,4,8,970504,0,0,0,1,13,3199841,0,0,0,0,0,0,0,0,0,0,0,0
201707,22,075,3,7,Plaquemines Parish            ,6,6,1419329,0,0,0,0,0,0,0,0,0,6,6,1419329,0,0,0,0,0,0,0,0,0
201707,22,077,3,7,Pointe Coupee Parish          ,5,5,1166368,0,0,0,0,0,0,0,0,0,5,5,1166368,0,0,0,0,0,0,0,0,0
201707,22,087,3,7,St. Bernard Parish            ,6,6,956000,0,0,0,0,0,0,0,0,0,6,6,956000,0,0,0,0,0,0,0,0,0
201707,22,089,3,7,St. Charles Parish            ,8,8,2040620,0,0,0,0,0,0,0,0,0,8,8,2040620,0,0,0,0,0,0,0,0,0
201707,22,091,3,7,St. Helena Parish             ,0,0,0,0,0,0,0,0,0,0,0,0,0,0,0,0,0,0,0,0,0,0,0,0
201707,22,095,3,7,St. John the Baptist Parish   ,4,4,639052,0,0,0,0,0,0,0,0,0,0,0,0,0,0,0,0,0,0,0,0,0
201707,22,099,3,7,St. Martin Parish             ,7,7,1728000,0,0,0,0,0,0,0,0,0,7,7,1728000,0,0,0,0,0,0,0,0,0
201707,22,103,3,7,St. Tammany Parish            ,98,98,25230790,0,0,0,0,0,0,0,0,0,94,94,23837149,0,0,0,0,0,0,0,0,0
201707,22,109,3,7,Terrebonne Parish             ,7,7,2369480,0,0,0,0,0,0,0,0,0,7,7,2369480,0,0,0,0,0,0,0,0,0
201707,22,121,3,7,West Baton Rouge Parish       ,16,16,2715432,0,0,0,0,0,0,0,0,0,15,15,2624370,0,0,0,0,0,0,0,0,0
201707,22,125,3,7,West Feliciana Parish         ,3,3,1219681,0,0,0,0,0,0,0,0,0,0,0,0,0,0,0,0,0,0,0,0,0
201707,23,000,1,1,Maine Unorganized Territory   ,8,8,1062402,0,0,0,0,0,0,0,0,0,0,0,0,0,0,0,0,0,0,0,0,0
201707,24,003,3,5,Anne Arundel County           ,133,133,30579703,0,0,0,0,0,0,0,0,0,130,130,30061968,0,0,0,0,0,0,0,0,0
201707,24,005,3,5,Baltimore County              ,83,83,19193410,0,0,0,0,0,0,0,0,0,83,83,19193410,0,0,0,0,0,0,0,0,0
201707,24,009,3,5,Calvert County                ,22,22,4994037,0,0,0,0,0,0,0,0,0,0,0,0,0,0,0,0,0,0,0,0,0
201707,24,013,3,5,Carroll County                ,25,25,5781148,0,0,0,0,0,0,0,0,0,25,25,5781148,0,0,0,0,0,0,0,0,0
201707,24,015,3,5,Cecil County                  ,9,9,2231375,0,0,0,0,0,0,0,0,0,9,9,2231375,0,0,0,0,0,0,0,0,0
201707,24,017,3,5,Charles County                ,55,55,12303500,0,0,0,0,0,0,0,0,0,55,55,12303500,0,0,0,0,0,0,0,0,0
201707,24,021,3,5,Frederick County              ,83,83,20654736,0,0,0,0,0,0,0,0,0,83,83,20654736,0,0,0,0,0,0,0,0,0
201707,24,023,3,5,Garrett County                ,5,5,2084000,0,0,0,0,0,0,0,0,0,5,5,2084000,0,0,0,0,0,0,0,0,0
201707,24,025,3,5,Harford County                ,55,55,12583468,0,0,0,0,0,0,1,13,1066406,51,51,11041488,0,0,0,0,0,0,0,0,0
201707,24,027,3,5,Howard County                 ,41,41,9481082,0,0,0,0,0,0,0,0,0,41,41,9481082,0,0,0,0,0,0,0,0,0
201707,24,031,3,5,Montgomery County             ,114,114,26347515,7,14,1050000,0,0,0,0,0,0,114,114,26347515,7,14,1050000,0,0,0,0,0,0
201707,24,033,3,5,Prince George County          ,134,134,31073015,0,0,0,0,0,0,2,396,70500000,132,132,30524460,0,0,0,0,0,0,2,396,70500000
201707,24,035,3,5,Queen Anne County             ,11,11,2387967,0,0,0,0,0,0,0,0,0,11,11,2387967,0,0,0,0,0,0,0,0,0
201707,24,037,3,5,St. Marys County              ,111,111,23525000,0,0,0,0,0,0,0,0,0,111,111,23525000,0,0,0,0,0,0,0,0,0
201707,24,039,3,5,Somerset County               ,1,1,172918,0,0,0,0,0,0,0,0,0,0,0,0,0,0,0,0,0,0,0,0,0
201707,24,045,3,5,Wicomico County               ,13,13,2182476,0,0,0,0,0,0,0,0,0,13,13,2182476,0,0,0,0,0,0,0,0,0
201707,24,510,3,5,Baltimore (Independent City)  ,26,26,4534129,0,0,0,0,0,0,1,43,8829193,0,0,0,0,0,0,0,0,0,0,0,0
201707,25,005,1,1,Bristol County                ,62,62,13514953,1,2,71000,0,0,0,1,8,523171,31,31,7102430,0,0,0,0,0,0,0,0,0
201707,25,009,1,1,Essex County                  ,55,55,17446938,3,6,770833,0,0,0,3,22,3359096,31,31,9409317,2,4,310000,0,0,0,0,0,0
201707,25,017,1,1,Middlesex County              ,159,159,49956911,5,10,1647847,3,10,1713334,9,122,19748669,77,77,27769916,0,0,0,1,4,800000,0,0,0
201707,25,021,1,1,Norfolk County                ,61,61,30718671,0,0,0,0,0,0,4,53,6307589,33,33,18799598,0,0,0,0,0,0,1,10,1694000
201707,25,023,1,1,Plymouth County               ,88,88,19870117,0,0,0,0,0,0,1,8,633843,50,50,9891609,0,0,0,0,0,0,0,0,0
201707,25,025,1,1,Suffolk County                ,5,5,1240758,3,6,1340000,2,6,1300000,10,1075,142288451,4,4,1071350,3,6,1340000,2,6,1300000,8,1063,139800877
201707,26,000,2,3,Michigan Balance of State     ,6,6,1123414,0,0,0,0,0,0,0,0,0,0,0,0,0,0,0,0,0,0,0,0,0
201707,26,019,2,3,Benzie County                 ,6,6,1638148,0,0,0,0,0,0,0,0,0,6,6,1638148,0,0,0,0,0,0,0,0,0
201707,26,029,2,3,Charlevoix County             ,6,6,1221981,0,0,0,0,0,0,0,0,0,0,0,0,0,0,0,0,0,0,0,0,0
201707,26,089,2,3,Leelanau County               ,13,13,3612793,0,0,0,0,0,0,0,0,0,0,0,0,0,0,0,0,0,0,0,0,0
201707,26,093,2,3,Livingston County             ,66,66,18211359,0,0,0,1,3,300000,0,0,0,63,63,17905144,0,0,0,1,3,300000,0,0,0
201707,26,095,2,3,Luce County                   ,0,0,0,0,0,0,0,0,0,0,0,0,0,0,0,0,0,0,0,0,0,0,0,0
201707,26,099,2,3,Macomb County                 ,147,147,45919536,2,4,436190,0,0,0,4,94,12813694,126,126,39843751,0,0,0,0,0,0,4,94,12813694
201707,26,103,2,3,Marquette County              ,6,6,1153000,0,0,0,0,0,0,0,0,0,6,6,1153000,0,0,0,0,0,0,0,0,0
201707,26,137,2,3,Otsego County                 ,2,2,162000,0,0,0,0,0,0,0,0,0,0,0,0,0,0,0,0,0,0,0,0,0
201707,26,147,2,3,St. Clair County              ,16,16,3591348,0,0,0,0,0,0,0,0,0,14,14,3225816,0,0,0,0,0,0,0,0,0
201707,26,163,2,3,Wayne County                  ,76,76,19867337,0,0,0,1,4,700000,4,95,10800000,61,61,16619000,0,0,0,1,4,700000,4,95,10800000
201707,27,003,2,4,Anoka County                  ,84,84,22200254,0,0,0,1,4,612514,1,5,737141,60,60,15844406,0,0,0,1,4,612514,0,0,0
201707,27,019,2,4,Carver County                 ,44,44,12427898,0,0,0,1,4,722400,0,0,0,30,30,8556747,0,0,0,1,4,722400,0,0,0
201707,27,025,2,4,Chisago County                ,24,24,3959404,0,0,0,0,0,0,0,0,0,24,24,3959404,0,0,0,0,0,0,0,0,0
201707,27,027,2,4,Clay County                   ,22,22,5099500,0,0,0,0,0,0,1,45,4800000,22,22,5099500,0,0,0,0,0,0,1,45,4800000
201707,27,037,2,4,Dakota County                 ,106,106,30474198,0,0,0,2,8,1440000,1,8,1484000,88,88,24758141,0,0,0,2,8,1440000,1,8,1484000
201707,27,053,2,4,Hennepin County               ,163,163,60960437,1,2,380000,0,0,0,3,28,4981503,131,131,41559341,1,2,380000,0,0,0,0,0,0
201707,27,059,2,4,Isanti County                 ,33,33,5772875,0,0,0,0,0,0,0,0,0,32,32,5453125,0,0,0,0,0,0,0,0,0
201707,27,123,2,4,Ramsey County                 ,16,16,5584181,0,0,0,0,0,0,0,0,0,16,16,5584181,0,0,0,0,0,0,0,0,0
201707,27,139,2,4,Scott County                  ,46,46,15381820,0,0,0,0,0,0,0,0,0,19,19,6287332,0,0,0,0,0,0,0,0,0
201707,27,141,2,4,Sherburne County              ,57,57,12539528,0,0,0,0,0,0,0,0,0,51,51,11470976,0,0,0,0,0,0,0,0,0
201707,27,163,2,4,Washington County             ,52,52,17255429,0,0,0,0,0,0,0,0,0,46,46,14717331,0,0,0,0,0,0,0,0,0
201707,27,171,2,4,Wright County                 ,68,68,16368903,0,0,0,0,0,0,0,0,0,58,58,14086598,0,0,0,0,0,0,0,0,0
201707,28,033,3,6,DeSoto County                 ,127,127,22193760,0,0,0,0,0,0,1,5,437900,120,120,21241843,0,0,0,0,0,0,1,5,437900
201707,28,041,3,6,Greene County                 ,0,0,0,0,0,0,0,0,0,0,0,0,0,0,0,0,0,0,0,0,0,0,0,0
201707,28,045,3,6,Hancock County                ,33,33,5438634,1,2,185179,1,4,401445,1,6,507976,8,8,1613117,0,0,0,0,0,0,0,0,0
201707,28,047,3,6,Harrison County               ,101,101,16396729,0,0,0,0,0,0,0,0,0,91,91,15260719,0,0,0,0,0,0,0,0,0
201707,28,067,3,6,Jones County                  ,1,1,104468,0,0,0,0,0,0,0,0,0,1,1,104468,0,0,0,0,0,0,0,0,0
201707,28,137,3,6,Tate County                   ,7,7,1169182,0,0,0,0,0,0,0,0,0,6,6,971000,0,0,0,0,0,0,0,0,0
201707,28,143,3,6,Tunica County                 ,2,2,160640,0,0,0,0,0,0,0,0,0,0,0,0,0,0,0,0,0,0,0,0,0
201707,28,145,3,6,Union County                  ,0,0,0,0,0,0,0,0,0,0,0,0,0,0,0,0,0,0,0,0,0,0,0,0
201707,28,149,3,6,Warren County                 ,0,0,0,0,0,0,0,0,0,0,0,0,0,0,0,0,0,0,0,0,0,0,0,0
201707,29,013,2,4,Bates County                  ,0,0,0,0,0,0,0,0,0,0,0,0,0,0,0,0,0,0,0,0,0,0,0,0
201707,29,017,2,4,Bollinger County              ,0,0,0,0,0,0,0,0,0,0,0,0,0,0,0,0,0,0,0,0,0,0,0,0
201707,29,019,2,4,Boone County                  ,67,67,14416440,0,0,0,0,0,0,0,0,0,67,67,14416440,0,0,0,0,0,0,0,0,0
201707,29,049,2,4,Clinton County                ,2,2,217000,1,2,160000,0,0,0,0,0,0,2,2,217000,1,2,160000,0,0,0,0,0,0
201707,29,065,2,4,Dent County                   ,0,0,0,0,0,0,0,0,0,0,0,0,0,0,0,0,0,0,0,0,0,0,0,0
201707,29,071,2,4,Franklin County               ,32,32,5811430,0,0,0,0,0,0,0,0,0,14,14,1733950,0,0,0,0,0,0,0,0,0
201707,29,095,2,4,Jackson County                ,145,145,32007062,8,16,1848600,1,4,624604,3,143,13733702,144,144,31894895,8,16,1848600,1,4,624604,3,143,13733702
201707,29,099,2,4,Jefferson County              ,61,61,10844462,0,0,0,0,0,0,0,0,0,55,55,9771268,0,0,0,0,0,0,0,0,0
201707,29,105,2,4,Laclede County                ,1,1,157500,0,0,0,0,0,0,0,0,0,1,1,157500,0,0,0,0,0,0,0,0,0
201707,29,107,2,4,Lafayette County              ,3,3,663164,0,0,0,0,0,0,0,0,0,1,1,202000,0,0,0,0,0,0,0,0,0
201707,29,113,2,4,Lincoln County                ,5,5,853408,0,0,0,0,0,0,0,0,0,5,5,853408,0,0,0,0,0,0,0,0,0
201707,29,165,2,4,Platte County                 ,18,18,4514858,0,0,0,0,0,0,1,6,394444,15,15,3733545,0,0,0,0,0,0,0,0,0
201707,29,185,2,4,St. Clair County              ,0,0,0,0,0,0,0,0,0,0,0,0,0,0,0,0,0,0,0,0,0,0,0,0
201707,29,189,2,4,St. Louis County              ,102,102,37805807,0,0,0,0,0,0,2,17,3773522,48,48,18218354,0,0,0,0,0,0,0,0,0
201707,29,219,2,4,Warren County                 ,25,25,5463113,0,0,0,0,0,0,0,0,0,25,25,5463113,0,0,0,0,0,0,0,0,0
201707,29,221,2,4,Washington County             ,0,0,0,0,0,0,0,0,0,0,0,0,0,0,0,0,0,0,0,0,0,0,0,0
201707,29,510,2,4,St. Louis (Independent City)  ,3,3,725000,0,0,0,0,0,0,0,0,0,3,3,725000,0,0,0,0,0,0,0,0,0
201707,30,033,4,8,Garfield County               ,0,0,0,0,0,0,0,0,0,0,0,0,0,0,0,0,0,0,0,0,0,0,0,0
201707,30,063,4,8,Missoula County               ,36,36,6502747,0,0,0,0,0,0,5,77,8222889,36,36,6502747,0,0,0,0,0,0,5,77,8222889
201707,30,093,4,8,Silver Bow County             ,6,6,776793,0,0,0,0,0,0,0,0,0,6,6,776793,0,0,0,0,0,0,0,0,0
201707,31,001,2,4,Adams County                  ,5,5,1427028,0,0,0,0,0,0,0,0,0,3,3,1032398,0,0,0,0,0,0,0,0,0
201707,31,025,2,4,Cass County                   ,11,11,1959328,0,0,0,0,0,0,0,0,0,11,11,1959328,0,0,0,0,0,0,0,0,0
201707,31,033,2,4,Cheyenne County               ,0,0,0,0,0,0,0,0,0,0,0,0,0,0,0,0,0,0,0,0,0,0,0,0
201707,31,055,2,4,Douglas County                ,112,112,19640207,0,0,0,1,3,561131,6,521,59601952,104,104,17774982,0,0,0,1,3,561131,6,521,59601952
201707,31,105,2,4,Kimball County                ,0,0,0,0,0,0,0,0,0,0,0,0,0,0,0,0,0,0,0,0,0,0,0,0
201707,31,153,2,4,Sarpy County                  ,88,88,23791571,0,0,0,0,0,0,1,30,1580000,60,60,16864956,0,0,0,0,0,0,1,30,1580000
201707,31,165,2,4,Sioux County                  ,2,2,300000,0,0,0,0,0,0,0,0,0,2,2,300000,0,0,0,0,0,0,0,0,0
201707,31,177,2,4,Washington County             ,4,4,833550,0,0,0,0,0,0,0,0,0,4,4,833550,0,0,0,0,0,0,0,0,0
201707,32,001,4,8,Churchill County              ,2,2,480031,0,0,0,0,0,0,0,0,0,2,2,480031,0,0,0,0,0,0,0,0,0
201707,32,003,4,8,Clark County                  ,935,935,199626170,0,0,0,7,21,3973445,4,62,8575476,935,935,199626170,0,0,0,7,21,3973445,4,62,8575476
201707,32,005,4,8,Douglas County                ,12,12,4381226,0,0,0,0,0,0,0,0,0,12,12,4381226,0,0,0,0,0,0,0,0,0
201707,32,007,4,8,Elko County                   ,20,20,2639041,0,0,0,0,0,0,0,0,0,19,19,2573041,0,0,0,0,0,0,0,0,0
201707,32,013,4,8,Humboldt County               ,3,3,400805,0,0,0,0,0,0,0,0,0,3,3,400805,0,0,0,0,0,0,0,0,0
201707,32,015,4,8,Lander County                 ,0,0,0,0,0,0,0,0,0,0,0,0,0,0,0,0,0,0,0,0,0,0,0,0
201707,32,017,4,8,Lincoln County                ,1,1,270497,0,0,0,0,0,0,0,0,0,0,0,0,0,0,0,0,0,0,0,0,0
201707,32,019,4,8,Lyon County                   ,29,29,7035308,0,0,0,0,0,0,0,0,0,29,29,7035308,0,0,0,0,0,0,0,0,0
201707,32,021,4,8,Mineral County                ,0,0,0,0,0,0,0,0,0,0,0,0,0,0,0,0,0,0,0,0,0,0,0,0
201707,32,027,4,8,Pershing County               ,0,0,0,0,0,0,0,0,0,0,0,0,0,0,0,0,0,0,0,0,0,0,0,0
201707,32,029,4,8,Storey County                 ,5,5,1370172,0,0,0,0,0,0,0,0,0,5,5,1370172,0,0,0,0,0,0,0,0,0
201707,32,031,4,8,Washoe County                 ,184,184,45699396,4,8,1182169,1,3,431348,17,284,28755842,88,88,21860548,0,0,0,0,0,0,10,200,20190840
201707,32,033,4,8,White Pine County             ,0,0,0,0,0,0,0,0,0,0,0,0,0,0,0,0,0,0,0,0,0,0,0,0
201707,32,510,4,8,Carson City (Independent City),7,7,2024012,0,0,0,0,0,0,0,0,0,7,7,2024012,0,0,0,0,0,0,0,0,0
201707,33,015,1,1,Rockingham County             ,79,79,21706616,13,26,2850148,0,0,0,2,44,6270635,61,61,17726128,13,26,2850148,0,0,0,1,39,5596000
201707,33,017,1,1,Strafford County              ,30,30,6698650,1,2,200000,0,0,0,1,8,819000,27,27,6350612,1,2,200000,0,0,0,1,8,819000
201707,34,001,1,2,Atlantic County               ,32,32,5090137,0,0,0,0,0,0,2,31,3114617,28,28,4679722,0,0,0,0,0,0,0,0,0
201707,34,003,1,2,Bergen County                 ,55,55,17701289,8,16,2316279,1,4,399800,9,89,3287332,22,22,6456507,5,10,1404402,1,4,399800,0,0,0
201707,34,005,1,2,Burlington County             ,51,51,6932146,1,2,220409,0,0,0,1,5,426221,13,13,1664364,0,0,0,0,0,0,0,0,0
201707,34,007,1,2,Camden County                 ,10,10,1864427,0,0,0,0,0,0,2,39,827132,4,4,609500,0,0,0,0,0,0,1,31,400000
201707,34,009,1,2,Cape May County               ,40,40,11276467,0,0,0,0,0,0,0,0,0,33,33,9435810,0,0,0,0,0,0,0,0,0
201707,34,011,1,2,Cumberland County             ,6,6,730332,0,0,0,0,0,0,0,0,0,1,1,167500,0,0,0,0,0,0,0,0,0
201707,34,013,1,2,Essex County                  ,29,29,5596064,3,6,709802,1,3,165000,5,113,8694654,4,4,2156050,3,6,709802,1,3,165000,0,0,0
201707,34,015,1,2,Gloucester County             ,38,38,4696929,1,2,22000,0,0,0,1,8,334667,16,16,2317562,1,2,22000,0,0,0,0,0,0
201707,34,017,1,2,Hudson County                 ,92,92,13472146,2,4,701100,2,7,502212,7,505,155943557,91,91,12999000,2,4,701100,1,4,301500,5,493,154400000
201707,34,019,1,2,Hunterdon County              ,6,6,1115933,0,0,0,0,0,0,2,12,631789,4,4,812500,0,0,0,0,0,0,0,0,0
201707,34,021,1,2,Mercer County                 ,15,15,2000052,0,0,0,0,0,0,1,41,4300000,13,13,1682583,0,0,0,0,0,0,1,41,4300000
201707,34,023,1,2,Middlesex County              ,61,61,12212343,0,0,0,0,0,0,8,286,10189204,45,45,9584519,0,0,0,0,0,0,5,268,9121459
201707,34,025,1,2,Monmouth County               ,81,81,26468465,1,2,367209,1,3,30000,6,73,3960909,60,60,21460744,0,0,0,1,3,30000,4,63,3714660
201707,34,027,1,2,Morris County                 ,45,45,9962385,0,0,0,0,0,0,6,57,6232414,30,30,6327990,0,0,0,0,0,0,1,5,89550
201707,34,029,1,2,Ocean County                  ,192,192,37678117,0,0,0,0,0,0,0,0,0,182,182,35936738,0,0,0,0,0,0,0,0,0
201707,34,031,1,2,Passaic County                ,9,9,3205068,0,0,0,0,0,0,2,10,667423,5,5,2162000,0,0,0,0,0,0,0,0,0
201707,34,033,1,2,Salem County                  ,2,2,385965,0,0,0,0,0,0,0,0,0,1,1,285000,0,0,0,0,0,0,0,0,0
201707,34,035,1,2,Somerset County               ,20,20,3988105,0,0,0,0,0,0,5,57,4905748,13,13,3242458,0,0,0,0,0,0,1,28,3059000
201707,34,037,1,2,Sussex County                 ,14,14,1413028,0,0,0,0,0,0,0,0,0,12,12,847890,0,0,0,0,0,0,0,0,0
201707,34,039,1,2,Union County                  ,34,34,6502813,4,8,704005,0,0,0,4,228,18345836,26,26,5333464,4,8,704005,0,0,0,2,212,17300525
201707,34,041,1,2,Warren County                 ,7,7,892786,0,0,0,0,0,0,1,12,525142,4,4,454980,0,0,0,0,0,0,0,0,0
201707,35,000,4,8,New Mexico Balance of State   ,34,34,9201504,0,0,0,0,0,0,0,0,0,0,0,0,0,0,0,0,0,0,0,0,0
201707,35,001,4,8,Bernalillo County             ,13,13,5483018,0,0,0,0,0,0,0,0,0,13,13,5483018,0,0,0,0,0,0,0,0,0
201707,35,005,4,8,Chaves County                 ,7,7,1196596,0,0,0,0,0,0,1,9,612500,0,0,0,0,0,0,0,0,0,0,0,0
201707,35,007,4,8,Colfax County                 ,1,1,451667,0,0,0,0,0,0,0,0,0,0,0,0,0,0,0,0,0,0,0,0,0
201707,35,009,4,8,Curry County                  ,5,5,1559979,0,0,0,0,0,0,0,0,0,5,5,1559979,0,0,0,0,0,0,0,0,0
201707,35,013,4,8,Dona Ana County               ,55,55,10543522,0,0,0,0,0,0,8,156,14000000,55,55,10543522,0,0,0,0,0,0,8,156,14000000
201707,35,015,4,8,Eddy County                   ,10,10,2142000,0,0,0,0,0,0,0,0,0,10,10,2142000,0,0,0,0,0,0,0,0,0
201707,35,017,4,8,Grant County                  ,1,1,154827,0,0,0,0,0,0,0,0,0,0,0,0,0,0,0,0,0,0,0,0,0
201707,35,025,4,8,Lea County                    ,5,5,1196600,0,0,0,0,0,0,0,0,0,5,5,1196600,0,0,0,0,0,0,0,0,0
201707,35,027,4,8,Lincoln County                ,7,7,1769112,0,0,0,0,0,0,0,0,0,0,0,0,0,0,0,0,0,0,0,0,0
201707,35,028,4,8,Los Alamos County             ,0,0,0,0,0,0,0,0,0,0,0,0,0,0,0,0,0,0,0,0,0,0,0,0
201707,35,029,4,8,Luna County                   ,3,3,509102,0,0,0,0,0,0,0,0,0,1,1,160000,0,0,0,0,0,0,0,0,0
201707,35,031,4,8,McKinley County               ,3,3,690000,0,0,0,0,0,0,0,0,0,3,3,690000,0,0,0,0,0,0,0,0,0
201707,35,035,4,8,Otero County                  ,1,1,269825,0,0,0,0,0,0,0,0,0,1,1,269825,0,0,0,0,0,0,0,0,0
201707,35,041,4,8,Roosevelt County              ,0,0,0,0,0,0,0,0,0,0,0,0,0,0,0,0,0,0,0,0,0,0,0,0
201707,35,043,4,8,Sandoval County               ,72,72,14612883,0,0,0,1,3,251560,1,5,208333,0,0,0,0,0,0,0,0,0,0,0,0
201707,35,045,4,8,San Juan County               ,5,5,1183275,0,0,0,0,0,0,0,0,0,5,5,1183275,0,0,0,0,0,0,0,0,0
201707,35,047,4,8,San Miguel County             ,0,0,0,0,0,0,0,0,0,0,0,0,0,0,0,0,0,0,0,0,0,0,0,0
201707,35,049,4,8,Santa Fe County               ,11,11,2745119,0,0,0,0,0,0,0,0,0,0,0,0,0,0,0,0,0,0,0,0,0
201707,35,051,4,8,Sierra County                 ,0,0,0,0,0,0,0,0,0,0,0,0,0,0,0,0,0,0,0,0,0,0,0,0
201707,35,053,4,8,Socorro County                ,0,0,0,0,0,0,0,0,0,0,0,0,0,0,0,0,0,0,0,0,0,0,0,0
201707,35,055,4,8,Taos County                   ,9,9,1235809,0,0,0,0,0,0,0,0,0,1,1,358563,0,0,0,0,0,0,0,0,0
201707,35,061,4,8,Valencia County               ,9,9,975708,0,0,0,0,0,0,0,0,0,0,0,0,0,0,0,0,0,0,0,0,0
201707,36,001,1,2,Albany County                 ,30,30,7071714,1,2,238000,0,0,0,9,107,11396456,27,27,6523405,1,2,238000,0,0,0,8,98,9920000
201707,36,005,1,2,Bronx County                  ,0,0,0,3,6,810221,0,0,0,4,74,9732140,0,0,0,3,6,810221,0,0,0,4,74,9732140
201707,36,029,1,2,Erie County                   ,58,58,17318268,0,0,0,0,0,0,5,60,9213643,47,47,15133553,0,0,0,0,0,0,4,32,2900000
201707,36,047,1,2,Kings County                  ,0,0,0,8,16,2160589,4,12,1458432,16,335,44057661,0,0,0,8,16,2160589,4,12,1458432,16,335,44057661
201707,36,051,1,2,Livingston County             ,4,4,610000,0,0,0,0,0,0,0,0,0,3,3,465000,0,0,0,0,0,0,0,0,0
201707,36,055,1,2,Monroe County                 ,52,52,12418428,0,0,0,2,6,871867,0,0,0,45,45,9725543,0,0,0,2,6,871867,0,0,0
201707,36,059,1,2,Nassau County                 ,64,64,25926783,2,4,536680,0,0,0,6,120,54689683,55,55,21150965,1,2,240680,0,0,0,6,120,54689683
201707,36,061,1,2,New York County               ,0,0,0,0,0,0,1,4,486144,9,829,109026272,0,0,0,0,0,0,1,4,486144,9,829,109026272
201707,36,063,1,2,Niagara County                ,20,20,5153253,0,0,0,0,0,0,0,0,0,17,17,4505500,0,0,0,0,0,0,0,0,0
201707,36,069,1,2,Ontario County                ,23,23,6356331,0,0,0,1,4,298400,2,11,586943,16,16,4605000,0,0,0,0,0,0,0,0,0
201707,36,073,1,2,Orleans County                ,3,3,550000,0,0,0,0,0,0,0,0,0,3,3,550000,0,0,0,0,0,0,0,0,0
201707,36,079,1,2,Putnam County                 ,4,4,1752263,0,0,0,0,0,0,0,0,0,1,1,1300000,0,0,0,0,0,0,0,0,0
201707,36,081,1,2,Queens County                 ,9,9,2410538,22,44,5941619,6,19,2309184,4,73,9600625,9,9,2410538,22,44,5941619,6,19,2309184,4,73,9600625
201707,36,083,1,2,Rensselaer County             ,12,12,2945000,1,2,100000,1,4,470000,1,5,146970,9,9,2045000,0,0,0,1,4,470000,0,0,0
201707,36,085,1,2,Richmond County               ,14,14,3749725,17,34,4591251,1,3,364608,1,8,1052123,14,14,3749725,17,34,4591251,1,3,364608,1,8,1052123
201707,36,087,1,2,Rockland County               ,10,10,2992162,2,4,603601,1,4,436163,1,5,580333,7,7,2169000,0,0,0,0,0,0,0,0,0
201707,36,091,1,2,Saratoga County               ,58,58,17071021,0,0,0,1,3,364608,3,23,2326250,41,41,11809120,0,0,0,1,3,364608,0,0,0
201707,36,093,1,2,Schenectady County            ,8,8,1422033,0,0,0,2,8,830000,0,0,0,5,5,945000,0,0,0,2,8,830000,0,0,0
201707,36,095,1,2,Schoharie County              ,4,4,608218,0,0,0,0,0,0,0,0,0,2,2,120000,0,0,0,0,0,0,0,0,0
201707,36,099,1,2,Seneca County                 ,5,5,1054525,0,0,0,0,0,0,0,0,0,5,5,1054525,0,0,0,0,0,0,0,0,0
201707,36,117,1,2,Wayne County                  ,8,8,1375671,0,0,0,0,0,0,0,0,0,7,7,1159838,0,0,0,0,0,0,0,0,0
201707,36,119,1,2,Westchester County            ,20,20,8336218,0,0,0,0,0,0,7,78,13643173,9,9,4279300,0,0,0,0,0,0,0,0,0
201707,37,007,3,5,Anson County                  ,3,3,449595,0,0,0,0,0,0,0,0,0,0,0,0,0,0,0,0,0,0,0,0,0
201707,37,011,3,5,Avery County                  ,8,8,3092865,0,0,0,0,0,0,0,0,0,8,8,3092865,0,0,0,0,0,0,0,0,0
201707,37,015,3,5,Bertie County                 ,0,0,0,0,0,0,0,0,0,0,0,0,0,0,0,0,0,0,0,0,0,0,0,0
201707,37,025,3,5,Cabarrus County               ,130,130,30061968,0,0,0,0,0,0,0,0,0,130,130,30061968,0,0,0,0,0,0,0,0,0
201707,37,033,3,5,Caswell County                ,2,2,383942,0,0,0,0,0,0,0,0,0,2,2,383942,0,0,0,0,0,0,0,0,0
201707,37,037,3,5,Chatham County                ,64,64,17471238,0,0,0,0,0,0,0,0,0,64,64,17471238,0,0,0,0,0,0,0,0,0
201707,37,051,3,5,Cumberland County             ,36,36,5381951,0,0,0,0,0,0,0,0,0,36,36,5381951,0,0,0,0,0,0,0,0,0
201707,37,053,3,5,Currituck County              ,24,24,5714702,0,0,0,0,0,0,0,0,0,24,24,5714702,0,0,0,0,0,0,0,0,0
201707,37,059,3,5,Davie County                  ,11,11,2219939,0,0,0,0,0,0,0,0,0,0,0,0,0,0,0,0,0,0,0,0,0
201707,37,063,3,5,Durham County                 ,166,166,31142240,1,2,169897,0,0,0,4,85,7319980,0,0,0,0,0,0,0,0,0,0,0,0
201707,37,069,3,5,Franklin County               ,37,37,7410631,0,0,0,0,0,0,0,0,0,37,37,7410631,0,0,0,0,0,0,0,0,0
201707,37,071,3,5,Gaston County                 ,79,79,25081898,3,6,777914,0,0,0,0,0,0,79,79,25081898,3,6,777914,0,0,0,0,0,0
201707,37,081,3,5,Guilford County               ,114,114,29166510,0,0,0,0,0,0,2,194,34678945,101,101,27567883,0,0,0,0,0,0,1,189,34396846
201707,37,089,3,5,Henderson County              ,53,53,13360187,0,0,0,0,0,0,0,0,0,53,53,13360187,0,0,0,0,0,0,0,0,0
201707,37,093,3,5,Hoke County                   ,27,27,6243639,0,0,0,0,0,0,0,0,0,27,27,6243639,0,0,0,0,0,0,0,0,0
201707,37,097,3,5,Iredell County                ,84,84,25382990,0,0,0,0,0,0,0,0,0,84,84,25382990,0,0,0,0,0,0,0,0,0
201707,37,101,3,5,Johnston County               ,187,187,32097849,0,0,0,0,0,0,0,0,0,184,184,31638572,0,0,0,0,0,0,0,0,0
201707,37,105,3,5,Lee County                    ,24,24,5095683,0,0,0,0,0,0,0,0,0,24,24,5095683,0,0,0,0,0,0,0,0,0
201707,37,119,3,5,Mecklenburg County            ,547,547,126491511,2,4,659600,0,0,0,4,747,80466169,547,547,126491511,2,4,659600,0,0,0,4,747,80466169
201707,37,133,3,5,Onslow County                 ,88,88,12965100,0,0,0,0,0,0,0,0,0,88,88,12965100,0,0,0,0,0,0,0,0,0
201707,37,135,3,5,Orange County                 ,44,44,14723351,0,0,0,0,0,0,1,5,642338,40,40,13523977,0,0,0,0,0,0,0,0,0
201707,37,145,3,5,Person County                 ,5,5,830000,0,0,0,0,0,0,0,0,0,5,5,830000,0,0,0,0,0,0,0,0,0
201707,37,151,3,5,Randolph County               ,30,30,6165554,1,2,80000,0,0,0,0,0,0,5,5,450000,1,2,80000,0,0,0,0,0,0
201707,37,157,3,5,Rockingham County             ,17,17,4273510,0,0,0,0,0,0,0,0,0,16,16,4059850,0,0,0,0,0,0,0,0,0
201707,37,179,3,5,Union County                  ,138,138,30524741,0,0,0,0,0,0,0,0,0,138,138,30524741,0,0,0,0,0,0,0,0,0
201707,37,181,3,5,Vance County                  ,9,9,1957819,0,0,0,0,0,0,0,0,0,9,9,1957819,0,0,0,0,0,0,0,0,0
201707,37,183,3,5,Wake County                   ,712,712,161900328,1,2,180000,0,0,0,4,202,17500415,647,647,148902619,1,2,180000,0,0,0,4,202,17500415
201707,37,195,3,5,Wilson County                 ,10,10,2016301,0,0,0,0,0,0,7,80,17996324,10,10,2016301,0,0,0,0,0,0,7,80,17996324
201707,39,007,2,3,Ashtabula County              ,7,7,1284278,1,2,161044,0,0,0,0,0,0,0,0,0,0,0,0,0,0,0,0,0,0
201707,39,015,2,3,Brown County                  ,6,6,955978,0,0,0,0,0,0,0,0,0,0,0,0,0,0,0,0,0,0,0,0,0
201707,39,017,2,3,Butler County                 ,53,53,10326632,0,0,0,0,0,0,0,0,0,45,45,8928538,0,0,0,0,0,0,0,0,0
201707,39,025,2,3,Clermont County               ,46,46,11821756,1,2,140000,1,4,343700,1,187,12958000,46,46,11821756,1,2,140000,1,4,343700,1,187,12958000
201707,39,041,2,3,Delaware County               ,129,129,35071271,0,0,0,0,0,0,0,0,0,129,129,35071271,0,0,0,0,0,0,0,0,0
201707,39,049,2,3,Franklin County               ,150,150,41357082,1,2,406000,0,0,0,9,120,9575000,144,144,40107828,1,2,406000,0,0,0,8,115,9350000
201707,39,055,2,3,Geauga County                 ,11,11,3477635,0,0,0,0,0,0,0,0,0,11,11,3477635,0,0,0,0,0,0,0,0,0
201707,39,085,2,3,Lake County                   ,31,31,9242550,0,0,0,0,0,0,0,0,0,29,29,8910042,0,0,0,0,0,0,0,0,0
201707,39,089,2,3,Licking County                ,26,26,6494784,0,0,0,0,0,0,0,0,0,0,0,0,0,0,0,0,0,0,0,0,0
201707,39,093,2,3,Lorain County                 ,61,61,14300613,0,0,0,2,8,460000,1,8,437101,38,38,6281945,0,0,0,2,8,460000,0,0,0
201707,39,097,2,3,Madison County                ,8,8,1980225,0,0,0,0,0,0,0,0,0,7,7,1816225,0,0,0,0,0,0,0,0,0
201707,39,103,2,3,Medina County                 ,81,81,17525830,0,0,0,0,0,0,0,0,0,81,81,17525830,0,0,0,0,0,0,0,0,0
201707,39,117,2,3,Morrow County                 ,3,3,425000,0,0,0,0,0,0,0,0,0,2,2,300000,0,0,0,0,0,0,0,0,0
201707,39,159,2,3,Union County                  ,31,31,8019830,0,0,0,0,0,0,0,0,0,31,31,8019830,0,0,0,0,0,0,0,0,0
201707,39,165,2,3,Warren County                 ,128,128,33542417,0,0,0,0,0,0,7,64,8181268,128,128,33542417,0,0,0,0,0,0,7,64,8181268
201707,40,001,3,7,Adair County                  ,2,2,385287,0,0,0,0,0,0,0,0,0,0,0,0,0,0,0,0,0,0,0,0,0
201707,40,017,3,7,Canadian County               ,20,20,4401979,0,0,0,0,0,0,0,0,0,13,13,2797600,0,0,0,0,0,0,0,0,0
201707,40,021,3,7,Cherokee County               ,4,4,524953,0,0,0,0,0,0,0,0,0,0,0,0,0,0,0,0,0,0,0,0,0
201707,40,027,3,7,Cleveland County              ,78,78,22101080,0,0,0,0,0,0,2,14,679994,78,78,22101080,0,0,0,0,0,0,2,14,679994
201707,40,029,3,7,Coal County                   ,0,0,0,0,0,0,0,0,0,0,0,0,0,0,0,0,0,0,0,0,0,0,0,0
201707,40,037,3,7,Creek County                  ,10,10,3565000,0,0,0,0,0,0,0,0,0,10,10,3565000,0,0,0,0,0,0,0,0,0
201707,40,051,3,7,Grady County                  ,6,6,1307816,0,0,0,0,0,0,0,0,0,0,0,0,0,0,0,0,0,0,0,0,0
201707,40,055,3,7,Greer County                  ,0,0,0,0,0,0,0,0,0,0,0,0,0,0,0,0,0,0,0,0,0,0,0,0
201707,40,081,3,7,Lincoln County                ,1,1,85000,0,0,0,0,0,0,0,0,0,1,1,85000,0,0,0,0,0,0,0,0,0
201707,40,083,3,7,Logan County                  ,0,0,0,0,0,0,0,0,0,0,0,0,0,0,0,0,0,0,0,0,0,0,0,0
201707,40,087,3,7,McClain County                ,29,29,5022149,0,0,0,0,0,0,0,0,0,17,17,2697920,0,0,0,0,0,0,0,0,0
201707,40,109,3,7,Oklahoma County               ,276,276,67249126,4,8,1370000,1,4,250000,0,0,0,263,263,65092455,4,8,1370000,1,4,250000,0,0,0
201707,40,111,3,7,Okmulgee County               ,0,0,0,0,0,0,0,0,0,0,0,0,0,0,0,0,0,0,0,0,0,0,0,0
201707,40,113,3,7,Osage County                  ,5,5,985500,0,0,0,0,0,0,0,0,0,5,5,985500,0,0,0,0,0,0,0,0,0
201707,40,117,3,7,Pawnee County                 ,1,1,240000,0,0,0,0,0,0,0,0,0,1,1,240000,0,0,0,0,0,0,0,0,0
201707,40,131,3,7,Rogers County                 ,34,34,4999951,4,8,570000,0,0,0,0,0,0,34,34,4999951,4,8,570000,0,0,0,0,0,0
201707,40,143,3,7,Tulsa County                  ,140,140,32923530,0,0,0,0,0,0,0,0,0,140,140,32923530,0,0,0,0,0,0,0,0,0
201707,40,145,3,7,Wagoner County                ,42,42,7742118,0,0,0,0,0,0,0,0,0,42,42,7742118,0,0,0,0,0,0,0,0,0
201707,41,000,4,9,Oregon Balance of State       ,15,15,2221678,0,0,0,0,0,0,0,0,0,0,0,0,0,0,0,0,0,0,0,0,0
201707,41,005,4,9,Clackamas County              ,101,101,31585387,0,0,0,0,0,0,4,50,5606159,28,28,8740989,0,0,0,0,0,0,0,0,0
201707,41,019,4,9,Douglas County                ,22,22,4932590,1,2,303362,0,0,0,0,0,0,22,22,4932590,1,2,303362,0,0,0,0,0,0
201707,41,025,4,9,Harney County                 ,1,1,247078,0,0,0,0,0,0,0,0,0,0,0,0,0,0,0,0,0,0,0,0,0
201707,41,035,4,9,Klamath County                ,9,9,1647392,0,0,0,0,0,0,0,0,0,9,9,1647392,0,0,0,0,0,0,0,0,0
201707,41,051,4,9,Multnomah County              ,113,113,30922806,12,24,5118547,1,3,500000,8,277,35183375,113,113,30922806,12,24,5118547,1,3,500000,8,277,35183375
201707,41,067,4,9,Washington County             ,69,69,24494659,1,2,319194,0,0,0,8,328,49537915,66,66,23576022,0,0,0,0,0,0,8,328,49537915
201707,41,071,4,9,Yamhill County                ,31,31,20485873,0,0,0,0,0,0,0,0,0,25,25,18834066,0,0,0,0,0,0,0,0,0
201707,42,001,1,2,Adams County                  ,18,18,3506178,0,0,0,0,0,0,0,0,0,18,18,3506178,0,0,0,0,0,0,0,0,0
201707,42,017,1,2,Bucks County                  ,78,78,21515808,0,0,0,0,0,0,0,0,0,38,38,11003450,0,0,0,0,0,0,0,0,0
201707,42,029,1,2,Chester County                ,89,89,17325750,0,0,0,1,3,322903,2,10,1411200,76,76,13912040,0,0,0,0,0,0,2,10,1411200
201707,42,037,1,2,Columbia County               ,3,3,563512,0,0,0,0,0,0,0,0,0,1,1,40000,0,0,0,0,0,0,0,0,0
201707,42,041,1,2,Cumberland County             ,66,66,13772488,0,0,0,0,0,0,2,22,2569345,44,44,8974314,0,0,0,0,0,0,0,0,0
201707,42,043,1,2,Dauphin County                ,39,39,7875847,0,0,0,0,0,0,0,0,0,26,26,5031755,0,0,0,0,0,0,0,0,0
201707,42,045,1,2,Delaware County               ,37,37,9045180,0,0,0,0,0,0,1,5,1879838,14,14,3838293,0,0,0,0,0,0,0,0,0
201707,42,055,1,2,Franklin County               ,19,19,3516515,0,0,0,0,0,0,1,6,585034,7,7,1522838,0,0,0,0,0,0,0,0,0
201707,42,065,1,2,Jefferson County              ,9,9,1089558,0,0,0,0,0,0,0,0,0,9,9,1089558,0,0,0,0,0,0,0,0,0
201707,42,091,1,2,Montgomery County             ,139,139,26192059,3,6,908500,0,0,0,3,101,14176171,112,112,19778385,3,6,908500,0,0,0,1,10,7841645
201707,42,093,1,2,Montour County                ,3,3,674171,0,0,0,0,0,0,0,0,0,0,0,0,0,0,0,0,0,0,0,0,0
201707,42,099,1,2,Perry County                  ,11,11,2744014,0,0,0,0,0,0,0,0,0,1,1,195600,0,0,0,0,0,0,0,0,0
201707,42,101,1,2,Philadelphia County           ,66,66,17677275,3,6,623000,2,6,731500,3,22,3150000,66,66,17677275,3,6,623000,2,6,731500,3,22,3150000
201707,42,103,1,2,Pike County                   ,8,8,2151349,0,0,0,0,0,0,0,0,0,6,6,1627838,0,0,0,0,0,0,0,0,0
201707,44,001,1,1,Bristol County                ,4,4,984000,0,0,0,0,0,0,0,0,0,4,4,984000,0,0,0,0,0,0,0,0,0
201707,44,003,1,1,Kent County                   ,39,39,4962182,0,0,0,0,0,0,0,0,0,34,34,4130900,0,0,0,0,0,0,0,0,0
201707,44,005,1,1,Newport County                ,14,14,3928748,1,2,285120,0,0,0,0,0,0,10,10,2931412,1,2,285120,0,0,0,0,0,0
201707,44,007,1,1,Providence County             ,25,25,3200686,1,2,120000,0,0,0,0,0,0,20,20,2544305,1,2,120000,0,0,0,0,0,0
201707,44,009,1,1,Washington County             ,20,20,7274814,0,0,0,0,0,0,0,0,0,13,13,4292020,0,0,0,0,0,0,0,0,0
201707,45,003,3,5,Aiken County                  ,59,59,13684664,0,0,0,7,21,2946826,3,264,31211772,46,46,11685029,0,0,0,7,21,2946826,2,259,30961772
201707,45,009,3,5,Bamberg County                ,0,0,0,0,0,0,0,0,0,0,0,0,0,0,0,0,0,0,0,0,0,0,0,0
201707,45,015,3,5,Berkeley County               ,136,136,38071309,0,0,0,0,0,0,1,33,778539,0,0,0,0,0,0,0,0,0,0,0,0
201707,45,017,3,5,Calhoun County                ,2,2,453000,0,0,0,0,0,0,0,0,0,2,2,453000,0,0,0,0,0,0,0,0,0
201707,45,019,3,5,Charleston County             ,229,229,62484436,0,0,0,0,0,0,2,35,2079050,115,115,45207176,0,0,0,0,0,0,0,0,0
201707,45,035,3,5,Dorchester County             ,44,44,13431000,0,0,0,0,0,0,1,42,5982000,44,44,13431000,0,0,0,0,0,0,1,42,5982000
201707,45,037,3,5,Edgefield County              ,5,5,1317430,0,0,0,0,0,0,0,0,0,5,5,1317430,0,0,0,0,0,0,0,0,0
201707,45,039,3,5,Fairfield County              ,4,4,841238,0,0,0,0,0,0,0,0,0,0,0,0,0,0,0,0,0,0,0,0,0
201707,45,045,3,5,Greenville County             ,183,183,106746777,0,0,0,0,0,0,10,396,29461560,183,183,106746777,0,0,0,0,0,0,10,396,29461560
201707,45,051,3,5,Horry County                  ,346,346,67924040,8,16,796483,1,3,337500,1,6,417921,90,90,21968664,0,0,0,0,0,0,0,0,0
201707,45,055,3,5,Kershaw County                ,19,19,2806788,0,0,0,0,0,0,0,0,0,19,19,2806788,0,0,0,0,0,0,0,0,0
201707,45,059,3,5,Laurens County                ,8,8,1471895,0,0,0,0,0,0,0,0,0,8,8,1471895,0,0,0,0,0,0,0,0,0
201707,45,063,3,5,Lexington County              ,168,168,41550344,0,0,0,0,0,0,2,20,1811228,26,26,4857227,0,0,0,0,0,0,0,0,0
201707,45,077,3,5,Pickens County                ,36,36,6474707,0,0,0,0,0,0,1,26,3420885,25,25,4774036,0,0,0,0,0,0,0,0,0
201707,45,079,3,5,Richland County               ,167,167,23152970,0,0,0,0,0,0,2,25,1411069,0,0,0,0,0,0,0,0,0,0,0,0
201707,45,081,3,5,Saluda County                 ,2,2,500000,0,0,0,0,0,0,0,0,0,2,2,500000,0,0,0,0,0,0,0,0,0
201707,45,085,3,5,Sumter County                 ,23,23,3363294,0,0,0,0,0,0,0,0,0,0,0,0,0,0,0,0,0,0,0,0,0
201707,45,091,3,5,York County                   ,189,189,60162959,0,0,0,0,0,0,2,30,3159728,21,21,4529437,0,0,0,0,0,0,0,0,0
201707,46,007,2,4,Bennett County                ,0,0,0,0,0,0,0,0,0,0,0,0,0,0,0,0,0,0,0,0,0,0,0,0
201707,46,055,2,4,Haakon County                 ,0,0,0,0,0,0,0,0,0,0,0,0,0,0,0,0,0,0,0,0,0,0,0,0
201707,46,071,2,4,Jackson County                ,0,0,0,0,0,0,0,0,0,0,0,0,0,0,0,0,0,0,0,0,0,0,0,0
201707,46,111,2,4,Sanborn County                ,0,0,0,0,0,0,0,0,0,0,0,0,0,0,0,0,0,0,0,0,0,0,0,0
201707,47,001,3,6,Anderson County               ,10,10,2284198,0,0,0,0,0,0,0,0,0,10,10,2284198,0,0,0,0,0,0,0,0,0
201707,47,015,3,6,Cannon County                 ,1,1,126190,0,0,0,0,0,0,0,0,0,0,0,0,0,0,0,0,0,0,0,0,0
201707,47,021,3,6,Cheatham County               ,15,15,1812431,0,0,0,0,0,0,0,0,0,15,15,1812431,0,0,0,0,0,0,0,0,0
201707,47,037,3,6,Davidson County               ,292,292,69836963,0,0,0,0,0,0,3,120,12926292,291,291,68891385,0,0,0,0,0,0,3,120,12926292
201707,47,043,3,6,Dickson County                ,29,29,5702246,0,0,0,0,0,0,0,0,0,28,28,5476848,0,0,0,0,0,0,0,0,0
201707,47,049,3,6,Fentress County               ,0,0,0,0,0,0,0,0,0,0,0,0,0,0,0,0,0,0,0,0,0,0,0,0
201707,47,081,3,6,Hickman County                ,5,5,898828,0,0,0,0,0,0,0,0,0,0,0,0,0,0,0,0,0,0,0,0,0
201707,47,093,3,6,Knox County                   ,139,139,28702028,0,0,0,0,0,0,3,18,2500002,34,34,7618217,0,0,0,0,0,0,3,18,2500002
201707,47,105,3,6,Loudon County                 ,38,38,9130322,0,0,0,0,0,0,0,0,0,35,35,8670915,0,0,0,0,0,0,0,0,0
201707,47,125,3,6,Montgomery County             ,103,103,16319316,0,0,0,3,11,545000,3,21,1050000,103,103,16319316,0,0,0,3,11,545000,3,21,1050000
201707,47,139,3,6,Polk County                   ,16,16,2881985,0,0,0,0,0,0,0,0,0,0,0,0,0,0,0,0,0,0,0,0,0
201707,47,149,3,6,Rutherford County             ,174,174,42679932,0,0,0,1,4,480000,11,322,33482207,168,168,41616863,0,0,0,1,4,480000,11,322,33482207
201707,47,153,3,6,Sequatchie County             ,2,2,120000,0,0,0,0,0,0,0,0,0,2,2,120000,0,0,0,0,0,0,0,0,0
201707,47,157,3,6,Shelby County                 ,81,81,20758319,0,0,0,0,0,0,6,108,3570000,81,81,20758319,0,0,0,0,0,0,6,108,3570000
201707,47,159,3,6,Smith County                  ,8,8,1572492,0,0,0,0,0,0,0,0,0,8,8,1572492,0,0,0,0,0,0,0,0,0
201707,47,161,3,6,Stewart County                ,0,0,0,0,0,0,0,0,0,0,0,0,0,0,0,0,0,0,0,0,0,0,0,0
201707,47,165,3,6,Sumner County                 ,126,126,29663168,0,0,0,0,0,0,1,9,782658,68,68,16104895,0,0,0,0,0,0,0,0,0
201707,47,167,3,6,Tipton County                 ,15,15,2148644,0,0,0,0,0,0,0,0,0,9,9,1356040,0,0,0,0,0,0,0,0,0
201707,47,169,3,6,Trousdale County              ,11,11,1561000,0,0,0,0,0,0,0,0,0,11,11,1561000,0,0,0,0,0,0,0,0,0
201707,47,173,3,6,Union County                  ,8,8,990000,0,0,0,0,0,0,0,0,0,8,8,990000,0,0,0,0,0,0,0,0,0
201707,47,175,3,6,Van Buren County              ,1,1,195000,0,0,0,0,0,0,0,0,0,1,1,195000,0,0,0,0,0,0,0,0,0
201707,47,189,3,6,Wilson County                 ,110,110,29980609,6,12,875700,0,0,0,0,0,0,109,109,29837501,6,12,875700,0,0,0,0,0,0
201707,48,013,3,7,Atascosa County               ,3,3,527468,0,0,0,0,0,0,0,0,0,0,0,0,0,0,0,0,0,0,0,0,0
201707,48,015,3,7,Austin County                 ,2,2,385482,0,0,0,0,0,0,0,0,0,0,0,0,0,0,0,0,0,0,0,0,0
201707,48,019,3,7,Bandera County                ,0,0,0,0,0,0,0,0,0,0,0,0,0,0,0,0,0,0,0,0,0,0,0,0
201707,48,021,3,7,Bastrop County                ,9,9,960110,0,0,0,0,0,0,0,0,0,4,4,523080,0,0,0,0,0,0,0,0,0
201707,48,025,3,7,Bee County                    ,0,0,0,0,0,0,0,0,0,0,0,0,0,0,0,0,0,0,0,0,0,0,0,0
201707,48,027,3,7,Bell County                   ,124,124,21555383,9,18,1359528,0,0,0,1,5,396770,120,120,20623467,9,18,1359528,0,0,0,0,0,0
201707,48,029,3,7,Bexar County                  ,305,305,71717278,2,4,352800,0,0,0,16,80,9144429,264,264,66369913,2,4,352800,0,0,0,15,75,8078933
201707,48,051,3,7,Burleson County               ,0,0,0,0,0,0,0,0,0,0,0,0,0,0,0,0,0,0,0,0,0,0,0,0
201707,48,055,3,7,Caldwell County               ,32,32,5323234,1,2,116640,0,0,0,0,0,0,3,3,375000,0,0,0,0,0,0,0,0,0
201707,48,085,3,7,Collin County                 ,828,828,245809242,1,2,438912,0,0,0,15,308,27000000,794,794,237161581,1,2,438912,0,0,0,15,308,27000000
201707,48,091,3,7,Comal County                  ,215,215,49849583,16,32,3474253,0,0,0,0,0,0,213,213,49255378,16,32,3474253,0,0,0,0,0,0
201707,48,099,3,7,Coryell County                ,18,18,2181584,0,0,0,0,0,0,0,0,0,5,5,324000,0,0,0,0,0,0,0,0,0
201707,48,107,3,7,Crosby County                 ,1,1,67000,0,0,0,0,0,0,0,0,0,0,0,0,0,0,0,0,0,0,0,0,0
201707,48,113,3,7,Dallas County                 ,356,356,106626064,4,8,2077346,0,0,0,10,589,53465686,342,342,103692713,4,8,2077346,0,0,0,10,589,53465686
201707,48,119,3,7,Delta County                  ,1,1,231246,0,0,0,0,0,0,0,0,0,1,1,231246,0,0,0,0,0,0,0,0,0
201707,48,135,3,7,Ector County                  ,71,71,13363609,0,0,0,0,0,0,0,0,0,71,71,13363609,0,0,0,0,0,0,0,0,0
201707,48,139,3,7,Ellis County                  ,168,168,35567081,0,0,0,1,4,488242,0,0,0,168,168,35567081,0,0,0,1,4,488242,0,0,0
201707,48,141,3,7,El Paso County                ,199,199,41439117,2,4,457737,1,3,416603,0,0,0,182,182,38458009,2,4,457737,1,3,416603,0,0,0
201707,48,157,3,7,Fort Bend County              ,878,878,105157054,3,6,665912,0,0,0,1,7,547809,84,84,26499141,3,6,665912,0,0,0,0,0,0
201707,48,167,3,7,Galveston County              ,172,172,41111184,1,2,240000,0,0,0,0,0,0,59,59,15595770,1,2,240000,0,0,0,0,0,0
201707,48,185,3,7,Grimes County                 ,6,6,821309,0,0,0,0,0,0,0,0,0,6,6,821309,0,0,0,0,0,0,0,0,0
201707,48,187,3,7,Guadalupe County              ,63,63,14440782,0,0,0,0,0,0,1,136,17314000,63,63,14440782,0,0,0,0,0,0,1,136,17314000
201707,48,193,3,7,Hamilton County               ,1,1,80000,0,0,0,0,0,0,0,0,0,0,0,0,0,0,0,0,0,0,0,0,0
201707,48,195,3,7,Hansford County               ,0,0,0,0,0,0,0,0,0,0,0,0,0,0,0,0,0,0,0,0,0,0,0,0
201707,48,201,3,7,Harris County                 ,1564,1564,303174555,8,16,2229506,0,0,0,1,42,16350000,1549,1549,292676809,8,16,2229506,0,0,0,1,42,16350000
201707,48,211,3,7,Hemphill County               ,0,0,0,0,0,0,0,0,0,0,0,0,0,0,0,0,0,0,0,0,0,0,0,0
201707,48,215,3,7,Hidalgo County                ,213,213,33121373,7,14,855433,21,84,4724690,2,42,2807422,155,155,22200622,3,6,362370,13,52,2643720,1,9,225000
201707,48,233,3,7,Hutchinson County             ,1,1,204195,0,0,0,0,0,0,0,0,0,0,0,0,0,0,0,0,0,0,0,0,0
201707,48,251,3,7,Johnson County                ,56,56,13176025,0,0,0,0,0,0,0,0,0,56,56,13176025,0,0,0,0,0,0,0,0,0
201707,48,257,3,7,Kaufman County                ,42,42,9795350,0,0,0,0,0,0,0,0,0,36,36,8859534,0,0,0,0,0,0,0,0,0
201707,48,259,3,7,Kendall County                ,23,23,6483649,0,0,0,0,0,0,1,18,1331875,0,0,0,0,0,0,0,0,0,0,0,0
201707,48,271,3,7,Kinney County                 ,0,0,0,0,0,0,0,0,0,0,0,0,0,0,0,0,0,0,0,0,0,0,0,0
201707,48,281,3,7,Lampasas County               ,6,6,887000,0,0,0,0,0,0,0,0,0,6,6,887000,0,0,0,0,0,0,0,0,0
201707,48,291,3,7,Liberty County                ,46,46,4907891,0,0,0,0,0,0,0,0,0,41,41,4242248,0,0,0,0,0,0,0,0,0
201707,48,303,3,7,Lubbock County                ,118,118,27187399,7,14,1721135,1,4,535500,5,79,9024126,0,0,0,0,0,0,0,0,0,0,0,0
201707,48,323,3,7,Maverick County               ,4,4,912735,0,0,0,0,0,0,0,0,0,4,4,912735,0,0,0,0,0,0,0,0,0
201707,48,325,3,7,Medina County                 ,1,1,206558,0,0,0,0,0,0,0,0,0,0,0,0,0,0,0,0,0,0,0,0,0
201707,48,329,3,7,Midland County                ,51,51,8886970,0,0,0,0,0,0,0,0,0,51,51,8886970,0,0,0,0,0,0,0,0,0
201707,48,339,3,7,Montgomery County             ,446,446,107053014,0,0,0,0,0,0,0,0,0,442,442,106069435,0,0,0,0,0,0,0,0,0
201707,48,367,3,7,Parker County                 ,40,40,8155092,0,0,0,0,0,0,1,5,526370,35,35,7167981,0,0,0,0,0,0,0,0,0
201707,48,375,3,7,Potter County                 ,49,49,12481251,0,0,0,0,0,0,0,0,0,49,49,12481251,0,0,0,0,0,0,0,0,0
201707,48,383,3,7,Reagan County                 ,0,0,0,0,0,0,0,0,0,0,0,0,0,0,0,0,0,0,0,0,0,0,0,0
201707,48,385,3,7,Real County                   ,0,0,0,0,0,0,0,0,0,0,0,0,0,0,0,0,0,0,0,0,0,0,0,0
201707,48,395,3,7,Robertson County              ,11,11,2543705,0,0,0,0,0,0,0,0,0,11,11,2543705,0,0,0,0,0,0,0,0,0
201707,48,397,3,7,Rockwall County               ,128,128,40226118,0,0,0,0,0,0,0,0,0,128,128,40226118,0,0,0,0,0,0,0,0,0
201707,48,407,3,7,San Jacinto County            ,21,21,4248599,0,0,0,0,0,0,0,0,0,0,0,0,0,0,0,0,0,0,0,0,0
201707,48,411,3,7,San Saba County               ,0,0,0,0,0,0,0,0,0,0,0,0,0,0,0,0,0,0,0,0,0,0,0,0
201707,48,451,3,7,Tom Green County              ,6,6,1117000,0,0,0,0,0,0,0,0,0,6,6,1117000,0,0,0,0,0,0,0,0,0
201707,48,453,3,7,Travis County                 ,680,680,158766568,1,2,142084,0,0,0,6,312,4328164,646,646,147539485,0,0,0,0,0,0,6,312,4328164
201707,48,473,3,7,Waller County                 ,1,1,297242,0,0,0,0,0,0,1,5,110903,0,0,0,0,0,0,0,0,0,0,0,0
201707,48,491,3,7,Williamson County             ,264,264,73652886,2,4,364125,0,0,0,0,0,0,245,245,69906255,2,4,364125,0,0,0,0,0,0
201707,48,493,3,7,Wilson County                 ,4,4,816780,0,0,0,0,0,0,0,0,0,0,0,0,0,0,0,0,0,0,0,0,0
201707,48,497,3,7,Wise County                   ,7,7,1243620,0,0,0,0,0,0,0,0,0,5,5,805000,0,0,0,0,0,0,0,0,0
201707,49,011,4,8,Davis County                  ,114,114,32426786,0,0,0,1,4,544894,1,17,980000,112,112,31617445,0,0,0,1,4,544894,1,17,980000
201707,49,023,4,8,Juab County                   ,3,3,817651,0,0,0,0,0,0,0,0,0,1,1,213678,0,0,0,0,0,0,0,0,0
201707,49,029,4,8,Morgan County                 ,7,7,2374841,0,0,0,0,0,0,0,0,0,6,6,2069905,0,0,0,0,0,0,0,0,0
201707,49,035,4,8,Salt Lake County              ,427,427,97143993,2,4,618591,3,10,1270020,15,665,90910910,238,238,46248559,0,0,0,0,0,0,9,423,61117306
201707,49,039,4,8,Sanpete County                ,4,4,709523,0,0,0,0,0,0,0,0,0,4,4,709523,0,0,0,0,0,0,0,0,0
201707,49,043,4,8,Summit County                 ,14,14,8994380,0,0,0,0,0,0,1,6,1025141,2,2,3900000,0,0,0,0,0,0,0,0,0
201707,49,057,4,8,Weber County                  ,106,106,26146467,0,0,0,5,20,2608227,2,10,1700344,90,90,21978366,0,0,0,4,16,1970262,1,5,900741
201707,51,003,3,5,Albemarle County              ,49,49,15802624,0,0,0,0,0,0,1,12,1235615,0,0,0,0,0,0,0,0,0,0,0,0
201707,51,007,3,5,Amelia County                 ,4,4,585810,0,0,0,0,0,0,0,0,0,4,4,585810,0,0,0,0,0,0,0,0,0
201707,51,009,3,5,Amherst County                ,4,4,590100,0,0,0,0,0,0,0,0,0,4,4,590100,0,0,0,0,0,0,0,0,0
201707,51,013,3,5,Arlington County              ,32,32,8761117,4,8,1941667,0,0,0,1,99,15956941,0,0,0,0,0,0,0,0,0,0,0,0
201707,51,015,3,5,Augusta County                ,31,31,3442000,1,2,180000,2,8,720000,0,0,0,31,31,3442000,1,2,180000,2,8,720000,0,0,0
201707,51,019,3,5,Bedford County                ,0,0,0,0,0,0,0,0,0,0,0,0,0,0,0,0,0,0,0,0,0,0,0,0
201707,51,033,3,5,Caroline County               ,10,10,1917447,0,0,0,0,0,0,0,0,0,0,0,0,0,0,0,0,0,0,0,0,0
201707,51,036,3,5,Charles City County           ,2,2,367353,0,0,0,0,0,0,0,0,0,0,0,0,0,0,0,0,0,0,0,0,0
201707,51,037,3,5,Charlotte County              ,1,1,200000,0,0,0,0,0,0,0,0,0,1,1,200000,0,0,0,0,0,0,0,0,0
201707,51,041,3,5,Chesterfield County           ,122,122,28212001,0,0,0,2,8,960000,1,8,720000,122,122,28212001,0,0,0,2,8,960000,1,8,720000
201707,51,043,3,5,Clarke County                 ,2,2,710484,0,0,0,0,0,0,0,0,0,2,2,710484,0,0,0,0,0,0,0,0,0
201707,51,049,3,5,Cumberland County             ,1,1,303000,0,0,0,0,0,0,0,0,0,1,1,303000,0,0,0,0,0,0,0,0,0
201707,51,051,3,5,Dickenson County              ,0,0,0,0,0,0,0,0,0,0,0,0,0,0,0,0,0,0,0,0,0,0,0,0
201707,51,053,3,5,Dinwiddie County              ,6,6,114424,0,0,0,0,0,0,0,0,0,0,0,0,0,0,0,0,0,0,0,0,0
201707,51,059,3,5,Fairfax County                ,76,76,17670951,0,0,0,0,0,0,0,0,0,76,76,17670951,0,0,0,0,0,0,0,0,0
201707,51,061,3,5,Fauquier County               ,27,27,9085416,0,0,0,0,0,0,0,0,0,0,0,0,0,0,0,0,0,0,0,0,0
201707,51,069,3,5,Frederick County              ,31,31,7069362,1,2,200000,0,0,0,0,0,0,31,31,7069362,1,2,200000,0,0,0,0,0,0
201707,51,073,3,5,Gloucester County             ,12,12,2055547,0,0,0,0,0,0,0,0,0,12,12,2055547,0,0,0,0,0,0,0,0,0
201707,51,075,3,5,Goochland County              ,17,17,4050999,0,0,0,0,0,0,0,0,0,17,17,4050999,0,0,0,0,0,0,0,0,0
201707,51,085,3,5,Hanover County                ,61,61,14106000,0,0,0,0,0,0,0,0,0,61,61,14106000,0,0,0,0,0,0,0,0,0
201707,51,087,3,5,Henrico County                ,96,96,14928309,0,0,0,0,0,0,0,0,0,96,96,14928309,0,0,0,0,0,0,0,0,0
201707,51,093,3,5,Isle of Wight County          ,16,16,3163749,0,0,0,0,0,0,0,0,0,0,0,0,0,0,0,0,0,0,0,0,0
201707,51,095,3,5,James City County             ,37,37,7706191,0,0,0,7,27,2791255,0,0,0,37,37,7706191,0,0,0,7,27,2791255,0,0,0
201707,51,097,3,5,King and Queen County         ,0,0,0,0,0,0,0,0,0,0,0,0,0,0,0,0,0,0,0,0,0,0,0,0
201707,51,099,3,5,King George County            ,6,6,1387475,0,0,0,0,0,0,0,0,0,6,6,1387475,0,0,0,0,0,0,0,0,0
201707,51,107,3,5,Loudoun County                ,209,209,48330394,0,0,0,0,0,0,1,8,861753,209,209,48330394,0,0,0,0,0,0,1,8,861753
201707,51,109,3,5,Louisa County                 ,20,20,3791669,0,0,0,0,0,0,0,0,0,0,0,0,0,0,0,0,0,0,0,0,0
201707,51,115,3,5,Mathews County                ,0,0,0,0,0,0,0,0,0,0,0,0,0,0,0,0,0,0,0,0,0,0,0,0
201707,51,127,3,5,New Kent County               ,33,33,7126572,0,0,0,0,0,0,0,0,0,33,33,7126572,0,0,0,0,0,0,0,0,0
201707,51,139,3,5,Page County                   ,6,6,731000,0,0,0,0,0,0,0,0,0,6,6,731000,0,0,0,0,0,0,0,0,0
201707,51,145,3,5,Powhatan County               ,18,18,3015259,0,0,0,0,0,0,0,0,0,18,18,3015259,0,0,0,0,0,0,0,0,0
201707,51,149,3,5,Prince George County          ,5,5,770922,0,0,0,0,0,0,0,0,0,5,5,770922,0,0,0,0,0,0,0,0,0
201707,51,153,3,5,Prince William County         ,117,117,19849000,0,0,0,0,0,0,2,28,3000000,117,117,19849000,0,0,0,0,0,0,2,28,3000000
201707,51,165,3,5,Rockingham County             ,54,54,8719370,0,0,0,0,0,0,0,0,0,54,54,8719370,0,0,0,0,0,0,0,0,0
201707,51,175,3,5,Southampton County            ,4,4,589186,0,0,0,0,0,0,0,0,0,0,0,0,0,0,0,0,0,0,0,0,0
201707,51,177,3,5,Spotsylvania County           ,80,80,21122952,0,0,0,0,0,0,4,170,14500000,80,80,21122952,0,0,0,0,0,0,4,170,14500000
201707,51,179,3,5,Stafford County               ,122,122,25067256,0,0,0,0,0,0,0,0,0,122,122,25067256,0,0,0,0,0,0,0,0,0
201707,51,181,3,5,Surry County                  ,2,2,298768,0,0,0,0,0,0,0,0,0,0,0,0,0,0,0,0,0,0,0,0,0
201707,51,183,3,5,Sussex County                 ,1,1,80000,0,0,0,0,0,0,0,0,0,1,1,80000,0,0,0,0,0,0,0,0,0
201707,51,187,3,5,Warren County                 ,18,18,4200000,0,0,0,0,0,0,0,0,0,18,18,4200000,0,0,0,0,0,0,0,0,0
201707,51,199,3,5,York County                   ,3,3,868311,0,0,0,1,4,732885,2,10,900000,3,3,868311,0,0,0,1,4,732885,2,10,900000
201707,51,510,3,5,Alexandria (Independent City) ,2,2,1220000,0,0,0,0,0,0,0,0,0,2,2,1220000,0,0,0,0,0,0,0,0,0
201707,51,540,3,5,Charlottesville (Independent C,7,7,1571777,0,0,0,0,0,0,1,7,1034991,0,0,0,0,0,0,0,0,0,0,0,0
201707,51,550,3,5,Chesapeake(Independent City)  ,66,66,15262230,4,8,919800,0,0,0,0,0,0,66,66,15262230,4,8,919800,0,0,0,0,0,0
201707,51,570,3,5,Colonial Heights (Independent ,0,0,0,0,0,0,0,0,0,0,0,0,0,0,0,0,0,0,0,0,0,0,0,0
201707,51,580,3,5,Covington (Independent City)  ,0,0,0,0,0,0,0,0,0,0,0,0,0,0,0,0,0,0,0,0,0,0,0,0
201707,51,600,3,5,Fairfax (Independent City)    ,8,8,960000,0,0,0,0,0,0,0,0,0,8,8,960000,0,0,0,0,0,0,0,0,0
201707,51,610,3,5,Falls Church (Independent City,1,1,420000,0,0,0,0,0,0,0,0,0,1,1,420000,0,0,0,0,0,0,0,0,0
201707,51,630,3,5,Fredericksburg(Independent Cit,3,3,400000,0,0,0,0,0,0,0,0,0,3,3,400000,0,0,0,0,0,0,0,0,0
201707,51,650,3,5,Hampton (Independent City)    ,14,14,865715,0,0,0,0,0,0,0,0,0,0,0,0,0,0,0,0,0,0,0,0,0
201707,51,660,3,5,Harrisonburg (Independent City,2,2,325000,0,0,0,0,0,0,0,0,0,2,2,325000,0,0,0,0,0,0,0,0,0
201707,51,670,3,5,Hopewell (Independent City)   ,4,4,340000,0,0,0,0,0,0,0,0,0,4,4,340000,0,0,0,0,0,0,0,0,0
201707,51,680,3,5,Lynchburg (Independent City)  ,40,40,5308638,0,0,0,0,0,0,0,0,0,40,40,5308638,0,0,0,0,0,0,0,0,0
201707,51,683,3,5,Manassas (Independent City)   ,14,14,1973129,0,0,0,0,0,0,0,0,0,0,0,0,0,0,0,0,0,0,0,0,0
201707,51,685,3,5,Manassas Park (Independent Cit,0,0,0,0,0,0,0,0,0,0,0,0,0,0,0,0,0,0,0,0,0,0,0,0
201707,51,700,3,5,Newport News (Independent City,8,8,1731686,0,0,0,0,0,0,0,0,0,8,8,1731686,0,0,0,0,0,0,0,0,0
201707,51,710,3,5,Norfolk (Independent City)    ,19,19,4393672,0,0,0,0,0,0,0,0,0,19,19,4393672,0,0,0,0,0,0,0,0,0
201707,51,730,3,5,Petersburg (Independent City) ,0,0,0,0,0,0,0,0,0,0,0,0,0,0,0,0,0,0,0,0,0,0,0,0
201707,51,735,3,5,Poquoson (Independent City)   ,3,3,910000,0,0,0,0,0,0,0,0,0,3,3,910000,0,0,0,0,0,0,0,0,0
201707,51,740,3,5,Portsmouth (Independent City) ,5,5,490000,0,0,0,0,0,0,0,0,0,5,5,490000,0,0,0,0,0,0,0,0,0
201707,51,760,3,5,Richmond (Independent City)   ,23,23,5318656,0,0,0,0,0,0,0,0,0,23,23,5318656,0,0,0,0,0,0,0,0,0
201707,51,800,3,5,Suffolk (Independent City)    ,37,37,6218238,0,0,0,0,0,0,1,20,445513,0,0,0,0,0,0,0,0,0,0,0,0
201707,51,810,3,5,Virginia Beach (Independent Ci,33,33,8744508,0,0,0,0,0,0,2,36,689020,33,33,8744508,0,0,0,0,0,0,2,36,689020
201707,51,830,3,5,Williamsburg (Independent City,1,1,325000,0,0,0,0,0,0,0,0,0,1,1,325000,0,0,0,0,0,0,0,0,0
201707,53,005,4,9,Benton County                 ,69,69,20384151,0,0,0,0,0,0,1,13,1224270,14,14,3261196,0,0,0,0,0,0,0,0,0
201707,53,011,4,9,Clark County                  ,190,190,54731666,0,0,0,0,0,0,5,79,5278330,32,32,7019242,0,0,0,0,0,0,3,60,3278389
201707,53,021,4,9,Franklin County               ,45,45,11339791,2,4,675589,0,0,0,0,0,0,1,1,172695,0,0,0,0,0,0,0,0,0
201707,53,031,4,9,Jefferson County              ,23,23,3874524,0,0,0,0,0,0,0,0,0,0,0,0,0,0,0,0,0,0,0,0,0
201707,53,033,4,9,King County                   ,395,395,134006644,13,26,5464002,12,43,9064665,23,623,157511827,355,355,115892123,13,26,5464002,12,43,9064665,22,593,154330487
201707,53,035,4,9,Kitsap County                 ,88,88,22912364,1,2,363086,0,0,0,0,0,0,88,88,22912364,1,2,363086,0,0,0,0,0,0
201707,53,053,4,9,Pierce County                 ,236,236,70532055,1,2,297070,0,0,0,24,328,36241277,233,233,69529237,1,2,297070,0,0,0,24,328,36241277
201707,53,055,4,9,San Juan County               ,9,9,1709912,0,0,0,0,0,0,0,0,0,9,9,1709912,0,0,0,0,0,0,0,0,0
201707,53,059,4,9,Skamania County               ,10,10,2445174,0,0,0,0,0,0,0,0,0,10,10,2445174,0,0,0,0,0,0,0,0,0
201707,53,061,4,9,Snohomish County              ,278,278,78488968,2,4,975620,0,0,0,5,133,14632588,212,212,59796358,2,4,975620,0,0,0,4,128,14014080
201707,54,011,3,5,Cabell County                 ,4,4,965610,0,0,0,0,0,0,0,0,0,0,0,0,0,0,0,0,0,0,0,0,0
201707,54,015,3,5,Clay County                   ,0,0,0,0,0,0,0,0,0,0,0,0,0,0,0,0,0,0,0,0,0,0,0,0
201707,54,019,3,5,Fayette County                ,2,2,217120,0,0,0,0,0,0,0,0,0,0,0,0,0,0,0,0,0,0,0,0,0
201707,54,037,3,5,Jefferson County              ,17,17,3825266,0,0,0,0,0,0,0,0,0,14,14,3372680,0,0,0,0,0,0,0,0,0
201707,54,081,3,5,Raleigh County                ,13,13,3934287,0,0,0,0,0,0,0,0,0,13,13,3934287,0,0,0,0,0,0,0,0,0
201707,55,025,2,3,Dane County                   ,129,129,39630019,3,6,1099192,2,6,792235,5,149,19043125,67,67,22650277,0,0,0,0,0,0,0,0,0
201707,55,031,2,3,Douglas County                ,8,8,1047400,0,0,0,0,0,0,0,0,0,8,8,1047400,0,0,0,0,0,0,0,0,0
201707,55,037,2,3,Florence County               ,2,2,275000,0,0,0,0,0,0,0,0,0,2,2,275000,0,0,0,0,0,0,0,0,0
201707,55,049,2,3,Iowa County                   ,9,9,1749000,0,0,0,0,0,0,0,0,0,9,9,1749000,0,0,0,0,0,0,0,0,0
201707,55,059,2,3,Kenosha County                ,21,21,5949115,0,0,0,0,0,0,0,0,0,20,20,5794243,0,0,0,0,0,0,0,0,0
201707,55,079,2,3,Milwaukee County              ,12,12,4430441,0,0,0,0,0,0,5,230,5132302,10,10,4016000,0,0,0,0,0,0,5,230,5132302
201707,55,089,2,3,Ozaukee County                ,17,17,6058160,0,0,0,0,0,0,1,5,377778,7,7,1848436,0,0,0,0,0,0,0,0,0
201707,55,093,2,3,Pierce County                 ,11,11,3305824,0,0,0,0,0,0,0,0,0,11,11,3305824,0,0,0,0,0,0,0,0,0
201707,55,109,2,3,St. Croix County              ,38,38,9276724,3,6,843000,0,0,0,0,0,0,34,34,8644715,3,6,843000,0,0,0,0,0,0
201707,55,131,2,3,Washington County             ,26,26,7923941,3,6,740000,0,0,0,0,0,0,18,18,5240639,3,6,740000,0,0,0,0,0,0
201707,56,029,4,8,Park County                   ,8,8,1692322,1,2,135000,0,0,0,0,0,0,7,7,1528155,1,2,135000,0,0,0,0,0,0
201707,56,039,4,8,Teton County                  ,11,11,6872544,0,0,0,0,0,0,0,0,0,9,9,5740000,0,0,0,0,0,0,0,0,0
