Survey,FIPS,FIPS,Region,Division,County,,1-unit,,,2-units,,,3-4 units,,,5+ units,,,1-unit rep,,,2-units rep,,,3-4 units rep,,, 5+units rep
Date,State,County,Code,Code,Name,Bldgs,Units,Value,Bldgs,Units,Value,Bldgs,Units,Value,Bldgs,Units,Value,Bldgs,Units,Value,Bldgs,Units,Value,Bldgs,Units,Value,Bldgs,Units,Value
 
201705,01,001,3,6,Autauga County                ,18,18,4612282,0,0,0,0,0,0,0,0,0,18,18,4612282,0,0,0,0,0,0,0,0,0
201705,01,007,3,6,Bibb County                   ,1,1,240000,0,0,0,0,0,0,0,0,0,1,1,240000,0,0,0,0,0,0,0,0,0
201705,01,009,3,6,Blount County                 ,3,3,695000,0,0,0,0,0,0,0,0,0,3,3,695000,0,0,0,0,0,0,0,0,0
201705,01,021,3,6,Chilton County                ,4,4,550500,0,0,0,0,0,0,0,0,0,4,4,550500,0,0,0,0,0,0,0,0,0
201705,01,073,3,6,Jefferson County              ,149,149,42550287,0,0,0,0,0,0,1,33,4431858,127,127,39172264,0,0,0,0,0,0,0,0,0
201705,01,081,3,6,Lee County                    ,96,96,26201274,1,2,325517,0,0,0,0,0,0,96,96,26201274,1,2,325517,0,0,0,0,0,0
201705,01,083,3,6,Limestone County              ,12,12,2131000,0,0,0,0,0,0,0,0,0,12,12,2131000,0,0,0,0,0,0,0,0,0
201705,01,089,3,6,Madison County                ,193,193,28675429,0,0,0,0,0,0,0,0,0,193,193,28675429,0,0,0,0,0,0,0,0,0
201705,01,113,3,6,Russell County                ,4,4,657359,0,0,0,0,0,0,0,0,0,4,4,657359,0,0,0,0,0,0,0,0,0
201705,01,115,3,6,St. Clair County              ,13,13,2473205,0,0,0,0,0,0,0,0,0,9,9,1669017,0,0,0,0,0,0,0,0,0
201705,01,117,3,6,Shelby County                 ,105,105,23080884,0,0,0,0,0,0,1,5,767250,60,60,11533538,0,0,0,0,0,0,0,0,0
201705,01,127,3,6,Walker County                 ,1,1,175000,0,0,0,0,0,0,0,0,0,1,1,175000,0,0,0,0,0,0,0,0,0
201705,02,013,4,9,Aleutians East Borough        ,0,0,0,0,0,0,0,0,0,0,0,0,0,0,0,0,0,0,0,0,0,0,0,0
201705,02,016,4,9,Aleutians West Census Area    ,1,1,98118,0,0,0,0,0,0,0,0,0,0,0,0,0,0,0,0,0,0,0,0,0
201705,02,020,4,9,Anchorage Municipality        ,76,76,23813118,0,0,0,1,3,520780,2,13,2055242,0,0,0,0,0,0,0,0,0,0,0,0
201705,02,050,4,9,Bethel Census Area            ,3,3,822104,0,0,0,0,0,0,0,0,0,3,3,822104,0,0,0,0,0,0,0,0,0
201705,02,060,4,9,Bristol Bay Borough           ,0,0,0,0,0,0,0,0,0,0,0,0,0,0,0,0,0,0,0,0,0,0,0,0
201705,02,070,4,9,Dillingham Census Area        ,1,1,291052,0,0,0,0,0,0,0,0,0,1,1,291052,0,0,0,0,0,0,0,0,0
201705,02,090,4,9,Fairbanks North Star Borough  ,0,0,0,0,0,0,0,0,0,0,0,0,0,0,0,0,0,0,0,0,0,0,0,0
201705,02,100,4,9,Haines Borough                ,1,1,278570,0,0,0,0,0,0,0,0,0,0,0,0,0,0,0,0,0,0,0,0,0
201705,02,105,4,9,Hoonah-Angoon Census Area     ,0,0,0,0,0,0,0,0,0,0,0,0,0,0,0,0,0,0,0,0,0,0,0,0
201705,02,110,4,9,Juneau City and Borough       ,5,5,1069534,0,0,0,0,0,0,0,0,0,5,5,1069534,0,0,0,0,0,0,0,0,0
201705,02,122,4,9,Kenai Peninsula Borough       ,15,15,2496829,0,0,0,0,0,0,0,0,0,10,10,1400000,0,0,0,0,0,0,0,0,0
201705,02,130,4,9,Ketchikan Gateway Borough     ,1,1,291052,0,0,0,0,0,0,0,0,0,1,1,291052,0,0,0,0,0,0,0,0,0
201705,02,150,4,9,Kodiak Island Borough         ,2,2,483446,1,2,661449,0,0,0,0,0,0,2,2,483446,1,2,661449,0,0,0,0,0,0
201705,02,158,4,9,Kusilvak Census Area          ,0,0,0,0,0,0,0,0,0,0,0,0,0,0,0,0,0,0,0,0,0,0,0,0
201705,02,170,4,9,Matanuska-Susitna Borough     ,6,6,1550028,3,6,801784,1,4,481304,0,0,0,6,6,1550028,3,6,801784,1,4,481304,0,0,0
201705,02,180,4,9,Nome Census Area              ,1,1,135319,0,0,0,0,0,0,0,0,0,0,0,0,0,0,0,0,0,0,0,0,0
201705,02,185,4,9,North Slope Borough           ,1,1,272831,0,0,0,0,0,0,0,0,0,0,0,0,0,0,0,0,0,0,0,0,0
201705,02,188,4,9,Northwest Arctic Borough      ,1,1,525000,0,0,0,0,0,0,0,0,0,0,0,0,0,0,0,0,0,0,0,0,0
201705,02,195,4,9,Petersburg Borough            ,2,2,470000,0,0,0,0,0,0,0,0,0,2,2,470000,0,0,0,0,0,0,0,0,0
201705,02,198,4,9,Prince of Wales-Hyder Census A,0,0,0,1,2,354010,0,0,0,0,0,0,0,0,0,1,2,354010,0,0,0,0,0,0
201705,02,220,4,9,Sitka City and Borough        ,1,1,248107,1,2,724270,0,0,0,0,0,0,0,0,0,0,0,0,0,0,0,0,0,0
201705,02,230,4,9,Skagway Municipality          ,1,1,263500,0,0,0,0,0,0,0,0,0,1,1,263500,0,0,0,0,0,0,0,0,0
201705,02,261,4,9,Valdez-Cordova Census Area    ,13,13,8324980,0,0,0,0,0,0,0,0,0,13,13,8324980,0,0,0,0,0,0,0,0,0
201705,02,275,4,9,Wrangell City and Borough     ,0,0,0,0,0,0,0,0,0,0,0,0,0,0,0,0,0,0,0,0,0,0,0,0
201705,02,282,4,9,Yakutat City and Borough      ,1,1,20000,0,0,0,0,0,0,0,0,0,1,1,20000,0,0,0,0,0,0,0,0,0
201705,02,290,4,9,Yukon-Koyukuk Census Area     ,0,0,0,0,0,0,0,0,0,0,0,0,0,0,0,0,0,0,0,0,0,0,0,0
201705,04,013,4,8,Maricopa County               ,1632,1632,425598295,0,0,0,7,26,3250948,22,761,103471800,1623,1623,422514333,0,0,0,7,26,3250948,22,761,103471800
201705,04,019,4,8,Pima County                   ,266,266,75373006,0,0,0,0,0,0,1,5,427766,36,36,9772028,0,0,0,0,0,0,0,0,0
201705,04,021,4,8,Pinal County                  ,365,365,72606039,6,12,635921,0,0,0,0,0,0,365,365,72606039,6,12,635921,0,0,0,0,0,0
201705,05,013,3,7,Calhoun County                ,0,0,0,0,0,0,0,0,0,0,0,0,0,0,0,0,0,0,0,0,0,0,0,0
201705,05,035,3,7,Crittenden County             ,3,3,626919,0,0,0,0,0,0,0,0,0,2,2,400000,0,0,0,0,0,0,0,0,0
201705,05,045,3,7,Faulkner County               ,31,31,6368284,1,2,152889,0,0,0,1,5,187500,8,8,1112000,0,0,0,0,0,0,0,0,0
201705,05,053,3,7,Grant County                  ,1,1,152000,0,0,0,0,0,0,0,0,0,0,0,0,0,0,0,0,0,0,0,0,0
201705,05,085,3,7,Lonoke County                 ,29,29,2760510,0,0,0,0,0,0,0,0,0,6,6,496900,0,0,0,0,0,0,0,0,0
201705,05,087,3,7,Madison County                ,0,0,0,0,0,0,0,0,0,0,0,0,0,0,0,0,0,0,0,0,0,0,0,0
201705,05,091,3,7,Miller County                 ,4,4,939930,0,0,0,0,0,0,0,0,0,4,4,939930,0,0,0,0,0,0,0,0,0
201705,05,105,3,7,Perry County                  ,7,7,1698000,0,0,0,0,0,0,0,0,0,7,7,1698000,0,0,0,0,0,0,0,0,0
201705,05,119,3,7,Pulaski County                ,78,78,16081251,0,0,0,0,0,0,0,0,0,55,55,12469209,0,0,0,0,0,0,0,0,0
201705,05,129,3,7,Searcy County                 ,0,0,0,0,0,0,0,0,0,0,0,0,0,0,0,0,0,0,0,0,0,0,0,0
201705,05,143,3,7,Washington County             ,83,83,21171576,0,0,0,0,0,0,0,0,0,68,68,19407267,0,0,0,0,0,0,0,0,0
201705,06,001,4,9,Alameda County                ,243,243,90602097,7,14,3749085,8,31,6567294,11,143,26717600,206,206,79357676,7,14,3749085,8,31,6567294,7,101,18511617
201705,06,013,4,9,Contra Costa County           ,204,204,73358157,0,0,0,4,16,1959100,0,0,0,200,200,71950055,0,0,0,4,16,1959100,0,0,0
201705,06,017,4,9,El Dorado County              ,95,95,34822700,0,0,0,0,0,0,0,0,0,95,95,34822700,0,0,0,0,0,0,0,0,0
201705,06,019,4,9,Fresno County                 ,143,143,40976945,1,2,351864,0,0,0,2,54,10382777,132,132,38712871,0,0,0,0,0,0,2,54,10382777
201705,06,037,4,9,Los Angeles County            ,562,562,247259857,44,88,17465174,2,6,444643,31,1260,227414669,493,493,216519763,44,88,17465174,0,0,0,25,1128,209580172
201705,06,041,4,9,Marin County                  ,12,12,7427083,0,0,0,0,0,0,0,0,0,11,11,5566108,0,0,0,0,0,0,0,0,0
201705,06,059,4,9,Orange County                 ,551,551,166140242,10,20,5548890,17,57,13545246,10,223,26018260,425,425,128935382,8,16,4215533,17,57,13545246,7,165,20615275
201705,06,061,4,9,Placer County                 ,303,303,84759394,3,6,875398,0,0,0,0,0,0,302,302,84432490,3,6,875398,0,0,0,0,0,0
201705,06,063,4,9,Plumas County                 ,6,6,1467096,0,0,0,0,0,0,0,0,0,6,6,1467096,0,0,0,0,0,0,0,0,0
201705,06,067,4,9,Sacramento County             ,223,223,63554188,1,2,267849,0,0,0,10,315,54797796,221,221,63082075,1,2,267849,0,0,0,10,315,54797796
201705,06,069,4,9,San Benito County             ,74,74,18014865,0,0,0,0,0,0,0,0,0,73,73,17770565,0,0,0,0,0,0,0,0,0
201705,06,071,4,9,San Bernardino County         ,428,428,108219983,0,0,0,0,0,0,8,90,8473230,411,411,104014648,0,0,0,0,0,0,8,90,8473230
201705,06,073,4,9,San Diego County              ,244,244,89828908,6,12,2866886,11,39,6795822,35,544,91407398,230,230,87437292,6,12,2866886,11,39,6795822,34,537,87603050
201705,06,075,4,9,San Francisco County          ,1,1,274034,0,0,0,2,7,3300000,3,394,159200000,1,1,274034,0,0,0,2,7,3300000,3,394,159200000
201705,06,081,4,9,San Mateo County              ,29,29,37987921,1,2,650000,0,0,0,5,260,38050759,14,14,28864484,0,0,0,0,0,0,2,205,29826866
201705,06,085,4,9,Santa Clara County            ,214,214,78601842,0,0,0,1,4,1036466,23,360,47290983,200,200,73290111,0,0,0,0,0,0,22,331,42910834
201705,06,091,4,9,Sierra County                 ,0,0,0,0,0,0,0,0,0,0,0,0,0,0,0,0,0,0,0,0,0,0,0,0
201705,06,113,4,9,Yolo County                   ,26,26,7412509,0,0,0,0,0,0,1,15,3000000,26,26,7412509,0,0,0,0,0,0,1,15,3000000
201705,08,001,4,8,Adams County                  ,183,183,51119686,4,8,874413,0,0,0,0,0,0,183,183,51119686,4,8,874413,0,0,0,0,0,0
201705,08,005,4,8,Arapahoe County               ,201,201,50290854,0,0,0,0,0,0,0,0,0,169,169,43586903,0,0,0,0,0,0,0,0,0
201705,08,014,4,8,Broomfield County             ,24,24,7257960,0,0,0,0,0,0,0,0,0,24,24,7257960,0,0,0,0,0,0,0,0,0
201705,08,015,4,8,Chaffee County                ,14,14,3708436,0,0,0,0,0,0,0,0,0,0,0,0,0,0,0,0,0,0,0,0,0
201705,08,019,4,8,Clear Creek County            ,1,1,119913,0,0,0,0,0,0,0,0,0,1,1,119913,0,0,0,0,0,0,0,0,0
201705,08,031,4,8,Denver County                 ,271,271,74263350,0,0,0,0,0,0,3,140,13570601,271,271,74263350,0,0,0,0,0,0,3,140,13570601
201705,08,035,4,8,Douglas County                ,204,204,63743993,0,0,0,0,0,0,15,120,18293817,196,196,60559814,0,0,0,0,0,0,15,120,18293817
201705,08,039,4,8,Elbert County                 ,12,12,3729664,0,0,0,0,0,0,0,0,0,12,12,3729664,0,0,0,0,0,0,0,0,0
201705,08,041,4,8,El Paso County                ,352,352,140654065,0,0,0,1,3,200000,1,12,2100000,352,352,140654065,0,0,0,1,3,200000,1,12,2100000
201705,08,047,4,8,Gilpin County                 ,1,1,274034,0,0,0,0,0,0,0,0,0,1,1,274034,0,0,0,0,0,0,0,0,0
201705,08,069,4,8,Larimer County                ,169,169,43369773,2,4,430009,0,0,0,6,68,7000478,169,169,43369773,2,4,430009,0,0,0,6,68,7000478
201705,08,077,4,8,Mesa County                   ,93,93,25485208,3,6,997891,0,0,0,1,72,10204992,93,93,25485208,3,6,997891,0,0,0,1,72,10204992
201705,08,093,4,8,Park County                   ,13,13,2167961,0,0,0,0,0,0,0,0,0,13,13,2167961,0,0,0,0,0,0,0,0,0
201705,08,101,4,8,Pueblo County                 ,28,28,4800472,0,0,0,0,0,0,0,0,0,0,0,0,0,0,0,0,0,0,0,0,0
201705,08,119,4,8,Teller County                 ,5,5,1577280,0,0,0,0,0,0,0,0,0,5,5,1577280,0,0,0,0,0,0,0,0,0
201705,09,001,1,1,Fairfield County              ,60,60,34374150,1,2,127200,1,3,250000,1,6,486322,34,34,13502505,0,0,0,1,3,250000,0,0,0
201705,09,003,1,1,Hartford County               ,42,42,8428918,0,0,0,1,3,334488,3,22,2148320,30,30,6603066,0,0,0,0,0,0,1,12,1476000
201705,09,007,1,1,Middlesex County              ,11,11,2571357,1,2,350000,0,0,0,4,71,6539748,9,9,1927500,0,0,0,0,0,0,3,52,4639832
201705,09,013,1,1,Tolland County                ,16,16,3860028,0,0,0,0,0,0,2,15,1401694,12,12,3055422,0,0,0,0,0,0,0,0,0
201705,10,001,3,5,Kent County                   ,115,115,18683472,0,0,0,0,0,0,2,36,1761042,114,114,18591518,0,0,0,0,0,0,2,36,1761042
201705,10,003,3,5,New Castle County             ,128,128,12280071,0,0,0,0,0,0,4,63,2348664,26,26,4021188,0,0,0,0,0,0,2,48,1622700
201705,10,005,3,5,Sussex County                 ,220,220,30432585,7,14,2044048,2,6,779957,1,5,635642,220,220,30432585,7,14,2044048,2,6,779957,1,5,635642
201705,11,001,3,5,Washington  DC                ,35,35,7943755,1,2,216011,0,0,0,2,281,28000039,0,0,0,0,0,0,0,0,0,0,0,0
201705,12,003,3,5,Baker County                  ,11,11,2461257,0,0,0,0,0,0,0,0,0,11,11,2461257,0,0,0,0,0,0,0,0,0
201705,12,019,3,5,Clay County                   ,125,125,25331354,0,0,0,0,0,0,0,0,0,110,110,21922773,0,0,0,0,0,0,0,0,0
201705,12,029,3,5,Dixie County                  ,3,3,378970,0,0,0,0,0,0,0,0,0,0,0,0,0,0,0,0,0,0,0,0,0
201705,12,031,3,5,Duval County                  ,297,297,70174565,0,0,0,0,0,0,6,306,32962045,287,287,66994410,0,0,0,0,0,0,6,306,32962045
201705,12,033,3,5,Escambia County               ,86,86,19887147,0,0,0,0,0,0,0,0,0,86,86,19887147,0,0,0,0,0,0,0,0,0
201705,12,053,3,5,Hernando County               ,57,57,8523050,0,0,0,0,0,0,0,0,0,57,57,8523050,0,0,0,0,0,0,0,0,0
201705,12,057,3,5,Hillsborough County           ,835,835,263088894,3,6,490000,0,0,0,14,606,60780097,835,835,263088894,3,6,490000,0,0,0,14,606,60780097
201705,12,067,3,5,Lafayette County              ,1,1,179324,0,0,0,0,0,0,0,0,0,0,0,0,0,0,0,0,0,0,0,0,0
201705,12,071,3,5,Lee County                    ,412,412,90643310,11,22,2725490,7,27,3890466,13,213,31495754,412,412,90643310,11,22,2725490,7,27,3890466,13,213,31495754
201705,12,073,3,5,Leon County                   ,60,60,12118096,0,0,0,0,0,0,2,51,3774455,0,0,0,0,0,0,0,0,0,0,0,0
201705,12,081,3,5,Manatee County                ,236,236,51337360,1,2,100000,4,16,1916080,3,25,5353840,234,234,50115191,1,2,100000,4,16,1916080,3,25,5353840
201705,12,086,3,5,Miami-Dade County             ,242,242,92304688,12,24,4520150,0,0,0,6,135,25478161,220,220,76053218,12,24,4520150,0,0,0,5,130,17943310
201705,12,089,3,5,Nassau County                 ,68,68,20732750,0,0,0,0,0,0,0,0,0,67,67,20661575,0,0,0,0,0,0,0,0,0
201705,12,091,3,5,Okaloosa County               ,55,55,21365717,1,2,411880,0,0,0,0,0,0,50,50,20510168,1,2,411880,0,0,0,0,0,0
201705,12,095,3,5,Orange County                 ,657,657,172672026,12,24,6496006,5,15,2602630,17,637,89368775,646,646,167639025,12,24,6496006,5,15,2602630,16,619,86870494
201705,12,097,3,5,Osceola County                ,355,355,97688032,0,0,0,2,8,1289897,0,0,0,355,355,97688032,0,0,0,2,8,1289897,0,0,0
201705,12,101,3,5,Pasco County                  ,398,398,77066142,1,2,280000,0,0,0,0,0,0,397,397,76971424,0,0,0,0,0,0,0,0,0
201705,12,103,3,5,Pinellas County               ,79,79,18714260,0,0,0,2,7,1121000,4,159,25048512,67,67,15037508,0,0,0,2,7,1121000,2,131,22912963
201705,12,109,3,5,St. Johns County              ,435,435,94214248,0,0,0,1,4,904214,1,6,1143641,435,435,94214248,0,0,0,1,4,904214,1,6,1143641
201705,12,113,3,5,Santa Rosa County             ,126,126,22327076,0,0,0,0,0,0,0,0,0,126,126,22327076,0,0,0,0,0,0,0,0,0
201705,12,115,3,5,Sarasota County               ,241,241,73742394,0,0,0,0,0,0,2,26,4204827,228,228,66213888,0,0,0,0,0,0,1,6,1032081
201705,12,117,3,5,Seminole County               ,88,88,30082309,0,0,0,0,0,0,1,5,769487,88,88,30082309,0,0,0,0,0,0,1,5,769487
201705,12,119,3,5,Sumter County                 ,173,173,50306073,0,0,0,0,0,0,0,0,0,173,173,50306073,0,0,0,0,0,0,0,0,0
201705,12,129,3,5,Wakulla County                ,20,20,3184480,0,0,0,0,0,0,0,0,0,20,20,3184480,0,0,0,0,0,0,0,0,0
201705,12,131,3,5,Walton County                 ,116,116,60228588,0,0,0,0,0,0,1,14,13164621,116,116,60228588,0,0,0,0,0,0,1,14,13164621
201705,12,133,3,5,Washington County             ,6,6,867491,0,0,0,0,0,0,0,0,0,0,0,0,0,0,0,0,0,0,0,0,0
201705,13,007,3,5,Baker County                  ,0,0,0,0,0,0,0,0,0,0,0,0,0,0,0,0,0,0,0,0,0,0,0,0
201705,13,013,3,5,Barrow County                 ,43,43,5969134,0,0,0,0,0,0,0,0,0,5,5,625000,0,0,0,0,0,0,0,0,0
201705,13,015,3,5,Bartow County                 ,54,54,6042938,0,0,0,0,0,0,0,0,0,54,54,6042938,0,0,0,0,0,0,0,0,0
201705,13,021,3,5,Bibb County                   ,15,15,2507581,0,0,0,0,0,0,0,0,0,15,15,2507581,0,0,0,0,0,0,0,0,0
201705,13,029,3,5,Bryan County                  ,58,58,13539247,0,0,0,0,0,0,0,0,0,29,29,6706131,0,0,0,0,0,0,0,0,0
201705,13,033,3,5,Burke County                  ,5,5,895023,0,0,0,0,0,0,0,0,0,0,0,0,0,0,0,0,0,0,0,0,0
201705,13,035,3,5,Butts County                  ,1,1,180000,0,0,0,0,0,0,0,0,0,1,1,180000,0,0,0,0,0,0,0,0,0
201705,13,045,3,5,Carroll County                ,28,28,6383169,0,0,0,0,0,0,0,0,0,28,28,6383169,0,0,0,0,0,0,0,0,0
201705,13,051,3,5,Chatham County                ,92,92,15880465,0,0,0,0,0,0,1,11,876786,82,82,14561877,0,0,0,0,0,0,0,0,0
201705,13,057,3,5,Cherokee County               ,251,251,75498421,0,0,0,0,0,0,0,0,0,251,251,75498421,0,0,0,0,0,0,0,0,0
201705,13,059,3,5,Clarke County                 ,13,13,1777311,0,0,0,0,0,0,5,108,8299348,13,13,1777311,0,0,0,0,0,0,5,108,8299348
201705,13,063,3,5,Clayton County                ,65,65,15030984,0,0,0,0,0,0,0,0,0,65,65,15030984,0,0,0,0,0,0,0,0,0
201705,13,067,3,5,Cobb County                   ,129,129,35897229,0,0,0,0,0,0,6,39,8675951,124,124,34942761,0,0,0,0,0,0,6,39,8675951
201705,13,073,3,5,Columbia County               ,130,130,23918976,0,0,0,2,8,336000,1,6,448000,16,16,2286138,0,0,0,2,8,336000,1,6,448000
201705,13,077,3,5,Coweta County                 ,95,95,29144455,0,0,0,0,0,0,0,0,0,92,92,28414871,0,0,0,0,0,0,0,0,0
201705,13,085,3,5,Dawson County                 ,24,24,4645861,0,0,0,0,0,0,0,0,0,24,24,4645861,0,0,0,0,0,0,0,0,0
201705,13,095,3,5,Dougherty County              ,4,4,535669,0,0,0,0,0,0,0,0,0,4,4,535669,0,0,0,0,0,0,0,0,0
201705,13,097,3,5,Douglas County                ,33,33,6025997,0,0,0,0,0,0,0,0,0,33,33,6025997,0,0,0,0,0,0,0,0,0
201705,13,111,3,5,Fannin County                 ,21,21,4078748,0,0,0,0,0,0,0,0,0,21,21,4078748,0,0,0,0,0,0,0,0,0
201705,13,113,3,5,Fayette County                ,35,35,11421707,0,0,0,0,0,0,0,0,0,26,26,8375000,0,0,0,0,0,0,0,0,0
201705,13,115,3,5,Floyd County                  ,20,20,3052200,0,0,0,0,0,0,0,0,0,20,20,3052200,0,0,0,0,0,0,0,0,0
201705,13,117,3,5,Forsyth County                ,232,232,33023070,0,0,0,0,0,0,0,0,0,232,232,33023070,0,0,0,0,0,0,0,0,0
201705,13,121,3,5,Fulton County                 ,326,326,90481826,0,0,0,0,0,0,0,0,0,296,296,83388672,0,0,0,0,0,0,0,0,0
201705,13,127,3,5,Glynn County                  ,50,50,15094400,0,0,0,0,0,0,0,0,0,0,0,0,0,0,0,0,0,0,0,0,0
201705,13,135,3,5,Gwinnett County               ,404,404,95508206,0,0,0,0,0,0,0,0,0,399,399,94085812,0,0,0,0,0,0,0,0,0
201705,13,143,3,5,Haralson County               ,4,4,910989,0,0,0,0,0,0,0,0,0,0,0,0,0,0,0,0,0,0,0,0,0
201705,13,145,3,5,Harris County                 ,11,11,2982265,0,0,0,0,0,0,0,0,0,11,11,2982265,0,0,0,0,0,0,0,0,0
201705,13,149,3,5,Heard County                  ,2,2,462492,0,0,0,0,0,0,0,0,0,2,2,462492,0,0,0,0,0,0,0,0,0
201705,13,151,3,5,Henry County                  ,161,161,29902589,0,0,0,0,0,0,0,0,0,161,161,29902589,0,0,0,0,0,0,0,0,0
201705,13,159,3,5,Jasper County                 ,6,6,803844,0,0,0,0,0,0,0,0,0,0,0,0,0,0,0,0,0,0,0,0,0
201705,13,171,3,5,Lamar County                  ,9,9,1207460,0,0,0,0,0,0,0,0,0,9,9,1207460,0,0,0,0,0,0,0,0,0
201705,13,177,3,5,Lee County                    ,12,12,3122113,0,0,0,0,0,0,0,0,0,12,12,3122113,0,0,0,0,0,0,0,0,0
201705,13,179,3,5,Liberty County                ,42,42,9697446,0,0,0,0,0,0,0,0,0,42,42,9697446,0,0,0,0,0,0,0,0,0
201705,13,189,3,5,McDuffie County               ,2,2,284957,0,0,0,0,0,0,0,0,0,0,0,0,0,0,0,0,0,0,0,0,0
201705,13,199,3,5,Meriwether County             ,3,3,693738,0,0,0,0,0,0,0,0,0,3,3,693738,0,0,0,0,0,0,0,0,0
201705,13,201,3,5,Miller County                 ,1,1,75000,0,0,0,0,0,0,0,0,0,1,1,75000,0,0,0,0,0,0,0,0,0
201705,13,207,3,5,Monroe County                 ,11,11,2237000,0,0,0,0,0,0,0,0,0,11,11,2237000,0,0,0,0,0,0,0,0,0
201705,13,215,3,5,Muscogee County               ,29,29,5563995,0,0,0,1,3,184640,1,6,1493687,0,0,0,0,0,0,0,0,0,0,0,0
201705,13,217,3,5,Newton County                 ,71,71,16418459,0,0,0,0,0,0,0,0,0,71,71,16418459,0,0,0,0,0,0,0,0,0
201705,13,227,3,5,Pickens County                ,12,12,3137138,0,0,0,0,0,0,0,0,0,0,0,0,0,0,0,0,0,0,0,0,0
201705,13,231,3,5,Pike County                   ,11,11,1808000,0,0,0,0,0,0,0,0,0,11,11,1808000,0,0,0,0,0,0,0,0,0
201705,13,235,3,5,Pulaski County                ,0,0,0,0,0,0,0,0,0,0,0,0,0,0,0,0,0,0,0,0,0,0,0,0
201705,13,245,3,5,Richmond County               ,35,35,5339578,0,0,0,0,0,0,1,18,1205224,2,2,290000,0,0,0,0,0,0,0,0,0
201705,13,247,3,5,Rockdale County               ,20,20,4866904,0,0,0,0,0,0,0,0,0,20,20,4866904,0,0,0,0,0,0,0,0,0
201705,13,255,3,5,Spalding County               ,23,23,3069162,0,0,0,0,0,0,0,0,0,22,22,2990712,0,0,0,0,0,0,0,0,0
201705,13,275,3,5,Thomas County                 ,5,5,851986,0,0,0,0,0,0,0,0,0,5,5,851986,0,0,0,0,0,0,0,0,0
201705,13,291,3,5,Union County                  ,18,18,4691501,0,0,0,0,0,0,0,0,0,18,18,4691501,0,0,0,0,0,0,0,0,0
201705,15,001,4,9,Hawaii County                 ,65,65,20134800,0,0,0,0,0,0,0,0,0,65,65,20134800,0,0,0,0,0,0,0,0,0
201705,15,003,4,9,Honolulu County               ,116,116,33155355,0,0,0,0,0,0,0,0,0,116,116,33155355,0,0,0,0,0,0,0,0,0
201705,15,007,4,9,Kauai County                  ,36,36,13202469,1,2,690882,0,0,0,0,0,0,36,36,13202469,1,2,690882,0,0,0,0,0,0
201705,15,009,4,9,Maui County                   ,43,43,16036307,1,2,493147,2,8,1895238,18,110,14008393,43,43,16036307,1,2,493147,2,8,1895238,18,110,14008393
201705,16,001,4,8,Ada County                    ,379,379,99042941,1,2,204371,7,28,1400000,8,84,8796291,326,326,88168641,1,2,204371,7,28,1400000,8,84,8796291
201705,16,015,4,8,Boise County                  ,8,8,1338944,0,0,0,0,0,0,0,0,0,8,8,1338944,0,0,0,0,0,0,0,0,0
201705,16,027,4,8,Canyon County                 ,129,129,22686990,0,0,0,2,8,668000,4,48,3595000,128,128,22389490,0,0,0,2,8,668000,4,48,3595000
201705,16,045,4,8,Gem County                    ,8,8,1052540,0,0,0,0,0,0,1,5,298436,6,6,816000,0,0,0,0,0,0,0,0,0
201705,16,073,4,8,Owyhee County                 ,3,3,633740,0,0,0,0,0,0,0,0,0,2,2,474757,0,0,0,0,0,0,0,0,0
201705,17,005,2,3,Bond County                   ,1,1,176208,0,0,0,0,0,0,0,0,0,0,0,0,0,0,0,0,0,0,0,0,0
201705,17,013,2,3,Calhoun County                ,1,1,100000,0,0,0,0,0,0,0,0,0,1,1,100000,0,0,0,0,0,0,0,0,0
201705,17,031,2,3,Cook County                   ,172,172,56875137,1,2,631500,10,31,10110792,13,212,41770877,141,141,48633418,1,2,631500,9,28,9663250,12,207,40850495
201705,17,037,2,3,DeKalb County                 ,9,9,1635000,0,0,0,0,0,0,0,0,0,9,9,1635000,0,0,0,0,0,0,0,0,0
201705,17,039,2,3,De Witt County                ,2,2,498000,0,0,0,0,0,0,0,0,0,2,2,498000,0,0,0,0,0,0,0,0,0
201705,17,043,2,3,DuPage County                 ,82,82,27892071,3,6,1040631,2,6,982880,2,62,34545553,72,72,23786223,2,4,700000,2,6,982880,1,39,34000000
201705,17,063,2,3,Grundy County                 ,10,10,2330427,0,0,0,0,0,0,2,11,564102,7,7,1743704,0,0,0,0,0,0,0,0,0
201705,17,083,2,3,Jersey County                 ,3,3,493334,0,0,0,0,0,0,0,0,0,1,1,182116,0,0,0,0,0,0,0,0,0
201705,17,093,2,3,Kendall County                ,25,25,6132373,0,0,0,0,0,0,0,0,0,20,20,4991485,0,0,0,0,0,0,0,0,0
201705,17,097,2,3,Lake County                   ,62,62,22184383,1,2,83333,0,0,0,2,14,3733542,33,33,9340475,0,0,0,0,0,0,0,0,0
201705,17,111,2,3,McHenry County                ,33,33,5412775,0,0,0,0,0,0,0,0,0,27,27,4747583,0,0,0,0,0,0,0,0,0
201705,17,119,2,3,Madison County                ,37,37,9042022,0,0,0,0,0,0,1,5,673770,26,26,6469861,0,0,0,0,0,0,0,0,0
201705,17,133,2,3,Monroe County                 ,14,14,3975903,0,0,0,0,0,0,0,0,0,9,9,2794608,0,0,0,0,0,0,0,0,0
201705,17,197,2,3,Will County                   ,124,124,30473782,0,0,0,0,0,0,1,5,1015625,101,101,25766319,0,0,0,0,0,0,0,0,0
201705,18,003,2,3,Allen County                  ,98,98,24574975,6,12,745416,0,0,0,0,0,0,98,98,24574975,6,12,745416,0,0,0,0,0,0
201705,18,011,2,3,Boone County                  ,25,25,7088022,15,30,11111300,0,0,0,0,0,0,25,25,7088022,15,30,11111300,0,0,0,0,0,0
201705,18,013,2,3,Brown County                  ,8,8,2069634,0,0,0,0,0,0,0,0,0,8,8,2069634,0,0,0,0,0,0,0,0,0
201705,18,019,2,3,Clark County                  ,44,44,8411601,0,0,0,0,0,0,0,0,0,40,40,7851725,0,0,0,0,0,0,0,0,0
201705,18,047,2,3,Franklin County               ,9,9,2473000,0,0,0,0,0,0,0,0,0,9,9,2473000,0,0,0,0,0,0,0,0,0
201705,18,057,2,3,Hamilton County               ,191,191,60600539,0,0,0,0,0,0,0,0,0,191,191,60600539,0,0,0,0,0,0,0,0,0
201705,18,059,2,3,Hancock County                ,50,50,10162711,0,0,0,0,0,0,0,0,0,50,50,10162711,0,0,0,0,0,0,0,0,0
201705,18,061,2,3,Harrison County               ,6,6,1023000,0,0,0,0,0,0,0,0,0,6,6,1023000,0,0,0,0,0,0,0,0,0
201705,18,063,2,3,Hendricks County              ,238,238,36116175,0,0,0,0,0,0,0,0,0,230,230,34363235,0,0,0,0,0,0,0,0,0
201705,18,069,2,3,Huntington County             ,5,5,908734,0,0,0,0,0,0,0,0,0,5,5,908734,0,0,0,0,0,0,0,0,0
201705,18,073,2,3,Jasper County                 ,11,11,2794634,0,0,0,0,0,0,0,0,0,11,11,2794634,0,0,0,0,0,0,0,0,0
201705,18,081,2,3,Johnson County                ,97,97,23722267,0,0,0,0,0,0,0,0,0,94,94,23375560,0,0,0,0,0,0,0,0,0
201705,18,087,2,3,Lagrange County               ,24,24,4292949,0,0,0,0,0,0,0,0,0,24,24,4292949,0,0,0,0,0,0,0,0,0
201705,18,089,2,3,Lake County                   ,135,135,31031189,1,2,124900,1,3,615000,0,0,0,126,126,29572257,1,2,124900,1,3,615000,0,0,0
201705,18,097,2,3,Marion County                 ,93,93,23358634,1,2,242296,0,0,0,0,0,0,83,83,21472449,1,2,242296,0,0,0,0,0,0
201705,18,105,2,3,Monroe County                 ,19,19,4915380,1,2,242296,0,0,0,1,164,19036283,19,19,4915380,1,2,242296,0,0,0,1,164,19036283
201705,18,109,2,3,Morgan County                 ,14,14,2395854,0,0,0,0,0,0,0,0,0,14,14,2395854,0,0,0,0,0,0,0,0,0
201705,18,111,2,3,Newton County                 ,2,2,421680,0,0,0,0,0,0,0,0,0,0,0,0,0,0,0,0,0,0,0,0,0
201705,18,115,2,3,Ohio County                   ,4,4,474000,0,0,0,0,0,0,0,0,0,4,4,474000,0,0,0,0,0,0,0,0,0
201705,18,119,2,3,Owen County                   ,6,6,1552225,0,0,0,0,0,0,0,0,0,6,6,1552225,0,0,0,0,0,0,0,0,0
201705,18,127,2,3,Porter County                 ,68,68,17911423,1,2,240000,0,0,0,0,0,0,59,59,16383807,1,2,240000,0,0,0,0,0,0
201705,18,133,2,3,Putnam County                 ,2,2,525000,2,4,290000,0,0,0,0,0,0,2,2,525000,2,4,290000,0,0,0,0,0,0
201705,18,145,2,3,Shelby County                 ,7,7,1768491,0,0,0,0,0,0,0,0,0,7,7,1768491,0,0,0,0,0,0,0,0,0
201705,18,151,2,3,Steuben County                ,13,13,3881554,2,4,480000,0,0,0,0,0,0,13,13,3881554,2,4,480000,0,0,0,0,0,0
201705,18,157,2,3,Tippecanoe County             ,48,48,11458572,1,2,360000,0,0,0,1,73,9600000,7,7,1949600,0,0,0,0,0,0,1,73,9600000
201705,18,163,2,3,Vanderburgh County            ,31,31,6620933,2,4,140000,0,0,0,0,0,0,31,31,6620933,2,4,140000,0,0,0,0,0,0
201705,18,167,2,3,Vigo County                   ,3,3,854000,0,0,0,0,0,0,0,0,0,3,3,854000,0,0,0,0,0,0,0,0,0
201705,18,175,2,3,Washington County             ,3,3,494615,0,0,0,0,0,0,0,0,0,0,0,0,0,0,0,0,0,0,0,0,0
201705,18,183,2,3,Whitley County                ,18,18,4005844,0,0,0,0,0,0,0,0,0,18,18,4005844,0,0,0,0,0,0,0,0,0
201705,19,049,2,4,Dallas County                 ,61,61,16234246,2,4,628362,0,0,0,1,5,460526,61,61,16234246,2,4,628362,0,0,0,0,0,0
201705,19,085,2,4,Harrison County               ,2,2,700000,0,0,0,0,0,0,0,0,0,2,2,700000,0,0,0,0,0,0,0,0,0
201705,19,129,2,4,Mills County                  ,0,0,0,0,0,0,0,0,0,0,0,0,0,0,0,0,0,0,0,0,0,0,0,0
201705,19,153,2,4,Polk County                   ,246,246,62205096,0,0,0,0,0,0,5,285,33618112,246,246,62205096,0,0,0,0,0,0,5,285,33618112
201705,19,181,2,4,Warren County                 ,35,35,9245137,1,2,305300,0,0,0,0,0,0,33,33,8767484,1,2,305300,0,0,0,0,0,0
201705,20,091,2,4,Johnson County                ,170,170,54539857,1,2,335927,0,0,0,18,165,17553252,80,80,26445682,0,0,0,0,0,0,16,128,12757911
201705,20,103,2,4,Leavenworth County            ,17,17,3345640,0,0,0,0,0,0,0,0,0,17,17,3345640,0,0,0,0,0,0,0,0,0
201705,20,107,2,4,Linn County                   ,5,5,541000,0,0,0,0,0,0,0,0,0,5,5,541000,0,0,0,0,0,0,0,0,0
201705,20,121,2,4,Miami County                  ,11,11,3134418,0,0,0,0,0,0,0,0,0,1,1,258000,0,0,0,0,0,0,0,0,0
201705,20,209,2,4,Wyandotte County              ,22,22,3837140,0,0,0,0,0,0,0,0,0,22,22,3837140,0,0,0,0,0,0,0,0,0
201705,21,005,3,6,Anderson County               ,15,15,3367559,0,0,0,0,0,0,0,0,0,15,15,3367559,0,0,0,0,0,0,0,0,0
201705,21,015,3,6,Boone County                  ,42,42,7041282,0,0,0,1,4,525975,1,8,962319,42,42,7041282,0,0,0,1,4,525975,1,8,962319
201705,21,017,3,6,Bourbon County                ,5,5,1025000,0,0,0,0,0,0,0,0,0,5,5,1025000,0,0,0,0,0,0,0,0,0
201705,21,021,3,6,Boyle County                  ,5,5,1170000,0,0,0,0,0,0,0,0,0,5,5,1170000,0,0,0,0,0,0,0,0,0
201705,21,029,3,6,Bullitt County                ,41,41,8914400,0,0,0,0,0,0,0,0,0,41,41,8914400,0,0,0,0,0,0,0,0,0
201705,21,035,3,6,Calloway County               ,3,3,692500,3,6,415000,8,29,1392000,1,7,475000,3,3,692500,3,6,415000,8,29,1392000,1,7,475000
201705,21,037,3,6,Campbell County               ,19,19,4132674,0,0,0,0,0,0,0,0,0,19,19,4132674,0,0,0,0,0,0,0,0,0
201705,21,045,3,6,Casey County                  ,0,0,0,0,0,0,0,0,0,0,0,0,0,0,0,0,0,0,0,0,0,0,0,0
201705,21,047,3,6,Christian County              ,5,5,602400,0,0,0,0,0,0,0,0,0,3,3,460000,0,0,0,0,0,0,0,0,0
201705,21,049,3,6,Clark County                  ,5,5,1089413,0,0,0,0,0,0,1,5,346250,0,0,0,0,0,0,0,0,0,0,0,0
201705,21,067,3,6,Fayette County                ,70,70,11507850,0,0,0,0,0,0,1,43,3365446,0,0,0,0,0,0,0,0,0,0,0,0
201705,21,069,3,6,Fleming County                ,0,0,0,0,0,0,0,0,0,0,0,0,0,0,0,0,0,0,0,0,0,0,0,0
201705,21,077,3,6,Gallatin County               ,2,2,405650,0,0,0,0,0,0,0,0,0,2,2,405650,0,0,0,0,0,0,0,0,0
201705,21,081,3,6,Grant County                  ,8,8,1394000,0,0,0,0,0,0,0,0,0,8,8,1394000,0,0,0,0,0,0,0,0,0
201705,21,091,3,6,Hancock County                ,0,0,0,0,0,0,0,0,0,0,0,0,0,0,0,0,0,0,0,0,0,0,0,0
201705,21,099,3,6,Hart County                   ,6,6,583500,0,0,0,0,0,0,1,5,567738,0,0,0,0,0,0,0,0,0,0,0,0
201705,21,101,3,6,Henderson County              ,2,2,472013,0,0,0,0,0,0,0,0,0,0,0,0,0,0,0,0,0,0,0,0,0
201705,21,103,3,6,Henry County                  ,4,4,698411,0,0,0,0,0,0,0,0,0,0,0,0,0,0,0,0,0,0,0,0,0
201705,21,111,3,6,Jefferson County              ,126,126,33286828,1,2,137500,0,0,0,15,322,17675002,126,126,33286828,1,2,137500,0,0,0,15,322,17675002
201705,21,113,3,6,Jessamine County              ,20,20,7127795,0,0,0,0,0,0,0,0,0,10,10,4960000,0,0,0,0,0,0,0,0,0
201705,21,115,3,6,Johnson County                ,0,0,0,0,0,0,0,0,0,0,0,0,0,0,0,0,0,0,0,0,0,0,0,0
201705,21,117,3,6,Kenton County                 ,27,27,7311381,0,0,0,0,0,0,0,0,0,27,27,7311381,0,0,0,0,0,0,0,0,0
201705,21,121,3,6,Knox County                   ,0,0,0,0,0,0,0,0,0,0,0,0,0,0,0,0,0,0,0,0,0,0,0,0
201705,21,123,3,6,Larue County                  ,3,3,693738,0,0,0,0,0,0,0,0,0,3,3,693738,0,0,0,0,0,0,0,0,0
201705,21,137,3,6,Lincoln County                ,1,1,194226,0,0,0,0,0,0,0,0,0,1,1,194226,0,0,0,0,0,0,0,0,0
201705,21,145,3,6,McCracken County              ,9,9,2220335,0,0,0,1,4,717400,0,0,0,9,9,2220335,0,0,0,1,4,717400,0,0,0
201705,21,151,3,6,Madison County                ,21,21,1961913,1,2,112996,0,0,0,1,5,168572,7,7,750000,0,0,0,0,0,0,0,0,0
201705,21,157,3,6,Marshall County               ,11,11,4526700,0,0,0,0,0,0,0,0,0,11,11,4526700,0,0,0,0,0,0,0,0,0
201705,21,161,3,6,Mason County                  ,3,3,530000,0,0,0,0,0,0,0,0,0,3,3,530000,0,0,0,0,0,0,0,0,0
201705,21,163,3,6,Meade County                  ,10,10,1340000,0,0,0,0,0,0,0,0,0,10,10,1340000,0,0,0,0,0,0,0,0,0
201705,21,167,3,6,Mercer County                 ,5,5,945000,0,0,0,0,0,0,0,0,0,5,5,945000,0,0,0,0,0,0,0,0,0
201705,21,175,3,6,Morgan County                 ,2,2,150000,0,0,0,0,0,0,0,0,0,0,0,0,0,0,0,0,0,0,0,0,0
201705,21,179,3,6,Nelson County                 ,12,12,2119000,0,0,0,0,0,0,0,0,0,12,12,2119000,0,0,0,0,0,0,0,0,0
201705,21,185,3,6,Oldham County                 ,33,33,10315870,1,2,98833,0,0,0,0,0,0,0,0,0,0,0,0,0,0,0,0,0,0
201705,21,191,3,6,Pendleton County              ,0,0,0,0,0,0,0,0,0,0,0,0,0,0,0,0,0,0,0,0,0,0,0,0
201705,21,209,3,6,Scott County                  ,53,53,8643985,3,6,750000,0,0,0,0,0,0,53,53,8643985,3,6,750000,0,0,0,0,0,0
201705,21,211,3,6,Shelby County                 ,35,35,8271143,0,0,0,0,0,0,0,0,0,35,35,8271143,0,0,0,0,0,0,0,0,0
201705,21,213,3,6,Simpson County                ,9,9,1136298,0,0,0,0,0,0,1,5,372381,0,0,0,0,0,0,0,0,0,0,0,0
201705,21,215,3,6,Spencer County                ,10,10,2312459,0,0,0,0,0,0,0,0,0,10,10,2312459,0,0,0,0,0,0,0,0,0
201705,21,221,3,6,Trigg County                  ,0,0,0,0,0,0,0,0,0,0,0,0,0,0,0,0,0,0,0,0,0,0,0,0
201705,21,225,3,6,Union County                  ,1,1,209366,0,0,0,0,0,0,0,0,0,0,0,0,0,0,0,0,0,0,0,0,0
201705,21,239,3,6,Woodford County               ,9,9,2022115,1,2,400000,0,0,0,0,0,0,9,9,2022115,1,2,400000,0,0,0,0,0,0
201705,22,005,3,7,Ascension Parish              ,88,88,14707619,0,0,0,0,0,0,0,0,0,5,5,1174695,0,0,0,0,0,0,0,0,0
201705,22,015,3,7,Bossier Parish                ,82,82,16016937,0,0,0,0,0,0,0,0,0,82,82,16016937,0,0,0,0,0,0,0,0,0
201705,22,017,3,7,Caddo Parish                  ,33,33,8204423,0,0,0,0,0,0,0,0,0,31,31,7891175,0,0,0,0,0,0,0,0,0
201705,22,031,3,7,De Soto Parish                ,12,12,3041985,0,0,0,0,0,0,1,9,664407,6,6,1700000,0,0,0,0,0,0,0,0,0
201705,22,033,3,7,East Baton Rouge Parish       ,114,114,25832939,0,0,0,0,0,0,0,0,0,114,114,25832939,0,0,0,0,0,0,0,0,0
201705,22,037,3,7,East Feliciana Parish         ,7,7,1359583,0,0,0,0,0,0,0,0,0,7,7,1359583,0,0,0,0,0,0,0,0,0
201705,22,047,3,7,Iberville Parish              ,18,18,1939576,0,0,0,0,0,0,0,0,0,10,10,246600,0,0,0,0,0,0,0,0,0
201705,22,051,3,7,Jefferson Parish              ,44,44,9902292,0,0,0,0,0,0,1,8,804718,0,0,0,0,0,0,0,0,0,0,0,0
201705,22,055,3,7,Lafayette Parish              ,108,108,22816645,0,0,0,0,0,0,0,0,0,72,72,17970572,0,0,0,0,0,0,0,0,0
201705,22,063,3,7,Livingston Parish             ,80,80,17906678,0,0,0,1,3,232174,0,0,0,6,6,1122000,0,0,0,0,0,0,0,0,0
201705,22,071,3,7,Orleans Parish                ,29,29,6289824,3,6,727878,0,0,0,1,14,3445982,0,0,0,0,0,0,0,0,0,0,0,0
201705,22,075,3,7,Plaquemines Parish            ,5,5,1534680,0,0,0,0,0,0,0,0,0,0,0,0,0,0,0,0,0,0,0,0,0
201705,22,077,3,7,Pointe Coupee Parish          ,2,2,1296092,0,0,0,0,0,0,0,0,0,2,2,1296092,0,0,0,0,0,0,0,0,0
201705,22,087,3,7,St. Bernard Parish            ,10,10,1961000,0,0,0,0,0,0,0,0,0,10,10,1961000,0,0,0,0,0,0,0,0,0
201705,22,089,3,7,St. Charles Parish            ,12,12,3314299,0,0,0,0,0,0,0,0,0,12,12,3314299,0,0,0,0,0,0,0,0,0
201705,22,091,3,7,St. Helena Parish             ,0,0,0,0,0,0,0,0,0,0,0,0,0,0,0,0,0,0,0,0,0,0,0,0
201705,22,095,3,7,St. John the Baptist Parish   ,4,4,639052,0,0,0,0,0,0,0,0,0,0,0,0,0,0,0,0,0,0,0,0,0
201705,22,099,3,7,St. Martin Parish             ,12,12,2500770,0,0,0,0,0,0,0,0,0,10,10,1935894,0,0,0,0,0,0,0,0,0
201705,22,103,3,7,St. Tammany Parish            ,104,104,22953078,0,0,0,0,0,0,0,0,0,99,99,21215687,0,0,0,0,0,0,0,0,0
201705,22,109,3,7,Terrebonne Parish             ,13,13,2037695,0,0,0,0,0,0,0,0,0,13,13,2037695,0,0,0,0,0,0,0,0,0
201705,22,121,3,7,West Baton Rouge Parish       ,16,16,2337222,0,0,0,0,0,0,0,0,0,15,15,2246160,0,0,0,0,0,0,0,0,0
201705,22,125,3,7,West Feliciana Parish         ,3,3,1219681,0,0,0,0,0,0,0,0,0,0,0,0,0,0,0,0,0,0,0,0,0
201705,23,000,1,1,Maine Unorganized Territory   ,9,9,1195202,0,0,0,0,0,0,0,0,0,0,0,0,0,0,0,0,0,0,0,0,0
201705,24,003,3,5,Anne Arundel County           ,214,214,49251953,0,0,0,0,0,0,0,0,0,210,210,48561640,0,0,0,0,0,0,0,0,0
201705,24,005,3,5,Baltimore County              ,74,74,17112197,0,0,0,0,0,0,0,0,0,74,74,17112197,0,0,0,0,0,0,0,0,0
201705,24,009,3,5,Calvert County                ,21,21,4856164,0,0,0,0,0,0,0,0,0,21,21,4856164,0,0,0,0,0,0,0,0,0
201705,24,013,3,5,Carroll County                ,19,19,4393672,0,0,0,0,0,0,0,0,0,19,19,4393672,0,0,0,0,0,0,0,0,0
201705,24,015,3,5,Cecil County                  ,12,12,2039160,0,0,0,0,0,0,0,0,0,12,12,2039160,0,0,0,0,0,0,0,0,0
201705,24,017,3,5,Charles County                ,67,67,12956000,0,0,0,0,0,0,0,0,0,67,67,12956000,0,0,0,0,0,0,0,0,0
201705,24,021,3,5,Frederick County              ,165,165,38340413,0,0,0,0,0,0,0,0,0,165,165,38340413,0,0,0,0,0,0,0,0,0
201705,24,023,3,5,Garrett County                ,9,9,2800000,0,0,0,0,0,0,0,0,0,9,9,2800000,0,0,0,0,0,0,0,0,0
201705,24,025,3,5,Harford County                ,61,61,13072042,0,0,0,0,0,0,3,138,15000000,61,61,13072042,0,0,0,0,0,0,3,138,15000000
201705,24,027,3,5,Howard County                 ,83,83,19193410,0,0,0,0,0,0,0,0,0,83,83,19193410,0,0,0,0,0,0,0,0,0
201705,24,031,3,5,Montgomery County             ,99,99,22893345,12,24,1150000,0,0,0,1,338,82000000,99,99,22893345,12,24,1150000,0,0,0,1,338,82000000
201705,24,033,3,5,Prince George County          ,138,138,31954966,0,0,0,0,0,0,1,122,16600000,137,137,31680689,0,0,0,0,0,0,1,122,16600000
201705,24,035,3,5,Queen Anne County             ,25,25,5935000,0,0,0,0,0,0,0,0,0,25,25,5935000,0,0,0,0,0,0,0,0,0
201705,24,037,3,5,St. Marys County              ,135,135,24839394,0,0,0,0,0,0,0,0,0,135,135,24839394,0,0,0,0,0,0,0,0,0
201705,24,039,3,5,Somerset County               ,2,2,345836,0,0,0,0,0,0,0,0,0,0,0,0,0,0,0,0,0,0,0,0,0
201705,24,045,3,5,Wicomico County               ,15,15,3137235,0,0,0,0,0,0,0,0,0,15,15,3137235,0,0,0,0,0,0,0,0,0
201705,24,510,3,5,Baltimore (Independent City)  ,28,28,4882909,0,0,0,0,0,0,1,43,8829193,0,0,0,0,0,0,0,0,0,0,0,0
201705,25,005,1,1,Bristol County                ,83,83,16779570,1,2,225000,0,0,0,2,14,1185766,50,50,9866811,1,2,225000,0,0,0,0,0,0
201705,25,009,1,1,Essex County                  ,59,59,19861723,4,8,1130833,0,0,0,1,8,1549332,36,36,12245828,2,4,495000,0,0,0,0,0,0
201705,25,017,1,1,Middlesex County              ,129,129,38184714,6,12,2319599,1,3,660625,13,207,24597183,76,76,23123646,3,6,1229590,0,0,0,3,108,9000000
201705,25,021,1,1,Norfolk County                ,69,69,29652358,2,4,746518,0,0,0,5,96,11218287,51,51,24871197,1,2,398000,0,0,0,1,50,6306745
201705,25,023,1,1,Plymouth County               ,82,82,19857590,2,4,470000,0,0,0,1,5,428571,51,51,11629410,1,2,220000,0,0,0,0,0,0
201705,25,025,1,1,Suffolk County                ,5,5,1240758,8,16,2096718,2,6,906000,16,825,254672684,4,4,1071350,7,14,1890515,2,6,906000,14,812,251953929
201705,26,000,2,3,Michigan Balance of State     ,6,6,1123414,0,0,0,0,0,0,0,0,0,0,0,0,0,0,0,0,0,0,0,0,0
201705,26,019,2,3,Benzie County                 ,13,13,2909944,0,0,0,0,0,0,0,0,0,13,13,2909944,0,0,0,0,0,0,0,0,0
201705,26,029,2,3,Charlevoix County             ,6,6,1221981,0,0,0,0,0,0,0,0,0,0,0,0,0,0,0,0,0,0,0,0,0
201705,26,089,2,3,Leelanau County               ,14,14,3890700,0,0,0,0,0,0,0,0,0,0,0,0,0,0,0,0,0,0,0,0,0
201705,26,093,2,3,Livingston County             ,61,61,18860316,0,0,0,0,0,0,0,0,0,59,59,18656173,0,0,0,0,0,0,0,0,0
201705,26,095,2,3,Luce County                   ,0,0,0,0,0,0,0,0,0,0,0,0,0,0,0,0,0,0,0,0,0,0,0,0
201705,26,099,2,3,Macomb County                 ,182,182,43545332,1,2,218095,1,3,195000,3,32,4231808,177,177,42625295,0,0,0,0,0,0,3,32,4231808
201705,26,103,2,3,Marquette County              ,13,13,2929600,0,0,0,0,0,0,0,0,0,13,13,2929600,0,0,0,0,0,0,0,0,0
201705,26,137,2,3,Otsego County                 ,2,2,162000,0,0,0,0,0,0,0,0,0,0,0,0,0,0,0,0,0,0,0,0,0
201705,26,147,2,3,St. Clair County              ,22,22,3950001,0,0,0,0,0,0,4,96,7296700,20,20,3498088,0,0,0,0,0,0,4,96,7296700
201705,26,163,2,3,Wayne County                  ,89,89,21720100,0,0,0,2,8,1690000,2,519,66568225,68,68,17027003,0,0,0,2,8,1690000,2,519,66568225
201705,27,003,2,4,Anoka County                  ,107,107,28924600,0,0,0,1,4,626659,0,0,0,81,81,21968386,0,0,0,1,4,626659,0,0,0
201705,27,019,2,4,Carver County                 ,57,57,17974786,0,0,0,0,0,0,0,0,0,57,57,17974786,0,0,0,0,0,0,0,0,0
201705,27,025,2,4,Chisago County                ,28,28,5171406,1,2,408000,0,0,0,0,0,0,28,28,5171406,1,2,408000,0,0,0,0,0,0
201705,27,027,2,4,Clay County                   ,17,17,3641500,0,0,0,0,0,0,0,0,0,17,17,3641500,0,0,0,0,0,0,0,0,0
201705,27,037,2,4,Dakota County                 ,112,112,32658131,0,0,0,1,3,540000,1,146,19000000,87,87,24493788,0,0,0,0,0,0,1,146,19000000
201705,27,053,2,4,Hennepin County               ,208,208,79432757,0,0,0,1,3,1240229,5,307,47132776,197,197,75182899,0,0,0,1,3,1240229,4,284,43070303
201705,27,059,2,4,Isanti County                 ,24,24,4962653,0,0,0,0,0,0,0,0,0,23,23,4642903,0,0,0,0,0,0,0,0,0
201705,27,123,2,4,Ramsey County                 ,33,33,13215982,0,0,0,0,0,0,0,0,0,31,31,12710928,0,0,0,0,0,0,0,0,0
201705,27,139,2,4,Scott County                  ,57,57,18531075,0,0,0,0,0,0,0,0,0,50,50,17103154,0,0,0,0,0,0,0,0,0
201705,27,141,2,4,Sherburne County              ,41,41,9057650,0,0,0,0,0,0,0,0,0,25,25,5494848,0,0,0,0,0,0,0,0,0
201705,27,163,2,4,Washington County             ,72,72,22557333,0,0,0,0,0,0,0,0,0,65,65,19171990,0,0,0,0,0,0,0,0,0
201705,27,171,2,4,Wright County                 ,73,73,18999600,0,0,0,0,0,0,0,0,0,65,65,17321157,0,0,0,0,0,0,0,0,0
201705,28,033,3,6,DeSoto County                 ,127,127,21192734,0,0,0,0,0,0,0,0,0,123,123,20878348,0,0,0,0,0,0,0,0,0
201705,28,041,3,6,Greene County                 ,0,0,0,0,0,0,0,0,0,0,0,0,0,0,0,0,0,0,0,0,0,0,0,0
201705,28,045,3,6,Hancock County                ,47,47,8187738,0,0,0,1,3,301084,1,7,592639,19,19,3903159,0,0,0,0,0,0,0,0,0
201705,28,047,3,6,Harrison County               ,97,97,16696880,0,0,0,0,0,0,1,5,278124,85,85,15333668,0,0,0,0,0,0,1,5,278124
201705,28,067,3,6,Jones County                  ,0,0,0,0,0,0,0,0,0,0,0,0,0,0,0,0,0,0,0,0,0,0,0,0
201705,28,137,3,6,Tate County                   ,16,16,2461462,0,0,0,0,0,0,0,0,0,15,15,2413000,0,0,0,0,0,0,0,0,0
201705,28,143,3,6,Tunica County                 ,2,2,160640,0,0,0,0,0,0,0,0,0,0,0,0,0,0,0,0,0,0,0,0,0
201705,28,145,3,6,Union County                  ,1,1,160000,0,0,0,0,0,0,0,0,0,1,1,160000,0,0,0,0,0,0,0,0,0
201705,28,149,3,6,Warren County                 ,0,0,0,0,0,0,0,0,0,0,0,0,0,0,0,0,0,0,0,0,0,0,0,0
201705,29,013,2,4,Bates County                  ,0,0,0,0,0,0,0,0,0,0,0,0,0,0,0,0,0,0,0,0,0,0,0,0
201705,29,017,2,4,Bollinger County              ,0,0,0,0,0,0,0,0,0,0,0,0,0,0,0,0,0,0,0,0,0,0,0,0
201705,29,019,2,4,Boone County                  ,57,57,12246087,0,0,0,0,0,0,0,0,0,57,57,12246087,0,0,0,0,0,0,0,0,0
201705,29,049,2,4,Clinton County                ,6,6,1317600,0,0,0,0,0,0,0,0,0,6,6,1317600,0,0,0,0,0,0,0,0,0
201705,29,065,2,4,Dent County                   ,0,0,0,0,0,0,0,0,0,0,0,0,0,0,0,0,0,0,0,0,0,0,0,0
201705,29,071,2,4,Franklin County               ,49,49,8166262,1,2,242296,0,0,0,0,0,0,29,29,3829314,1,2,242296,0,0,0,0,0,0
201705,29,095,2,4,Jackson County                ,143,143,32035354,6,12,1052240,0,0,0,6,786,65659886,142,142,31923187,6,12,1052240,0,0,0,6,786,65659886
201705,29,099,2,4,Jefferson County              ,73,73,12072820,0,0,0,0,0,0,0,0,0,64,64,10634545,0,0,0,0,0,0,0,0,0
201705,29,105,2,4,Laclede County                ,0,0,0,0,0,0,0,0,0,0,0,0,0,0,0,0,0,0,0,0,0,0,0,0
201705,29,107,2,4,Lafayette County              ,2,2,461164,0,0,0,0,0,0,0,0,0,0,0,0,0,0,0,0,0,0,0,0,0
201705,29,113,2,4,Lincoln County                ,8,8,1690704,0,0,0,0,0,0,0,0,0,8,8,1690704,0,0,0,0,0,0,0,0,0
201705,29,165,2,4,Platte County                 ,34,34,9419197,0,0,0,0,0,0,0,0,0,30,30,8377446,0,0,0,0,0,0,0,0,0
201705,29,185,2,4,St. Clair County              ,0,0,0,0,0,0,0,0,0,0,0,0,0,0,0,0,0,0,0,0,0,0,0,0
201705,29,189,2,4,St. Louis County              ,101,101,39048179,0,0,0,0,0,0,2,20,2301026,29,29,9443505,0,0,0,0,0,0,0,0,0
201705,29,219,2,4,Warren County                 ,26,26,5976459,0,0,0,0,0,0,0,0,0,26,26,5976459,0,0,0,0,0,0,0,0,0
201705,29,221,2,4,Washington County             ,0,0,0,0,0,0,0,0,0,0,0,0,0,0,0,0,0,0,0,0,0,0,0,0
201705,29,510,2,4,St. Louis (Independent City)  ,13,13,2365000,0,0,0,0,0,0,0,0,0,13,13,2365000,0,0,0,0,0,0,0,0,0
201705,30,033,4,8,Garfield County               ,0,0,0,0,0,0,0,0,0,0,0,0,0,0,0,0,0,0,0,0,0,0,0,0
201705,30,063,4,8,Missoula County               ,42,42,8695560,4,8,1256359,0,0,0,4,108,7462488,42,42,8695560,4,8,1256359,0,0,0,4,108,7462488
201705,30,093,4,8,Silver Bow County             ,15,15,1558468,0,0,0,0,0,0,0,0,0,15,15,1558468,0,0,0,0,0,0,0,0,0
201705,31,001,2,4,Adams County                  ,8,8,2022267,0,0,0,0,0,0,0,0,0,6,6,1627637,0,0,0,0,0,0,0,0,0
201705,31,025,2,4,Cass County                   ,17,17,3210832,0,0,0,0,0,0,0,0,0,17,17,3210832,0,0,0,0,0,0,0,0,0
201705,31,033,2,4,Cheyenne County               ,1,1,258704,0,0,0,0,0,0,0,0,0,1,1,258704,0,0,0,0,0,0,0,0,0
201705,31,055,2,4,Douglas County                ,149,149,23425162,0,0,0,0,0,0,10,372,24568431,139,139,21246784,0,0,0,0,0,0,10,372,24568431
201705,31,105,2,4,Kimball County                ,0,0,0,0,0,0,0,0,0,0,0,0,0,0,0,0,0,0,0,0,0,0,0,0
201705,31,153,2,4,Sarpy County                  ,102,102,26962198,0,0,0,0,0,0,0,0,0,70,70,19046066,0,0,0,0,0,0,0,0,0
201705,31,165,2,4,Sioux County                  ,0,0,0,0,0,0,0,0,0,0,0,0,0,0,0,0,0,0,0,0,0,0,0,0
201705,31,177,2,4,Washington County             ,4,4,957263,0,0,0,0,0,0,0,0,0,2,2,473643,0,0,0,0,0,0,0,0,0
201705,32,001,4,8,Churchill County              ,3,3,740467,0,0,0,0,0,0,0,0,0,3,3,740467,0,0,0,0,0,0,0,0,0
201705,32,003,4,8,Clark County                  ,1022,1022,198143960,0,0,0,2,6,858743,11,314,25885624,1022,1022,198143960,0,0,0,2,6,858743,11,314,25885624
201705,32,005,4,8,Douglas County                ,18,18,6718273,0,0,0,0,0,0,0,0,0,18,18,6718273,0,0,0,0,0,0,0,0,0
201705,32,007,4,8,Elko County                   ,16,16,2574909,0,0,0,0,0,0,0,0,0,15,15,2508909,0,0,0,0,0,0,0,0,0
201705,32,013,4,8,Humboldt County               ,0,0,0,0,0,0,0,0,0,0,0,0,0,0,0,0,0,0,0,0,0,0,0,0
201705,32,015,4,8,Lander County                 ,0,0,0,0,0,0,0,0,0,0,0,0,0,0,0,0,0,0,0,0,0,0,0,0
201705,32,017,4,8,Lincoln County                ,1,1,270497,0,0,0,0,0,0,0,0,0,0,0,0,0,0,0,0,0,0,0,0,0
201705,32,019,4,8,Lyon County                   ,38,38,8408460,0,0,0,0,0,0,0,0,0,38,38,8408460,0,0,0,0,0,0,0,0,0
201705,32,021,4,8,Mineral County                ,0,0,0,0,0,0,0,0,0,0,0,0,0,0,0,0,0,0,0,0,0,0,0,0
201705,32,027,4,8,Pershing County               ,0,0,0,0,0,0,0,0,0,0,0,0,0,0,0,0,0,0,0,0,0,0,0,0
201705,32,029,4,8,Storey County                 ,1,1,120172,0,0,0,0,0,0,0,0,0,0,0,0,0,0,0,0,0,0,0,0,0
201705,32,031,4,8,Washoe County                 ,206,206,52911629,1,2,262716,0,0,0,15,175,23460184,154,154,41515029,1,2,262716,0,0,0,11,144,19387868
201705,32,033,4,8,White Pine County             ,0,0,0,0,0,0,0,0,0,0,0,0,0,0,0,0,0,0,0,0,0,0,0,0
201705,32,510,4,8,Carson City (Independent City),10,10,2747830,0,0,0,0,0,0,0,0,0,10,10,2747830,0,0,0,0,0,0,0,0,0
201705,33,015,1,1,Rockingham County             ,73,73,18451389,2,4,400000,1,3,481500,2,15,1736337,45,45,12073053,0,0,0,0,0,0,0,0,0
201705,33,017,1,1,Strafford County              ,29,29,6237127,0,0,0,0,0,0,0,0,0,19,19,4342538,0,0,0,0,0,0,0,0,0
201705,34,001,1,2,Atlantic County               ,13,13,2949833,0,0,0,0,0,0,2,48,3826768,12,12,2734838,0,0,0,0,0,0,1,40,2656100
201705,34,003,1,2,Bergen County                 ,87,87,24676654,15,30,7100809,1,4,335000,9,161,4623292,55,55,14833963,13,26,6686970,1,4,335000,2,123,1805000
201705,34,005,1,2,Burlington County             ,63,63,10088959,1,2,220409,0,0,0,3,17,1911810,44,44,7221514,0,0,0,0,0,0,0,0,0
201705,34,007,1,2,Camden County                 ,20,20,3149792,0,0,0,0,0,0,53,269,6597980,8,8,1322818,0,0,0,0,0,0,49,245,4923985
201705,34,009,1,2,Cape May County               ,43,43,17974395,3,6,1251000,0,0,0,0,0,0,43,43,17974395,3,6,1251000,0,0,0,0,0,0
201705,34,011,1,2,Cumberland County             ,10,10,1071849,0,0,0,0,0,0,1,5,666180,0,0,0,0,0,0,0,0,0,0,0,0
201705,34,013,1,2,Essex County                  ,38,38,7849318,1,2,210700,3,10,682600,11,288,33045930,15,15,5991739,1,2,210700,3,10,682600,4,164,23902644
201705,34,015,1,2,Gloucester County             ,27,27,4180485,0,0,0,0,0,0,0,0,0,18,18,3311797,0,0,0,0,0,0,0,0,0
201705,34,017,1,2,Hudson County                 ,13,13,2013526,4,8,1502000,1,4,189000,6,694,20316001,8,8,990901,4,8,1502000,1,4,189000,6,694,20316001
201705,34,019,1,2,Hunterdon County              ,24,24,4429601,0,0,0,0,0,0,1,6,244074,21,21,3846735,0,0,0,0,0,0,0,0,0
201705,34,021,1,2,Mercer County                 ,12,12,3197571,2,4,173829,2,7,617265,0,0,0,6,6,1988173,0,0,0,0,0,0,0,0,0
201705,34,023,1,2,Middlesex County              ,79,79,14790435,0,0,0,0,0,0,14,192,17503412,67,67,12835364,0,0,0,0,0,0,11,155,15550460
201705,34,025,1,2,Monmouth County               ,63,63,22485701,2,4,734418,0,0,0,4,32,1356462,53,53,19746571,0,0,0,0,0,0,3,27,1235250
201705,34,027,1,2,Morris County                 ,58,58,9546356,2,4,206098,34,119,4832400,4,33,854339,49,49,7244823,2,4,206098,34,119,4832400,1,8,110000
201705,34,029,1,2,Ocean County                  ,135,135,24406770,1,2,258571,0,0,0,6,70,5658319,84,84,16782866,0,0,0,0,0,0,5,56,5125000
201705,34,031,1,2,Passaic County                ,17,17,2750134,0,0,0,0,0,0,2,43,4397687,10,10,1428403,0,0,0,0,0,0,1,36,3225230
201705,34,033,1,2,Salem County                  ,5,5,557965,0,0,0,0,0,0,0,0,0,4,4,457000,0,0,0,0,0,0,0,0,0
201705,34,035,1,2,Somerset County               ,26,26,5729450,0,0,0,0,0,0,5,35,2205752,16,16,4113507,0,0,0,0,0,0,0,0,0
201705,34,037,1,2,Sussex County                 ,5,5,1313038,0,0,0,0,0,0,0,0,0,3,3,747900,0,0,0,0,0,0,0,0,0
201705,34,039,1,2,Union County                  ,24,24,8379240,7,14,1090832,0,0,0,7,125,3557799,13,13,6641593,0,0,0,0,0,0,1,45,917858
201705,34,041,1,2,Warren County                 ,8,8,1889400,0,0,0,0,0,0,0,0,0,7,7,1851900,0,0,0,0,0,0,0,0,0
201705,35,000,4,8,New Mexico Balance of State   ,41,41,11095931,0,0,0,0,0,0,0,0,0,0,0,0,0,0,0,0,0,0,0,0,0
201705,35,001,4,8,Bernalillo County             ,108,108,24786216,0,0,0,0,0,0,2,28,2808596,11,11,5545569,0,0,0,0,0,0,0,0,0
201705,35,005,4,8,Chaves County                 ,9,9,1526798,0,0,0,0,0,0,1,11,748611,0,0,0,0,0,0,0,0,0,0,0,0
201705,35,007,4,8,Colfax County                 ,1,1,451667,0,0,0,0,0,0,0,0,0,0,0,0,0,0,0,0,0,0,0,0,0
201705,35,009,4,8,Curry County                  ,6,6,1374056,0,0,0,0,0,0,0,0,0,6,6,1374056,0,0,0,0,0,0,0,0,0
201705,35,013,4,8,Dona Ana County               ,76,76,16419459,0,0,0,0,0,0,0,0,0,58,58,13135074,0,0,0,0,0,0,0,0,0
201705,35,015,4,8,Eddy County                   ,12,12,2063330,0,0,0,0,0,0,0,0,0,12,12,2063330,0,0,0,0,0,0,0,0,0
201705,35,017,4,8,Grant County                  ,1,1,154827,0,0,0,0,0,0,0,0,0,0,0,0,0,0,0,0,0,0,0,0,0
201705,35,025,4,8,Lea County                    ,9,9,2478866,0,0,0,0,0,0,0,0,0,9,9,2478866,0,0,0,0,0,0,0,0,0
201705,35,027,4,8,Lincoln County                ,8,8,2021842,0,0,0,0,0,0,0,0,0,0,0,0,0,0,0,0,0,0,0,0,0
201705,35,028,4,8,Los Alamos County             ,0,0,0,0,0,0,0,0,0,0,0,0,0,0,0,0,0,0,0,0,0,0,0,0
201705,35,029,4,8,Luna County                   ,1,1,174551,0,0,0,0,0,0,0,0,0,0,0,0,0,0,0,0,0,0,0,0,0
201705,35,031,4,8,McKinley County               ,1,1,230000,0,0,0,0,0,0,0,0,0,1,1,230000,0,0,0,0,0,0,0,0,0
201705,35,035,4,8,Otero County                  ,2,2,379056,0,0,0,0,0,0,0,0,0,2,2,379056,0,0,0,0,0,0,0,0,0
201705,35,041,4,8,Roosevelt County              ,1,1,138000,0,0,0,0,0,0,0,0,0,1,1,138000,0,0,0,0,0,0,0,0,0
201705,35,043,4,8,Sandoval County               ,85,85,17208866,1,2,283271,0,0,0,1,5,208333,0,0,0,0,0,0,0,0,0,0,0,0
201705,35,045,4,8,San Juan County               ,10,10,2238350,0,0,0,0,0,0,0,0,0,10,10,2238350,0,0,0,0,0,0,0,0,0
201705,35,047,4,8,San Miguel County             ,1,1,140000,0,0,0,0,0,0,0,0,0,0,0,0,0,0,0,0,0,0,0,0,0
201705,35,049,4,8,Santa Fe County               ,12,12,2994675,0,0,0,0,0,0,0,0,0,0,0,0,0,0,0,0,0,0,0,0,0
201705,35,051,4,8,Sierra County                 ,0,0,0,0,0,0,0,0,0,0,0,0,0,0,0,0,0,0,0,0,0,0,0,0
201705,35,053,4,8,Socorro County                ,0,0,0,0,0,0,0,0,0,0,0,0,0,0,0,0,0,0,0,0,0,0,0,0
201705,35,055,4,8,Taos County                   ,10,10,1096558,0,0,0,0,0,0,0,0,0,0,0,0,0,0,0,0,0,0,0,0,0
201705,35,061,4,8,Valencia County               ,11,11,1192532,0,0,0,0,0,0,0,0,0,0,0,0,0,0,0,0,0,0,0,0,0
201705,36,001,1,2,Albany County                 ,23,23,5318597,0,0,0,0,0,0,1,10,1640506,20,20,4770288,0,0,0,0,0,0,0,0,0
201705,36,005,1,2,Bronx County                  ,0,0,0,0,0,0,5,15,1823040,5,194,25513989,0,0,0,0,0,0,5,15,1823040,5,194,25513989
201705,36,029,1,2,Erie County                   ,71,71,20991059,0,0,0,1,3,475000,3,48,8564618,63,63,19330199,0,0,0,1,3,475000,2,18,1800000
201705,36,047,1,2,Kings County                  ,4,4,1071350,11,22,2970810,16,52,6319872,16,392,51554039,4,4,1071350,11,22,2970810,16,52,6319872,16,392,51554039
201705,36,051,1,2,Livingston County             ,2,2,270115,0,0,0,0,0,0,2,10,464286,1,1,130000,0,0,0,0,0,0,0,0,0
201705,36,055,1,2,Monroe County                 ,63,63,15675736,1,2,250000,1,3,508000,1,10,2078430,57,57,12557742,1,2,250000,1,3,508000,1,10,2078430
201705,36,059,1,2,Nassau County                 ,58,58,36265954,1,2,296000,0,0,0,2,10,1281479,19,19,21579775,0,0,0,0,0,0,0,0,0
201705,36,061,1,2,New York County               ,0,0,0,2,4,540147,0,0,0,6,146,19201249,0,0,0,2,4,540147,0,0,0,6,146,19201249
201705,36,063,1,2,Niagara County                ,20,20,4965388,0,0,0,0,0,0,0,0,0,13,13,3389000,0,0,0,0,0,0,0,0,0
201705,36,069,1,2,Ontario County                ,28,28,7800407,0,0,0,2,8,596800,1,5,462143,10,10,2062000,0,0,0,0,0,0,0,0,0
201705,36,073,1,2,Orleans County                ,1,1,190625,0,0,0,0,0,0,0,0,0,0,0,0,0,0,0,0,0,0,0,0,0
201705,36,079,1,2,Putnam County                 ,4,4,1712427,0,0,0,1,3,670449,0,0,0,2,2,1220235,0,0,0,0,0,0,0,0,0
201705,36,081,1,2,Queens County                 ,16,16,4285400,15,30,4051104,4,12,1458432,7,322,42347961,16,16,4285400,15,30,4051104,4,12,1458432,7,322,42347961
201705,36,083,1,2,Rensselaer County             ,13,13,3453683,0,0,0,0,0,0,1,5,146970,8,8,1832500,0,0,0,0,0,0,0,0,0
201705,36,085,1,2,Richmond County               ,18,18,4821075,12,24,3240883,0,0,0,0,0,0,18,18,4821075,12,24,3240883,0,0,0,0,0,0
201705,36,087,1,2,Rockland County               ,13,13,3962891,4,8,1220953,2,7,763286,2,10,1160666,8,8,2625590,0,0,0,0,0,0,0,0,0
201705,36,091,1,2,Saratoga County               ,69,69,18554681,1,2,292333,3,10,949503,8,178,22813936,42,42,10295362,0,0,0,2,6,729216,4,154,20480000
201705,36,093,1,2,Schenectady County            ,8,8,1188691,0,0,0,0,0,0,3,20,1400000,4,4,555000,0,0,0,0,0,0,3,20,1400000
201705,36,095,1,2,Schoharie County              ,2,2,381463,1,2,160000,0,0,0,0,0,0,0,0,0,1,2,160000,0,0,0,0,0,0
201705,36,099,1,2,Seneca County                 ,3,3,458000,0,0,0,0,0,0,0,0,0,3,3,458000,0,0,0,0,0,0,0,0,0
201705,36,117,1,2,Wayne County                  ,6,6,1130171,0,0,0,0,0,0,0,0,0,4,4,712838,0,0,0,0,0,0,0,0,0
201705,36,119,1,2,Westchester County            ,43,43,28711534,2,4,560000,0,0,0,5,56,9398890,33,33,24549188,1,2,290000,0,0,0,0,0,0
201705,37,007,3,5,Anson County                  ,5,5,749325,0,0,0,0,0,0,0,0,0,0,0,0,0,0,0,0,0,0,0,0,0
201705,37,011,3,5,Avery County                  ,14,14,7475000,0,0,0,0,0,0,0,0,0,14,14,7475000,0,0,0,0,0,0,0,0,0
201705,37,015,3,5,Bertie County                 ,3,3,164800,0,0,0,0,0,0,0,0,0,3,3,164800,0,0,0,0,0,0,0,0,0
201705,37,025,3,5,Cabarrus County               ,126,126,18890469,0,0,0,0,0,0,0,0,0,126,126,18890469,0,0,0,0,0,0,0,0,0
201705,37,033,3,5,Caswell County                ,5,5,753558,0,0,0,0,0,0,0,0,0,5,5,753558,0,0,0,0,0,0,0,0,0
201705,37,037,3,5,Chatham County                ,83,83,10435892,0,0,0,0,0,0,0,0,0,83,83,10435892,0,0,0,0,0,0,0,0,0
201705,37,051,3,5,Cumberland County             ,51,51,8220730,0,0,0,0,0,0,0,0,0,51,51,8220730,0,0,0,0,0,0,0,0,0
201705,37,053,3,5,Currituck County              ,24,24,5308831,0,0,0,0,0,0,0,0,0,24,24,5308831,0,0,0,0,0,0,0,0,0
201705,37,059,3,5,Davie County                  ,13,13,2623564,0,0,0,0,0,0,0,0,0,0,0,0,0,0,0,0,0,0,0,0,0
201705,37,063,3,5,Durham County                 ,183,183,34393473,0,0,0,0,0,0,3,86,7406097,0,0,0,0,0,0,0,0,0,0,0,0
201705,37,069,3,5,Franklin County               ,54,54,8466555,0,0,0,0,0,0,0,0,0,54,54,8466555,0,0,0,0,0,0,0,0,0
201705,37,071,3,5,Gaston County                 ,117,117,33422773,0,0,0,0,0,0,0,0,0,117,117,33422773,0,0,0,0,0,0,0,0,0
201705,37,081,3,5,Guilford County               ,227,227,41920014,8,16,3554192,0,0,0,1,12,2208748,227,227,41920014,8,16,3554192,0,0,0,1,12,2208748
201705,37,089,3,5,Henderson County              ,49,49,14106211,0,0,0,0,0,0,0,0,0,49,49,14106211,0,0,0,0,0,0,0,0,0
201705,37,093,3,5,Hoke County                   ,14,14,3237443,0,0,0,0,0,0,0,0,0,14,14,3237443,0,0,0,0,0,0,0,0,0
201705,37,097,3,5,Iredell County                ,145,145,39987442,0,0,0,0,0,0,0,0,0,145,145,39987442,0,0,0,0,0,0,0,0,0
201705,37,101,3,5,Johnston County               ,232,232,40983549,0,0,0,0,0,0,0,0,0,228,228,40371180,0,0,0,0,0,0,0,0,0
201705,37,105,3,5,Lee County                    ,13,13,2602675,0,0,0,0,0,0,0,0,0,13,13,2602675,0,0,0,0,0,0,0,0,0
201705,37,119,3,5,Mecklenburg County            ,451,451,104291904,0,0,0,0,0,0,5,62,8792400,451,451,104291904,0,0,0,0,0,0,5,62,8792400
201705,37,133,3,5,Onslow County                 ,60,60,8147520,0,0,0,0,0,0,0,0,0,60,60,8147520,0,0,0,0,0,0,0,0,0
201705,37,135,3,5,Orange County                 ,43,43,12780129,0,0,0,0,0,0,0,0,0,43,43,12780129,0,0,0,0,0,0,0,0,0
201705,37,145,3,5,Person County                 ,16,16,2723300,0,0,0,0,0,0,0,0,0,16,16,2723300,0,0,0,0,0,0,0,0,0
201705,37,151,3,5,Randolph County               ,35,35,7750635,0,0,0,0,0,0,0,0,0,35,35,7750635,0,0,0,0,0,0,0,0,0
201705,37,157,3,5,Rockingham County             ,20,20,4652200,0,0,0,0,0,0,0,0,0,20,20,4652200,0,0,0,0,0,0,0,0,0
201705,37,179,3,5,Union County                  ,114,114,25907309,0,0,0,0,0,0,0,0,0,114,114,25907309,0,0,0,0,0,0,0,0,0
201705,37,181,3,5,Vance County                  ,4,4,647828,0,0,0,0,0,0,0,0,0,0,0,0,0,0,0,0,0,0,0,0,0
201705,37,183,3,5,Wake County                   ,909,909,212052301,0,0,0,0,0,0,5,212,33095972,837,837,197654839,0,0,0,0,0,0,5,212,33095972
201705,37,195,3,5,Wilson County                 ,33,33,3864705,0,0,0,0,0,0,0,0,0,33,33,3864705,0,0,0,0,0,0,0,0,0
201705,39,007,2,3,Ashtabula County              ,7,7,1284278,1,2,161044,0,0,0,0,0,0,0,0,0,0,0,0,0,0,0,0,0,0
201705,39,015,2,3,Brown County                  ,7,7,1115308,0,0,0,0,0,0,0,0,0,0,0,0,0,0,0,0,0,0,0,0,0
201705,39,017,2,3,Butler County                 ,91,91,19688446,0,0,0,0,0,0,0,0,0,82,82,18115590,0,0,0,0,0,0,0,0,0
201705,39,025,2,3,Clermont County               ,45,45,8844804,0,0,0,0,0,0,1,5,434000,45,45,8844804,0,0,0,0,0,0,1,5,434000
201705,39,041,2,3,Delaware County               ,136,136,33810704,0,0,0,0,0,0,1,9,680175,112,112,29112900,0,0,0,0,0,0,0,0,0
201705,39,049,2,3,Franklin County               ,232,232,68291242,1,2,223114,3,11,1380000,12,274,15810000,219,219,65158727,0,0,0,3,11,1380000,10,252,14760000
201705,39,055,2,3,Geauga County                 ,23,23,5950197,0,0,0,0,0,0,0,0,0,23,23,5950197,0,0,0,0,0,0,0,0,0
201705,39,085,2,3,Lake County                   ,44,44,8717594,0,0,0,0,0,0,1,16,2000000,44,44,8717594,0,0,0,0,0,0,1,16,2000000
201705,39,089,2,3,Licking County                ,33,33,8491460,0,0,0,0,0,0,0,0,0,33,33,8491460,0,0,0,0,0,0,0,0,0
201705,39,093,2,3,Lorain County                 ,74,74,18631297,0,0,0,0,0,0,1,11,601014,35,35,9188832,0,0,0,0,0,0,0,0,0
201705,39,097,2,3,Madison County                ,9,9,2111960,0,0,0,0,0,0,0,0,0,6,6,1552225,0,0,0,0,0,0,0,0,0
201705,39,103,2,3,Medina County                 ,60,60,14759594,2,4,280000,1,4,166667,0,0,0,60,60,14759594,2,4,280000,1,4,166667,0,0,0
201705,39,117,2,3,Morrow County                 ,6,6,700000,0,0,0,0,0,0,0,0,0,6,6,700000,0,0,0,0,0,0,0,0,0
201705,39,159,2,3,Union County                  ,35,35,9054647,0,0,0,0,0,0,0,0,0,35,35,9054647,0,0,0,0,0,0,0,0,0
201705,39,165,2,3,Warren County                 ,120,120,32126406,0,0,0,0,0,0,0,0,0,120,120,32126406,0,0,0,0,0,0,0,0,0
201705,40,001,3,7,Adair County                  ,2,2,385287,0,0,0,0,0,0,0,0,0,0,0,0,0,0,0,0,0,0,0,0,0
201705,40,017,3,7,Canadian County               ,26,26,5878916,0,0,0,0,0,0,0,0,0,16,16,3384450,0,0,0,0,0,0,0,0,0
201705,40,021,3,7,Cherokee County               ,6,6,787429,1,2,130000,0,0,0,0,0,0,0,0,0,0,0,0,0,0,0,0,0,0
201705,40,027,3,7,Cleveland County              ,54,54,11696496,0,0,0,0,0,0,0,0,0,54,54,11696496,0,0,0,0,0,0,0,0,0
201705,40,029,3,7,Coal County                   ,0,0,0,0,0,0,0,0,0,0,0,0,0,0,0,0,0,0,0,0,0,0,0,0
201705,40,037,3,7,Creek County                  ,8,8,1165000,0,0,0,0,0,0,0,0,0,8,8,1165000,0,0,0,0,0,0,0,0,0
201705,40,051,3,7,Grady County                  ,8,8,1575786,0,0,0,0,0,0,0,0,0,1,1,50000,0,0,0,0,0,0,0,0,0
201705,40,055,3,7,Greer County                  ,0,0,0,0,0,0,0,0,0,0,0,0,0,0,0,0,0,0,0,0,0,0,0,0
201705,40,081,3,7,Lincoln County                ,1,1,231246,0,0,0,0,0,0,0,0,0,1,1,231246,0,0,0,0,0,0,0,0,0
201705,40,083,3,7,Logan County                  ,0,0,0,0,0,0,0,0,0,0,0,0,0,0,0,0,0,0,0,0,0,0,0,0
201705,40,087,3,7,McClain County                ,30,30,7808460,0,0,0,0,0,0,0,0,0,23,23,6344659,0,0,0,0,0,0,0,0,0
201705,40,109,3,7,Oklahoma County               ,334,334,70712787,22,44,6354866,0,0,0,0,0,0,319,319,68169650,22,44,6354866,0,0,0,0,0,0
201705,40,111,3,7,Okmulgee County               ,0,0,0,0,0,0,0,0,0,0,0,0,0,0,0,0,0,0,0,0,0,0,0,0
201705,40,113,3,7,Osage County                  ,7,7,1099580,0,0,0,0,0,0,0,0,0,7,7,1099580,0,0,0,0,0,0,0,0,0
201705,40,117,3,7,Pawnee County                 ,0,0,0,0,0,0,0,0,0,0,0,0,0,0,0,0,0,0,0,0,0,0,0,0
201705,40,131,3,7,Rogers County                 ,44,44,9151299,0,0,0,0,0,0,0,0,0,43,43,9047966,0,0,0,0,0,0,0,0,0
201705,40,143,3,7,Tulsa County                  ,196,196,44727707,1,2,160000,0,0,0,1,251,32278960,195,195,44664707,1,2,160000,0,0,0,1,251,32278960
201705,40,145,3,7,Wagoner County                ,41,41,7163636,0,0,0,0,0,0,0,0,0,41,41,7163636,0,0,0,0,0,0,0,0,0
201705,41,000,4,9,Oregon Balance of State       ,18,18,2666013,0,0,0,0,0,0,0,0,0,0,0,0,0,0,0,0,0,0,0,0,0
201705,41,005,4,9,Clackamas County              ,131,131,57192605,1,2,330778,1,3,468584,8,167,17407591,127,127,55566043,1,2,330778,1,3,468584,8,167,17407591
201705,41,019,4,9,Douglas County                ,21,21,5853827,1,2,149363,0,0,0,0,0,0,21,21,5853827,1,2,149363,0,0,0,0,0,0
201705,41,025,4,9,Harney County                 ,2,2,494156,0,0,0,0,0,0,0,0,0,0,0,0,0,0,0,0,0,0,0,0,0
201705,41,035,4,9,Klamath County                ,8,8,1807030,0,0,0,0,0,0,0,0,0,8,8,1807030,0,0,0,0,0,0,0,0,0
201705,41,051,4,9,Multnomah County              ,76,76,21097102,8,16,3257900,1,4,705000,9,470,94366675,76,76,21097102,8,16,3257900,1,4,705000,9,470,94366675
201705,41,067,4,9,Washington County             ,185,185,56501665,0,0,0,0,0,0,3,70,8525116,181,181,55276815,0,0,0,0,0,0,3,70,8525116
201705,41,071,4,9,Yamhill County                ,25,25,7374863,0,0,0,0,0,0,0,0,0,15,15,4760628,0,0,0,0,0,0,0,0,0
201705,42,001,1,2,Adams County                  ,27,27,4105695,0,0,0,0,0,0,0,0,0,27,27,4105695,0,0,0,0,0,0,0,0,0
201705,42,017,1,2,Bucks County                  ,87,87,21300292,0,0,0,0,0,0,0,0,0,74,74,17944438,0,0,0,0,0,0,0,0,0
201705,42,029,1,2,Chester County                ,97,97,18679999,0,0,0,1,3,334500,0,0,0,69,69,12786443,0,0,0,0,0,0,0,0,0
201705,42,037,1,2,Columbia County               ,10,10,2330019,0,0,0,0,0,0,0,0,0,5,5,1044505,0,0,0,0,0,0,0,0,0
201705,42,041,1,2,Cumberland County             ,131,131,25620132,2,4,615000,5,20,3480392,1,13,2052035,125,125,24011343,2,4,615000,5,20,3480392,0,0,0
201705,42,043,1,2,Dauphin County                ,37,37,7808067,2,4,765900,0,0,0,1,6,552000,20,20,4068230,2,4,765900,0,0,0,1,6,552000
201705,42,045,1,2,Delaware County               ,45,45,10804560,0,0,0,2,8,600000,0,0,0,23,23,5318092,0,0,0,2,8,600000,0,0,0
201705,42,055,1,2,Franklin County               ,28,28,4889607,0,0,0,0,0,0,1,6,585034,15,15,2694625,0,0,0,0,0,0,0,0,0
201705,42,065,1,2,Jefferson County              ,9,9,1713400,0,0,0,0,0,0,0,0,0,9,9,1713400,0,0,0,0,0,0,0,0,0
201705,42,091,1,2,Montgomery County             ,135,135,28817104,5,10,755760,0,0,0,3,341,42484370,96,96,18996613,5,10,755760,0,0,0,2,332,40484370
201705,42,093,1,2,Montour County                ,4,4,942010,0,0,0,0,0,0,0,0,0,1,1,267838,0,0,0,0,0,0,0,0,0
201705,42,099,1,2,Perry County                  ,10,10,2548414,0,0,0,0,0,0,0,0,0,0,0,0,0,0,0,0,0,0,0,0,0
201705,42,101,1,2,Philadelphia County           ,86,86,22463742,10,20,3689568,15,52,5543175,10,174,23054875,0,0,0,0,0,0,0,0,0,0,0,0
201705,42,103,1,2,Pike County                   ,14,14,2653199,0,0,0,0,0,0,0,0,0,13,13,2391444,0,0,0,0,0,0,0,0,0
201705,44,001,1,1,Bristol County                ,3,3,836489,0,0,0,0,0,0,0,0,0,0,0,0,0,0,0,0,0,0,0,0,0
201705,44,003,1,1,Kent County                   ,26,26,4140119,0,0,0,0,0,0,0,0,0,21,21,3230749,0,0,0,0,0,0,0,0,0
201705,44,005,1,1,Newport County                ,17,17,6222283,0,0,0,0,0,0,0,0,0,13,13,5405459,0,0,0,0,0,0,0,0,0
201705,44,007,1,1,Providence County             ,25,25,4851320,3,6,720150,0,0,0,0,0,0,21,21,4309516,3,6,720150,0,0,0,0,0,0
201705,44,009,1,1,Washington County             ,27,27,7929593,2,4,1000000,0,0,0,1,5,88542,16,16,4173217,2,4,1000000,0,0,0,0,0,0
201705,45,003,3,5,Aiken County                  ,84,84,12141958,0,0,0,0,0,0,2,48,4000000,84,84,12141958,0,0,0,0,0,0,2,48,4000000
201705,45,009,3,5,Bamberg County                ,0,0,0,0,0,0,0,0,0,0,0,0,0,0,0,0,0,0,0,0,0,0,0,0
201705,45,015,3,5,Berkeley County               ,139,139,37382373,0,0,0,0,0,0,1,33,778539,106,106,29991628,0,0,0,0,0,0,0,0,0
201705,45,017,3,5,Calhoun County                ,2,2,236000,0,0,0,0,0,0,0,0,0,2,2,236000,0,0,0,0,0,0,0,0,0
201705,45,019,3,5,Charleston County             ,279,279,73435130,2,4,714000,0,0,0,3,77,5802372,54,54,21427905,2,4,714000,0,0,0,0,0,0
201705,45,035,3,5,Dorchester County             ,58,58,16547500,0,0,0,0,0,0,0,0,0,58,58,16547500,0,0,0,0,0,0,0,0,0
201705,45,037,3,5,Edgefield County              ,11,11,1931486,0,0,0,0,0,0,0,0,0,11,11,1931486,0,0,0,0,0,0,0,0,0
201705,45,039,3,5,Fairfield County              ,5,5,1051548,0,0,0,0,0,0,0,0,0,0,0,0,0,0,0,0,0,0,0,0,0
201705,45,045,3,5,Greenville County             ,281,281,133195587,0,0,0,0,0,0,0,0,0,278,278,132720890,0,0,0,0,0,0,0,0,0
201705,45,051,3,5,Horry County                  ,371,371,71664447,5,10,497802,0,0,0,1,6,417921,61,61,14013290,0,0,0,0,0,0,0,0,0
201705,45,055,3,5,Kershaw County                ,13,13,1861185,0,0,0,0,0,0,0,0,0,13,13,1861185,0,0,0,0,0,0,0,0,0
201705,45,059,3,5,Laurens County                ,10,10,1307848,0,0,0,0,0,0,0,0,0,9,9,1200572,0,0,0,0,0,0,0,0,0
201705,45,063,3,5,Lexington County              ,192,192,47429395,0,0,0,0,0,0,1,16,1565874,38,38,7516086,0,0,0,0,0,0,0,0,0
201705,45,077,3,5,Pickens County                ,38,38,11335372,0,0,0,1,4,538719,1,27,3552458,9,9,1741175,0,0,0,1,4,538719,0,0,0
201705,45,079,3,5,Richland County               ,173,173,22727865,4,8,1068468,0,0,0,1,27,1523954,17,17,2734737,4,8,1068468,0,0,0,0,0,0
201705,45,081,3,5,Saluda County                 ,3,3,655064,0,0,0,0,0,0,0,0,0,3,3,655064,0,0,0,0,0,0,0,0,0
201705,45,085,3,5,Sumter County                 ,26,26,3801984,0,0,0,0,0,0,0,0,0,0,0,0,0,0,0,0,0,0,0,0,0
201705,45,091,3,5,York County                   ,217,217,70139645,0,0,0,0,0,0,10,235,26107289,33,33,9230228,0,0,0,0,0,0,8,204,22852947
201705,46,007,2,4,Bennett County                ,0,0,0,0,0,0,0,0,0,0,0,0,0,0,0,0,0,0,0,0,0,0,0,0
201705,46,055,2,4,Haakon County                 ,0,0,0,0,0,0,0,0,0,0,0,0,0,0,0,0,0,0,0,0,0,0,0,0
201705,46,071,2,4,Jackson County                ,0,0,0,0,0,0,0,0,0,0,0,0,0,0,0,0,0,0,0,0,0,0,0,0
201705,46,111,2,4,Sanborn County                ,2,2,390000,0,0,0,0,0,0,0,0,0,2,2,390000,0,0,0,0,0,0,0,0,0
201705,47,001,3,6,Anderson County               ,12,12,2843138,0,0,0,0,0,0,0,0,0,9,9,2182651,0,0,0,0,0,0,0,0,0
201705,47,015,3,6,Cannon County                 ,1,1,126190,0,0,0,0,0,0,0,0,0,0,0,0,0,0,0,0,0,0,0,0,0
201705,47,021,3,6,Cheatham County               ,18,18,3969184,0,0,0,0,0,0,0,0,0,16,16,3763984,0,0,0,0,0,0,0,0,0
201705,47,037,3,6,Davidson County               ,450,450,112739126,1,2,405540,1,3,775799,1,47,5062798,450,450,112739126,1,2,405540,1,3,775799,1,47,5062798
201705,47,043,3,6,Dickson County                ,28,28,5564991,0,0,0,0,0,0,0,0,0,27,27,5339593,0,0,0,0,0,0,0,0,0
201705,47,049,3,6,Fentress County               ,0,0,0,0,0,0,0,0,0,0,0,0,0,0,0,0,0,0,0,0,0,0,0,0
201705,47,081,3,6,Hickman County                ,6,6,966828,0,0,0,0,0,0,0,0,0,1,1,68000,0,0,0,0,0,0,0,0,0
201705,47,093,3,6,Knox County                   ,149,149,38729834,0,0,0,0,0,0,11,224,37800000,149,149,38729834,0,0,0,0,0,0,11,224,37800000
201705,47,105,3,6,Loudon County                 ,31,31,8232723,0,0,0,0,0,0,0,0,0,29,29,7926451,0,0,0,0,0,0,0,0,0
201705,47,125,3,6,Montgomery County             ,132,132,20316042,1,2,120000,0,0,0,0,0,0,132,132,20316042,1,2,120000,0,0,0,0,0,0
201705,47,139,3,6,Polk County                   ,17,17,3062109,0,0,0,0,0,0,0,0,0,0,0,0,0,0,0,0,0,0,0,0,0
201705,47,149,3,6,Rutherford County             ,202,202,47615671,1,2,247445,0,0,0,1,5,464943,157,157,41083214,1,2,247445,0,0,0,0,0,0
201705,47,153,3,6,Sequatchie County             ,0,0,0,0,0,0,0,0,0,0,0,0,0,0,0,0,0,0,0,0,0,0,0,0
201705,47,157,3,6,Shelby County                 ,124,124,34781426,1,2,311052,1,4,375000,1,139,13188000,124,124,34781426,1,2,311052,1,4,375000,1,139,13188000
201705,47,159,3,6,Smith County                  ,8,8,1322246,0,0,0,0,0,0,0,0,0,8,8,1322246,0,0,0,0,0,0,0,0,0
201705,47,161,3,6,Stewart County                ,0,0,0,0,0,0,0,0,0,0,0,0,0,0,0,0,0,0,0,0,0,0,0,0
201705,47,165,3,6,Sumner County                 ,135,135,28963738,0,0,0,0,0,0,11,304,15101674,128,128,27685866,0,0,0,0,0,0,11,304,15101674
201705,47,167,3,6,Tipton County                 ,15,15,2732619,0,0,0,0,0,0,0,0,0,7,7,1587078,0,0,0,0,0,0,0,0,0
201705,47,169,3,6,Trousdale County              ,5,5,771000,0,0,0,4,16,450000,0,0,0,5,5,771000,0,0,0,4,16,450000,0,0,0
201705,47,173,3,6,Union County                  ,19,19,2380000,0,0,0,0,0,0,0,0,0,19,19,2380000,0,0,0,0,0,0,0,0,0
201705,47,175,3,6,Van Buren County              ,0,0,0,0,0,0,0,0,0,0,0,0,0,0,0,0,0,0,0,0,0,0,0,0
201705,47,189,3,6,Wilson County                 ,137,137,36445763,0,0,0,0,0,0,1,7,763069,91,91,23289454,0,0,0,0,0,0,0,0,0
201705,48,013,3,7,Atascosa County               ,4,4,732909,0,0,0,0,0,0,0,0,0,3,3,560660,0,0,0,0,0,0,0,0,0
201705,48,015,3,7,Austin County                 ,2,2,280610,0,0,0,0,0,0,0,0,0,2,2,280610,0,0,0,0,0,0,0,0,0
201705,48,019,3,7,Bandera County                ,0,0,0,0,0,0,0,0,0,0,0,0,0,0,0,0,0,0,0,0,0,0,0,0
201705,48,021,3,7,Bastrop County                ,7,7,1257000,0,0,0,0,0,0,0,0,0,7,7,1257000,0,0,0,0,0,0,0,0,0
201705,48,025,3,7,Bee County                    ,1,1,114764,0,0,0,0,0,0,0,0,0,0,0,0,0,0,0,0,0,0,0,0,0
201705,48,027,3,7,Bell County                   ,174,174,31356468,8,16,864480,0,0,0,1,6,476124,169,169,30191573,8,16,864480,0,0,0,0,0,0
201705,48,029,3,7,Bexar County                  ,301,301,73552641,7,14,1215200,4,16,1627920,12,539,58060596,255,255,67345144,7,14,1215200,4,16,1627920,12,539,58060596
201705,48,051,3,7,Burleson County               ,2,2,238000,0,0,0,0,0,0,0,0,0,2,2,238000,0,0,0,0,0,0,0,0,0
201705,48,055,3,7,Caldwell County               ,35,35,5734554,0,0,0,0,0,0,0,0,0,3,3,268000,0,0,0,0,0,0,0,0,0
201705,48,085,3,7,Collin County                 ,721,721,254821732,0,0,0,0,0,0,1,298,35000000,560,560,189408589,0,0,0,0,0,0,1,298,35000000
201705,48,091,3,7,Comal County                  ,223,223,47812470,0,0,0,3,9,1953592,7,35,7597301,221,221,47218265,0,0,0,3,9,1953592,7,35,7597301
201705,48,099,3,7,Coryell County                ,19,19,2282566,0,0,0,0,0,0,0,0,0,4,4,139200,0,0,0,0,0,0,0,0,0
201705,48,107,3,7,Crosby County                 ,1,1,67000,0,0,0,0,0,0,0,0,0,0,0,0,0,0,0,0,0,0,0,0,0
201705,48,113,3,7,Dallas County                 ,516,516,156865120,3,6,1507082,0,0,0,18,1059,107941554,463,463,138693915,3,6,1507082,0,0,0,17,1006,102500000
201705,48,119,3,7,Delta County                  ,0,0,0,0,0,0,0,0,0,0,0,0,0,0,0,0,0,0,0,0,0,0,0,0
201705,48,135,3,7,Ector County                  ,43,43,8600748,0,0,0,0,0,0,0,0,0,43,43,8600748,0,0,0,0,0,0,0,0,0
201705,48,139,3,7,Ellis County                  ,170,170,37915848,0,0,0,1,3,166000,8,192,20772429,170,170,37915848,0,0,0,1,3,166000,8,192,20772429
201705,48,141,3,7,El Paso County                ,233,233,57059789,4,8,783784,1,4,362245,4,44,6255605,6,6,711903,0,0,0,0,0,0,0,0,0
201705,48,157,3,7,Fort Bend County              ,992,992,128727820,0,0,0,0,0,0,1,7,547809,115,115,41624852,0,0,0,0,0,0,0,0,0
201705,48,167,3,7,Galveston County              ,243,243,53361202,0,0,0,0,0,0,0,0,0,120,120,26531336,0,0,0,0,0,0,0,0,0
201705,48,185,3,7,Grimes County                 ,0,0,0,0,0,0,0,0,0,0,0,0,0,0,0,0,0,0,0,0,0,0,0,0
201705,48,187,3,7,Guadalupe County              ,83,83,19500654,0,0,0,0,0,0,0,0,0,83,83,19500654,0,0,0,0,0,0,0,0,0
201705,48,193,3,7,Hamilton County               ,1,1,80000,0,0,0,0,0,0,0,0,0,0,0,0,0,0,0,0,0,0,0,0,0
201705,48,195,3,7,Hansford County               ,0,0,0,0,0,0,0,0,0,0,0,0,0,0,0,0,0,0,0,0,0,0,0,0
201705,48,201,3,7,Harris County                 ,1603,1603,308469136,5,10,2192484,0,0,0,2,340,60915225,1592,1592,298018767,5,10,2192484,0,0,0,2,340,60915225
201705,48,211,3,7,Hemphill County               ,0,0,0,0,0,0,0,0,0,0,0,0,0,0,0,0,0,0,0,0,0,0,0,0
201705,48,215,3,7,Hidalgo County                ,203,203,33036900,10,20,868709,11,43,2400607,2,42,2960677,117,117,18959643,8,16,640000,5,20,1100000,1,8,300000
201705,48,233,3,7,Hutchinson County             ,0,0,0,0,0,0,0,0,0,0,0,0,0,0,0,0,0,0,0,0,0,0,0,0
201705,48,251,3,7,Johnson County                ,39,39,7868463,0,0,0,0,0,0,0,0,0,35,35,7013705,0,0,0,0,0,0,0,0,0
201705,48,257,3,7,Kaufman County                ,83,83,17389281,0,0,0,0,0,0,0,0,0,79,79,16537282,0,0,0,0,0,0,0,0,0
201705,48,259,3,7,Kendall County                ,26,26,7329342,0,0,0,0,0,0,1,20,1479861,0,0,0,0,0,0,0,0,0,0,0,0
201705,48,271,3,7,Kinney County                 ,1,1,231246,0,0,0,0,0,0,0,0,0,1,1,231246,0,0,0,0,0,0,0,0,0
201705,48,281,3,7,Lampasas County               ,5,5,634000,0,0,0,0,0,0,0,0,0,5,5,634000,0,0,0,0,0,0,0,0,0
201705,48,291,3,7,Liberty County                ,55,55,5137220,0,0,0,0,0,0,0,0,0,55,55,5137220,0,0,0,0,0,0,0,0,0
201705,48,303,3,7,Lubbock County                ,135,135,30914494,5,10,1231646,1,3,401625,5,80,9138707,3,3,420000,0,0,0,0,0,0,0,0,0
201705,48,323,3,7,Maverick County               ,8,8,976124,0,0,0,0,0,0,0,0,0,0,0,0,0,0,0,0,0,0,0,0,0
201705,48,325,3,7,Medina County                 ,2,2,281240,0,0,0,0,0,0,0,0,0,2,2,281240,0,0,0,0,0,0,0,0,0
201705,48,329,3,7,Midland County                ,58,58,11659566,0,0,0,0,0,0,0,0,0,58,58,11659566,0,0,0,0,0,0,0,0,0
201705,48,339,3,7,Montgomery County             ,564,564,115278968,0,0,0,0,0,0,0,0,0,556,556,113505323,0,0,0,0,0,0,0,0,0
201705,48,367,3,7,Parker County                 ,40,40,9049376,0,0,0,0,0,0,1,5,526370,37,37,8148629,0,0,0,0,0,0,0,0,0
201705,48,375,3,7,Potter County                 ,39,39,10375567,0,0,0,0,0,0,0,0,0,39,39,10375567,0,0,0,0,0,0,0,0,0
201705,48,383,3,7,Reagan County                 ,0,0,0,0,0,0,0,0,0,0,0,0,0,0,0,0,0,0,0,0,0,0,0,0
201705,48,385,3,7,Real County                   ,0,0,0,0,0,0,0,0,0,0,0,0,0,0,0,0,0,0,0,0,0,0,0,0
201705,48,395,3,7,Robertson County              ,12,12,2774951,0,0,0,0,0,0,0,0,0,12,12,2774951,0,0,0,0,0,0,0,0,0
201705,48,397,3,7,Rockwall County               ,116,116,35843095,0,0,0,0,0,0,0,0,0,34,34,7210632,0,0,0,0,0,0,0,0,0
201705,48,407,3,7,San Jacinto County            ,31,31,6271742,0,0,0,0,0,0,0,0,0,0,0,0,0,0,0,0,0,0,0,0,0
201705,48,411,3,7,San Saba County               ,0,0,0,0,0,0,0,0,0,0,0,0,0,0,0,0,0,0,0,0,0,0,0,0
201705,48,451,3,7,Tom Green County              ,27,27,4663650,0,0,0,0,0,0,0,0,0,27,27,4663650,0,0,0,0,0,0,0,0,0
201705,48,453,3,7,Travis County                 ,673,673,144629392,4,8,1143274,0,0,0,21,1129,53738632,634,634,131772636,4,8,1143274,0,0,0,21,1129,53738632
201705,48,473,3,7,Waller County                 ,2,2,436328,0,0,0,0,0,0,2,19,981614,1,1,325000,0,0,0,0,0,0,0,0,0
201705,48,491,3,7,Williamson County             ,415,415,113988147,0,0,0,1,3,195705,0,0,0,393,393,109622582,0,0,0,1,3,195705,0,0,0
201705,48,493,3,7,Wilson County                 ,5,5,1020975,0,0,0,0,0,0,0,0,0,0,0,0,0,0,0,0,0,0,0,0,0
201705,48,497,3,7,Wise County                   ,10,10,1841287,0,0,0,0,0,0,0,0,0,9,9,1610000,0,0,0,0,0,0,0,0,0
201705,49,011,4,8,Davis County                  ,98,98,27791505,0,0,0,1,4,544894,0,0,0,95,95,26577494,0,0,0,1,4,544894,0,0,0
201705,49,023,4,8,Juab County                   ,7,7,1826482,0,0,0,0,0,0,0,0,0,6,6,1552950,0,0,0,0,0,0,0,0,0
201705,49,029,4,8,Morgan County                 ,9,9,3318414,0,0,0,0,0,0,0,0,0,0,0,0,0,0,0,0,0,0,0,0,0
201705,49,035,4,8,Salt Lake County              ,365,365,76145632,2,4,816999,1,3,498189,7,263,31307476,279,279,48519469,0,0,0,0,0,0,0,0,0
201705,49,039,4,8,Sanpete County                ,4,4,865370,0,0,0,0,0,0,0,0,0,4,4,865370,0,0,0,0,0,0,0,0,0
201705,49,043,4,8,Summit County                 ,28,28,11451572,0,0,0,0,0,0,1,5,854284,14,14,5703712,0,0,0,0,0,0,0,0,0
201705,49,057,4,8,Weber County                  ,103,103,25139361,0,0,0,4,12,1729226,1,5,630653,85,85,20376810,0,0,0,0,0,0,0,0,0
201705,51,003,3,5,Albemarle County              ,54,54,17415137,0,0,0,0,0,0,1,12,1235615,0,0,0,0,0,0,0,0,0,0,0,0
201705,51,007,3,5,Amelia County                 ,3,3,564300,0,0,0,0,0,0,0,0,0,3,3,564300,0,0,0,0,0,0,0,0,0
201705,51,009,3,5,Amherst County                ,3,3,507000,0,0,0,0,0,0,0,0,0,3,3,507000,0,0,0,0,0,0,0,0,0
201705,51,013,3,5,Arlington County              ,35,35,9582472,2,4,970833,0,0,0,1,100,16118122,0,0,0,0,0,0,0,0,0,0,0,0
201705,51,015,3,5,Augusta County                ,26,26,4359670,0,0,0,0,0,0,0,0,0,26,26,4359670,0,0,0,0,0,0,0,0,0
201705,51,019,3,5,Bedford County                ,29,29,7492504,0,0,0,0,0,0,0,0,0,0,0,0,0,0,0,0,0,0,0,0,0
201705,51,033,3,5,Caroline County               ,6,6,1256000,0,0,0,0,0,0,0,0,0,6,6,1256000,0,0,0,0,0,0,0,0,0
201705,51,036,3,5,Charles City County           ,2,2,367353,0,0,0,0,0,0,0,0,0,0,0,0,0,0,0,0,0,0,0,0,0
201705,51,037,3,5,Charlotte County              ,0,0,0,0,0,0,0,0,0,0,0,0,0,0,0,0,0,0,0,0,0,0,0,0
201705,51,041,3,5,Chesterfield County           ,133,133,30755706,0,0,0,2,8,1063885,0,0,0,133,133,30755706,0,0,0,2,8,1063885,0,0,0
201705,51,043,3,5,Clarke County                 ,6,6,2425660,0,0,0,0,0,0,0,0,0,6,6,2425660,0,0,0,0,0,0,0,0,0
201705,51,049,3,5,Cumberland County             ,0,0,0,0,0,0,0,0,0,0,0,0,0,0,0,0,0,0,0,0,0,0,0,0
201705,51,051,3,5,Dickenson County              ,1,1,30000,0,0,0,0,0,0,0,0,0,1,1,30000,0,0,0,0,0,0,0,0,0
201705,51,053,3,5,Dinwiddie County              ,7,7,133494,0,0,0,0,0,0,0,0,0,0,0,0,0,0,0,0,0,0,0,0,0
201705,51,059,3,5,Fairfax County                ,90,90,20799886,0,0,0,0,0,0,0,0,0,90,90,20799886,0,0,0,0,0,0,0,0,0
201705,51,061,3,5,Fauquier County               ,31,31,10457828,0,0,0,0,0,0,0,0,0,31,31,10457828,0,0,0,0,0,0,0,0,0
201705,51,069,3,5,Frederick County              ,50,50,9798844,0,0,0,0,0,0,0,0,0,50,50,9798844,0,0,0,0,0,0,0,0,0
201705,51,073,3,5,Gloucester County             ,9,9,1665460,0,0,0,0,0,0,0,0,0,9,9,1665460,0,0,0,0,0,0,0,0,0
201705,51,075,3,5,Goochland County              ,15,15,4066865,0,0,0,0,0,0,0,0,0,15,15,4066865,0,0,0,0,0,0,0,0,0
201705,51,085,3,5,Hanover County                ,47,47,8892803,0,0,0,0,0,0,0,0,0,47,47,8892803,0,0,0,0,0,0,0,0,0
201705,51,087,3,5,Henrico County                ,61,61,11365999,0,0,0,0,0,0,0,0,0,61,61,11365999,0,0,0,0,0,0,0,0,0
201705,51,093,3,5,Isle of Wight County          ,18,18,3559218,0,0,0,0,0,0,0,0,0,0,0,0,0,0,0,0,0,0,0,0,0
201705,51,095,3,5,James City County             ,25,25,7304228,0,0,0,3,12,1355895,0,0,0,25,25,7304228,0,0,0,3,12,1355895,0,0,0
201705,51,097,3,5,King and Queen County         ,3,3,857000,0,0,0,0,0,0,0,0,0,3,3,857000,0,0,0,0,0,0,0,0,0
201705,51,099,3,5,King George County            ,5,5,1156230,0,0,0,0,0,0,0,0,0,5,5,1156230,0,0,0,0,0,0,0,0,0
201705,51,107,3,5,Loudoun County                ,360,360,83248526,0,0,0,0,0,0,6,86,9263843,360,360,83248526,0,0,0,0,0,0,6,86,9263843
201705,51,109,3,5,Louisa County                 ,27,27,6900000,0,0,0,0,0,0,0,0,0,27,27,6900000,0,0,0,0,0,0,0,0,0
201705,51,115,3,5,Mathews County                ,1,1,172000,0,0,0,0,0,0,0,0,0,1,1,172000,0,0,0,0,0,0,0,0,0
201705,51,127,3,5,New Kent County               ,33,33,7631115,0,0,0,0,0,0,0,0,0,33,33,7631115,0,0,0,0,0,0,0,0,0
201705,51,139,3,5,Page County                   ,4,4,573000,0,0,0,0,0,0,0,0,0,4,4,573000,0,0,0,0,0,0,0,0,0
201705,51,145,3,5,Powhatan County               ,18,18,3866379,0,0,0,0,0,0,0,0,0,18,18,3866379,0,0,0,0,0,0,0,0,0
201705,51,149,3,5,Prince George County          ,5,5,817400,0,0,0,0,0,0,0,0,0,5,5,817400,0,0,0,0,0,0,0,0,0
201705,51,153,3,5,Prince William County         ,162,162,28920000,0,0,0,0,0,0,0,0,0,162,162,28920000,0,0,0,0,0,0,0,0,0
201705,51,165,3,5,Rockingham County             ,22,22,5537180,0,0,0,0,0,0,0,0,0,22,22,5537180,0,0,0,0,0,0,0,0,0
201705,51,175,3,5,Southampton County            ,8,8,956372,0,0,0,0,0,0,0,0,0,8,8,956372,0,0,0,0,0,0,0,0,0
201705,51,177,3,5,Spotsylvania County           ,43,43,11217296,0,0,0,0,0,0,0,0,0,0,0,0,0,0,0,0,0,0,0,0,0
201705,51,179,3,5,Stafford County               ,122,122,20433567,0,0,0,0,0,0,0,0,0,122,122,20433567,0,0,0,0,0,0,0,0,0
201705,51,181,3,5,Surry County                  ,3,3,448153,0,0,0,0,0,0,0,0,0,0,0,0,0,0,0,0,0,0,0,0,0
201705,51,183,3,5,Sussex County                 ,0,0,0,0,0,0,0,0,0,0,0,0,0,0,0,0,0,0,0,0,0,0,0,0
201705,51,187,3,5,Warren County                 ,11,11,2290000,0,0,0,0,0,0,0,0,0,11,11,2290000,0,0,0,0,0,0,0,0,0
201705,51,199,3,5,York County                   ,28,28,6474885,0,0,0,0,0,0,0,0,0,28,28,6474885,0,0,0,0,0,0,0,0,0
201705,51,510,3,5,Alexandria (Independent City) ,31,31,7243000,0,0,0,0,0,0,0,0,0,31,31,7243000,0,0,0,0,0,0,0,0,0
201705,51,540,3,5,Charlottesville (Independent C,9,9,2020857,0,0,0,0,0,0,1,7,1034991,0,0,0,0,0,0,0,0,0,0,0,0
201705,51,550,3,5,Chesapeake(Independent City)  ,113,113,39388600,0,0,0,0,0,0,0,0,0,113,113,39388600,0,0,0,0,0,0,0,0,0
201705,51,570,3,5,Colonial Heights (Independent ,0,0,0,0,0,0,0,0,0,0,0,0,0,0,0,0,0,0,0,0,0,0,0,0
201705,51,580,3,5,Covington (Independent City)  ,0,0,0,0,0,0,0,0,0,0,0,0,0,0,0,0,0,0,0,0,0,0,0,0
201705,51,600,3,5,Fairfax (Independent City)    ,1,1,90000,0,0,0,0,0,0,0,0,0,1,1,90000,0,0,0,0,0,0,0,0,0
201705,51,610,3,5,Falls Church (Independent City,0,0,0,0,0,0,0,0,0,0,0,0,0,0,0,0,0,0,0,0,0,0,0,0
201705,51,630,3,5,Fredericksburg(Independent Cit,5,5,625000,0,0,0,0,0,0,0,0,0,5,5,625000,0,0,0,0,0,0,0,0,0
201705,51,650,3,5,Hampton (Independent City)    ,15,15,927552,0,0,0,0,0,0,0,0,0,0,0,0,0,0,0,0,0,0,0,0,0
201705,51,660,3,5,Harrisonburg (Independent City,7,7,1155000,0,0,0,0,0,0,0,0,0,7,7,1155000,0,0,0,0,0,0,0,0,0
201705,51,670,3,5,Hopewell (Independent City)   ,4,4,350000,0,0,0,0,0,0,0,0,0,4,4,350000,0,0,0,0,0,0,0,0,0
201705,51,680,3,5,Lynchburg (Independent City)  ,2,2,152800,0,0,0,0,0,0,0,0,0,2,2,152800,0,0,0,0,0,0,0,0,0
201705,51,683,3,5,Manassas (Independent City)   ,15,15,2114067,0,0,0,0,0,0,0,0,0,0,0,0,0,0,0,0,0,0,0,0,0
201705,51,685,3,5,Manassas Park (Independent Cit,0,0,0,0,0,0,0,0,0,0,0,0,0,0,0,0,0,0,0,0,0,0,0,0
201705,51,700,3,5,Newport News (Independent City,4,4,865668,0,0,0,0,0,0,0,0,0,4,4,865668,0,0,0,0,0,0,0,0,0
201705,51,710,3,5,Norfolk (Independent City)    ,61,61,14106000,2,4,180000,0,0,0,0,0,0,61,61,14106000,2,4,180000,0,0,0,0,0,0
201705,51,730,3,5,Petersburg (Independent City) ,0,0,0,0,0,0,0,0,0,0,0,0,0,0,0,0,0,0,0,0,0,0,0,0
201705,51,735,3,5,Poquoson (Independent City)   ,3,3,1012932,0,0,0,0,0,0,0,0,0,3,3,1012932,0,0,0,0,0,0,0,0,0
201705,51,740,3,5,Portsmouth (Independent City) ,16,16,1880000,0,0,0,0,0,0,0,0,0,16,16,1880000,0,0,0,0,0,0,0,0,0
201705,51,760,3,5,Richmond (Independent City)   ,35,35,8093607,0,0,0,0,0,0,0,0,0,35,35,8093607,0,0,0,0,0,0,0,0,0
201705,51,800,3,5,Suffolk (Independent City)    ,59,59,13643508,0,0,0,0,0,0,0,0,0,59,59,13643508,0,0,0,0,0,0,0,0,0
201705,51,810,3,5,Virginia Beach (Independent Ci,31,31,6994383,0,0,0,0,0,0,1,131,1061585,31,31,6994383,0,0,0,0,0,0,1,131,1061585
201705,51,830,3,5,Williamsburg (Independent City,0,0,0,0,0,0,0,0,0,0,0,0,0,0,0,0,0,0,0,0,0,0,0,0
201705,53,005,4,9,Benton County                 ,87,87,25612011,0,0,0,1,3,406674,1,15,1412619,33,33,8788913,0,0,0,0,0,0,0,0,0
201705,53,011,4,9,Clark County                  ,243,243,69401865,4,8,1100188,0,0,0,7,284,12812488,66,66,15768137,4,8,1100188,0,0,0,5,264,10709053
201705,53,021,4,9,Franklin County               ,54,54,13506034,2,4,675589,0,0,0,0,0,0,2,2,293053,0,0,0,0,0,0,0,0,0
201705,53,031,4,9,Jefferson County              ,28,28,4742428,0,0,0,0,0,0,0,0,0,10,10,1571439,0,0,0,0,0,0,0,0,0
201705,53,033,4,9,King County                   ,431,431,165636790,15,30,6511579,6,20,3820989,11,722,91452322,392,392,146895800,15,30,6511579,6,20,3820989,10,689,87952848
201705,53,035,4,9,Kitsap County                 ,75,75,22233609,1,2,316175,1,3,552064,0,0,0,75,75,22233609,1,2,316175,1,3,552064,0,0,0
201705,53,053,4,9,Pierce County                 ,327,327,101822545,3,6,1151101,0,0,0,7,67,7250590,323,323,100415131,3,6,1151101,0,0,0,7,67,7250590
201705,53,055,4,9,San Juan County               ,14,14,2165756,0,0,0,0,0,0,0,0,0,14,14,2165756,0,0,0,0,0,0,0,0,0
201705,53,059,4,9,Skamania County               ,2,2,672752,0,0,0,0,0,0,0,0,0,2,2,672752,0,0,0,0,0,0,0,0,0
201705,53,061,4,9,Snohomish County              ,258,258,70909480,2,4,841349,0,0,0,2,25,6084040,221,221,60404656,2,4,841349,0,0,0,1,20,5465532
201705,54,011,3,5,Cabell County                 ,9,9,1049274,0,0,0,0,0,0,0,0,0,9,9,1049274,0,0,0,0,0,0,0,0,0
201705,54,015,3,5,Clay County                   ,1,1,37784,0,0,0,0,0,0,0,0,0,0,0,0,0,0,0,0,0,0,0,0,0
201705,54,019,3,5,Fayette County                ,2,2,112500,0,0,0,0,0,0,0,0,0,2,2,112500,0,0,0,0,0,0,0,0,0
201705,54,037,3,5,Jefferson County              ,12,12,3439994,0,0,0,0,0,0,0,0,0,12,12,3439994,0,0,0,0,0,0,0,0,0
201705,54,081,3,5,Raleigh County                ,4,4,608000,0,0,0,0,0,0,0,0,0,4,4,608000,0,0,0,0,0,0,0,0,0
201705,55,025,2,3,Dane County                   ,138,138,44063872,7,14,2099192,1,3,447000,5,204,26332040,80,80,27755211,4,8,1000000,0,0,0,0,0,0
201705,55,031,2,3,Douglas County                ,12,12,2299893,1,2,350000,0,0,0,0,0,0,12,12,2299893,1,2,350000,0,0,0,0,0,0
201705,55,037,2,3,Florence County               ,3,3,490000,0,0,0,0,0,0,0,0,0,3,3,490000,0,0,0,0,0,0,0,0,0
201705,55,049,2,3,Iowa County                   ,7,7,2232208,0,0,0,0,0,0,0,0,0,7,7,2232208,0,0,0,0,0,0,0,0,0
201705,55,059,2,3,Kenosha County                ,23,23,6263318,0,0,0,0,0,0,1,25,890993,20,20,5762153,0,0,0,0,0,0,0,0,0
201705,55,079,2,3,Milwaukee County              ,15,15,4063106,1,2,187000,0,0,0,2,320,35310918,11,11,3061832,1,2,187000,0,0,0,1,239,24660000
201705,55,089,2,3,Ozaukee County                ,21,21,7288890,0,0,0,0,0,0,1,6,453333,12,12,3494157,0,0,0,0,0,0,0,0,0
201705,55,093,2,3,Pierce County                 ,10,10,2230945,0,0,0,0,0,0,0,0,0,9,9,2025945,0,0,0,0,0,0,0,0,0
201705,55,109,2,3,St. Croix County              ,52,52,15458984,2,4,538000,0,0,0,0,0,0,48,48,14278844,2,4,538000,0,0,0,0,0,0
201705,55,131,2,3,Washington County             ,39,39,10941714,1,2,350000,0,0,0,1,5,354167,29,29,7620425,1,2,350000,0,0,0,0,0,0
201705,56,029,4,8,Park County                   ,11,11,2461310,0,0,0,0,0,0,0,0,0,11,11,2461310,0,0,0,0,0,0,0,0,0
201705,56,039,4,8,Teton County                  ,13,13,13644544,0,0,0,0,0,0,0,0,0,11,11,12512000,0,0,0,0,0,0,0,0,0
