Survey,FIPS,FIPS,Region,Division,County,,1-unit,,,2-units,,,3-4 units,,,5+ units,,,1-unit rep,,,2-units rep,,,3-4 units rep,,, 5+units rep
Date,State,County,Code,Code,Name,Bldgs,Units,Value,Bldgs,Units,Value,Bldgs,Units,Value,Bldgs,Units,Value,Bldgs,Units,Value,Bldgs,Units,Value,Bldgs,Units,Value,Bldgs,Units,Value
 
201704,01,001,3,6,Autauga County                ,17,17,4070782,0,0,0,0,0,0,0,0,0,17,17,4070782,0,0,0,0,0,0,0,0,0
201704,01,007,3,6,Bibb County                   ,1,1,250000,0,0,0,0,0,0,0,0,0,1,1,250000,0,0,0,0,0,0,0,0,0
201704,01,009,3,6,Blount County                 ,0,0,0,0,0,0,0,0,0,0,0,0,0,0,0,0,0,0,0,0,0,0,0,0
201704,01,021,3,6,Chilton County                ,4,4,355000,0,0,0,0,0,0,0,0,0,4,4,355000,0,0,0,0,0,0,0,0,0
201704,01,073,3,6,Jefferson County              ,110,110,27712232,0,0,0,0,0,0,0,0,0,96,96,26092590,0,0,0,0,0,0,0,0,0
201704,01,081,3,6,Lee County                    ,99,99,26073641,0,0,0,0,0,0,0,0,0,99,99,26073641,0,0,0,0,0,0,0,0,0
201704,01,083,3,6,Limestone County              ,8,8,1849967,0,0,0,0,0,0,0,0,0,8,8,1849967,0,0,0,0,0,0,0,0,0
201704,01,089,3,6,Madison County                ,188,188,28459309,0,0,0,0,0,0,0,0,0,188,188,28459309,0,0,0,0,0,0,0,0,0
201704,01,113,3,6,Russell County                ,13,13,2432500,0,0,0,0,0,0,0,0,0,7,7,1601626,0,0,0,0,0,0,0,0,0
201704,01,115,3,6,St. Clair County              ,12,12,2144610,0,0,0,0,0,0,0,0,0,12,12,2144610,0,0,0,0,0,0,0,0,0
201704,01,117,3,6,Shelby County                 ,90,90,20537808,0,0,0,0,0,0,1,5,767250,34,34,7043738,0,0,0,0,0,0,0,0,0
201704,01,127,3,6,Walker County                 ,2,2,225000,0,0,0,0,0,0,0,0,0,2,2,225000,0,0,0,0,0,0,0,0,0
201704,02,013,4,9,Aleutians East Borough        ,0,0,0,0,0,0,0,0,0,0,0,0,0,0,0,0,0,0,0,0,0,0,0,0
201704,02,016,4,9,Aleutians West Census Area    ,1,1,98118,0,0,0,0,0,0,0,0,0,0,0,0,0,0,0,0,0,0,0,0,0
201704,02,020,4,9,Anchorage Municipality        ,67,67,20993144,0,0,0,1,3,520780,1,15,2371433,0,0,0,0,0,0,0,0,0,0,0,0
201704,02,050,4,9,Bethel Census Area            ,1,1,400000,0,0,0,0,0,0,0,0,0,1,1,400000,0,0,0,0,0,0,0,0,0
201704,02,060,4,9,Bristol Bay Borough           ,0,0,0,0,0,0,0,0,0,0,0,0,0,0,0,0,0,0,0,0,0,0,0,0
201704,02,070,4,9,Dillingham Census Area        ,0,0,0,0,0,0,0,0,0,0,0,0,0,0,0,0,0,0,0,0,0,0,0,0
201704,02,090,4,9,Fairbanks North Star Borough  ,2,2,585000,0,0,0,0,0,0,0,0,0,2,2,585000,0,0,0,0,0,0,0,0,0
201704,02,100,4,9,Haines Borough                ,1,1,278570,0,0,0,0,0,0,0,0,0,0,0,0,0,0,0,0,0,0,0,0,0
201704,02,105,4,9,Hoonah-Angoon Census Area     ,0,0,0,0,0,0,0,0,0,0,0,0,0,0,0,0,0,0,0,0,0,0,0,0
201704,02,110,4,9,Juneau City and Borough       ,6,6,1121380,0,0,0,0,0,0,0,0,0,6,6,1121380,0,0,0,0,0,0,0,0,0
201704,02,122,4,9,Kenai Peninsula Borough       ,19,19,2747607,1,2,250465,0,0,0,0,0,0,16,16,2085000,0,0,0,0,0,0,0,0,0
201704,02,130,4,9,Ketchikan Gateway Borough     ,2,2,582103,0,0,0,0,0,0,0,0,0,2,2,582103,0,0,0,0,0,0,0,0,0
201704,02,150,4,9,Kodiak Island Borough         ,3,3,912350,2,4,674144,0,0,0,0,0,0,3,3,912350,2,4,674144,0,0,0,0,0,0
201704,02,158,4,9,Kusilvak Census Area          ,0,0,0,0,0,0,0,0,0,0,0,0,0,0,0,0,0,0,0,0,0,0,0,0
201704,02,170,4,9,Matanuska-Susitna Borough     ,0,0,0,4,8,1205768,1,4,481304,1,36,3708936,0,0,0,4,8,1205768,1,4,481304,1,36,3708936
201704,02,180,4,9,Nome Census Area              ,1,1,135319,0,0,0,0,0,0,0,0,0,0,0,0,0,0,0,0,0,0,0,0,0
201704,02,185,4,9,North Slope Borough           ,1,1,272831,0,0,0,0,0,0,0,0,0,0,0,0,0,0,0,0,0,0,0,0,0
201704,02,188,4,9,Northwest Arctic Borough      ,0,0,0,0,0,0,0,0,0,0,0,0,0,0,0,0,0,0,0,0,0,0,0,0
201704,02,195,4,9,Petersburg Borough            ,2,2,365000,0,0,0,0,0,0,0,0,0,2,2,365000,0,0,0,0,0,0,0,0,0
201704,02,198,4,9,Prince of Wales-Hyder Census A,1,1,274034,0,0,0,0,0,0,0,0,0,1,1,274034,0,0,0,0,0,0,0,0,0
201704,02,220,4,9,Sitka City and Borough        ,1,1,248107,0,0,0,0,0,0,0,0,0,0,0,0,0,0,0,0,0,0,0,0,0
201704,02,230,4,9,Skagway Municipality          ,1,1,209000,0,0,0,0,0,0,0,0,0,0,0,0,0,0,0,0,0,0,0,0,0
201704,02,261,4,9,Valdez-Cordova Census Area    ,0,0,0,0,0,0,0,0,0,0,0,0,0,0,0,0,0,0,0,0,0,0,0,0
201704,02,275,4,9,Wrangell City and Borough     ,1,1,300000,0,0,0,0,0,0,0,0,0,1,1,300000,0,0,0,0,0,0,0,0,0
201704,02,282,4,9,Yakutat City and Borough      ,0,0,0,0,0,0,0,0,0,0,0,0,0,0,0,0,0,0,0,0,0,0,0,0
201704,02,290,4,9,Yukon-Koyukuk Census Area     ,0,0,0,0,0,0,0,0,0,0,0,0,0,0,0,0,0,0,0,0,0,0,0,0
201704,04,013,4,8,Maricopa County               ,1517,1517,411304500,2,4,414916,4,16,2385907,42,816,77914932,1498,1498,405680708,2,4,414916,4,16,2385907,42,816,77914932
201704,04,019,4,8,Pima County                   ,218,218,61661815,0,0,0,0,0,0,1,5,427766,79,79,21237046,0,0,0,0,0,0,0,0,0
201704,04,021,4,8,Pinal County                  ,321,321,65624580,6,12,635921,0,0,0,0,0,0,321,321,65624580,6,12,635921,0,0,0,0,0,0
201704,05,013,3,7,Calhoun County                ,0,0,0,0,0,0,0,0,0,0,0,0,0,0,0,0,0,0,0,0,0,0,0,0
201704,05,035,3,7,Crittenden County             ,7,7,1315464,0,0,0,0,0,0,0,0,0,4,4,811000,0,0,0,0,0,0,0,0,0
201704,05,045,3,7,Faulkner County               ,22,22,4367000,1,2,143000,0,0,0,1,72,1625000,22,22,4367000,1,2,143000,0,0,0,1,72,1625000
201704,05,053,3,7,Grant County                  ,2,2,304000,0,0,0,0,0,0,0,0,0,0,0,0,0,0,0,0,0,0,0,0,0
201704,05,085,3,7,Lonoke County                 ,28,28,2732714,0,0,0,0,0,0,0,0,0,1,1,186000,0,0,0,0,0,0,0,0,0
201704,05,087,3,7,Madison County                ,0,0,0,0,0,0,0,0,0,0,0,0,0,0,0,0,0,0,0,0,0,0,0,0
201704,05,091,3,7,Miller County                 ,3,3,447320,0,0,0,0,0,0,0,0,0,0,0,0,0,0,0,0,0,0,0,0,0
201704,05,105,3,7,Perry County                  ,0,0,0,0,0,0,0,0,0,0,0,0,0,0,0,0,0,0,0,0,0,0,0,0
201704,05,119,3,7,Pulaski County                ,57,57,14040654,3,6,636500,0,0,0,2,318,23500000,57,57,14040654,3,6,636500,0,0,0,2,318,23500000
201704,05,129,3,7,Searcy County                 ,0,0,0,0,0,0,0,0,0,0,0,0,0,0,0,0,0,0,0,0,0,0,0,0
201704,05,143,3,7,Washington County             ,119,119,27820940,0,0,0,0,0,0,0,0,0,105,105,26174252,0,0,0,0,0,0,0,0,0
201704,06,001,4,9,Alameda County                ,157,157,48523171,0,0,0,4,13,3117230,21,589,119200036,81,81,25189153,0,0,0,3,10,2260519,17,563,113156626
201704,06,013,4,9,Contra Costa County           ,186,186,63943054,0,0,0,1,3,141264,3,73,18329061,166,166,59186060,0,0,0,0,0,0,1,48,14955234
201704,06,017,4,9,El Dorado County              ,80,80,30216206,0,0,0,0,0,0,0,0,0,74,74,29069343,0,0,0,0,0,0,0,0,0
201704,06,019,4,9,Fresno County                 ,81,81,22598686,0,0,0,0,0,0,8,64,1763298,70,70,20302081,0,0,0,0,0,0,8,64,1763298
201704,06,037,4,9,Los Angeles County            ,639,639,253594183,43,86,18034753,4,12,2081715,31,1685,374654902,579,579,223394779,41,82,17152820,2,6,1035322,26,1627,364865100
201704,06,041,4,9,Marin County                  ,6,6,5037250,0,0,0,0,0,0,0,0,0,6,6,5037250,0,0,0,0,0,0,0,0,0
201704,06,059,4,9,Orange County                 ,392,392,121937660,8,16,3495083,8,27,5376908,16,355,53785643,278,278,85622475,6,12,2256492,8,27,5376908,14,308,49983737
201704,06,061,4,9,Placer County                 ,289,289,87389380,2,4,613377,0,0,0,0,0,0,287,287,86735572,2,4,613377,0,0,0,0,0,0
201704,06,063,4,9,Plumas County                 ,2,2,300663,0,0,0,0,0,0,0,0,0,2,2,300663,0,0,0,0,0,0,0,0,0
201704,06,067,4,9,Sacramento County             ,216,216,55467744,0,0,0,0,0,0,4,113,15267441,215,215,55231687,0,0,0,0,0,0,4,113,15267441
201704,06,069,4,9,San Benito County             ,49,49,12299467,0,0,0,0,0,0,0,0,0,49,49,12299467,0,0,0,0,0,0,0,0,0
201704,06,071,4,9,San Bernardino County         ,416,416,105844952,0,0,0,1,3,553584,12,800,85858212,401,401,101288858,0,0,0,1,3,553584,12,800,85858212
201704,06,073,4,9,San Diego County              ,335,335,114569583,13,26,5570491,25,79,10354398,7,82,30889129,323,323,112457728,13,26,5570491,25,79,10354398,6,74,26541303
201704,06,075,4,9,San Francisco County          ,5,5,1370172,3,6,1792775,0,0,0,5,281,62700000,5,5,1370172,3,6,1792775,0,0,0,5,281,62700000
201704,06,081,4,9,San Mateo County              ,36,36,21809753,0,0,0,1,3,627840,5,86,17493201,14,14,10779205,0,0,0,0,0,0,1,8,3750000
201704,06,085,4,9,Santa Clara County            ,131,131,46969480,0,0,0,2,6,1301682,17,160,25436785,104,104,38370946,0,0,0,1,3,602497,15,120,18746641
201704,06,091,4,9,Sierra County                 ,0,0,0,0,0,0,0,0,0,0,0,0,0,0,0,0,0,0,0,0,0,0,0,0
201704,06,113,4,9,Yolo County                   ,28,28,7476831,0,0,0,0,0,0,0,0,0,28,28,7476831,0,0,0,0,0,0,0,0,0
201704,08,001,4,8,Adams County                  ,136,136,37169906,0,0,0,0,0,0,0,0,0,136,136,37169906,0,0,0,0,0,0,0,0,0
201704,08,005,4,8,Arapahoe County               ,185,185,46907448,0,0,0,0,0,0,3,119,14851287,58,58,16504957,0,0,0,0,0,0,0,0,0
201704,08,014,4,8,Broomfield County             ,11,11,1540224,0,0,0,0,0,0,0,0,0,11,11,1540224,0,0,0,0,0,0,0,0,0
201704,08,015,4,8,Chaffee County                ,13,13,3443548,0,0,0,0,0,0,0,0,0,0,0,0,0,0,0,0,0,0,0,0,0
201704,08,019,4,8,Clear Creek County            ,1,1,128322,0,0,0,0,0,0,0,0,0,1,1,128322,0,0,0,0,0,0,0,0,0
201704,08,031,4,8,Denver County                 ,194,194,53162693,0,0,0,0,0,0,12,1446,157042130,194,194,53162693,0,0,0,0,0,0,12,1446,157042130
201704,08,035,4,8,Douglas County                ,154,154,49262349,0,0,0,0,0,0,7,124,15610415,147,147,46476192,0,0,0,0,0,0,7,124,15610415
201704,08,039,4,8,Elbert County                 ,12,12,3555807,0,0,0,0,0,0,0,0,0,12,12,3555807,0,0,0,0,0,0,0,0,0
201704,08,041,4,8,El Paso County                ,331,331,128597655,0,0,0,0,0,0,0,0,0,330,330,128348369,0,0,0,0,0,0,0,0,0
201704,08,047,4,8,Gilpin County                 ,1,1,450000,0,0,0,0,0,0,0,0,0,1,1,450000,0,0,0,0,0,0,0,0,0
201704,08,069,4,8,Larimer County                ,271,271,69660740,4,8,1228000,0,0,0,4,27,4254495,268,268,68834604,4,8,1228000,0,0,0,4,27,4254495
201704,08,077,4,8,Mesa County                   ,54,54,14797863,0,0,0,0,0,0,0,0,0,54,54,14797863,0,0,0,0,0,0,0,0,0
201704,08,093,4,8,Park County                   ,1,1,250000,0,0,0,0,0,0,0,0,0,1,1,250000,0,0,0,0,0,0,0,0,0
201704,08,101,4,8,Pueblo County                 ,25,25,4331310,0,0,0,0,0,0,0,0,0,25,25,4331310,0,0,0,0,0,0,0,0,0
201704,08,119,4,8,Teller County                 ,6,6,1610987,0,0,0,0,0,0,0,0,0,6,6,1610987,0,0,0,0,0,0,0,0,0
201704,09,001,1,1,Fairfield County              ,49,49,29056716,3,6,1168315,0,0,0,1,5,405268,32,32,17483304,3,6,1168315,0,0,0,0,0,0
201704,09,003,1,1,Hartford County               ,39,39,7813274,3,6,900000,0,0,0,1,5,243431,28,28,6568220,3,6,900000,0,0,0,0,0,0
201704,09,007,1,1,Middlesex County              ,17,17,4129768,1,2,350000,0,0,0,0,0,0,15,15,3554390,0,0,0,0,0,0,0,0,0
201704,09,013,1,1,Tolland County                ,11,11,2142146,1,2,170000,0,0,0,2,21,1813650,7,7,1300004,1,2,170000,0,0,0,1,16,1200000
201704,10,001,3,5,Kent County                   ,77,77,11103703,1,2,207822,0,0,0,0,0,0,74,74,10722396,1,2,207822,0,0,0,0,0,0
201704,10,003,3,5,New Castle County             ,105,105,8758740,0,0,0,0,0,0,6,133,3774801,14,14,1397250,0,0,0,0,0,0,4,120,3141583
201704,10,005,3,5,Sussex County                 ,206,206,29137994,9,18,1737384,1,3,395820,3,21,693328,206,206,29137994,9,18,1737384,1,3,395820,3,21,693328
201704,11,001,3,5,Washington  DC                ,35,35,8093607,1,2,217141,1,4,488242,5,333,35870461,35,35,8093607,1,2,217141,1,4,488242,5,333,35870461
201704,12,003,3,5,Baker County                  ,3,3,779246,0,0,0,0,0,0,0,0,0,3,3,779246,0,0,0,0,0,0,0,0,0
201704,12,019,3,5,Clay County                   ,71,71,13476660,0,0,0,0,0,0,2,64,4332000,71,71,13476660,0,0,0,0,0,0,2,64,4332000
201704,12,029,3,5,Dixie County                  ,3,3,378970,0,0,0,0,0,0,0,0,0,0,0,0,0,0,0,0,0,0,0,0,0
201704,12,031,3,5,Duval County                  ,233,233,55281459,2,4,434282,0,0,0,1,6,646315,214,214,49144132,2,4,434282,0,0,0,1,6,646315
201704,12,033,3,5,Escambia County               ,91,91,20965357,0,0,0,0,0,0,0,0,0,91,91,20965357,0,0,0,0,0,0,0,0,0
201704,12,053,3,5,Hernando County               ,122,122,24434604,0,0,0,0,0,0,0,0,0,122,122,24434604,0,0,0,0,0,0,0,0,0
201704,12,057,3,5,Hillsborough County           ,575,575,183091358,0,0,0,0,0,0,22,582,76887281,575,575,183091358,0,0,0,0,0,0,22,582,76887281
201704,12,067,3,5,Lafayette County              ,0,0,0,0,0,0,0,0,0,0,0,0,0,0,0,0,0,0,0,0,0,0,0,0
201704,12,071,3,5,Lee County                    ,355,355,90933190,7,14,1788770,3,12,3098331,8,60,10861110,355,355,90933190,7,14,1788770,3,12,3098331,8,60,10861110
201704,12,073,3,5,Leon County                   ,53,53,10706695,0,0,0,0,0,0,2,47,3475534,0,0,0,0,0,0,0,0,0,0,0,0
201704,12,081,3,5,Manatee County                ,250,250,53558689,0,0,0,3,12,1530080,2,14,1970000,249,249,52947605,0,0,0,3,12,1530080,2,14,1970000
201704,12,086,3,5,Miami-Dade County             ,277,277,76826285,4,8,1546769,1,3,281992,11,1753,367257016,238,238,67673281,4,8,1546769,0,0,0,8,1725,357282848
201704,12,089,3,5,Nassau County                 ,77,77,22149978,0,0,0,0,0,0,0,0,0,77,77,22149978,0,0,0,0,0,0,0,0,0
201704,12,091,3,5,Okaloosa County               ,101,101,28935959,0,0,0,0,0,0,0,0,0,97,97,28365296,0,0,0,0,0,0,0,0,0
201704,12,095,3,5,Orange County                 ,531,531,148037806,3,6,1095573,3,9,1655925,3,39,4256484,486,486,132256282,3,6,1095573,3,9,1655925,1,10,1738462
201704,12,097,3,5,Osceola County                ,279,279,85696087,4,8,304127,2,8,1289897,11,364,14320444,279,279,85696087,4,8,304127,2,8,1289897,11,364,14320444
201704,12,101,3,5,Pasco County                  ,341,341,69116148,0,0,0,0,0,0,2,12,303290,339,339,68926712,0,0,0,0,0,0,2,12,303290
201704,12,103,3,5,Pinellas County               ,92,92,22554150,1,2,508574,1,3,762861,1,5,396660,83,83,20096280,1,2,508574,1,3,762861,0,0,0
201704,12,109,3,5,St. Johns County              ,361,361,100739374,0,0,0,3,12,2150054,0,0,0,361,361,100739374,0,0,0,3,12,2150054,0,0,0
201704,12,113,3,5,Santa Rosa County             ,132,132,20394818,0,0,0,0,0,0,0,0,0,132,132,20394818,0,0,0,0,0,0,0,0,0
201704,12,115,3,5,Sarasota County               ,252,252,70509272,2,4,823589,1,4,1043556,3,28,5349685,250,250,68786763,2,4,823589,1,4,1043556,3,28,5349685
201704,12,117,3,5,Seminole County               ,98,98,34757546,0,0,0,0,0,0,1,24,1576187,96,96,34425027,0,0,0,0,0,0,0,0,0
201704,12,119,3,5,Sumter County                 ,90,90,24287752,0,0,0,0,0,0,0,0,0,90,90,24287752,0,0,0,0,0,0,0,0,0
201704,12,129,3,5,Wakulla County                ,10,10,1686000,0,0,0,0,0,0,0,0,0,10,10,1686000,0,0,0,0,0,0,0,0,0
201704,12,131,3,5,Walton County                 ,143,143,75513226,0,0,0,1,4,534387,0,0,0,143,143,75513226,0,0,0,1,4,534387,0,0,0
201704,12,133,3,5,Washington County             ,4,4,578327,0,0,0,0,0,0,0,0,0,0,0,0,0,0,0,0,0,0,0,0,0
201704,13,007,3,5,Baker County                  ,0,0,0,0,0,0,0,0,0,0,0,0,0,0,0,0,0,0,0,0,0,0,0,0
201704,13,013,3,5,Barrow County                 ,36,36,5176763,0,0,0,0,0,0,0,0,0,2,2,380000,0,0,0,0,0,0,0,0,0
201704,13,015,3,5,Bartow County                 ,54,54,6516226,0,0,0,0,0,0,0,0,0,25,25,1603525,0,0,0,0,0,0,0,0,0
201704,13,021,3,5,Bibb County                   ,10,10,1468638,0,0,0,0,0,0,0,0,0,10,10,1468638,0,0,0,0,0,0,0,0,0
201704,13,029,3,5,Bryan County                  ,43,43,10057422,0,0,0,0,0,0,0,0,0,17,17,3931180,0,0,0,0,0,0,0,0,0
201704,13,033,3,5,Burke County                  ,5,5,895023,0,0,0,0,0,0,0,0,0,0,0,0,0,0,0,0,0,0,0,0,0
201704,13,035,3,5,Butts County                  ,7,7,1065000,0,0,0,0,0,0,0,0,0,7,7,1065000,0,0,0,0,0,0,0,0,0
201704,13,045,3,5,Carroll County                ,17,17,4032177,0,0,0,0,0,0,0,0,0,17,17,4032177,0,0,0,0,0,0,0,0,0
201704,13,051,3,5,Chatham County                ,69,69,16824170,0,0,0,0,0,0,0,0,0,69,69,16824170,0,0,0,0,0,0,0,0,0
201704,13,057,3,5,Cherokee County               ,209,209,56137763,0,0,0,0,0,0,0,0,0,209,209,56137763,0,0,0,0,0,0,0,0,0
201704,13,059,3,5,Clarke County                 ,15,15,2690555,0,0,0,0,0,0,0,0,0,15,15,2690555,0,0,0,0,0,0,0,0,0
201704,13,063,3,5,Clayton County                ,34,34,7862361,0,0,0,0,0,0,0,0,0,34,34,7862361,0,0,0,0,0,0,0,0,0
201704,13,067,3,5,Cobb County                   ,115,115,34057175,0,0,0,2,8,805626,3,16,2946256,111,111,33293601,0,0,0,2,8,805626,3,16,2946256
201704,13,073,3,5,Columbia County               ,111,111,20974831,0,0,0,1,4,181333,0,0,0,3,3,406200,0,0,0,0,0,0,0,0,0
201704,13,077,3,5,Coweta County                 ,78,78,26457388,0,0,0,0,0,0,0,0,0,43,43,16402910,0,0,0,0,0,0,0,0,0
201704,13,085,3,5,Dawson County                 ,11,11,1791723,0,0,0,0,0,0,0,0,0,4,4,1133227,0,0,0,0,0,0,0,0,0
201704,13,095,3,5,Dougherty County              ,2,2,343044,0,0,0,0,0,0,0,0,0,2,2,343044,0,0,0,0,0,0,0,0,0
201704,13,097,3,5,Douglas County                ,29,29,7144305,0,0,0,0,0,0,0,0,0,29,29,7144305,0,0,0,0,0,0,0,0,0
201704,13,111,3,5,Fannin County                 ,14,14,2719165,0,0,0,0,0,0,0,0,0,14,14,2719165,0,0,0,0,0,0,0,0,0
201704,13,113,3,5,Fayette County                ,45,45,13620018,0,0,0,0,0,0,0,0,0,45,45,13620018,0,0,0,0,0,0,0,0,0
201704,13,115,3,5,Floyd County                  ,13,13,1945800,0,0,0,0,0,0,0,0,0,13,13,1945800,0,0,0,0,0,0,0,0,0
201704,13,117,3,5,Forsyth County                ,228,228,32914093,0,0,0,0,0,0,0,0,0,228,228,32914093,0,0,0,0,0,0,0,0,0
201704,13,121,3,5,Fulton County                 ,276,276,72321213,0,0,0,0,0,0,0,0,0,250,250,66146920,0,0,0,0,0,0,0,0,0
201704,13,127,3,5,Glynn County                  ,45,45,13584960,0,0,0,0,0,0,0,0,0,0,0,0,0,0,0,0,0,0,0,0,0
201704,13,135,3,5,Gwinnett County               ,343,343,81284284,0,0,0,0,0,0,0,0,0,338,338,79861890,0,0,0,0,0,0,0,0,0
201704,13,143,3,5,Haralson County               ,3,3,683242,0,0,0,0,0,0,0,0,0,0,0,0,0,0,0,0,0,0,0,0,0
201704,13,145,3,5,Harris County                 ,14,14,3192085,0,0,0,0,0,0,0,0,0,14,14,3192085,0,0,0,0,0,0,0,0,0
201704,13,149,3,5,Heard County                  ,2,2,462492,0,0,0,0,0,0,0,0,0,2,2,462492,0,0,0,0,0,0,0,0,0
201704,13,151,3,5,Henry County                  ,118,118,22046315,0,0,0,0,0,0,0,0,0,118,118,22046315,0,0,0,0,0,0,0,0,0
201704,13,159,3,5,Jasper County                 ,6,6,803844,0,0,0,0,0,0,0,0,0,0,0,0,0,0,0,0,0,0,0,0,0
201704,13,171,3,5,Lamar County                  ,1,1,142550,0,0,0,0,0,0,0,0,0,1,1,142550,0,0,0,0,0,0,0,0,0
201704,13,177,3,5,Lee County                    ,9,9,1165280,0,0,0,0,0,0,0,0,0,9,9,1165280,0,0,0,0,0,0,0,0,0
201704,13,179,3,5,Liberty County                ,17,17,3869122,0,0,0,0,0,0,0,0,0,17,17,3869122,0,0,0,0,0,0,0,0,0
201704,13,189,3,5,McDuffie County               ,2,2,284957,0,0,0,0,0,0,0,0,0,0,0,0,0,0,0,0,0,0,0,0,0
201704,13,199,3,5,Meriwether County             ,3,3,682798,0,0,0,0,0,0,0,0,0,0,0,0,0,0,0,0,0,0,0,0,0
201704,13,201,3,5,Miller County                 ,0,0,0,0,0,0,0,0,0,0,0,0,0,0,0,0,0,0,0,0,0,0,0,0
201704,13,207,3,5,Monroe County                 ,13,13,2502000,0,0,0,0,0,0,0,0,0,13,13,2502000,0,0,0,0,0,0,0,0,0
201704,13,215,3,5,Muscogee County               ,25,25,4796547,0,0,0,0,0,0,1,5,1244739,0,0,0,0,0,0,0,0,0,0,0,0
201704,13,217,3,5,Newton County                 ,53,53,12256033,0,0,0,0,0,0,0,0,0,53,53,12256033,0,0,0,0,0,0,0,0,0
201704,13,227,3,5,Pickens County                ,20,20,4634875,0,0,0,0,0,0,0,0,0,19,19,4364000,0,0,0,0,0,0,0,0,0
201704,13,231,3,5,Pike County                   ,4,4,1158000,0,0,0,0,0,0,0,0,0,4,4,1158000,0,0,0,0,0,0,0,0,0
201704,13,235,3,5,Pulaski County                ,3,3,375000,0,0,0,0,0,0,0,0,0,3,3,375000,0,0,0,0,0,0,0,0,0
201704,13,245,3,5,Richmond County               ,32,32,4947508,0,0,0,0,0,0,1,17,1138267,3,3,510000,0,0,0,0,0,0,0,0,0
201704,13,247,3,5,Rockdale County               ,24,24,5549902,0,0,0,0,0,0,0,0,0,24,24,5549902,0,0,0,0,0,0,0,0,0
201704,13,255,3,5,Spalding County               ,22,22,2336865,0,0,0,0,0,0,0,0,0,22,22,2336865,0,0,0,0,0,0,0,0,0
201704,13,275,3,5,Thomas County                 ,5,5,1283864,0,0,0,0,0,0,1,10,1122327,3,3,897738,0,0,0,0,0,0,0,0,0
201704,13,291,3,5,Union County                  ,16,16,4751317,0,0,0,0,0,0,0,0,0,16,16,4751317,0,0,0,0,0,0,0,0,0
201704,15,001,4,9,Hawaii County                 ,86,86,22582371,0,0,0,0,0,0,0,0,0,86,86,22582371,0,0,0,0,0,0,0,0,0
201704,15,003,4,9,Honolulu County               ,64,64,18959620,0,0,0,0,0,0,0,0,0,64,64,18959620,0,0,0,0,0,0,0,0,0
201704,15,007,4,9,Kauai County                  ,6,6,2451194,0,0,0,0,0,0,0,0,0,6,6,2451194,0,0,0,0,0,0,0,0,0
201704,15,009,4,9,Maui County                   ,30,30,12616452,0,0,0,0,0,0,0,0,0,30,30,12616452,0,0,0,0,0,0,0,0,0
201704,16,001,4,8,Ada County                    ,394,394,100260937,1,2,418324,0,0,0,6,174,23158264,394,394,100260937,1,2,418324,0,0,0,6,174,23158264
201704,16,015,4,8,Boise County                  ,2,2,882207,0,0,0,0,0,0,0,0,0,2,2,882207,0,0,0,0,0,0,0,0,0
201704,16,027,4,8,Canyon County                 ,166,166,26505322,0,0,0,4,16,1061000,0,0,0,166,166,26505322,0,0,0,4,16,1061000,0,0,0
201704,16,045,4,8,Gem County                    ,7,7,1128340,0,0,0,0,0,0,1,5,298436,5,5,891800,0,0,0,0,0,0,0,0,0
201704,16,073,4,8,Owyhee County                 ,2,2,412434,0,0,0,0,0,0,0,0,0,2,2,412434,0,0,0,0,0,0,0,0,0
201704,17,005,2,3,Bond County                   ,1,1,176208,0,0,0,0,0,0,0,0,0,0,0,0,0,0,0,0,0,0,0,0,0
201704,17,013,2,3,Calhoun County                ,0,0,0,0,0,0,0,0,0,0,0,0,0,0,0,0,0,0,0,0,0,0,0,0
201704,17,031,2,3,Cook County                   ,135,135,40945666,5,10,1506889,15,49,10609002,22,1792,125587882,93,93,30194898,5,10,1506889,14,46,10161460,21,1787,124667500
201704,17,037,2,3,DeKalb County                 ,9,9,1847000,0,0,0,1,4,658000,0,0,0,9,9,1847000,0,0,0,1,4,658000,0,0,0
201704,17,039,2,3,De Witt County                ,3,3,483000,0,0,0,0,0,0,0,0,0,3,3,483000,0,0,0,0,0,0,0,0,0
201704,17,043,2,3,DuPage County                 ,90,90,35814997,1,2,220000,2,7,984652,2,25,1240544,81,81,32174687,1,2,220000,2,7,984652,1,5,766150
201704,17,063,2,3,Grundy County                 ,10,10,2378549,0,0,0,0,0,0,1,10,512820,9,9,2218000,0,0,0,0,0,0,0,0,0
201704,17,083,2,3,Jersey County                 ,3,3,467993,0,0,0,0,0,0,0,0,0,0,0,0,0,0,0,0,0,0,0,0,0
201704,17,093,2,3,Kendall County                ,17,17,4037655,0,0,0,0,0,0,0,0,0,12,12,2896767,0,0,0,0,0,0,0,0,0
201704,17,097,2,3,Lake County                   ,43,43,15734491,1,2,83333,1,3,271117,2,13,3433050,19,19,4301793,0,0,0,1,3,271117,0,0,0
201704,17,111,2,3,McHenry County                ,23,23,4141133,1,2,300000,0,0,0,0,0,0,17,17,3475941,1,2,300000,0,0,0,0,0,0
201704,17,119,2,3,Madison County                ,28,28,7440543,1,2,240000,0,0,0,1,5,673770,27,27,7235690,1,2,240000,0,0,0,0,0,0
201704,17,133,2,3,Monroe County                 ,13,13,3465234,0,0,0,0,0,0,0,0,0,13,13,3465234,0,0,0,0,0,0,0,0,0
201704,17,197,2,3,Will County                   ,101,101,26446470,2,4,512000,0,0,0,1,5,1015625,72,72,19609327,2,4,512000,0,0,0,0,0,0
201704,18,003,2,3,Allen County                  ,84,84,20467341,6,12,1014000,0,0,0,0,0,0,84,84,20467341,6,12,1014000,0,0,0,0,0,0
201704,18,011,2,3,Boone County                  ,29,29,8603522,0,0,0,0,0,0,0,0,0,29,29,8603522,0,0,0,0,0,0,0,0,0
201704,18,013,2,3,Brown County                  ,4,4,1034817,0,0,0,0,0,0,0,0,0,4,4,1034817,0,0,0,0,0,0,0,0,0
201704,18,019,2,3,Clark County                  ,52,52,11121064,0,0,0,0,0,0,0,0,0,49,49,10701157,0,0,0,0,0,0,0,0,0
201704,18,047,2,3,Franklin County               ,3,3,638093,0,0,0,0,0,0,0,0,0,0,0,0,0,0,0,0,0,0,0,0,0
201704,18,057,2,3,Hamilton County               ,160,160,48390075,0,0,0,0,0,0,0,0,0,160,160,48390075,0,0,0,0,0,0,0,0,0
201704,18,059,2,3,Hancock County                ,37,37,8367912,1,2,50000,0,0,0,0,0,0,37,37,8367912,1,2,50000,0,0,0,0,0,0
201704,18,061,2,3,Harrison County               ,12,12,2310400,0,0,0,0,0,0,0,0,0,12,12,2310400,0,0,0,0,0,0,0,0,0
201704,18,063,2,3,Hendricks County              ,99,99,24143297,2,4,428063,0,0,0,1,25,2071748,65,65,16636169,0,0,0,0,0,0,0,0,0
201704,18,069,2,3,Huntington County             ,7,7,1195581,0,0,0,0,0,0,0,0,0,7,7,1195581,0,0,0,0,0,0,0,0,0
201704,18,073,2,3,Jasper County                 ,6,6,1643521,0,0,0,0,0,0,0,0,0,6,6,1643521,0,0,0,0,0,0,0,0,0
201704,18,081,2,3,Johnson County                ,78,78,18717706,0,0,0,1,3,325270,0,0,0,74,74,18255430,0,0,0,1,3,325270,0,0,0
201704,18,087,2,3,Lagrange County               ,15,15,2897000,0,0,0,0,0,0,0,0,0,15,15,2897000,0,0,0,0,0,0,0,0,0
201704,18,089,2,3,Lake County                   ,114,114,25212256,0,0,0,1,3,615000,1,9,1229000,105,105,23690771,0,0,0,1,3,615000,1,9,1229000
201704,18,097,2,3,Marion County                 ,99,99,25551072,0,0,0,0,0,0,1,24,3000000,99,99,25551072,0,0,0,0,0,0,1,24,3000000
201704,18,105,2,3,Monroe County                 ,33,33,8537239,4,8,969185,0,0,0,1,48,5571595,33,33,8537239,4,8,969185,0,0,0,1,48,5571595
201704,18,109,2,3,Morgan County                 ,17,17,4557198,0,0,0,0,0,0,0,0,0,17,17,4557198,0,0,0,0,0,0,0,0,0
201704,18,111,2,3,Newton County                 ,1,1,210840,0,0,0,0,0,0,0,0,0,0,0,0,0,0,0,0,0,0,0,0,0
201704,18,115,2,3,Ohio County                   ,2,2,274000,0,0,0,0,0,0,0,0,0,2,2,274000,0,0,0,0,0,0,0,0,0
201704,18,119,2,3,Owen County                   ,5,5,149000,0,0,0,0,0,0,0,0,0,5,5,149000,0,0,0,0,0,0,0,0,0
201704,18,127,2,3,Porter County                 ,38,38,11357299,0,0,0,0,0,0,2,38,4775456,29,29,9829683,0,0,0,0,0,0,2,38,4775456
201704,18,133,2,3,Putnam County                 ,5,5,1293521,0,0,0,0,0,0,0,0,0,5,5,1293521,0,0,0,0,0,0,0,0,0
201704,18,145,2,3,Shelby County                 ,4,4,635455,0,0,0,0,0,0,8,64,3008216,4,4,635455,0,0,0,0,0,0,8,64,3008216
201704,18,151,2,3,Steuben County                ,8,8,2033788,0,0,0,0,0,0,0,0,0,8,8,2033788,0,0,0,0,0,0,0,0,0
201704,18,157,2,3,Tippecanoe County             ,44,44,10189438,1,2,360000,0,0,0,0,0,0,6,6,1312790,0,0,0,0,0,0,0,0,0
201704,18,163,2,3,Vanderburgh County            ,25,25,4937604,1,2,215000,0,0,0,0,0,0,25,25,4937604,1,2,215000,0,0,0,0,0,0
201704,18,167,2,3,Vigo County                   ,2,2,266560,1,2,172727,0,0,0,2,71,3651395,0,0,0,0,0,0,0,0,0,1,48,2200000
201704,18,175,2,3,Washington County             ,2,2,329743,0,0,0,0,0,0,0,0,0,0,0,0,0,0,0,0,0,0,0,0,0
201704,18,183,2,3,Whitley County                ,10,10,2263300,0,0,0,0,0,0,0,0,0,10,10,2263300,0,0,0,0,0,0,0,0,0
201704,19,049,2,4,Dallas County                 ,63,63,17898569,0,0,0,0,0,0,0,0,0,60,60,17114358,0,0,0,0,0,0,0,0,0
201704,19,085,2,4,Harrison County               ,5,5,710000,0,0,0,0,0,0,0,0,0,4,4,700000,0,0,0,0,0,0,0,0,0
201704,19,129,2,4,Mills County                  ,1,1,363333,0,0,0,0,0,0,0,0,0,0,0,0,0,0,0,0,0,0,0,0,0
201704,19,153,2,4,Polk County                   ,265,265,63595931,2,4,791934,0,0,0,2,144,18461852,265,265,63595931,2,4,791934,0,0,0,2,144,18461852
201704,19,181,2,4,Warren County                 ,35,35,9077101,1,2,273500,1,3,375900,0,0,0,33,33,8599448,1,2,273500,1,3,375900,0,0,0
201704,20,091,2,4,Johnson County                ,172,172,60018909,0,0,0,1,3,476764,3,74,8998354,97,97,35363026,0,0,0,0,0,0,1,37,4227789
201704,20,103,2,4,Leavenworth County            ,24,24,5563180,0,0,0,0,0,0,0,0,0,22,22,5089153,0,0,0,0,0,0,0,0,0
201704,20,107,2,4,Linn County                   ,6,6,583355,0,0,0,0,0,0,0,0,0,5,5,472900,0,0,0,0,0,0,0,0,0
201704,20,121,2,4,Miami County                  ,9,9,2553470,0,0,0,0,0,0,0,0,0,1,1,170000,0,0,0,0,0,0,0,0,0
201704,20,209,2,4,Wyandotte County              ,37,37,7001260,8,16,1691278,0,0,0,0,0,0,37,37,7001260,8,16,1691278,0,0,0,0,0,0
201704,21,005,3,6,Anderson County               ,5,5,1250400,0,0,0,0,0,0,0,0,0,5,5,1250400,0,0,0,0,0,0,0,0,0
201704,21,015,3,6,Boone County                  ,28,28,4937042,0,0,0,0,0,0,3,22,1836700,28,28,4937042,0,0,0,0,0,0,3,22,1836700
201704,21,017,3,6,Bourbon County                ,6,6,1198486,2,4,185000,0,0,0,0,0,0,6,6,1198486,2,4,185000,0,0,0,0,0,0
201704,21,021,3,6,Boyle County                  ,4,4,943226,0,0,0,0,0,0,0,0,0,4,4,943226,0,0,0,0,0,0,0,0,0
201704,21,029,3,6,Bullitt County                ,46,46,10389027,0,0,0,1,3,700000,0,0,0,46,46,10389027,0,0,0,1,3,700000,0,0,0
201704,21,035,3,6,Calloway County               ,1,1,200000,0,0,0,0,0,0,0,0,0,1,1,200000,0,0,0,0,0,0,0,0,0
201704,21,037,3,6,Campbell County               ,17,17,3228198,0,0,0,0,0,0,0,0,0,17,17,3228198,0,0,0,0,0,0,0,0,0
201704,21,045,3,6,Casey County                  ,0,0,0,0,0,0,0,0,0,0,0,0,0,0,0,0,0,0,0,0,0,0,0,0
201704,21,047,3,6,Christian County              ,8,8,972400,2,4,240800,0,0,0,0,0,0,6,6,830000,2,4,240800,0,0,0,0,0,0
201704,21,049,3,6,Clark County                  ,5,5,1089413,0,0,0,0,0,0,1,5,346250,0,0,0,0,0,0,0,0,0,0,0,0
201704,21,067,3,6,Fayette County                ,62,62,10192667,0,0,0,0,0,0,1,40,3130648,0,0,0,0,0,0,0,0,0,0,0,0
201704,21,069,3,6,Fleming County                ,0,0,0,0,0,0,0,0,0,0,0,0,0,0,0,0,0,0,0,0,0,0,0,0
201704,21,077,3,6,Gallatin County               ,0,0,0,0,0,0,0,0,0,0,0,0,0,0,0,0,0,0,0,0,0,0,0,0
201704,21,081,3,6,Grant County                  ,5,5,701000,0,0,0,0,0,0,0,0,0,5,5,701000,0,0,0,0,0,0,0,0,0
201704,21,091,3,6,Hancock County                ,0,0,0,0,0,0,0,0,0,0,0,0,0,0,0,0,0,0,0,0,0,0,0,0
201704,21,099,3,6,Hart County                   ,4,4,389000,0,0,0,0,0,0,1,5,567738,0,0,0,0,0,0,0,0,0,0,0,0
201704,21,101,3,6,Henderson County              ,3,3,710000,0,0,0,0,0,0,0,0,0,3,3,710000,0,0,0,0,0,0,0,0,0
201704,21,103,3,6,Henry County                  ,3,3,523808,0,0,0,0,0,0,0,0,0,0,0,0,0,0,0,0,0,0,0,0,0
201704,21,111,3,6,Jefferson County              ,102,102,28538920,0,0,0,0,0,0,3,45,4415000,102,102,28538920,0,0,0,0,0,0,3,45,4415000
201704,21,113,3,6,Jessamine County              ,19,19,4668523,0,0,0,1,4,500000,0,0,0,19,19,4668523,0,0,0,1,4,500000,0,0,0
201704,21,115,3,6,Johnson County                ,0,0,0,0,0,0,0,0,0,0,0,0,0,0,0,0,0,0,0,0,0,0,0,0
201704,21,117,3,6,Kenton County                 ,25,25,7958649,0,0,0,0,0,0,0,0,0,25,25,7958649,0,0,0,0,0,0,0,0,0
201704,21,121,3,6,Knox County                   ,0,0,0,0,0,0,0,0,0,0,0,0,0,0,0,0,0,0,0,0,0,0,0,0
201704,21,123,3,6,Larue County                  ,1,1,231246,0,0,0,0,0,0,0,0,0,1,1,231246,0,0,0,0,0,0,0,0,0
201704,21,137,3,6,Lincoln County                ,2,2,388452,0,0,0,0,0,0,0,0,0,2,2,388452,0,0,0,0,0,0,0,0,0
201704,21,145,3,6,McCracken County              ,8,8,1646180,0,0,0,0,0,0,0,0,0,8,8,1646180,0,0,0,0,0,0,0,0,0
201704,21,151,3,6,Madison County                ,12,12,1394087,1,2,112996,0,0,0,1,5,168572,3,3,615000,0,0,0,0,0,0,0,0,0
201704,21,157,3,6,Marshall County               ,2,2,535000,0,0,0,0,0,0,0,0,0,2,2,535000,0,0,0,0,0,0,0,0,0
201704,21,161,3,6,Mason County                  ,2,2,170000,0,0,0,0,0,0,0,0,0,2,2,170000,0,0,0,0,0,0,0,0,0
201704,21,163,3,6,Meade County                  ,4,4,542000,1,2,180000,0,0,0,0,0,0,4,4,542000,1,2,180000,0,0,0,0,0,0
201704,21,167,3,6,Mercer County                 ,4,4,578200,0,0,0,0,0,0,0,0,0,4,4,578200,0,0,0,0,0,0,0,0,0
201704,21,175,3,6,Morgan County                 ,2,2,150000,0,0,0,0,0,0,0,0,0,0,0,0,0,0,0,0,0,0,0,0,0
201704,21,179,3,6,Nelson County                 ,18,18,3904000,1,2,110000,0,0,0,0,0,0,18,18,3904000,1,2,110000,0,0,0,0,0,0
201704,21,185,3,6,Oldham County                 ,29,29,9065462,0,0,0,0,0,0,0,0,0,0,0,0,0,0,0,0,0,0,0,0,0
201704,21,191,3,6,Pendleton County              ,0,0,0,0,0,0,0,0,0,0,0,0,0,0,0,0,0,0,0,0,0,0,0,0
201704,21,209,3,6,Scott County                  ,78,78,10622349,0,0,0,0,0,0,0,0,0,78,78,10622349,0,0,0,0,0,0,0,0,0
201704,21,211,3,6,Shelby County                 ,20,20,5090232,0,0,0,0,0,0,0,0,0,20,20,5090232,0,0,0,0,0,0,0,0,0
201704,21,213,3,6,Simpson County                ,6,6,757532,0,0,0,0,0,0,0,0,0,0,0,0,0,0,0,0,0,0,0,0,0
201704,21,215,3,6,Spencer County                ,8,8,1849967,0,0,0,0,0,0,0,0,0,8,8,1849967,0,0,0,0,0,0,0,0,0
201704,21,221,3,6,Trigg County                  ,1,1,231246,0,0,0,0,0,0,0,0,0,1,1,231246,0,0,0,0,0,0,0,0,0
201704,21,225,3,6,Union County                  ,1,1,194226,0,0,0,0,0,0,0,0,0,1,1,194226,0,0,0,0,0,0,0,0,0
201704,21,239,3,6,Woodford County               ,13,13,1926925,0,0,0,0,0,0,0,0,0,13,13,1926925,0,0,0,0,0,0,0,0,0
201704,22,005,3,7,Ascension Parish              ,79,79,12819581,0,0,0,0,0,0,0,0,0,0,0,0,0,0,0,0,0,0,0,0,0
201704,22,015,3,7,Bossier Parish                ,54,54,9105117,0,0,0,0,0,0,0,0,0,54,54,9105117,0,0,0,0,0,0,0,0,0
201704,22,017,3,7,Caddo Parish                  ,23,23,6846176,0,0,0,0,0,0,0,0,0,23,23,6846176,0,0,0,0,0,0,0,0,0
201704,22,031,3,7,De Soto Parish                ,13,13,3382678,0,0,0,0,0,0,0,0,0,13,13,3382678,0,0,0,0,0,0,0,0,0
201704,22,033,3,7,East Baton Rouge Parish       ,108,108,22022027,0,0,0,0,0,0,0,0,0,107,107,21885598,0,0,0,0,0,0,0,0,0
201704,22,037,3,7,East Feliciana Parish         ,5,5,971130,0,0,0,0,0,0,0,0,0,5,5,971130,0,0,0,0,0,0,0,0,0
201704,22,047,3,7,Iberville Parish              ,8,8,1799154,0,0,0,0,0,0,0,0,0,1,1,309000,0,0,0,0,0,0,0,0,0
201704,22,051,3,7,Jefferson Parish              ,42,42,9471430,3,6,454633,0,0,0,1,9,905308,10,10,2559600,2,4,260000,0,0,0,0,0,0
201704,22,055,3,7,Lafayette Parish              ,100,100,19423923,0,0,0,0,0,0,0,0,0,13,13,3071302,0,0,0,0,0,0,0,0,0
201704,22,063,3,7,Livingston Parish             ,66,66,14588345,0,0,0,0,0,0,0,0,0,3,3,464000,0,0,0,0,0,0,0,0,0
201704,22,071,3,7,Orleans Parish                ,26,26,5639153,2,4,485252,0,0,0,1,17,4184407,0,0,0,0,0,0,0,0,0,0,0,0
201704,22,075,3,7,Plaquemines Parish            ,5,5,1534680,0,0,0,0,0,0,0,0,0,0,0,0,0,0,0,0,0,0,0,0,0
201704,22,077,3,7,Pointe Coupee Parish          ,8,8,1390720,0,0,0,0,0,0,0,0,0,8,8,1390720,0,0,0,0,0,0,0,0,0
201704,22,087,3,7,St. Bernard Parish            ,3,3,391000,0,0,0,0,0,0,0,0,0,3,3,391000,0,0,0,0,0,0,0,0,0
201704,22,089,3,7,St. Charles Parish            ,10,10,2234690,0,0,0,0,0,0,0,0,0,10,10,2234690,0,0,0,0,0,0,0,0,0
201704,22,091,3,7,St. Helena Parish             ,0,0,0,0,0,0,0,0,0,0,0,0,0,0,0,0,0,0,0,0,0,0,0,0
201704,22,095,3,7,St. John the Baptist Parish   ,4,4,639052,0,0,0,0,0,0,0,0,0,0,0,0,0,0,0,0,0,0,0,0,0
201704,22,099,3,7,St. Martin Parish             ,9,9,1994440,0,0,0,0,0,0,0,0,0,7,7,1429564,0,0,0,0,0,0,0,0,0
201704,22,103,3,7,St. Tammany Parish            ,123,123,29699482,0,0,0,0,0,0,0,0,0,120,120,28523533,0,0,0,0,0,0,0,0,0
201704,22,109,3,7,Terrebonne Parish             ,21,21,5655190,0,0,0,0,0,0,0,0,0,21,21,5655190,0,0,0,0,0,0,0,0,0
201704,22,121,3,7,West Baton Rouge Parish       ,21,21,3504159,0,0,0,0,0,0,0,0,0,20,20,3413097,0,0,0,0,0,0,0,0,0
201704,22,125,3,7,West Feliciana Parish         ,3,3,1219681,0,0,0,0,0,0,0,0,0,0,0,0,0,0,0,0,0,0,0,0,0
201704,23,000,1,1,Maine Unorganized Territory   ,8,8,1062402,0,0,0,0,0,0,0,0,0,0,0,0,0,0,0,0,0,0,0,0,0
201704,24,003,3,5,Anne Arundel County           ,140,140,32139756,0,0,0,0,0,0,1,5,538596,136,136,31449443,0,0,0,0,0,0,1,5,538596
201704,24,005,3,5,Baltimore County              ,72,72,16649705,0,0,0,0,0,0,2,72,14200000,72,72,16649705,0,0,0,0,0,0,2,72,14200000
201704,24,009,3,5,Calvert County                ,19,19,4393672,0,0,0,0,0,0,0,0,0,19,19,4393672,0,0,0,0,0,0,0,0,0
201704,24,013,3,5,Carroll County                ,13,13,3006197,0,0,0,0,0,0,0,0,0,13,13,3006197,0,0,0,0,0,0,0,0,0
201704,24,015,3,5,Cecil County                  ,13,13,3894412,0,0,0,0,0,0,0,0,0,13,13,3894412,0,0,0,0,0,0,0,0,0
201704,24,017,3,5,Charles County                ,74,74,16358737,0,0,0,0,0,0,0,0,0,71,71,15890500,0,0,0,0,0,0,0,0,0
201704,24,021,3,5,Frederick County              ,125,125,30598328,0,0,0,1,4,63000,0,0,0,125,125,30598328,0,0,0,1,4,63000,0,0,0
201704,24,023,3,5,Garrett County                ,7,7,1513000,0,0,0,0,0,0,0,0,0,7,7,1513000,0,0,0,0,0,0,0,0,0
201704,24,025,3,5,Harford County                ,39,39,9438095,0,0,0,0,0,0,1,12,984375,34,34,7781115,0,0,0,0,0,0,0,0,0
201704,24,027,3,5,Howard County                 ,66,66,15262230,0,0,0,0,0,0,1,30,4500000,66,66,15262230,0,0,0,0,0,0,1,30,4500000
201704,24,031,3,5,Montgomery County             ,60,60,14017771,0,0,0,0,0,0,0,0,0,60,60,14017771,0,0,0,0,0,0,0,0,0
201704,24,033,3,5,Prince George County          ,146,146,33847965,0,0,0,0,0,0,3,261,21700000,144,144,33299410,0,0,0,0,0,0,3,261,21700000
201704,24,035,3,5,Queen Anne County             ,22,22,4052000,0,0,0,0,0,0,0,0,0,22,22,4052000,0,0,0,0,0,0,0,0,0
201704,24,037,3,5,St. Marys County              ,81,81,13038444,0,0,0,0,0,0,0,0,0,81,81,13038444,0,0,0,0,0,0,0,0,0
201704,24,039,3,5,Somerset County               ,1,1,172918,0,0,0,0,0,0,0,0,0,0,0,0,0,0,0,0,0,0,0,0,0
201704,24,045,3,5,Wicomico County               ,14,14,2131360,0,0,0,0,0,0,0,0,0,14,14,2131360,0,0,0,0,0,0,0,0,0
201704,24,510,3,5,Baltimore (Independent City)  ,24,24,4185350,0,0,0,0,0,0,1,41,8418533,0,0,0,0,0,0,0,0,0,0,0,0
201704,25,005,1,1,Bristol County                ,66,66,13418221,1,2,290000,0,0,0,1,7,836078,41,41,8275165,1,2,290000,0,0,0,0,0,0
201704,25,009,1,1,Essex County                  ,45,45,15071737,5,10,2164183,1,3,900000,2,15,2377684,19,19,6797163,2,4,515000,0,0,0,0,0,0
201704,25,017,1,1,Middlesex County              ,116,116,36876413,5,10,2916801,1,3,662445,6,98,13822296,70,70,23937151,4,8,2274292,0,0,0,2,48,6544000
201704,25,021,1,1,Norfolk County                ,53,53,24223028,0,0,0,1,3,990000,4,75,6508736,36,36,19660709,0,0,0,1,3,990000,1,38,2565000
201704,25,023,1,1,Plymouth County               ,88,88,22502247,2,4,426212,2,6,1064800,2,11,1325382,52,52,13451650,2,4,426212,2,6,1064800,1,5,850000
201704,25,025,1,1,Suffolk County                ,4,4,882583,9,18,2627203,3,10,3000000,7,41,11312386,2,2,535675,8,16,2421000,3,10,3000000,6,34,9694116
201704,26,000,2,3,Michigan Balance of State     ,6,6,1123414,0,0,0,0,0,0,0,0,0,0,0,0,0,0,0,0,0,0,0,0,0
201704,26,019,2,3,Benzie County                 ,13,13,4210018,0,0,0,0,0,0,0,0,0,13,13,4210018,0,0,0,0,0,0,0,0,0
201704,26,029,2,3,Charlevoix County             ,6,6,1221981,0,0,0,0,0,0,0,0,0,0,0,0,0,0,0,0,0,0,0,0,0
201704,26,089,2,3,Leelanau County               ,13,13,3612793,0,0,0,0,0,0,0,0,0,0,0,0,0,0,0,0,0,0,0,0,0
201704,26,093,2,3,Livingston County             ,64,64,17534718,0,0,0,0,0,0,0,0,0,61,61,17228503,0,0,0,0,0,0,0,0,0
201704,26,095,2,3,Luce County                   ,1,1,343200,0,0,0,0,0,0,0,0,0,1,1,343200,0,0,0,0,0,0,0,0,0
201704,26,099,2,3,Macomb County                 ,221,221,59410067,2,4,436190,0,0,0,1,12,1985354,217,217,58640811,0,0,0,0,0,0,1,12,1985354
201704,26,103,2,3,Marquette County              ,6,6,1147500,0,0,0,0,0,0,0,0,0,6,6,1147500,0,0,0,0,0,0,0,0,0
201704,26,137,2,3,Otsego County                 ,1,1,81000,0,0,0,0,0,0,0,0,0,0,0,0,0,0,0,0,0,0,0,0,0
201704,26,147,2,3,St. Clair County              ,23,23,3441299,0,0,0,0,0,0,0,0,0,21,21,3165104,0,0,0,0,0,0,0,0,0
201704,26,163,2,3,Wayne County                  ,94,94,30572443,0,0,0,0,0,0,1,9,1500000,89,89,29446479,0,0,0,0,0,0,1,9,1500000
201704,27,003,2,4,Anoka County                  ,118,118,31710683,0,0,0,0,0,0,0,0,0,116,116,31255914,0,0,0,0,0,0,0,0,0
201704,27,019,2,4,Carver County                 ,51,51,15444970,0,0,0,0,0,0,0,0,0,49,49,15058330,0,0,0,0,0,0,0,0,0
201704,27,025,2,4,Chisago County                ,21,21,3293541,0,0,0,0,0,0,0,0,0,21,21,3293541,0,0,0,0,0,0,0,0,0
201704,27,027,2,4,Clay County                   ,28,28,5418500,0,0,0,0,0,0,0,0,0,28,28,5418500,0,0,0,0,0,0,0,0,0
201704,27,037,2,4,Dakota County                 ,110,110,30903058,0,0,0,1,4,640000,1,126,18670000,89,89,24305731,0,0,0,1,4,640000,1,126,18670000
201704,27,053,2,4,Hennepin County               ,157,157,57711275,0,0,0,0,0,0,3,163,29672136,135,135,46883449,0,0,0,0,0,0,2,158,28700000
201704,27,059,2,4,Isanti County                 ,34,34,6126130,0,0,0,0,0,0,0,0,0,33,33,5806380,0,0,0,0,0,0,0,0,0
201704,27,123,2,4,Ramsey County                 ,27,27,8399934,0,0,0,0,0,0,0,0,0,27,27,8399934,0,0,0,0,0,0,0,0,0
201704,27,139,2,4,Scott County                  ,59,59,17605260,0,0,0,0,0,0,0,0,0,49,49,15320487,0,0,0,0,0,0,0,0,0
201704,27,141,2,4,Sherburne County              ,44,44,10036027,0,0,0,0,0,0,0,0,0,43,43,9894082,0,0,0,0,0,0,0,0,0
201704,27,163,2,4,Washington County             ,70,70,22507806,0,0,0,0,0,0,0,0,0,64,64,19969708,0,0,0,0,0,0,0,0,0
201704,27,171,2,4,Wright County                 ,55,55,14219475,0,0,0,1,4,729422,0,0,0,54,54,13993190,0,0,0,1,4,729422,0,0,0
201704,28,033,3,6,DeSoto County                 ,114,114,17711539,0,0,0,0,0,0,1,5,419100,111,111,17475749,0,0,0,0,0,0,1,5,419100
201704,28,041,3,6,Greene County                 ,0,0,0,0,0,0,0,0,0,0,0,0,0,0,0,0,0,0,0,0,0,0,0,0
201704,28,045,3,6,Hancock County                ,32,32,5400627,1,2,185179,1,3,301084,1,6,507976,7,7,1575110,0,0,0,0,0,0,0,0,0
201704,28,047,3,6,Harrison County               ,67,67,12233503,0,0,0,0,0,0,0,0,0,57,57,11097493,0,0,0,0,0,0,0,0,0
201704,28,067,3,6,Jones County                  ,1,1,200000,0,0,0,0,0,0,0,0,0,1,1,200000,0,0,0,0,0,0,0,0,0
201704,28,137,3,6,Tate County                   ,13,13,2069000,0,0,0,0,0,0,0,0,0,13,13,2069000,0,0,0,0,0,0,0,0,0
201704,28,143,3,6,Tunica County                 ,1,1,80320,0,0,0,0,0,0,0,0,0,0,0,0,0,0,0,0,0,0,0,0,0
201704,28,145,3,6,Union County                  ,0,0,0,0,0,0,0,0,0,0,0,0,0,0,0,0,0,0,0,0,0,0,0,0
201704,28,149,3,6,Warren County                 ,0,0,0,0,0,0,0,0,0,0,0,0,0,0,0,0,0,0,0,0,0,0,0,0
201704,29,013,2,4,Bates County                  ,0,0,0,0,0,0,0,0,0,0,0,0,0,0,0,0,0,0,0,0,0,0,0,0
201704,29,017,2,4,Bollinger County              ,0,0,0,0,0,0,0,0,0,0,0,0,0,0,0,0,0,0,0,0,0,0,0,0
201704,29,019,2,4,Boone County                  ,77,77,17954530,0,0,0,0,0,0,0,0,0,77,77,17954530,0,0,0,0,0,0,0,0,0
201704,29,049,2,4,Clinton County                ,4,4,430000,0,0,0,0,0,0,0,0,0,4,4,430000,0,0,0,0,0,0,0,0,0
201704,29,065,2,4,Dent County                   ,0,0,0,0,0,0,0,0,0,0,0,0,0,0,0,0,0,0,0,0,0,0,0,0
201704,29,071,2,4,Franklin County               ,42,42,6226527,1,2,242296,0,0,0,7,42,3923200,22,22,1756315,1,2,242296,0,0,0,7,42,3923200
201704,29,095,2,4,Jackson County                ,143,143,33810084,2,4,714444,0,0,0,1,128,7500000,143,143,33810084,2,4,714444,0,0,0,1,128,7500000
201704,29,099,2,4,Jefferson County              ,63,63,11226005,0,0,0,0,0,0,0,0,0,58,58,10589542,0,0,0,0,0,0,0,0,0
201704,29,105,2,4,Laclede County                ,0,0,0,1,2,262500,0,0,0,0,0,0,0,0,0,1,2,262500,0,0,0,0,0,0
201704,29,107,2,4,Lafayette County              ,3,3,561164,0,0,0,0,0,0,0,0,0,1,1,100000,0,0,0,0,0,0,0,0,0
201704,29,113,2,4,Lincoln County                ,12,12,2229470,0,0,0,0,0,0,0,0,0,12,12,2229470,0,0,0,0,0,0,0,0,0
201704,29,165,2,4,Platte County                 ,45,45,11206161,0,0,0,0,0,0,1,5,328704,35,35,8404705,0,0,0,0,0,0,0,0,0
201704,29,185,2,4,St. Clair County              ,0,0,0,0,0,0,0,0,0,0,0,0,0,0,0,0,0,0,0,0,0,0,0,0
201704,29,189,2,4,St. Louis County              ,91,91,35189865,0,0,0,0,0,0,2,19,2178087,16,16,6199828,0,0,0,0,0,0,0,0,0
201704,29,219,2,4,Warren County                 ,30,30,5895554,0,0,0,0,0,0,0,0,0,30,30,5895554,0,0,0,0,0,0,0,0,0
201704,29,221,2,4,Washington County             ,0,0,0,0,0,0,0,0,0,0,0,0,0,0,0,0,0,0,0,0,0,0,0,0
201704,29,510,2,4,St. Louis (Independent City)  ,14,14,2900000,0,0,0,0,0,0,1,131,1275000,14,14,2900000,0,0,0,0,0,0,1,131,1275000
201704,30,033,4,8,Garfield County               ,0,0,0,0,0,0,0,0,0,0,0,0,0,0,0,0,0,0,0,0,0,0,0,0
201704,30,063,4,8,Missoula County               ,52,52,11891332,3,6,641310,2,6,231429,2,60,4889532,52,52,11891332,3,6,641310,2,6,231429,2,60,4889532
201704,30,093,4,8,Silver Bow County             ,7,7,682534,0,0,0,0,0,0,0,0,0,7,7,682534,0,0,0,0,0,0,0,0,0
201704,31,001,2,4,Adams County                  ,4,4,899660,0,0,0,0,0,0,0,0,0,3,3,702345,0,0,0,0,0,0,0,0,0
201704,31,025,2,4,Cass County                   ,12,12,1923385,0,0,0,0,0,0,0,0,0,12,12,1923385,0,0,0,0,0,0,0,0,0
201704,31,033,2,4,Cheyenne County               ,0,0,0,0,0,0,0,0,0,0,0,0,0,0,0,0,0,0,0,0,0,0,0,0
201704,31,055,2,4,Douglas County                ,167,167,29416511,0,0,0,0,0,0,0,0,0,159,159,27551286,0,0,0,0,0,0,0,0,0
201704,31,105,2,4,Kimball County                ,0,0,0,0,0,0,0,0,0,0,0,0,0,0,0,0,0,0,0,0,0,0,0,0
201704,31,153,2,4,Sarpy County                  ,70,70,18771790,0,0,0,0,0,0,1,24,1225000,27,27,7616563,0,0,0,0,0,0,1,24,1225000
201704,31,165,2,4,Sioux County                  ,0,0,0,0,0,0,0,0,0,0,0,0,0,0,0,0,0,0,0,0,0,0,0,0
201704,31,177,2,4,Washington County             ,9,9,2752830,0,0,0,0,0,0,0,0,0,7,7,2269210,0,0,0,0,0,0,0,0,0
201704,32,001,4,8,Churchill County              ,0,0,0,0,0,0,0,0,0,0,0,0,0,0,0,0,0,0,0,0,0,0,0,0
201704,32,003,4,8,Clark County                  ,880,880,163734167,0,0,0,7,21,4013457,11,499,52450935,672,672,107132213,0,0,0,7,21,4013457,6,379,45674308
201704,32,005,4,8,Douglas County                ,13,13,4772926,0,0,0,0,0,0,0,0,0,13,13,4772926,0,0,0,0,0,0,0,0,0
201704,32,007,4,8,Elko County                   ,16,16,2408760,0,0,0,0,0,0,0,0,0,16,16,2408760,0,0,0,0,0,0,0,0,0
201704,32,013,4,8,Humboldt County               ,1,1,55960,0,0,0,0,0,0,0,0,0,1,1,55960,0,0,0,0,0,0,0,0,0
201704,32,015,4,8,Lander County                 ,0,0,0,0,0,0,0,0,0,0,0,0,0,0,0,0,0,0,0,0,0,0,0,0
201704,32,017,4,8,Lincoln County                ,1,1,270497,0,0,0,0,0,0,0,0,0,0,0,0,0,0,0,0,0,0,0,0,0
201704,32,019,4,8,Lyon County                   ,33,33,8208837,0,0,0,0,0,0,0,0,0,33,33,8208837,0,0,0,0,0,0,0,0,0
201704,32,021,4,8,Mineral County                ,0,0,0,0,0,0,0,0,0,0,0,0,0,0,0,0,0,0,0,0,0,0,0,0
201704,32,027,4,8,Pershing County               ,0,0,0,0,0,0,0,0,0,0,0,0,0,0,0,0,0,0,0,0,0,0,0,0
201704,32,029,4,8,Storey County                 ,1,1,113000,0,0,0,0,0,0,0,0,0,1,1,113000,0,0,0,0,0,0,0,0,0
201704,32,031,4,8,Washoe County                 ,135,135,33359758,1,2,346942,0,0,0,9,156,16003236,135,135,33359758,1,2,346942,0,0,0,9,156,16003236
201704,32,033,4,8,White Pine County             ,1,1,416788,0,0,0,0,0,0,0,0,0,0,0,0,0,0,0,0,0,0,0,0,0
201704,32,510,4,8,Carson City (Independent City),12,12,3448836,0,0,0,0,0,0,0,0,0,12,12,3448836,0,0,0,0,0,0,0,0,0
201704,33,015,1,1,Rockingham County             ,57,57,14661699,0,0,0,0,0,0,2,13,1379406,36,36,9352383,0,0,0,0,0,0,0,0,0
201704,33,017,1,1,Strafford County              ,28,28,5449541,3,6,430479,0,0,0,0,0,0,24,24,4874628,3,6,430479,0,0,0,0,0,0
201704,34,001,1,2,Atlantic County               ,28,28,5116630,1,2,382000,1,4,1208800,1,22,1859430,25,25,4921210,1,2,382000,1,4,1208800,0,0,0
201704,34,003,1,2,Bergen County                 ,81,81,26865009,4,8,1450833,0,0,0,7,35,3103237,57,57,18729381,2,4,844100,0,0,0,0,0,0
201704,34,005,1,2,Burlington County             ,47,47,7298760,0,0,0,0,0,0,1,5,849954,23,23,4027220,0,0,0,0,0,0,0,0,0
201704,34,007,1,2,Camden County                 ,22,22,4820883,2,4,386710,0,0,0,7,121,5554630,11,11,2475644,2,4,386710,0,0,0,4,100,4530000
201704,34,009,1,2,Cape May County               ,54,54,12198529,5,10,2828850,0,0,0,1,9,1121685,54,54,12198529,5,10,2828850,0,0,0,1,9,1121685
201704,34,011,1,2,Cumberland County             ,9,9,865278,0,0,0,0,0,0,1,5,666180,2,2,76000,0,0,0,0,0,0,0,0,0
201704,34,013,1,2,Essex County                  ,25,25,4823600,1,2,37500,0,0,0,5,105,9718135,3,3,1838821,1,2,37500,0,0,0,1,22,4070000
201704,34,015,1,2,Gloucester County             ,40,40,7582536,0,0,0,0,0,0,0,0,0,26,26,6072882,0,0,0,0,0,0,0,0,0
201704,34,017,1,2,Hudson County                 ,6,6,1166175,12,24,2611900,2,8,426615,3,17,1750807,6,6,1166175,12,24,2611900,1,4,159000,1,6,336000
201704,34,019,1,2,Hunterdon County              ,5,5,809133,1,2,233200,0,0,0,1,7,452334,3,3,505700,0,0,0,0,0,0,0,0,0
201704,34,021,1,2,Mercer County                 ,10,10,2086953,0,0,0,0,0,0,0,0,0,10,10,2086953,0,0,0,0,0,0,0,0,0
201704,34,023,1,2,Middlesex County              ,51,51,8494894,1,2,423200,0,0,0,12,269,11585573,41,41,6949638,0,0,0,0,0,0,8,226,9618584
201704,34,025,1,2,Monmouth County               ,63,63,16493364,2,4,734418,0,0,0,1,10,115000,55,55,14200899,0,0,0,0,0,0,1,10,115000
201704,34,027,1,2,Morris County                 ,55,55,13349538,0,0,0,0,0,0,3,43,5063694,43,43,9879581,0,0,0,0,0,0,0,0,0
201704,34,029,1,2,Ocean County                  ,126,126,22570913,1,2,480000,0,0,0,2,67,5316880,76,76,15054988,1,2,480000,0,0,0,1,55,4859750
201704,34,031,1,2,Passaic County                ,28,28,5006158,0,0,0,0,0,0,1,5,246788,24,24,4335003,0,0,0,0,0,0,0,0,0
201704,34,033,1,2,Salem County                  ,6,6,1078363,0,0,0,0,0,0,0,0,0,5,5,977398,0,0,0,0,0,0,0,0,0
201704,34,035,1,2,Somerset County               ,26,26,11676013,0,0,0,0,0,0,4,26,1732504,18,18,10482175,0,0,0,0,0,0,0,0,0
201704,34,037,1,2,Sussex County                 ,4,4,1035185,0,0,0,0,0,0,0,0,0,3,3,782550,0,0,0,0,0,0,0,0,0
201704,34,039,1,2,Union County                  ,22,22,4532082,4,8,785375,0,0,0,5,35,1360875,9,9,2489078,3,6,562000,0,0,0,2,14,40000
201704,34,041,1,2,Warren County                 ,4,4,703606,0,0,0,0,0,0,1,10,437619,1,1,265800,0,0,0,0,0,0,0,0,0
201704,35,000,4,8,New Mexico Balance of State   ,37,37,10013401,0,0,0,0,0,0,0,0,0,0,0,0,0,0,0,0,0,0,0,0,0
201704,35,001,4,8,Bernalillo County             ,98,98,22681199,1,2,178114,0,0,0,2,33,3310130,13,13,5820838,1,2,178114,0,0,0,0,0,0
201704,35,005,4,8,Chaves County                 ,3,3,546090,0,0,0,0,0,0,0,0,0,1,1,175000,0,0,0,0,0,0,0,0,0
201704,35,007,4,8,Colfax County                 ,1,1,451667,0,0,0,0,0,0,0,0,0,0,0,0,0,0,0,0,0,0,0,0,0
201704,35,009,4,8,Curry County                  ,13,13,3281162,0,0,0,0,0,0,0,0,0,13,13,3281162,0,0,0,0,0,0,0,0,0
201704,35,013,4,8,Dona Ana County               ,64,64,13001207,0,0,0,0,0,0,0,0,0,64,64,13001207,0,0,0,0,0,0,0,0,0
201704,35,015,4,8,Eddy County                   ,22,22,4255710,0,0,0,0,0,0,0,0,0,22,22,4255710,0,0,0,0,0,0,0,0,0
201704,35,017,4,8,Grant County                  ,1,1,154827,0,0,0,0,0,0,0,0,0,0,0,0,0,0,0,0,0,0,0,0,0
201704,35,025,4,8,Lea County                    ,14,14,2529775,0,0,0,0,0,0,0,0,0,14,14,2529775,0,0,0,0,0,0,0,0,0
201704,35,027,4,8,Lincoln County                ,8,8,2021842,0,0,0,0,0,0,0,0,0,0,0,0,0,0,0,0,0,0,0,0,0
201704,35,028,4,8,Los Alamos County             ,1,1,500000,0,0,0,0,0,0,0,0,0,1,1,500000,0,0,0,0,0,0,0,0,0
201704,35,029,4,8,Luna County                   ,2,2,433551,0,0,0,0,0,0,0,0,0,1,1,259000,0,0,0,0,0,0,0,0,0
201704,35,031,4,8,McKinley County               ,1,1,100000,0,0,0,0,0,0,0,0,0,1,1,100000,0,0,0,0,0,0,0,0,0
201704,35,035,4,8,Otero County                  ,0,0,0,0,0,0,0,0,0,0,0,0,0,0,0,0,0,0,0,0,0,0,0,0
201704,35,041,4,8,Roosevelt County              ,4,4,415300,0,0,0,0,0,0,0,0,0,4,4,415300,0,0,0,0,0,0,0,0,0
201704,35,043,4,8,Sandoval County               ,41,41,8816424,0,0,0,0,0,0,1,5,208333,31,31,6393882,0,0,0,0,0,0,0,0,0
201704,35,045,4,8,San Juan County               ,7,7,1691772,0,0,0,0,0,0,0,0,0,2,2,541732,0,0,0,0,0,0,0,0,0
201704,35,047,4,8,San Miguel County             ,0,0,0,0,0,0,0,0,0,0,0,0,0,0,0,0,0,0,0,0,0,0,0,0
201704,35,049,4,8,Santa Fe County               ,11,11,2745119,0,0,0,0,0,0,0,0,0,0,0,0,0,0,0,0,0,0,0,0,0
201704,35,051,4,8,Sierra County                 ,0,0,0,0,0,0,0,0,0,0,0,0,0,0,0,0,0,0,0,0,0,0,0,0
201704,35,053,4,8,Socorro County                ,0,0,0,0,0,0,0,0,0,0,0,0,0,0,0,0,0,0,0,0,0,0,0,0
201704,35,055,4,8,Taos County                   ,9,9,986902,0,0,0,0,0,0,0,0,0,0,0,0,0,0,0,0,0,0,0,0,0
201704,35,061,4,8,Valencia County               ,9,9,975708,0,0,0,0,0,0,0,0,0,0,0,0,0,0,0,0,0,0,0,0,0
201704,36,001,1,2,Albany County                 ,21,21,4916077,0,0,0,0,0,0,1,7,1148354,18,18,4367768,0,0,0,0,0,0,0,0,0
201704,36,005,1,2,Bronx County                  ,0,0,0,4,8,1080294,0,0,0,9,541,71149835,0,0,0,4,8,1080294,0,0,0,9,541,71149835
201704,36,029,1,2,Erie County                   ,62,62,20697290,1,2,105000,0,0,0,2,40,7067927,50,50,17424818,1,2,105000,0,0,0,0,0,0
201704,36,047,1,2,Kings County                  ,7,7,1874862,16,32,4321178,4,13,1579968,22,547,71938927,7,7,1874862,16,32,4321178,4,13,1579968,22,547,71938927
201704,36,051,1,2,Livingston County             ,2,2,285115,0,0,0,0,0,0,0,0,0,0,0,0,0,0,0,0,0,0,0,0,0
201704,36,055,1,2,Monroe County                 ,79,79,16618999,1,2,378000,0,0,0,2,32,3745245,70,70,13674643,1,2,378000,0,0,0,1,10,1450000
201704,36,059,1,2,Nassau County                 ,85,85,27663173,0,0,0,0,0,0,1,7,751883,59,59,15213300,0,0,0,0,0,0,0,0,0
201704,36,061,1,2,New York County               ,4,4,1071350,0,0,0,1,4,486144,3,513,67467403,4,4,1071350,0,0,0,1,4,486144,3,513,67467403
201704,36,063,1,2,Niagara County                ,23,23,5608188,0,0,0,0,0,0,0,0,0,20,20,4868200,0,0,0,0,0,0,0,0,0
201704,36,069,1,2,Ontario County                ,29,29,8419344,0,0,0,1,3,223800,1,5,462143,15,15,4097300,0,0,0,0,0,0,0,0,0
201704,36,073,1,2,Orleans County                ,2,2,220625,0,0,0,0,0,0,0,0,0,1,1,30000,0,0,0,0,0,0,0,0,0
201704,36,079,1,2,Putnam County                 ,5,5,1552192,0,0,0,1,3,670449,0,0,0,3,3,1060000,0,0,0,0,0,0,0,0,0
201704,36,081,1,2,Queens County                 ,11,11,2946212,12,24,3240883,7,21,2552256,5,1027,135066322,11,11,2946212,12,24,3240883,7,21,2552256,5,1027,135066322
201704,36,083,1,2,Rensselaer County             ,11,11,3018000,0,0,0,0,0,0,2,10,646970,7,7,1931000,0,0,0,0,0,0,0,0,0
201704,36,085,1,2,Richmond County               ,21,21,5624588,13,26,3510957,0,0,0,0,0,0,21,21,5624588,13,26,3510957,0,0,0,0,0,0
201704,36,087,1,2,Rockland County               ,9,9,3390791,2,4,617351,1,4,436163,1,7,812466,6,6,2608250,0,0,0,0,0,0,0,0,0
201704,36,091,1,2,Saratoga County               ,59,59,16690212,2,4,496374,1,4,220287,4,29,2928868,44,44,12003408,2,4,496374,0,0,0,1,6,480000
201704,36,093,1,2,Schenectady County            ,5,5,949680,0,0,0,0,0,0,0,0,0,2,2,475000,0,0,0,0,0,0,0,0,0
201704,36,095,1,2,Schoharie County              ,5,5,966463,0,0,0,0,0,0,0,0,0,4,4,740000,0,0,0,0,0,0,0,0,0
201704,36,099,1,2,Seneca County                 ,2,2,405000,0,0,0,0,0,0,0,0,0,2,2,405000,0,0,0,0,0,0,0,0,0
201704,36,117,1,2,Wayne County                  ,6,6,1476946,0,0,0,0,0,0,0,0,0,3,3,890000,0,0,0,0,0,0,0,0,0
201704,36,119,1,2,Westchester County            ,27,27,14494048,1,2,200000,0,0,0,2,38,6069108,20,20,11410185,0,0,0,0,0,0,0,0,0
201704,37,007,3,5,Anson County                  ,3,3,449595,0,0,0,0,0,0,0,0,0,0,0,0,0,0,0,0,0,0,0,0,0
201704,37,011,3,5,Avery County                  ,4,4,1160000,0,0,0,0,0,0,0,0,0,4,4,1160000,0,0,0,0,0,0,0,0,0
201704,37,015,3,5,Bertie County                 ,1,1,83400,0,0,0,0,0,0,0,0,0,1,1,83400,0,0,0,0,0,0,0,0,0
201704,37,025,3,5,Cabarrus County               ,126,126,18689878,0,0,0,0,0,0,0,0,0,126,126,18689878,0,0,0,0,0,0,0,0,0
201704,37,033,3,5,Caswell County                ,1,1,100000,0,0,0,0,0,0,0,0,0,1,1,100000,0,0,0,0,0,0,0,0,0
201704,37,037,3,5,Chatham County                ,67,67,16721380,0,0,0,0,0,0,0,0,0,67,67,16721380,0,0,0,0,0,0,0,0,0
201704,37,051,3,5,Cumberland County             ,44,44,6773864,0,0,0,0,0,0,0,0,0,44,44,6773864,0,0,0,0,0,0,0,0,0
201704,37,053,3,5,Currituck County              ,19,19,4633880,0,0,0,0,0,0,0,0,0,19,19,4633880,0,0,0,0,0,0,0,0,0
201704,37,059,3,5,Davie County                  ,12,12,2105620,0,0,0,0,0,0,0,0,0,12,12,2105620,0,0,0,0,0,0,0,0,0
201704,37,063,3,5,Durham County                 ,163,163,30654402,1,2,169897,0,0,0,3,81,6975510,0,0,0,0,0,0,0,0,0,0,0,0
201704,37,069,3,5,Franklin County               ,62,62,12473284,0,0,0,0,0,0,0,0,0,62,62,12473284,0,0,0,0,0,0,0,0,0
201704,37,071,3,5,Gaston County                 ,118,118,29469167,0,0,0,0,0,0,0,0,0,118,118,29469167,0,0,0,0,0,0,0,0,0
201704,37,081,3,5,Guilford County               ,102,102,25522176,0,0,0,0,0,0,2,29,3009272,89,89,23923549,0,0,0,0,0,0,1,24,2727173
201704,37,089,3,5,Henderson County              ,40,40,9433772,0,0,0,0,0,0,0,0,0,40,40,9433772,0,0,0,0,0,0,0,0,0
201704,37,093,3,5,Hoke County                   ,22,22,5087410,0,0,0,0,0,0,0,0,0,22,22,5087410,0,0,0,0,0,0,0,0,0
201704,37,097,3,5,Iredell County                ,104,104,29491452,0,0,0,0,0,0,0,0,0,104,104,29491452,0,0,0,0,0,0,0,0,0
201704,37,101,3,5,Johnston County               ,193,193,31650672,0,0,0,0,0,0,0,0,0,189,189,31038303,0,0,0,0,0,0,0,0,0
201704,37,105,3,5,Lee County                    ,31,31,4361730,0,0,0,0,0,0,0,0,0,31,31,4361730,0,0,0,0,0,0,0,0,0
201704,37,119,3,5,Mecklenburg County            ,396,396,91573379,0,0,0,0,0,0,0,0,0,396,396,91573379,0,0,0,0,0,0,0,0,0
201704,37,133,3,5,Onslow County                 ,47,47,7285780,0,0,0,0,0,0,0,0,0,47,47,7285780,0,0,0,0,0,0,0,0,0
201704,37,135,3,5,Orange County                 ,41,41,12484711,1,2,65000,0,0,0,0,0,0,13,13,3859172,1,2,65000,0,0,0,0,0,0
201704,37,145,3,5,Person County                 ,5,5,911428,0,0,0,0,0,0,0,0,0,5,5,911428,0,0,0,0,0,0,0,0,0
201704,37,151,3,5,Randolph County               ,22,22,5523197,1,2,90000,0,0,0,0,0,0,22,22,5523197,1,2,90000,0,0,0,0,0,0
201704,37,157,3,5,Rockingham County             ,11,11,2614459,0,0,0,0,0,0,0,0,0,11,11,2614459,0,0,0,0,0,0,0,0,0
201704,37,179,3,5,Union County                  ,117,117,28769784,0,0,0,0,0,0,0,0,0,117,117,28769784,0,0,0,0,0,0,0,0,0
201704,37,181,3,5,Vance County                  ,3,3,485871,0,0,0,0,0,0,0,0,0,0,0,0,0,0,0,0,0,0,0,0,0
201704,37,183,3,5,Wake County                   ,682,682,152751526,0,0,0,1,4,90000,2,29,13090000,619,619,140153747,0,0,0,1,4,90000,2,29,13090000
201704,37,195,3,5,Wilson County                 ,19,19,3338453,0,0,0,0,0,0,0,0,0,19,19,3338453,0,0,0,0,0,0,0,0,0
201704,39,007,2,3,Ashtabula County              ,7,7,1284278,1,2,161044,0,0,0,0,0,0,0,0,0,0,0,0,0,0,0,0,0,0
201704,39,015,2,3,Brown County                  ,7,7,1115308,0,0,0,0,0,0,0,0,0,0,0,0,0,0,0,0,0,0,0,0,0
201704,39,017,2,3,Butler County                 ,66,66,13727229,0,0,0,0,0,0,0,0,0,57,57,12154373,0,0,0,0,0,0,0,0,0
201704,39,025,2,3,Clermont County               ,46,46,8062657,0,0,0,2,8,687400,0,0,0,46,46,8062657,0,0,0,2,8,687400,0,0,0
201704,39,041,2,3,Delaware County               ,119,119,29257791,0,0,0,0,0,0,1,9,680175,96,96,24755729,0,0,0,0,0,0,0,0,0
201704,39,049,2,3,Franklin County               ,158,158,43940167,0,0,0,2,7,1355000,3,177,34585000,150,150,40866960,0,0,0,2,7,1355000,2,172,34360000
201704,39,055,2,3,Geauga County                 ,22,22,5691492,0,0,0,0,0,0,0,0,0,22,22,5691492,0,0,0,0,0,0,0,0,0
201704,39,085,2,3,Lake County                   ,41,41,6054628,0,0,0,0,0,0,0,0,0,40,40,5707810,0,0,0,0,0,0,0,0,0
201704,39,089,2,3,Licking County                ,29,29,7244182,0,0,0,0,0,0,0,0,0,0,0,0,0,0,0,0,0,0,0,0,0
201704,39,093,2,3,Lorain County                 ,55,55,13742415,0,0,0,0,0,0,0,0,0,29,29,8578376,0,0,0,0,0,0,0,0,0
201704,39,097,2,3,Madison County                ,5,5,1104113,0,0,0,0,0,0,0,0,0,3,3,776113,0,0,0,0,0,0,0,0,0
201704,39,103,2,3,Medina County                 ,60,60,12678367,0,0,0,0,0,0,0,0,0,60,60,12678367,0,0,0,0,0,0,0,0,0
201704,39,117,2,3,Morrow County                 ,3,3,628693,0,0,0,0,0,0,0,0,0,1,1,175000,0,0,0,0,0,0,0,0,0
201704,39,159,2,3,Union County                  ,30,30,7761126,0,0,0,0,0,0,0,0,0,30,30,7761126,0,0,0,0,0,0,0,0,0
201704,39,165,2,3,Warren County                 ,104,104,27481943,0,0,0,0,0,0,0,0,0,104,104,27481943,0,0,0,0,0,0,0,0,0
201704,40,001,3,7,Adair County                  ,1,1,192643,0,0,0,0,0,0,0,0,0,0,0,0,0,0,0,0,0,0,0,0,0
201704,40,017,3,7,Canadian County               ,21,21,4465825,0,0,0,0,0,0,0,0,0,12,12,2230000,0,0,0,0,0,0,0,0,0
201704,40,021,3,7,Cherokee County               ,5,5,656191,0,0,0,0,0,0,0,0,0,0,0,0,0,0,0,0,0,0,0,0,0
201704,40,027,3,7,Cleveland County              ,55,55,11628403,0,0,0,0,0,0,0,0,0,55,55,11628403,0,0,0,0,0,0,0,0,0
201704,40,029,3,7,Coal County                   ,0,0,0,0,0,0,0,0,0,0,0,0,0,0,0,0,0,0,0,0,0,0,0,0
201704,40,037,3,7,Creek County                  ,6,6,707500,0,0,0,0,0,0,0,0,0,6,6,707500,0,0,0,0,0,0,0,0,0
201704,40,051,3,7,Grady County                  ,8,8,1655786,0,0,0,0,0,0,0,0,0,1,1,130000,0,0,0,0,0,0,0,0,0
201704,40,055,3,7,Greer County                  ,0,0,0,0,0,0,0,0,0,0,0,0,0,0,0,0,0,0,0,0,0,0,0,0
201704,40,081,3,7,Lincoln County                ,0,0,0,0,0,0,0,0,0,0,0,0,0,0,0,0,0,0,0,0,0,0,0,0
201704,40,083,3,7,Logan County                  ,0,0,0,0,0,0,0,0,0,0,0,0,0,0,0,0,0,0,0,0,0,0,0,0
201704,40,087,3,7,McClain County                ,34,34,5464342,0,0,0,0,0,0,0,0,0,20,20,2811775,0,0,0,0,0,0,0,0,0
201704,40,109,3,7,Oklahoma County               ,394,394,88388104,9,18,2100500,0,0,0,0,0,0,379,379,86081433,9,18,2100500,0,0,0,0,0,0
201704,40,111,3,7,Okmulgee County               ,0,0,0,0,0,0,0,0,0,0,0,0,0,0,0,0,0,0,0,0,0,0,0,0
201704,40,113,3,7,Osage County                  ,6,6,1568000,0,0,0,0,0,0,0,0,0,6,6,1568000,0,0,0,0,0,0,0,0,0
201704,40,117,3,7,Pawnee County                 ,0,0,0,0,0,0,0,0,0,0,0,0,0,0,0,0,0,0,0,0,0,0,0,0
201704,40,131,3,7,Rogers County                 ,33,33,6511672,4,8,480000,0,0,0,0,0,0,32,32,6408339,4,8,480000,0,0,0,0,0,0
201704,40,143,3,7,Tulsa County                  ,180,180,41914131,0,0,0,0,0,0,0,0,0,179,179,41851131,0,0,0,0,0,0,0,0,0
201704,40,145,3,7,Wagoner County                ,34,34,5217015,0,0,0,0,0,0,0,0,0,34,34,5217015,0,0,0,0,0,0,0,0,0
201704,41,000,4,9,Oregon Balance of State       ,16,16,2369790,0,0,0,0,0,0,0,0,0,0,0,0,0,0,0,0,0,0,0,0,0
201704,41,005,4,9,Clackamas County              ,108,108,34570046,1,2,351800,0,0,0,0,0,0,104,104,32943484,0,0,0,0,0,0,0,0,0
201704,41,019,4,9,Douglas County                ,18,18,3305705,0,0,0,0,0,0,0,0,0,18,18,3305705,0,0,0,0,0,0,0,0,0
201704,41,025,4,9,Harney County                 ,1,1,212446,0,0,0,0,0,0,0,0,0,0,0,0,0,0,0,0,0,0,0,0,0
201704,41,035,4,9,Klamath County                ,8,8,2363189,0,0,0,0,0,0,0,0,0,8,8,2363189,0,0,0,0,0,0,0,0,0
201704,41,051,4,9,Multnomah County              ,83,83,22766278,5,10,2094889,0,0,0,4,77,6669715,83,83,22766278,5,10,2094889,0,0,0,3,72,5909715
201704,41,067,4,9,Washington County             ,140,140,40343816,0,0,0,0,0,0,1,14,1472041,137,137,39425179,0,0,0,0,0,0,1,14,1472041
201704,41,071,4,9,Yamhill County                ,34,34,11453368,0,0,0,0,0,0,0,0,0,29,29,10316948,0,0,0,0,0,0,0,0,0
201704,42,001,1,2,Adams County                  ,23,23,4043215,0,0,0,0,0,0,0,0,0,23,23,4043215,0,0,0,0,0,0,0,0,0
201704,42,017,1,2,Bucks County                  ,89,89,17962873,0,0,0,0,0,0,1,6,717000,58,58,9866595,0,0,0,0,0,0,1,6,717000
201704,42,029,1,2,Chester County                ,92,92,21023179,0,0,0,2,6,1008000,1,5,557500,76,76,17915542,0,0,0,2,6,1008000,1,5,557500
201704,42,037,1,2,Columbia County               ,4,4,762637,0,0,0,1,3,387224,0,0,0,1,1,82000,0,0,0,0,0,0,0,0,0
201704,42,041,1,2,Cumberland County             ,93,93,28382014,0,0,0,0,0,0,0,0,0,86,86,26972817,0,0,0,0,0,0,0,0,0
201704,42,043,1,2,Dauphin County                ,29,29,5560707,0,0,0,0,0,0,0,0,0,18,18,3392822,0,0,0,0,0,0,0,0,0
201704,42,045,1,2,Delaware County               ,33,33,9142238,0,0,0,0,0,0,1,5,1879838,10,10,2899863,0,0,0,0,0,0,0,0,0
201704,42,055,1,2,Franklin County               ,41,41,6548627,1,2,170000,0,0,0,1,5,487529,36,36,5907974,1,2,170000,0,0,0,0,0,0
201704,42,065,1,2,Jefferson County              ,4,4,842697,0,0,0,0,0,0,0,0,0,4,4,842697,0,0,0,0,0,0,0,0,0
201704,42,091,1,2,Montgomery County             ,90,90,18035841,6,12,1236047,0,0,0,1,7,1555556,56,56,9463916,6,12,1236047,0,0,0,0,0,0
201704,42,093,1,2,Montour County                ,6,6,1295869,0,0,0,0,0,0,0,0,0,6,6,1295869,0,0,0,0,0,0,0,0,0
201704,42,099,1,2,Perry County                  ,13,13,3069978,0,0,0,0,0,0,0,0,0,5,5,978200,0,0,0,0,0,0,0,0,0
201704,42,101,1,2,Philadelphia County           ,36,36,9642150,6,12,1620442,6,22,2673792,8,308,40506745,36,36,9642150,6,12,1620442,6,22,2673792,8,308,40506745
201704,42,103,1,2,Pike County                   ,8,8,2225382,0,0,0,0,0,0,0,0,0,8,8,2225382,0,0,0,0,0,0,0,0,0
201704,44,001,1,1,Bristol County                ,2,2,610400,0,0,0,0,0,0,0,0,0,0,0,0,0,0,0,0,0,0,0,0,0
201704,44,003,1,1,Kent County                   ,10,10,1434250,0,0,0,0,0,0,0,0,0,5,5,524880,0,0,0,0,0,0,0,0,0
201704,44,005,1,1,Newport County                ,5,5,1240250,0,0,0,0,0,0,0,0,0,3,3,831838,0,0,0,0,0,0,0,0,0
201704,44,007,1,1,Providence County             ,24,24,4830985,0,0,0,1,3,124664,0,0,0,18,18,3784667,0,0,0,0,0,0,0,0,0
201704,44,009,1,1,Washington County             ,21,21,6855401,0,0,0,0,0,0,0,0,0,15,15,4099574,0,0,0,0,0,0,0,0,0
201704,45,003,3,5,Aiken County                  ,79,79,17056579,0,0,0,0,0,0,0,0,0,79,79,17056579,0,0,0,0,0,0,0,0,0
201704,45,009,3,5,Bamberg County                ,1,1,181000,0,0,0,0,0,0,0,0,0,1,1,181000,0,0,0,0,0,0,0,0,0
201704,45,015,3,5,Berkeley County               ,134,134,37563793,0,0,0,0,0,0,1,31,731354,24,24,8186172,0,0,0,0,0,0,0,0,0
201704,45,017,3,5,Calhoun County                ,2,2,340000,0,0,0,0,0,0,0,0,0,2,2,340000,0,0,0,0,0,0,0,0,0
201704,45,019,3,5,Charleston County             ,233,233,66995347,0,0,0,0,0,0,3,45,2900557,122,122,51008681,0,0,0,0,0,0,0,0,0
201704,45,035,3,5,Dorchester County             ,36,36,9658000,0,0,0,0,0,0,0,0,0,35,35,9550500,0,0,0,0,0,0,0,0,0
201704,45,037,3,5,Edgefield County              ,7,7,1421900,0,0,0,0,0,0,0,0,0,7,7,1421900,0,0,0,0,0,0,0,0,0
201704,45,039,3,5,Fairfield County              ,4,4,841238,0,0,0,0,0,0,0,0,0,0,0,0,0,0,0,0,0,0,0,0,0
201704,45,045,3,5,Greenville County             ,263,263,145080773,0,0,0,0,0,0,0,0,0,260,260,144606076,0,0,0,0,0,0,0,0,0
201704,45,051,3,5,Horry County                  ,320,320,54073959,0,0,0,0,0,0,2,13,950000,295,295,47807319,0,0,0,0,0,0,1,8,700000
201704,45,055,3,5,Kershaw County                ,27,27,3794214,0,0,0,0,0,0,0,0,0,27,27,3794214,0,0,0,0,0,0,0,0,0
201704,45,059,3,5,Laurens County                ,14,14,1752003,0,0,0,0,0,0,0,0,0,14,14,1752003,0,0,0,0,0,0,0,0,0
201704,45,063,3,5,Lexington County              ,153,153,38152364,0,0,0,0,0,0,1,15,1468007,17,17,2780245,0,0,0,0,0,0,0,0,0
201704,45,077,3,5,Pickens County                ,37,37,7844987,0,0,0,0,0,0,1,26,3420885,27,27,6251963,0,0,0,0,0,0,0,0,0
201704,45,079,3,5,Richland County               ,164,164,24247923,0,0,0,0,0,0,1,25,1411069,25,25,6556294,0,0,0,0,0,0,0,0,0
201704,45,081,3,5,Saluda County                 ,2,2,454528,0,0,0,0,0,0,0,0,0,2,2,454528,0,0,0,0,0,0,0,0,0
201704,45,085,3,5,Sumter County                 ,22,22,3217063,0,0,0,0,0,0,0,0,0,0,0,0,0,0,0,0,0,0,0,0,0
201704,45,091,3,5,York County                   ,212,212,67801744,0,0,0,0,0,0,2,29,3046213,60,60,18191385,0,0,0,0,0,0,0,0,0
201704,46,007,2,4,Bennett County                ,1,1,120000,0,0,0,0,0,0,0,0,0,1,1,120000,0,0,0,0,0,0,0,0,0
201704,46,055,2,4,Haakon County                 ,0,0,0,0,0,0,0,0,0,0,0,0,0,0,0,0,0,0,0,0,0,0,0,0
201704,46,071,2,4,Jackson County                ,0,0,0,0,0,0,0,0,0,0,0,0,0,0,0,0,0,0,0,0,0,0,0,0
201704,46,111,2,4,Sanborn County                ,3,3,900000,0,0,0,0,0,0,0,0,0,3,3,900000,0,0,0,0,0,0,0,0,0
201704,47,001,3,6,Anderson County               ,11,11,2344325,0,0,0,0,0,0,0,0,0,8,8,1714000,0,0,0,0,0,0,0,0,0
201704,47,015,3,6,Cannon County                 ,2,2,252380,0,0,0,0,0,0,0,0,0,0,0,0,0,0,0,0,0,0,0,0,0
201704,47,021,3,6,Cheatham County               ,14,14,2847722,0,0,0,0,0,0,0,0,0,14,14,2847722,0,0,0,0,0,0,0,0,0
201704,47,037,3,6,Davidson County               ,284,284,72513199,0,0,0,0,0,0,2,59,5937618,284,284,72513199,0,0,0,0,0,0,2,59,5937618
201704,47,043,3,6,Dickson County                ,25,25,5396222,0,0,0,0,0,0,0,0,0,8,8,2145230,0,0,0,0,0,0,0,0,0
201704,47,049,3,6,Fentress County               ,0,0,0,0,0,0,0,0,0,0,0,0,0,0,0,0,0,0,0,0,0,0,0,0
201704,47,081,3,6,Hickman County                ,5,5,898828,0,0,0,0,0,0,0,0,0,0,0,0,0,0,0,0,0,0,0,0,0
201704,47,093,3,6,Knox County                   ,132,132,27798404,0,0,0,0,0,0,0,0,0,132,132,27798404,0,0,0,0,0,0,0,0,0
201704,47,105,3,6,Loudon County                 ,20,20,5338898,0,0,0,0,0,0,0,0,0,18,18,5032626,0,0,0,0,0,0,0,0,0
201704,47,125,3,6,Montgomery County             ,128,128,18224317,15,30,1050000,0,0,0,6,43,2240000,128,128,18224317,15,30,1050000,0,0,0,6,43,2240000
201704,47,139,3,6,Polk County                   ,15,15,2701861,0,0,0,0,0,0,0,0,0,0,0,0,0,0,0,0,0,0,0,0,0
201704,47,149,3,6,Rutherford County             ,209,209,49309974,0,0,0,0,0,0,2,23,1991461,169,169,43511770,0,0,0,0,0,0,1,18,1526518
201704,47,153,3,6,Sequatchie County             ,0,0,0,0,0,0,0,0,0,0,0,0,0,0,0,0,0,0,0,0,0,0,0,0
201704,47,157,3,6,Shelby County                 ,103,103,25620437,0,0,0,0,0,0,0,0,0,103,103,25620437,0,0,0,0,0,0,0,0,0
201704,47,159,3,6,Smith County                  ,8,8,1634157,0,0,0,0,0,0,0,0,0,7,7,1406300,0,0,0,0,0,0,0,0,0
201704,47,161,3,6,Stewart County                ,0,0,0,0,0,0,0,0,0,0,0,0,0,0,0,0,0,0,0,0,0,0,0,0
201704,47,165,3,6,Sumner County                 ,107,107,26185290,0,0,0,0,0,0,5,96,7770824,100,100,24966971,0,0,0,0,0,0,5,96,7770824
201704,47,167,3,6,Tipton County                 ,14,14,1558809,0,0,0,0,0,0,0,0,0,9,9,898306,0,0,0,0,0,0,0,0,0
201704,47,169,3,6,Trousdale County              ,3,3,289000,0,0,0,0,0,0,0,0,0,3,3,289000,0,0,0,0,0,0,0,0,0
201704,47,173,3,6,Union County                  ,11,11,2220000,0,0,0,0,0,0,0,0,0,11,11,2220000,0,0,0,0,0,0,0,0,0
201704,47,175,3,6,Van Buren County              ,0,0,0,0,0,0,0,0,0,0,0,0,0,0,0,0,0,0,0,0,0,0,0,0
201704,47,189,3,6,Wilson County                 ,121,121,34068549,0,0,0,0,0,0,0,0,0,121,121,34068549,0,0,0,0,0,0,0,0,0
201704,48,013,3,7,Atascosa County               ,3,3,387579,0,0,0,0,0,0,0,0,0,2,2,215330,0,0,0,0,0,0,0,0,0
201704,48,015,3,7,Austin County                 ,1,1,150000,0,0,0,0,0,0,0,0,0,1,1,150000,0,0,0,0,0,0,0,0,0
201704,48,019,3,7,Bandera County                ,1,1,210000,0,0,0,0,0,0,0,0,0,0,0,0,0,0,0,0,0,0,0,0,0
201704,48,021,3,7,Bastrop County                ,9,9,1316270,0,0,0,0,0,0,0,0,0,9,9,1316270,0,0,0,0,0,0,0,0,0
201704,48,025,3,7,Bee County                    ,0,0,0,0,0,0,0,0,0,0,0,0,0,0,0,0,0,0,0,0,0,0,0,0
201704,48,027,3,7,Bell County                   ,160,160,26472902,6,12,1246750,0,0,0,1,5,396770,153,153,25098726,6,12,1246750,0,0,0,0,0,0
201704,48,029,3,7,Bexar County                  ,287,287,67067067,3,6,569950,3,11,813960,2,10,1604092,246,246,61640152,3,6,569950,2,8,813960,1,5,538596
201704,48,051,3,7,Burleson County               ,2,2,287195,0,0,0,0,0,0,0,0,0,1,1,83000,0,0,0,0,0,0,0,0,0
201704,48,055,3,7,Caldwell County               ,28,28,4735436,0,0,0,0,0,0,0,0,0,0,0,0,0,0,0,0,0,0,0,0,0
201704,48,085,3,7,Collin County                 ,854,854,288510815,1,2,243790,0,0,0,7,591,133501447,761,761,252217177,0,0,0,0,0,0,6,586,132751544
201704,48,091,3,7,Comal County                  ,167,167,35352139,0,0,0,0,0,0,5,124,10522911,166,166,35055037,0,0,0,0,0,0,5,124,10522911
201704,48,099,3,7,Coryell County                ,16,16,2016584,0,0,0,0,0,0,0,0,0,3,3,159000,0,0,0,0,0,0,0,0,0
201704,48,107,3,7,Crosby County                 ,1,1,67000,0,0,0,0,0,0,0,0,0,0,0,0,0,0,0,0,0,0,0,0,0
201704,48,113,3,7,Dallas County                 ,423,423,125944071,8,16,4292454,2,8,1600000,17,541,41936696,384,384,116303723,8,16,4292454,2,8,1600000,16,491,36803154
201704,48,119,3,7,Delta County                  ,1,1,231246,0,0,0,0,0,0,0,0,0,1,1,231246,0,0,0,0,0,0,0,0,0
201704,48,135,3,7,Ector County                  ,25,25,4734920,0,0,0,0,0,0,0,0,0,25,25,4734920,0,0,0,0,0,0,0,0,0
201704,48,139,3,7,Ellis County                  ,167,167,32020823,0,0,0,0,0,0,0,0,0,166,166,31670823,0,0,0,0,0,0,0,0,0
201704,48,141,3,7,El Paso County                ,229,229,52215395,2,4,391892,1,4,362245,5,41,5829087,33,33,2669109,0,0,0,0,0,0,0,0,0
201704,48,157,3,7,Fort Bend County              ,888,888,115891301,4,8,913800,0,0,0,1,7,547809,146,146,46811670,4,8,913800,0,0,0,0,0,0
201704,48,167,3,7,Galveston County              ,221,221,47549474,0,0,0,0,0,0,0,0,0,111,111,23510285,0,0,0,0,0,0,0,0,0
201704,48,185,3,7,Grimes County                 ,3,3,306056,0,0,0,0,0,0,0,0,0,0,0,0,0,0,0,0,0,0,0,0,0
201704,48,187,3,7,Guadalupe County              ,91,91,20694634,0,0,0,0,0,0,0,0,0,67,67,16295205,0,0,0,0,0,0,0,0,0
201704,48,193,3,7,Hamilton County               ,0,0,0,0,0,0,0,0,0,0,0,0,0,0,0,0,0,0,0,0,0,0,0,0
201704,48,195,3,7,Hansford County               ,0,0,0,0,0,0,0,0,0,0,0,0,0,0,0,0,0,0,0,0,0,0,0,0
201704,48,201,3,7,Harris County                 ,1495,1495,210837181,4,8,1052000,2,8,250000,22,1055,107781061,1480,1480,198736208,4,8,1052000,2,8,250000,22,1055,107781061
201704,48,211,3,7,Hemphill County               ,0,0,0,0,0,0,0,0,0,0,0,0,0,0,0,0,0,0,0,0,0,0,0,0
201704,48,215,3,7,Hidalgo County                ,272,272,48517095,12,24,1394857,12,47,2561735,2,40,2914167,193,193,35717488,10,20,1166148,7,28,1400000,1,8,410000
201704,48,233,3,7,Hutchinson County             ,0,0,0,0,0,0,0,0,0,0,0,0,0,0,0,0,0,0,0,0,0,0,0,0
201704,48,251,3,7,Johnson County                ,73,73,14060464,3,6,588550,0,0,0,0,0,0,71,71,13604750,2,4,375000,0,0,0,0,0,0
201704,48,257,3,7,Kaufman County                ,52,52,11628981,0,0,0,0,0,0,0,0,0,44,44,10253016,0,0,0,0,0,0,0,0,0
201704,48,259,3,7,Kendall County                ,23,23,6483649,0,0,0,0,0,0,1,18,1331875,0,0,0,0,0,0,0,0,0,0,0,0
201704,48,271,3,7,Kinney County                 ,0,0,0,0,0,0,0,0,0,0,0,0,0,0,0,0,0,0,0,0,0,0,0,0
201704,48,281,3,7,Lampasas County               ,0,0,0,0,0,0,0,0,0,0,0,0,0,0,0,0,0,0,0,0,0,0,0,0
201704,48,291,3,7,Liberty County                ,51,51,3815281,0,0,0,0,0,0,0,0,0,51,51,3815281,0,0,0,0,0,0,0,0,0
201704,48,303,3,7,Lubbock County                ,131,131,26071840,0,0,0,0,0,0,1,9,1000000,125,125,24491771,0,0,0,0,0,0,0,0,0
201704,48,323,3,7,Maverick County               ,8,8,1845609,0,0,0,0,0,0,0,0,0,8,8,1845609,0,0,0,0,0,0,0,0,0
201704,48,325,3,7,Medina County                 ,2,2,413116,0,0,0,0,0,0,0,0,0,0,0,0,0,0,0,0,0,0,0,0,0
201704,48,329,3,7,Midland County                ,80,80,16062275,0,0,0,0,0,0,0,0,0,80,80,16062275,0,0,0,0,0,0,0,0,0
201704,48,339,3,7,Montgomery County             ,423,423,109822473,0,0,0,0,0,0,0,0,0,416,416,108276685,0,0,0,0,0,0,0,0,0
201704,48,367,3,7,Parker County                 ,48,48,9726358,0,0,0,0,0,0,0,0,0,29,29,5891273,0,0,0,0,0,0,0,0,0
201704,48,375,3,7,Potter County                 ,49,49,13179762,1,2,305083,0,0,0,0,0,0,49,49,13179762,1,2,305083,0,0,0,0,0,0
201704,48,383,3,7,Reagan County                 ,0,0,0,0,0,0,0,0,0,0,0,0,0,0,0,0,0,0,0,0,0,0,0,0
201704,48,385,3,7,Real County                   ,0,0,0,0,0,0,0,0,0,0,0,0,0,0,0,0,0,0,0,0,0,0,0,0
201704,48,395,3,7,Robertson County              ,7,7,1477475,0,0,0,0,0,0,0,0,0,7,7,1477475,0,0,0,0,0,0,0,0,0
201704,48,397,3,7,Rockwall County               ,158,158,45426570,0,0,0,0,0,0,0,0,0,146,146,40824371,0,0,0,0,0,0,0,0,0
201704,48,407,3,7,San Jacinto County            ,21,21,4248599,0,0,0,0,0,0,0,0,0,0,0,0,0,0,0,0,0,0,0,0,0
201704,48,411,3,7,San Saba County               ,0,0,0,0,0,0,0,0,0,0,0,0,0,0,0,0,0,0,0,0,0,0,0,0
201704,48,451,3,7,Tom Green County              ,17,17,3220000,0,0,0,0,0,0,0,0,0,17,17,3220000,0,0,0,0,0,0,0,0,0
201704,48,453,3,7,Travis County                 ,727,727,162432207,0,0,0,0,0,0,18,781,52023483,694,694,152363026,0,0,0,0,0,0,18,781,52023483
201704,48,473,3,7,Waller County                 ,0,0,0,0,0,0,0,0,0,2,14,670646,0,0,0,0,0,0,0,0,0,0,0,0
201704,48,491,3,7,Williamson County             ,359,359,95862313,0,0,0,0,0,0,1,12,1800000,346,346,93343818,0,0,0,0,0,0,1,12,1800000
201704,48,493,3,7,Wilson County                 ,5,5,1011006,0,0,0,0,0,0,0,0,0,1,1,194226,0,0,0,0,0,0,0,0,0
201704,48,497,3,7,Wise County                   ,3,3,635000,1,2,125000,0,0,0,0,0,0,3,3,635000,1,2,125000,0,0,0,0,0,0
201704,49,011,4,8,Davis County                  ,93,93,26527592,0,0,0,1,4,544894,0,0,0,90,90,25313581,0,0,0,1,4,544894,0,0,0
201704,49,023,4,8,Juab County                   ,8,8,2028238,0,0,0,0,0,0,0,0,0,7,7,1754706,0,0,0,0,0,0,0,0,0
201704,49,029,4,8,Morgan County                 ,8,8,2941730,0,0,0,0,0,0,0,0,0,0,0,0,0,0,0,0,0,0,0,0,0
201704,49,035,4,8,Salt Lake County              ,303,303,83881998,7,14,2415791,3,9,1201610,11,152,20661368,196,196,52663770,6,12,2115719,0,0,0,7,119,17073000
201704,49,039,4,8,Sanpete County                ,1,1,480909,0,0,0,0,0,0,0,0,0,1,1,480909,0,0,0,0,0,0,0,0,0
201704,49,043,4,8,Summit County                 ,14,14,5850591,0,0,0,0,0,0,1,5,854284,4,4,713022,0,0,0,0,0,0,0,0,0
201704,49,057,4,8,Weber County                  ,97,97,22070774,0,0,0,1,4,637965,6,99,9401683,72,72,15661612,0,0,0,0,0,0,4,77,7296025
201704,51,003,3,5,Albemarle County              ,49,49,15802624,0,0,0,0,0,0,1,13,1338583,0,0,0,0,0,0,0,0,0,0,0,0
201704,51,007,3,5,Amelia County                 ,5,5,806310,0,0,0,0,0,0,0,0,0,5,5,806310,0,0,0,0,0,0,0,0,0
201704,51,009,3,5,Amherst County                ,4,4,740487,0,0,0,0,0,0,0,0,0,0,0,0,0,0,0,0,0,0,0,0,0
201704,51,013,3,5,Arlington County              ,13,13,5290000,0,0,0,0,0,0,0,0,0,13,13,5290000,0,0,0,0,0,0,0,0,0
201704,51,015,3,5,Augusta County                ,17,17,2945638,0,0,0,0,0,0,0,0,0,17,17,2945638,0,0,0,0,0,0,0,0,0
201704,51,019,3,5,Bedford County                ,26,26,6717417,0,0,0,0,0,0,0,0,0,0,0,0,0,0,0,0,0,0,0,0,0
201704,51,033,3,5,Caroline County               ,10,10,1917447,0,0,0,0,0,0,0,0,0,0,0,0,0,0,0,0,0,0,0,0,0
201704,51,036,3,5,Charles City County           ,2,2,367353,0,0,0,0,0,0,0,0,0,0,0,0,0,0,0,0,0,0,0,0,0
201704,51,037,3,5,Charlotte County              ,1,1,325000,0,0,0,0,0,0,0,0,0,1,1,325000,0,0,0,0,0,0,0,0,0
201704,51,041,3,5,Chesterfield County           ,120,120,27749509,0,0,0,4,15,1649000,2,21,2494185,120,120,27749509,0,0,0,4,15,1649000,2,21,2494185
201704,51,043,3,5,Clarke County                 ,5,5,1560871,0,0,0,0,0,0,0,0,0,5,5,1560871,0,0,0,0,0,0,0,0,0
201704,51,049,3,5,Cumberland County             ,0,0,0,0,0,0,0,0,0,0,0,0,0,0,0,0,0,0,0,0,0,0,0,0
201704,51,051,3,5,Dickenson County              ,0,0,0,0,0,0,0,0,0,0,0,0,0,0,0,0,0,0,0,0,0,0,0,0
201704,51,053,3,5,Dinwiddie County              ,5,5,95353,0,0,0,0,0,0,0,0,0,0,0,0,0,0,0,0,0,0,0,0,0
201704,51,059,3,5,Fairfax County                ,80,80,18499672,0,0,0,0,0,0,0,0,0,80,80,18499672,0,0,0,0,0,0,0,0,0
201704,51,061,3,5,Fauquier County               ,40,40,13684811,0,0,0,0,0,0,0,0,0,40,40,13684811,0,0,0,0,0,0,0,0,0
201704,51,069,3,5,Frederick County              ,49,49,10932083,0,0,0,0,0,0,0,0,0,49,49,10932083,0,0,0,0,0,0,0,0,0
201704,51,073,3,5,Gloucester County             ,18,18,1799513,0,0,0,2,6,332000,0,0,0,18,18,1799513,0,0,0,2,6,332000,0,0,0
201704,51,075,3,5,Goochland County              ,16,16,5195115,0,0,0,0,0,0,0,0,0,16,16,5195115,0,0,0,0,0,0,0,0,0
201704,51,085,3,5,Hanover County                ,61,61,11841935,0,0,0,0,0,0,0,0,0,61,61,11841935,0,0,0,0,0,0,0,0,0
201704,51,087,3,5,Henrico County                ,87,87,17671157,0,0,0,0,0,0,12,60,825000,87,87,17671157,0,0,0,0,0,0,12,60,825000
201704,51,093,3,5,Isle of Wight County          ,16,16,3163749,0,0,0,0,0,0,0,0,0,0,0,0,0,0,0,0,0,0,0,0,0
201704,51,095,3,5,James City County             ,13,13,2987130,1,2,191000,2,8,1370000,0,0,0,13,13,2987130,1,2,191000,2,8,1370000,0,0,0
201704,51,097,3,5,King and Queen County         ,5,5,576451,0,0,0,0,0,0,0,0,0,5,5,576451,0,0,0,0,0,0,0,0,0
201704,51,099,3,5,King George County            ,1,1,194226,0,0,0,0,0,0,0,0,0,1,1,194226,0,0,0,0,0,0,0,0,0
201704,51,107,3,5,Loudoun County                ,272,272,62898886,0,0,0,0,0,0,2,28,350000,272,272,62898886,0,0,0,0,0,0,2,28,350000
201704,51,109,3,5,Louisa County                 ,20,20,3791669,0,0,0,0,0,0,0,0,0,0,0,0,0,0,0,0,0,0,0,0,0
201704,51,115,3,5,Mathews County                ,2,2,460250,0,0,0,0,0,0,0,0,0,2,2,460250,0,0,0,0,0,0,0,0,0
201704,51,127,3,5,New Kent County               ,16,16,4828730,0,0,0,0,0,0,0,0,0,16,16,4828730,0,0,0,0,0,0,0,0,0
201704,51,139,3,5,Page County                   ,5,5,611000,0,0,0,0,0,0,0,0,0,5,5,611000,0,0,0,0,0,0,0,0,0
201704,51,145,3,5,Powhatan County               ,19,19,4136775,0,0,0,0,0,0,0,0,0,19,19,4136775,0,0,0,0,0,0,0,0,0
201704,51,149,3,5,Prince George County          ,9,9,1263550,0,0,0,0,0,0,0,0,0,9,9,1263550,0,0,0,0,0,0,0,0,0
201704,51,153,3,5,Prince William County         ,127,127,23193541,0,0,0,0,0,0,0,0,0,127,127,23193541,0,0,0,0,0,0,0,0,0
201704,51,165,3,5,Rockingham County             ,24,24,4044590,0,0,0,0,0,0,0,0,0,24,24,4044590,0,0,0,0,0,0,0,0,0
201704,51,175,3,5,Southampton County            ,3,3,441889,0,0,0,0,0,0,0,0,0,0,0,0,0,0,0,0,0,0,0,0,0
201704,51,177,3,5,Spotsylvania County           ,53,53,16548182,0,0,0,0,0,0,0,0,0,53,53,16548182,0,0,0,0,0,0,0,0,0
201704,51,179,3,5,Stafford County               ,99,99,25570750,0,0,0,0,0,0,0,0,0,99,99,25570750,0,0,0,0,0,0,0,0,0
201704,51,181,3,5,Surry County                  ,2,2,298768,0,0,0,0,0,0,0,0,0,0,0,0,0,0,0,0,0,0,0,0,0
201704,51,183,3,5,Sussex County                 ,3,3,451000,0,0,0,0,0,0,0,0,0,3,3,451000,0,0,0,0,0,0,0,0,0
201704,51,187,3,5,Warren County                 ,11,11,2742235,0,0,0,0,0,0,0,0,0,11,11,2742235,0,0,0,0,0,0,0,0,0
201704,51,199,3,5,York County                   ,9,9,2081213,0,0,0,0,0,0,0,0,0,9,9,2081213,0,0,0,0,0,0,0,0,0
201704,51,510,3,5,Alexandria (Independent City) ,16,16,1898675,0,0,0,0,0,0,0,0,0,16,16,1898675,0,0,0,0,0,0,0,0,0
201704,51,540,3,5,Charlottesville (Independent C,8,8,1796317,0,0,0,0,0,0,1,6,887135,0,0,0,0,0,0,0,0,0,0,0,0
201704,51,550,3,5,Chesapeake(Independent City)  ,70,70,16187213,2,4,475700,0,0,0,0,0,0,70,70,16187213,2,4,475700,0,0,0,0,0,0
201704,51,570,3,5,Colonial Heights (Independent ,0,0,0,0,0,0,0,0,0,0,0,0,0,0,0,0,0,0,0,0,0,0,0,0
201704,51,580,3,5,Covington (Independent City)  ,0,0,0,0,0,0,0,0,0,0,0,0,0,0,0,0,0,0,0,0,0,0,0,0
201704,51,600,3,5,Fairfax (Independent City)    ,3,3,750000,0,0,0,0,0,0,0,0,0,3,3,750000,0,0,0,0,0,0,0,0,0
201704,51,610,3,5,Falls Church (Independent City,2,2,710000,0,0,0,0,0,0,0,0,0,2,2,710000,0,0,0,0,0,0,0,0,0
201704,51,630,3,5,Fredericksburg(Independent Cit,0,0,0,0,0,0,0,0,0,0,0,0,0,0,0,0,0,0,0,0,0,0,0,0
201704,51,650,3,5,Hampton (Independent City)    ,13,13,803878,0,0,0,0,0,0,0,0,0,0,0,0,0,0,0,0,0,0,0,0,0
201704,51,660,3,5,Harrisonburg (Independent City,12,12,2140060,0,0,0,0,0,0,0,0,0,0,0,0,0,0,0,0,0,0,0,0,0
201704,51,670,3,5,Hopewell (Independent City)   ,3,3,161500,0,0,0,0,0,0,0,0,0,3,3,161500,0,0,0,0,0,0,0,0,0
201704,51,680,3,5,Lynchburg (Independent City)  ,7,7,1180000,0,0,0,0,0,0,0,0,0,7,7,1180000,0,0,0,0,0,0,0,0,0
201704,51,683,3,5,Manassas (Independent City)   ,13,13,1832191,0,0,0,0,0,0,0,0,0,0,0,0,0,0,0,0,0,0,0,0,0
201704,51,685,3,5,Manassas Park (Independent Cit,0,0,0,0,0,0,0,0,0,0,0,0,0,0,0,0,0,0,0,0,0,0,0,0
201704,51,700,3,5,Newport News (Independent City,6,6,1232169,0,0,0,0,0,0,0,0,0,6,6,1232169,0,0,0,0,0,0,0,0,0
201704,51,710,3,5,Norfolk (Independent City)    ,31,31,7168623,0,0,0,0,0,0,0,0,0,31,31,7168623,0,0,0,0,0,0,0,0,0
201704,51,730,3,5,Petersburg (Independent City) ,2,2,118750,0,0,0,0,0,0,0,0,0,2,2,118750,0,0,0,0,0,0,0,0,0
201704,51,735,3,5,Poquoson (Independent City)   ,3,3,951585,0,0,0,0,0,0,1,6,655588,3,3,951585,0,0,0,0,0,0,1,6,655588
201704,51,740,3,5,Portsmouth (Independent City) ,25,25,3871000,0,0,0,0,0,0,0,0,0,25,25,3871000,0,0,0,0,0,0,0,0,0
201704,51,760,3,5,Richmond (Independent City)   ,30,30,6937377,0,0,0,0,0,0,0,0,0,30,30,6937377,0,0,0,0,0,0,0,0,0
201704,51,800,3,5,Suffolk (Independent City)    ,42,42,9712328,0,0,0,0,0,0,0,0,0,42,42,9712328,0,0,0,0,0,0,0,0,0
201704,51,810,3,5,Virginia Beach (Independent Ci,59,59,10472970,0,0,0,0,0,0,6,317,22266880,59,59,10472970,0,0,0,0,0,0,6,317,22266880
201704,51,830,3,5,Williamsburg (Independent City,0,0,0,0,0,0,0,0,0,0,0,0,0,0,0,0,0,0,0,0,0,0,0,0
201704,53,005,4,9,Benton County                 ,80,80,23692435,1,2,265501,0,0,0,1,24,2260191,32,32,8760739,0,0,0,0,0,0,0,0,0
201704,53,011,4,9,Clark County                  ,207,207,61334510,3,6,247704,0,0,0,10,185,13127520,53,53,14557961,3,6,247704,0,0,0,8,162,10713605
201704,53,021,4,9,Franklin County               ,45,45,11412173,1,2,337795,0,0,0,0,0,0,0,0,0,0,0,0,0,0,0,0,0,0
201704,53,031,4,9,Jefferson County              ,19,19,3455480,0,0,0,0,0,0,0,0,0,2,2,460657,0,0,0,0,0,0,0,0,0
201704,53,033,4,9,King County                   ,389,389,151396797,15,30,5243305,13,45,6779309,20,1114,158093568,348,348,132762009,15,30,5243305,13,45,6779309,18,1049,150527365
201704,53,035,4,9,Kitsap County                 ,91,91,25481176,0,0,0,0,0,0,3,41,4299620,91,91,25481176,0,0,0,0,0,0,3,41,4299620
201704,53,053,4,9,Pierce County                 ,283,283,84536113,2,4,574280,0,0,0,7,227,12386592,278,278,82784460,2,4,574280,0,0,0,7,227,12386592
201704,53,055,4,9,San Juan County               ,14,14,3008361,0,0,0,1,3,500000,0,0,0,3,3,435000,0,0,0,1,3,500000,0,0,0
201704,53,059,4,9,Skamania County               ,2,2,559372,0,0,0,0,0,0,0,0,0,2,2,559372,0,0,0,0,0,0,0,0,0
201704,53,061,4,9,Snohomish County              ,156,156,44413468,1,2,594051,0,0,0,1,5,618508,123,123,34979203,1,2,594051,0,0,0,0,0,0
201704,54,011,3,5,Cabell County                 ,8,8,1577142,1,2,200000,0,0,0,1,8,722000,8,8,1577142,0,0,0,0,0,0,1,8,722000
201704,54,015,3,5,Clay County                   ,0,0,0,0,0,0,0,0,0,0,0,0,0,0,0,0,0,0,0,0,0,0,0,0
201704,54,019,3,5,Fayette County                ,3,3,130000,0,0,0,0,0,0,0,0,0,3,3,130000,0,0,0,0,0,0,0,0,0
201704,54,037,3,5,Jefferson County              ,20,20,5419354,0,0,0,0,0,0,0,0,0,20,20,5419354,0,0,0,0,0,0,0,0,0
201704,54,081,3,5,Raleigh County                ,3,3,778250,0,0,0,0,0,0,0,0,0,3,3,778250,0,0,0,0,0,0,0,0,0
201704,55,025,2,3,Dane County                   ,125,125,37264488,3,6,1099192,2,6,820470,5,189,24287502,53,53,17194884,0,0,0,0,0,0,0,0,0
201704,55,031,2,3,Douglas County                ,9,9,1559722,0,0,0,0,0,0,0,0,0,9,9,1559722,0,0,0,0,0,0,0,0,0
201704,55,037,2,3,Florence County               ,2,2,154000,0,0,0,0,0,0,0,0,0,2,2,154000,0,0,0,0,0,0,0,0,0
201704,55,049,2,3,Iowa County                   ,8,8,2200000,0,0,0,0,0,0,0,0,0,8,8,2200000,0,0,0,0,0,0,0,0,0
201704,55,059,2,3,Kenosha County                ,11,11,3548759,2,4,600724,0,0,0,0,0,0,10,10,3200425,2,4,600724,0,0,0,0,0,0
201704,55,079,2,3,Milwaukee County              ,8,8,3137028,0,0,0,0,0,0,1,5,657018,7,7,2913554,0,0,0,0,0,0,0,0,0
201704,55,089,2,3,Ozaukee County                ,13,13,5358484,0,0,0,0,0,0,1,6,453333,5,5,1600267,0,0,0,0,0,0,0,0,0
201704,55,093,2,3,Pierce County                 ,14,14,2235000,0,0,0,0,0,0,0,0,0,14,14,2235000,0,0,0,0,0,0,0,0,0
201704,55,109,2,3,St. Croix County              ,46,46,12154151,2,4,352000,1,3,330000,0,0,0,44,44,11770760,2,4,352000,1,3,330000,0,0,0
201704,55,131,2,3,Washington County             ,37,37,13027404,1,2,250000,1,3,371250,1,5,354167,27,27,9340622,1,2,250000,0,0,0,0,0,0
201704,56,029,4,8,Park County                   ,19,19,4903620,0,0,0,0,0,0,0,0,0,19,19,4903620,0,0,0,0,0,0,0,0,0
201704,56,039,4,8,Teton County                  ,12,12,24973585,0,0,0,0,0,0,0,0,0,10,10,23841041,0,0,0,0,0,0,0,0,0
