Survey,FIPS,FIPS,Region,Division,County,,1-unit,,,2-units,,,3-4 units,,,5+ units,,,1-unit rep,,,2-units rep,,,3-4 units rep,,, 5+units rep
Date,State,County,Code,Code,Name,Bldgs,Units,Value,Bldgs,Units,Value,Bldgs,Units,Value,Bldgs,Units,Value,Bldgs,Units,Value,Bldgs,Units,Value,Bldgs,Units,Value,Bldgs,Units,Value
 
201712,01,001,3,6,Autauga County                ,11,11,3225446,0,0,0,0,0,0,0,0,0,11,11,3225446,0,0,0,0,0,0,0,0,0
201712,01,007,3,6,Bibb County                   ,1,1,235594,0,0,0,0,0,0,0,0,0,0,0,0,0,0,0,0,0,0,0,0,0
201712,01,009,3,6,Blount County                 ,4,4,540000,0,0,0,0,0,0,0,0,0,4,4,540000,0,0,0,0,0,0,0,0,0
201712,01,021,3,6,Chilton County                ,1,1,185000,0,0,0,0,0,0,0,0,0,1,1,185000,0,0,0,0,0,0,0,0,0
201712,01,073,3,6,Jefferson County              ,84,84,22828372,0,0,0,0,0,0,1,31,4163260,67,67,19606962,0,0,0,0,0,0,0,0,0
201712,01,081,3,6,Lee County                    ,73,73,20682643,1,2,144250,0,0,0,0,0,0,35,35,9695158,0,0,0,0,0,0,0,0,0
201712,01,083,3,6,Limestone County              ,17,17,3017760,0,0,0,0,0,0,0,0,0,17,17,3017760,0,0,0,0,0,0,0,0,0
201712,01,089,3,6,Madison County                ,138,138,18396501,0,0,0,0,0,0,0,0,0,137,137,18270186,0,0,0,0,0,0,0,0,0
201712,01,113,3,6,Russell County                ,12,12,1700343,0,0,0,0,0,0,0,0,0,12,12,1700343,0,0,0,0,0,0,0,0,0
201712,01,115,3,6,St. Clair County              ,7,7,1410707,0,0,0,0,0,0,0,0,0,4,4,827383,0,0,0,0,0,0,0,0,0
201712,01,117,3,6,Shelby County                 ,60,60,15004776,0,0,0,0,0,0,1,5,767250,14,14,3459092,0,0,0,0,0,0,0,0,0
201712,01,127,3,6,Walker County                 ,1,1,500000,0,0,0,0,0,0,0,0,0,1,1,500000,0,0,0,0,0,0,0,0,0
201712,02,013,4,9,Aleutians East Borough        ,0,0,0,0,0,0,0,0,0,0,0,0,0,0,0,0,0,0,0,0,0,0,0,0
201712,02,016,4,9,Aleutians West Census Area    ,0,0,0,0,0,0,0,0,0,0,0,0,0,0,0,0,0,0,0,0,0,0,0,0
201712,02,020,4,9,Anchorage Municipality        ,65,65,20366482,0,0,0,1,4,694374,2,15,2371433,0,0,0,0,0,0,0,0,0,0,0,0
201712,02,050,4,9,Bethel Census Area            ,0,0,0,0,0,0,0,0,0,0,0,0,0,0,0,0,0,0,0,0,0,0,0,0
201712,02,060,4,9,Bristol Bay Borough           ,0,0,0,0,0,0,0,0,0,0,0,0,0,0,0,0,0,0,0,0,0,0,0,0
201712,02,070,4,9,Dillingham Census Area        ,1,1,287714,0,0,0,0,0,0,0,0,0,0,0,0,0,0,0,0,0,0,0,0,0
201712,02,090,4,9,Fairbanks North Star Borough  ,0,0,0,0,0,0,0,0,0,0,0,0,0,0,0,0,0,0,0,0,0,0,0,0
201712,02,100,4,9,Haines Borough                ,0,0,0,0,0,0,0,0,0,0,0,0,0,0,0,0,0,0,0,0,0,0,0,0
201712,02,105,4,9,Hoonah-Angoon Census Area     ,0,0,0,0,0,0,0,0,0,0,0,0,0,0,0,0,0,0,0,0,0,0,0,0
201712,02,110,4,9,Juneau City and Borough       ,1,1,261718,0,0,0,0,0,0,0,0,0,1,1,261718,0,0,0,0,0,0,0,0,0
201712,02,122,4,9,Kenai Peninsula Borough       ,4,4,958849,0,0,0,0,0,0,0,0,0,1,1,300000,0,0,0,0,0,0,0,0,0
201712,02,130,4,9,Ketchikan Gateway Borough     ,1,1,291052,1,2,301442,0,0,0,0,0,0,1,1,291052,1,2,301442,0,0,0,0,0,0
201712,02,150,4,9,Kodiak Island Borough         ,0,0,0,0,0,0,1,4,488107,0,0,0,0,0,0,0,0,0,1,4,488107,0,0,0
201712,02,158,4,9,Kusilvak Census Area          ,0,0,0,0,0,0,0,0,0,0,0,0,0,0,0,0,0,0,0,0,0,0,0,0
201712,02,170,4,9,Matanuska-Susitna Borough     ,2,2,368037,0,0,0,0,0,0,0,0,0,0,0,0,0,0,0,0,0,0,0,0,0
201712,02,180,4,9,Nome Census Area              ,0,0,0,0,0,0,0,0,0,0,0,0,0,0,0,0,0,0,0,0,0,0,0,0
201712,02,185,4,9,North Slope Borough           ,1,1,274034,0,0,0,0,0,0,0,0,0,1,1,274034,0,0,0,0,0,0,0,0,0
201712,02,188,4,9,Northwest Arctic Borough      ,0,0,0,0,0,0,0,0,0,0,0,0,0,0,0,0,0,0,0,0,0,0,0,0
201712,02,195,4,9,Petersburg Borough            ,1,1,348917,0,0,0,0,0,0,0,0,0,0,0,0,0,0,0,0,0,0,0,0,0
201712,02,198,4,9,Prince of Wales-Hyder Census A,0,0,0,0,0,0,0,0,0,0,0,0,0,0,0,0,0,0,0,0,0,0,0,0
201712,02,220,4,9,Sitka City and Borough        ,0,0,0,1,2,724270,0,0,0,0,0,0,0,0,0,0,0,0,0,0,0,0,0,0
201712,02,230,4,9,Skagway Municipality          ,0,0,0,0,0,0,0,0,0,0,0,0,0,0,0,0,0,0,0,0,0,0,0,0
201712,02,261,4,9,Valdez-Cordova Census Area    ,1,1,20000,0,0,0,0,0,0,0,0,0,1,1,20000,0,0,0,0,0,0,0,0,0
201712,02,275,4,9,Wrangell City and Borough     ,1,1,260000,0,0,0,0,0,0,0,0,0,1,1,260000,0,0,0,0,0,0,0,0,0
201712,02,282,4,9,Yakutat City and Borough      ,0,0,0,0,0,0,0,0,0,0,0,0,0,0,0,0,0,0,0,0,0,0,0,0
201712,02,290,4,9,Yukon-Koyukuk Census Area     ,0,0,0,0,0,0,0,0,0,0,0,0,0,0,0,0,0,0,0,0,0,0,0,0
201712,04,013,4,8,Maricopa County               ,1177,1177,321633477,9,18,1968060,1,3,530284,13,744,87572900,1170,1170,314180049,9,18,1968060,1,3,530284,12,739,86816678
201712,04,019,4,8,Pima County                   ,223,223,63484974,0,0,0,0,0,0,0,0,0,66,66,18086277,0,0,0,0,0,0,0,0,0
201712,04,021,4,8,Pinal County                  ,321,321,62287037,3,6,385444,0,0,0,0,0,0,304,304,56610022,3,6,385444,0,0,0,0,0,0
201712,05,013,3,7,Calhoun County                ,0,0,0,0,0,0,0,0,0,0,0,0,0,0,0,0,0,0,0,0,0,0,0,0
201712,05,035,3,7,Crittenden County             ,5,5,770000,0,0,0,0,0,0,0,0,0,5,5,770000,0,0,0,0,0,0,0,0,0
201712,05,045,3,7,Faulkner County               ,25,25,4876827,0,0,0,0,0,0,0,0,0,10,10,1440540,0,0,0,0,0,0,0,0,0
201712,05,053,3,7,Grant County                  ,1,1,152000,0,0,0,0,0,0,0,0,0,0,0,0,0,0,0,0,0,0,0,0,0
201712,05,085,3,7,Lonoke County                 ,23,23,2207425,0,0,0,0,0,0,0,0,0,1,1,92000,0,0,0,0,0,0,0,0,0
201712,05,087,3,7,Madison County                ,1,1,80000,0,0,0,0,0,0,0,0,0,1,1,80000,0,0,0,0,0,0,0,0,0
201712,05,091,3,7,Miller County                 ,3,3,447320,0,0,0,0,0,0,0,0,0,0,0,0,0,0,0,0,0,0,0,0,0
201712,05,105,3,7,Perry County                  ,0,0,0,0,0,0,0,0,0,0,0,0,0,0,0,0,0,0,0,0,0,0,0,0
201712,05,119,3,7,Pulaski County                ,54,54,10751041,0,0,0,0,0,0,6,304,18888887,37,37,8081271,0,0,0,0,0,0,6,304,18888887
201712,05,129,3,7,Searcy County                 ,0,0,0,0,0,0,0,0,0,0,0,0,0,0,0,0,0,0,0,0,0,0,0,0
201712,05,143,3,7,Washington County             ,75,75,16521671,0,0,0,0,0,0,0,0,0,64,64,15227845,0,0,0,0,0,0,0,0,0
201712,06,001,4,9,Alameda County                ,421,421,153459583,3,6,1359791,8,31,8543261,27,381,57064790,350,350,126813840,3,6,1359791,6,24,6739037,20,291,38848961
201712,06,013,4,9,Contra Costa County           ,213,213,80385743,1,2,744860,0,0,0,0,0,0,204,204,77990085,1,2,744860,0,0,0,0,0,0
201712,06,017,4,9,El Dorado County              ,44,44,15872618,0,0,0,0,0,0,0,0,0,41,41,14233161,0,0,0,0,0,0,0,0,0
201712,06,019,4,9,Fresno County                 ,232,232,59289132,2,4,583420,2,6,989644,3,79,7355111,128,128,30089144,0,0,0,0,0,0,1,60,5916409
201712,06,037,4,9,Los Angeles County            ,499,499,213829125,54,108,18467241,4,12,1115732,50,1123,185259039,460,460,196011125,53,106,18207150,2,6,671089,47,992,167463405
201712,06,041,4,9,Marin County                  ,5,5,5488075,0,0,0,0,0,0,0,0,0,3,3,2931550,0,0,0,0,0,0,0,0,0
201712,06,059,4,9,Orange County                 ,537,537,146678833,8,16,4224511,4,13,2512544,12,246,35617595,466,466,120994133,6,12,2891154,4,13,2512544,9,195,30466248
201712,06,061,4,9,Placer County                 ,118,118,40868338,0,0,0,0,0,0,0,0,0,118,118,40868338,0,0,0,0,0,0,0,0,0
201712,06,063,4,9,Plumas County                 ,2,2,266474,0,0,0,0,0,0,0,0,0,2,2,266474,0,0,0,0,0,0,0,0,0
201712,06,067,4,9,Sacramento County             ,299,299,76180732,2,4,492758,0,0,0,7,112,13305566,298,298,75944675,2,4,492758,0,0,0,7,112,13305566
201712,06,069,4,9,San Benito County             ,56,56,14195378,0,0,0,0,0,0,0,0,0,45,45,10798764,0,0,0,0,0,0,0,0,0
201712,06,071,4,9,San Bernardino County         ,182,182,44265322,0,0,0,0,0,0,10,441,27755823,159,159,38570856,0,0,0,0,0,0,9,436,27302334
201712,06,073,4,9,San Diego County              ,588,588,182087305,5,10,1872270,22,71,13704238,33,1422,201488487,577,577,180224662,5,10,1872270,22,71,13704238,33,1422,201488487
201712,06,075,4,9,San Francisco County          ,3,3,822104,0,0,0,1,3,486056,7,642,182153783,3,3,822104,0,0,0,1,3,486056,7,642,182153783
201712,06,081,4,9,San Mateo County              ,19,19,25631211,0,0,0,0,0,0,5,278,30549491,11,11,21346818,0,0,0,0,0,0,1,206,19249711
201712,06,085,4,9,Santa Clara County            ,157,157,56424595,1,2,726321,3,9,1536246,13,509,67219852,150,150,52903345,1,2,726321,3,9,1536246,13,509,67219852
201712,06,091,4,9,Sierra County                 ,0,0,0,0,0,0,0,0,0,0,0,0,0,0,0,0,0,0,0,0,0,0,0,0
201712,06,113,4,9,Yolo County                   ,11,11,3305466,0,0,0,0,0,0,0,0,0,11,11,3305466,0,0,0,0,0,0,0,0,0
201712,08,001,4,8,Adams County                  ,155,155,43442616,0,0,0,0,0,0,0,0,0,155,155,43442616,0,0,0,0,0,0,0,0,0
201712,08,005,4,8,Arapahoe County               ,224,224,60735245,0,0,0,0,0,0,0,0,0,198,198,55266011,0,0,0,0,0,0,0,0,0
201712,08,014,4,8,Broomfield County             ,44,44,13086610,0,0,0,0,0,0,3,18,2728128,44,44,13086610,0,0,0,0,0,0,3,18,2728128
201712,08,015,4,8,Chaffee County                ,7,7,1854218,0,0,0,0,0,0,0,0,0,0,0,0,0,0,0,0,0,0,0,0,0
201712,08,019,4,8,Clear Creek County            ,1,1,90120,0,0,0,0,0,0,0,0,0,1,1,90120,0,0,0,0,0,0,0,0,0
201712,08,031,4,8,Denver County                 ,256,256,70152832,0,0,0,0,0,0,1,29,5193095,256,256,70152832,0,0,0,0,0,0,1,29,5193095
201712,08,035,4,8,Douglas County                ,190,190,58932493,0,0,0,0,0,0,2,41,3364655,113,113,37115878,0,0,0,0,0,0,0,0,0
201712,08,039,4,8,Elbert County                 ,9,9,2556648,0,0,0,0,0,0,0,0,0,9,9,2556648,0,0,0,0,0,0,0,0,0
201712,08,041,4,8,El Paso County                ,295,295,106924479,0,0,0,0,0,0,1,65,9844000,295,295,106924479,0,0,0,0,0,0,1,65,9844000
201712,08,047,4,8,Gilpin County                 ,1,1,274034,0,0,0,0,0,0,0,0,0,1,1,274034,0,0,0,0,0,0,0,0,0
201712,08,069,4,8,Larimer County                ,138,138,35468094,0,0,0,2,7,1854565,1,25,1572635,138,138,35468094,0,0,0,2,7,1854565,1,25,1572635
201712,08,077,4,8,Mesa County                   ,46,46,7800324,0,0,0,0,0,0,0,0,0,46,46,7800324,0,0,0,0,0,0,0,0,0
201712,08,093,4,8,Park County                   ,10,10,2409849,0,0,0,0,0,0,0,0,0,10,10,2409849,0,0,0,0,0,0,0,0,0
201712,08,101,4,8,Pueblo County                 ,30,30,5115321,0,0,0,0,0,0,0,0,0,30,30,5115321,0,0,0,0,0,0,0,0,0
201712,08,119,4,8,Teller County                 ,10,10,3088221,0,0,0,0,0,0,0,0,0,10,10,3088221,0,0,0,0,0,0,0,0,0
201712,09,001,1,1,Fairfield County              ,59,59,38747540,2,4,880000,1,3,1337910,1,8,648429,42,42,25451420,2,4,880000,1,3,1337910,0,0,0
201712,09,003,1,1,Hartford County               ,31,31,7626456,0,0,0,0,0,0,7,88,2364117,28,28,7062040,0,0,0,0,0,0,6,82,2072000
201712,09,007,1,1,Middlesex County              ,6,6,1256989,0,0,0,0,0,0,0,0,0,3,3,707000,0,0,0,0,0,0,0,0,0
201712,09,013,1,1,Tolland County                ,7,7,1544924,0,0,0,0,0,0,3,25,2781225,0,0,0,0,0,0,0,0,0,0,0,0
201712,10,001,3,5,Kent County                   ,103,103,15515017,0,0,0,0,0,0,5,90,13090147,101,101,15225664,0,0,0,0,0,0,5,90,13090147
201712,10,003,3,5,New Castle County             ,101,101,8859269,1,2,48680,0,0,0,3,26,2413156,25,25,2650855,1,2,48680,0,0,0,0,0,0
201712,10,005,3,5,Sussex County                 ,253,253,35356723,8,16,1397673,2,8,864000,1,5,665612,253,253,35356723,8,16,1397673,2,8,864000,1,5,665612
201712,11,001,3,5,Washington  DC                ,10,10,2312459,4,8,868563,0,0,0,2,74,7971214,10,10,2312459,4,8,868563,0,0,0,2,74,7971214
201712,12,003,3,5,Baker County                  ,4,4,729384,0,0,0,0,0,0,0,0,0,4,4,729384,0,0,0,0,0,0,0,0,0
201712,12,019,3,5,Clay County                   ,64,64,12642182,0,0,0,0,0,0,0,0,0,64,64,12642182,0,0,0,0,0,0,0,0,0
201712,12,029,3,5,Dixie County                  ,2,2,252647,0,0,0,0,0,0,0,0,0,0,0,0,0,0,0,0,0,0,0,0,0
201712,12,031,3,5,Duval County                  ,287,287,67528746,2,4,434282,0,0,0,1,6,646315,280,280,65302638,2,4,434282,0,0,0,1,6,646315
201712,12,033,3,5,Escambia County               ,50,50,12972607,0,0,0,0,0,0,0,0,0,50,50,12972607,0,0,0,0,0,0,0,0,0
201712,12,053,3,5,Hernando County               ,48,48,8811363,0,0,0,0,0,0,1,9,1045874,1,1,298000,0,0,0,0,0,0,0,0,0
201712,12,057,3,5,Hillsborough County           ,379,379,129642585,0,0,0,1,4,500000,15,327,49586569,379,379,129642585,0,0,0,1,4,500000,15,327,49586569
201712,12,067,3,5,Lafayette County              ,2,2,380000,0,0,0,0,0,0,0,0,0,2,2,380000,0,0,0,0,0,0,0,0,0
201712,12,071,3,5,Lee County                    ,375,375,86020355,15,30,3832510,2,8,2213145,1,34,7250000,375,375,86020355,15,30,3832510,2,8,2213145,1,34,7250000
201712,12,073,3,5,Leon County                   ,44,44,8881849,1,2,290000,0,0,0,2,49,3624995,0,0,0,0,0,0,0,0,0,0,0,0
201712,12,081,3,5,Manatee County                ,229,229,50386184,1,2,50000,3,11,1558040,3,61,6060046,229,229,50386184,1,2,50000,3,11,1558040,3,61,6060046
201712,12,086,3,5,Miami-Dade County             ,139,139,69847450,5,10,2994375,1,4,129760,10,269,28601860,125,125,59457172,4,8,2294375,1,4,129760,10,269,28601860
201712,12,089,3,5,Nassau County                 ,81,81,22761646,0,0,0,0,0,0,1,5,1213610,16,16,3826189,0,0,0,0,0,0,0,0,0
201712,12,091,3,5,Okaloosa County               ,69,69,22506147,0,0,0,0,0,0,0,0,0,55,55,19047100,0,0,0,0,0,0,0,0,0
201712,12,095,3,5,Orange County                 ,454,454,122306606,1,2,127560,2,6,1103014,13,324,47710338,417,417,109361214,1,2,127560,2,6,1103014,11,290,44409702
201712,12,097,3,5,Osceola County                ,377,377,94498222,3,6,585814,0,0,0,4,197,22609884,377,377,94498222,3,6,585814,0,0,0,4,197,22609884
201712,12,101,3,5,Pasco County                  ,223,223,51567006,0,0,0,0,0,0,0,0,0,222,222,51472288,0,0,0,0,0,0,0,0,0
201712,12,103,3,5,Pinellas County               ,70,70,28412824,0,0,0,0,0,0,4,442,81180379,67,67,27331890,0,0,0,0,0,0,3,417,79273639
201712,12,109,3,5,St. Johns County              ,293,293,81729383,0,0,0,0,0,0,0,0,0,293,293,81729383,0,0,0,0,0,0,0,0,0
201712,12,113,3,5,Santa Rosa County             ,111,111,19433132,0,0,0,0,0,0,0,0,0,111,111,19433132,0,0,0,0,0,0,0,0,0
201712,12,115,3,5,Sarasota County               ,290,290,85544734,0,0,0,3,12,2959034,9,318,46496313,260,260,75891125,0,0,0,3,12,2959034,9,318,46496313
201712,12,117,3,5,Seminole County               ,107,107,35690969,0,0,0,0,0,0,3,105,15215680,101,101,33960979,0,0,0,0,0,0,1,48,11500000
201712,12,119,3,5,Sumter County                 ,205,205,56058365,0,0,0,0,0,0,0,0,0,205,205,56058365,0,0,0,0,0,0,0,0,0
201712,12,129,3,5,Wakulla County                ,20,20,2630000,0,0,0,0,0,0,0,0,0,20,20,2630000,0,0,0,0,0,0,0,0,0
201712,12,131,3,5,Walton County                 ,98,98,33443124,0,0,0,0,0,0,0,0,0,98,98,33443124,0,0,0,0,0,0,0,0,0
201712,12,133,3,5,Washington County             ,0,0,0,0,0,0,0,0,0,0,0,0,0,0,0,0,0,0,0,0,0,0,0,0
201712,13,007,3,5,Baker County                  ,0,0,0,0,0,0,0,0,0,0,0,0,0,0,0,0,0,0,0,0,0,0,0,0
201712,13,013,3,5,Barrow County                 ,30,30,4283013,0,0,0,0,0,0,0,0,0,0,0,0,0,0,0,0,0,0,0,0,0
201712,13,015,3,5,Bartow County                 ,34,34,4048529,0,0,0,1,4,1247540,0,0,0,33,33,3713529,0,0,0,1,4,1247540,0,0,0
201712,13,021,3,5,Bibb County                   ,7,7,1174930,0,0,0,0,0,0,0,0,0,0,0,0,0,0,0,0,0,0,0,0,0
201712,13,029,3,5,Bryan County                  ,24,24,5039556,0,0,0,0,0,0,7,68,7324899,24,24,5039556,0,0,0,0,0,0,7,68,7324899
201712,13,033,3,5,Burke County                  ,4,4,716018,0,0,0,0,0,0,0,0,0,0,0,0,0,0,0,0,0,0,0,0,0
201712,13,035,3,5,Butts County                  ,10,10,2360000,0,0,0,0,0,0,0,0,0,10,10,2360000,0,0,0,0,0,0,0,0,0
201712,13,045,3,5,Carroll County                ,16,16,3954027,0,0,0,0,0,0,0,0,0,16,16,3954027,0,0,0,0,0,0,0,0,0
201712,13,051,3,5,Chatham County                ,59,59,16442438,0,0,0,0,0,0,1,10,797078,16,16,6079275,0,0,0,0,0,0,0,0,0
201712,13,057,3,5,Cherokee County               ,164,164,44093364,0,0,0,0,0,0,0,0,0,164,164,44093364,0,0,0,0,0,0,0,0,0
201712,13,059,3,5,Clarke County                 ,5,5,1159926,0,0,0,0,0,0,0,0,0,5,5,1159926,0,0,0,0,0,0,0,0,0
201712,13,063,3,5,Clayton County                ,22,22,4955294,0,0,0,0,0,0,0,0,0,21,21,4856164,0,0,0,0,0,0,0,0,0
201712,13,067,3,5,Cobb County                   ,95,95,27730019,0,0,0,6,22,4403409,1,104,8996197,95,95,27730019,0,0,0,6,22,4403409,1,104,8996197
201712,13,073,3,5,Columbia County               ,74,74,9905095,0,0,0,0,0,0,0,0,0,74,74,9905095,0,0,0,0,0,0,0,0,0
201712,13,077,3,5,Coweta County                 ,62,62,21383993,0,0,0,0,0,0,0,0,0,60,60,20897604,0,0,0,0,0,0,0,0,0
201712,13,085,3,5,Dawson County                 ,8,8,2285000,0,0,0,0,0,0,0,0,0,8,8,2285000,0,0,0,0,0,0,0,0,0
201712,13,095,3,5,Dougherty County              ,2,2,296470,0,0,0,0,0,0,1,5,503634,0,0,0,0,0,0,0,0,0,0,0,0
201712,13,097,3,5,Douglas County                ,30,30,4241715,0,0,0,0,0,0,0,0,0,30,30,4241715,0,0,0,0,0,0,0,0,0
201712,13,111,3,5,Fannin County                 ,21,21,4078748,0,0,0,0,0,0,0,0,0,21,21,4078748,0,0,0,0,0,0,0,0,0
201712,13,113,3,5,Fayette County                ,35,35,10812929,0,0,0,0,0,0,0,0,0,35,35,10812929,0,0,0,0,0,0,0,0,0
201712,13,115,3,5,Floyd County                  ,9,9,1369300,0,0,0,0,0,0,0,0,0,9,9,1369300,0,0,0,0,0,0,0,0,0
201712,13,117,3,5,Forsyth County                ,168,168,22684660,0,0,0,0,0,0,0,0,0,168,168,22684660,0,0,0,0,0,0,0,0,0
201712,13,121,3,5,Fulton County                 ,291,291,79518986,0,0,0,1,4,555810,2,18,2456760,244,244,69231425,0,0,0,1,4,555810,2,18,2456760
201712,13,127,3,5,Glynn County                  ,37,37,11169856,0,0,0,0,0,0,0,0,0,0,0,0,0,0,0,0,0,0,0,0,0
201712,13,135,3,5,Gwinnett County               ,153,153,35678213,0,0,0,0,0,0,0,0,0,146,146,33662966,0,0,0,0,0,0,0,0,0
201712,13,143,3,5,Haralson County               ,4,4,914488,0,0,0,0,0,0,0,0,0,1,1,231246,0,0,0,0,0,0,0,0,0
201712,13,145,3,5,Harris County                 ,12,12,2966977,0,0,0,0,0,0,0,0,0,12,12,2966977,0,0,0,0,0,0,0,0,0
201712,13,149,3,5,Heard County                  ,0,0,0,0,0,0,0,0,0,0,0,0,0,0,0,0,0,0,0,0,0,0,0,0
201712,13,151,3,5,Henry County                  ,107,107,21821210,0,0,0,0,0,0,0,0,0,84,84,18694492,0,0,0,0,0,0,0,0,0
201712,13,159,3,5,Jasper County                 ,5,5,669870,0,0,0,0,0,0,0,0,0,0,0,0,0,0,0,0,0,0,0,0,0
201712,13,171,3,5,Lamar County                  ,1,1,393680,0,0,0,0,0,0,0,0,0,1,1,393680,0,0,0,0,0,0,0,0,0
201712,13,177,3,5,Lee County                    ,9,9,1113858,0,0,0,0,0,0,0,0,0,0,0,0,0,0,0,0,0,0,0,0,0
201712,13,179,3,5,Liberty County                ,21,21,4817669,0,0,0,0,0,0,0,0,0,11,11,2955057,0,0,0,0,0,0,0,0,0
201712,13,189,3,5,McDuffie County               ,6,6,1005000,0,0,0,0,0,0,0,0,0,6,6,1005000,0,0,0,0,0,0,0,0,0
201712,13,199,3,5,Meriwether County             ,5,5,1156230,0,0,0,0,0,0,0,0,0,5,5,1156230,0,0,0,0,0,0,0,0,0
201712,13,201,3,5,Miller County                 ,2,2,616000,0,0,0,0,0,0,0,0,0,2,2,616000,0,0,0,0,0,0,0,0,0
201712,13,207,3,5,Monroe County                 ,8,8,1775236,0,0,0,0,0,0,0,0,0,0,0,0,0,0,0,0,0,0,0,0,0
201712,13,215,3,5,Muscogee County               ,20,20,3837238,0,0,0,1,4,246186,1,6,1493687,0,0,0,0,0,0,0,0,0,0,0,0
201712,13,217,3,5,Newton County                 ,36,36,8237361,0,0,0,0,0,0,1,11,1511000,36,36,8237361,0,0,0,0,0,0,1,11,1511000
201712,13,227,3,5,Pickens County                ,11,11,2789000,0,0,0,0,0,0,0,0,0,11,11,2789000,0,0,0,0,0,0,0,0,0
201712,13,231,3,5,Pike County                   ,6,6,1052800,0,0,0,0,0,0,0,0,0,0,0,0,0,0,0,0,0,0,0,0,0
201712,13,235,3,5,Pulaski County                ,0,0,0,0,0,0,0,0,0,0,0,0,0,0,0,0,0,0,0,0,0,0,0,0
201712,13,245,3,5,Richmond County               ,25,25,3872420,0,0,0,0,0,0,1,16,1071310,1,1,200000,0,0,0,0,0,0,0,0,0
201712,13,247,3,5,Rockdale County               ,7,7,1618721,0,0,0,0,0,0,0,0,0,7,7,1618721,0,0,0,0,0,0,0,0,0
201712,13,255,3,5,Spalding County               ,13,13,1511355,0,0,0,0,0,0,0,0,0,13,13,1511355,0,0,0,0,0,0,0,0,0
201712,13,275,3,5,Thomas County                 ,8,8,1427735,1,2,253300,0,0,0,0,0,0,8,8,1427735,1,2,253300,0,0,0,0,0,0
201712,13,291,3,5,Union County                  ,8,8,2484207,0,0,0,0,0,0,0,0,0,8,8,2484207,0,0,0,0,0,0,0,0,0
201712,15,001,4,9,Hawaii County                 ,45,45,15466685,1,2,325000,0,0,0,0,0,0,45,45,15466685,1,2,325000,0,0,0,0,0,0
201712,15,003,4,9,Honolulu County               ,53,53,18974774,0,0,0,0,0,0,2,138,19500000,53,53,18974774,0,0,0,0,0,0,2,138,19500000
201712,15,007,4,9,Kauai County                  ,17,17,6496897,0,0,0,0,0,0,0,0,0,17,17,6496897,0,0,0,0,0,0,0,0,0
201712,15,009,4,9,Maui County                   ,22,22,5234116,0,0,0,1,4,947619,4,32,4942022,22,22,5234116,0,0,0,1,4,947619,4,32,4942022
201712,16,001,4,8,Ada County                    ,416,416,72058370,0,0,0,0,0,0,1,12,925000,416,416,72058370,0,0,0,0,0,0,1,12,925000
201712,16,015,4,8,Boise County                  ,0,0,0,0,0,0,0,0,0,0,0,0,0,0,0,0,0,0,0,0,0,0,0,0
201712,16,027,4,8,Canyon County                 ,95,95,17582487,0,0,0,0,0,0,0,0,0,95,95,17582487,0,0,0,0,0,0,0,0,0
201712,16,045,4,8,Gem County                    ,3,3,433001,0,0,0,0,0,0,1,5,298436,1,1,196461,0,0,0,0,0,0,0,0,0
201712,16,073,4,8,Owyhee County                 ,1,1,158983,0,0,0,0,0,0,0,0,0,0,0,0,0,0,0,0,0,0,0,0,0
201712,17,005,2,3,Bond County                   ,1,1,176208,0,0,0,0,0,0,0,0,0,0,0,0,0,0,0,0,0,0,0,0,0
201712,17,013,2,3,Calhoun County                ,1,1,245000,0,0,0,0,0,0,0,0,0,1,1,245000,0,0,0,0,0,0,0,0,0
201712,17,031,2,3,Cook County                   ,117,117,41163518,0,0,0,16,50,11308852,19,985,100618789,91,91,33730128,0,0,0,16,50,11308852,19,985,100618789
201712,17,037,2,3,DeKalb County                 ,4,4,994000,0,0,0,0,0,0,0,0,0,4,4,994000,0,0,0,0,0,0,0,0,0
201712,17,039,2,3,De Witt County                ,1,1,210000,0,0,0,0,0,0,0,0,0,1,1,210000,0,0,0,0,0,0,0,0,0
201712,17,043,2,3,DuPage County                 ,61,61,23818737,3,6,1058810,1,3,480741,1,22,521833,59,59,22485901,3,6,1058810,1,3,480741,0,0,0
201712,17,063,2,3,Grundy County                 ,5,5,972700,0,0,0,0,0,0,1,11,564102,4,4,812151,0,0,0,0,0,0,0,0,0
201712,17,083,2,3,Jersey County                 ,2,2,264975,0,0,0,0,0,0,0,0,0,1,1,109366,0,0,0,0,0,0,0,0,0
201712,17,093,2,3,Kendall County                ,14,14,2571105,0,0,0,0,0,0,2,12,660000,11,11,1886572,0,0,0,0,0,0,2,12,660000
201712,17,097,2,3,Lake County                   ,36,36,12993759,0,0,0,0,0,0,2,15,3844693,27,27,8674328,0,0,0,0,0,0,0,0,0
201712,17,111,2,3,McHenry County                ,12,12,2461690,0,0,0,0,0,0,1,25,7000000,9,9,2189000,0,0,0,0,0,0,1,25,7000000
201712,17,119,2,3,Madison County                ,21,21,4990386,0,0,0,0,0,0,0,0,0,15,15,3589156,0,0,0,0,0,0,0,0,0
201712,17,133,2,3,Monroe County                 ,6,6,1642113,0,0,0,0,0,0,3,50,4320000,6,6,1642113,0,0,0,0,0,0,3,50,4320000
201712,17,197,2,3,Will County                   ,62,62,17072662,0,0,0,0,0,0,1,5,1015625,54,54,15289570,0,0,0,0,0,0,0,0,0
201712,18,003,2,3,Allen County                  ,52,52,13452619,0,0,0,0,0,0,0,0,0,52,52,13452619,0,0,0,0,0,0,0,0,0
201712,18,011,2,3,Boone County                  ,30,30,8579937,0,0,0,0,0,0,0,0,0,30,30,8579937,0,0,0,0,0,0,0,0,0
201712,18,013,2,3,Brown County                  ,4,4,1034817,0,0,0,0,0,0,0,0,0,4,4,1034817,0,0,0,0,0,0,0,0,0
201712,18,019,2,3,Clark County                  ,32,32,5773477,0,0,0,0,0,0,0,0,0,30,30,5493539,0,0,0,0,0,0,0,0,0
201712,18,047,2,3,Franklin County               ,2,2,382000,0,0,0,0,0,0,0,0,0,2,2,382000,0,0,0,0,0,0,0,0,0
201712,18,057,2,3,Hamilton County               ,154,154,62658608,0,0,0,0,0,0,0,0,0,152,152,62063296,0,0,0,0,0,0,0,0,0
201712,18,059,2,3,Hancock County                ,28,28,6809497,0,0,0,0,0,0,2,54,6238000,28,28,6809497,0,0,0,0,0,0,2,54,6238000
201712,18,061,2,3,Harrison County               ,4,4,955000,0,0,0,0,0,0,0,0,0,4,4,955000,0,0,0,0,0,0,0,0,0
201712,18,063,2,3,Hendricks County              ,56,56,13799179,0,0,0,0,0,0,0,0,0,44,44,11491762,0,0,0,0,0,0,0,0,0
201712,18,069,2,3,Huntington County             ,8,8,2117831,0,0,0,0,0,0,0,0,0,8,8,2117831,0,0,0,0,0,0,0,0,0
201712,18,073,2,3,Jasper County                 ,3,3,687408,0,0,0,0,0,0,0,0,0,3,3,687408,0,0,0,0,0,0,0,0,0
201712,18,081,2,3,Johnson County                ,50,50,12086122,1,2,575000,0,0,0,0,0,0,48,48,11854984,1,2,575000,0,0,0,0,0,0
201712,18,087,2,3,Lagrange County               ,7,7,2031000,0,0,0,0,0,0,0,0,0,7,7,2031000,0,0,0,0,0,0,0,0,0
201712,18,089,2,3,Lake County                   ,73,73,17263502,0,0,0,0,0,0,0,0,0,72,72,16764401,0,0,0,0,0,0,0,0,0
201712,18,097,2,3,Marion County                 ,63,63,16171252,3,6,790900,0,0,0,1,99,16500000,63,63,16171252,3,6,790900,0,0,0,1,99,16500000
201712,18,105,2,3,Monroe County                 ,18,18,4656676,1,2,242296,0,0,0,1,9,1044674,18,18,4656676,1,2,242296,0,0,0,1,9,1044674
201712,18,109,2,3,Morgan County                 ,8,8,1725825,0,0,0,0,0,0,0,0,0,8,8,1725825,0,0,0,0,0,0,0,0,0
201712,18,111,2,3,Newton County                 ,1,1,210840,0,0,0,0,0,0,0,0,0,0,0,0,0,0,0,0,0,0,0,0,0
201712,18,115,2,3,Ohio County                   ,2,2,275000,0,0,0,0,0,0,0,0,0,2,2,275000,0,0,0,0,0,0,0,0,0
201712,18,119,2,3,Owen County                   ,1,1,258704,0,0,0,0,0,0,0,0,0,1,1,258704,0,0,0,0,0,0,0,0,0
201712,18,127,2,3,Porter County                 ,54,54,13779266,1,2,200000,0,0,0,0,0,0,48,48,12760855,1,2,200000,0,0,0,0,0,0
201712,18,133,2,3,Putnam County                 ,8,8,1833521,0,0,0,0,0,0,0,0,0,8,8,1833521,0,0,0,0,0,0,0,0,0
201712,18,145,2,3,Shelby County                 ,8,8,1674812,0,0,0,0,0,0,0,0,0,8,8,1674812,0,0,0,0,0,0,0,0,0
201712,18,151,2,3,Steuben County                ,11,11,3113619,0,0,0,0,0,0,0,0,0,11,11,3113619,0,0,0,0,0,0,0,0,0
201712,18,157,2,3,Tippecanoe County             ,25,25,5928998,0,0,0,0,0,0,0,0,0,21,21,5432788,0,0,0,0,0,0,0,0,0
201712,18,163,2,3,Vanderburgh County            ,21,21,3391999,1,2,83333,0,0,0,1,7,85135,0,0,0,0,0,0,0,0,0,0,0,0
201712,18,167,2,3,Vigo County                   ,1,1,133280,1,2,172727,0,0,0,1,26,1640708,0,0,0,0,0,0,0,0,0,0,0,0
201712,18,175,2,3,Washington County             ,2,2,329743,0,0,0,0,0,0,0,0,0,0,0,0,0,0,0,0,0,0,0,0,0
201712,18,183,2,3,Whitley County                ,6,6,1452450,0,0,0,0,0,0,0,0,0,6,6,1452450,0,0,0,0,0,0,0,0,0
201712,19,049,2,4,Dallas County                 ,30,30,7541548,0,0,0,0,0,0,0,0,0,29,29,7280144,0,0,0,0,0,0,0,0,0
201712,19,085,2,4,Harrison County               ,2,2,545000,0,0,0,0,0,0,0,0,0,2,2,545000,0,0,0,0,0,0,0,0,0
201712,19,129,2,4,Mills County                  ,1,1,200000,0,0,0,0,0,0,0,0,0,0,0,0,0,0,0,0,0,0,0,0,0
201712,19,153,2,4,Polk County                   ,120,120,31490523,0,0,0,0,0,0,17,524,53907821,120,120,31490523,0,0,0,0,0,0,17,524,53907821
201712,19,181,2,4,Warren County                 ,10,10,3044268,0,0,0,0,0,0,0,0,0,9,9,2805441,0,0,0,0,0,0,0,0,0
201712,20,091,2,4,Johnson County                ,201,201,65069218,0,0,0,2,6,1350000,6,309,27211912,188,188,61178564,0,0,0,2,6,1350000,5,286,24000000
201712,20,103,2,4,Leavenworth County            ,35,35,7807953,0,0,0,0,0,0,0,0,0,35,35,7807953,0,0,0,0,0,0,0,0,0
201712,20,107,2,4,Linn County                   ,4,4,614695,0,0,0,0,0,0,0,0,0,3,3,504240,0,0,0,0,0,0,0,0,0
201712,20,121,2,4,Miami County                  ,7,7,1804348,0,0,0,0,0,0,0,0,0,3,3,544000,0,0,0,0,0,0,0,0,0
201712,20,209,2,4,Wyandotte County              ,2,2,35300,0,0,0,0,0,0,0,0,0,2,2,35300,0,0,0,0,0,0,0,0,0
201712,21,005,3,6,Anderson County               ,0,0,0,0,0,0,0,0,0,0,0,0,0,0,0,0,0,0,0,0,0,0,0,0
201712,21,015,3,6,Boone County                  ,26,26,4940183,0,0,0,0,0,0,3,30,1997700,26,26,4940183,0,0,0,0,0,0,3,30,1997700
201712,21,017,3,6,Bourbon County                ,3,3,1170331,0,0,0,0,0,0,0,0,0,3,3,1170331,0,0,0,0,0,0,0,0,0
201712,21,021,3,6,Boyle County                  ,4,4,924984,0,0,0,0,0,0,0,0,0,4,4,924984,0,0,0,0,0,0,0,0,0
201712,21,029,3,6,Bullitt County                ,20,20,4271719,0,0,0,3,10,1436627,0,0,0,20,20,4271719,0,0,0,3,10,1436627,0,0,0
201712,21,035,3,6,Calloway County               ,0,0,0,0,0,0,0,0,0,0,0,0,0,0,0,0,0,0,0,0,0,0,0,0
201712,21,037,3,6,Campbell County               ,13,13,3006166,0,0,0,0,0,0,0,0,0,13,13,3006166,0,0,0,0,0,0,0,0,0
201712,21,045,3,6,Casey County                  ,0,0,0,0,0,0,0,0,0,0,0,0,0,0,0,0,0,0,0,0,0,0,0,0
201712,21,047,3,6,Christian County              ,3,3,240400,0,0,0,0,0,0,0,0,0,1,1,98000,0,0,0,0,0,0,0,0,0
201712,21,049,3,6,Clark County                  ,1,1,163000,0,0,0,0,0,0,0,0,0,1,1,163000,0,0,0,0,0,0,0,0,0
201712,21,067,3,6,Fayette County                ,51,51,8384291,0,0,0,0,0,0,2,40,3130648,0,0,0,0,0,0,0,0,0,0,0,0
201712,21,069,3,6,Fleming County                ,0,0,0,0,0,0,0,0,0,0,0,0,0,0,0,0,0,0,0,0,0,0,0,0
201712,21,077,3,6,Gallatin County               ,2,2,301050,0,0,0,0,0,0,0,0,0,2,2,301050,0,0,0,0,0,0,0,0,0
201712,21,081,3,6,Grant County                  ,2,2,360996,0,0,0,0,0,0,0,0,0,0,0,0,0,0,0,0,0,0,0,0,0
201712,21,091,3,6,Hancock County                ,0,0,0,0,0,0,0,0,0,0,0,0,0,0,0,0,0,0,0,0,0,0,0,0
201712,21,099,3,6,Hart County                   ,4,4,389000,0,0,0,0,0,0,1,5,567738,0,0,0,0,0,0,0,0,0,0,0,0
201712,21,101,3,6,Henderson County              ,2,2,643000,0,0,0,0,0,0,0,0,0,2,2,643000,0,0,0,0,0,0,0,0,0
201712,21,103,3,6,Henry County                  ,1,1,250000,0,0,0,0,0,0,0,0,0,1,1,250000,0,0,0,0,0,0,0,0,0
201712,21,111,3,6,Jefferson County              ,79,79,21433006,0,0,0,0,0,0,1,7,937500,79,79,21433006,0,0,0,0,0,0,1,7,937500
201712,21,113,3,6,Jessamine County              ,13,13,4646400,0,0,0,0,0,0,0,0,0,13,13,4646400,0,0,0,0,0,0,0,0,0
201712,21,115,3,6,Johnson County                ,0,0,0,0,0,0,0,0,0,0,0,0,0,0,0,0,0,0,0,0,0,0,0,0
201712,21,117,3,6,Kenton County                 ,16,16,3346337,0,0,0,0,0,0,0,0,0,16,16,3346337,0,0,0,0,0,0,0,0,0
201712,21,121,3,6,Knox County                   ,0,0,0,0,0,0,0,0,0,0,0,0,0,0,0,0,0,0,0,0,0,0,0,0
201712,21,123,3,6,Larue County                  ,1,1,231246,0,0,0,0,0,0,0,0,0,1,1,231246,0,0,0,0,0,0,0,0,0
201712,21,137,3,6,Lincoln County                ,2,2,404521,0,0,0,0,0,0,0,0,0,0,0,0,0,0,0,0,0,0,0,0,0
201712,21,145,3,6,McCracken County              ,8,8,2604196,0,0,0,0,0,0,0,0,0,8,8,2604196,0,0,0,0,0,0,0,0,0
201712,21,151,3,6,Madison County                ,14,14,1315652,1,2,112996,0,0,0,1,5,168572,4,4,450000,0,0,0,0,0,0,0,0,0
201712,21,157,3,6,Marshall County               ,6,6,1003746,0,0,0,1,4,250000,0,0,0,6,6,1003746,0,0,0,1,4,250000,0,0,0
201712,21,161,3,6,Mason County                  ,1,1,275000,0,0,0,0,0,0,0,0,0,1,1,275000,0,0,0,0,0,0,0,0,0
201712,21,163,3,6,Meade County                  ,2,2,400000,0,0,0,0,0,0,0,0,0,2,2,400000,0,0,0,0,0,0,0,0,0
201712,21,167,3,6,Mercer County                 ,4,4,747000,0,0,0,0,0,0,0,0,0,4,4,747000,0,0,0,0,0,0,0,0,0
201712,21,175,3,6,Morgan County                 ,2,2,150000,0,0,0,0,0,0,0,0,0,0,0,0,0,0,0,0,0,0,0,0,0
201712,21,179,3,6,Nelson County                 ,12,12,2310000,0,0,0,0,0,0,0,0,0,12,12,2310000,0,0,0,0,0,0,0,0,0
201712,21,185,3,6,Oldham County                 ,24,24,7502451,1,2,98833,0,0,0,0,0,0,0,0,0,0,0,0,0,0,0,0,0,0
201712,21,191,3,6,Pendleton County              ,0,0,0,0,0,0,0,0,0,0,0,0,0,0,0,0,0,0,0,0,0,0,0,0
201712,21,209,3,6,Scott County                  ,6,6,874000,1,2,190000,0,0,0,0,0,0,6,6,874000,1,2,190000,0,0,0,0,0,0
201712,21,211,3,6,Shelby County                 ,19,19,6038666,0,0,0,0,0,0,0,0,0,19,19,6038666,0,0,0,0,0,0,0,0,0
201712,21,213,3,6,Simpson County                ,6,6,757532,0,0,0,0,0,0,1,5,372381,0,0,0,0,0,0,0,0,0,0,0,0
201712,21,215,3,6,Spencer County                ,14,14,3237443,0,0,0,0,0,0,0,0,0,14,14,3237443,0,0,0,0,0,0,0,0,0
201712,21,221,3,6,Trigg County                  ,0,0,0,0,0,0,0,0,0,0,0,0,0,0,0,0,0,0,0,0,0,0,0,0
201712,21,225,3,6,Union County                  ,1,1,209366,0,0,0,0,0,0,0,0,0,0,0,0,0,0,0,0,0,0,0,0,0
201712,21,239,3,6,Woodford County               ,0,0,0,0,0,0,0,0,0,0,0,0,0,0,0,0,0,0,0,0,0,0,0,0
201712,22,005,3,7,Ascension Parish              ,64,64,10394257,0,0,0,0,0,0,0,0,0,0,0,0,0,0,0,0,0,0,0,0,0
201712,22,015,3,7,Bossier Parish                ,34,34,6272449,0,0,0,0,0,0,0,0,0,34,34,6272449,0,0,0,0,0,0,0,0,0
201712,22,017,3,7,Caddo Parish                  ,20,20,5237723,0,0,0,0,0,0,0,0,0,0,0,0,0,0,0,0,0,0,0,0,0
201712,22,031,3,7,De Soto Parish                ,8,8,1584583,0,0,0,0,0,0,0,0,0,8,8,1584583,0,0,0,0,0,0,0,0,0
201712,22,033,3,7,East Baton Rouge Parish       ,61,61,15599331,7,14,1703989,0,0,0,0,0,0,61,61,15599331,7,14,1703989,0,0,0,0,0,0
201712,22,037,3,7,East Feliciana Parish         ,5,5,971130,0,0,0,0,0,0,0,0,0,5,5,971130,0,0,0,0,0,0,0,0,0
201712,22,047,3,7,Iberville Parish              ,6,6,1287332,0,0,0,0,0,0,0,0,0,0,0,0,0,0,0,0,0,0,0,0,0
201712,22,051,3,7,Jefferson Parish              ,32,32,7110281,0,0,0,0,0,0,1,8,804718,2,2,390000,0,0,0,0,0,0,0,0,0
201712,22,055,3,7,Lafayette Parish              ,78,78,14467979,0,0,0,0,0,0,0,0,0,69,69,13462817,0,0,0,0,0,0,0,0,0
201712,22,063,3,7,Livingston Parish             ,58,58,13547022,0,0,0,1,3,232174,0,0,0,5,5,1488000,0,0,0,0,0,0,0,0,0
201712,22,071,3,7,Orleans Parish                ,22,22,4771591,3,6,727878,0,0,0,1,12,2953699,0,0,0,0,0,0,0,0,0,0,0,0
201712,22,075,3,7,Plaquemines Parish            ,3,3,552770,0,0,0,0,0,0,0,0,0,3,3,552770,0,0,0,0,0,0,0,0,0
201712,22,077,3,7,Pointe Coupee Parish          ,5,5,1557560,0,0,0,0,0,0,0,0,0,5,5,1557560,0,0,0,0,0,0,0,0,0
201712,22,087,3,7,St. Bernard Parish            ,10,10,1894000,0,0,0,0,0,0,0,0,0,10,10,1894000,0,0,0,0,0,0,0,0,0
201712,22,089,3,7,St. Charles Parish            ,7,7,1631000,0,0,0,0,0,0,0,0,0,7,7,1631000,0,0,0,0,0,0,0,0,0
201712,22,091,3,7,St. Helena Parish             ,0,0,0,0,0,0,0,0,0,0,0,0,0,0,0,0,0,0,0,0,0,0,0,0
201712,22,095,3,7,St. John the Baptist Parish   ,3,3,479289,0,0,0,0,0,0,0,0,0,0,0,0,0,0,0,0,0,0,0,0,0
201712,22,099,3,7,St. Martin Parish             ,12,12,2238946,0,0,0,0,0,0,0,0,0,12,12,2238946,0,0,0,0,0,0,0,0,0
201712,22,103,3,7,St. Tammany Parish            ,92,92,21690813,0,0,0,0,0,0,0,0,0,88,88,20411838,0,0,0,0,0,0,0,0,0
201712,22,109,3,7,Terrebonne Parish             ,10,10,944855,0,0,0,0,0,0,0,0,0,10,10,944855,0,0,0,0,0,0,0,0,0
201712,22,121,3,7,West Baton Rouge Parish       ,10,10,1499807,0,0,0,0,0,0,0,0,0,9,9,1408745,0,0,0,0,0,0,0,0,0
201712,22,125,3,7,West Feliciana Parish         ,2,2,813121,0,0,0,0,0,0,0,0,0,0,0,0,0,0,0,0,0,0,0,0,0
201712,23,000,1,1,Maine Unorganized Territory   ,2,2,265600,0,0,0,0,0,0,0,0,0,0,0,0,0,0,0,0,0,0,0,0,0
201712,24,003,3,5,Anne Arundel County           ,157,157,25764880,0,0,0,0,0,0,0,0,0,157,157,25764880,0,0,0,0,0,0,0,0,0
201712,24,005,3,5,Baltimore County              ,66,66,15866000,0,0,0,0,0,0,0,0,0,66,66,15866000,0,0,0,0,0,0,0,0,0
201712,24,009,3,5,Calvert County                ,5,5,1156230,0,0,0,0,0,0,0,0,0,5,5,1156230,0,0,0,0,0,0,0,0,0
201712,24,013,3,5,Carroll County                ,21,21,6072843,0,0,0,0,0,0,0,0,0,21,21,6072843,0,0,0,0,0,0,0,0,0
201712,24,015,3,5,Cecil County                  ,7,7,1502045,0,0,0,0,0,0,0,0,0,7,7,1502045,0,0,0,0,0,0,0,0,0
201712,24,017,3,5,Charles County                ,33,33,7569237,0,0,0,0,0,0,0,0,0,30,30,7101000,0,0,0,0,0,0,0,0,0
201712,24,021,3,5,Frederick County              ,85,85,22666912,0,0,0,0,0,0,1,18,2700000,85,85,22666912,0,0,0,0,0,0,1,18,2700000
201712,24,023,3,5,Garrett County                ,2,2,890000,0,0,0,0,0,0,0,0,0,2,2,890000,0,0,0,0,0,0,0,0,0
201712,24,025,3,5,Harford County                ,73,73,18409926,0,0,0,0,0,0,1,11,902344,69,69,16867946,0,0,0,0,0,0,0,0,0
201712,24,027,3,5,Howard County                 ,46,46,12675952,0,0,0,0,0,0,0,0,0,46,46,12675952,0,0,0,0,0,0,0,0,0
201712,24,031,3,5,Montgomery County             ,36,36,8324853,0,0,0,0,0,0,0,0,0,36,36,8324853,0,0,0,0,0,0,0,0,0
201712,24,033,3,5,Prince George County          ,84,84,19467687,0,0,0,0,0,0,0,0,0,83,83,19193410,0,0,0,0,0,0,0,0,0
201712,24,035,3,5,Queen Anne County             ,10,10,2415000,0,0,0,0,0,0,0,0,0,10,10,2415000,0,0,0,0,0,0,0,0,0
201712,24,037,3,5,St. Marys County              ,86,86,15402407,0,0,0,0,0,0,0,0,0,86,86,15402407,0,0,0,0,0,0,0,0,0
201712,24,039,3,5,Somerset County               ,1,1,172918,0,0,0,0,0,0,0,0,0,0,0,0,0,0,0,0,0,0,0,0,0
201712,24,045,3,5,Wicomico County               ,9,9,1500279,0,0,0,0,0,0,0,0,0,9,9,1500279,0,0,0,0,0,0,0,0,0
201712,24,510,3,5,Baltimore (Independent City)  ,6,6,3750000,0,0,0,0,0,0,0,0,0,6,6,3750000,0,0,0,0,0,0,0,0,0
201712,25,005,1,1,Bristol County                ,67,67,14153806,2,4,604000,1,3,160000,1,11,1313837,45,45,9747451,2,4,604000,0,0,0,0,0,0
201712,25,009,1,1,Essex County                  ,52,52,15548426,3,6,1060840,0,0,0,3,33,5075509,26,26,8135820,0,0,0,0,0,0,0,0,0
201712,25,017,1,1,Middlesex County              ,129,129,41739914,5,10,1495000,1,4,170000,8,440,86023645,93,93,32550233,4,8,1270000,1,4,170000,3,362,75627216
201712,25,021,1,1,Norfolk County                ,43,43,20169565,1,2,346000,0,0,0,5,74,6602471,32,32,16354590,1,2,346000,0,0,0,2,46,4166666
201712,25,023,1,1,Plymouth County               ,126,126,26240067,0,0,0,4,14,1869000,2,24,2592303,105,105,22160921,0,0,0,4,14,1869000,1,14,1800000
201712,25,025,1,1,Suffolk County                ,1,1,177500,2,4,744763,6,18,3400000,5,1061,140135842,0,0,0,1,2,538560,6,18,3400000,4,1055,138748754
201712,26,000,2,3,Michigan Balance of State     ,3,3,561707,0,0,0,0,0,0,0,0,0,0,0,0,0,0,0,0,0,0,0,0,0
201712,26,019,2,3,Benzie County                 ,2,2,458495,0,0,0,0,0,0,0,0,0,2,2,458495,0,0,0,0,0,0,0,0,0
201712,26,029,2,3,Charlevoix County             ,4,4,814654,0,0,0,0,0,0,0,0,0,0,0,0,0,0,0,0,0,0,0,0,0
201712,26,089,2,3,Leelanau County               ,10,10,2124320,0,0,0,0,0,0,0,0,0,10,10,2124320,0,0,0,0,0,0,0,0,0
201712,26,093,2,3,Livingston County             ,32,32,9004598,0,0,0,0,0,0,9,72,7338536,31,31,8902526,0,0,0,0,0,0,9,72,7338536
201712,26,095,2,3,Luce County                   ,0,0,0,0,0,0,0,0,0,0,0,0,0,0,0,0,0,0,0,0,0,0,0,0
201712,26,099,2,3,Macomb County                 ,84,84,22279334,2,4,436190,0,0,0,0,0,0,82,82,21875310,0,0,0,0,0,0,0,0,0
201712,26,103,2,3,Marquette County              ,0,0,0,0,0,0,0,0,0,1,9,1031417,0,0,0,0,0,0,0,0,0,1,9,1031417
201712,26,137,2,3,Otsego County                 ,1,1,81000,0,0,0,0,0,0,0,0,0,0,0,0,0,0,0,0,0,0,0,0,0
201712,26,147,2,3,St. Clair County              ,13,13,2827941,0,0,0,0,0,0,0,0,0,11,11,2468112,0,0,0,0,0,0,0,0,0
201712,26,163,2,3,Wayne County                  ,81,81,21698097,0,0,0,4,14,2565842,2,113,7297990,78,78,21142419,0,0,0,4,14,2565842,2,113,7297990
201712,27,003,2,4,Anoka County                  ,47,47,13864248,0,0,0,0,0,0,2,148,23000000,46,46,13605035,0,0,0,0,0,0,2,148,23000000
201712,27,019,2,4,Carver County                 ,49,49,13295250,0,0,0,0,0,0,0,0,0,49,49,13295250,0,0,0,0,0,0,0,0,0
201712,27,025,2,4,Chisago County                ,5,5,829764,0,0,0,0,0,0,0,0,0,2,2,384944,0,0,0,0,0,0,0,0,0
201712,27,027,2,4,Clay County                   ,3,3,827000,0,0,0,0,0,0,0,0,0,2,2,550000,0,0,0,0,0,0,0,0,0
201712,27,037,2,4,Dakota County                 ,79,79,22543211,0,0,0,2,8,1576000,1,120,14500000,66,66,18571502,0,0,0,2,8,1576000,1,120,14500000
201712,27,053,2,4,Hennepin County               ,146,146,56856943,1,2,192674,1,4,689940,5,368,63258395,139,139,52670964,1,2,192674,1,4,689940,3,341,58400415
201712,27,059,2,4,Isanti County                 ,13,13,1965544,0,0,0,0,0,0,0,0,0,9,9,1304478,0,0,0,0,0,0,0,0,0
201712,27,123,2,4,Ramsey County                 ,5,5,1705903,0,0,0,0,0,0,0,0,0,5,5,1705903,0,0,0,0,0,0,0,0,0
201712,27,139,2,4,Scott County                  ,34,34,12340847,0,0,0,0,0,0,0,0,0,26,26,9702588,0,0,0,0,0,0,0,0,0
201712,27,141,2,4,Sherburne County              ,11,11,2494487,0,0,0,0,0,0,0,0,0,11,11,2494487,0,0,0,0,0,0,0,0,0
201712,27,163,2,4,Washington County             ,85,85,24923768,0,0,0,1,4,684417,1,5,625000,75,75,21406104,0,0,0,1,4,684417,0,0,0
201712,27,171,2,4,Wright County                 ,51,51,12893854,0,0,0,0,0,0,0,0,0,46,46,11837764,0,0,0,0,0,0,0,0,0
201712,28,033,3,6,DeSoto County                 ,99,99,17021322,0,0,0,0,0,0,0,0,0,96,96,16785532,0,0,0,0,0,0,0,0,0
201712,28,041,3,6,Greene County                 ,0,0,0,0,0,0,0,0,0,0,0,0,0,0,0,0,0,0,0,0,0,0,0,0
201712,28,045,3,6,Hancock County                ,30,30,5078704,1,2,185179,0,0,0,1,6,507976,9,9,1865270,0,0,0,0,0,0,0,0,0
201712,28,047,3,6,Harrison County               ,80,80,13601095,0,0,0,0,0,0,0,0,0,72,72,12692287,0,0,0,0,0,0,0,0,0
201712,28,067,3,6,Jones County                  ,0,0,0,0,0,0,0,0,0,0,0,0,0,0,0,0,0,0,0,0,0,0,0,0
201712,28,137,3,6,Tate County                   ,6,6,985000,0,0,0,0,0,0,0,0,0,6,6,985000,0,0,0,0,0,0,0,0,0
201712,28,143,3,6,Tunica County                 ,0,0,0,0,0,0,0,0,0,0,0,0,0,0,0,0,0,0,0,0,0,0,0,0
201712,28,145,3,6,Union County                  ,2,2,320000,0,0,0,0,0,0,0,0,0,2,2,320000,0,0,0,0,0,0,0,0,0
201712,28,149,3,6,Warren County                 ,1,1,250000,0,0,0,0,0,0,0,0,0,1,1,250000,0,0,0,0,0,0,0,0,0
201712,29,013,2,4,Bates County                  ,0,0,0,0,0,0,0,0,0,0,0,0,0,0,0,0,0,0,0,0,0,0,0,0
201712,29,017,2,4,Bollinger County              ,0,0,0,0,0,0,0,0,0,0,0,0,0,0,0,0,0,0,0,0,0,0,0,0
201712,29,019,2,4,Boone County                  ,46,46,10561620,0,0,0,0,0,0,0,0,0,46,46,10561620,0,0,0,0,0,0,0,0,0
201712,29,049,2,4,Clinton County                ,4,4,820923,0,0,0,0,0,0,0,0,0,2,2,430000,0,0,0,0,0,0,0,0,0
201712,29,065,2,4,Dent County                   ,0,0,0,0,0,0,0,0,0,0,0,0,0,0,0,0,0,0,0,0,0,0,0,0
201712,29,071,2,4,Franklin County               ,22,22,3846656,0,0,0,0,0,0,0,0,0,11,11,1364212,0,0,0,0,0,0,0,0,0
201712,29,095,2,4,Jackson County                ,113,113,28088296,3,6,561552,9,35,2777725,4,79,8673029,109,109,26972892,3,6,561552,9,35,2777725,4,79,8673029
201712,29,099,2,4,Jefferson County              ,43,43,7392342,0,0,0,0,0,0,0,0,0,39,39,6930758,0,0,0,0,0,0,0,0,0
201712,29,105,2,4,Laclede County                ,1,1,138000,1,2,255000,0,0,0,0,0,0,1,1,138000,1,2,255000,0,0,0,0,0,0
201712,29,107,2,4,Lafayette County              ,1,1,230582,0,0,0,0,0,0,0,0,0,0,0,0,0,0,0,0,0,0,0,0,0
201712,29,113,2,4,Lincoln County                ,16,16,2827601,0,0,0,0,0,0,0,0,0,9,9,1129000,0,0,0,0,0,0,0,0,0
201712,29,165,2,4,Platte County                 ,14,14,4057695,0,0,0,0,0,0,0,0,0,14,14,4057695,0,0,0,0,0,0,0,0,0
201712,29,185,2,4,St. Clair County              ,0,0,0,0,0,0,0,0,0,0,0,0,0,0,0,0,0,0,0,0,0,0,0,0
201712,29,189,2,4,St. Louis County              ,65,65,25629372,0,0,0,0,0,0,1,13,1598204,26,26,12066638,0,0,0,0,0,0,0,0,0
201712,29,219,2,4,Warren County                 ,20,20,4678615,0,0,0,0,0,0,0,0,0,20,20,4678615,0,0,0,0,0,0,0,0,0
201712,29,221,2,4,Washington County             ,0,0,0,0,0,0,0,0,0,0,0,0,0,0,0,0,0,0,0,0,0,0,0,0
201712,29,510,2,4,St. Louis (Independent City)  ,9,9,1776000,0,0,0,0,0,0,0,0,0,9,9,1776000,0,0,0,0,0,0,0,0,0
201712,30,033,4,8,Garfield County               ,0,0,0,0,0,0,0,0,0,0,0,0,0,0,0,0,0,0,0,0,0,0,0,0
201712,30,063,4,8,Missoula County               ,7,7,1225616,0,0,0,2,6,692766,0,0,0,7,7,1225616,0,0,0,2,6,692766,0,0,0
201712,30,093,4,8,Silver Bow County             ,2,2,142053,0,0,0,0,0,0,0,0,0,2,2,142053,0,0,0,0,0,0,0,0,0
201712,31,001,2,4,Adams County                  ,1,1,197315,0,0,0,0,0,0,0,0,0,0,0,0,0,0,0,0,0,0,0,0,0
201712,31,025,2,4,Cass County                   ,1,1,118493,0,0,0,0,0,0,0,0,0,1,1,118493,0,0,0,0,0,0,0,0,0
201712,31,033,2,4,Cheyenne County               ,0,0,0,0,0,0,0,0,0,0,0,0,0,0,0,0,0,0,0,0,0,0,0,0
201712,31,055,2,4,Douglas County                ,92,92,20359874,0,0,0,0,0,0,13,298,22864208,92,92,20359874,0,0,0,0,0,0,13,298,22864208
201712,31,105,2,4,Kimball County                ,0,0,0,0,0,0,0,0,0,0,0,0,0,0,0,0,0,0,0,0,0,0,0,0
201712,31,153,2,4,Sarpy County                  ,58,58,15135426,0,0,0,0,0,0,0,0,0,38,38,10187844,0,0,0,0,0,0,0,0,0
201712,31,165,2,4,Sioux County                  ,0,0,0,0,0,0,0,0,0,0,0,0,0,0,0,0,0,0,0,0,0,0,0,0
201712,31,177,2,4,Washington County             ,8,8,2860480,0,0,0,0,0,0,0,0,0,8,8,2860480,0,0,0,0,0,0,0,0,0
201712,32,001,4,8,Churchill County              ,3,3,740994,0,0,0,0,0,0,0,0,0,3,3,740994,0,0,0,0,0,0,0,0,0
201712,32,003,4,8,Clark County                  ,633,633,147057749,4,8,1416040,13,52,8424973,21,330,46772880,633,633,147057749,4,8,1416040,13,52,8424973,21,330,46772880
201712,32,005,4,8,Douglas County                ,36,36,12962871,0,0,0,0,0,0,0,0,0,36,36,12962871,0,0,0,0,0,0,0,0,0
201712,32,007,4,8,Elko County                   ,16,16,2127737,0,0,0,0,0,0,0,0,0,16,16,2127737,0,0,0,0,0,0,0,0,0
201712,32,013,4,8,Humboldt County               ,2,2,228454,0,0,0,0,0,0,0,0,0,2,2,228454,0,0,0,0,0,0,0,0,0
201712,32,015,4,8,Lander County                 ,0,0,0,0,0,0,0,0,0,0,0,0,0,0,0,0,0,0,0,0,0,0,0,0
201712,32,017,4,8,Lincoln County                ,1,1,270497,0,0,0,0,0,0,0,0,0,0,0,0,0,0,0,0,0,0,0,0,0
201712,32,019,4,8,Lyon County                   ,30,30,8383453,0,0,0,0,0,0,0,0,0,30,30,8383453,0,0,0,0,0,0,0,0,0
201712,32,021,4,8,Mineral County                ,0,0,0,0,0,0,0,0,0,0,0,0,0,0,0,0,0,0,0,0,0,0,0,0
201712,32,027,4,8,Pershing County               ,0,0,0,0,0,0,0,0,0,0,0,0,0,0,0,0,0,0,0,0,0,0,0,0
201712,32,029,4,8,Storey County                 ,0,0,0,0,0,0,0,0,0,0,0,0,0,0,0,0,0,0,0,0,0,0,0,0
201712,32,031,4,8,Washoe County                 ,159,159,42859486,22,44,631753,0,0,0,23,138,14509894,159,159,42859486,22,44,631753,0,0,0,23,138,14509894
201712,32,033,4,8,White Pine County             ,0,0,0,0,0,0,0,0,0,0,0,0,0,0,0,0,0,0,0,0,0,0,0,0
201712,32,510,4,8,Carson City (Independent City),5,5,1590247,0,0,0,0,0,0,0,0,0,5,5,1590247,0,0,0,0,0,0,0,0,0
201712,33,015,1,1,Rockingham County             ,53,53,12588685,3,6,960000,1,3,387864,2,10,1204679,33,33,8465476,3,6,960000,0,0,0,0,0,0
201712,33,017,1,1,Strafford County              ,16,16,2676580,0,0,0,0,0,0,0,0,0,14,14,2331040,0,0,0,0,0,0,0,0,0
201712,34,001,1,2,Atlantic County               ,35,35,7568208,0,0,0,0,0,0,3,95,6522376,28,28,6061942,0,0,0,0,0,0,0,0,0
201712,34,003,1,2,Bergen County                 ,62,62,24530483,6,12,2554785,1,4,1086,9,128,4283799,18,18,10645239,3,6,1744500,1,4,1086,1,5,722
201712,34,005,1,2,Burlington County             ,47,47,7500760,0,0,0,0,0,0,3,26,1771434,20,20,3611776,0,0,0,0,0,0,1,6,673836
201712,34,007,1,2,Camden County                 ,14,14,1937904,0,0,0,0,0,0,3,159,19805173,4,4,558000,0,0,0,0,0,0,1,140,18351000
201712,34,009,1,2,Cape May County               ,29,29,8337560,2,4,531824,1,3,17143,0,0,0,21,21,6423101,1,2,270074,0,0,0,0,0,0
201712,34,011,1,2,Cumberland County             ,6,6,649377,0,0,0,0,0,0,1,5,666180,0,0,0,0,0,0,0,0,0,0,0,0
201712,34,013,1,2,Essex County                  ,31,31,7154215,4,8,788068,1,4,111265,11,267,22620065,4,4,2630500,2,4,403700,0,0,0,0,0,0
201712,34,015,1,2,Gloucester County             ,27,27,3926270,1,2,3899,0,0,0,1,10,418333,11,11,2236751,0,0,0,0,0,0,0,0,0
201712,34,017,1,2,Hudson County                 ,5,5,4372698,9,18,1045291,2,7,437712,6,328,41648551,1,1,1962250,7,14,648600,1,4,237000,1,99,200000
201712,34,019,1,2,Hunterdon County              ,11,11,1815742,0,0,0,0,0,0,2,24,1215698,9,9,1512309,0,0,0,0,0,0,0,0,0
201712,34,021,1,2,Mercer County                 ,8,8,2723751,1,2,86914,3,12,1600723,2,38,2154506,4,4,1831822,0,0,0,2,8,1248000,0,0,0
201712,34,023,1,2,Middlesex County              ,63,63,14867566,1,2,133000,2,7,1302500,13,317,19353425,44,44,10933599,1,2,133000,2,7,1302500,8,254,15999188
201712,34,025,1,2,Monmouth County               ,73,73,16305225,1,2,367209,0,0,0,3,115,5106913,46,46,10239155,0,0,0,0,0,0,0,0,0
201712,34,027,1,2,Morris County                 ,49,49,11745462,0,0,0,0,0,0,7,128,11556233,33,33,7392239,0,0,0,0,0,0,0,0,0
201712,34,029,1,2,Ocean County                  ,148,148,33983337,0,0,0,0,0,0,3,70,6351973,96,96,26031505,0,0,0,0,0,0,2,50,5590089
201712,34,031,1,2,Passaic County                ,20,20,3609736,1,2,272000,0,0,0,2,16,2089220,15,15,2574120,1,2,272000,0,0,0,0,0,0
201712,34,033,1,2,Salem County                  ,2,2,400965,0,0,0,0,0,0,0,0,0,1,1,300000,0,0,0,0,0,0,0,0,0
201712,34,035,1,2,Somerset County               ,24,24,4677017,0,0,0,0,0,0,5,48,3026941,12,12,2710834,0,0,0,0,0,0,0,0,0
201712,34,037,1,2,Sussex County                 ,3,3,894135,1,2,188850,0,0,0,0,0,0,2,2,641500,0,0,0,0,0,0,0,0,0
201712,34,039,1,2,Union County                  ,16,16,3817056,9,18,1337175,0,0,0,5,51,3502577,6,6,2501500,8,16,1113800,0,0,0,0,0,0
201712,34,041,1,2,Warren County                 ,14,14,1981922,0,0,0,0,0,0,1,18,787713,11,11,1402394,0,0,0,0,0,0,0,0,0
201712,35,000,4,8,New Mexico Balance of State   ,20,20,5412649,0,0,0,0,0,0,0,0,0,0,0,0,0,0,0,0,0,0,0,0,0
201712,35,001,4,8,Bernalillo County             ,180,180,36176418,0,0,0,0,0,0,0,0,0,180,180,36176418,0,0,0,0,0,0,0,0,0
201712,35,005,4,8,Chaves County                 ,4,4,823802,0,0,0,0,0,0,0,0,0,4,4,823802,0,0,0,0,0,0,0,0,0
201712,35,007,4,8,Colfax County                 ,1,1,451667,0,0,0,0,0,0,0,0,0,0,0,0,0,0,0,0,0,0,0,0,0
201712,35,009,4,8,Curry County                  ,3,3,739022,0,0,0,0,0,0,1,6,553125,0,0,0,0,0,0,0,0,0,0,0,0
201712,35,013,4,8,Dona Ana County               ,60,60,12749412,0,0,0,0,0,0,0,0,0,60,60,12749412,0,0,0,0,0,0,0,0,0
201712,35,015,4,8,Eddy County                   ,8,8,1453878,0,0,0,0,0,0,0,0,0,8,8,1453878,0,0,0,0,0,0,0,0,0
201712,35,017,4,8,Grant County                  ,0,0,0,0,0,0,0,0,0,0,0,0,0,0,0,0,0,0,0,0,0,0,0,0
201712,35,025,4,8,Lea County                    ,7,7,1159064,0,0,0,0,0,0,0,0,0,7,7,1159064,0,0,0,0,0,0,0,0,0
201712,35,027,4,8,Lincoln County                ,4,4,1010921,0,0,0,0,0,0,0,0,0,0,0,0,0,0,0,0,0,0,0,0,0
201712,35,028,4,8,Los Alamos County             ,0,0,0,0,0,0,0,0,0,0,0,0,0,0,0,0,0,0,0,0,0,0,0,0
201712,35,029,4,8,Luna County                   ,1,1,174551,0,0,0,0,0,0,0,0,0,0,0,0,0,0,0,0,0,0,0,0,0
201712,35,031,4,8,McKinley County               ,0,0,0,0,0,0,0,0,0,0,0,0,0,0,0,0,0,0,0,0,0,0,0,0
201712,35,035,4,8,Otero County                  ,1,1,378207,0,0,0,0,0,0,0,0,0,1,1,378207,0,0,0,0,0,0,0,0,0
201712,35,041,4,8,Roosevelt County              ,1,1,163147,0,0,0,0,0,0,0,0,0,0,0,0,0,0,0,0,0,0,0,0,0
201712,35,043,4,8,Sandoval County               ,54,54,12142385,0,0,0,0,0,0,1,6,250000,46,46,10422494,0,0,0,0,0,0,0,0,0
201712,35,045,4,8,San Juan County               ,7,7,1603162,0,0,0,0,0,0,0,0,0,2,2,453122,0,0,0,0,0,0,0,0,0
201712,35,047,4,8,San Miguel County             ,0,0,0,0,0,0,0,0,0,0,0,0,0,0,0,0,0,0,0,0,0,0,0,0
201712,35,049,4,8,Santa Fe County               ,10,10,2495562,0,0,0,0,0,0,0,0,0,0,0,0,0,0,0,0,0,0,0,0,0
201712,35,051,4,8,Sierra County                 ,0,0,0,0,0,0,0,0,0,0,0,0,0,0,0,0,0,0,0,0,0,0,0,0
201712,35,053,4,8,Socorro County                ,0,0,0,0,0,0,0,0,0,0,0,0,0,0,0,0,0,0,0,0,0,0,0,0
201712,35,055,4,8,Taos County                   ,5,5,548279,0,0,0,0,0,0,0,0,0,0,0,0,0,0,0,0,0,0,0,0,0
201712,35,061,4,8,Valencia County               ,9,9,975708,0,0,0,0,0,0,0,0,0,0,0,0,0,0,0,0,0,0,0,0,0
201712,36,001,1,2,Albany County                 ,20,20,4629809,0,0,0,3,12,1800000,1,13,2132658,17,17,4081500,0,0,0,3,12,1800000,0,0,0
201712,36,005,1,2,Bronx County                  ,0,0,0,2,4,540147,2,6,729216,9,1255,165051835,0,0,0,2,4,540147,2,6,729216,9,1255,165051835
201712,36,029,1,2,Erie County                   ,35,35,10138213,1,2,249000,1,4,844689,1,41,9244977,31,31,9510959,1,2,249000,1,4,844689,0,0,0
201712,36,047,1,2,Kings County                  ,13,13,3481888,11,22,2970810,4,13,1579968,29,514,67598919,13,13,3481888,11,22,2970810,4,13,1579968,29,514,67598919
201712,36,051,1,2,Livingston County             ,5,5,1080615,0,0,0,0,0,0,2,10,526786,3,3,830000,0,0,0,0,0,0,0,0,0
201712,36,055,1,2,Monroe County                 ,30,30,6571543,0,0,0,0,0,0,0,0,0,22,22,5461000,0,0,0,0,0,0,0,0,0
201712,36,059,1,2,Nassau County                 ,59,59,23561161,0,0,0,0,0,0,0,0,0,43,43,16942585,0,0,0,0,0,0,0,0,0
201712,36,061,1,2,New York County               ,0,0,0,1,2,270074,0,0,0,4,562,73911658,0,0,0,1,2,270074,0,0,0,4,562,73911658
201712,36,063,1,2,Niagara County                ,14,14,2013942,0,0,0,0,0,0,0,0,0,13,13,1850001,0,0,0,0,0,0,0,0,0
201712,36,069,1,2,Ontario County                ,17,17,4185000,0,0,0,1,3,78000,1,7,145600,17,17,4185000,0,0,0,0,0,0,0,0,0
201712,36,073,1,2,Orleans County                ,1,1,190625,0,0,0,0,0,0,0,0,0,0,0,0,0,0,0,0,0,0,0,0,0
201712,36,079,1,2,Putnam County                 ,2,2,509429,0,0,0,1,3,670449,0,0,0,0,0,0,0,0,0,0,0,0,0,0,0
201712,36,081,1,2,Queens County                 ,10,10,2678375,21,42,5671545,6,18,2187648,9,451,59313448,10,10,2678375,21,42,5671545,6,18,2187648,9,451,59313448
201712,36,083,1,2,Rensselaer County             ,4,4,1001740,0,0,0,0,0,0,1,5,500000,1,1,200000,0,0,0,0,0,0,0,0,0
201712,36,085,1,2,Richmond County               ,13,13,3481888,11,22,2970810,0,0,0,0,0,0,13,13,3481888,11,22,2970810,0,0,0,0,0,0
201712,36,087,1,2,Rockland County               ,11,11,3118801,2,4,617351,2,6,654245,3,22,3495066,8,8,2356500,0,0,0,0,0,0,2,12,2334400
201712,36,091,1,2,Saratoga County               ,55,55,16595464,3,6,899674,1,4,680000,3,33,3417950,40,40,11887690,3,6,899674,1,4,680000,0,0,0
201712,36,093,1,2,Schenectady County            ,8,8,1633828,0,0,0,0,0,0,1,5,400000,6,6,1391670,0,0,0,0,0,0,1,5,400000
201712,36,095,1,2,Schoharie County              ,3,3,653421,0,0,0,0,0,0,0,0,0,1,1,150000,0,0,0,0,0,0,0,0,0
201712,36,099,1,2,Seneca County                 ,0,0,0,0,0,0,0,0,0,0,0,0,0,0,0,0,0,0,0,0,0,0,0,0
201712,36,117,1,2,Wayne County                  ,5,5,948616,0,0,0,0,0,0,0,0,0,2,2,340000,0,0,0,0,0,0,0,0,0
201712,36,119,1,2,Westchester County            ,18,18,12878059,2,4,450000,1,3,120000,5,85,17735897,12,12,9862000,1,2,250000,0,0,0,4,70,15300000
201712,37,007,3,5,Anson County                  ,3,3,449595,0,0,0,0,0,0,0,0,0,0,0,0,0,0,0,0,0,0,0,0,0
201712,37,011,3,5,Avery County                  ,5,5,1261108,0,0,0,0,0,0,0,0,0,5,5,1261108,0,0,0,0,0,0,0,0,0
201712,37,015,3,5,Bertie County                 ,0,0,0,0,0,0,0,0,0,0,0,0,0,0,0,0,0,0,0,0,0,0,0,0
201712,37,025,3,5,Cabarrus County               ,112,112,20839478,1,2,310000,0,0,0,0,0,0,112,112,20839478,1,2,310000,0,0,0,0,0,0
201712,37,033,3,5,Caswell County                ,2,2,469168,0,0,0,0,0,0,0,0,0,2,2,469168,0,0,0,0,0,0,0,0,0
201712,37,037,3,5,Chatham County                ,38,38,11401219,0,0,0,0,0,0,0,0,0,38,38,11401219,0,0,0,0,0,0,0,0,0
201712,37,051,3,5,Cumberland County             ,30,30,6127376,0,0,0,0,0,0,1,5,489913,30,30,6127376,0,0,0,0,0,0,0,0,0
201712,37,053,3,5,Currituck County              ,29,29,9453255,0,0,0,0,0,0,0,0,0,29,29,9453255,0,0,0,0,0,0,0,0,0
201712,37,059,3,5,Davie County                  ,8,8,2022817,0,0,0,0,0,0,6,80,3609464,8,8,2022817,0,0,0,0,0,0,6,80,3609464
201712,37,063,3,5,Durham County                 ,133,133,25014046,1,2,169897,0,0,0,4,78,6717158,0,0,0,0,0,0,0,0,0,0,0,0
201712,37,069,3,5,Franklin County               ,34,34,5761808,0,0,0,0,0,0,0,0,0,34,34,5761808,0,0,0,0,0,0,0,0,0
201712,37,071,3,5,Gaston County                 ,63,63,14672707,0,0,0,0,0,0,0,0,0,63,63,14672707,0,0,0,0,0,0,0,0,0
201712,37,081,3,5,Guilford County               ,88,88,21271669,0,0,0,0,0,0,6,143,19699208,77,77,19918984,0,0,0,0,0,0,5,138,19417109
201712,37,089,3,5,Henderson County              ,36,36,8492016,0,0,0,0,0,0,0,0,0,36,36,8492016,0,0,0,0,0,0,0,0,0
201712,37,093,3,5,Hoke County                   ,12,12,2774951,0,0,0,0,0,0,0,0,0,12,12,2774951,0,0,0,0,0,0,0,0,0
201712,37,097,3,5,Iredell County                ,87,87,22719528,0,0,0,0,0,0,7,156,15034127,87,87,22719528,0,0,0,0,0,0,7,156,15034127
201712,37,101,3,5,Johnston County               ,160,160,26961083,0,0,0,0,0,0,0,0,0,49,49,6593587,0,0,0,0,0,0,0,0,0
201712,37,105,3,5,Lee County                    ,8,8,1516388,0,0,0,0,0,0,0,0,0,8,8,1516388,0,0,0,0,0,0,0,0,0
201712,37,119,3,5,Mecklenburg County            ,183,183,42318001,5,10,583190,0,0,0,10,234,26552719,183,183,42318001,5,10,583190,0,0,0,10,234,26552719
201712,37,133,3,5,Onslow County                 ,76,76,11030938,2,4,436342,0,0,0,3,56,2730000,76,76,11030938,2,4,436342,0,0,0,3,56,2730000
201712,37,135,3,5,Orange County                 ,36,36,12469920,0,0,0,0,0,0,1,69,12800000,36,36,12469920,0,0,0,0,0,0,1,69,12800000
201712,37,145,3,5,Person County                 ,6,6,2275000,0,0,0,0,0,0,0,0,0,6,6,2275000,0,0,0,0,0,0,0,0,0
201712,37,151,3,5,Randolph County               ,24,24,4463183,0,0,0,0,0,0,0,0,0,24,24,4463183,0,0,0,0,0,0,0,0,0
201712,37,157,3,5,Rockingham County             ,9,9,2029355,0,0,0,0,0,0,0,0,0,9,9,2029355,0,0,0,0,0,0,0,0,0
201712,37,179,3,5,Union County                  ,88,88,21588542,0,0,0,0,0,0,0,0,0,88,88,21588542,0,0,0,0,0,0,0,0,0
201712,37,181,3,5,Vance County                  ,2,2,765360,0,0,0,0,0,0,0,0,0,2,2,765360,0,0,0,0,0,0,0,0,0
201712,37,183,3,5,Wake County                   ,479,479,105456054,0,0,0,0,0,0,13,350,23910065,423,423,94449499,0,0,0,0,0,0,13,350,23910065
201712,37,195,3,5,Wilson County                 ,24,24,2512198,0,0,0,0,0,0,0,0,0,24,24,2512198,0,0,0,0,0,0,0,0,0
201712,39,007,2,3,Ashtabula County              ,4,4,733873,1,2,161044,0,0,0,0,0,0,0,0,0,0,0,0,0,0,0,0,0,0
201712,39,015,2,3,Brown County                  ,7,7,1810929,0,0,0,0,0,0,0,0,0,7,7,1810929,0,0,0,0,0,0,0,0,0
201712,39,017,2,3,Butler County                 ,41,41,9565754,0,0,0,0,0,0,0,0,0,41,41,9565754,0,0,0,0,0,0,0,0,0
201712,39,025,2,3,Clermont County               ,31,31,5834999,0,0,0,1,4,300000,6,46,3450000,31,31,5834999,0,0,0,1,4,300000,6,46,3450000
201712,39,041,2,3,Delaware County               ,93,93,24005382,0,0,0,0,0,0,1,9,680175,78,78,21069254,0,0,0,0,0,0,0,0,0
201712,39,049,2,3,Franklin County               ,103,103,27791805,0,0,0,2,8,1103253,0,0,0,103,103,27791805,0,0,0,2,8,1103253,0,0,0
201712,39,055,2,3,Geauga County                 ,9,9,3992000,0,0,0,0,0,0,0,0,0,9,9,3992000,0,0,0,0,0,0,0,0,0
201712,39,085,2,3,Lake County                   ,23,23,4732347,0,0,0,0,0,0,0,0,0,23,23,4732347,0,0,0,0,0,0,0,0,0
201712,39,089,2,3,Licking County                ,18,18,4496389,0,0,0,0,0,0,0,0,0,0,0,0,0,0,0,0,0,0,0,0,0
201712,39,093,2,3,Lorain County                 ,41,41,8938737,0,0,0,3,10,1048405,1,10,546377,30,30,5784274,0,0,0,3,10,1048405,0,0,0
201712,39,097,2,3,Madison County                ,2,2,422704,0,0,0,0,0,0,0,0,0,1,1,258704,0,0,0,0,0,0,0,0,0
201712,39,103,2,3,Medina County                 ,43,43,10368482,0,0,0,0,0,0,0,0,0,43,43,10368482,0,0,0,0,0,0,0,0,0
201712,39,117,2,3,Morrow County                 ,3,3,370000,0,0,0,0,0,0,0,0,0,3,3,370000,0,0,0,0,0,0,0,0,0
201712,39,159,2,3,Union County                  ,24,24,6208901,0,0,0,0,0,0,0,0,0,24,24,6208901,0,0,0,0,0,0,0,0,0
201712,39,165,2,3,Warren County                 ,72,72,19711013,0,0,0,0,0,0,0,0,0,63,63,17436923,0,0,0,0,0,0,0,0,0
201712,40,001,3,7,Adair County                  ,1,1,192643,0,0,0,0,0,0,0,0,0,0,0,0,0,0,0,0,0,0,0,0,0
201712,40,017,3,7,Canadian County               ,22,22,4647585,0,0,0,0,0,0,0,0,0,11,11,1949750,0,0,0,0,0,0,0,0,0
201712,40,021,3,7,Cherokee County               ,4,4,524953,1,2,130000,0,0,0,0,0,0,0,0,0,0,0,0,0,0,0,0,0,0
201712,40,027,3,7,Cleveland County              ,42,42,10603753,6,12,4077600,0,0,0,0,0,0,42,42,10603753,6,12,4077600,0,0,0,0,0,0
201712,40,029,3,7,Coal County                   ,0,0,0,0,0,0,0,0,0,0,0,0,0,0,0,0,0,0,0,0,0,0,0,0
201712,40,037,3,7,Creek County                  ,8,8,1274800,0,0,0,0,0,0,0,0,0,8,8,1274800,0,0,0,0,0,0,0,0,0
201712,40,051,3,7,Grady County                  ,5,5,1089847,0,0,0,0,0,0,0,0,0,0,0,0,0,0,0,0,0,0,0,0,0
201712,40,055,3,7,Greer County                  ,1,1,300000,0,0,0,0,0,0,0,0,0,1,1,300000,0,0,0,0,0,0,0,0,0
201712,40,081,3,7,Lincoln County                ,0,0,0,0,0,0,0,0,0,0,0,0,0,0,0,0,0,0,0,0,0,0,0,0
201712,40,083,3,7,Logan County                  ,0,0,0,0,0,0,0,0,0,0,0,0,0,0,0,0,0,0,0,0,0,0,0,0
201712,40,087,3,7,McClain County                ,19,19,3877055,0,0,0,0,0,0,0,0,0,4,4,913900,0,0,0,0,0,0,0,0,0
201712,40,109,3,7,Oklahoma County               ,294,294,67492994,3,6,604930,0,0,0,1,13,917880,64,64,21274806,0,0,0,0,0,0,0,0,0
201712,40,111,3,7,Okmulgee County               ,1,1,257000,0,0,0,0,0,0,0,0,0,1,1,257000,0,0,0,0,0,0,0,0,0
201712,40,113,3,7,Osage County                  ,7,7,872611,0,0,0,0,0,0,0,0,0,7,7,872611,0,0,0,0,0,0,0,0,0
201712,40,117,3,7,Pawnee County                 ,0,0,0,0,0,0,0,0,0,0,0,0,0,0,0,0,0,0,0,0,0,0,0,0
201712,40,131,3,7,Rogers County                 ,21,21,2855038,0,0,0,0,0,0,1,9,1600000,21,21,2855038,0,0,0,0,0,0,1,9,1600000
201712,40,143,3,7,Tulsa County                  ,110,110,28721648,0,0,0,0,0,0,0,0,0,98,98,25860778,0,0,0,0,0,0,0,0,0
201712,40,145,3,7,Wagoner County                ,21,21,4478110,0,0,0,0,0,0,0,0,0,21,21,4478110,0,0,0,0,0,0,0,0,0
201712,41,000,4,9,Oregon Balance of State       ,9,9,1333007,0,0,0,0,0,0,0,0,0,0,0,0,0,0,0,0,0,0,0,0,0
201712,41,005,4,9,Clackamas County              ,71,71,20998489,1,2,799560,4,12,1984432,1,17,2472089,59,59,15269796,1,2,799560,4,12,1984432,0,0,0
201712,41,019,4,9,Douglas County                ,18,18,4587843,0,0,0,0,0,0,0,0,0,18,18,4587843,0,0,0,0,0,0,0,0,0
201712,41,025,4,9,Harney County                 ,0,0,0,0,0,0,0,0,0,0,0,0,0,0,0,0,0,0,0,0,0,0,0,0
201712,41,035,4,9,Klamath County                ,7,7,1590268,0,0,0,0,0,0,0,0,0,7,7,1590268,0,0,0,0,0,0,0,0,0
201712,41,051,4,9,Multnomah County              ,68,68,18442910,21,42,6941828,0,0,0,6,762,124928958,68,68,18442910,21,42,6941828,0,0,0,6,762,124928958
201712,41,067,4,9,Washington County             ,114,114,31440774,0,0,0,0,0,0,13,192,22889924,114,114,31440774,0,0,0,0,0,0,13,192,22889924
201712,41,071,4,9,Yamhill County                ,28,28,7970273,0,0,0,0,0,0,0,0,0,19,19,5574456,0,0,0,0,0,0,0,0,0
201712,42,001,1,2,Adams County                  ,24,24,5046864,0,0,0,0,0,0,0,0,0,24,24,5046864,0,0,0,0,0,0,0,0,0
201712,42,017,1,2,Bucks County                  ,41,41,10383343,0,0,0,0,0,0,1,12,1006000,21,21,5912906,0,0,0,0,0,0,1,12,1006000
201712,42,029,1,2,Chester County                ,89,89,16924213,0,0,0,0,0,0,0,0,0,74,74,14116772,0,0,0,0,0,0,0,0,0
201712,42,037,1,2,Columbia County               ,6,6,1648413,0,0,0,0,0,0,0,0,0,2,2,590573,0,0,0,0,0,0,0,0,0
201712,42,041,1,2,Cumberland County             ,42,42,8369763,0,0,0,0,0,0,1,16,1493205,31,31,6183477,0,0,0,0,0,0,0,0,0
201712,42,043,1,2,Dauphin County                ,23,23,5957769,0,0,0,0,0,0,2,40,2320000,13,13,3630568,0,0,0,0,0,0,1,20,1400000
201712,42,045,1,2,Delaware County               ,28,28,9074218,0,0,0,0,0,0,1,5,1879838,7,7,4228803,0,0,0,0,0,0,0,0,0
201712,42,055,1,2,Franklin County               ,31,31,3797933,0,0,0,0,0,0,1,8,780046,23,23,2499665,0,0,0,0,0,0,0,0,0
201712,42,065,1,2,Jefferson County              ,2,2,211500,0,0,0,0,0,0,0,0,0,2,2,211500,0,0,0,0,0,0,0,0,0
201712,42,091,1,2,Montgomery County             ,70,70,15891131,0,0,0,1,4,789220,1,125,17007576,52,52,11683142,0,0,0,1,4,789220,1,125,17007576
201712,42,093,1,2,Montour County                ,2,2,467964,0,0,0,0,0,0,1,5,674635,0,0,0,0,0,0,0,0,0,0,0,0
201712,42,099,1,2,Perry County                  ,8,8,2214113,0,0,0,0,0,0,0,0,0,1,1,448700,0,0,0,0,0,0,0,0,0
201712,42,101,1,2,Philadelphia County           ,66,66,17239616,6,12,2213740,10,32,3411185,7,238,31534829,0,0,0,0,0,0,0,0,0,0,0,0
201712,42,103,1,2,Pike County                   ,4,4,917850,0,0,0,0,0,0,0,0,0,4,4,917850,0,0,0,0,0,0,0,0,0
201712,44,001,1,1,Bristol County                ,2,2,570845,0,0,0,0,0,0,0,0,0,0,0,0,0,0,0,0,0,0,0,0,0
201712,44,003,1,1,Kent County                   ,7,7,1045275,0,0,0,0,0,0,0,0,0,3,3,300063,0,0,0,0,0,0,0,0,0
201712,44,005,1,1,Newport County                ,12,12,3072658,0,0,0,0,0,0,0,0,0,8,8,2174540,0,0,0,0,0,0,0,0,0
201712,44,007,1,1,Providence County             ,26,26,4072763,5,10,1093840,0,0,0,0,0,0,16,16,2440925,4,8,580000,0,0,0,0,0,0
201712,44,009,1,1,Washington County             ,19,19,5652064,0,0,0,1,3,429150,0,0,0,13,13,2950000,0,0,0,0,0,0,0,0,0
201712,45,003,3,5,Aiken County                  ,59,59,13856343,0,0,0,0,0,0,0,0,0,22,22,5585741,0,0,0,0,0,0,0,0,0
201712,45,009,3,5,Bamberg County                ,1,1,231246,0,0,0,0,0,0,0,0,0,1,1,231246,0,0,0,0,0,0,0,0,0
201712,45,015,3,5,Berkeley County               ,145,145,40658875,0,0,0,0,0,0,1,30,707762,122,122,35610955,0,0,0,0,0,0,0,0,0
201712,45,017,3,5,Calhoun County                ,1,1,87000,0,0,0,0,0,0,0,0,0,1,1,87000,0,0,0,0,0,0,0,0,0
201712,45,019,3,5,Charleston County             ,178,178,56059586,0,0,0,0,0,0,4,149,15612971,60,60,31979742,0,0,0,0,0,0,1,100,12512000
201712,45,035,3,5,Dorchester County             ,36,36,10694000,0,0,0,0,0,0,0,0,0,36,36,10694000,0,0,0,0,0,0,0,0,0
201712,45,037,3,5,Edgefield County              ,6,6,1377500,0,0,0,0,0,0,0,0,0,6,6,1377500,0,0,0,0,0,0,0,0,0
201712,45,039,3,5,Fairfield County              ,3,3,630929,0,0,0,0,0,0,0,0,0,0,0,0,0,0,0,0,0,0,0,0,0
201712,45,045,3,5,Greenville County             ,230,230,117228518,1,2,478000,0,0,0,7,144,16994124,228,228,116912054,1,2,478000,0,0,0,7,144,16994124
201712,45,051,3,5,Horry County                  ,349,349,58320122,0,0,0,0,0,0,0,0,0,301,301,49420493,0,0,0,0,0,0,0,0,0
201712,45,055,3,5,Kershaw County                ,20,20,2996578,0,0,0,0,0,0,0,0,0,20,20,2996578,0,0,0,0,0,0,0,0,0
201712,45,059,3,5,Laurens County                ,12,12,1786344,0,0,0,0,0,0,0,0,0,11,11,1679068,0,0,0,0,0,0,0,0,0
201712,45,063,3,5,Lexington County              ,97,97,25452306,0,0,0,0,0,0,0,0,0,94,94,24972143,0,0,0,0,0,0,0,0,0
201712,45,077,3,5,Pickens County                ,33,33,9688601,0,0,0,1,4,425000,1,25,3289313,23,23,8152972,0,0,0,1,4,425000,0,0,0
201712,45,079,3,5,Richland County               ,134,134,18964442,0,0,0,0,0,0,2,24,1354626,0,0,0,0,0,0,0,0,0,0,0,0
201712,45,081,3,5,Saluda County                 ,3,3,644135,0,0,0,0,0,0,0,0,0,0,0,0,0,0,0,0,0,0,0,0,0
201712,45,085,3,5,Sumter County                 ,13,13,1577607,0,0,0,0,0,0,0,0,0,13,13,1577607,0,0,0,0,0,0,0,0,0
201712,45,091,3,5,York County                   ,165,165,53631871,0,0,0,0,0,0,2,26,2743472,41,41,13191881,0,0,0,0,0,0,0,0,0
201712,46,007,2,4,Bennett County                ,0,0,0,0,0,0,0,0,0,0,0,0,0,0,0,0,0,0,0,0,0,0,0,0
201712,46,055,2,4,Haakon County                 ,0,0,0,0,0,0,0,0,0,0,0,0,0,0,0,0,0,0,0,0,0,0,0,0
201712,46,071,2,4,Jackson County                ,0,0,0,0,0,0,0,0,0,0,0,0,0,0,0,0,0,0,0,0,0,0,0,0
201712,46,111,2,4,Sanborn County                ,0,0,0,0,0,0,0,0,0,0,0,0,0,0,0,0,0,0,0,0,0,0,0,0
201712,47,001,3,6,Anderson County               ,6,6,951150,0,0,0,0,0,0,0,0,0,6,6,951150,0,0,0,0,0,0,0,0,0
201712,47,015,3,6,Cannon County                 ,1,1,126190,0,0,0,0,0,0,0,0,0,0,0,0,0,0,0,0,0,0,0,0,0
201712,47,021,3,6,Cheatham County               ,85,85,12451038,0,0,0,0,0,0,0,0,0,84,84,12108542,0,0,0,0,0,0,0,0,0
201712,47,037,3,6,Davidson County               ,206,206,57177140,0,0,0,0,0,0,1,94,10125596,206,206,57177140,0,0,0,0,0,0,1,94,10125596
201712,47,043,3,6,Dickson County                ,17,17,3593368,0,0,0,0,0,0,0,0,0,16,16,3367970,0,0,0,0,0,0,0,0,0
201712,47,049,3,6,Fentress County               ,0,0,0,0,0,0,0,0,0,0,0,0,0,0,0,0,0,0,0,0,0,0,0,0
201712,47,081,3,6,Hickman County                ,4,4,719063,0,0,0,0,0,0,0,0,0,0,0,0,0,0,0,0,0,0,0,0,0
201712,47,093,3,6,Knox County                   ,102,102,20707417,0,0,0,0,0,0,2,30,1609009,18,18,3840368,0,0,0,0,0,0,2,30,1609009
201712,47,105,3,6,Loudon County                 ,30,30,6287665,0,0,0,0,0,0,0,0,0,26,26,5599542,0,0,0,0,0,0,0,0,0
201712,47,125,3,6,Montgomery County             ,110,110,17928521,1,2,100000,0,0,0,0,0,0,110,110,17928521,1,2,100000,0,0,0,0,0,0
201712,47,139,3,6,Polk County                   ,13,13,2341613,0,0,0,0,0,0,0,0,0,0,0,0,0,0,0,0,0,0,0,0,0
201712,47,149,3,6,Rutherford County             ,123,123,31760115,1,2,618073,0,0,0,0,0,0,118,118,30874224,1,2,618073,0,0,0,0,0,0
201712,47,153,3,6,Sequatchie County             ,0,0,0,0,0,0,0,0,0,0,0,0,0,0,0,0,0,0,0,0,0,0,0,0
201712,47,157,3,6,Shelby County                 ,87,87,22495658,0,0,0,0,0,0,4,206,19894791,87,87,22495658,0,0,0,0,0,0,4,206,19894791
201712,47,159,3,6,Smith County                  ,6,6,1212857,0,0,0,0,0,0,0,0,0,5,5,985000,0,0,0,0,0,0,0,0,0
201712,47,161,3,6,Stewart County                ,0,0,0,0,0,0,0,0,0,0,0,0,0,0,0,0,0,0,0,0,0,0,0,0
201712,47,165,3,6,Sumner County                 ,71,71,15965002,0,0,0,0,0,0,0,0,0,71,71,15965002,0,0,0,0,0,0,0,0,0
201712,47,167,3,6,Tipton County                 ,8,8,1162392,0,0,0,0,0,0,0,0,0,4,4,633990,0,0,0,0,0,0,0,0,0
201712,47,169,3,6,Trousdale County              ,3,3,699000,0,0,0,0,0,0,0,0,0,3,3,699000,0,0,0,0,0,0,0,0,0
201712,47,173,3,6,Union County                  ,7,7,1470000,0,0,0,0,0,0,0,0,0,7,7,1470000,0,0,0,0,0,0,0,0,0
201712,47,175,3,6,Van Buren County              ,0,0,0,0,0,0,0,0,0,0,0,0,0,0,0,0,0,0,0,0,0,0,0,0
201712,47,189,3,6,Wilson County                 ,146,146,35513310,0,0,0,0,0,0,20,208,13449460,146,146,35513310,0,0,0,0,0,0,20,208,13449460
201712,48,013,3,7,Atascosa County               ,4,4,854458,0,0,0,0,0,0,0,0,0,3,3,682209,0,0,0,0,0,0,0,0,0
201712,48,015,3,7,Austin County                 ,3,3,465982,0,0,0,0,0,0,0,0,0,0,0,0,0,0,0,0,0,0,0,0,0
201712,48,019,3,7,Bandera County                ,0,0,0,0,0,0,0,0,0,0,0,0,0,0,0,0,0,0,0,0,0,0,0,0
201712,48,021,3,7,Bastrop County                ,16,16,1747951,1,2,174000,0,0,0,0,0,0,11,11,1055840,0,0,0,0,0,0,0,0,0
201712,48,025,3,7,Bee County                    ,0,0,0,0,0,0,0,0,0,0,0,0,0,0,0,0,0,0,0,0,0,0,0,0
201712,48,027,3,7,Bell County                   ,92,92,19591210,6,12,1991500,0,0,0,14,211,12072000,89,89,18892273,6,12,1991500,0,0,0,13,206,11675230
201712,48,029,3,7,Bexar County                  ,246,246,48459822,4,8,563920,4,16,467480,25,346,30003502,213,213,44109620,4,8,563920,4,16,467480,24,341,28938006
201712,48,051,3,7,Burleson County               ,1,1,280000,0,0,0,0,0,0,0,0,0,1,1,280000,0,0,0,0,0,0,0,0,0
201712,48,055,3,7,Caldwell County               ,17,17,3168967,0,0,0,0,0,0,0,0,0,3,3,189800,0,0,0,0,0,0,0,0,0
201712,48,085,3,7,Collin County                 ,636,636,196359293,2,4,890016,0,0,0,2,223,24548923,600,600,184707436,2,4,890016,0,0,0,1,212,22969436
201712,48,091,3,7,Comal County                  ,153,153,35343604,1,2,217141,0,0,0,0,0,0,153,153,35343604,1,2,217141,0,0,0,0,0,0
201712,48,099,3,7,Coryell County                ,13,13,2008911,3,6,446338,0,0,0,0,0,0,3,3,580000,2,4,300000,0,0,0,0,0,0
201712,48,107,3,7,Crosby County                 ,1,1,67000,0,0,0,0,0,0,0,0,0,0,0,0,0,0,0,0,0,0,0,0,0
201712,48,113,3,7,Dallas County                 ,321,321,96126370,4,8,1245732,3,12,1810727,8,500,47348180,197,197,68038084,0,0,0,1,4,991990,0,0,0
201712,48,119,3,7,Delta County                  ,0,0,0,0,0,0,0,0,0,0,0,0,0,0,0,0,0,0,0,0,0,0,0,0
201712,48,135,3,7,Ector County                  ,34,34,6500896,0,0,0,0,0,0,0,0,0,0,0,0,0,0,0,0,0,0,0,0,0
201712,48,139,3,7,Ellis County                  ,113,113,21297145,1,2,217141,0,0,0,0,0,0,111,111,21014334,1,2,217141,0,0,0,0,0,0
201712,48,141,3,7,El Paso County                ,197,197,44332452,3,6,587838,1,4,362245,6,40,5686914,36,36,3628088,0,0,0,0,0,0,0,0,0
201712,48,157,3,7,Fort Bend County              ,716,716,96034482,0,0,0,0,0,0,1,7,547809,111,111,40254744,0,0,0,0,0,0,0,0,0
201712,48,167,3,7,Galveston County              ,151,151,36628570,0,0,0,0,0,0,0,0,0,43,43,12106667,0,0,0,0,0,0,0,0,0
201712,48,185,3,7,Grimes County                 ,1,1,162225,0,0,0,0,0,0,0,0,0,1,1,162225,0,0,0,0,0,0,0,0,0
201712,48,187,3,7,Guadalupe County              ,85,85,22237318,0,0,0,0,0,0,0,0,0,85,85,22237318,0,0,0,0,0,0,0,0,0
201712,48,193,3,7,Hamilton County               ,0,0,0,0,0,0,0,0,0,0,0,0,0,0,0,0,0,0,0,0,0,0,0,0
201712,48,195,3,7,Hansford County               ,0,0,0,0,0,0,0,0,0,0,0,0,0,0,0,0,0,0,0,0,0,0,0,0
201712,48,201,3,7,Harris County                 ,1146,1146,230033280,3,6,530182,9,36,3600000,17,686,74496555,1135,1135,220914352,3,6,530182,9,36,3600000,17,686,74496555
201712,48,211,3,7,Hemphill County               ,0,0,0,0,0,0,0,0,0,0,0,0,0,0,0,0,0,0,0,0,0,0,0,0
201712,48,215,3,7,Hidalgo County                ,184,184,31328726,5,10,631945,12,47,2835607,1,31,2425912,130,130,21777333,3,6,403236,7,27,1535000,0,0,0
201712,48,233,3,7,Hutchinson County             ,0,0,0,0,0,0,0,0,0,1,5,396770,0,0,0,0,0,0,0,0,0,0,0,0
201712,48,251,3,7,Johnson County                ,20,20,6072129,0,0,0,0,0,0,0,0,0,20,20,6072129,0,0,0,0,0,0,0,0,0
201712,48,257,3,7,Kaufman County                ,144,144,26186317,0,0,0,0,0,0,0,0,0,136,136,24970070,0,0,0,0,0,0,0,0,0
201712,48,259,3,7,Kendall County                ,18,18,5074160,0,0,0,0,0,0,1,15,1109896,0,0,0,0,0,0,0,0,0,0,0,0
201712,48,271,3,7,Kinney County                 ,0,0,0,0,0,0,0,0,0,0,0,0,0,0,0,0,0,0,0,0,0,0,0,0
201712,48,281,3,7,Lampasas County               ,1,1,250000,0,0,0,0,0,0,0,0,0,1,1,250000,0,0,0,0,0,0,0,0,0
201712,48,291,3,7,Liberty County                ,35,35,5312445,0,0,0,0,0,0,0,0,0,5,5,952970,0,0,0,0,0,0,0,0,0
201712,48,303,3,7,Lubbock County                ,100,100,22759908,3,6,734234,1,3,401625,5,66,7562333,9,9,1913000,0,0,0,0,0,0,0,0,0
201712,48,323,3,7,Maverick County               ,5,5,610078,0,0,0,0,0,0,0,0,0,0,0,0,0,0,0,0,0,0,0,0,0
201712,48,325,3,7,Medina County                 ,2,2,381000,0,0,0,0,0,0,0,0,0,2,2,381000,0,0,0,0,0,0,0,0,0
201712,48,329,3,7,Midland County                ,37,37,7135200,0,0,0,0,0,0,0,0,0,37,37,7135200,0,0,0,0,0,0,0,0,0
201712,48,339,3,7,Montgomery County             ,374,374,84156708,0,0,0,0,0,0,0,0,0,368,368,82996039,0,0,0,0,0,0,0,0,0
201712,48,367,3,7,Parker County                 ,36,36,8129783,0,0,0,0,0,0,1,5,526370,24,24,4915730,0,0,0,0,0,0,0,0,0
201712,48,375,3,7,Potter County                 ,41,41,10302208,1,2,192216,0,0,0,0,0,0,41,41,10302208,1,2,192216,0,0,0,0,0,0
201712,48,383,3,7,Reagan County                 ,1,1,204195,0,0,0,0,0,0,0,0,0,0,0,0,0,0,0,0,0,0,0,0,0
201712,48,385,3,7,Real County                   ,0,0,0,0,0,0,0,0,0,0,0,0,0,0,0,0,0,0,0,0,0,0,0,0
201712,48,395,3,7,Robertson County              ,2,2,462492,0,0,0,0,0,0,0,0,0,2,2,462492,0,0,0,0,0,0,0,0,0
201712,48,397,3,7,Rockwall County               ,91,91,26239955,0,0,0,0,0,0,0,0,0,81,81,22404789,0,0,0,0,0,0,0,0,0
201712,48,407,3,7,San Jacinto County            ,26,26,6012394,0,0,0,0,0,0,0,0,0,26,26,6012394,0,0,0,0,0,0,0,0,0
201712,48,411,3,7,San Saba County               ,0,0,0,0,0,0,0,0,0,0,0,0,0,0,0,0,0,0,0,0,0,0,0,0
201712,48,451,3,7,Tom Green County              ,12,12,2342000,0,0,0,0,0,0,0,0,0,12,12,2342000,0,0,0,0,0,0,0,0,0
201712,48,453,3,7,Travis County                 ,651,651,133881734,1,2,115000,0,0,0,1,263,18190636,624,624,125689739,1,2,115000,0,0,0,1,263,18190636
201712,48,473,3,7,Waller County                 ,0,0,0,0,0,0,0,0,0,1,5,110903,0,0,0,0,0,0,0,0,0,0,0,0
201712,48,491,3,7,Williamson County             ,326,326,89244280,0,0,0,0,0,0,0,0,0,315,315,87151380,0,0,0,0,0,0,0,0,0
201712,48,493,3,7,Wilson County                 ,4,4,816780,0,0,0,0,0,0,0,0,0,0,0,0,0,0,0,0,0,0,0,0,0
201712,48,497,3,7,Wise County                   ,7,7,1442600,0,0,0,0,0,0,0,0,0,7,7,1442600,0,0,0,0,0,0,0,0,0
201712,49,011,4,8,Davis County                  ,75,75,21987804,0,0,0,5,18,2404040,2,10,1100000,51,51,13986013,0,0,0,5,18,2404040,2,10,1100000
201712,49,023,4,8,Juab County                   ,1,1,274034,0,0,0,0,0,0,0,0,0,1,1,274034,0,0,0,0,0,0,0,0,0
201712,49,029,4,8,Morgan County                 ,7,7,2565045,0,0,0,0,0,0,0,0,0,0,0,0,0,0,0,0,0,0,0,0,0
201712,49,035,4,8,Salt Lake County              ,383,383,90099693,1,2,291734,4,14,2362441,3,18,2536511,302,302,68645128,0,0,0,2,7,1200000,1,5,517000
201712,49,039,4,8,Sanpete County                ,2,2,484250,0,0,0,0,0,0,0,0,0,2,2,484250,0,0,0,0,0,0,0,0,0
201712,49,043,4,8,Summit County                 ,9,9,5601950,0,0,0,1,3,692756,1,7,1195997,4,4,3033166,0,0,0,0,0,0,0,0,0
201712,49,057,4,8,Weber County                  ,64,64,16685094,0,0,0,3,10,1548344,0,0,0,49,49,12553357,0,0,0,0,0,0,0,0,0
201712,51,003,3,5,Albemarle County              ,40,40,12900101,0,0,0,0,0,0,2,11,1132647,0,0,0,0,0,0,0,0,0,0,0,0
201712,51,007,3,5,Amelia County                 ,6,6,1282950,0,0,0,0,0,0,0,0,0,6,6,1282950,0,0,0,0,0,0,0,0,0
201712,51,009,3,5,Amherst County                ,3,3,555365,0,0,0,0,0,0,0,0,0,0,0,0,0,0,0,0,0,0,0,0,0
201712,51,013,3,5,Arlington County              ,17,17,6950000,0,0,0,0,0,0,0,0,0,17,17,6950000,0,0,0,0,0,0,0,0,0
201712,51,015,3,5,Augusta County                ,14,14,3799000,0,0,0,0,0,0,0,0,0,14,14,3799000,0,0,0,0,0,0,0,0,0
201712,51,019,3,5,Bedford County                ,22,22,5683968,0,0,0,0,0,0,0,0,0,0,0,0,0,0,0,0,0,0,0,0,0
201712,51,033,3,5,Caroline County               ,8,8,1533957,0,0,0,0,0,0,0,0,0,0,0,0,0,0,0,0,0,0,0,0,0
201712,51,036,3,5,Charles City County           ,1,1,183676,0,0,0,0,0,0,0,0,0,0,0,0,0,0,0,0,0,0,0,0,0
201712,51,037,3,5,Charlotte County              ,1,1,161539,0,0,0,0,0,0,0,0,0,0,0,0,0,0,0,0,0,0,0,0,0
201712,51,041,3,5,Chesterfield County           ,89,89,20580886,0,0,0,1,4,489700,0,0,0,89,89,20580886,0,0,0,1,4,489700,0,0,0
201712,51,043,3,5,Clarke County                 ,2,2,967287,0,0,0,0,0,0,0,0,0,2,2,967287,0,0,0,0,0,0,0,0,0
201712,51,049,3,5,Cumberland County             ,2,2,348000,0,0,0,0,0,0,0,0,0,2,2,348000,0,0,0,0,0,0,0,0,0
201712,51,051,3,5,Dickenson County              ,0,0,0,0,0,0,0,0,0,0,0,0,0,0,0,0,0,0,0,0,0,0,0,0
201712,51,053,3,5,Dinwiddie County              ,5,5,95353,0,0,0,0,0,0,0,0,0,0,0,0,0,0,0,0,0,0,0,0,0
201712,51,059,3,5,Fairfax County                ,80,80,18528327,0,0,0,0,0,0,0,0,0,80,80,18528327,0,0,0,0,0,0,0,0,0
201712,51,061,3,5,Fauquier County               ,27,27,13233079,0,0,0,0,0,0,0,0,0,27,27,13233079,0,0,0,0,0,0,0,0,0
201712,51,069,3,5,Frederick County              ,43,43,11561750,0,0,0,3,11,1416000,0,0,0,43,43,11561750,0,0,0,3,11,1416000,0,0,0
201712,51,073,3,5,Gloucester County             ,12,12,2423889,1,2,260000,1,3,248724,0,0,0,0,0,0,0,0,0,0,0,0,0,0,0
201712,51,075,3,5,Goochland County              ,11,11,3504019,0,0,0,0,0,0,0,0,0,11,11,3504019,0,0,0,0,0,0,0,0,0
201712,51,085,3,5,Hanover County                ,32,32,8429792,0,0,0,0,0,0,0,0,0,32,32,8429792,0,0,0,0,0,0,0,0,0
201712,51,087,3,5,Henrico County                ,88,88,14023184,0,0,0,0,0,0,0,0,0,88,88,14023184,0,0,0,0,0,0,0,0,0
201712,51,093,3,5,Isle of Wight County          ,13,13,2570546,0,0,0,0,0,0,0,0,0,0,0,0,0,0,0,0,0,0,0,0,0
201712,51,095,3,5,James City County             ,22,22,6000740,3,6,671000,3,12,2016765,0,0,0,22,22,6000740,3,6,671000,3,12,2016765,0,0,0
201712,51,097,3,5,King and Queen County         ,0,0,0,0,0,0,0,0,0,0,0,0,0,0,0,0,0,0,0,0,0,0,0,0
201712,51,099,3,5,King George County            ,6,6,1165357,0,0,0,0,0,0,0,0,0,6,6,1165357,0,0,0,0,0,0,0,0,0
201712,51,107,3,5,Loudoun County                ,160,160,36999345,0,0,0,0,0,0,4,134,14434360,160,160,36999345,0,0,0,0,0,0,4,134,14434360
201712,51,109,3,5,Louisa County                 ,20,20,3791669,0,0,0,0,0,0,0,0,0,0,0,0,0,0,0,0,0,0,0,0,0
201712,51,115,3,5,Mathews County                ,0,0,0,0,0,0,0,0,0,0,0,0,0,0,0,0,0,0,0,0,0,0,0,0
201712,51,127,3,5,New Kent County               ,30,30,6937377,0,0,0,0,0,0,0,0,0,30,30,6937377,0,0,0,0,0,0,0,0,0
201712,51,139,3,5,Page County                   ,5,5,1265850,0,0,0,0,0,0,0,0,0,5,5,1265850,0,0,0,0,0,0,0,0,0
201712,51,145,3,5,Powhatan County               ,19,19,4393672,0,0,0,0,0,0,0,0,0,19,19,4393672,0,0,0,0,0,0,0,0,0
201712,51,149,3,5,Prince George County          ,14,14,2116840,0,0,0,0,0,0,0,0,0,14,14,2116840,0,0,0,0,0,0,0,0,0
201712,51,153,3,5,Prince William County         ,105,105,18930496,0,0,0,0,0,0,0,0,0,105,105,18930496,0,0,0,0,0,0,0,0,0
201712,51,165,3,5,Rockingham County             ,41,41,8383870,0,0,0,0,0,0,0,0,0,41,41,8383870,0,0,0,0,0,0,0,0,0
201712,51,175,3,5,Southampton County            ,3,3,441889,0,0,0,0,0,0,0,0,0,0,0,0,0,0,0,0,0,0,0,0,0
201712,51,177,3,5,Spotsylvania County           ,48,48,14881988,0,0,0,0,0,0,0,0,0,48,48,14881988,0,0,0,0,0,0,0,0,0
201712,51,179,3,5,Stafford County               ,111,111,19967812,0,0,0,0,0,0,0,0,0,111,111,19967812,0,0,0,0,0,0,0,0,0
201712,51,181,3,5,Surry County                  ,2,2,298768,0,0,0,0,0,0,0,0,0,0,0,0,0,0,0,0,0,0,0,0,0
201712,51,183,3,5,Sussex County                 ,2,2,128706,0,0,0,0,0,0,0,0,0,2,2,128706,0,0,0,0,0,0,0,0,0
201712,51,187,3,5,Warren County                 ,19,19,3563452,0,0,0,0,0,0,0,0,0,19,19,3563452,0,0,0,0,0,0,0,0,0
201712,51,199,3,5,York County                   ,15,15,2885316,0,0,0,0,0,0,0,0,0,15,15,2885316,0,0,0,0,0,0,0,0,0
201712,51,510,3,5,Alexandria (Independent City) ,8,8,2107360,0,0,0,0,0,0,0,0,0,8,8,2107360,0,0,0,0,0,0,0,0,0
201712,51,540,3,5,Charlottesville (Independent C,9,9,2041000,0,0,0,0,0,0,0,0,0,9,9,2041000,0,0,0,0,0,0,0,0,0
201712,51,550,3,5,Chesapeake(Independent City)  ,83,83,26094450,0,0,0,0,0,0,0,0,0,83,83,26094450,0,0,0,0,0,0,0,0,0
201712,51,570,3,5,Colonial Heights (Independent ,0,0,0,0,0,0,0,0,0,0,0,0,0,0,0,0,0,0,0,0,0,0,0,0
201712,51,580,3,5,Covington (Independent City)  ,0,0,0,0,0,0,0,0,0,0,0,0,0,0,0,0,0,0,0,0,0,0,0,0
201712,51,600,3,5,Fairfax (Independent City)    ,3,3,1175000,0,0,0,0,0,0,0,0,0,3,3,1175000,0,0,0,0,0,0,0,0,0
201712,51,610,3,5,Falls Church (Independent City,1,1,500000,0,0,0,0,0,0,0,0,0,1,1,500000,0,0,0,0,0,0,0,0,0
201712,51,630,3,5,Fredericksburg(Independent Cit,3,3,465000,0,0,0,0,0,0,0,0,0,3,3,465000,0,0,0,0,0,0,0,0,0
201712,51,650,3,5,Hampton (Independent City)    ,11,11,680205,0,0,0,0,0,0,0,0,0,0,0,0,0,0,0,0,0,0,0,0,0
201712,51,660,3,5,Harrisonburg (Independent City,10,10,1783383,0,0,0,0,0,0,0,0,0,0,0,0,0,0,0,0,0,0,0,0,0
201712,51,670,3,5,Hopewell (Independent City)   ,3,3,271910,0,0,0,0,0,0,0,0,0,0,0,0,0,0,0,0,0,0,0,0,0
201712,51,680,3,5,Lynchburg (Independent City)  ,12,12,2994727,0,0,0,0,0,0,0,0,0,12,12,2994727,0,0,0,0,0,0,0,0,0
201712,51,683,3,5,Manassas (Independent City)   ,11,11,1550316,0,0,0,0,0,0,0,0,0,0,0,0,0,0,0,0,0,0,0,0,0
201712,51,685,3,5,Manassas Park (Independent Cit,0,0,0,0,0,0,0,0,0,0,0,0,0,0,0,0,0,0,0,0,0,0,0,0
201712,51,700,3,5,Newport News (Independent City,5,5,706810,0,0,0,0,0,0,0,0,0,5,5,706810,0,0,0,0,0,0,0,0,0
201712,51,710,3,5,Norfolk (Independent City)    ,31,31,4699000,0,0,0,0,0,0,0,0,0,31,31,4699000,0,0,0,0,0,0,0,0,0
201712,51,730,3,5,Petersburg (Independent City) ,0,0,0,0,0,0,0,0,0,0,0,0,0,0,0,0,0,0,0,0,0,0,0,0
201712,51,735,3,5,Poquoson (Independent City)   ,1,1,270000,0,0,0,0,0,0,0,0,0,1,1,270000,0,0,0,0,0,0,0,0,0
201712,51,740,3,5,Portsmouth (Independent City) ,10,10,1056000,0,0,0,0,0,0,0,0,0,10,10,1056000,0,0,0,0,0,0,0,0,0
201712,51,760,3,5,Richmond (Independent City)   ,11,11,2136487,0,0,0,2,6,405942,0,0,0,11,11,2136487,0,0,0,2,6,405942,0,0,0
201712,51,800,3,5,Suffolk (Independent City)    ,32,32,7399869,0,0,0,0,0,0,0,0,0,32,32,7399869,0,0,0,0,0,0,0,0,0
201712,51,810,3,5,Virginia Beach (Independent Ci,50,50,8427005,0,0,0,0,0,0,0,0,0,50,50,8427005,0,0,0,0,0,0,0,0,0
201712,51,830,3,5,Williamsburg (Independent City,6,6,1218395,0,0,0,0,0,0,0,0,0,6,6,1218395,0,0,0,0,0,0,0,0,0
201712,53,005,4,9,Benton County                 ,64,64,19497051,0,0,0,1,3,406674,1,21,1977667,17,17,4861586,0,0,0,0,0,0,0,0,0
201712,53,011,4,9,Clark County                  ,225,225,60824906,0,0,0,1,3,352317,9,174,13258666,44,44,6962393,0,0,0,0,0,0,7,151,10844751
201712,53,021,4,9,Franklin County               ,46,46,11485027,2,4,675589,0,0,0,0,0,0,2,2,317931,0,0,0,0,0,0,0,0,0
201712,53,031,4,9,Jefferson County              ,13,13,2156998,0,0,0,0,0,0,0,0,0,4,4,571503,0,0,0,0,0,0,0,0,0
201712,53,033,4,9,King County                   ,345,345,130506519,12,24,6148737,18,62,13728540,20,1105,140170795,279,279,104397476,11,22,5775146,18,62,13728540,17,1025,131317059
201712,53,035,4,9,Kitsap County                 ,74,74,22629873,0,0,0,0,0,0,0,0,0,74,74,22629873,0,0,0,0,0,0,0,0,0
201712,53,053,4,9,Pierce County                 ,231,231,72028765,0,0,0,0,0,0,4,51,7656993,231,231,72028765,0,0,0,0,0,0,4,51,7656993
201712,53,055,4,9,San Juan County               ,6,6,1403652,0,0,0,0,0,0,0,0,0,0,0,0,0,0,0,0,0,0,0,0,0
201712,53,059,4,9,Skamania County               ,3,3,635566,0,0,0,0,0,0,0,0,0,0,0,0,0,0,0,0,0,0,0,0,0
201712,53,061,4,9,Snohomish County              ,193,193,53421745,4,8,1498514,1,4,713159,4,144,13912605,127,127,34649378,4,8,1498514,1,4,713159,3,139,13294097
201712,54,011,3,5,Cabell County                 ,4,4,750000,1,2,125000,0,0,0,0,0,0,4,4,750000,1,2,125000,0,0,0,0,0,0
201712,54,015,3,5,Clay County                   ,0,0,0,0,0,0,0,0,0,0,0,0,0,0,0,0,0,0,0,0,0,0,0,0
201712,54,019,3,5,Fayette County                ,2,2,217120,0,0,0,0,0,0,0,0,0,0,0,0,0,0,0,0,0,0,0,0,0
201712,54,037,3,5,Jefferson County              ,24,24,5381331,0,0,0,0,0,0,0,0,0,14,14,2400000,0,0,0,0,0,0,0,0,0
201712,54,081,3,5,Raleigh County                ,1,1,90000,0,0,0,0,0,0,0,0,0,1,1,90000,0,0,0,0,0,0,0,0,0
201712,55,025,2,3,Dane County                   ,81,81,26222936,3,6,878827,2,7,947000,6,303,40602968,38,38,14371903,1,2,200000,1,4,500000,2,112,16130000
201712,55,031,2,3,Douglas County                ,3,3,865000,0,0,0,0,0,0,0,0,0,3,3,865000,0,0,0,0,0,0,0,0,0
201712,55,037,2,3,Florence County               ,1,1,35000,0,0,0,0,0,0,0,0,0,1,1,35000,0,0,0,0,0,0,0,0,0
201712,55,049,2,3,Iowa County                   ,2,2,260000,0,0,0,0,0,0,0,0,0,2,2,260000,0,0,0,0,0,0,0,0,0
201712,55,059,2,3,Kenosha County                ,12,12,3728334,0,0,0,0,0,0,0,0,0,11,11,3380000,0,0,0,0,0,0,0,0,0
201712,55,079,2,3,Milwaukee County              ,9,9,3024422,2,4,879000,0,0,0,0,0,0,7,7,1986922,2,4,879000,0,0,0,0,0,0
201712,55,089,2,3,Ozaukee County                ,20,20,7305826,1,2,389900,0,0,0,1,6,453333,14,14,4551424,1,2,389900,0,0,0,0,0,0
201712,55,093,2,3,Pierce County                 ,2,2,480000,0,0,0,0,0,0,0,0,0,2,2,480000,0,0,0,0,0,0,0,0,0
201712,55,109,2,3,St. Croix County              ,23,23,5546772,1,2,240000,0,0,0,0,0,0,23,23,5546772,1,2,240000,0,0,0,0,0,0
201712,55,131,2,3,Washington County             ,20,20,6092531,0,0,0,0,0,0,0,0,0,12,12,2943245,0,0,0,0,0,0,0,0,0
201712,56,029,4,8,Park County                   ,4,4,939570,1,2,138000,0,0,0,0,0,0,2,2,582103,0,0,0,0,0,0,0,0,0
201712,56,039,4,8,Teton County                  ,9,9,6832113,0,0,0,0,0,0,0,0,0,8,8,6265841,0,0,0,0,0,0,0,0,0
