Survey,FIPS,FIPS,Region,Division,County,,1-unit,,,2-units,,,3-4 units,,,5+ units,,,1-unit rep,,,2-units rep,,,3-4 units rep,,, 5+units rep
Date,State,County,Code,Code,Name,Bldgs,Units,Value,Bldgs,Units,Value,Bldgs,Units,Value,Bldgs,Units,Value,Bldgs,Units,Value,Bldgs,Units,Value,Bldgs,Units,Value,Bldgs,Units,Value
 
201710,01,001,3,6,Autauga County                ,11,11,2791106,0,0,0,0,0,0,0,0,0,11,11,2791106,0,0,0,0,0,0,0,0,0
201710,01,007,3,6,Bibb County                   ,1,1,235594,0,0,0,0,0,0,0,0,0,0,0,0,0,0,0,0,0,0,0,0,0
201710,01,009,3,6,Blount County                 ,3,3,461688,0,0,0,0,0,0,0,0,0,3,3,461688,0,0,0,0,0,0,0,0,0
201710,01,021,3,6,Chilton County                ,2,2,193400,0,0,0,0,0,0,0,0,0,1,1,100000,0,0,0,0,0,0,0,0,0
201710,01,073,3,6,Jefferson County              ,117,117,34045347,0,0,0,0,0,0,1,48,6446338,104,104,31592795,0,0,0,0,0,0,0,0,0
201710,01,081,3,6,Lee County                    ,73,73,20391324,1,2,144250,0,0,0,0,0,0,28,28,7379829,0,0,0,0,0,0,0,0,0
201710,01,083,3,6,Limestone County              ,17,17,3778601,0,0,0,0,0,0,0,0,0,16,16,3699934,0,0,0,0,0,0,0,0,0
201710,01,089,3,6,Madison County                ,203,203,28255284,0,0,0,0,0,0,0,0,0,203,203,28255284,0,0,0,0,0,0,0,0,0
201710,01,113,3,6,Russell County                ,10,10,1464122,0,0,0,0,0,0,0,0,0,10,10,1464122,0,0,0,0,0,0,0,0,0
201710,01,115,3,6,St. Clair County              ,13,13,2913023,0,0,0,0,0,0,0,0,0,9,9,2108835,0,0,0,0,0,0,0,0,0
201710,01,117,3,6,Shelby County                 ,78,78,18437036,0,0,0,0,0,0,1,6,920700,22,22,5096671,0,0,0,0,0,0,0,0,0
201710,01,127,3,6,Walker County                 ,0,0,0,0,0,0,0,0,0,0,0,0,0,0,0,0,0,0,0,0,0,0,0,0
201710,02,013,4,9,Aleutians East Borough        ,0,0,0,0,0,0,0,0,0,0,0,0,0,0,0,0,0,0,0,0,0,0,0,0
201710,02,016,4,9,Aleutians West Census Area    ,1,1,98118,0,0,0,0,0,0,0,0,0,0,0,0,0,0,0,0,0,0,0,0,0
201710,02,020,4,9,Anchorage Municipality        ,69,69,21619804,0,0,0,1,4,694374,2,18,2845720,0,0,0,0,0,0,0,0,0,0,0,0
201710,02,050,4,9,Bethel Census Area            ,0,0,0,0,0,0,0,0,0,0,0,0,0,0,0,0,0,0,0,0,0,0,0,0
201710,02,060,4,9,Bristol Bay Borough           ,0,0,0,0,0,0,0,0,0,0,0,0,0,0,0,0,0,0,0,0,0,0,0,0
201710,02,070,4,9,Dillingham Census Area        ,1,1,287714,0,0,0,0,0,0,0,0,0,0,0,0,0,0,0,0,0,0,0,0,0
201710,02,090,4,9,Fairbanks North Star Borough  ,0,0,0,0,0,0,0,0,0,0,0,0,0,0,0,0,0,0,0,0,0,0,0,0
201710,02,100,4,9,Haines Borough                ,1,1,278570,0,0,0,0,0,0,0,0,0,0,0,0,0,0,0,0,0,0,0,0,0
201710,02,105,4,9,Hoonah-Angoon Census Area     ,0,0,0,0,0,0,0,0,0,0,0,0,0,0,0,0,0,0,0,0,0,0,0,0
201710,02,110,4,9,Juneau City and Borough       ,6,6,1161558,0,0,0,0,0,0,0,0,0,6,6,1161558,0,0,0,0,0,0,0,0,0
201710,02,122,4,9,Kenai Peninsula Borough       ,10,10,2378027,0,0,0,0,0,0,0,0,0,1,1,325000,0,0,0,0,0,0,0,0,0
201710,02,130,4,9,Ketchikan Gateway Borough     ,1,1,291052,0,0,0,0,0,0,0,0,0,1,1,291052,0,0,0,0,0,0,0,0,0
201710,02,150,4,9,Kodiak Island Borough         ,0,0,0,0,0,0,0,0,0,0,0,0,0,0,0,0,0,0,0,0,0,0,0,0
201710,02,158,4,9,Kusilvak Census Area          ,0,0,0,0,0,0,0,0,0,0,0,0,0,0,0,0,0,0,0,0,0,0,0,0
201710,02,170,4,9,Matanuska-Susitna Borough     ,15,15,4167985,0,0,0,0,0,0,0,0,0,15,15,4167985,0,0,0,0,0,0,0,0,0
201710,02,180,4,9,Nome Census Area              ,1,1,135319,1,2,172044,0,0,0,0,0,0,0,0,0,0,0,0,0,0,0,0,0,0
201710,02,185,4,9,North Slope Borough           ,1,1,272831,0,0,0,0,0,0,0,0,0,0,0,0,0,0,0,0,0,0,0,0,0
201710,02,188,4,9,Northwest Arctic Borough      ,0,0,0,0,0,0,0,0,0,0,0,0,0,0,0,0,0,0,0,0,0,0,0,0
201710,02,195,4,9,Petersburg Borough            ,1,1,348917,0,0,0,0,0,0,0,0,0,0,0,0,0,0,0,0,0,0,0,0,0
201710,02,198,4,9,Prince of Wales-Hyder Census A,0,0,0,0,0,0,0,0,0,0,0,0,0,0,0,0,0,0,0,0,0,0,0,0
201710,02,220,4,9,Sitka City and Borough        ,1,1,248107,0,0,0,0,0,0,0,0,0,0,0,0,0,0,0,0,0,0,0,0,0
201710,02,230,4,9,Skagway Municipality          ,1,1,209000,0,0,0,0,0,0,0,0,0,0,0,0,0,0,0,0,0,0,0,0,0
201710,02,261,4,9,Valdez-Cordova Census Area    ,0,0,0,0,0,0,0,0,0,0,0,0,0,0,0,0,0,0,0,0,0,0,0,0
201710,02,275,4,9,Wrangell City and Borough     ,0,0,0,0,0,0,0,0,0,0,0,0,0,0,0,0,0,0,0,0,0,0,0,0
201710,02,282,4,9,Yakutat City and Borough      ,0,0,0,0,0,0,0,0,0,0,0,0,0,0,0,0,0,0,0,0,0,0,0,0
201710,02,290,4,9,Yukon-Koyukuk Census Area     ,0,0,0,0,0,0,0,0,0,0,0,0,0,0,0,0,0,0,0,0,0,0,0,0
201710,04,013,4,8,Maricopa County               ,1365,1365,368652057,5,10,1025782,4,15,3319369,38,887,98707873,1345,1345,356989316,5,10,1025782,4,15,3319369,37,882,97951651
201710,04,019,4,8,Pima County                   ,242,242,67631305,0,0,0,0,0,0,1,5,427766,91,91,25822806,0,0,0,0,0,0,0,0,0
201710,04,021,4,8,Pinal County                  ,246,246,52557180,7,14,874160,0,0,0,0,0,0,246,246,52557180,7,14,874160,0,0,0,0,0,0
201710,05,013,3,7,Calhoun County                ,0,0,0,0,0,0,0,0,0,0,0,0,0,0,0,0,0,0,0,0,0,0,0,0
201710,05,035,3,7,Crittenden County             ,3,3,465746,0,0,0,0,0,0,0,0,0,3,3,465746,0,0,0,0,0,0,0,0,0
201710,05,045,3,7,Faulkner County               ,27,27,5525255,1,2,152889,0,0,0,1,5,187500,7,7,955000,0,0,0,0,0,0,0,0,0
201710,05,053,3,7,Grant County                  ,1,1,152000,0,0,0,0,0,0,0,0,0,0,0,0,0,0,0,0,0,0,0,0,0
201710,05,085,3,7,Lonoke County                 ,30,30,4116212,0,0,0,0,0,0,0,0,0,12,12,2563650,0,0,0,0,0,0,0,0,0
201710,05,087,3,7,Madison County                ,1,1,190000,0,0,0,0,0,0,0,0,0,0,0,0,0,0,0,0,0,0,0,0,0
201710,05,091,3,7,Miller County                 ,3,3,447320,0,0,0,0,0,0,0,0,0,0,0,0,0,0,0,0,0,0,0,0,0
201710,05,105,3,7,Perry County                  ,0,0,0,0,0,0,0,0,0,0,0,0,0,0,0,0,0,0,0,0,0,0,0,0
201710,05,119,3,7,Pulaski County                ,128,128,23006078,0,0,0,1,4,425000,0,0,0,107,107,19708127,0,0,0,1,4,425000,0,0,0
201710,05,129,3,7,Searcy County                 ,0,0,0,0,0,0,0,0,0,0,0,0,0,0,0,0,0,0,0,0,0,0,0,0
201710,05,143,3,7,Washington County             ,112,112,25887607,0,0,0,0,0,0,0,0,0,99,99,24358539,0,0,0,0,0,0,0,0,0
201710,06,001,4,9,Alameda County                ,174,174,50239935,8,16,4660296,7,26,6626222,21,306,41388696,100,100,27026788,8,16,4660296,7,26,6626222,14,231,27232320
201710,06,013,4,9,Contra Costa County           ,124,124,41188418,0,0,0,1,4,188352,1,5,634806,112,112,38761072,0,0,0,0,0,0,0,0,0
201710,06,017,4,9,El Dorado County              ,70,70,25284435,0,0,0,0,0,0,0,0,0,60,60,21951629,0,0,0,0,0,0,0,0,0
201710,06,019,4,9,Fresno County                 ,234,234,62092103,1,2,428459,0,0,0,0,0,0,219,219,58298802,1,2,428459,0,0,0,0,0,0
201710,06,037,4,9,Los Angeles County            ,427,427,166342323,46,92,15836850,2,7,1668374,35,1200,242054734,360,360,133910638,45,90,15576759,1,4,929922,27,1022,218302088
201710,06,041,4,9,Marin County                  ,3,3,3374034,0,0,0,0,0,0,0,0,0,3,3,3374034,0,0,0,0,0,0,0,0,0
201710,06,059,4,9,Orange County                 ,496,496,153154048,9,18,4156130,2,6,1194773,16,479,99470546,453,453,136424784,6,12,2548990,1,3,684525,13,346,82810040
201710,06,061,4,9,Placer County                 ,195,195,61120202,0,0,0,0,0,0,3,52,8929983,193,193,60466394,0,0,0,0,0,0,3,52,8929983
201710,06,063,4,9,Plumas County                 ,7,7,1103179,0,0,0,0,0,0,0,0,0,7,7,1103179,0,0,0,0,0,0,0,0,0
201710,06,067,4,9,Sacramento County             ,390,390,100652455,0,0,0,0,0,0,18,355,44567106,390,390,100652455,0,0,0,0,0,0,18,355,44567106
201710,06,069,4,9,San Benito County             ,75,75,19091461,0,0,0,0,0,0,0,0,0,63,63,15379615,0,0,0,0,0,0,0,0,0
201710,06,071,4,9,San Bernardino County         ,301,301,58763864,0,0,0,0,0,0,5,40,4677105,261,261,47966557,0,0,0,0,0,0,3,30,4011438
201710,06,073,4,9,San Diego County              ,305,305,94549754,8,16,3372738,3,10,1445489,17,470,118134162,293,293,92547231,8,16,3372738,3,10,1445489,17,470,118134162
201710,06,075,4,9,San Francisco County          ,5,5,1370172,1,2,759535,1,3,1500000,3,774,109703664,5,5,1370172,1,2,759535,1,3,1500000,3,774,109703664
201710,06,081,4,9,San Mateo County              ,34,34,27599172,2,4,1116572,1,3,1163100,6,93,16588988,19,19,18330302,2,4,1116572,0,0,0,1,9,2300000
201710,06,085,4,9,Santa Clara County            ,201,201,70582056,0,0,0,3,11,2502597,13,992,137466246,173,173,61175407,0,0,0,1,4,793000,11,948,130253014
201710,06,091,4,9,Sierra County                 ,2,2,612525,0,0,0,0,0,0,0,0,0,2,2,612525,0,0,0,0,0,0,0,0,0
201710,06,113,4,9,Yolo County                   ,39,39,10498590,0,0,0,0,0,0,4,56,14336000,39,39,10498590,0,0,0,0,0,0,4,56,14336000
201710,08,001,4,8,Adams County                  ,158,158,43650741,0,0,0,0,0,0,3,49,5973251,142,142,38736455,0,0,0,0,0,0,2,20,2834720
201710,08,005,4,8,Arapahoe County               ,177,177,48479809,0,0,0,0,0,0,0,0,0,174,174,48101673,0,0,0,0,0,0,0,0,0
201710,08,014,4,8,Broomfield County             ,30,30,10055249,0,0,0,0,0,0,0,0,0,30,30,10055249,0,0,0,0,0,0,0,0,0
201710,08,015,4,8,Chaffee County                ,13,13,3443548,1,2,323962,1,3,549700,0,0,0,0,0,0,0,0,0,0,0,0,0,0,0
201710,08,019,4,8,Clear Creek County            ,1,1,333828,0,0,0,0,0,0,0,0,0,0,0,0,0,0,0,0,0,0,0,0,0
201710,08,031,4,8,Denver County                 ,222,222,60835659,5,10,772757,0,0,0,3,341,46235951,222,222,60835659,5,10,772757,0,0,0,3,341,46235951
201710,08,035,4,8,Douglas County                ,265,265,86152775,0,0,0,0,0,0,3,48,3939108,183,183,62976841,0,0,0,0,0,0,0,0,0
201710,08,039,4,8,Elbert County                 ,17,17,5547309,0,0,0,0,0,0,0,0,0,17,17,5547309,0,0,0,0,0,0,0,0,0
201710,08,041,4,8,El Paso County                ,285,285,112105690,0,0,0,0,0,0,5,284,35834273,285,285,112105690,0,0,0,0,0,0,5,284,35834273
201710,08,047,4,8,Gilpin County                 ,3,3,822104,0,0,0,0,0,0,0,0,0,3,3,822104,0,0,0,0,0,0,0,0,0
201710,08,069,4,8,Larimer County                ,127,127,35073342,1,2,496202,0,0,0,2,36,3866109,127,127,35073342,1,2,496202,0,0,0,2,36,3866109
201710,08,077,4,8,Mesa County                   ,62,62,9031714,0,0,0,0,0,0,1,6,395147,62,62,9031714,0,0,0,0,0,0,1,6,395147
201710,08,093,4,8,Park County                   ,7,7,1364325,0,0,0,0,0,0,0,0,0,7,7,1364325,0,0,0,0,0,0,0,0,0
201710,08,101,4,8,Pueblo County                 ,41,41,7209326,0,0,0,0,0,0,0,0,0,41,41,7209326,0,0,0,0,0,0,0,0,0
201710,08,119,4,8,Teller County                 ,18,18,4390270,0,0,0,0,0,0,0,0,0,18,18,4390270,0,0,0,0,0,0,0,0,0
201710,09,001,1,1,Fairfield County              ,64,64,35618485,3,6,1007200,2,7,900565,4,274,31341768,41,41,17039924,2,4,880000,2,7,900565,3,269,30936500
201710,09,003,1,1,Hartford County               ,40,40,8791232,0,0,0,0,0,0,1,5,243431,35,35,7486223,0,0,0,0,0,0,0,0,0
201710,09,007,1,1,Middlesex County              ,19,19,5288832,0,0,0,0,0,0,1,10,400000,16,16,4708525,0,0,0,0,0,0,1,10,400000
201710,09,013,1,1,Tolland County                ,16,16,4391820,0,0,0,0,0,0,2,13,1113650,12,12,3549678,0,0,0,0,0,0,1,8,500000
201710,10,001,3,5,Kent County                   ,83,83,12068025,1,2,165412,0,0,0,0,0,0,81,81,11780331,1,2,165412,0,0,0,0,0,0
201710,10,003,3,5,New Castle County             ,105,105,8735538,0,0,0,0,0,0,2,21,1064946,15,15,1463835,0,0,0,0,0,0,0,0,0
201710,10,005,3,5,Sussex County                 ,299,299,43382458,9,18,2731838,2,8,864400,1,6,420000,299,299,43382458,9,18,2731838,2,8,864400,1,6,420000
201710,11,001,3,5,Washington  DC                ,17,17,3931180,2,4,434282,0,0,0,5,1374,148006046,17,17,3931180,2,4,434282,0,0,0,5,1374,148006046
201710,12,003,3,5,Baker County                  ,2,2,446114,0,0,0,0,0,0,0,0,0,2,2,446114,0,0,0,0,0,0,0,0,0
201710,12,019,3,5,Clay County                   ,79,79,15602456,0,0,0,0,0,0,0,0,0,79,79,15602456,0,0,0,0,0,0,0,0,0
201710,12,029,3,5,Dixie County                  ,3,3,378970,0,0,0,0,0,0,0,0,0,0,0,0,0,0,0,0,0,0,0,0,0
201710,12,031,3,5,Duval County                  ,329,329,77910328,11,22,2388549,0,0,0,5,444,47827281,309,309,71454985,11,22,2388549,0,0,0,5,444,47827281
201710,12,033,3,5,Escambia County               ,116,116,26824525,4,8,322000,0,0,0,0,0,0,116,116,26824525,4,8,322000,0,0,0,0,0,0
201710,12,053,3,5,Hernando County               ,56,56,9968609,0,0,0,0,0,0,0,0,0,56,56,9968609,0,0,0,0,0,0,0,0,0
201710,12,057,3,5,Hillsborough County           ,598,598,190339395,0,0,0,0,0,0,11,909,77139728,598,598,190339395,0,0,0,0,0,0,11,909,77139728
201710,12,067,3,5,Lafayette County              ,1,1,179324,0,0,0,0,0,0,0,0,0,0,0,0,0,0,0,0,0,0,0,0,0
201710,12,071,3,5,Lee County                    ,508,508,109386296,7,14,2171950,2,8,2103306,5,260,18986080,508,508,109386296,7,14,2171950,2,8,2103306,5,260,18986080
201710,12,073,3,5,Leon County                   ,50,50,8651128,0,0,0,0,0,0,1,49,3555754,20,20,3519113,0,0,0,0,0,0,0,0,0
201710,12,081,3,5,Manatee County                ,229,229,51344262,0,0,0,2,8,1051060,1,36,3088112,223,223,49936478,0,0,0,2,8,1051060,1,36,3088112
201710,12,086,3,5,Miami-Dade County             ,152,152,63932534,3,6,1082020,0,0,0,15,592,68193590,137,137,51074244,3,6,1082020,0,0,0,14,586,59151768
201710,12,089,3,5,Nassau County                 ,71,71,23829747,0,0,0,0,0,0,1,8,1602583,71,71,23829747,0,0,0,0,0,0,1,8,1602583
201710,12,091,3,5,Okaloosa County               ,70,70,22373434,0,0,0,0,0,0,0,0,0,67,67,21945436,0,0,0,0,0,0,0,0,0
201710,12,095,3,5,Orange County                 ,543,543,147872128,5,10,1430609,2,6,1052731,1,26,3608628,533,533,143296672,5,10,1430609,2,6,1052731,0,0,0
201710,12,097,3,5,Osceola County                ,249,249,65065857,0,0,0,0,0,0,0,0,0,249,249,65065857,0,0,0,0,0,0,0,0,0
201710,12,101,3,5,Pasco County                  ,267,267,62433904,0,0,0,0,0,0,4,25,617085,264,264,61879771,0,0,0,0,0,0,4,25,617085
201710,12,103,3,5,Pinellas County               ,73,73,24434970,0,0,0,0,0,0,2,45,5330785,69,69,23022901,0,0,0,0,0,0,0,0,0
201710,12,109,3,5,St. Johns County              ,410,410,94769974,0,0,0,0,0,0,0,0,0,410,410,94769974,0,0,0,0,0,0,0,0,0
201710,12,113,3,5,Santa Rosa County             ,199,199,30746640,0,0,0,0,0,0,0,0,0,199,199,30746640,0,0,0,0,0,0,0,0,0
201710,12,115,3,5,Sarasota County               ,211,211,64318877,0,0,0,2,8,2020154,1,5,7106818,176,176,53249000,0,0,0,2,8,2020154,0,0,0
201710,12,117,3,5,Seminole County               ,93,93,29259330,0,0,0,0,0,0,1,16,1497100,93,93,29259330,0,0,0,0,0,0,1,16,1497100
201710,12,119,3,5,Sumter County                 ,180,180,52634591,0,0,0,0,0,0,0,0,0,180,180,52634591,0,0,0,0,0,0,0,0,0
201710,12,129,3,5,Wakulla County                ,22,22,2967700,0,0,0,0,0,0,0,0,0,22,22,2967700,0,0,0,0,0,0,0,0,0
201710,12,131,3,5,Walton County                 ,99,99,39203769,0,0,0,0,0,0,0,0,0,99,99,39203769,0,0,0,0,0,0,0,0,0
201710,12,133,3,5,Washington County             ,5,5,722909,0,0,0,0,0,0,0,0,0,0,0,0,0,0,0,0,0,0,0,0,0
201710,13,007,3,5,Baker County                  ,0,0,0,0,0,0,0,0,0,0,0,0,0,0,0,0,0,0,0,0,0,0,0,0
201710,13,013,3,5,Barrow County                 ,48,48,6468156,0,0,0,0,0,0,0,0,0,34,34,4751720,0,0,0,0,0,0,0,0,0
201710,13,015,3,5,Bartow County                 ,53,53,6358153,0,0,0,0,0,0,0,0,0,52,52,6023153,0,0,0,0,0,0,0,0,0
201710,13,021,3,5,Bibb County                   ,8,8,831904,0,0,0,0,0,0,0,0,0,8,8,831904,0,0,0,0,0,0,0,0,0
201710,13,029,3,5,Bryan County                  ,57,57,12687528,0,0,0,0,0,0,0,0,0,57,57,12687528,0,0,0,0,0,0,0,0,0
201710,13,033,3,5,Burke County                  ,4,4,716018,0,0,0,0,0,0,0,0,0,0,0,0,0,0,0,0,0,0,0,0,0
201710,13,035,3,5,Butts County                  ,7,7,1341000,0,0,0,0,0,0,0,0,0,7,7,1341000,0,0,0,0,0,0,0,0,0
201710,13,045,3,5,Carroll County                ,25,25,6349399,0,0,0,0,0,0,0,0,0,25,25,6349399,0,0,0,0,0,0,0,0,0
201710,13,051,3,5,Chatham County                ,56,56,11547546,2,4,416000,0,0,0,0,0,0,56,56,11547546,2,4,416000,0,0,0,0,0,0
201710,13,057,3,5,Cherokee County               ,179,179,53344841,0,0,0,0,0,0,0,0,0,179,179,53344841,0,0,0,0,0,0,0,0,0
201710,13,059,3,5,Clarke County                 ,13,13,2650920,0,0,0,0,0,0,0,0,0,13,13,2650920,0,0,0,0,0,0,0,0,0
201710,13,063,3,5,Clayton County                ,4,4,792868,0,0,0,0,0,0,0,0,0,3,3,693738,0,0,0,0,0,0,0,0,0
201710,13,067,3,5,Cobb County                   ,144,144,38180702,0,0,0,2,7,1501320,11,318,40994542,144,144,38180702,0,0,0,2,7,1501320,11,318,40994542
201710,13,073,3,5,Columbia County               ,109,109,20598335,0,0,0,0,0,0,0,0,0,8,8,1432400,0,0,0,0,0,0,0,0,0
201710,13,077,3,5,Coweta County                 ,80,80,27738532,0,0,0,0,0,0,0,0,0,45,45,17684054,0,0,0,0,0,0,0,0,0
201710,13,085,3,5,Dawson County                 ,31,31,5401499,0,0,0,0,0,0,0,0,0,31,31,5401499,0,0,0,0,0,0,0,0,0
201710,13,095,3,5,Dougherty County              ,3,3,444705,0,0,0,0,0,0,1,5,503634,0,0,0,0,0,0,0,0,0,0,0,0
201710,13,097,3,5,Douglas County                ,18,18,3526138,0,0,0,0,0,0,0,0,0,18,18,3526138,0,0,0,0,0,0,0,0,0
201710,13,111,3,5,Fannin County                 ,34,34,6603687,0,0,0,0,0,0,0,0,0,34,34,6603687,0,0,0,0,0,0,0,0,0
201710,13,113,3,5,Fayette County                ,60,60,16404593,0,0,0,0,0,0,0,0,0,57,57,15235467,0,0,0,0,0,0,0,0,0
201710,13,115,3,5,Floyd County                  ,7,7,1413755,0,0,0,0,0,0,0,0,0,7,7,1413755,0,0,0,0,0,0,0,0,0
201710,13,117,3,5,Forsyth County                ,179,179,27178551,0,0,0,0,0,0,1,30,1124300,179,179,27178551,0,0,0,0,0,0,1,30,1124300
201710,13,121,3,5,Fulton County                 ,328,328,86826440,0,0,0,0,0,0,4,416,25503185,323,323,86182114,0,0,0,0,0,0,4,416,25503185
201710,13,127,3,5,Glynn County                  ,44,44,13283072,0,0,0,0,0,0,0,0,0,0,0,0,0,0,0,0,0,0,0,0,0
201710,13,135,3,5,Gwinnett County               ,281,281,68491356,0,0,0,0,0,0,0,0,0,273,273,66191630,0,0,0,0,0,0,0,0,0
201710,13,143,3,5,Haralson County               ,4,4,776575,0,0,0,0,0,0,0,0,0,0,0,0,0,0,0,0,0,0,0,0,0
201710,13,145,3,5,Harris County                 ,15,15,4749420,0,0,0,0,0,0,0,0,0,15,15,4749420,0,0,0,0,0,0,0,0,0
201710,13,149,3,5,Heard County                  ,5,5,1156230,0,0,0,0,0,0,0,0,0,5,5,1156230,0,0,0,0,0,0,0,0,0
201710,13,151,3,5,Henry County                  ,119,119,25350298,0,0,0,0,0,0,0,0,0,119,119,25350298,0,0,0,0,0,0,0,0,0
201710,13,159,3,5,Jasper County                 ,6,6,803844,0,0,0,0,0,0,0,0,0,0,0,0,0,0,0,0,0,0,0,0,0
201710,13,171,3,5,Lamar County                  ,3,3,427380,0,0,0,0,0,0,0,0,0,3,3,427380,0,0,0,0,0,0,0,0,0
201710,13,177,3,5,Lee County                    ,8,8,1501399,0,0,0,0,0,0,0,0,0,8,8,1501399,0,0,0,0,0,0,0,0,0
201710,13,179,3,5,Liberty County                ,34,34,7770364,0,0,0,0,0,0,0,0,0,34,34,7770364,0,0,0,0,0,0,0,0,0
201710,13,189,3,5,McDuffie County               ,2,2,284957,0,0,0,0,0,0,0,0,0,0,0,0,0,0,0,0,0,0,0,0,0
201710,13,199,3,5,Meriwether County             ,4,4,910397,0,0,0,0,0,0,0,0,0,0,0,0,0,0,0,0,0,0,0,0,0
201710,13,201,3,5,Miller County                 ,0,0,0,0,0,0,0,0,0,0,0,0,0,0,0,0,0,0,0,0,0,0,0,0
201710,13,207,3,5,Monroe County                 ,9,9,1997141,0,0,0,0,0,0,0,0,0,0,0,0,0,0,0,0,0,0,0,0,0
201710,13,215,3,5,Muscogee County               ,24,24,4604685,1,2,162161,1,3,184640,1,8,1991583,0,0,0,0,0,0,0,0,0,0,0,0
201710,13,217,3,5,Newton County                 ,36,36,8324853,0,0,0,0,0,0,0,0,0,36,36,8324853,0,0,0,0,0,0,0,0,0
201710,13,227,3,5,Pickens County                ,10,10,2614281,0,0,0,0,0,0,0,0,0,0,0,0,0,0,0,0,0,0,0,0,0
201710,13,231,3,5,Pike County                   ,8,8,1298017,0,0,0,0,0,0,0,0,0,0,0,0,0,0,0,0,0,0,0,0,0
201710,13,235,3,5,Pulaski County                ,0,0,0,0,0,0,0,0,0,0,0,0,0,0,0,0,0,0,0,0,0,0,0,0
201710,13,245,3,5,Richmond County               ,28,28,4284490,0,0,0,0,0,0,1,26,1740880,0,0,0,0,0,0,0,0,0,0,0,0
201710,13,247,3,5,Rockdale County               ,18,18,4162426,0,0,0,0,0,0,0,0,0,18,18,4162426,0,0,0,0,0,0,0,0,0
201710,13,255,3,5,Spalding County               ,13,13,1999283,0,0,0,0,0,0,0,0,0,13,13,1999283,0,0,0,0,0,0,0,0,0
201710,13,275,3,5,Thomas County                 ,13,13,2505180,0,0,0,0,0,0,1,15,1683491,11,11,2119054,0,0,0,0,0,0,0,0,0
201710,13,291,3,5,Union County                  ,10,10,2682112,0,0,0,0,0,0,0,0,0,10,10,2682112,0,0,0,0,0,0,0,0,0
201710,15,001,4,9,Hawaii County                 ,89,89,32376356,0,0,0,1,3,300000,0,0,0,89,89,32376356,0,0,0,1,3,300000,0,0,0
201710,15,003,4,9,Honolulu County               ,104,104,36407086,0,0,0,0,0,0,14,124,21164370,104,104,36407086,0,0,0,0,0,0,14,124,21164370
201710,15,007,4,9,Kauai County                  ,11,11,5055732,1,2,678188,0,0,0,0,0,0,11,11,5055732,1,2,678188,0,0,0,0,0,0
201710,15,009,4,9,Maui County                   ,40,40,10788030,0,0,0,0,0,0,1,40,4094000,40,40,10788030,0,0,0,0,0,0,1,40,4094000
201710,16,001,4,8,Ada County                    ,507,507,120613078,0,0,0,0,0,0,18,172,15326793,507,507,120613078,0,0,0,0,0,0,18,172,15326793
201710,16,015,4,8,Boise County                  ,7,7,1623795,0,0,0,0,0,0,0,0,0,7,7,1623795,0,0,0,0,0,0,0,0,0
201710,16,027,4,8,Canyon County                 ,168,168,26127742,0,0,0,2,8,523582,1,8,365000,114,114,18755325,0,0,0,2,8,523582,1,8,365000
201710,16,045,4,8,Gem County                    ,8,8,1025280,0,0,0,0,0,0,0,0,0,6,6,788740,0,0,0,0,0,0,0,0,0
201710,16,073,4,8,Owyhee County                 ,4,4,699586,0,0,0,0,0,0,0,0,0,2,2,381619,0,0,0,0,0,0,0,0,0
201710,17,005,2,3,Bond County                   ,0,0,0,0,0,0,0,0,0,0,0,0,0,0,0,0,0,0,0,0,0,0,0,0
201710,17,013,2,3,Calhoun County                ,3,3,598000,0,0,0,0,0,0,0,0,0,3,3,598000,0,0,0,0,0,0,0,0,0
201710,17,031,2,3,Cook County                   ,169,169,54288568,7,14,3727200,25,82,18999080,22,486,90137307,139,139,46055500,7,14,3727200,25,82,18999080,21,481,89216925
201710,17,037,2,3,DeKalb County                 ,3,3,625000,0,0,0,0,0,0,0,0,0,3,3,625000,0,0,0,0,0,0,0,0,0
201710,17,039,2,3,De Witt County                ,1,1,200000,0,0,0,0,0,0,0,0,0,1,1,200000,0,0,0,0,0,0,0,0,0
201710,17,043,2,3,DuPage County                 ,89,89,42688714,0,0,0,1,4,631604,2,325,59609763,77,77,37948880,0,0,0,1,4,631604,1,295,58898172
201710,17,063,2,3,Grundy County                 ,5,5,1040549,0,0,0,0,0,0,2,14,717948,4,4,880000,0,0,0,0,0,0,0,0,0
201710,17,083,2,3,Jersey County                 ,3,3,390808,0,0,0,0,0,0,0,0,0,2,2,235199,0,0,0,0,0,0,0,0,0
201710,17,093,2,3,Kendall County                ,16,16,2951433,0,0,0,0,0,0,0,0,0,11,11,1810545,0,0,0,0,0,0,0,0,0
201710,17,097,2,3,Lake County                   ,58,58,16739466,1,2,83333,0,0,0,2,19,4857322,41,41,10175617,0,0,0,0,0,0,0,0,0
201710,17,111,2,3,McHenry County                ,27,27,6666012,0,0,0,0,0,0,1,130,18872944,19,19,5021160,0,0,0,0,0,0,1,130,18872944
201710,17,119,2,3,Madison County                ,26,26,8668115,0,0,0,1,3,423500,0,0,0,25,25,8509365,0,0,0,1,3,423500,0,0,0
201710,17,133,2,3,Monroe County                 ,8,8,1971149,0,0,0,0,0,0,0,0,0,4,4,1026113,0,0,0,0,0,0,0,0,0
201710,17,197,2,3,Will County                   ,102,102,27570190,1,2,300000,0,0,0,3,15,2215625,82,82,22592651,1,2,300000,0,0,0,2,10,1200000
201710,18,003,2,3,Allen County                  ,80,80,23218005,8,16,1278000,0,0,0,1,25,790000,80,80,23218005,8,16,1278000,0,0,0,1,25,790000
201710,18,011,2,3,Boone County                  ,29,29,9463766,0,0,0,0,0,0,0,0,0,29,29,9463766,0,0,0,0,0,0,0,0,0
201710,18,013,2,3,Brown County                  ,15,15,3880563,0,0,0,0,0,0,0,0,0,15,15,3880563,0,0,0,0,0,0,0,0,0
201710,18,019,2,3,Clark County                  ,38,38,10511663,0,0,0,0,0,0,0,0,0,34,34,9951787,0,0,0,0,0,0,0,0,0
201710,18,047,2,3,Franklin County               ,2,2,300000,0,0,0,0,0,0,0,0,0,2,2,300000,0,0,0,0,0,0,0,0,0
201710,18,057,2,3,Hamilton County               ,177,177,60359385,0,0,0,0,0,0,1,5,450000,177,177,60359385,0,0,0,0,0,0,1,5,450000
201710,18,059,2,3,Hancock County                ,55,55,10376429,1,2,510000,0,0,0,0,0,0,55,55,10376429,1,2,510000,0,0,0,0,0,0
201710,18,061,2,3,Harrison County               ,11,11,1915000,0,0,0,0,0,0,0,0,0,11,11,1915000,0,0,0,0,0,0,0,0,0
201710,18,063,2,3,Hendricks County              ,81,81,21163231,6,12,937273,0,0,0,0,0,0,75,75,19848526,5,10,800000,0,0,0,0,0,0
201710,18,069,2,3,Huntington County             ,2,2,566426,0,0,0,0,0,0,0,0,0,2,2,566426,0,0,0,0,0,0,0,0,0
201710,18,073,2,3,Jasper County                 ,4,4,856408,0,0,0,0,0,0,0,0,0,4,4,856408,0,0,0,0,0,0,0,0,0
201710,18,081,2,3,Johnson County                ,66,66,16103354,1,2,570000,1,3,360000,0,0,0,63,63,15756647,1,2,570000,1,3,360000,0,0,0
201710,18,087,2,3,Lagrange County               ,15,15,4133000,0,0,0,0,0,0,0,0,0,15,15,4133000,0,0,0,0,0,0,0,0,0
201710,18,089,2,3,Lake County                   ,171,171,36878353,1,2,238800,0,0,0,0,0,0,161,161,34597445,1,2,238800,0,0,0,0,0,0
201710,18,097,2,3,Marion County                 ,112,112,28562609,2,4,593800,0,0,0,0,0,0,111,111,28397609,2,4,593800,0,0,0,0,0,0
201710,18,105,2,3,Monroe County                 ,23,23,5682830,1,2,238186,0,0,0,1,20,2300685,0,0,0,0,0,0,0,0,0,0,0,0
201710,18,109,2,3,Morgan County                 ,19,19,5866383,0,0,0,0,0,0,0,0,0,19,19,5866383,0,0,0,0,0,0,0,0,0
201710,18,111,2,3,Newton County                 ,2,2,421680,0,0,0,0,0,0,0,0,0,0,0,0,0,0,0,0,0,0,0,0,0
201710,18,115,2,3,Ohio County                   ,7,7,752000,0,0,0,0,0,0,0,0,0,7,7,752000,0,0,0,0,0,0,0,0,0
201710,18,119,2,3,Owen County                   ,0,0,0,0,0,0,0,0,0,0,0,0,0,0,0,0,0,0,0,0,0,0,0,0
201710,18,127,2,3,Porter County                 ,40,40,12357400,1,2,400000,1,4,517310,2,16,1773776,32,32,10999519,1,2,400000,1,4,517310,2,16,1773776
201710,18,133,2,3,Putnam County                 ,6,6,840000,0,0,0,0,0,0,0,0,0,6,6,840000,0,0,0,0,0,0,0,0,0
201710,18,145,2,3,Shelby County                 ,9,9,2310880,0,0,0,0,0,0,0,0,0,9,9,2310880,0,0,0,0,0,0,0,0,0
201710,18,151,2,3,Steuben County                ,17,17,5022662,0,0,0,0,0,0,0,0,0,17,17,5022662,0,0,0,0,0,0,0,0,0
201710,18,157,2,3,Tippecanoe County             ,37,37,8452242,1,2,360000,0,0,0,0,0,0,2,2,338000,0,0,0,0,0,0,0,0,0
201710,18,163,2,3,Vanderburgh County            ,22,22,3628694,0,0,0,0,0,0,0,0,0,22,22,3628694,0,0,0,0,0,0,0,0,0
201710,18,167,2,3,Vigo County                   ,2,2,266560,1,2,172727,0,0,0,1,31,1956228,0,0,0,0,0,0,0,0,0,0,0,0
201710,18,175,2,3,Washington County             ,3,3,494615,0,0,0,0,0,0,0,0,0,0,0,0,0,0,0,0,0,0,0,0,0
201710,18,183,2,3,Whitley County                ,2,2,480000,0,0,0,0,0,0,1,18,450000,2,2,480000,0,0,0,0,0,0,1,18,450000
201710,19,049,2,4,Dallas County                 ,43,43,13085957,0,0,0,0,0,0,1,5,460526,41,41,12563149,0,0,0,0,0,0,0,0,0
201710,19,085,2,4,Harrison County               ,2,2,700000,0,0,0,0,0,0,0,0,0,2,2,700000,0,0,0,0,0,0,0,0,0
201710,19,129,2,4,Mills County                  ,0,0,0,0,0,0,0,0,0,0,0,0,0,0,0,0,0,0,0,0,0,0,0,0
201710,19,153,2,4,Polk County                   ,224,224,57332117,0,0,0,0,0,0,1,24,1680000,224,224,57332117,0,0,0,0,0,0,1,24,1680000
201710,19,181,2,4,Warren County                 ,23,23,6546355,4,8,1197900,0,0,0,0,0,0,21,21,6068702,4,8,1197900,0,0,0,0,0,0
201710,20,091,2,4,Johnson County                ,160,160,54176862,1,2,240000,1,4,595040,2,45,5862975,104,104,35018564,0,0,0,0,0,0,0,0,0
201710,20,103,2,4,Leavenworth County            ,21,21,4720447,0,0,0,0,0,0,0,0,0,21,21,4720447,0,0,0,0,0,0,0,0,0
201710,20,107,2,4,Linn County                   ,7,7,1065455,0,0,0,0,0,0,0,0,0,6,6,955000,0,0,0,0,0,0,0,0,0
201710,20,121,2,4,Miami County                  ,11,11,3255609,0,0,0,0,0,0,0,0,0,4,4,1050000,0,0,0,0,0,0,0,0,0
201710,20,209,2,4,Wyandotte County              ,17,17,3115606,0,0,0,0,0,0,0,0,0,17,17,3115606,0,0,0,0,0,0,0,0,0
201710,21,005,3,6,Anderson County               ,12,12,2531633,0,0,0,0,0,0,0,0,0,12,12,2531633,0,0,0,0,0,0,0,0,0
201710,21,015,3,6,Boone County                  ,46,46,8006994,0,0,0,0,0,0,0,0,0,46,46,8006994,0,0,0,0,0,0,0,0,0
201710,21,017,3,6,Bourbon County                ,8,8,705696,0,0,0,0,0,0,0,0,0,8,8,705696,0,0,0,0,0,0,0,0,0
201710,21,021,3,6,Boyle County                  ,1,1,194226,0,0,0,0,0,0,0,0,0,1,1,194226,0,0,0,0,0,0,0,0,0
201710,21,029,3,6,Bullitt County                ,49,49,11185211,0,0,0,0,0,0,0,0,0,49,49,11185211,0,0,0,0,0,0,0,0,0
201710,21,035,3,6,Calloway County               ,1,1,142000,0,0,0,3,10,583000,0,0,0,1,1,142000,0,0,0,3,10,583000,0,0,0
201710,21,037,3,6,Campbell County               ,18,18,3225331,0,0,0,0,0,0,1,6,518000,18,18,3225331,0,0,0,0,0,0,1,6,518000
201710,21,045,3,6,Casey County                  ,0,0,0,0,0,0,0,0,0,0,0,0,0,0,0,0,0,0,0,0,0,0,0,0
201710,21,047,3,6,Christian County              ,5,5,532400,1,2,130000,1,4,220000,0,0,0,3,3,390000,1,2,130000,1,4,220000,0,0,0
201710,21,049,3,6,Clark County                  ,4,4,871530,0,0,0,0,0,0,1,6,415500,0,0,0,0,0,0,0,0,0,0,0,0
201710,21,067,3,6,Fayette County                ,61,61,10028269,0,0,0,0,0,0,2,63,4930770,0,0,0,0,0,0,0,0,0,0,0,0
201710,21,069,3,6,Fleming County                ,0,0,0,0,0,0,0,0,0,0,0,0,0,0,0,0,0,0,0,0,0,0,0,0
201710,21,077,3,6,Gallatin County               ,0,0,0,0,0,0,0,0,0,0,0,0,0,0,0,0,0,0,0,0,0,0,0,0
201710,21,081,3,6,Grant County                  ,5,5,840000,0,0,0,0,0,0,0,0,0,5,5,840000,0,0,0,0,0,0,0,0,0
201710,21,091,3,6,Hancock County                ,0,0,0,0,0,0,0,0,0,0,0,0,0,0,0,0,0,0,0,0,0,0,0,0
201710,21,099,3,6,Hart County                   ,5,5,486250,0,0,0,0,0,0,1,6,681286,0,0,0,0,0,0,0,0,0,0,0,0
201710,21,101,3,6,Henderson County              ,3,3,676000,0,0,0,0,0,0,0,0,0,3,3,676000,0,0,0,0,0,0,0,0,0
201710,21,103,3,6,Henry County                  ,3,3,513000,0,0,0,0,0,0,0,0,0,3,3,513000,0,0,0,0,0,0,0,0,0
201710,21,111,3,6,Jefferson County              ,97,97,30827566,0,0,0,0,0,0,2,18,350000,97,97,30827566,0,0,0,0,0,0,2,18,350000
201710,21,113,3,6,Jessamine County              ,20,20,5764745,0,0,0,0,0,0,0,0,0,20,20,5764745,0,0,0,0,0,0,0,0,0
201710,21,115,3,6,Johnson County                ,0,0,0,0,0,0,0,0,0,0,0,0,0,0,0,0,0,0,0,0,0,0,0,0
201710,21,117,3,6,Kenton County                 ,27,27,6690211,0,0,0,0,0,0,0,0,0,27,27,6690211,0,0,0,0,0,0,0,0,0
201710,21,121,3,6,Knox County                   ,0,0,0,0,0,0,0,0,0,0,0,0,0,0,0,0,0,0,0,0,0,0,0,0
201710,21,123,3,6,Larue County                  ,1,1,231246,0,0,0,0,0,0,0,0,0,1,1,231246,0,0,0,0,0,0,0,0,0
201710,21,137,3,6,Lincoln County                ,3,3,606782,0,0,0,0,0,0,0,0,0,0,0,0,0,0,0,0,0,0,0,0,0
201710,21,145,3,6,McCracken County              ,3,3,728214,0,0,0,0,0,0,0,0,0,3,3,728214,0,0,0,0,0,0,0,0,0
201710,21,151,3,6,Madison County                ,11,11,1463000,0,0,0,0,0,0,0,0,0,11,11,1463000,0,0,0,0,0,0,0,0,0
201710,21,157,3,6,Marshall County               ,4,4,2394000,0,0,0,0,0,0,0,0,0,4,4,2394000,0,0,0,0,0,0,0,0,0
201710,21,161,3,6,Mason County                  ,1,1,265000,1,2,180000,0,0,0,0,0,0,1,1,265000,1,2,180000,0,0,0,0,0,0
201710,21,163,3,6,Meade County                  ,3,3,435000,0,0,0,0,0,0,0,0,0,3,3,435000,0,0,0,0,0,0,0,0,0
201710,21,167,3,6,Mercer County                 ,3,3,425000,0,0,0,0,0,0,0,0,0,3,3,425000,0,0,0,0,0,0,0,0,0
201710,21,175,3,6,Morgan County                 ,2,2,150000,0,0,0,0,0,0,0,0,0,0,0,0,0,0,0,0,0,0,0,0,0
201710,21,179,3,6,Nelson County                 ,15,15,2518413,0,0,0,0,0,0,0,0,0,0,0,0,0,0,0,0,0,0,0,0,0
201710,21,185,3,6,Oldham County                 ,29,29,9065462,1,2,98833,0,0,0,0,0,0,0,0,0,0,0,0,0,0,0,0,0,0
201710,21,191,3,6,Pendleton County              ,0,0,0,0,0,0,0,0,0,0,0,0,0,0,0,0,0,0,0,0,0,0,0,0
201710,21,209,3,6,Scott County                  ,41,41,7445500,0,0,0,0,0,0,0,0,0,41,41,7445500,0,0,0,0,0,0,0,0,0
201710,21,211,3,6,Shelby County                 ,17,17,4258479,0,0,0,0,0,0,0,0,0,17,17,4258479,0,0,0,0,0,0,0,0,0
201710,21,213,3,6,Simpson County                ,7,7,883787,1,2,142000,0,0,0,1,7,521334,0,0,0,0,0,0,0,0,0,0,0,0
201710,21,215,3,6,Spencer County                ,15,15,3468689,0,0,0,0,0,0,0,0,0,15,15,3468689,0,0,0,0,0,0,0,0,0
201710,21,221,3,6,Trigg County                  ,0,0,0,0,0,0,0,0,0,0,0,0,0,0,0,0,0,0,0,0,0,0,0,0
201710,21,225,3,6,Union County                  ,0,0,0,0,0,0,0,0,0,0,0,0,0,0,0,0,0,0,0,0,0,0,0,0
201710,21,239,3,6,Woodford County               ,8,8,1543388,0,0,0,0,0,0,0,0,0,0,0,0,0,0,0,0,0,0,0,0,0
201710,22,005,3,7,Ascension Parish              ,75,75,12119404,0,0,0,0,0,0,0,0,0,3,3,380000,0,0,0,0,0,0,0,0,0
201710,22,015,3,7,Bossier Parish                ,52,52,11621446,0,0,0,0,0,0,0,0,0,23,23,5783343,0,0,0,0,0,0,0,0,0
201710,22,017,3,7,Caddo Parish                  ,25,25,7951802,0,0,0,0,0,0,0,0,0,24,24,7795178,0,0,0,0,0,0,0,0,0
201710,22,031,3,7,De Soto Parish                ,10,10,2493357,0,0,0,0,0,0,0,0,0,10,10,2493357,0,0,0,0,0,0,0,0,0
201710,22,033,3,7,East Baton Rouge Parish       ,82,82,26909735,0,0,0,0,0,0,0,0,0,81,81,26773306,0,0,0,0,0,0,0,0,0
201710,22,037,3,7,East Feliciana Parish         ,5,5,971130,0,0,0,0,0,0,0,0,0,5,5,971130,0,0,0,0,0,0,0,0,0
201710,22,047,3,7,Iberville Parish              ,10,10,2195866,0,0,0,0,0,0,0,0,0,4,4,932000,0,0,0,0,0,0,0,0,0
201710,22,051,3,7,Jefferson Parish              ,41,41,9331930,0,0,0,0,0,0,1,13,1307667,2,2,469350,0,0,0,0,0,0,0,0,0
201710,22,055,3,7,Lafayette Parish              ,93,93,20513135,0,0,0,0,0,0,0,0,0,62,62,16438931,0,0,0,0,0,0,0,0,0
201710,22,063,3,7,Livingston Parish             ,70,70,15638791,0,0,0,0,0,0,0,0,0,5,5,1024736,0,0,0,0,0,0,0,0,0
201710,22,071,3,7,Orleans Parish                ,26,26,5639153,3,6,727878,0,0,0,1,21,5168973,0,0,0,0,0,0,0,0,0,0,0,0
201710,22,075,3,7,Plaquemines Parish            ,10,10,2527350,0,0,0,0,0,0,0,0,0,10,10,2527350,0,0,0,0,0,0,0,0,0
201710,22,077,3,7,Pointe Coupee Parish          ,2,2,504136,0,0,0,0,0,0,0,0,0,2,2,504136,0,0,0,0,0,0,0,0,0
201710,22,087,3,7,St. Bernard Parish            ,8,8,1374000,0,0,0,0,0,0,0,0,0,8,8,1374000,0,0,0,0,0,0,0,0,0
201710,22,089,3,7,St. Charles Parish            ,16,16,3950320,0,0,0,0,0,0,0,0,0,16,16,3950320,0,0,0,0,0,0,0,0,0
201710,22,091,3,7,St. Helena Parish             ,0,0,0,0,0,0,0,0,0,0,0,0,0,0,0,0,0,0,0,0,0,0,0,0
201710,22,095,3,7,St. John the Baptist Parish   ,4,4,639052,0,0,0,0,0,0,0,0,0,0,0,0,0,0,0,0,0,0,0,0,0
201710,22,099,3,7,St. Martin Parish             ,19,19,3177317,0,0,0,0,0,0,0,0,0,19,19,3177317,0,0,0,0,0,0,0,0,0
201710,22,103,3,7,St. Tammany Parish            ,143,143,36317827,0,0,0,0,0,0,0,0,0,138,138,34772927,0,0,0,0,0,0,0,0,0
201710,22,109,3,7,Terrebonne Parish             ,13,13,3512621,0,0,0,0,0,0,0,0,0,13,13,3512621,0,0,0,0,0,0,0,0,0
201710,22,121,3,7,West Baton Rouge Parish       ,25,25,3634289,0,0,0,0,0,0,0,0,0,23,23,3452165,0,0,0,0,0,0,0,0,0
201710,22,125,3,7,West Feliciana Parish         ,3,3,1302415,0,0,0,0,0,0,1,5,963433,3,3,1302415,0,0,0,0,0,0,1,5,963433
201710,23,000,1,1,Maine Unorganized Territory   ,8,8,1062402,0,0,0,0,0,0,0,0,0,0,0,0,0,0,0,0,0,0,0,0,0
201710,24,003,3,5,Anne Arundel County           ,116,116,24529141,0,0,0,0,0,0,0,0,0,116,116,24529141,0,0,0,0,0,0,0,0,0
201710,24,005,3,5,Baltimore County              ,84,84,21342630,0,0,0,0,0,0,0,0,0,84,84,21342630,0,0,0,0,0,0,0,0,0
201710,24,009,3,5,Calvert County                ,27,27,6243639,0,0,0,0,0,0,0,0,0,27,27,6243639,0,0,0,0,0,0,0,0,0
201710,24,013,3,5,Carroll County                ,21,21,7118564,0,0,0,0,0,0,0,0,0,21,21,7118564,0,0,0,0,0,0,0,0,0
201710,24,015,3,5,Cecil County                  ,11,11,2799925,0,0,0,0,0,0,0,0,0,11,11,2799925,0,0,0,0,0,0,0,0,0
201710,24,017,3,5,Charles County                ,48,48,16809316,0,0,0,0,0,0,0,0,0,44,44,16185000,0,0,0,0,0,0,0,0,0
201710,24,021,3,5,Frederick County              ,104,104,26668853,1,2,250000,0,0,0,0,0,0,104,104,26668853,1,2,250000,0,0,0,0,0,0
201710,24,023,3,5,Garrett County                ,8,8,3775000,0,0,0,0,0,0,0,0,0,8,8,3775000,0,0,0,0,0,0,0,0,0
201710,24,025,3,5,Harford County                ,43,43,10700544,0,0,0,0,0,0,1,17,1394531,39,39,9158564,0,0,0,0,0,0,0,0,0
201710,24,027,3,5,Howard County                 ,49,49,9894933,0,0,0,0,0,0,0,0,0,49,49,9894933,0,0,0,0,0,0,0,0,0
201710,24,031,3,5,Montgomery County             ,78,78,18290975,0,0,0,0,0,0,0,0,0,78,78,18290975,0,0,0,0,0,0,0,0,0
201710,24,033,3,5,Prince George County          ,98,98,22705130,0,0,0,0,0,0,0,0,0,97,97,22430853,0,0,0,0,0,0,0,0,0
201710,24,035,3,5,Queen Anne County             ,22,22,4953672,0,0,0,0,0,0,0,0,0,22,22,4953672,0,0,0,0,0,0,0,0,0
201710,24,037,3,5,St. Marys County              ,86,86,16839500,0,0,0,0,0,0,0,0,0,86,86,16839500,0,0,0,0,0,0,0,0,0
201710,24,039,3,5,Somerset County               ,2,2,345836,0,0,0,0,0,0,0,0,0,0,0,0,0,0,0,0,0,0,0,0,0
201710,24,045,3,5,Wicomico County               ,9,9,1209712,0,0,0,1,3,474669,1,5,532755,8,8,1052712,0,0,0,0,0,0,0,0,0
201710,24,510,3,5,Baltimore (Independent City)  ,1,1,295000,0,0,0,0,0,0,1,10,950000,1,1,295000,0,0,0,0,0,0,1,10,950000
201710,25,005,1,1,Bristol County                ,70,70,15579635,0,0,0,0,0,0,2,38,3513917,33,33,8250582,0,0,0,0,0,0,0,0,0
201710,25,009,1,1,Essex County                  ,59,59,19039981,5,10,2126674,2,7,1430000,4,48,18932120,31,31,10725986,0,0,0,1,4,875000,2,36,16920000
201710,25,017,1,1,Middlesex County              ,144,144,43529131,18,36,4750978,4,13,2771249,6,68,10566822,84,84,26265513,10,20,2682000,2,6,1637100,0,0,0
201710,25,021,1,1,Norfolk County                ,53,53,20988473,0,0,0,0,0,0,7,102,12879448,33,33,11512460,0,0,0,0,0,0,2,58,7172000
201710,25,023,1,1,Plymouth County               ,93,93,22629756,0,0,0,0,0,0,1,6,475382,62,62,15326881,0,0,0,0,0,0,0,0,0
201710,25,025,1,1,Suffolk County                ,1,1,169408,6,12,2910000,4,13,1579968,15,472,62573602,0,0,0,6,12,2910000,4,13,1579968,14,467,61417695
201710,26,000,2,3,Michigan Balance of State     ,10,10,1872357,0,0,0,0,0,0,0,0,0,0,0,0,0,0,0,0,0,0,0,0,0
201710,26,019,2,3,Benzie County                 ,6,6,1512140,0,0,0,0,0,0,0,0,0,6,6,1512140,0,0,0,0,0,0,0,0,0
201710,26,029,2,3,Charlevoix County             ,10,10,2036634,0,0,0,0,0,0,0,0,0,0,0,0,0,0,0,0,0,0,0,0,0
201710,26,089,2,3,Leelanau County               ,30,30,8652040,0,0,0,0,0,0,0,0,0,30,30,8652040,0,0,0,0,0,0,0,0,0
201710,26,093,2,3,Livingston County             ,72,72,20630863,0,0,0,0,0,0,6,84,9554273,70,70,20426720,0,0,0,0,0,0,6,84,9554273
201710,26,095,2,3,Luce County                   ,1,1,210641,0,0,0,0,0,0,0,0,0,0,0,0,0,0,0,0,0,0,0,0,0
201710,26,099,2,3,Macomb County                 ,168,168,48291992,2,4,436190,0,0,0,7,233,26450000,140,140,41079387,0,0,0,0,0,0,7,233,26450000
201710,26,103,2,3,Marquette County              ,8,8,1333972,0,0,0,0,0,0,1,32,2610000,8,8,1333972,0,0,0,0,0,0,1,32,2610000
201710,26,137,2,3,Otsego County                 ,2,2,162000,0,0,0,0,0,0,0,0,0,0,0,0,0,0,0,0,0,0,0,0,0
201710,26,147,2,3,St. Clair County              ,21,21,3181836,0,0,0,0,0,0,0,0,0,18,18,2782308,0,0,0,0,0,0,0,0,0
201710,26,163,2,3,Wayne County                  ,109,109,32816041,0,0,0,7,24,4912019,6,74,5413340,92,92,29467058,0,0,0,7,24,4912019,6,74,5413340
201710,27,003,2,4,Anoka County                  ,117,117,29974704,0,0,0,1,4,615000,0,0,0,104,104,26544672,0,0,0,1,4,615000,0,0,0
201710,27,019,2,4,Carver County                 ,74,74,19963768,1,2,310000,0,0,0,0,0,0,74,74,19963768,1,2,310000,0,0,0,0,0,0
201710,27,025,2,4,Chisago County                ,27,27,4799433,0,0,0,0,0,0,0,0,0,27,27,4799433,0,0,0,0,0,0,0,0,0
201710,27,027,2,4,Clay County                   ,15,15,3236500,0,0,0,0,0,0,0,0,0,15,15,3236500,0,0,0,0,0,0,0,0,0
201710,27,037,2,4,Dakota County                 ,97,97,30962986,0,0,0,0,0,0,1,6,1112000,85,85,25830127,0,0,0,0,0,0,1,6,1112000
201710,27,053,2,4,Hennepin County               ,177,177,69754075,1,2,504791,0,0,0,5,560,78279473,166,166,62720401,1,2,504791,0,0,0,4,531,73157225
201710,27,059,2,4,Isanti County                 ,39,39,7304070,0,0,0,0,0,0,0,0,0,38,38,6984320,0,0,0,0,0,0,0,0,0
201710,27,123,2,4,Ramsey County                 ,30,30,9071596,0,0,0,0,0,0,0,0,0,29,29,8819069,0,0,0,0,0,0,0,0,0
201710,27,139,2,4,Scott County                  ,42,42,12766471,0,0,0,0,0,0,0,0,0,40,40,12181059,0,0,0,0,0,0,0,0,0
201710,27,141,2,4,Sherburne County              ,49,49,10895241,0,0,0,0,0,0,0,0,0,49,49,10895241,0,0,0,0,0,0,0,0,0
201710,27,163,2,4,Washington County             ,73,73,27414064,0,0,0,0,0,0,1,5,625000,68,68,25135966,0,0,0,0,0,0,0,0,0
201710,27,171,2,4,Wright County                 ,71,71,18711129,0,0,0,0,0,0,0,0,0,70,70,18484844,0,0,0,0,0,0,0,0,0
201710,28,033,3,6,DeSoto County                 ,154,154,22700030,0,0,0,0,0,0,0,0,0,154,154,22700030,0,0,0,0,0,0,0,0,0
201710,28,041,3,6,Greene County                 ,0,0,0,0,0,0,0,0,0,0,0,0,0,0,0,0,0,0,0,0,0,0,0,0
201710,28,045,3,6,Hancock County                ,36,36,6512672,0,0,0,0,0,0,1,5,423314,8,8,2068616,0,0,0,0,0,0,0,0,0
201710,28,047,3,6,Harrison County               ,80,80,13667936,0,0,0,0,0,0,0,0,0,69,69,12418325,0,0,0,0,0,0,0,0,0
201710,28,067,3,6,Jones County                  ,3,3,525569,0,0,0,0,0,0,0,0,0,1,1,232000,0,0,0,0,0,0,0,0,0
201710,28,137,3,6,Tate County                   ,11,11,2144000,0,0,0,0,0,0,0,0,0,11,11,2144000,0,0,0,0,0,0,0,0,0
201710,28,143,3,6,Tunica County                 ,0,0,0,0,0,0,0,0,0,0,0,0,0,0,0,0,0,0,0,0,0,0,0,0
201710,28,145,3,6,Union County                  ,0,0,0,0,0,0,0,0,0,0,0,0,0,0,0,0,0,0,0,0,0,0,0,0
201710,28,149,3,6,Warren County                 ,0,0,0,0,0,0,0,0,0,0,0,0,0,0,0,0,0,0,0,0,0,0,0,0
201710,29,013,2,4,Bates County                  ,1,1,290000,0,0,0,0,0,0,0,0,0,1,1,290000,0,0,0,0,0,0,0,0,0
201710,29,017,2,4,Bollinger County              ,0,0,0,0,0,0,0,0,0,0,0,0,0,0,0,0,0,0,0,0,0,0,0,0
201710,29,019,2,4,Boone County                  ,91,91,16176876,0,0,0,0,0,0,14,391,60960256,91,91,16176876,0,0,0,0,0,0,14,391,60960256
201710,29,049,2,4,Clinton County                ,9,9,1739000,0,0,0,0,0,0,0,0,0,9,9,1739000,0,0,0,0,0,0,0,0,0
201710,29,065,2,4,Dent County                   ,0,0,0,0,0,0,0,0,0,0,0,0,0,0,0,0,0,0,0,0,0,0,0,0
201710,29,071,2,4,Franklin County               ,39,39,7144983,0,0,0,0,0,0,0,0,0,37,37,6722511,0,0,0,0,0,0,0,0,0
201710,29,095,2,4,Jackson County                ,157,157,35019320,9,18,1843778,0,0,0,27,330,31417902,149,149,32556326,9,18,1843778,0,0,0,27,330,31417902
201710,29,099,2,4,Jefferson County              ,64,64,12098136,1,2,392660,0,0,0,0,0,0,61,61,11790961,1,2,392660,0,0,0,0,0,0
201710,29,105,2,4,Laclede County                ,40,40,5163450,0,0,0,0,0,0,0,0,0,40,40,5163450,0,0,0,0,0,0,0,0,0
201710,29,107,2,4,Lafayette County              ,2,2,461164,0,0,0,0,0,0,0,0,0,0,0,0,0,0,0,0,0,0,0,0,0
201710,29,113,2,4,Lincoln County                ,17,17,3220634,0,0,0,1,3,359288,0,0,0,8,8,1015000,0,0,0,0,0,0,0,0,0
201710,29,165,2,4,Platte County                 ,22,22,5935971,0,0,0,0,0,0,1,9,591667,15,15,3882982,0,0,0,0,0,0,0,0,0
201710,29,185,2,4,St. Clair County              ,0,0,0,0,0,0,0,0,0,0,0,0,0,0,0,0,0,0,0,0,0,0,0,0
201710,29,189,2,4,St. Louis County              ,108,108,49079208,0,0,0,0,0,0,2,25,2915720,47,47,26413749,0,0,0,0,0,0,0,0,0
201710,29,219,2,4,Warren County                 ,14,14,3350306,0,0,0,0,0,0,0,0,0,14,14,3350306,0,0,0,0,0,0,0,0,0
201710,29,221,2,4,Washington County             ,0,0,0,0,0,0,0,0,0,0,0,0,0,0,0,0,0,0,0,0,0,0,0,0
201710,29,510,2,4,St. Louis (Independent City)  ,6,6,1234000,0,0,0,4,15,1630486,3,137,9333331,6,6,1234000,0,0,0,4,15,1630486,3,137,9333331
201710,30,033,4,8,Garfield County               ,0,0,0,0,0,0,0,0,0,0,0,0,0,0,0,0,0,0,0,0,0,0,0,0
201710,30,063,4,8,Missoula County               ,33,33,3971357,1,2,123079,1,3,128407,1,6,240000,33,33,3971357,1,2,123079,1,3,128407,1,6,240000
201710,30,093,4,8,Silver Bow County             ,6,6,750240,0,0,0,0,0,0,0,0,0,6,6,750240,0,0,0,0,0,0,0,0,0
201710,31,001,2,4,Adams County                  ,8,8,1903239,0,0,0,0,0,0,0,0,0,6,6,1508609,0,0,0,0,0,0,0,0,0
201710,31,025,2,4,Cass County                   ,10,10,602042,0,0,0,0,0,0,0,0,0,10,10,602042,0,0,0,0,0,0,0,0,0
201710,31,033,2,4,Cheyenne County               ,0,0,0,0,0,0,0,0,0,0,0,0,0,0,0,0,0,0,0,0,0,0,0,0
201710,31,055,2,4,Douglas County                ,104,104,17297540,0,0,0,0,0,0,0,0,0,95,95,15199162,0,0,0,0,0,0,0,0,0
201710,31,105,2,4,Kimball County                ,0,0,0,0,0,0,0,0,0,0,0,0,0,0,0,0,0,0,0,0,0,0,0,0
201710,31,153,2,4,Sarpy County                  ,72,72,18019150,0,0,0,0,0,0,1,5,342415,31,31,8046965,0,0,0,0,0,0,0,0,0
201710,31,165,2,4,Sioux County                  ,0,0,0,0,0,0,0,0,0,0,0,0,0,0,0,0,0,0,0,0,0,0,0,0
201710,31,177,2,4,Washington County             ,7,7,2268416,0,0,0,0,0,0,0,0,0,7,7,2268416,0,0,0,0,0,0,0,0,0
201710,32,001,4,8,Churchill County              ,4,4,847324,0,0,0,0,0,0,0,0,0,4,4,847324,0,0,0,0,0,0,0,0,0
201710,32,003,4,8,Clark County                  ,755,755,145386473,0,0,0,8,29,4285480,8,112,10176940,755,755,145386473,0,0,0,8,29,4285480,8,112,10176940
201710,32,005,4,8,Douglas County                ,14,14,6164342,0,0,0,0,0,0,0,0,0,14,14,6164342,0,0,0,0,0,0,0,0,0
201710,32,007,4,8,Elko County                   ,18,18,2799637,0,0,0,0,0,0,0,0,0,18,18,2799637,0,0,0,0,0,0,0,0,0
201710,32,013,4,8,Humboldt County               ,0,0,0,0,0,0,0,0,0,0,0,0,0,0,0,0,0,0,0,0,0,0,0,0
201710,32,015,4,8,Lander County                 ,0,0,0,0,0,0,0,0,0,0,0,0,0,0,0,0,0,0,0,0,0,0,0,0
201710,32,017,4,8,Lincoln County                ,2,2,548069,0,0,0,0,0,0,0,0,0,2,2,548069,0,0,0,0,0,0,0,0,0
201710,32,019,4,8,Lyon County                   ,37,37,8164184,0,0,0,0,0,0,0,0,0,21,21,4641036,0,0,0,0,0,0,0,0,0
201710,32,021,4,8,Mineral County                ,0,0,0,0,0,0,0,0,0,0,0,0,0,0,0,0,0,0,0,0,0,0,0,0
201710,32,027,4,8,Pershing County               ,0,0,0,0,0,0,0,0,0,0,0,0,0,0,0,0,0,0,0,0,0,0,0,0
201710,32,029,4,8,Storey County                 ,1,1,120172,0,0,0,0,0,0,0,0,0,0,0,0,0,0,0,0,0,0,0,0,0
201710,32,031,4,8,Washoe County                 ,247,247,62218994,0,0,0,0,0,0,40,370,42177707,247,247,62218994,0,0,0,0,0,0,40,370,42177707
201710,32,033,4,8,White Pine County             ,1,1,416788,0,0,0,0,0,0,0,0,0,0,0,0,0,0,0,0,0,0,0,0,0
201710,32,510,4,8,Carson City (Independent City),7,7,1934973,0,0,0,0,0,0,0,0,0,7,7,1934973,0,0,0,0,0,0,0,0,0
201710,33,015,1,1,Rockingham County             ,61,61,15588723,1,2,398000,0,0,0,0,0,0,37,37,10300262,1,2,398000,0,0,0,0,0,0
201710,33,017,1,1,Strafford County              ,19,19,3896371,4,8,1230479,0,0,0,0,0,0,15,15,3321458,4,8,1230479,0,0,0,0,0,0
201710,34,001,1,2,Atlantic County               ,36,36,11718131,1,2,289712,0,0,0,10,146,9427535,35,35,11503136,0,0,0,0,0,0,9,139,8403201
201710,34,003,1,2,Bergen County                 ,65,65,24386281,9,18,3707820,1,3,150,7,42,3563180,36,36,15186765,7,14,3013200,0,0,0,1,8,1000000
201710,34,005,1,2,Burlington County             ,48,48,7409549,0,0,0,0,0,0,10,75,6153166,8,8,1442909,0,0,0,0,0,0,8,64,4707000
201710,34,007,1,2,Camden County                 ,10,10,2455773,1,2,94000,0,0,0,4,54,3653830,3,3,956500,1,2,94000,0,0,0,2,42,3121337
201710,34,009,1,2,Cape May County               ,45,45,18434293,31,62,10166500,0,0,0,0,0,0,38,38,16593636,31,62,10166500,0,0,0,0,0,0
201710,34,011,1,2,Cumberland County             ,7,7,750036,0,0,0,0,0,0,0,0,0,1,1,113000,0,0,0,0,0,0,0,0,0
201710,34,013,1,2,Essex County                  ,36,36,7790655,1,2,226000,3,9,1273451,8,130,10708909,15,15,5727182,1,2,226000,2,6,427750,3,25,2900199
201710,34,015,1,2,Gloucester County             ,44,44,5761453,0,0,0,0,0,0,5,149,10380827,29,29,4189882,0,0,0,0,0,0,4,144,10171660
201710,34,017,1,2,Hudson County                 ,21,21,3212550,5,10,867500,5,19,2972115,6,596,108006942,21,21,3212550,5,10,867500,4,15,2704500,4,522,100412000
201710,34,019,1,2,Hunterdon County              ,7,7,1439803,0,0,0,0,0,0,2,13,648528,5,5,1136370,0,0,0,0,0,0,0,0,0
201710,34,021,1,2,Mercer County                 ,11,11,2690841,2,4,173829,1,4,352723,4,69,6988680,7,7,1798912,0,0,0,0,0,0,4,69,6988680
201710,34,023,1,2,Middlesex County              ,73,73,13182853,0,0,0,1,4,458964,7,82,6282504,54,54,9953391,0,0,0,1,4,458964,3,46,4681250
201710,34,025,1,2,Monmouth County               ,80,80,22183003,3,6,1001443,0,0,0,3,20,950921,62,62,19231853,0,0,0,0,0,0,2,15,784820
201710,34,027,1,2,Morris County                 ,63,63,14247927,0,0,0,0,0,0,3,49,2752500,53,53,11924615,0,0,0,0,0,0,2,44,2360500
201710,34,029,1,2,Ocean County                  ,250,250,62105316,2,4,802200,0,0,0,2,91,9288000,242,242,60767560,2,4,802200,0,0,0,2,91,9288000
201710,34,031,1,2,Passaic County                ,5,5,1077543,1,2,160746,0,0,0,1,5,246788,2,2,614600,0,0,0,0,0,0,0,0,0
201710,34,033,1,2,Salem County                  ,4,4,550685,0,0,0,0,0,0,0,0,0,2,2,348755,0,0,0,0,0,0,0,0,0
201710,34,035,1,2,Somerset County               ,42,42,8915946,1,2,205500,0,0,0,5,31,1978451,27,27,6305550,1,2,205500,0,0,0,0,0,0
201710,34,037,1,2,Sussex County                 ,2,2,482500,1,2,188850,0,0,0,1,8,323432,2,2,482500,0,0,0,0,0,0,1,8,323432
201710,34,039,1,2,Union County                  ,23,23,5944247,8,16,1253832,0,0,0,5,62,2014091,18,18,4985600,1,2,163000,0,0,0,0,0,0
201710,34,041,1,2,Warren County                 ,4,4,470380,0,0,0,0,0,0,0,0,0,4,4,470380,0,0,0,0,0,0,0,0,0
201710,35,000,4,8,New Mexico Balance of State   ,40,40,10825299,0,0,0,0,0,0,0,0,0,0,0,0,0,0,0,0,0,0,0,0,0
201710,35,001,4,8,Bernalillo County             ,99,99,22185142,0,0,0,0,0,0,3,39,3911972,11,11,4729710,0,0,0,0,0,0,0,0,0
201710,35,005,4,8,Chaves County                 ,9,9,1526798,0,0,0,0,0,0,1,14,952778,0,0,0,0,0,0,0,0,0,0,0,0
201710,35,007,4,8,Colfax County                 ,1,1,451667,0,0,0,0,0,0,0,0,0,0,0,0,0,0,0,0,0,0,0,0,0
201710,35,009,4,8,Curry County                  ,5,5,1231703,0,0,0,0,0,0,1,7,645312,0,0,0,0,0,0,0,0,0,0,0,0
201710,35,013,4,8,Dona Ana County               ,73,73,14470891,0,0,0,0,0,0,3,24,2503337,57,57,11551437,0,0,0,0,0,0,3,24,2503337
201710,35,015,4,8,Eddy County                   ,21,21,3766130,0,0,0,0,0,0,0,0,0,21,21,3766130,0,0,0,0,0,0,0,0,0
201710,35,017,4,8,Grant County                  ,1,1,154827,0,0,0,0,0,0,0,0,0,0,0,0,0,0,0,0,0,0,0,0,0
201710,35,025,4,8,Lea County                    ,6,6,1271998,0,0,0,0,0,0,0,0,0,6,6,1271998,0,0,0,0,0,0,0,0,0
201710,35,027,4,8,Lincoln County                ,8,8,2021842,0,0,0,0,0,0,0,0,0,0,0,0,0,0,0,0,0,0,0,0,0
201710,35,028,4,8,Los Alamos County             ,0,0,0,0,0,0,0,0,0,0,0,0,0,0,0,0,0,0,0,0,0,0,0,0
201710,35,029,4,8,Luna County                   ,1,1,174551,0,0,0,0,0,0,0,0,0,0,0,0,0,0,0,0,0,0,0,0,0
201710,35,031,4,8,McKinley County               ,0,0,0,0,0,0,0,0,0,0,0,0,0,0,0,0,0,0,0,0,0,0,0,0
201710,35,035,4,8,Otero County                  ,0,0,0,0,0,0,0,0,0,0,0,0,0,0,0,0,0,0,0,0,0,0,0,0
201710,35,041,4,8,Roosevelt County              ,1,1,195600,0,0,0,0,0,0,0,0,0,1,1,195600,0,0,0,0,0,0,0,0,0
201710,35,043,4,8,Sandoval County               ,38,38,8812936,0,0,0,0,0,0,1,6,250000,30,30,7093045,0,0,0,0,0,0,0,0,0
201710,35,045,4,8,San Juan County               ,10,10,1952702,0,0,0,0,0,0,0,0,0,10,10,1952702,0,0,0,0,0,0,0,0,0
201710,35,047,4,8,San Miguel County             ,0,0,0,0,0,0,0,0,0,0,0,0,0,0,0,0,0,0,0,0,0,0,0,0
201710,35,049,4,8,Santa Fe County               ,12,12,2994675,0,0,0,0,0,0,0,0,0,0,0,0,0,0,0,0,0,0,0,0,0
201710,35,051,4,8,Sierra County                 ,0,0,0,0,0,0,0,0,0,0,0,0,0,0,0,0,0,0,0,0,0,0,0,0
201710,35,053,4,8,Socorro County                ,1,1,100000,0,0,0,0,0,0,0,0,0,1,1,100000,0,0,0,0,0,0,0,0,0
201710,35,055,4,8,Taos County                   ,9,9,986902,0,0,0,0,0,0,0,0,0,0,0,0,0,0,0,0,0,0,0,0,0
201710,35,061,4,8,Valencia County               ,9,9,975708,0,0,0,0,0,0,0,0,0,0,0,0,0,0,0,0,0,0,0,0,0
201710,36,001,1,2,Albany County                 ,30,30,6795266,1,2,330000,5,20,2900000,1,9,1476456,25,25,6057124,1,2,330000,5,20,2900000,0,0,0
201710,36,005,1,2,Bronx County                  ,1,1,267838,2,4,540147,0,0,0,7,219,28801874,1,1,267838,2,4,540147,0,0,0,7,219,28801874
201710,36,029,1,2,Erie County                   ,76,76,22406830,0,0,0,2,8,1050000,1,24,5411694,68,68,20746405,0,0,0,2,8,1050000,0,0,0
201710,36,047,1,2,Kings County                  ,7,7,1874862,11,22,2970810,3,11,1336896,27,703,92455331,7,7,1874862,11,22,2970810,3,11,1336896,27,703,92455331
201710,36,051,1,2,Livingston County             ,4,4,450115,0,0,0,0,0,0,1,5,250000,2,2,165000,0,0,0,0,0,0,0,0,0
201710,36,055,1,2,Monroe County                 ,67,67,14626338,0,0,0,1,4,600000,0,0,0,58,58,13440800,0,0,0,1,4,600000,0,0,0
201710,36,059,1,2,Nassau County                 ,87,87,32499645,0,0,0,0,0,0,1,5,787879,68,68,25841296,0,0,0,0,0,0,0,0,0
201710,36,061,1,2,New York County               ,0,0,0,0,0,0,0,0,0,9,408,53658286,0,0,0,0,0,0,0,0,0,9,408,53658286
201710,36,063,1,2,Niagara County                ,20,20,5332678,0,0,0,0,0,0,0,0,0,19,19,5119765,0,0,0,0,0,0,0,0,0
201710,36,069,1,2,Ontario County                ,35,35,14519664,0,0,0,2,7,522200,1,5,462143,27,27,12620000,0,0,0,0,0,0,0,0,0
201710,36,073,1,2,Orleans County                ,3,3,277000,0,0,0,0,0,0,0,0,0,2,2,225000,0,0,0,0,0,0,0,0,0
201710,36,079,1,2,Putnam County                 ,1,1,228000,0,0,0,0,0,0,0,0,0,1,1,228000,0,0,0,0,0,0,0,0,0
201710,36,081,1,2,Queens County                 ,8,8,2142700,14,28,3781030,4,12,1458432,10,137,18017611,8,8,2142700,14,28,3781030,4,12,1458432,10,137,18017611
201710,36,083,1,2,Rensselaer County             ,6,6,1451000,0,0,0,3,12,1120683,1,5,146970,2,2,364000,0,0,0,3,12,1120683,0,0,0
201710,36,085,1,2,Richmond County               ,17,17,4553238,19,38,5131398,0,0,0,0,0,0,17,17,4553238,19,38,5131398,0,0,0,0,0,0
201710,36,087,1,2,Rockland County               ,12,12,3811879,2,4,517203,2,6,654245,2,12,1500941,7,7,2551750,0,0,0,0,0,0,1,7,920608
201710,36,091,1,2,Saratoga County               ,67,67,17050231,4,8,1335891,4,15,1843873,3,17,1690554,37,37,8475000,1,2,439264,1,4,680000,0,0,0
201710,36,093,1,2,Schenectady County            ,5,5,1133022,0,0,0,3,12,1245000,1,46,5365000,3,3,815000,0,0,0,3,12,1245000,1,46,5365000
201710,36,095,1,2,Schoharie County              ,2,2,366480,0,0,0,0,0,0,0,0,0,0,0,0,0,0,0,0,0,0,0,0,0
201710,36,099,1,2,Seneca County                 ,7,7,1249153,0,0,0,0,0,0,0,0,0,0,0,0,0,0,0,0,0,0,0,0,0
201710,36,117,1,2,Wayne County                  ,8,8,1454971,0,0,0,0,0,0,0,0,0,6,6,1081900,0,0,0,0,0,0,0,0,0
201710,36,119,1,2,Westchester County            ,38,38,20722324,2,4,561666,0,0,0,6,65,10691731,30,30,17776581,0,0,0,0,0,0,0,0,0
201710,37,007,3,5,Anson County                  ,4,4,599460,0,0,0,0,0,0,0,0,0,0,0,0,0,0,0,0,0,0,0,0,0
201710,37,011,3,5,Avery County                  ,6,6,6470000,0,0,0,0,0,0,0,0,0,6,6,6470000,0,0,0,0,0,0,0,0,0
201710,37,015,3,5,Bertie County                 ,0,0,0,0,0,0,0,0,0,0,0,0,0,0,0,0,0,0,0,0,0,0,0,0
201710,37,025,3,5,Cabarrus County               ,154,154,26367943,0,0,0,1,4,320000,3,17,1360000,154,154,26367943,0,0,0,1,4,320000,3,17,1360000
201710,37,033,3,5,Caswell County                ,5,5,765117,0,0,0,0,0,0,0,0,0,5,5,765117,0,0,0,0,0,0,0,0,0
201710,37,037,3,5,Chatham County                ,61,61,22187620,0,0,0,0,0,0,0,0,0,61,61,22187620,0,0,0,0,0,0,0,0,0
201710,37,051,3,5,Cumberland County             ,61,61,11290768,0,0,0,0,0,0,0,0,0,61,61,11290768,0,0,0,0,0,0,0,0,0
201710,37,053,3,5,Currituck County              ,41,41,10333761,0,0,0,0,0,0,0,0,0,41,41,10333761,0,0,0,0,0,0,0,0,0
201710,37,059,3,5,Davie County                  ,11,11,2219939,0,0,0,0,0,0,0,0,0,0,0,0,0,0,0,0,0,0,0,0,0
201710,37,063,3,5,Durham County                 ,161,161,30286845,1,2,169897,0,0,0,3,122,10506324,0,0,0,0,0,0,0,0,0,0,0,0
201710,37,069,3,5,Franklin County               ,71,71,12277302,0,0,0,0,0,0,0,0,0,71,71,12277302,0,0,0,0,0,0,0,0,0
201710,37,071,3,5,Gaston County                 ,137,137,40525202,0,0,0,0,0,0,0,0,0,137,137,40525202,0,0,0,0,0,0,0,0,0
201710,37,081,3,5,Guilford County               ,111,111,27724455,0,0,0,0,0,0,0,0,0,111,111,27724455,0,0,0,0,0,0,0,0,0
201710,37,089,3,5,Henderson County              ,45,45,13011042,0,0,0,0,0,0,0,0,0,45,45,13011042,0,0,0,0,0,0,0,0,0
201710,37,093,3,5,Hoke County                   ,19,19,4393672,0,0,0,0,0,0,0,0,0,19,19,4393672,0,0,0,0,0,0,0,0,0
201710,37,097,3,5,Iredell County                ,88,88,25394113,0,0,0,0,0,0,0,0,0,88,88,25394113,0,0,0,0,0,0,0,0,0
201710,37,101,3,5,Johnston County               ,193,193,34817874,0,0,0,1,4,220000,0,0,0,189,189,34205505,0,0,0,1,4,220000,0,0,0
201710,37,105,3,5,Lee County                    ,13,13,2816815,0,0,0,0,0,0,0,0,0,13,13,2816815,0,0,0,0,0,0,0,0,0
201710,37,119,3,5,Mecklenburg County            ,429,429,99204494,1,2,409216,0,0,0,15,1220,66503004,429,429,99204494,1,2,409216,0,0,0,15,1220,66503004
201710,37,133,3,5,Onslow County                 ,75,75,11311976,0,0,0,0,0,0,0,0,0,75,75,11311976,0,0,0,0,0,0,0,0,0
201710,37,135,3,5,Orange County                 ,47,47,17088368,2,4,694577,0,0,0,0,0,0,47,47,17088368,2,4,694577,0,0,0,0,0,0
201710,37,145,3,5,Person County                 ,4,4,1279000,0,0,0,0,0,0,0,0,0,4,4,1279000,0,0,0,0,0,0,0,0,0
201710,37,151,3,5,Randolph County               ,38,38,9953612,0,0,0,0,0,0,0,0,0,38,38,9953612,0,0,0,0,0,0,0,0,0
201710,37,157,3,5,Rockingham County             ,21,21,4933002,0,0,0,0,0,0,0,0,0,21,21,4933002,0,0,0,0,0,0,0,0,0
201710,37,179,3,5,Union County                  ,128,128,27769688,0,0,0,0,0,0,1,5,350000,116,116,25971742,0,0,0,0,0,0,0,0,0
201710,37,181,3,5,Vance County                  ,4,4,658655,0,0,0,0,0,0,0,0,0,4,4,658655,0,0,0,0,0,0,0,0,0
201710,37,183,3,5,Wake County                   ,652,652,152301056,1,2,526826,1,4,1557967,2,48,6506310,584,584,138942792,1,2,526826,1,4,1557967,2,48,6506310
201710,37,195,3,5,Wilson County                 ,14,14,3018883,0,0,0,0,0,0,0,0,0,14,14,3018883,0,0,0,0,0,0,0,0,0
201710,39,007,2,3,Ashtabula County              ,11,11,2018152,0,0,0,0,0,0,0,0,0,0,0,0,0,0,0,0,0,0,0,0,0
201710,39,015,2,3,Brown County                  ,8,8,2069634,0,0,0,0,0,0,0,0,0,8,8,2069634,0,0,0,0,0,0,0,0,0
201710,39,017,2,3,Butler County                 ,68,68,14695295,0,0,0,0,0,0,0,0,0,60,60,13297201,0,0,0,0,0,0,0,0,0
201710,39,025,2,3,Clermont County               ,37,37,7863211,0,0,0,1,3,386000,0,0,0,37,37,7863211,0,0,0,1,3,386000,0,0,0
201710,39,041,2,3,Delaware County               ,114,114,29029988,0,0,0,0,0,0,2,19,2032475,93,93,24919409,0,0,0,0,0,0,1,6,1050000
201710,39,049,2,3,Franklin County               ,124,124,41210120,2,4,490000,7,28,1684000,20,378,31479360,120,120,40295117,2,4,490000,7,28,1684000,19,371,31164360
201710,39,055,2,3,Geauga County                 ,19,19,7456971,0,0,0,0,0,0,0,0,0,19,19,7456971,0,0,0,0,0,0,0,0,0
201710,39,085,2,3,Lake County                   ,31,31,6390299,0,0,0,0,0,0,0,0,0,29,29,6057791,0,0,0,0,0,0,0,0,0
201710,39,089,2,3,Licking County                ,27,27,6744584,0,0,0,0,0,0,0,0,0,0,0,0,0,0,0,0,0,0,0,0,0
201710,39,093,2,3,Lorain County                 ,81,81,17651313,0,0,0,1,3,400762,1,14,764928,56,56,9127245,0,0,0,1,3,400762,0,0,0
201710,39,097,2,3,Madison County                ,6,6,1328288,0,0,0,0,0,0,0,0,0,3,3,776113,0,0,0,0,0,0,0,0,0
201710,39,103,2,3,Medina County                 ,47,47,11768151,0,0,0,1,4,248000,0,0,0,47,47,11768151,0,0,0,1,4,248000,0,0,0
201710,39,117,2,3,Morrow County                 ,8,8,1118704,0,0,0,0,0,0,0,0,0,8,8,1118704,0,0,0,0,0,0,0,0,0
201710,39,159,2,3,Union County                  ,42,42,10865577,0,0,0,0,0,0,0,0,0,42,42,10865577,0,0,0,0,0,0,0,0,0
201710,39,165,2,3,Warren County                 ,105,105,30585990,0,0,0,3,12,2981166,2,14,2597392,105,105,30585990,0,0,0,3,12,2981166,2,14,2597392
201710,40,001,3,7,Adair County                  ,0,0,0,0,0,0,0,0,0,0,0,0,0,0,0,0,0,0,0,0,0,0,0,0
201710,40,017,3,7,Canadian County               ,18,18,3955485,0,0,0,0,0,0,0,0,0,12,12,2580303,0,0,0,0,0,0,0,0,0
201710,40,021,3,7,Cherokee County               ,5,5,656191,1,2,130000,0,0,0,1,5,244048,0,0,0,0,0,0,0,0,0,0,0,0
201710,40,027,3,7,Cleveland County              ,38,38,10370828,2,4,922800,0,0,0,0,0,0,38,38,10370828,2,4,922800,0,0,0,0,0,0
201710,40,029,3,7,Coal County                   ,0,0,0,0,0,0,0,0,0,0,0,0,0,0,0,0,0,0,0,0,0,0,0,0
201710,40,037,3,7,Creek County                  ,5,5,1031620,0,0,0,0,0,0,0,0,0,1,1,175000,0,0,0,0,0,0,0,0,0
201710,40,051,3,7,Grady County                  ,7,7,1322816,0,0,0,0,0,0,0,0,0,1,1,15000,0,0,0,0,0,0,0,0,0
201710,40,055,3,7,Greer County                  ,2,2,700000,0,0,0,0,0,0,0,0,0,2,2,700000,0,0,0,0,0,0,0,0,0
201710,40,081,3,7,Lincoln County                ,2,2,195000,0,0,0,0,0,0,0,0,0,2,2,195000,0,0,0,0,0,0,0,0,0
201710,40,083,3,7,Logan County                  ,4,4,800000,0,0,0,0,0,0,0,0,0,4,4,800000,0,0,0,0,0,0,0,0,0
201710,40,087,3,7,McClain County                ,27,27,5222061,0,0,0,0,0,0,0,0,0,20,20,3758260,0,0,0,0,0,0,0,0,0
201710,40,109,3,7,Oklahoma County               ,348,348,80521898,3,6,390000,0,0,0,0,0,0,328,328,77714175,3,6,390000,0,0,0,0,0,0
201710,40,111,3,7,Okmulgee County               ,0,0,0,0,0,0,0,0,0,0,0,0,0,0,0,0,0,0,0,0,0,0,0,0
201710,40,113,3,7,Osage County                  ,9,9,1980958,0,0,0,0,0,0,0,0,0,9,9,1980958,0,0,0,0,0,0,0,0,0
201710,40,117,3,7,Pawnee County                 ,1,1,215000,0,0,0,0,0,0,0,0,0,1,1,215000,0,0,0,0,0,0,0,0,0
201710,40,131,3,7,Rogers County                 ,37,37,6290987,0,0,0,0,0,0,0,0,0,36,36,6187654,0,0,0,0,0,0,0,0,0
201710,40,143,3,7,Tulsa County                  ,133,133,32803184,0,0,0,0,0,0,1,99,9500000,132,132,32740184,0,0,0,0,0,0,1,99,9500000
201710,40,145,3,7,Wagoner County                ,35,35,6087390,1,2,220500,0,0,0,0,0,0,35,35,6087390,1,2,220500,0,0,0,0,0,0
201710,41,000,4,9,Oregon Balance of State       ,18,18,2666013,0,0,0,0,0,0,0,0,0,0,0,0,0,0,0,0,0,0,0,0,0
201710,41,005,4,9,Clackamas County              ,102,102,30761074,1,2,331595,0,0,0,1,21,3053757,89,89,24519614,1,2,331595,0,0,0,0,0,0
201710,41,019,4,9,Douglas County                ,12,12,3150554,0,0,0,0,0,0,0,0,0,12,12,3150554,0,0,0,0,0,0,0,0,0
201710,41,025,4,9,Harney County                 ,2,2,494156,0,0,0,0,0,0,0,0,0,0,0,0,0,0,0,0,0,0,0,0,0
201710,41,035,4,9,Klamath County                ,13,13,2753549,0,0,0,9,35,3713506,0,0,0,13,13,2753549,0,0,0,9,35,3713506,0,0,0
201710,41,051,4,9,Multnomah County              ,69,69,18400080,4,8,1216568,1,3,184338,9,510,60973139,69,69,18400080,4,8,1216568,1,3,184338,9,510,60973139
201710,41,067,4,9,Washington County             ,64,64,19376380,0,0,0,0,0,0,0,0,0,64,64,19376380,0,0,0,0,0,0,0,0,0
201710,41,071,4,9,Yamhill County                ,39,39,13118315,0,0,0,0,0,0,0,0,0,28,28,10330088,0,0,0,0,0,0,0,0,0
201710,42,001,1,2,Adams County                  ,14,14,3194339,0,0,0,0,0,0,0,0,0,14,14,3194339,0,0,0,0,0,0,0,0,0
201710,42,017,1,2,Bucks County                  ,87,87,18363201,0,0,0,0,0,0,0,0,0,55,55,10582973,0,0,0,0,0,0,0,0,0
201710,42,029,1,2,Chester County                ,105,105,19488262,0,0,0,1,3,322903,0,0,0,92,92,16596701,0,0,0,0,0,0,0,0,0
201710,42,037,1,2,Columbia County               ,9,9,1791102,0,0,0,0,0,0,0,0,0,6,6,1144838,0,0,0,0,0,0,0,0,0
201710,42,041,1,2,Cumberland County             ,90,90,17336947,0,0,0,0,0,0,2,35,3976144,86,86,16106334,0,0,0,0,0,0,1,24,2239807
201710,42,043,1,2,Dauphin County                ,38,38,8430478,1,2,292620,0,0,0,2,27,2173380,29,29,6255382,1,2,292620,0,0,0,2,27,2173380
201710,42,045,1,2,Delaware County               ,30,30,8272466,0,0,0,0,0,0,0,0,0,14,14,4261526,0,0,0,0,0,0,0,0,0
201710,42,055,1,2,Franklin County               ,29,29,5856821,0,0,0,0,0,0,1,5,487529,24,24,5216168,0,0,0,0,0,0,0,0,0
201710,42,065,1,2,Jefferson County              ,5,5,942944,0,0,0,0,0,0,0,0,0,5,5,942944,0,0,0,0,0,0,0,0,0
201710,42,091,1,2,Montgomery County             ,87,87,17085017,0,0,0,0,0,0,3,95,7163158,66,66,11857713,0,0,0,0,0,0,1,10,1315154
201710,42,093,1,2,Montour County                ,2,2,474046,0,0,0,0,0,0,0,0,0,1,1,267838,0,0,0,0,0,0,0,0,0
201710,42,099,1,2,Perry County                  ,8,8,2091778,0,0,0,0,0,0,0,0,0,0,0,0,0,0,0,0,0,0,0,0,0
201710,42,101,1,2,Philadelphia County           ,68,68,18212950,11,22,2970810,11,40,4861440,7,167,21963073,68,68,18212950,11,22,2970810,11,40,4861440,7,167,21963073
201710,42,103,1,2,Pike County                   ,6,6,1257838,0,0,0,0,0,0,0,0,0,6,6,1257838,0,0,0,0,0,0,0,0,0
201710,44,001,1,1,Bristol County                ,5,5,1678400,0,0,0,0,0,0,0,0,0,3,3,1068000,0,0,0,0,0,0,0,0,0
201710,44,003,1,1,Kent County                   ,13,13,1989886,0,0,0,0,0,0,0,0,0,5,5,870845,0,0,0,0,0,0,0,0,0
201710,44,005,1,1,Newport County                ,13,13,4069088,1,2,350000,0,0,0,0,0,0,13,13,4069088,1,2,350000,0,0,0,0,0,0
201710,44,007,1,1,Providence County             ,29,29,5920482,0,0,0,0,0,0,0,0,0,23,23,5067687,0,0,0,0,0,0,0,0,0
201710,44,009,1,1,Washington County             ,29,29,10751203,0,0,0,1,3,429150,1,5,88542,16,16,6165505,0,0,0,0,0,0,0,0,0
201710,45,003,3,5,Aiken County                  ,66,66,14485953,0,0,0,0,0,0,0,0,0,54,54,12640136,0,0,0,0,0,0,0,0,0
201710,45,009,3,5,Bamberg County                ,1,1,220000,0,0,0,0,0,0,0,0,0,1,1,220000,0,0,0,0,0,0,0,0,0
201710,45,015,3,5,Berkeley County               ,120,120,32859335,0,0,0,0,0,0,1,5,107219,21,21,6882354,0,0,0,0,0,0,0,0,0
201710,45,017,3,5,Calhoun County                ,0,0,0,0,0,0,0,0,0,0,0,0,0,0,0,0,0,0,0,0,0,0,0,0
201710,45,019,3,5,Charleston County             ,253,253,75549531,0,0,0,0,0,0,3,107,8129210,52,52,26806589,0,0,0,0,0,0,0,0,0
201710,45,035,3,5,Dorchester County             ,60,60,16024277,0,0,0,0,0,0,0,0,0,60,60,16024277,0,0,0,0,0,0,0,0,0
201710,45,037,3,5,Edgefield County              ,6,6,975000,0,0,0,0,0,0,0,0,0,6,6,975000,0,0,0,0,0,0,0,0,0
201710,45,039,3,5,Fairfield County              ,4,4,841238,0,0,0,0,0,0,0,0,0,0,0,0,0,0,0,0,0,0,0,0,0
201710,45,045,3,5,Greenville County             ,213,213,110013782,0,0,0,0,0,0,0,0,0,210,210,109539085,0,0,0,0,0,0,0,0,0
201710,45,051,3,5,Horry County                  ,554,554,81175060,1,2,296444,0,0,0,1,8,700000,530,530,75080674,1,2,296444,0,0,0,1,8,700000
201710,45,055,3,5,Kershaw County                ,25,25,3944757,0,0,0,0,0,0,0,0,0,25,25,3944757,0,0,0,0,0,0,0,0,0
201710,45,059,3,5,Laurens County                ,13,13,1788239,0,0,0,0,0,0,0,0,0,13,13,1788239,0,0,0,0,0,0,0,0,0
201710,45,063,3,5,Lexington County              ,147,147,35143967,0,0,0,0,0,0,0,0,0,146,146,35024292,0,0,0,0,0,0,0,0,0
201710,45,077,3,5,Pickens County                ,47,47,17302614,0,0,0,0,0,0,1,38,4999756,38,38,15817237,0,0,0,0,0,0,0,0,0
201710,45,079,3,5,Richland County               ,178,178,24733445,0,0,0,0,0,0,1,38,2144825,40,40,6918294,0,0,0,0,0,0,0,0,0
201710,45,081,3,5,Saluda County                 ,3,3,1239554,0,0,0,0,0,0,0,0,0,3,3,1239554,0,0,0,0,0,0,0,0,0
201710,45,085,3,5,Sumter County                 ,22,22,3217063,0,0,0,0,0,0,1,5,533333,0,0,0,0,0,0,0,0,0,0,0,0
201710,45,091,3,5,York County                   ,201,201,63662758,0,0,0,0,0,0,2,34,3594886,39,39,9948542,0,0,0,0,0,0,0,0,0
201710,46,007,2,4,Bennett County                ,0,0,0,0,0,0,0,0,0,0,0,0,0,0,0,0,0,0,0,0,0,0,0,0
201710,46,055,2,4,Haakon County                 ,0,0,0,0,0,0,0,0,0,0,0,0,0,0,0,0,0,0,0,0,0,0,0,0
201710,46,071,2,4,Jackson County                ,0,0,0,0,0,0,0,0,0,0,0,0,0,0,0,0,0,0,0,0,0,0,0,0
201710,46,111,2,4,Sanborn County                ,0,0,0,0,0,0,0,0,0,0,0,0,0,0,0,0,0,0,0,0,0,0,0,0
201710,47,001,3,6,Anderson County               ,10,10,2051805,0,0,0,0,0,0,0,0,0,3,3,573094,0,0,0,0,0,0,0,0,0
201710,47,015,3,6,Cannon County                 ,1,1,126190,0,0,0,0,0,0,0,0,0,0,0,0,0,0,0,0,0,0,0,0,0
201710,47,021,3,6,Cheatham County               ,33,33,5708000,0,0,0,0,0,0,0,0,0,33,33,5708000,0,0,0,0,0,0,0,0,0
201710,47,037,3,6,Davidson County               ,207,207,50786913,0,0,0,0,0,0,4,148,15942427,206,206,49841335,0,0,0,0,0,0,4,148,15942427
201710,47,043,3,6,Dickson County                ,31,31,5698991,0,0,0,0,0,0,0,0,0,30,30,5473593,0,0,0,0,0,0,0,0,0
201710,47,049,3,6,Fentress County               ,0,0,0,0,0,0,0,0,0,0,0,0,0,0,0,0,0,0,0,0,0,0,0,0
201710,47,081,3,6,Hickman County                ,3,3,763750,0,0,0,0,0,0,0,0,0,3,3,763750,0,0,0,0,0,0,0,0,0
201710,47,093,3,6,Knox County                   ,140,140,28449696,0,0,0,0,0,0,1,101,25000000,39,39,8169077,0,0,0,0,0,0,1,101,25000000
201710,47,105,3,6,Loudon County                 ,37,37,8652109,0,0,0,0,0,0,0,0,0,28,28,7073222,0,0,0,0,0,0,0,0,0
201710,47,125,3,6,Montgomery County             ,148,148,21991725,2,4,200000,2,8,420000,5,31,1548000,148,148,21991725,2,4,200000,2,8,420000,5,31,1548000
201710,47,139,3,6,Polk County                   ,15,15,2701861,0,0,0,0,0,0,0,0,0,0,0,0,0,0,0,0,0,0,0,0,0
201710,47,149,3,6,Rutherford County             ,189,189,44927195,0,0,0,0,0,0,1,5,464943,149,149,39128991,0,0,0,0,0,0,0,0,0
201710,47,153,3,6,Sequatchie County             ,0,0,0,0,0,0,0,0,0,0,0,0,0,0,0,0,0,0,0,0,0,0,0,0
201710,47,157,3,6,Shelby County                 ,61,61,15881242,2,4,321917,0,0,0,0,0,0,61,61,15881242,2,4,321917,0,0,0,0,0,0
201710,47,159,3,6,Smith County                  ,5,5,1375349,0,0,0,0,0,0,0,0,0,4,4,1147492,0,0,0,0,0,0,0,0,0
201710,47,161,3,6,Stewart County                ,1,1,113000,0,0,0,0,0,0,0,0,0,0,0,0,0,0,0,0,0,0,0,0,0
201710,47,165,3,6,Sumner County                 ,124,124,23408819,0,0,0,0,0,0,0,0,0,124,124,23408819,0,0,0,0,0,0,0,0,0
201710,47,167,3,6,Tipton County                 ,15,15,3047921,0,0,0,0,0,0,0,0,0,8,8,2034480,0,0,0,0,0,0,0,0,0
201710,47,169,3,6,Trousdale County              ,5,5,793000,0,0,0,0,0,0,0,0,0,5,5,793000,0,0,0,0,0,0,0,0,0
201710,47,173,3,6,Union County                  ,7,7,440000,0,0,0,0,0,0,0,0,0,7,7,440000,0,0,0,0,0,0,0,0,0
201710,47,175,3,6,Van Buren County              ,0,0,0,0,0,0,0,0,0,0,0,0,0,0,0,0,0,0,0,0,0,0,0,0
201710,47,189,3,6,Wilson County                 ,95,95,25745273,1,2,250000,0,0,0,11,228,13449810,95,95,25745273,1,2,250000,0,0,0,11,228,13449810
201710,48,013,3,7,Atascosa County               ,2,2,386099,0,0,0,0,0,0,0,0,0,1,1,213850,0,0,0,0,0,0,0,0,0
201710,48,015,3,7,Austin County                 ,4,4,716074,0,0,0,0,0,0,0,0,0,3,3,515000,0,0,0,0,0,0,0,0,0
201710,48,019,3,7,Bandera County                ,0,0,0,0,0,0,0,0,0,0,0,0,0,0,0,0,0,0,0,0,0,0,0,0
201710,48,021,3,7,Bastrop County                ,13,13,1941700,0,0,0,0,0,0,0,0,0,13,13,1941700,0,0,0,0,0,0,0,0,0
201710,48,025,3,7,Bee County                    ,1,1,114764,0,0,0,0,0,0,0,0,0,0,0,0,0,0,0,0,0,0,0,0,0
201710,48,027,3,7,Bell County                   ,117,117,22675071,12,24,2000569,0,0,0,1,14,1166667,105,105,20218165,11,22,1944000,0,0,0,0,0,0
201710,48,029,3,7,Bexar County                  ,282,282,65924100,1,2,208000,0,0,0,1,8,1704794,243,243,60826026,1,2,208000,0,0,0,0,0,0
201710,48,051,3,7,Burleson County               ,0,0,0,0,0,0,0,0,0,0,0,0,0,0,0,0,0,0,0,0,0,0,0,0
201710,48,055,3,7,Caldwell County               ,27,27,4517082,0,0,0,0,0,0,0,0,0,1,1,65000,0,0,0,0,0,0,0,0,0
201710,48,085,3,7,Collin County                 ,606,606,184395650,4,8,868563,0,0,0,13,450,46349823,465,465,126921674,4,8,868563,0,0,0,12,445,45599920
201710,48,091,3,7,Comal County                  ,180,180,38572272,7,14,1097362,0,0,0,7,214,28538596,178,178,37978067,7,14,1097362,0,0,0,7,214,28538596
201710,48,099,3,7,Coryell County                ,15,15,2217584,0,0,0,0,0,0,0,0,0,2,2,360000,0,0,0,0,0,0,0,0,0
201710,48,107,3,7,Crosby County                 ,1,1,67000,0,0,0,0,0,0,0,0,0,0,0,0,0,0,0,0,0,0,0,0,0
201710,48,113,3,7,Dallas County                 ,429,429,124069697,9,18,1954267,0,0,0,46,2620,252427983,407,407,116875273,9,18,1954267,0,0,0,45,2545,244727670
201710,48,119,3,7,Delta County                  ,0,0,0,0,0,0,0,0,0,0,0,0,0,0,0,0,0,0,0,0,0,0,0,0
201710,48,135,3,7,Ector County                  ,41,41,7839316,0,0,0,0,0,0,0,0,0,0,0,0,0,0,0,0,0,0,0,0,0
201710,48,139,3,7,Ellis County                  ,180,180,37403924,1,2,130000,0,0,0,5,112,19065190,176,176,36339758,1,2,130000,0,0,0,5,112,19065190
201710,48,141,3,7,El Paso County                ,252,252,49044078,3,6,587838,1,4,362245,5,63,8956889,58,58,6047,0,0,0,0,0,0,0,0,0
201710,48,157,3,7,Fort Bend County              ,844,844,102689667,0,0,0,0,0,0,1,11,860843,111,111,34701620,0,0,0,0,0,0,0,0,0
201710,48,167,3,7,Galveston County              ,199,199,46622275,0,0,0,0,0,0,1,5,275264,91,91,22274266,0,0,0,0,0,0,0,0,0
201710,48,185,3,7,Grimes County                 ,4,4,469606,0,0,0,0,0,0,0,0,0,4,4,469606,0,0,0,0,0,0,0,0,0
201710,48,187,3,7,Guadalupe County              ,68,68,17982228,1,2,220629,0,0,0,0,0,0,68,68,17982228,1,2,220629,0,0,0,0,0,0
201710,48,193,3,7,Hamilton County               ,1,1,80000,0,0,0,0,0,0,0,0,0,0,0,0,0,0,0,0,0,0,0,0,0
201710,48,195,3,7,Hansford County               ,0,0,0,0,0,0,0,0,0,0,0,0,0,0,0,0,0,0,0,0,0,0,0,0
201710,48,201,3,7,Harris County                 ,1498,1498,286684731,6,12,1564364,2,8,491668,2,40,4130000,1485,1485,279091172,4,8,1302091,0,0,0,2,40,4130000
201710,48,211,3,7,Hemphill County               ,0,0,0,0,0,0,0,0,0,0,0,0,0,0,0,0,0,0,0,0,0,0,0,0
201710,48,215,3,7,Hidalgo County                ,272,272,46282472,6,12,574354,6,23,1375455,2,53,4251639,136,136,18114895,5,10,460000,2,8,400000,0,0,0
201710,48,233,3,7,Hutchinson County             ,0,0,0,0,0,0,0,0,0,0,0,0,0,0,0,0,0,0,0,0,0,0,0,0
201710,48,251,3,7,Johnson County                ,66,66,13099241,0,0,0,0,0,0,0,0,0,66,66,13099241,0,0,0,0,0,0,0,0,0
201710,48,257,3,7,Kaufman County                ,46,46,24138223,2,4,340000,0,0,0,0,0,0,39,39,22987926,2,4,340000,0,0,0,0,0,0
201710,48,259,3,7,Kendall County                ,23,23,6483649,0,0,0,0,0,0,1,26,1923820,0,0,0,0,0,0,0,0,0,0,0,0
201710,48,271,3,7,Kinney County                 ,0,0,0,0,0,0,0,0,0,0,0,0,0,0,0,0,0,0,0,0,0,0,0,0
201710,48,281,3,7,Lampasas County               ,4,4,540082,0,0,0,0,0,0,0,0,0,0,0,0,0,0,0,0,0,0,0,0,0
201710,48,291,3,7,Liberty County                ,42,42,6022821,0,0,0,0,0,0,0,0,0,5,5,560197,0,0,0,0,0,0,0,0,0
201710,48,303,3,7,Lubbock County                ,115,115,26439559,5,10,1231646,1,4,535500,5,111,12673363,1,1,171000,0,0,0,0,0,0,0,0,0
201710,48,323,3,7,Maverick County               ,6,6,732093,0,0,0,0,0,0,0,0,0,0,0,0,0,0,0,0,0,0,0,0,0
201710,48,325,3,7,Medina County                 ,2,2,361558,0,0,0,0,0,0,0,0,0,1,1,155000,0,0,0,0,0,0,0,0,0
201710,48,329,3,7,Midland County                ,53,53,13936140,0,0,0,0,0,0,0,0,0,53,53,13936140,0,0,0,0,0,0,0,0,0
201710,48,339,3,7,Montgomery County             ,446,446,99471432,0,0,0,0,0,0,0,0,0,437,437,97520682,0,0,0,0,0,0,0,0,0
201710,48,367,3,7,Parker County                 ,30,30,6364088,0,0,0,0,0,0,1,5,526370,30,30,6364088,0,0,0,0,0,0,0,0,0
201710,48,375,3,7,Potter County                 ,31,31,8412789,0,0,0,0,0,0,0,0,0,31,31,8412789,0,0,0,0,0,0,0,0,0
201710,48,383,3,7,Reagan County                 ,0,0,0,0,0,0,0,0,0,0,0,0,0,0,0,0,0,0,0,0,0,0,0,0
201710,48,385,3,7,Real County                   ,0,0,0,0,0,0,0,0,0,0,0,0,0,0,0,0,0,0,0,0,0,0,0,0
201710,48,395,3,7,Robertson County              ,5,5,1156230,0,0,0,0,0,0,0,0,0,5,5,1156230,0,0,0,0,0,0,0,0,0
201710,48,397,3,7,Rockwall County               ,125,125,40657670,0,0,0,0,0,0,0,0,0,108,108,37226904,0,0,0,0,0,0,0,0,0
201710,48,407,3,7,San Jacinto County            ,25,25,5057856,0,0,0,0,0,0,0,0,0,0,0,0,0,0,0,0,0,0,0,0,0
201710,48,411,3,7,San Saba County               ,0,0,0,0,0,0,0,0,0,0,0,0,0,0,0,0,0,0,0,0,0,0,0,0
201710,48,451,3,7,Tom Green County              ,17,17,5508000,0,0,0,0,0,0,0,0,0,17,17,5508000,0,0,0,0,0,0,0,0,0
201710,48,453,3,7,Travis County                 ,637,637,178830080,4,8,952084,1,3,150000,25,1007,49343354,603,603,167669082,3,6,810000,1,3,150000,25,1007,49343354
201710,48,473,3,7,Waller County                 ,1,1,297242,0,0,0,0,0,0,1,6,133083,0,0,0,0,0,0,0,0,0,0,0,0
201710,48,491,3,7,Williamson County             ,321,321,86405639,3,6,640620,1,4,284670,1,5,1500000,307,307,83674347,3,6,640620,1,4,284670,1,5,1500000
201710,48,493,3,7,Wilson County                 ,6,6,1205232,0,0,0,0,0,0,0,0,0,2,2,388452,0,0,0,0,0,0,0,0,0
201710,48,497,3,7,Wise County                   ,2,2,436287,0,0,0,0,0,0,0,0,0,1,1,205000,0,0,0,0,0,0,0,0,0
201710,49,011,4,8,Davis County                  ,106,106,28939299,0,0,0,1,3,282000,0,0,0,103,103,27893022,0,0,0,1,3,282000,0,0,0
201710,49,023,4,8,Juab County                   ,6,6,1757180,0,0,0,0,0,0,0,0,0,5,5,1426739,0,0,0,0,0,0,0,0,0
201710,49,029,4,8,Morgan County                 ,8,8,3873048,0,0,0,0,0,0,0,0,0,7,7,3568112,0,0,0,0,0,0,0,0,0
201710,49,035,4,8,Salt Lake County              ,432,432,99241407,3,6,1143842,8,31,4757381,13,403,50656526,335,335,73559213,1,2,518713,5,20,3223645,6,56,7541658
201710,49,039,4,8,Sanpete County                ,7,7,964298,0,0,0,0,0,0,0,0,0,7,7,964298,0,0,0,0,0,0,0,0,0
201710,49,043,4,8,Summit County                 ,31,31,18160784,0,0,0,0,0,0,1,5,854284,21,21,13023215,0,0,0,0,0,0,0,0,0
201710,49,057,4,8,Weber County                  ,65,65,17090467,0,0,0,3,12,1522211,4,39,4280997,49,49,12922366,0,0,0,2,8,884246,2,29,2850741
201710,51,003,3,5,Albemarle County              ,47,47,15157619,0,0,0,0,0,0,1,20,2059358,0,0,0,0,0,0,0,0,0,0,0,0
201710,51,007,3,5,Amelia County                 ,6,6,1058580,0,0,0,0,0,0,0,0,0,6,6,1058580,0,0,0,0,0,0,0,0,0
201710,51,009,3,5,Amherst County                ,7,7,1333060,0,0,0,0,0,0,0,0,0,7,7,1333060,0,0,0,0,0,0,0,0,0
201710,51,013,3,5,Arlington County              ,31,31,8487332,2,4,970833,0,0,0,1,141,22726552,0,0,0,0,0,0,0,0,0,0,0,0
201710,51,015,3,5,Augusta County                ,32,32,4507845,0,0,0,3,12,860000,0,0,0,32,32,4507845,0,0,0,3,12,860000,0,0,0
201710,51,019,3,5,Bedford County                ,0,0,0,0,0,0,0,0,0,0,0,0,0,0,0,0,0,0,0,0,0,0,0,0
201710,51,033,3,5,Caroline County               ,10,10,1917447,0,0,0,0,0,0,0,0,0,0,0,0,0,0,0,0,0,0,0,0,0
201710,51,036,3,5,Charles City County           ,1,1,183676,0,0,0,0,0,0,0,0,0,0,0,0,0,0,0,0,0,0,0,0,0
201710,51,037,3,5,Charlotte County              ,0,0,0,0,0,0,0,0,0,0,0,0,0,0,0,0,0,0,0,0,0,0,0,0
201710,51,041,3,5,Chesterfield County           ,108,108,24974558,1,2,300000,6,23,2662586,0,0,0,108,108,24974558,1,2,300000,6,23,2662586,0,0,0
201710,51,043,3,5,Clarke County                 ,5,5,1865637,0,0,0,0,0,0,0,0,0,5,5,1865637,0,0,0,0,0,0,0,0,0
201710,51,049,3,5,Cumberland County             ,8,8,2092960,0,0,0,0,0,0,0,0,0,8,8,2092960,0,0,0,0,0,0,0,0,0
201710,51,051,3,5,Dickenson County              ,0,0,0,0,0,0,0,0,0,0,0,0,0,0,0,0,0,0,0,0,0,0,0,0
201710,51,053,3,5,Dinwiddie County              ,6,6,114424,0,0,0,0,0,0,0,0,0,0,0,0,0,0,0,0,0,0,0,0,0
201710,51,059,3,5,Fairfax County                ,82,82,18916530,0,0,0,0,0,0,2,488,10400000,79,79,18268427,0,0,0,0,0,0,2,488,10400000
201710,51,061,3,5,Fauquier County               ,21,21,7633878,0,0,0,0,0,0,0,0,0,21,21,7633878,0,0,0,0,0,0,0,0,0
201710,51,069,3,5,Frederick County              ,40,40,10572168,0,0,0,0,0,0,0,0,0,40,40,10572168,0,0,0,0,0,0,0,0,0
201710,51,073,3,5,Gloucester County             ,28,28,6438025,0,0,0,0,0,0,0,0,0,28,28,6438025,0,0,0,0,0,0,0,0,0
201710,51,075,3,5,Goochland County              ,13,13,4649572,0,0,0,0,0,0,0,0,0,13,13,4649572,0,0,0,0,0,0,0,0,0
201710,51,085,3,5,Hanover County                ,44,44,10174820,0,0,0,0,0,0,0,0,0,44,44,10174820,0,0,0,0,0,0,0,0,0
201710,51,087,3,5,Henrico County                ,66,66,12910930,0,0,0,0,0,0,20,100,1752000,66,66,12910930,0,0,0,0,0,0,20,100,1752000
201710,51,093,3,5,Isle of Wight County          ,15,15,2966015,0,0,0,0,0,0,0,0,0,0,0,0,0,0,0,0,0,0,0,0,0
201710,51,095,3,5,James City County             ,35,35,8428600,0,0,0,2,6,998844,2,12,1404740,35,35,8428600,0,0,0,2,6,998844,2,12,1404740
201710,51,097,3,5,King and Queen County         ,1,1,70000,0,0,0,0,0,0,0,0,0,1,1,70000,0,0,0,0,0,0,0,0,0
201710,51,099,3,5,King George County            ,16,16,3699934,0,0,0,0,0,0,0,0,0,16,16,3699934,0,0,0,0,0,0,0,0,0
201710,51,107,3,5,Loudoun County                ,183,183,42318001,1,2,200000,0,0,0,2,28,240000,183,183,42318001,1,2,200000,0,0,0,2,28,240000
201710,51,109,3,5,Louisa County                 ,21,21,4028368,0,0,0,0,0,0,0,0,0,21,21,4028368,0,0,0,0,0,0,0,0,0
201710,51,115,3,5,Mathews County                ,1,1,240000,0,0,0,0,0,0,0,0,0,1,1,240000,0,0,0,0,0,0,0,0,0
201710,51,127,3,5,New Kent County               ,30,30,6937377,0,0,0,0,0,0,0,0,0,30,30,6937377,0,0,0,0,0,0,0,0,0
201710,51,139,3,5,Page County                   ,2,2,346500,0,0,0,0,0,0,0,0,0,2,2,346500,0,0,0,0,0,0,0,0,0
201710,51,145,3,5,Powhatan County               ,24,24,5549902,0,0,0,0,0,0,0,0,0,24,24,5549902,0,0,0,0,0,0,0,0,0
201710,51,149,3,5,Prince George County          ,9,9,1605300,0,0,0,0,0,0,0,0,0,9,9,1605300,0,0,0,0,0,0,0,0,0
201710,51,153,3,5,Prince William County         ,114,114,21457191,0,0,0,0,0,0,0,0,0,114,114,21457191,0,0,0,0,0,0,0,0,0
201710,51,165,3,5,Rockingham County             ,39,39,8269910,0,0,0,0,0,0,0,0,0,39,39,8269910,0,0,0,0,0,0,0,0,0
201710,51,175,3,5,Southampton County            ,4,4,589186,0,0,0,0,0,0,0,0,0,0,0,0,0,0,0,0,0,0,0,0,0
201710,51,177,3,5,Spotsylvania County           ,67,67,17441306,0,0,0,0,0,0,1,100,8189000,67,67,17441306,0,0,0,0,0,0,1,100,8189000
201710,51,179,3,5,Stafford County               ,115,115,21571166,0,0,0,0,0,0,0,0,0,115,115,21571166,0,0,0,0,0,0,0,0,0
201710,51,181,3,5,Surry County                  ,2,2,298768,0,0,0,0,0,0,0,0,0,0,0,0,0,0,0,0,0,0,0,0,0
201710,51,183,3,5,Sussex County                 ,2,2,187000,0,0,0,0,0,0,0,0,0,2,2,187000,0,0,0,0,0,0,0,0,0
201710,51,187,3,5,Warren County                 ,14,14,3547424,0,0,0,0,0,0,0,0,0,14,14,3547424,0,0,0,0,0,0,0,0,0
201710,51,199,3,5,York County                   ,3,3,1280281,1,2,295400,0,0,0,0,0,0,3,3,1280281,1,2,295400,0,0,0,0,0,0
201710,51,510,3,5,Alexandria (Independent City) ,1,1,500000,0,0,0,0,0,0,0,0,0,1,1,500000,0,0,0,0,0,0,0,0,0
201710,51,540,3,5,Charlottesville (Independent C,7,7,1571777,0,0,0,0,0,0,1,10,1478558,0,0,0,0,0,0,0,0,0,0,0,0
201710,51,550,3,5,Chesapeake(Independent City)  ,76,76,23331200,0,0,0,0,0,0,0,0,0,76,76,23331200,0,0,0,0,0,0,0,0,0
201710,51,570,3,5,Colonial Heights (Independent ,0,0,0,0,0,0,0,0,0,0,0,0,0,0,0,0,0,0,0,0,0,0,0,0
201710,51,580,3,5,Covington (Independent City)  ,0,0,0,0,0,0,0,0,0,0,0,0,0,0,0,0,0,0,0,0,0,0,0,0
201710,51,600,3,5,Fairfax (Independent City)    ,1,1,350000,0,0,0,0,0,0,0,0,0,1,1,350000,0,0,0,0,0,0,0,0,0
201710,51,610,3,5,Falls Church (Independent City,4,4,2010000,0,0,0,0,0,0,0,0,0,4,4,2010000,0,0,0,0,0,0,0,0,0
201710,51,630,3,5,Fredericksburg(Independent Cit,2,2,340000,0,0,0,0,0,0,0,0,0,2,2,340000,0,0,0,0,0,0,0,0,0
201710,51,650,3,5,Hampton (Independent City)    ,14,14,865715,0,0,0,0,0,0,0,0,0,0,0,0,0,0,0,0,0,0,0,0,0
201710,51,660,3,5,Harrisonburg (Independent City,11,11,1961722,0,0,0,0,0,0,0,0,0,0,0,0,0,0,0,0,0,0,0,0,0
201710,51,670,3,5,Hopewell (Independent City)   ,5,5,453184,0,0,0,0,0,0,0,0,0,0,0,0,0,0,0,0,0,0,0,0,0
201710,51,680,3,5,Lynchburg (Independent City)  ,2,2,719676,0,0,0,0,0,0,0,0,0,2,2,719676,0,0,0,0,0,0,0,0,0
201710,51,683,3,5,Manassas (Independent City)   ,13,13,1832191,0,0,0,0,0,0,0,0,0,0,0,0,0,0,0,0,0,0,0,0,0
201710,51,685,3,5,Manassas Park (Independent Cit,0,0,0,0,0,0,0,0,0,0,0,0,0,0,0,0,0,0,0,0,0,0,0,0
201710,51,700,3,5,Newport News (Independent City,9,9,1432237,0,0,0,0,0,0,0,0,0,9,9,1432237,0,0,0,0,0,0,0,0,0
201710,51,710,3,5,Norfolk (Independent City)    ,36,36,8324853,4,8,282000,0,0,0,0,0,0,36,36,8324853,4,8,282000,0,0,0,0,0,0
201710,51,730,3,5,Petersburg (Independent City) ,1,1,75000,0,0,0,0,0,0,0,0,0,1,1,75000,0,0,0,0,0,0,0,0,0
201710,51,735,3,5,Poquoson (Independent City)   ,1,1,200000,0,0,0,0,0,0,0,0,0,1,1,200000,0,0,0,0,0,0,0,0,0
201710,51,740,3,5,Portsmouth (Independent City) ,11,11,1325000,0,0,0,0,0,0,0,0,0,11,11,1325000,0,0,0,0,0,0,0,0,0
201710,51,760,3,5,Richmond (Independent City)   ,16,16,3699934,0,0,0,0,0,0,0,0,0,16,16,3699934,0,0,0,0,0,0,0,0,0
201710,51,800,3,5,Suffolk (Independent City)    ,54,54,12487279,0,0,0,0,0,0,0,0,0,54,54,12487279,0,0,0,0,0,0,0,0,0
201710,51,810,3,5,Virginia Beach (Independent Ci,35,35,10024175,0,0,0,0,0,0,0,0,0,35,35,10024175,0,0,0,0,0,0,0,0,0
201710,51,830,3,5,Williamsburg (Independent City,0,0,0,0,0,0,0,0,0,0,0,0,0,0,0,0,0,0,0,0,0,0,0,0
201710,53,005,4,9,Benton County                 ,95,95,28823235,1,2,265501,1,3,406674,2,31,2840554,37,37,11781622,0,0,0,0,0,0,0,0,0
201710,53,011,4,9,Clark County                  ,220,220,63267103,2,4,378491,0,0,0,5,159,13196720,62,62,15246597,2,4,378491,0,0,0,2,133,10472325
201710,53,021,4,9,Franklin County               ,51,51,12525663,1,2,337795,0,0,0,0,0,0,5,5,868414,0,0,0,0,0,0,0,0,0
201710,53,031,4,9,Jefferson County              ,18,18,3170989,0,0,0,0,0,0,0,0,0,0,0,0,0,0,0,0,0,0,0,0,0
201710,53,033,4,9,King County                   ,299,299,111164296,15,30,6142821,12,41,8401944,30,1702,363171636,232,232,80620439,15,30,6142821,12,41,8401944,27,1603,350652233
201710,53,035,4,9,Kitsap County                 ,71,71,20998329,0,0,0,0,0,0,0,0,0,71,71,20998329,0,0,0,0,0,0,0,0,0
201710,53,053,4,9,Pierce County                 ,299,299,88906683,2,4,705114,0,0,0,4,161,26814003,294,294,87350433,1,2,401320,0,0,0,4,161,26814003
201710,53,055,4,9,San Juan County               ,12,12,2807303,0,0,0,0,0,0,0,0,0,0,0,0,0,0,0,0,0,0,0,0,0
201710,53,059,4,9,Skamania County               ,5,5,1085566,0,0,0,0,0,0,0,0,0,2,2,450000,0,0,0,0,0,0,0,0,0
201710,53,061,4,9,Snohomish County              ,244,244,67180751,9,18,4662707,0,0,0,1,9,893224,192,192,51916232,9,18,4662707,0,0,0,1,9,893224
201710,54,011,3,5,Cabell County                 ,4,4,395000,0,0,0,1,4,265000,0,0,0,4,4,395000,0,0,0,1,4,265000,0,0,0
201710,54,015,3,5,Clay County                   ,0,0,0,0,0,0,0,0,0,0,0,0,0,0,0,0,0,0,0,0,0,0,0,0
201710,54,019,3,5,Fayette County                ,4,4,710680,0,0,0,0,0,0,0,0,0,1,1,385000,0,0,0,0,0,0,0,0,0
201710,54,037,3,5,Jefferson County              ,11,11,3279464,0,0,0,0,0,0,0,0,0,0,0,0,0,0,0,0,0,0,0,0,0
201710,54,081,3,5,Raleigh County                ,4,4,699686,0,0,0,0,0,0,0,0,0,0,0,0,0,0,0,0,0,0,0,0,0
201710,55,025,2,3,Dane County                   ,111,111,35688765,3,6,1099192,2,7,876020,8,282,36321877,47,47,18183669,0,0,0,0,0,0,1,27,3470000
201710,55,031,2,3,Douglas County                ,9,9,1647263,1,2,350000,0,0,0,0,0,0,9,9,1647263,1,2,350000,0,0,0,0,0,0
201710,55,037,2,3,Florence County               ,1,1,400000,0,0,0,0,0,0,0,0,0,1,1,400000,0,0,0,0,0,0,0,0,0
201710,55,049,2,3,Iowa County                   ,3,3,1000000,0,0,0,0,0,0,0,0,0,3,3,1000000,0,0,0,0,0,0,0,0,0
201710,55,059,2,3,Kenosha County                ,22,22,8212352,0,0,0,0,0,0,0,0,0,20,20,7742018,0,0,0,0,0,0,0,0,0
201710,55,079,2,3,Milwaukee County              ,4,4,1015967,2,4,600000,0,0,0,9,124,16490000,3,3,825000,2,4,600000,0,0,0,9,124,16490000
201710,55,089,2,3,Ozaukee County                ,19,19,6822509,0,0,0,0,0,0,1,8,604444,7,7,2037149,0,0,0,0,0,0,0,0,0
201710,55,093,2,3,Pierce County                 ,19,19,4074000,0,0,0,0,0,0,0,0,0,19,19,4074000,0,0,0,0,0,0,0,0,0
201710,55,109,2,3,St. Croix County              ,43,43,13107277,3,6,487714,0,0,0,0,0,0,37,37,11906669,2,4,230000,0,0,0,0,0,0
201710,55,131,2,3,Washington County             ,39,39,11472282,3,6,720000,0,0,0,0,0,0,28,28,7497900,3,6,720000,0,0,0,0,0,0
201710,56,029,4,8,Park County                   ,17,17,4237620,0,0,0,0,0,0,0,0,0,17,17,4237620,0,0,0,0,0,0,0,0,0
201710,56,039,4,8,Teton County                  ,8,8,7583429,0,0,0,0,0,0,0,0,0,6,6,6450885,0,0,0,0,0,0,0,0,0
