Survey,FIPS,FIPS,Region,Division,County,,1-unit,,,2-units,,,3-4 units,,,5+ units,,,1-unit rep,,,2-units rep,,,3-4 units rep,,, 5+units rep
Date,State,County,Code,Code,Name,Bldgs,Units,Value,Bldgs,Units,Value,Bldgs,Units,Value,Bldgs,Units,Value,Bldgs,Units,Value,Bldgs,Units,Value,Bldgs,Units,Value,Bldgs,Units,Value
 
201711,01,001,3,6,Autauga County                ,21,21,6154576,0,0,0,0,0,0,0,0,0,21,21,6154576,0,0,0,0,0,0,0,0,0
201711,01,007,3,6,Bibb County                   ,0,0,0,0,0,0,0,0,0,0,0,0,0,0,0,0,0,0,0,0,0,0,0,0
201711,01,009,3,6,Blount County                 ,1,1,349284,0,0,0,0,0,0,0,0,0,1,1,349284,0,0,0,0,0,0,0,0,0
201711,01,021,3,6,Chilton County                ,2,2,200000,0,0,0,0,0,0,0,0,0,2,2,200000,0,0,0,0,0,0,0,0,0
201711,01,073,3,6,Jefferson County              ,95,95,27809779,0,0,0,0,0,0,2,38,5103351,59,59,20608410,0,0,0,0,0,0,0,0,0
201711,01,081,3,6,Lee County                    ,76,76,21436731,1,2,144250,0,0,0,0,0,0,35,35,9581813,0,0,0,0,0,0,0,0,0
201711,01,083,3,6,Limestone County              ,18,18,4162426,0,0,0,0,0,0,0,0,0,18,18,4162426,0,0,0,0,0,0,0,0,0
201711,01,089,3,6,Madison County                ,190,190,29545417,1,2,217141,0,0,0,0,0,0,190,190,29545417,1,2,217141,0,0,0,0,0,0
201711,01,113,3,6,Russell County                ,19,19,3196810,0,0,0,0,0,0,0,0,0,19,19,3196810,0,0,0,0,0,0,0,0,0
201711,01,115,3,6,St. Clair County              ,11,11,2035025,0,0,0,0,0,0,0,0,0,7,7,1230837,0,0,0,0,0,0,0,0,0
201711,01,117,3,6,Shelby County                 ,94,94,18231163,0,0,0,0,0,0,1,5,767250,44,44,6007951,0,0,0,0,0,0,0,0,0
201711,01,127,3,6,Walker County                 ,1,1,225000,0,0,0,0,0,0,0,0,0,1,1,225000,0,0,0,0,0,0,0,0,0
201711,02,013,4,9,Aleutians East Borough        ,0,0,0,0,0,0,0,0,0,0,0,0,0,0,0,0,0,0,0,0,0,0,0,0
201711,02,016,4,9,Aleutians West Census Area    ,0,0,0,0,0,0,0,0,0,0,0,0,0,0,0,0,0,0,0,0,0,0,0,0
201711,02,020,4,9,Anchorage Municipality        ,62,62,19426491,0,0,0,2,6,1041561,2,15,2371433,0,0,0,0,0,0,0,0,0,0,0,0
201711,02,050,4,9,Bethel Census Area            ,0,0,0,0,0,0,0,0,0,0,0,0,0,0,0,0,0,0,0,0,0,0,0,0
201711,02,060,4,9,Bristol Bay Borough           ,0,0,0,0,0,0,0,0,0,0,0,0,0,0,0,0,0,0,0,0,0,0,0,0
201711,02,070,4,9,Dillingham Census Area        ,0,0,0,1,2,301442,0,0,0,0,0,0,0,0,0,1,2,301442,0,0,0,0,0,0
201711,02,090,4,9,Fairbanks North Star Borough  ,0,0,0,0,0,0,0,0,0,0,0,0,0,0,0,0,0,0,0,0,0,0,0,0
201711,02,100,4,9,Haines Borough                ,1,1,278570,0,0,0,0,0,0,0,0,0,0,0,0,0,0,0,0,0,0,0,0,0
201711,02,105,4,9,Hoonah-Angoon Census Area     ,0,0,0,0,0,0,0,0,0,0,0,0,0,0,0,0,0,0,0,0,0,0,0,0
201711,02,110,4,9,Juneau City and Borough       ,0,0,0,0,0,0,0,0,0,1,8,2033161,0,0,0,0,0,0,0,0,0,1,8,2033161
201711,02,122,4,9,Kenai Peninsula Borough       ,6,6,1788849,0,0,0,0,0,0,0,0,0,3,3,1130000,0,0,0,0,0,0,0,0,0
201711,02,130,4,9,Ketchikan Gateway Borough     ,3,3,873155,0,0,0,0,0,0,0,0,0,3,3,873155,0,0,0,0,0,0,0,0,0
201711,02,150,4,9,Kodiak Island Borough         ,0,0,0,1,2,295248,0,0,0,0,0,0,0,0,0,1,2,295248,0,0,0,0,0,0
201711,02,158,4,9,Kusilvak Census Area          ,0,0,0,0,0,0,0,0,0,0,0,0,0,0,0,0,0,0,0,0,0,0,0,0
201711,02,170,4,9,Matanuska-Susitna Borough     ,2,2,582103,0,0,0,0,0,0,0,0,0,2,2,582103,0,0,0,0,0,0,0,0,0
201711,02,180,4,9,Nome Census Area              ,0,0,0,0,0,0,0,0,0,0,0,0,0,0,0,0,0,0,0,0,0,0,0,0
201711,02,185,4,9,North Slope Borough           ,0,0,0,0,0,0,0,0,0,0,0,0,0,0,0,0,0,0,0,0,0,0,0,0
201711,02,188,4,9,Northwest Arctic Borough      ,0,0,0,0,0,0,0,0,0,0,0,0,0,0,0,0,0,0,0,0,0,0,0,0
201711,02,195,4,9,Petersburg Borough            ,1,1,137000,0,0,0,0,0,0,0,0,0,1,1,137000,0,0,0,0,0,0,0,0,0
201711,02,198,4,9,Prince of Wales-Hyder Census A,0,0,0,0,0,0,0,0,0,0,0,0,0,0,0,0,0,0,0,0,0,0,0,0
201711,02,220,4,9,Sitka City and Borough        ,1,1,248107,1,2,724270,0,0,0,0,0,0,0,0,0,0,0,0,0,0,0,0,0,0
201711,02,230,4,9,Skagway Municipality          ,0,0,0,0,0,0,0,0,0,0,0,0,0,0,0,0,0,0,0,0,0,0,0,0
201711,02,261,4,9,Valdez-Cordova Census Area    ,3,3,348000,0,0,0,0,0,0,0,0,0,3,3,348000,0,0,0,0,0,0,0,0,0
201711,02,275,4,9,Wrangell City and Borough     ,0,0,0,0,0,0,0,0,0,0,0,0,0,0,0,0,0,0,0,0,0,0,0,0
201711,02,282,4,9,Yakutat City and Borough      ,0,0,0,0,0,0,0,0,0,0,0,0,0,0,0,0,0,0,0,0,0,0,0,0
201711,02,290,4,9,Yukon-Koyukuk Census Area     ,0,0,0,0,0,0,0,0,0,0,0,0,0,0,0,0,0,0,0,0,0,0,0,0
201711,04,013,4,8,Maricopa County               ,1214,1214,347274796,15,30,4154031,1,3,655580,21,584,82197337,1194,1194,336550003,15,30,4154031,1,3,655580,20,579,81441115
201711,04,019,4,8,Pima County                   ,205,205,58238367,0,0,0,0,0,0,1,5,427766,17,17,4546034,0,0,0,0,0,0,0,0,0
201711,04,021,4,8,Pinal County                  ,286,286,57802638,5,10,610800,0,0,0,0,0,0,270,270,52459565,5,10,610800,0,0,0,0,0,0
201711,05,013,3,7,Calhoun County                ,0,0,0,0,0,0,0,0,0,0,0,0,0,0,0,0,0,0,0,0,0,0,0,0
201711,05,035,3,7,Crittenden County             ,3,3,514000,0,0,0,0,0,0,0,0,0,3,3,514000,0,0,0,0,0,0,0,0,0
201711,05,045,3,7,Faulkner County               ,26,26,5250084,1,2,152889,0,0,0,1,5,187500,8,8,1138000,0,0,0,0,0,0,0,0,0
201711,05,053,3,7,Grant County                  ,1,1,152000,0,0,0,0,0,0,0,0,0,0,0,0,0,0,0,0,0,0,0,0,0
201711,05,085,3,7,Lonoke County                 ,23,23,2201656,0,0,0,0,0,0,0,0,0,0,0,0,0,0,0,0,0,0,0,0,0
201711,05,087,3,7,Madison County                ,0,0,0,0,0,0,0,0,0,0,0,0,0,0,0,0,0,0,0,0,0,0,0,0
201711,05,091,3,7,Miller County                 ,4,4,596427,0,0,0,0,0,0,0,0,0,0,0,0,0,0,0,0,0,0,0,0,0
201711,05,105,3,7,Perry County                  ,0,0,0,0,0,0,0,0,0,0,0,0,0,0,0,0,0,0,0,0,0,0,0,0
201711,05,119,3,7,Pulaski County                ,60,60,13136335,0,0,0,0,0,0,2,70,3966738,60,60,13136335,0,0,0,0,0,0,2,70,3966738
201711,05,129,3,7,Searcy County                 ,0,0,0,0,0,0,0,0,0,0,0,0,0,0,0,0,0,0,0,0,0,0,0,0
201711,05,143,3,7,Washington County             ,89,89,20588248,0,0,0,0,0,0,0,0,0,77,77,19176801,0,0,0,0,0,0,0,0,0
201711,06,001,4,9,Alameda County                ,135,135,41940235,0,0,0,6,20,6044224,16,372,59030317,110,110,34324338,0,0,0,5,17,5187513,12,323,49565952
201711,06,013,4,9,Contra Costa County           ,106,106,36994081,0,0,0,2,6,986158,1,17,1905323,101,101,35607317,0,0,0,0,0,0,0,0,0
201711,06,017,4,9,El Dorado County              ,49,49,17481612,0,0,0,0,0,0,0,0,0,49,49,17481612,0,0,0,0,0,0,0,0,0
201711,06,019,4,9,Fresno County                 ,151,151,41864508,0,0,0,0,0,0,32,282,32669109,137,137,39381779,0,0,0,0,0,0,32,282,32669109
201711,06,037,4,9,Los Angeles County            ,433,433,152968860,29,58,10712280,6,22,3409194,38,1022,150297208,370,370,121321707,28,56,9912280,5,18,2916337,30,866,129073797
201711,06,041,4,9,Marin County                  ,6,6,2544477,0,0,0,0,0,0,0,0,0,6,6,2544477,0,0,0,0,0,0,0,0,0
201711,06,059,4,9,Orange County                 ,371,371,114901977,29,58,13388998,12,42,8688483,17,155,23326296,281,281,87423751,27,54,12055641,12,42,8688483,14,87,17072593
201711,06,061,4,9,Placer County                 ,159,159,48465817,0,0,0,0,0,0,0,0,0,157,157,47812009,0,0,0,0,0,0,0,0,0
201711,06,063,4,9,Plumas County                 ,0,0,0,0,0,0,0,0,0,0,0,0,0,0,0,0,0,0,0,0,0,0,0,0
201711,06,067,4,9,Sacramento County             ,298,298,78429891,0,0,0,0,0,0,1,213,42500000,298,298,78429891,0,0,0,0,0,0,1,213,42500000
201711,06,069,4,9,San Benito County             ,29,29,6979921,0,0,0,0,0,0,0,0,0,0,0,0,0,0,0,0,0,0,0,0,0
201711,06,071,4,9,San Bernardino County         ,269,269,60202139,1,2,332500,1,3,385767,4,93,11235471,215,215,43902801,0,0,0,1,3,385767,2,71,8591862
201711,06,073,4,9,San Diego County              ,341,341,103259059,3,6,1078274,22,78,11182342,18,157,22702528,339,339,102655341,3,6,1078274,21,75,10882342,18,157,22702528
201711,06,075,4,9,San Francisco County          ,7,7,1918242,1,2,900000,0,0,0,7,570,172712730,7,7,1918242,1,2,900000,0,0,0,7,570,172712730
201711,06,081,4,9,San Mateo County              ,30,30,27142216,1,2,500000,1,3,760967,7,96,19506986,11,11,18528220,0,0,0,0,0,0,1,5,2670000
201711,06,085,4,9,Santa Clara County            ,185,185,63651141,1,2,294149,2,8,1968713,2,41,6922254,159,159,54833346,1,2,294149,0,0,0,0,0,0
201711,06,091,4,9,Sierra County                 ,2,2,350000,0,0,0,0,0,0,0,0,0,2,2,350000,0,0,0,0,0,0,0,0,0
201711,06,113,4,9,Yolo County                   ,37,37,9335805,0,0,0,0,0,0,0,0,0,37,37,9335805,0,0,0,0,0,0,0,0,0
201711,08,001,4,8,Adams County                  ,168,168,43925837,1,2,402327,0,0,0,1,26,2813856,153,153,39318694,1,2,402327,0,0,0,0,0,0
201711,08,005,4,8,Arapahoe County               ,143,143,37395715,0,0,0,0,0,0,0,0,0,143,143,37395715,0,0,0,0,0,0,0,0,0
201711,08,014,4,8,Broomfield County             ,24,24,8174055,0,0,0,0,0,0,0,0,0,24,24,8174055,0,0,0,0,0,0,0,0,0
201711,08,015,4,8,Chaffee County                ,8,8,2119106,0,0,0,1,3,549700,0,0,0,0,0,0,0,0,0,0,0,0,0,0,0
201711,08,019,4,8,Clear Creek County            ,1,1,354545,0,0,0,0,0,0,0,0,0,1,1,354545,0,0,0,0,0,0,0,0,0
201711,08,031,4,8,Denver County                 ,158,158,43297451,0,0,0,2,8,972000,3,705,119743498,158,158,43297451,0,0,0,2,8,972000,3,705,119743498
201711,08,035,4,8,Douglas County                ,184,184,55345821,0,0,0,0,0,0,14,263,25763386,178,178,52957687,0,0,0,0,0,0,14,263,25763386
201711,08,039,4,8,Elbert County                 ,6,6,1898893,0,0,0,0,0,0,0,0,0,6,6,1898893,0,0,0,0,0,0,0,0,0
201711,08,041,4,8,El Paso County                ,313,313,128157554,1,2,212447,0,0,0,3,243,33279834,313,313,128157554,1,2,212447,0,0,0,3,243,33279834
201711,08,047,4,8,Gilpin County                 ,5,5,1370172,0,0,0,0,0,0,0,0,0,5,5,1370172,0,0,0,0,0,0,0,0,0
201711,08,069,4,8,Larimer County                ,107,107,29953436,0,0,0,0,0,0,9,96,17606098,107,107,29953436,0,0,0,0,0,0,9,96,17606098
201711,08,077,4,8,Mesa County                   ,63,63,9024724,1,2,162779,0,0,0,0,0,0,63,63,9024724,1,2,162779,0,0,0,0,0,0
201711,08,093,4,8,Park County                   ,13,13,3423274,0,0,0,0,0,0,0,0,0,13,13,3423274,0,0,0,0,0,0,0,0,0
201711,08,101,4,8,Pueblo County                 ,23,23,3943245,0,0,0,0,0,0,0,0,0,0,0,0,0,0,0,0,0,0,0,0,0
201711,08,119,4,8,Teller County                 ,10,10,2979693,0,0,0,0,0,0,0,0,0,10,10,2979693,0,0,0,0,0,0,0,0,0
201711,09,001,1,1,Fairfield County              ,74,74,37975031,2,4,378500,4,13,2204000,4,56,5207861,55,55,24283165,1,2,80000,3,10,1974000,3,43,3083754
201711,09,003,1,1,Hartford County               ,31,31,6506538,1,2,398420,0,0,0,3,53,4143431,25,25,4834862,1,2,398420,0,0,0,2,48,3900000
201711,09,007,1,1,Middlesex County              ,20,20,8323566,2,4,897200,0,0,0,0,0,0,16,16,7561543,2,4,897200,0,0,0,0,0,0
201711,09,013,1,1,Tolland County                ,12,12,3414040,0,0,0,0,0,0,2,12,1165280,8,8,2609434,0,0,0,0,0,0,0,0,0
201711,10,001,3,5,Kent County                   ,109,109,15847751,0,0,0,0,0,0,0,0,0,108,108,15755797,0,0,0,0,0,0,0,0,0
201711,10,003,3,5,New Castle County             ,91,91,8046690,0,0,0,0,0,0,4,35,2903209,9,9,1257349,0,0,0,0,0,0,0,0,0
201711,10,005,3,5,Sussex County                 ,219,219,32349763,8,16,2595356,1,4,561285,2,11,1854856,219,219,32349763,8,16,2595356,1,4,561285,2,11,1854856
201711,11,001,3,5,Washington  DC                ,16,16,3699934,1,2,217141,0,0,0,4,842,90699484,16,16,3699934,1,2,217141,0,0,0,4,842,90699484
201711,12,003,3,5,Baker County                  ,4,4,220114,0,0,0,0,0,0,0,0,0,4,4,220114,0,0,0,0,0,0,0,0,0
201711,12,019,3,5,Clay County                   ,79,79,15603095,0,0,0,0,0,0,0,0,0,68,68,13103469,0,0,0,0,0,0,0,0,0
201711,12,029,3,5,Dixie County                  ,2,2,252647,0,0,0,0,0,0,0,0,0,0,0,0,0,0,0,0,0,0,0,0,0
201711,12,031,3,5,Duval County                  ,273,273,64495886,2,4,434282,0,0,0,0,0,0,255,255,58685214,2,4,434282,0,0,0,0,0,0
201711,12,033,3,5,Escambia County               ,102,102,23587082,0,0,0,0,0,0,0,0,0,102,102,23587082,0,0,0,0,0,0,0,0,0
201711,12,053,3,5,Hernando County               ,74,74,16248391,0,0,0,0,0,0,0,0,0,74,74,16248391,0,0,0,0,0,0,0,0,0
201711,12,057,3,5,Hillsborough County           ,554,554,173392669,0,0,0,1,4,183735,0,0,0,554,554,173392669,0,0,0,1,4,183735,0,0,0
201711,12,067,3,5,Lafayette County              ,1,1,179324,0,0,0,0,0,0,0,0,0,0,0,0,0,0,0,0,0,0,0,0,0
201711,12,071,3,5,Lee County                    ,407,407,76954617,7,14,2015550,1,4,995025,2,34,4196110,407,407,76954617,7,14,2015550,1,4,995025,2,34,4196110
201711,12,073,3,5,Leon County                   ,41,41,8215960,0,0,0,0,0,0,1,38,2757524,14,14,3597146,0,0,0,0,0,0,0,0,0
201711,12,081,3,5,Manatee County                ,200,200,43411122,0,0,0,1,4,479020,13,336,24254476,197,197,42041286,0,0,0,1,4,479020,13,336,24254476
201711,12,086,3,5,Miami-Dade County             ,177,177,66456875,1,2,539088,0,0,0,5,44,12702122,133,133,54299984,1,2,539088,0,0,0,1,12,2303725
201711,12,089,3,5,Nassau County                 ,79,79,21360523,0,0,0,0,0,0,1,6,1636140,76,76,20860132,0,0,0,0,0,0,1,6,1636140
201711,12,091,3,5,Okaloosa County               ,76,76,23882729,0,0,0,0,0,0,0,0,0,75,75,23597843,0,0,0,0,0,0,0,0,0
201711,12,095,3,5,Orange County                 ,410,410,109394228,0,0,0,2,6,1103014,1,18,2498281,402,402,105733864,0,0,0,2,6,1103014,0,0,0
201711,12,097,3,5,Osceola County                ,344,344,85026725,0,0,0,0,0,0,0,0,0,272,272,68019164,0,0,0,0,0,0,0,0,0
201711,12,101,3,5,Pasco County                  ,292,292,66403220,1,2,280000,0,0,0,2,14,280695,291,291,66308502,0,0,0,0,0,0,2,14,280695
201711,12,103,3,5,Pinellas County               ,74,74,20629934,0,0,0,1,3,487500,2,10,3168300,73,73,20211271,0,0,0,1,3,487500,1,5,888300
201711,12,109,3,5,St. Johns County              ,316,316,79406871,0,0,0,0,0,0,0,0,0,316,316,79406871,0,0,0,0,0,0,0,0,0
201711,12,113,3,5,Santa Rosa County             ,87,87,14148016,0,0,0,0,0,0,0,0,0,87,87,14148016,0,0,0,0,0,0,0,0,0
201711,12,115,3,5,Sarasota County               ,229,229,63918406,0,0,0,0,0,0,3,173,78060000,197,197,53698290,0,0,0,0,0,0,3,173,78060000
201711,12,117,3,5,Seminole County               ,102,102,31679852,0,0,0,0,0,0,4,75,4749134,95,95,29783603,0,0,0,0,0,0,2,12,641856
201711,12,119,3,5,Sumter County                 ,226,226,61307283,0,0,0,0,0,0,0,0,0,226,226,61307283,0,0,0,0,0,0,0,0,0
201711,12,129,3,5,Wakulla County                ,13,13,1945000,0,0,0,0,0,0,0,0,0,13,13,1945000,0,0,0,0,0,0,0,0,0
201711,12,131,3,5,Walton County                 ,109,109,40757183,0,0,0,0,0,0,0,0,0,109,109,40757183,0,0,0,0,0,0,0,0,0
201711,12,133,3,5,Washington County             ,4,4,578327,0,0,0,0,0,0,0,0,0,0,0,0,0,0,0,0,0,0,0,0,0
201711,13,007,3,5,Baker County                  ,0,0,0,0,0,0,0,0,0,0,0,0,0,0,0,0,0,0,0,0,0,0,0,0
201711,13,013,3,5,Barrow County                 ,46,46,6811353,0,0,0,0,0,0,0,0,0,33,33,5213745,0,0,0,0,0,0,0,0,0
201711,13,015,3,5,Bartow County                 ,54,54,5238677,0,0,0,0,0,0,0,0,0,53,53,4903844,0,0,0,0,0,0,0,0,0
201711,13,021,3,5,Bibb County                   ,7,7,1174930,0,0,0,0,0,0,0,0,0,0,0,0,0,0,0,0,0,0,0,0,0
201711,13,029,3,5,Bryan County                  ,21,21,4742029,0,0,0,0,0,0,1,84,9048405,21,21,4742029,0,0,0,0,0,0,1,84,9048405
201711,13,033,3,5,Burke County                  ,4,4,716018,0,0,0,0,0,0,0,0,0,0,0,0,0,0,0,0,0,0,0,0,0
201711,13,035,3,5,Butts County                  ,1,1,250000,0,0,0,0,0,0,0,0,0,1,1,250000,0,0,0,0,0,0,0,0,0
201711,13,045,3,5,Carroll County                ,22,22,7236369,0,0,0,0,0,0,0,0,0,22,22,7236369,0,0,0,0,0,0,0,0,0
201711,13,051,3,5,Chatham County                ,55,55,14204192,0,0,0,0,0,0,0,0,0,55,55,14204192,0,0,0,0,0,0,0,0,0
201711,13,057,3,5,Cherokee County               ,181,181,51771290,0,0,0,0,0,0,0,0,0,181,181,51771290,0,0,0,0,0,0,0,0,0
201711,13,059,3,5,Clarke County                 ,8,8,1552703,0,0,0,0,0,0,0,0,0,8,8,1552703,0,0,0,0,0,0,0,0,0
201711,13,063,3,5,Clayton County                ,5,5,1156230,0,0,0,0,0,0,0,0,0,5,5,1156230,0,0,0,0,0,0,0,0,0
201711,13,067,3,5,Cobb County                   ,112,112,31753254,0,0,0,1,3,578851,5,29,6719629,107,107,30798786,0,0,0,1,3,578851,5,29,6719629
201711,13,073,3,5,Columbia County               ,81,81,13042282,0,0,0,0,0,0,0,0,0,81,81,13042282,0,0,0,0,0,0,0,0,0
201711,13,077,3,5,Coweta County                 ,71,71,23613781,0,0,0,0,0,0,0,0,0,40,40,14740253,0,0,0,0,0,0,0,0,0
201711,13,085,3,5,Dawson County                 ,31,31,5733798,0,0,0,0,0,0,0,0,0,31,31,5733798,0,0,0,0,0,0,0,0,0
201711,13,095,3,5,Dougherty County              ,9,9,715000,0,0,0,0,0,0,0,0,0,9,9,715000,0,0,0,0,0,0,0,0,0
201711,13,097,3,5,Douglas County                ,28,28,5925133,0,0,0,0,0,0,0,0,0,28,28,5925133,0,0,0,0,0,0,0,0,0
201711,13,111,3,5,Fannin County                 ,22,22,4442828,0,0,0,0,0,0,0,0,0,0,0,0,0,0,0,0,0,0,0,0,0
201711,13,113,3,5,Fayette County                ,29,29,8479787,0,0,0,0,0,0,0,0,0,19,19,4941000,0,0,0,0,0,0,0,0,0
201711,13,115,3,5,Floyd County                  ,10,10,2531000,0,0,0,0,0,0,0,0,0,10,10,2531000,0,0,0,0,0,0,0,0,0
201711,13,117,3,5,Forsyth County                ,214,214,31136961,0,0,0,0,0,0,0,0,0,214,214,31136961,0,0,0,0,0,0,0,0,0
201711,13,121,3,5,Fulton County                 ,326,326,80183806,0,0,0,0,0,0,1,57,6139989,299,299,70360135,0,0,0,0,0,0,1,57,6139989
201711,13,127,3,5,Glynn County                  ,39,39,11773632,0,0,0,0,0,0,0,0,0,0,0,0,0,0,0,0,0,0,0,0,0
201711,13,135,3,5,Gwinnett County               ,200,200,44905365,0,0,0,0,0,0,6,72,9800000,193,193,42890118,0,0,0,0,0,0,6,72,9800000
201711,13,143,3,5,Haralson County               ,5,5,1004322,0,0,0,0,0,0,0,0,0,0,0,0,0,0,0,0,0,0,0,0,0
201711,13,145,3,5,Harris County                 ,15,15,3490935,0,0,0,0,0,0,0,0,0,15,15,3490935,0,0,0,0,0,0,0,0,0
201711,13,149,3,5,Heard County                  ,6,6,1431230,0,0,0,0,0,0,0,0,0,6,6,1431230,0,0,0,0,0,0,0,0,0
201711,13,151,3,5,Henry County                  ,108,108,21098518,0,0,0,0,0,0,0,0,0,82,82,17563968,0,0,0,0,0,0,0,0,0
201711,13,159,3,5,Jasper County                 ,5,5,669870,0,0,0,0,0,0,0,0,0,0,0,0,0,0,0,0,0,0,0,0,0
201711,13,171,3,5,Lamar County                  ,6,6,826280,0,0,0,0,0,0,0,0,0,6,6,826280,0,0,0,0,0,0,0,0,0
201711,13,177,3,5,Lee County                    ,7,7,839050,0,0,0,0,0,0,0,0,0,7,7,839050,0,0,0,0,0,0,0,0,0
201711,13,179,3,5,Liberty County                ,26,26,6572274,0,0,0,0,0,0,0,0,0,26,26,6572274,0,0,0,0,0,0,0,0,0
201711,13,189,3,5,McDuffie County               ,2,2,284957,0,0,0,0,0,0,0,0,0,0,0,0,0,0,0,0,0,0,0,0,0
201711,13,199,3,5,Meriwether County             ,6,6,1387475,0,0,0,0,0,0,0,0,0,6,6,1387475,0,0,0,0,0,0,0,0,0
201711,13,201,3,5,Miller County                 ,0,0,0,0,0,0,0,0,0,0,0,0,0,0,0,0,0,0,0,0,0,0,0,0
201711,13,207,3,5,Monroe County                 ,9,9,1997141,0,0,0,0,0,0,0,0,0,0,0,0,0,0,0,0,0,0,0,0,0
201711,13,215,3,5,Muscogee County               ,22,22,4220962,0,0,0,1,3,184640,2,10,2489478,0,0,0,0,0,0,0,0,0,0,0,0
201711,13,217,3,5,Newton County                 ,38,38,8682361,0,0,0,0,0,0,0,0,0,38,38,8682361,0,0,0,0,0,0,0,0,0
201711,13,227,3,5,Pickens County                ,9,9,2447000,0,0,0,0,0,0,0,0,0,9,9,2447000,0,0,0,0,0,0,0,0,0
201711,13,231,3,5,Pike County                   ,7,7,1400000,0,0,0,0,0,0,0,0,0,7,7,1400000,0,0,0,0,0,0,0,0,0
201711,13,235,3,5,Pulaski County                ,0,0,0,0,0,0,0,0,0,0,0,0,0,0,0,0,0,0,0,0,0,0,0,0
201711,13,245,3,5,Richmond County               ,28,28,4216438,0,0,0,0,0,0,1,21,1406095,3,3,391000,0,0,0,0,0,0,0,0,0
201711,13,247,3,5,Rockdale County               ,19,19,4068559,0,0,0,0,0,0,0,0,0,19,19,4068559,0,0,0,0,0,0,0,0,0
201711,13,255,3,5,Spalding County               ,24,24,2550024,0,0,0,0,0,0,0,0,0,24,24,2550024,0,0,0,0,0,0,0,0,0
201711,13,275,3,5,Thomas County                 ,6,6,1181268,0,0,0,0,0,0,1,11,1234560,4,4,795142,0,0,0,0,0,0,0,0,0
201711,13,291,3,5,Union County                  ,18,18,5030504,0,0,0,0,0,0,0,0,0,18,18,5030504,0,0,0,0,0,0,0,0,0
201711,15,001,4,9,Hawaii County                 ,58,58,23070114,1,2,1768000,0,0,0,1,15,3229725,0,0,0,0,0,0,0,0,0,0,0,0
201711,15,003,4,9,Honolulu County               ,63,63,28174330,0,0,0,0,0,0,0,0,0,63,63,28174330,0,0,0,0,0,0,0,0,0
201711,15,007,4,9,Kauai County                  ,11,11,4467953,0,0,0,0,0,0,4,50,18164000,11,11,4467953,0,0,0,0,0,0,4,50,18164000
201711,15,009,4,9,Maui County                   ,24,24,6970386,0,0,0,0,0,0,0,0,0,24,24,6970386,0,0,0,0,0,0,0,0,0
201711,16,001,4,8,Ada County                    ,414,414,114900313,0,0,0,0,0,0,7,109,10517000,414,414,114900313,0,0,0,0,0,0,7,109,10517000
201711,16,015,4,8,Boise County                  ,6,6,1956230,0,0,0,0,0,0,0,0,0,6,6,1956230,0,0,0,0,0,0,0,0,0
201711,16,027,4,8,Canyon County                 ,147,147,22406339,4,8,657049,0,0,0,0,0,0,137,137,20654637,4,8,657049,0,0,0,0,0,0
201711,16,045,4,8,Gem County                    ,0,0,0,0,0,0,0,0,0,0,0,0,0,0,0,0,0,0,0,0,0,0,0,0
201711,16,073,4,8,Owyhee County                 ,1,1,212221,0,0,0,0,0,0,0,0,0,1,1,212221,0,0,0,0,0,0,0,0,0
201711,17,005,2,3,Bond County                   ,0,0,0,0,0,0,0,0,0,0,0,0,0,0,0,0,0,0,0,0,0,0,0,0
201711,17,013,2,3,Calhoun County                ,2,2,100000,0,0,0,0,0,0,0,0,0,2,2,100000,0,0,0,0,0,0,0,0,0
201711,17,031,2,3,Cook County                   ,158,158,50323794,4,8,4841100,13,41,9535800,13,645,134944034,133,133,42927590,4,8,4841100,13,41,9535800,13,645,134944034
201711,17,037,2,3,DeKalb County                 ,6,6,919500,0,0,0,1,4,650000,0,0,0,5,5,700000,0,0,0,1,4,650000,0,0,0
201711,17,039,2,3,De Witt County                ,0,0,0,0,0,0,0,0,0,0,0,0,0,0,0,0,0,0,0,0,0,0,0,0
201711,17,043,2,3,DuPage County                 ,78,78,36552291,1,2,600000,0,0,0,4,32,2649061,72,72,34207856,1,2,600000,0,0,0,3,16,2269546
201711,17,063,2,3,Grundy County                 ,3,3,801174,0,0,0,0,0,0,1,8,410256,1,1,375000,0,0,0,0,0,0,0,0,0
201711,17,083,2,3,Jersey County                 ,1,1,155609,0,0,0,0,0,0,0,0,0,0,0,0,0,0,0,0,0,0,0,0,0
201711,17,093,2,3,Kendall County                ,11,11,2389405,0,0,0,0,0,0,0,0,0,7,7,1476694,0,0,0,0,0,0,0,0,0
201711,17,097,2,3,Lake County                   ,73,73,19880172,0,0,0,0,0,0,2,12,3132557,63,63,14998638,0,0,0,0,0,0,0,0,0
201711,17,111,2,3,McHenry County                ,12,12,2423421,0,0,0,0,0,0,0,0,0,6,6,1261266,0,0,0,0,0,0,0,0,0
201711,17,119,2,3,Madison County                ,28,28,6123310,2,4,956598,0,0,0,0,0,0,27,27,5925865,2,4,956598,0,0,0,0,0,0
201711,17,133,2,3,Monroe County                 ,18,18,5847499,0,0,0,0,0,0,0,0,0,15,15,5138722,0,0,0,0,0,0,0,0,0
201711,17,197,2,3,Will County                   ,83,83,22292591,3,6,820150,0,0,0,1,5,1015625,66,66,17952849,3,6,820150,0,0,0,0,0,0
201711,18,003,2,3,Allen County                  ,74,74,1618846,0,0,0,0,0,0,0,0,0,74,74,1618846,0,0,0,0,0,0,0,0,0
201711,18,011,2,3,Boone County                  ,30,30,12784457,0,0,0,0,0,0,0,0,0,30,30,12784457,0,0,0,0,0,0,0,0,0
201711,18,013,2,3,Brown County                  ,6,6,1552225,0,0,0,0,0,0,0,0,0,6,6,1552225,0,0,0,0,0,0,0,0,0
201711,18,019,2,3,Clark County                  ,36,36,7792307,0,0,0,0,0,0,0,0,0,33,33,7372400,0,0,0,0,0,0,0,0,0
201711,18,047,2,3,Franklin County               ,2,2,375000,0,0,0,0,0,0,0,0,0,2,2,375000,0,0,0,0,0,0,0,0,0
201711,18,057,2,3,Hamilton County               ,166,166,57949344,0,0,0,0,0,0,1,209,16000000,165,165,57651688,0,0,0,0,0,0,1,209,16000000
201711,18,059,2,3,Hancock County                ,50,50,10237230,0,0,0,0,0,0,0,0,0,50,50,10237230,0,0,0,0,0,0,0,0,0
201711,18,061,2,3,Harrison County               ,11,11,3139000,0,0,0,0,0,0,0,0,0,11,11,3139000,0,0,0,0,0,0,0,0,0
201711,18,063,2,3,Hendricks County              ,72,72,17787107,1,2,137273,0,0,0,0,0,0,66,66,16472402,0,0,0,0,0,0,0,0,0
201711,18,069,2,3,Huntington County             ,5,5,1238124,0,0,0,0,0,0,0,0,0,5,5,1238124,0,0,0,0,0,0,0,0,0
201711,18,073,2,3,Jasper County                 ,4,4,872408,1,2,200000,0,0,0,0,0,0,4,4,872408,1,2,200000,0,0,0,0,0,0
201711,18,081,2,3,Johnson County                ,60,60,18576220,0,0,0,0,0,0,0,0,0,58,58,18345082,0,0,0,0,0,0,0,0,0
201711,18,087,2,3,Lagrange County               ,12,12,2031000,0,0,0,0,0,0,0,0,0,12,12,2031000,0,0,0,0,0,0,0,0,0
201711,18,089,2,3,Lake County                   ,128,128,30426703,2,4,693284,0,0,0,0,0,0,122,122,29456804,2,4,693284,0,0,0,0,0,0
201711,18,097,2,3,Marion County                 ,58,58,14842435,2,4,586000,0,0,0,0,0,0,58,58,14842435,2,4,586000,0,0,0,0,0,0
201711,18,105,2,3,Monroe County                 ,17,17,4397971,1,2,242296,0,0,0,0,0,0,17,17,4397971,1,2,242296,0,0,0,0,0,0
201711,18,109,2,3,Morgan County                 ,11,11,2631650,0,0,0,0,0,0,0,0,0,11,11,2631650,0,0,0,0,0,0,0,0,0
201711,18,111,2,3,Newton County                 ,2,2,421680,0,0,0,0,0,0,0,0,0,0,0,0,0,0,0,0,0,0,0,0,0
201711,18,115,2,3,Ohio County                   ,1,1,200000,0,0,0,0,0,0,0,0,0,1,1,200000,0,0,0,0,0,0,0,0,0
201711,18,119,2,3,Owen County                   ,5,5,1293521,0,0,0,0,0,0,0,0,0,5,5,1293521,0,0,0,0,0,0,0,0,0
201711,18,127,2,3,Porter County                 ,34,34,8943628,0,0,0,0,0,0,0,0,0,15,15,3807246,0,0,0,0,0,0,0,0,0
201711,18,133,2,3,Putnam County                 ,6,6,1552225,0,0,0,0,0,0,0,0,0,6,6,1552225,0,0,0,0,0,0,0,0,0
201711,18,145,2,3,Shelby County                 ,4,4,1205000,0,0,0,0,0,0,0,0,0,4,4,1205000,0,0,0,0,0,0,0,0,0
201711,18,151,2,3,Steuben County                ,14,14,3942525,0,0,0,0,0,0,0,0,0,14,14,3942525,0,0,0,0,0,0,0,0,0
201711,18,157,2,3,Tippecanoe County             ,58,58,13766708,0,0,0,0,0,0,0,0,0,52,52,13022393,0,0,0,0,0,0,0,0,0
201711,18,163,2,3,Vanderburgh County            ,16,16,2234061,0,0,0,0,0,0,0,0,0,16,16,2234061,0,0,0,0,0,0,0,0,0
201711,18,167,2,3,Vigo County                   ,2,2,266560,2,4,422727,0,0,0,1,21,1325187,0,0,0,1,2,250000,0,0,0,0,0,0
201711,18,175,2,3,Washington County             ,3,3,484743,0,0,0,0,0,0,0,0,0,0,0,0,0,0,0,0,0,0,0,0,0
201711,18,183,2,3,Whitley County                ,9,9,2230150,0,0,0,0,0,0,0,0,0,9,9,2230150,0,0,0,0,0,0,0,0,0
201711,19,049,2,4,Dallas County                 ,63,63,18028997,2,4,628342,0,0,0,1,5,460526,63,63,18028997,2,4,628342,0,0,0,0,0,0
201711,19,085,2,4,Harrison County               ,6,6,1385000,2,4,340000,0,0,0,0,0,0,4,4,1125000,2,4,340000,0,0,0,0,0,0
201711,19,129,2,4,Mills County                  ,0,0,0,0,0,0,0,0,0,0,0,0,0,0,0,0,0,0,0,0,0,0,0,0
201711,19,153,2,4,Polk County                   ,199,199,52872144,0,0,0,0,0,0,2,229,32988822,199,199,52872144,0,0,0,0,0,0,2,229,32988822
201711,19,181,2,4,Warren County                 ,36,36,9887270,1,2,301000,0,0,0,0,0,0,34,34,9409617,1,2,301000,0,0,0,0,0,0
201711,20,091,2,4,Johnson County                ,157,157,58384230,3,6,1566000,1,3,446280,8,174,22247390,94,94,37686306,3,6,1566000,0,0,0,6,148,18814746
201711,20,103,2,4,Leavenworth County            ,20,20,3823184,0,0,0,0,0,0,0,0,0,20,20,3823184,0,0,0,0,0,0,0,0,0
201711,20,107,2,4,Linn County                   ,3,3,238635,0,0,0,0,0,0,0,0,0,0,0,0,0,0,0,0,0,0,0,0,0
201711,20,121,2,4,Miami County                  ,8,8,2349522,0,0,0,0,0,0,0,0,0,2,2,459000,0,0,0,0,0,0,0,0,0
201711,20,209,2,4,Wyandotte County              ,12,12,2306475,0,0,0,0,0,0,0,0,0,12,12,2306475,0,0,0,0,0,0,0,0,0
201711,21,005,3,6,Anderson County               ,5,5,996984,0,0,0,0,0,0,0,0,0,5,5,996984,0,0,0,0,0,0,0,0,0
201711,21,015,3,6,Boone County                  ,26,26,5154205,0,0,0,0,0,0,7,55,6428494,26,26,5154205,0,0,0,0,0,0,7,55,6428494
201711,21,017,3,6,Bourbon County                ,1,1,404000,0,0,0,0,0,0,0,0,0,1,1,404000,0,0,0,0,0,0,0,0,0
201711,21,021,3,6,Boyle County                  ,2,2,412171,0,0,0,0,0,0,0,0,0,0,0,0,0,0,0,0,0,0,0,0,0
201711,21,029,3,6,Bullitt County                ,33,33,8288597,0,0,0,0,0,0,0,0,0,33,33,8288597,0,0,0,0,0,0,0,0,0
201711,21,035,3,6,Calloway County               ,1,1,200000,0,0,0,0,0,0,0,0,0,1,1,200000,0,0,0,0,0,0,0,0,0
201711,21,037,3,6,Campbell County               ,7,7,1607390,0,0,0,1,4,432000,1,14,959068,7,7,1607390,0,0,0,1,4,432000,1,14,959068
201711,21,045,3,6,Casey County                  ,0,0,0,0,0,0,0,0,0,0,0,0,0,0,0,0,0,0,0,0,0,0,0,0
201711,21,047,3,6,Christian County              ,2,2,142400,0,0,0,0,0,0,0,0,0,0,0,0,0,0,0,0,0,0,0,0,0
201711,21,049,3,6,Clark County                  ,4,4,871530,0,0,0,0,0,0,1,5,346250,0,0,0,0,0,0,0,0,0,0,0,0
201711,21,067,3,6,Fayette County                ,55,55,9041882,1,2,204889,0,0,0,2,49,3835044,0,0,0,0,0,0,0,0,0,0,0,0
201711,21,069,3,6,Fleming County                ,0,0,0,0,0,0,0,0,0,0,0,0,0,0,0,0,0,0,0,0,0,0,0,0
201711,21,077,3,6,Gallatin County               ,0,0,0,0,0,0,0,0,0,0,0,0,0,0,0,0,0,0,0,0,0,0,0,0
201711,21,081,3,6,Grant County                  ,2,2,360996,0,0,0,0,0,0,0,0,0,0,0,0,0,0,0,0,0,0,0,0,0
201711,21,091,3,6,Hancock County                ,0,0,0,0,0,0,0,0,0,0,0,0,0,0,0,0,0,0,0,0,0,0,0,0
201711,21,099,3,6,Hart County                   ,4,4,389000,0,0,0,0,0,0,1,5,567738,0,0,0,0,0,0,0,0,0,0,0,0
201711,21,101,3,6,Henderson County              ,3,3,843000,0,0,0,0,0,0,0,0,0,3,3,843000,0,0,0,0,0,0,0,0,0
201711,21,103,3,6,Henry County                  ,1,1,125000,0,0,0,0,0,0,0,0,0,1,1,125000,0,0,0,0,0,0,0,0,0
201711,21,111,3,6,Jefferson County              ,83,83,25832856,1,2,149343,0,0,0,11,238,13343750,83,83,25832856,1,2,149343,0,0,0,11,238,13343750
201711,21,113,3,6,Jessamine County              ,29,29,10269236,0,0,0,0,0,0,0,0,0,21,21,8535000,0,0,0,0,0,0,0,0,0
201711,21,115,3,6,Johnson County                ,0,0,0,0,0,0,0,0,0,0,0,0,0,0,0,0,0,0,0,0,0,0,0,0
201711,21,117,3,6,Kenton County                 ,13,13,3738728,0,0,0,0,0,0,0,0,0,13,13,3738728,0,0,0,0,0,0,0,0,0
201711,21,121,3,6,Knox County                   ,0,0,0,0,0,0,0,0,0,0,0,0,0,0,0,0,0,0,0,0,0,0,0,0
201711,21,123,3,6,Larue County                  ,4,4,924984,0,0,0,0,0,0,0,0,0,4,4,924984,0,0,0,0,0,0,0,0,0
201711,21,137,3,6,Lincoln County                ,3,3,606782,0,0,0,0,0,0,0,0,0,0,0,0,0,0,0,0,0,0,0,0,0
201711,21,145,3,6,McCracken County              ,5,5,1740767,0,0,0,0,0,0,0,0,0,5,5,1740767,0,0,0,0,0,0,0,0,0
201711,21,151,3,6,Madison County                ,11,11,985652,1,2,112996,0,0,0,1,5,168572,1,1,120000,0,0,0,0,0,0,0,0,0
201711,21,157,3,6,Marshall County               ,4,4,920000,0,0,0,0,0,0,0,0,0,4,4,920000,0,0,0,0,0,0,0,0,0
201711,21,161,3,6,Mason County                  ,1,1,170000,0,0,0,0,0,0,0,0,0,1,1,170000,0,0,0,0,0,0,0,0,0
201711,21,163,3,6,Meade County                  ,7,7,1072232,0,0,0,0,0,0,0,0,0,1,1,200000,0,0,0,0,0,0,0,0,0
201711,21,167,3,6,Mercer County                 ,2,2,331941,0,0,0,0,0,0,0,0,0,0,0,0,0,0,0,0,0,0,0,0,0
201711,21,175,3,6,Morgan County                 ,2,2,150000,0,0,0,0,0,0,0,0,0,0,0,0,0,0,0,0,0,0,0,0,0
201711,21,179,3,6,Nelson County                 ,13,13,1822000,0,0,0,2,8,1040000,0,0,0,13,13,1822000,0,0,0,2,8,1040000,0,0,0
201711,21,185,3,6,Oldham County                 ,26,26,8127655,0,0,0,0,0,0,0,0,0,0,0,0,0,0,0,0,0,0,0,0,0
201711,21,191,3,6,Pendleton County              ,0,0,0,0,0,0,0,0,0,0,0,0,0,0,0,0,0,0,0,0,0,0,0,0
201711,21,209,3,6,Scott County                  ,11,11,2482750,3,6,1710000,0,0,0,0,0,0,11,11,2482750,3,6,1710000,0,0,0,0,0,0
201711,21,211,3,6,Shelby County                 ,16,16,4265138,0,0,0,0,0,0,0,0,0,16,16,4265138,0,0,0,0,0,0,0,0,0
201711,21,213,3,6,Simpson County                ,1,1,127200,0,0,0,0,0,0,0,0,0,1,1,127200,0,0,0,0,0,0,0,0,0
201711,21,215,3,6,Spencer County                ,13,13,3006197,0,0,0,0,0,0,0,0,0,13,13,3006197,0,0,0,0,0,0,0,0,0
201711,21,221,3,6,Trigg County                  ,1,1,231246,0,0,0,0,0,0,0,0,0,1,1,231246,0,0,0,0,0,0,0,0,0
201711,21,225,3,6,Union County                  ,1,1,209366,0,0,0,0,0,0,0,0,0,0,0,0,0,0,0,0,0,0,0,0,0
201711,21,239,3,6,Woodford County               ,3,3,940000,0,0,0,0,0,0,0,0,0,3,3,940000,0,0,0,0,0,0,0,0,0
201711,22,005,3,7,Ascension Parish              ,70,70,11362347,0,0,0,0,0,0,0,0,0,0,0,0,0,0,0,0,0,0,0,0,0
201711,22,015,3,7,Bossier Parish                ,45,45,6651863,0,0,0,0,0,0,0,0,0,45,45,6651863,0,0,0,0,0,0,0,0,0
201711,22,017,3,7,Caddo Parish                  ,36,36,5672938,0,0,0,0,0,0,0,0,0,34,34,5359690,0,0,0,0,0,0,0,0,0
201711,22,031,3,7,De Soto Parish                ,12,12,2559583,0,0,0,0,0,0,0,0,0,12,12,2559583,0,0,0,0,0,0,0,0,0
201711,22,033,3,7,East Baton Rouge Parish       ,77,77,20282137,0,0,0,0,0,0,0,0,0,77,77,20282137,0,0,0,0,0,0,0,0,0
201711,22,037,3,7,East Feliciana Parish         ,4,4,811856,0,0,0,0,0,0,0,0,0,0,0,0,0,0,0,0,0,0,0,0,0
201711,22,047,3,7,Iberville Parish              ,6,6,1350969,0,0,0,0,0,0,0,0,0,2,2,539680,0,0,0,0,0,0,0,0,0
201711,22,051,3,7,Jefferson Parish              ,35,35,8056333,1,2,194633,1,3,140754,1,10,1005898,1,1,165000,0,0,0,0,0,0,0,0,0
201711,22,055,3,7,Lafayette Parish              ,84,84,17687384,0,0,0,0,0,0,0,0,0,57,57,14121116,0,0,0,0,0,0,0,0,0
201711,22,063,3,7,Livingston Parish             ,59,59,13269689,0,0,0,1,3,232174,0,0,0,1,1,160000,0,0,0,0,0,0,0,0,0
201711,22,071,3,7,Orleans Parish                ,23,23,4988481,2,4,485252,0,0,0,1,16,3938266,0,0,0,0,0,0,0,0,0,0,0,0
201711,22,075,3,7,Plaquemines Parish            ,4,4,1227744,0,0,0,0,0,0,0,0,0,0,0,0,0,0,0,0,0,0,0,0,0
201711,22,077,3,7,Pointe Coupee Parish          ,5,5,1611628,0,0,0,0,0,0,0,0,0,5,5,1611628,0,0,0,0,0,0,0,0,0
201711,22,087,3,7,St. Bernard Parish            ,8,8,1344000,0,0,0,0,0,0,0,0,0,8,8,1344000,0,0,0,0,0,0,0,0,0
201711,22,089,3,7,St. Charles Parish            ,18,18,2967939,0,0,0,0,0,0,0,0,0,18,18,2967939,0,0,0,0,0,0,0,0,0
201711,22,091,3,7,St. Helena Parish             ,0,0,0,0,0,0,0,0,0,0,0,0,0,0,0,0,0,0,0,0,0,0,0,0
201711,22,095,3,7,St. John the Baptist Parish   ,3,3,479289,0,0,0,0,0,0,0,0,0,0,0,0,0,0,0,0,0,0,0,0,0
201711,22,099,3,7,St. Martin Parish             ,17,17,2833594,0,0,0,0,0,0,0,0,0,17,17,2833594,0,0,0,0,0,0,0,0,0
201711,22,103,3,7,St. Tammany Parish            ,95,95,25356539,0,0,0,0,0,0,0,0,0,90,90,23619148,0,0,0,0,0,0,0,0,0
201711,22,109,3,7,Terrebonne Parish             ,8,8,3097276,1,2,322500,0,0,0,0,0,0,8,8,3097276,1,2,322500,0,0,0,0,0,0
201711,22,121,3,7,West Baton Rouge Parish       ,13,13,1944707,0,0,0,0,0,0,0,0,0,12,12,1853645,0,0,0,0,0,0,0,0,0
201711,22,125,3,7,West Feliciana Parish         ,3,3,1301429,0,0,0,0,0,0,1,6,1110629,3,3,1301429,0,0,0,0,0,0,1,6,1110629
201711,23,000,1,1,Maine Unorganized Territory   ,9,9,1195202,0,0,0,0,0,0,0,0,0,0,0,0,0,0,0,0,0,0,0,0,0
201711,24,003,3,5,Anne Arundel County           ,151,151,34742129,0,0,0,0,0,0,0,0,0,148,148,34224394,0,0,0,0,0,0,0,0,0
201711,24,005,3,5,Baltimore County              ,69,69,15955968,0,0,0,0,0,0,0,0,0,69,69,15955968,0,0,0,0,0,0,0,0,0
201711,24,009,3,5,Calvert County                ,19,19,4313032,0,0,0,0,0,0,0,0,0,0,0,0,0,0,0,0,0,0,0,0,0
201711,24,013,3,5,Carroll County                ,16,16,3699934,0,0,0,0,0,0,0,0,0,16,16,3699934,0,0,0,0,0,0,0,0,0
201711,24,015,3,5,Cecil County                  ,5,5,1185525,0,0,0,0,0,0,0,0,0,5,5,1185525,0,0,0,0,0,0,0,0,0
201711,24,017,3,5,Charles County                ,56,56,12088000,0,0,0,0,0,0,0,0,0,56,56,12088000,0,0,0,0,0,0,0,0,0
201711,24,021,3,5,Frederick County              ,155,155,38697281,0,0,0,0,0,0,0,0,0,155,155,38697281,0,0,0,0,0,0,0,0,0
201711,24,023,3,5,Garrett County                ,5,5,2030000,0,0,0,0,0,0,0,0,0,5,5,2030000,0,0,0,0,0,0,0,0,0
201711,24,025,3,5,Harford County                ,23,23,4736452,0,0,0,0,0,0,1,14,1148438,20,20,3579967,0,0,0,0,0,0,0,0,0
201711,24,027,3,5,Howard County                 ,43,43,9943574,0,0,0,0,0,0,0,0,0,43,43,9943574,0,0,0,0,0,0,0,0,0
201711,24,031,3,5,Montgomery County             ,68,68,15255293,5,10,1000000,0,0,0,0,0,0,68,68,15255293,5,10,1000000,0,0,0,0,0,0
201711,24,033,3,5,Prince George County          ,185,185,42866556,0,0,0,0,0,0,0,0,0,183,183,42318001,0,0,0,0,0,0,0,0,0
201711,24,035,3,5,Queen Anne County             ,9,9,2029967,0,0,0,0,0,0,0,0,0,9,9,2029967,0,0,0,0,0,0,0,0,0
201711,24,037,3,5,St. Marys County              ,99,99,12159000,0,0,0,0,0,0,0,0,0,99,99,12159000,0,0,0,0,0,0,0,0,0
201711,24,039,3,5,Somerset County               ,1,1,172918,0,0,0,0,0,0,0,0,0,0,0,0,0,0,0,0,0,0,0,0,0
201711,24,045,3,5,Wicomico County               ,10,10,1736695,0,0,0,0,0,0,0,0,0,10,10,1736695,0,0,0,0,0,0,0,0,0
201711,24,510,3,5,Baltimore (Independent City)  ,22,22,3836571,0,0,0,0,0,0,2,49,10061174,0,0,0,0,0,0,0,0,0,0,0,0
201711,25,005,1,1,Bristol County                ,51,51,10067292,1,2,295000,0,0,0,1,7,457774,33,33,6195500,1,2,295000,0,0,0,0,0,0
201711,25,009,1,1,Essex County                  ,60,60,18450262,4,8,1266223,1,3,325336,2,56,8469310,33,33,10397155,1,2,286676,0,0,0,1,50,7307311
201711,25,017,1,1,Middlesex County              ,154,154,57138486,13,26,4216352,2,7,1074993,6,56,8099306,98,98,42714754,2,4,460000,0,0,0,0,0,0
201711,25,021,1,1,Norfolk County                ,84,84,36724675,0,0,0,1,4,939000,7,52,6833881,61,61,26834964,0,0,0,1,4,939000,1,8,1032350
201711,25,023,1,1,Plymouth County               ,95,95,21225975,1,2,250000,0,0,0,2,44,8243000,79,79,17189622,0,0,0,0,0,0,2,44,8243000
201711,25,025,1,1,Suffolk County                ,8,8,2044270,1,2,500000,4,13,2125000,10,214,42058781,7,7,1874862,1,2,500000,4,13,2125000,8,203,39802389
201711,26,000,2,3,Michigan Balance of State     ,5,5,936179,0,0,0,0,0,0,0,0,0,0,0,0,0,0,0,0,0,0,0,0,0
201711,26,019,2,3,Benzie County                 ,9,9,1604904,0,0,0,0,0,0,0,0,0,9,9,1604904,0,0,0,0,0,0,0,0,0
201711,26,029,2,3,Charlevoix County             ,6,6,1221981,0,0,0,0,0,0,0,0,0,0,0,0,0,0,0,0,0,0,0,0,0
201711,26,089,2,3,Leelanau County               ,8,8,1700180,0,0,0,0,0,0,0,0,0,8,8,1700180,0,0,0,0,0,0,0,0,0
201711,26,093,2,3,Livingston County             ,65,65,17721263,0,0,0,0,0,0,0,0,0,63,63,17517120,0,0,0,0,0,0,0,0,0
201711,26,095,2,3,Luce County                   ,3,3,359000,0,0,0,0,0,0,0,0,0,3,3,359000,0,0,0,0,0,0,0,0,0
201711,26,099,2,3,Macomb County                 ,104,104,32082728,2,4,436190,0,0,0,3,42,3781807,101,101,31547318,0,0,0,0,0,0,3,42,3781807
201711,26,103,2,3,Marquette County              ,5,5,1211000,0,0,0,0,0,0,0,0,0,5,5,1211000,0,0,0,0,0,0,0,0,0
201711,26,137,2,3,Otsego County                 ,1,1,81000,0,0,0,0,0,0,0,0,0,0,0,0,0,0,0,0,0,0,0,0,0
201711,26,147,2,3,St. Clair County              ,19,19,4009677,0,0,0,0,0,0,0,0,0,16,16,3554882,0,0,0,0,0,0,0,0,0
201711,26,163,2,3,Wayne County                  ,140,140,38807345,0,0,0,0,0,0,7,59,4224159,128,128,36354108,0,0,0,0,0,0,7,59,4224159
201711,27,003,2,4,Anoka County                  ,79,79,22031611,2,4,604528,0,0,0,0,0,0,69,69,19405549,2,4,604528,0,0,0,0,0,0
201711,27,019,2,4,Carver County                 ,40,40,11897089,1,2,303024,0,0,0,0,0,0,40,40,11897089,1,2,303024,0,0,0,0,0,0
201711,27,025,2,4,Chisago County                ,19,19,3481606,0,0,0,0,0,0,0,0,0,8,8,1739432,0,0,0,0,0,0,0,0,0
201711,27,027,2,4,Clay County                   ,4,4,755000,0,0,0,0,0,0,0,0,0,4,4,755000,0,0,0,0,0,0,0,0,0
201711,27,037,2,4,Dakota County                 ,92,92,27894567,2,4,920000,1,3,780000,0,0,0,83,83,24796373,2,4,920000,1,3,780000,0,0,0
201711,27,053,2,4,Hennepin County               ,160,160,58717604,1,2,350000,1,4,1007910,4,410,66505913,144,144,49475837,1,2,350000,1,4,1007910,3,405,65533777
201711,27,059,2,4,Isanti County                 ,15,15,2788830,0,0,0,0,0,0,0,0,0,15,15,2788830,0,0,0,0,0,0,0,0,0
201711,27,123,2,4,Ramsey County                 ,19,19,6283874,0,0,0,0,0,0,2,59,5722929,12,12,4492884,0,0,0,0,0,0,1,6,957600
201711,27,139,2,4,Scott County                  ,61,61,19115178,0,0,0,0,0,0,1,90,13093528,60,60,18822472,0,0,0,0,0,0,1,90,13093528
201711,27,141,2,4,Sherburne County              ,26,26,5514496,0,0,0,0,0,0,0,0,0,26,26,5514496,0,0,0,0,0,0,0,0,0
201711,27,163,2,4,Washington County             ,73,73,23347061,0,0,0,0,0,0,3,178,26564916,66,66,20424380,0,0,0,0,0,0,3,178,26564916
201711,27,171,2,4,Wright County                 ,51,51,13442567,0,0,0,0,0,0,0,0,0,45,45,12174977,0,0,0,0,0,0,0,0,0
201711,28,033,3,6,DeSoto County                 ,91,91,15546516,0,0,0,0,0,0,0,0,0,91,91,15546516,0,0,0,0,0,0,0,0,0
201711,28,041,3,6,Greene County                 ,0,0,0,0,0,0,0,0,0,0,0,0,0,0,0,0,0,0,0,0,0,0,0,0
201711,28,045,3,6,Hancock County                ,36,36,6109766,0,0,0,0,0,0,1,7,592639,14,14,2743311,0,0,0,0,0,0,0,0,0
201711,28,047,3,6,Harrison County               ,72,72,12611047,0,0,0,0,0,0,0,0,0,63,63,11588638,0,0,0,0,0,0,0,0,0
201711,28,067,3,6,Jones County                  ,0,0,0,0,0,0,0,0,0,0,0,0,0,0,0,0,0,0,0,0,0,0,0,0
201711,28,137,3,6,Tate County                   ,5,5,940000,0,0,0,0,0,0,0,0,0,5,5,940000,0,0,0,0,0,0,0,0,0
201711,28,143,3,6,Tunica County                 ,1,1,200000,0,0,0,0,0,0,0,0,0,1,1,200000,0,0,0,0,0,0,0,0,0
201711,28,145,3,6,Union County                  ,0,0,0,0,0,0,0,0,0,0,0,0,0,0,0,0,0,0,0,0,0,0,0,0
201711,28,149,3,6,Warren County                 ,0,0,0,0,0,0,0,0,0,0,0,0,0,0,0,0,0,0,0,0,0,0,0,0
201711,29,013,2,4,Bates County                  ,0,0,0,0,0,0,0,0,0,0,0,0,0,0,0,0,0,0,0,0,0,0,0,0
201711,29,017,2,4,Bollinger County              ,0,0,0,0,0,0,0,0,0,0,0,0,0,0,0,0,0,0,0,0,0,0,0,0
201711,29,019,2,4,Boone County                  ,51,51,11417226,0,0,0,0,0,0,3,144,15144066,51,51,11417226,0,0,0,0,0,0,3,144,15144066
201711,29,049,2,4,Clinton County                ,4,4,497000,0,0,0,1,4,525000,0,0,0,4,4,497000,0,0,0,1,4,525000,0,0,0
201711,29,065,2,4,Dent County                   ,0,0,0,0,0,0,0,0,0,0,0,0,0,0,0,0,0,0,0,0,0,0,0,0
201711,29,071,2,4,Franklin County               ,39,39,7183523,0,0,0,0,0,0,0,0,0,25,25,4024049,0,0,0,0,0,0,0,0,0
201711,29,095,2,4,Jackson County                ,155,155,33597740,7,14,1141328,2,8,1870976,1,38,3713512,150,150,32153249,7,14,1141328,2,8,1870976,1,38,3713512
201711,29,099,2,4,Jefferson County              ,59,59,11031957,0,0,0,0,0,0,0,0,0,56,56,10662529,0,0,0,0,0,0,0,0,0
201711,29,105,2,4,Laclede County                ,1,1,138000,0,0,0,0,0,0,0,0,0,1,1,138000,0,0,0,0,0,0,0,0,0
201711,29,107,2,4,Lafayette County              ,5,5,1003664,0,0,0,0,0,0,0,0,0,2,2,267500,0,0,0,0,0,0,0,0,0
201711,29,113,2,4,Lincoln County                ,10,10,2371134,0,0,0,1,3,359288,0,0,0,2,2,343000,0,0,0,0,0,0,0,0,0
201711,29,165,2,4,Platte County                 ,32,32,8860766,0,0,0,0,0,0,0,0,0,32,32,8860766,0,0,0,0,0,0,0,0,0
201711,29,185,2,4,St. Clair County              ,0,0,0,0,0,0,0,0,0,0,0,0,0,0,0,0,0,0,0,0,0,0,0,0
201711,29,189,2,4,St. Louis County              ,101,101,38228719,0,0,0,0,0,0,1,12,1475265,53,53,21320304,0,0,0,0,0,0,0,0,0
201711,29,219,2,4,Warren County                 ,18,18,3696107,0,0,0,0,0,0,0,0,0,18,18,3696107,0,0,0,0,0,0,0,0,0
201711,29,221,2,4,Washington County             ,0,0,0,0,0,0,0,0,0,0,0,0,0,0,0,0,0,0,0,0,0,0,0,0
201711,29,510,2,4,St. Louis (Independent City)  ,9,9,1484000,0,0,0,1,3,100000,0,0,0,9,9,1484000,0,0,0,1,3,100000,0,0,0
201711,30,033,4,8,Garfield County               ,0,0,0,0,0,0,0,0,0,0,0,0,0,0,0,0,0,0,0,0,0,0,0,0
201711,30,063,4,8,Missoula County               ,33,33,6786654,1,2,95298,1,3,319620,2,52,6102148,33,33,6786654,1,2,95298,1,3,319620,2,52,6102148
201711,30,093,4,8,Silver Bow County             ,6,6,425325,0,0,0,0,0,0,0,0,0,6,6,425325,0,0,0,0,0,0,0,0,0
201711,31,001,2,4,Adams County                  ,2,2,447563,0,0,0,0,0,0,0,0,0,2,2,447563,0,0,0,0,0,0,0,0,0
201711,31,025,2,4,Cass County                   ,11,11,1795841,1,2,143961,0,0,0,0,0,0,11,11,1795841,1,2,143961,0,0,0,0,0,0
201711,31,033,2,4,Cheyenne County               ,0,0,0,0,0,0,0,0,0,0,0,0,0,0,0,0,0,0,0,0,0,0,0,0
201711,31,055,2,4,Douglas County                ,111,111,18727556,0,0,0,0,0,0,2,137,8587092,104,104,17095484,0,0,0,0,0,0,2,137,8587092
201711,31,105,2,4,Kimball County                ,0,0,0,0,0,0,0,0,0,0,0,0,0,0,0,0,0,0,0,0,0,0,0,0
201711,31,153,2,4,Sarpy County                  ,104,104,29881734,0,0,0,0,0,0,0,0,0,79,79,23697256,0,0,0,0,0,0,0,0,0
201711,31,165,2,4,Sioux County                  ,0,0,0,0,0,0,0,0,0,0,0,0,0,0,0,0,0,0,0,0,0,0,0,0
201711,31,177,2,4,Washington County             ,9,9,2190131,0,0,0,0,0,0,0,0,0,9,9,2190131,0,0,0,0,0,0,0,0,0
201711,32,001,4,8,Churchill County              ,2,2,363817,0,0,0,0,0,0,0,0,0,1,1,116348,0,0,0,0,0,0,0,0,0
201711,32,003,4,8,Clark County                  ,764,764,133616570,11,22,3817111,0,0,0,31,874,65660677,764,764,133616570,11,22,3817111,0,0,0,31,874,65660677
201711,32,005,4,8,Douglas County                ,12,12,6089999,0,0,0,0,0,0,0,0,0,12,12,6089999,0,0,0,0,0,0,0,0,0
201711,32,007,4,8,Elko County                   ,12,12,1774478,0,0,0,0,0,0,0,0,0,11,11,1708478,0,0,0,0,0,0,0,0,0
201711,32,013,4,8,Humboldt County               ,0,0,0,0,0,0,0,0,0,0,0,0,0,0,0,0,0,0,0,0,0,0,0,0
201711,32,015,4,8,Lander County                 ,0,0,0,0,0,0,0,0,0,0,0,0,0,0,0,0,0,0,0,0,0,0,0,0
201711,32,017,4,8,Lincoln County                ,1,1,270497,0,0,0,0,0,0,0,0,0,0,0,0,0,0,0,0,0,0,0,0,0
201711,32,019,4,8,Lyon County                   ,27,27,6944925,0,0,0,0,0,0,0,0,0,27,27,6944925,0,0,0,0,0,0,0,0,0
201711,32,021,4,8,Mineral County                ,0,0,0,0,0,0,0,0,0,0,0,0,0,0,0,0,0,0,0,0,0,0,0,0
201711,32,027,4,8,Pershing County               ,0,0,0,0,0,0,0,0,0,0,0,0,0,0,0,0,0,0,0,0,0,0,0,0
201711,32,029,4,8,Storey County                 ,0,0,0,0,0,0,0,0,0,0,0,0,0,0,0,0,0,0,0,0,0,0,0,0
201711,32,031,4,8,Washoe County                 ,153,153,35556415,0,0,0,0,0,0,9,152,19015443,153,153,35556415,0,0,0,0,0,0,9,152,19015443
201711,32,033,4,8,White Pine County             ,0,0,0,0,0,0,0,0,0,0,0,0,0,0,0,0,0,0,0,0,0,0,0,0
201711,32,510,4,8,Carson City (Independent City),13,13,3843585,0,0,0,0,0,0,0,0,0,13,13,3843585,0,0,0,0,0,0,0,0,0
201711,33,015,1,1,Rockingham County             ,54,54,14027952,0,0,0,0,0,0,1,5,530044,41,41,10813254,0,0,0,0,0,0,0,0,0
201711,33,017,1,1,Strafford County              ,34,34,5607118,0,0,0,2,8,972288,0,0,0,30,30,5032205,0,0,0,2,8,972288,0,0,0
201711,34,001,1,2,Atlantic County               ,17,17,4767110,0,0,0,0,0,0,2,21,2207607,15,15,4636830,0,0,0,0,0,0,0,0,0
201711,34,003,1,2,Bergen County                 ,99,99,29474642,7,14,2205468,2,7,1234250,13,600,70998393,77,77,21693858,3,6,1022100,2,7,1234250,7,536,68350000
201711,34,005,1,2,Burlington County             ,50,50,7438156,0,0,0,0,0,0,1,113,14841902,29,29,4608561,0,0,0,0,0,0,1,113,14841902
201711,34,007,1,2,Camden County                 ,10,10,2772169,0,0,0,0,0,0,6,66,6592071,4,4,1438740,0,0,0,0,0,0,3,50,5585604
201711,34,009,1,2,Cape May County               ,35,35,13130700,0,0,0,0,0,0,1,6,650000,30,30,11841016,0,0,0,0,0,0,1,6,650000
201711,34,011,1,2,Cumberland County             ,10,10,1065383,0,0,0,0,0,0,0,0,0,1,1,149000,0,0,0,0,0,0,0,0,0
201711,34,013,1,2,Essex County                  ,26,26,4851157,5,10,1283147,1,4,562368,6,96,6754408,9,9,3741300,4,8,1168647,0,0,0,2,18,976009
201711,34,015,1,2,Gloucester County             ,26,26,3151093,0,0,0,0,0,0,1,6,251000,13,13,1807310,0,0,0,0,0,0,0,0,0
201711,34,017,1,2,Hudson County                 ,7,7,1304325,3,6,523700,4,14,870250,6,441,78051317,2,2,281700,3,6,523700,4,14,870250,4,416,75401046
201711,34,019,1,2,Hunterdon County              ,11,11,2588318,1,2,233200,0,0,0,3,15,729886,7,7,1598600,0,0,0,0,0,0,0,0,0
201711,34,021,1,2,Mercer County                 ,15,15,3665443,0,0,0,45,158,4757906,1,13,629826,15,15,3665443,0,0,0,45,158,4757906,0,0,0
201711,34,023,1,2,Middlesex County              ,70,70,15792205,0,0,0,5,18,8128500,4,74,5428655,54,54,12720326,0,0,0,5,18,8128500,2,63,4747760
201711,34,025,1,2,Monmouth County               ,86,86,25284537,2,4,734418,0,0,0,2,10,166212,69,69,22127810,0,0,0,0,0,0,1,5,45000
201711,34,027,1,2,Morris County                 ,54,54,13826435,0,0,0,0,0,0,4,35,5321069,41,41,10468596,0,0,0,0,0,0,1,5,840000
201711,34,029,1,2,Ocean County                  ,181,181,41314159,1,2,258571,0,0,0,1,12,457130,123,123,32524239,0,0,0,0,0,0,0,0,0
201711,34,031,1,2,Passaic County                ,15,15,1779327,3,6,356400,0,0,0,1,5,246788,13,13,1443750,3,6,356400,0,0,0,0,0,0
201711,34,033,1,2,Salem County                  ,2,2,1015265,0,0,0,0,0,0,0,0,0,1,1,914300,0,0,0,0,0,0,0,0,0
201711,34,035,1,2,Somerset County               ,45,45,12173756,0,0,0,0,0,0,3,23,1519332,32,32,7424600,0,0,0,0,0,0,0,0,0
201711,34,037,1,2,Sussex County                 ,1,1,252635,1,2,188850,0,0,0,0,0,0,0,0,0,0,0,0,0,0,0,0,0,0
201711,34,039,1,2,Union County                  ,28,28,7684828,7,14,1090832,0,0,0,4,51,1600555,16,16,4584500,0,0,0,0,0,0,0,0,0
201711,34,041,1,2,Warren County                 ,6,6,842563,0,0,0,0,0,0,1,9,393857,4,4,550692,0,0,0,0,0,0,0,0,0
201711,35,000,4,8,New Mexico Balance of State   ,25,25,6765812,0,0,0,0,0,0,0,0,0,0,0,0,0,0,0,0,0,0,0,0,0
201711,35,001,4,8,Bernalillo County             ,77,77,14635389,0,0,0,0,0,0,0,0,0,77,77,14635389,0,0,0,0,0,0,0,0,0
201711,35,005,4,8,Chaves County                 ,3,3,559777,0,0,0,0,0,0,0,0,0,2,2,374232,0,0,0,0,0,0,0,0,0
201711,35,007,4,8,Colfax County                 ,1,1,451667,0,0,0,0,0,0,0,0,0,0,0,0,0,0,0,0,0,0,0,0,0
201711,35,009,4,8,Curry County                  ,3,3,739022,0,0,0,0,0,0,1,5,460938,0,0,0,0,0,0,0,0,0,0,0,0
201711,35,013,4,8,Dona Ana County               ,64,64,12982910,0,0,0,0,0,0,0,0,0,49,49,10245922,0,0,0,0,0,0,0,0,0
201711,35,015,4,8,Eddy County                   ,9,9,1740000,0,0,0,0,0,0,0,0,0,9,9,1740000,0,0,0,0,0,0,0,0,0
201711,35,017,4,8,Grant County                  ,0,0,0,0,0,0,0,0,0,0,0,0,0,0,0,0,0,0,0,0,0,0,0,0
201711,35,025,4,8,Lea County                    ,4,4,1274776,0,0,0,0,0,0,0,0,0,4,4,1274776,0,0,0,0,0,0,0,0,0
201711,35,027,4,8,Lincoln County                ,5,5,1263652,0,0,0,0,0,0,0,0,0,0,0,0,0,0,0,0,0,0,0,0,0
201711,35,028,4,8,Los Alamos County             ,0,0,0,0,0,0,0,0,0,0,0,0,0,0,0,0,0,0,0,0,0,0,0,0
201711,35,029,4,8,Luna County                   ,1,1,193000,0,0,0,0,0,0,0,0,0,1,1,193000,0,0,0,0,0,0,0,0,0
201711,35,031,4,8,McKinley County               ,1,1,185200,0,0,0,0,0,0,0,0,0,0,0,0,0,0,0,0,0,0,0,0,0
201711,35,035,4,8,Otero County                  ,0,0,0,0,0,0,0,0,0,0,0,0,0,0,0,0,0,0,0,0,0,0,0,0
201711,35,041,4,8,Roosevelt County              ,2,2,326294,0,0,0,0,0,0,0,0,0,0,0,0,0,0,0,0,0,0,0,0,0
201711,35,043,4,8,Sandoval County               ,61,61,13815884,0,0,0,0,0,0,1,8,333333,52,52,11608329,0,0,0,0,0,0,0,0,0
201711,35,045,4,8,San Juan County               ,6,6,1583231,0,0,0,0,0,0,0,0,0,2,2,663199,0,0,0,0,0,0,0,0,0
201711,35,047,4,8,San Miguel County             ,0,0,0,0,0,0,0,0,0,0,0,0,0,0,0,0,0,0,0,0,0,0,0,0
201711,35,049,4,8,Santa Fe County               ,10,10,2495562,0,0,0,0,0,0,0,0,0,0,0,0,0,0,0,0,0,0,0,0,0
201711,35,051,4,8,Sierra County                 ,0,0,0,0,0,0,0,0,0,0,0,0,0,0,0,0,0,0,0,0,0,0,0,0
201711,35,053,4,8,Socorro County                ,0,0,0,0,0,0,0,0,0,0,0,0,0,0,0,0,0,0,0,0,0,0,0,0
201711,35,055,4,8,Taos County                   ,6,6,657935,0,0,0,0,0,0,0,0,0,0,0,0,0,0,0,0,0,0,0,0,0
201711,35,061,4,8,Valencia County               ,9,9,975708,0,0,0,0,0,0,0,0,0,0,0,0,0,0,0,0,0,0,0,0,0
201711,36,001,1,2,Albany County                 ,28,28,7198540,0,0,0,1,3,268312,2,20,2419974,12,12,3532771,0,0,0,0,0,0,0,0,0
201711,36,005,1,2,Bronx County                  ,1,1,267838,2,4,540147,2,6,729216,8,460,60497087,1,1,267838,2,4,540147,2,6,729216,8,460,60497087
201711,36,029,1,2,Erie County                   ,60,60,17044604,1,2,275000,0,0,0,1,22,4960720,56,56,16352570,1,2,275000,0,0,0,0,0,0
201711,36,047,1,2,Kings County                  ,3,3,803512,4,8,1080294,4,12,1458432,26,333,43794630,3,3,803512,4,8,1080294,4,12,1458432,26,333,43794630
201711,36,051,1,2,Livingston County             ,3,3,500615,0,0,0,0,0,0,7,65,7213670,1,1,250000,0,0,0,0,0,0,6,60,6963670
201711,36,055,1,2,Monroe County                 ,40,40,9178781,1,2,200000,2,6,522000,0,0,0,27,27,6886700,1,2,200000,0,0,0,0,0,0
201711,36,059,1,2,Nassau County                 ,43,43,21315675,0,0,0,0,0,0,0,0,0,9,9,8131000,0,0,0,0,0,0,0,0,0
201711,36,061,1,2,New York County               ,0,0,0,1,2,270074,0,0,0,4,164,21568527,0,0,0,1,2,270074,0,0,0,4,164,21568527
201711,36,063,1,2,Niagara County                ,8,8,1827441,0,0,0,0,0,0,0,0,0,7,7,1663500,0,0,0,0,0,0,0,0,0
201711,36,069,1,2,Ontario County                ,20,20,5181849,0,0,0,2,7,376400,13,101,8862143,12,12,3477000,0,0,0,0,0,0,12,96,8400000
201711,36,073,1,2,Orleans County                ,1,1,190625,0,0,0,0,0,0,0,0,0,0,0,0,0,0,0,0,0,0,0,0,0
201711,36,079,1,2,Putnam County                 ,3,3,1569763,0,0,0,1,3,670449,0,0,0,1,1,1200000,0,0,0,0,0,0,0,0,0
201711,36,081,1,2,Queens County                 ,13,13,3481888,17,34,4591251,9,27,3281472,4,56,7364863,13,13,3481888,17,34,4591251,9,27,3281472,4,56,7364863
201711,36,083,1,2,Rensselaer County             ,10,10,2922334,1,2,250000,2,8,1000000,0,0,0,5,5,1544900,1,2,250000,2,8,1000000,0,0,0
201711,36,085,1,2,Richmond County               ,12,12,3214050,27,54,7291987,1,3,364608,0,0,0,12,12,3214050,27,54,7291987,1,3,364608,0,0,0
201711,36,087,1,2,Rockland County               ,6,6,1934300,4,8,1220953,2,6,654245,1,6,696400,3,3,1138999,0,0,0,0,0,0,0,0,0
201711,36,091,1,2,Saratoga County               ,59,59,16550907,2,4,540147,0,0,0,3,22,2354559,40,40,11279212,2,4,540147,0,0,0,0,0,0
201711,36,093,1,2,Schenectady County            ,6,6,973022,0,0,0,1,4,450000,1,5,650000,4,4,655000,0,0,0,1,4,450000,0,0,0
201711,36,095,1,2,Schoharie County              ,0,0,0,0,0,0,0,0,0,0,0,0,0,0,0,0,0,0,0,0,0,0,0,0
201711,36,099,1,2,Seneca County                 ,2,2,850000,0,0,0,0,0,0,0,0,0,2,2,850000,0,0,0,0,0,0,0,0,0
201711,36,117,1,2,Wayne County                  ,3,3,617333,0,0,0,0,0,0,1,6,600000,1,1,200000,0,0,0,0,0,0,1,6,600000
201711,36,119,1,2,Westchester County            ,33,33,17163972,1,2,270000,1,3,120000,6,72,11615203,25,25,14050900,0,0,0,0,0,0,1,19,2500000
201711,37,007,3,5,Anson County                  ,3,3,449595,0,0,0,0,0,0,0,0,0,0,0,0,0,0,0,0,0,0,0,0,0
201711,37,011,3,5,Avery County                  ,13,13,5527863,0,0,0,0,0,0,0,0,0,13,13,5527863,0,0,0,0,0,0,0,0,0
201711,37,015,3,5,Bertie County                 ,1,1,96400,0,0,0,0,0,0,0,0,0,1,1,96400,0,0,0,0,0,0,0,0,0
201711,37,025,3,5,Cabarrus County               ,122,122,20382898,0,0,0,0,0,0,3,72,3600000,122,122,20382898,0,0,0,0,0,0,3,72,3600000
201711,37,033,3,5,Caswell County                ,4,4,750000,0,0,0,0,0,0,0,0,0,4,4,750000,0,0,0,0,0,0,0,0,0
201711,37,037,3,5,Chatham County                ,55,55,15499312,0,0,0,0,0,0,0,0,0,55,55,15499312,0,0,0,0,0,0,0,0,0
201711,37,051,3,5,Cumberland County             ,69,69,11484602,0,0,0,0,0,0,0,0,0,69,69,11484602,0,0,0,0,0,0,0,0,0
201711,37,053,3,5,Currituck County              ,30,30,6382339,0,0,0,0,0,0,0,0,0,30,30,6382339,0,0,0,0,0,0,0,0,0
201711,37,059,3,5,Davie County                  ,10,10,2018126,0,0,0,0,0,0,0,0,0,0,0,0,0,0,0,0,0,0,0,0,0
201711,37,063,3,5,Durham County                 ,144,144,27035610,0,0,0,0,0,0,4,97,8353388,0,0,0,0,0,0,0,0,0,0,0,0
201711,37,069,3,5,Franklin County               ,52,52,7416901,1,2,156000,0,0,0,0,0,0,52,52,7416901,1,2,156000,0,0,0,0,0,0
201711,37,071,3,5,Gaston County                 ,56,56,13310878,0,0,0,0,0,0,0,0,0,56,56,13310878,0,0,0,0,0,0,0,0,0
201711,37,081,3,5,Guilford County               ,116,116,27507156,0,0,0,0,0,0,1,5,282099,104,104,26031500,0,0,0,0,0,0,0,0,0
201711,37,089,3,5,Henderson County              ,45,45,14122992,0,0,0,0,0,0,0,0,0,45,45,14122992,0,0,0,0,0,0,0,0,0
201711,37,093,3,5,Hoke County                   ,19,19,4393672,0,0,0,0,0,0,0,0,0,19,19,4393672,0,0,0,0,0,0,0,0,0
201711,37,097,3,5,Iredell County                ,82,82,21913377,0,0,0,0,0,0,3,90,4698039,82,82,21913377,0,0,0,0,0,0,3,90,4698039
201711,37,101,3,5,Johnston County               ,163,163,27967761,0,0,0,0,0,0,0,0,0,4,4,835500,0,0,0,0,0,0,0,0,0
201711,37,119,3,5,Mecklenburg County            ,438,438,101285707,9,18,4764699,0,0,0,21,716,35794552,438,438,101285707,9,18,4764699,0,0,0,21,716,35794552
201711,37,133,3,5,Onslow County                 ,81,81,11259163,0,0,0,0,0,0,0,0,0,81,81,11259163,0,0,0,0,0,0,0,0,0
201711,37,135,3,5,Orange County                 ,59,59,14911411,0,0,0,0,0,0,0,0,0,59,59,14911411,0,0,0,0,0,0,0,0,0
201711,37,145,3,5,Person County                 ,6,6,1501000,0,0,0,0,0,0,0,0,0,6,6,1501000,0,0,0,0,0,0,0,0,0
201711,37,151,3,5,Randolph County               ,25,25,5190066,0,0,0,0,0,0,0,0,0,4,4,389000,0,0,0,0,0,0,0,0,0
201711,37,157,3,5,Rockingham County             ,11,11,2453318,0,0,0,0,0,0,0,0,0,11,11,2453318,0,0,0,0,0,0,0,0,0
201711,37,179,3,5,Union County                  ,103,103,23914209,0,0,0,0,0,0,0,0,0,103,103,23914209,0,0,0,0,0,0,0,0,0
201711,37,181,3,5,Vance County                  ,11,11,1285120,0,0,0,0,0,0,0,0,0,11,11,1285120,0,0,0,0,0,0,0,0,0
201711,37,183,3,5,Wake County                   ,488,488,108290693,0,0,0,0,0,0,16,755,62813049,488,488,108290693,0,0,0,0,0,0,16,755,62813049
201711,37,195,3,5,Wilson County                 ,9,9,3963615,0,0,0,0,0,0,0,0,0,9,9,3963615,0,0,0,0,0,0,0,0,0
201711,39,007,2,3,Ashtabula County              ,7,7,1284278,1,2,161044,0,0,0,0,0,0,0,0,0,0,0,0,0,0,0,0,0,0
201711,39,015,2,3,Brown County                  ,3,3,776113,0,0,0,0,0,0,0,0,0,3,3,776113,0,0,0,0,0,0,0,0,0
201711,39,017,2,3,Butler County                 ,44,44,10735018,0,0,0,0,0,0,0,0,0,36,36,9317238,0,0,0,0,0,0,0,0,0
201711,39,025,2,3,Clermont County               ,35,35,7390320,1,2,130000,0,0,0,2,18,1000000,35,35,7390320,1,2,130000,0,0,0,2,18,1000000
201711,39,041,2,3,Delaware County               ,41,41,9729455,0,0,0,0,0,0,1,6,453450,22,22,6010360,0,0,0,0,0,0,0,0,0
201711,39,049,2,3,Franklin County               ,113,113,36482779,1,2,300000,0,0,0,21,257,17588000,104,104,34324800,1,2,300000,0,0,0,19,240,16775000
201711,39,055,2,3,Geauga County                 ,10,10,2587042,0,0,0,0,0,0,0,0,0,10,10,2587042,0,0,0,0,0,0,0,0,0
201711,39,085,2,3,Lake County                   ,19,19,5054842,0,0,0,0,0,0,0,0,0,19,19,5054842,0,0,0,0,0,0,0,0,0
201711,39,089,2,3,Licking County                ,23,23,5745386,0,0,0,0,0,0,0,0,0,0,0,0,0,0,0,0,0,0,0,0,0
201711,39,093,2,3,Lorain County                 ,64,64,15548464,0,0,0,5,19,1506817,1,8,437101,37,37,8864789,0,0,0,5,19,1506817,0,0,0
201711,39,097,2,3,Madison County                ,5,5,1115634,0,0,0,0,0,0,0,0,0,3,3,787634,0,0,0,0,0,0,0,0,0
201711,39,103,2,3,Medina County                 ,49,49,13781220,0,0,0,0,0,0,0,0,0,49,49,13781220,0,0,0,0,0,0,0,0,0
201711,39,117,2,3,Morrow County                 ,2,2,453693,0,0,0,0,0,0,0,0,0,0,0,0,0,0,0,0,0,0,0,0,0
201711,39,159,2,3,Union County                  ,43,43,11124281,0,0,0,0,0,0,0,0,0,43,43,11124281,0,0,0,0,0,0,0,0,0
201711,39,165,2,3,Warren County                 ,83,83,22805259,0,0,0,0,0,0,0,0,0,72,72,20025816,0,0,0,0,0,0,0,0,0
201711,40,001,3,7,Adair County                  ,0,0,0,0,0,0,0,0,0,0,0,0,0,0,0,0,0,0,0,0,0,0,0,0
201711,40,017,3,7,Canadian County               ,18,18,3804889,1,2,130000,0,0,0,0,0,0,5,5,650000,1,2,130000,0,0,0,0,0,0
201711,40,021,3,7,Cherokee County               ,5,5,656191,0,0,0,0,0,0,1,5,244048,0,0,0,0,0,0,0,0,0,0,0,0
201711,40,027,3,7,Cleveland County              ,57,57,14073988,5,10,1210000,0,0,0,2,10,2000000,57,57,14073988,5,10,1210000,0,0,0,2,10,2000000
201711,40,029,3,7,Coal County                   ,0,0,0,0,0,0,0,0,0,0,0,0,0,0,0,0,0,0,0,0,0,0,0,0
201711,40,037,3,7,Creek County                  ,10,10,1828620,0,0,0,0,0,0,0,0,0,6,6,972000,0,0,0,0,0,0,0,0,0
201711,40,051,3,7,Grady County                  ,9,9,1759816,0,0,0,0,0,0,0,0,0,3,3,452000,0,0,0,0,0,0,0,0,0
201711,40,055,3,7,Greer County                  ,0,0,0,0,0,0,0,0,0,0,0,0,0,0,0,0,0,0,0,0,0,0,0,0
201711,40,081,3,7,Lincoln County                ,1,1,80000,0,0,0,0,0,0,0,0,0,1,1,80000,0,0,0,0,0,0,0,0,0
201711,40,083,3,7,Logan County                  ,3,3,569400,0,0,0,0,0,0,0,0,0,3,3,569400,0,0,0,0,0,0,0,0,0
201711,40,087,3,7,McClain County                ,26,26,6115734,0,0,0,0,0,0,0,0,0,12,12,3289090,0,0,0,0,0,0,0,0,0
201711,40,109,3,7,Oklahoma County               ,271,271,59116788,6,12,2000000,0,0,0,0,0,0,253,253,56395491,6,12,2000000,0,0,0,0,0,0
201711,40,111,3,7,Okmulgee County               ,0,0,0,0,0,0,0,0,0,0,0,0,0,0,0,0,0,0,0,0,0,0,0,0
201711,40,113,3,7,Osage County                  ,14,14,2425863,0,0,0,0,0,0,0,0,0,14,14,2425863,0,0,0,0,0,0,0,0,0
201711,40,117,3,7,Pawnee County                 ,0,0,0,0,0,0,0,0,0,0,0,0,0,0,0,0,0,0,0,0,0,0,0,0
201711,40,131,3,7,Rogers County                 ,21,21,4774918,0,0,0,0,0,0,0,0,0,21,21,4774918,0,0,0,0,0,0,0,0,0
201711,40,143,3,7,Tulsa County                  ,191,191,30941822,0,0,0,0,0,0,0,0,0,191,191,30941822,0,0,0,0,0,0,0,0,0
201711,40,145,3,7,Wagoner County                ,35,35,7417383,0,0,0,0,0,0,0,0,0,35,35,7417383,0,0,0,0,0,0,0,0,0
201711,41,000,4,9,Oregon Balance of State       ,11,11,1629230,0,0,0,0,0,0,0,0,0,0,0,0,0,0,0,0,0,0,0,0,0
201711,41,005,4,9,Clackamas County              ,117,117,34332341,0,0,0,0,0,0,2,38,4781475,104,104,28239601,0,0,0,0,0,0,1,20,2163969
201711,41,019,4,9,Douglas County                ,14,14,3248013,0,0,0,0,0,0,0,0,0,14,14,3248013,0,0,0,0,0,0,0,0,0
201711,41,025,4,9,Harney County                 ,0,0,0,0,0,0,0,0,0,0,0,0,0,0,0,0,0,0,0,0,0,0,0,0
201711,41,035,4,9,Klamath County                ,2,2,634157,0,0,0,0,0,0,0,0,0,2,2,634157,0,0,0,0,0,0,0,0,0
201711,41,051,4,9,Multnomah County              ,64,64,17640717,9,18,2786289,1,4,705000,9,617,111216532,63,63,17442645,9,18,2786289,1,4,705000,9,617,111216532
201711,41,067,4,9,Washington County             ,137,137,40832768,2,4,728237,0,0,0,2,187,27463833,134,134,39914131,1,2,409043,0,0,0,2,187,27463833
201711,41,071,4,9,Yamhill County                ,28,28,7290542,1,2,80000,0,0,0,0,0,0,19,19,5000865,1,2,80000,0,0,0,0,0,0
201711,42,001,1,2,Adams County                  ,11,11,2745680,0,0,0,0,0,0,0,0,0,11,11,2745680,0,0,0,0,0,0,0,0,0
201711,42,017,1,2,Bucks County                  ,75,75,16037907,0,0,0,0,0,0,0,0,0,48,48,9052489,0,0,0,0,0,0,0,0,0
201711,42,029,1,2,Chester County                ,80,80,15933212,0,0,0,1,4,643820,1,5,250000,72,72,14060462,0,0,0,1,4,643820,0,0,0
201711,42,037,1,2,Columbia County               ,7,7,1363732,0,0,0,0,0,0,0,0,0,3,3,344900,0,0,0,0,0,0,0,0,0
201711,42,041,1,2,Cumberland County             ,38,38,7620116,0,0,0,0,0,0,1,6,947093,29,29,5363188,0,0,0,0,0,0,0,0,0
201711,42,043,1,2,Dauphin County                ,33,33,7239814,0,0,0,0,0,0,2,34,2474000,19,19,4224077,0,0,0,0,0,0,2,34,2474000
201711,42,045,1,2,Delaware County               ,26,26,6002429,0,0,0,0,0,0,0,0,0,4,4,1201676,0,0,0,0,0,0,0,0,0
201711,42,055,1,2,Franklin County               ,19,19,3466727,0,0,0,0,0,0,1,5,487529,11,11,2233411,0,0,0,0,0,0,0,0,0
201711,42,065,1,2,Jefferson County              ,4,4,446073,0,0,0,0,0,0,0,0,0,4,4,446073,0,0,0,0,0,0,0,0,0
201711,42,091,1,2,Montgomery County             ,85,85,21581133,6,12,1500000,3,12,1557820,8,116,9165681,68,68,17489689,6,12,1500000,3,12,1557820,7,55,5941216
201711,42,093,1,2,Montour County                ,2,2,467963,0,0,0,0,0,0,1,5,674635,0,0,0,0,0,0,0,0,0,0,0,0
201711,42,099,1,2,Perry County                  ,7,7,1830023,0,0,0,0,0,0,0,0,0,0,0,0,0,0,0,0,0,0,0,0,0
201711,42,101,1,2,Philadelphia County           ,59,59,15802412,8,16,2160589,9,30,3646080,13,229,30117028,59,59,15802412,8,16,2160589,9,30,3646080,13,229,30117028
201711,42,103,1,2,Pike County                   ,7,7,2503755,0,0,0,0,0,0,0,0,0,5,5,1955000,0,0,0,0,0,0,0,0,0
201711,44,001,1,1,Bristol County                ,4,4,986489,0,0,0,0,0,0,0,0,0,1,1,150000,0,0,0,0,0,0,0,0,0
201711,44,003,1,1,Kent County                   ,12,12,2044844,0,0,0,0,0,0,0,0,0,5,5,1089961,0,0,0,0,0,0,0,0,0
201711,44,005,1,1,Newport County                ,15,15,4000846,0,0,0,0,0,0,0,0,0,15,15,4000846,0,0,0,0,0,0,0,0,0
201711,44,007,1,1,Providence County             ,28,28,5156317,3,6,753340,0,0,0,0,0,0,25,25,4784332,3,6,753340,0,0,0,0,0,0
201711,44,009,1,1,Washington County             ,17,17,4993579,0,0,0,0,0,0,0,0,0,11,11,2291515,0,0,0,0,0,0,0,0,0
201711,45,003,3,5,Aiken County                  ,95,95,19180478,1,2,75000,0,0,0,1,5,250000,84,84,17488479,0,0,0,0,0,0,0,0,0
201711,45,009,3,5,Bamberg County                ,0,0,0,0,0,0,0,0,0,0,0,0,0,0,0,0,0,0,0,0,0,0,0,0
201711,45,015,3,5,Berkeley County               ,88,88,24262556,0,0,0,0,0,0,1,37,872907,79,79,21318053,0,0,0,0,0,0,0,0,0
201711,45,017,3,5,Calhoun County                ,3,3,376000,0,0,0,0,0,0,0,0,0,3,3,376000,0,0,0,0,0,0,0,0,0
201711,45,019,3,5,Charleston County             ,258,258,66786088,3,6,1327858,0,0,0,4,81,6330599,120,120,28830317,2,4,987672,0,0,0,0,0,0
201711,45,035,3,5,Dorchester County             ,58,58,16981222,0,0,0,0,0,0,0,0,0,58,58,16981222,0,0,0,0,0,0,0,0,0
201711,45,037,3,5,Edgefield County              ,5,5,987900,0,0,0,0,0,0,0,0,0,5,5,987900,0,0,0,0,0,0,0,0,0
201711,45,039,3,5,Fairfield County              ,3,3,630929,0,0,0,0,0,0,0,0,0,0,0,0,0,0,0,0,0,0,0,0,0
201711,45,045,3,5,Greenville County             ,216,216,107807676,1,2,500000,0,0,0,0,0,0,214,214,107491212,1,2,500000,0,0,0,0,0,0
201711,45,051,3,5,Horry County                  ,333,333,55555651,0,0,0,0,0,0,6,234,11146071,312,312,50223064,0,0,0,0,0,0,5,229,10550000
201711,45,055,3,5,Kershaw County                ,25,25,4639300,0,0,0,0,0,0,0,0,0,25,25,4639300,0,0,0,0,0,0,0,0,0
201711,45,059,3,5,Laurens County                ,12,12,2677431,0,0,0,0,0,0,0,0,0,11,11,2570155,0,0,0,0,0,0,0,0,0
201711,45,063,3,5,Lexington County              ,137,137,35018799,0,0,0,0,0,0,1,18,1761608,17,17,3808106,0,0,0,0,0,0,0,0,0
201711,45,077,3,5,Pickens County                ,36,36,9510265,0,0,0,0,0,0,1,31,4078748,28,28,8189930,0,0,0,0,0,0,0,0,0
201711,45,079,3,5,Richland County               ,135,135,18120265,0,0,0,0,0,0,2,25,1411069,12,12,2498294,0,0,0,0,0,0,0,0,0
201711,45,081,3,5,Saluda County                 ,3,3,773000,0,0,0,0,0,0,0,0,0,3,3,773000,0,0,0,0,0,0,0,0,0
201711,45,085,3,5,Sumter County                 ,20,20,2924603,0,0,0,0,0,0,0,0,0,0,0,0,0,0,0,0,0,0,0,0,0
201711,45,091,3,5,York County                   ,172,172,55700936,0,0,0,0,0,0,2,34,3575985,38,38,12008700,0,0,0,0,0,0,0,0,0
201711,46,007,2,4,Bennett County                ,0,0,0,0,0,0,0,0,0,0,0,0,0,0,0,0,0,0,0,0,0,0,0,0
201711,46,055,2,4,Haakon County                 ,0,0,0,0,0,0,0,0,0,0,0,0,0,0,0,0,0,0,0,0,0,0,0,0
201711,46,071,2,4,Jackson County                ,0,0,0,0,0,0,0,0,0,0,0,0,0,0,0,0,0,0,0,0,0,0,0,0
201711,46,111,2,4,Sanborn County                ,0,0,0,0,0,0,0,0,0,0,0,0,0,0,0,0,0,0,0,0,0,0,0,0
201711,47,001,3,6,Anderson County               ,12,12,2050134,0,0,0,0,0,0,0,0,0,12,12,2050134,0,0,0,0,0,0,0,0,0
201711,47,015,3,6,Cannon County                 ,2,2,252380,0,0,0,0,0,0,0,0,0,0,0,0,0,0,0,0,0,0,0,0,0
201711,47,021,3,6,Cheatham County               ,18,18,3142005,0,0,0,0,0,0,0,0,0,18,18,3142005,0,0,0,0,0,0,0,0,0
201711,47,037,3,6,Davidson County               ,256,256,70017670,0,0,0,0,0,0,0,0,0,255,255,69072092,0,0,0,0,0,0,0,0,0
201711,47,043,3,6,Dickson County                ,33,33,6131525,0,0,0,0,0,0,0,0,0,33,33,6131525,0,0,0,0,0,0,0,0,0
201711,47,049,3,6,Fentress County               ,0,0,0,0,0,0,0,0,0,0,0,0,0,0,0,0,0,0,0,0,0,0,0,0
201711,47,081,3,6,Hickman County                ,5,5,817938,0,0,0,0,0,0,0,0,0,5,5,817938,0,0,0,0,0,0,0,0,0
201711,47,093,3,6,Knox County                   ,117,117,25741592,2,4,500000,0,0,0,0,0,0,26,26,7468956,2,4,500000,0,0,0,0,0,0
201711,47,105,3,6,Loudon County                 ,36,36,7639200,0,0,0,0,0,0,0,0,0,32,32,6951077,0,0,0,0,0,0,0,0,0
201711,47,125,3,6,Montgomery County             ,86,86,12810347,1,2,100000,1,4,245000,2,16,1191000,86,86,12810347,1,2,100000,1,4,245000,2,16,1191000
201711,47,139,3,6,Polk County                   ,14,14,2521737,0,0,0,0,0,0,0,0,0,0,0,0,0,0,0,0,0,0,0,0,0
201711,47,149,3,6,Rutherford County             ,203,203,49461122,0,0,0,0,0,0,1,5,464943,168,168,44397171,0,0,0,0,0,0,0,0,0
201711,47,153,3,6,Sequatchie County             ,0,0,0,0,0,0,0,0,0,0,0,0,0,0,0,0,0,0,0,0,0,0,0,0
201711,47,157,3,6,Shelby County                 ,82,82,21761026,0,0,0,0,0,0,1,74,6508842,82,82,21761026,0,0,0,0,0,0,1,74,6508842
201711,47,159,3,6,Smith County                  ,5,5,1130349,0,0,0,0,0,0,0,0,0,4,4,902492,0,0,0,0,0,0,0,0,0
201711,47,161,3,6,Stewart County                ,0,0,0,0,0,0,0,0,0,0,0,0,0,0,0,0,0,0,0,0,0,0,0,0
201711,47,165,3,6,Sumner County                 ,66,66,17996936,0,0,0,0,0,0,0,0,0,61,61,17084170,0,0,0,0,0,0,0,0,0
201711,47,167,3,6,Tipton County                 ,12,12,2537259,0,0,0,0,0,0,0,0,0,7,7,1876756,0,0,0,0,0,0,0,0,0
201711,47,169,3,6,Trousdale County              ,9,9,981000,0,0,0,1,3,226000,0,0,0,9,9,981000,0,0,0,1,3,226000,0,0,0
201711,47,173,3,6,Union County                  ,12,12,1815000,0,0,0,0,0,0,0,0,0,12,12,1815000,0,0,0,0,0,0,0,0,0
201711,47,175,3,6,Van Buren County              ,0,0,0,0,0,0,0,0,0,0,0,0,0,0,0,0,0,0,0,0,0,0,0,0
201711,47,189,3,6,Wilson County                 ,98,98,26383483,2,4,660000,0,0,0,0,0,0,98,98,26383483,2,4,660000,0,0,0,0,0,0
201711,48,013,3,7,Atascosa County               ,2,2,416339,0,0,0,0,0,0,0,0,0,1,1,244090,0,0,0,0,0,0,0,0,0
201711,48,015,3,7,Austin County                 ,2,2,385482,0,0,0,0,0,0,0,0,0,0,0,0,0,0,0,0,0,0,0,0,0
201711,48,019,3,7,Bandera County                ,0,0,0,0,0,0,0,0,0,0,0,0,0,0,0,0,0,0,0,0,0,0,0,0
201711,48,021,3,7,Bastrop County                ,20,20,2248442,1,2,174000,0,0,0,0,0,0,14,14,1417908,0,0,0,0,0,0,0,0,0
201711,48,025,3,7,Bee County                    ,0,0,0,0,0,0,0,0,0,0,0,0,0,0,0,0,0,0,0,0,0,0,0,0
201711,48,027,3,7,Bell County                   ,123,123,21535002,3,6,410318,0,0,0,1,6,476124,76,76,13989932,2,4,282500,0,0,0,0,0,0
201711,48,029,3,7,Bexar County                  ,268,268,53520997,0,0,0,0,0,0,31,383,33143403,231,231,48592664,0,0,0,0,0,0,30,378,32077907
201711,48,051,3,7,Burleson County               ,0,0,0,0,0,0,0,0,0,0,0,0,0,0,0,0,0,0,0,0,0,0,0,0
201711,48,055,3,7,Caldwell County               ,25,25,4371277,0,0,0,0,0,0,0,0,0,1,1,344790,0,0,0,0,0,0,0,0,0
201711,48,085,3,7,Collin County                 ,577,577,171320604,0,0,0,0,0,0,5,330,44064971,433,433,114825898,0,0,0,0,0,0,5,330,44064971
201711,48,091,3,7,Comal County                  ,188,188,39978002,17,34,3691394,0,0,0,0,0,0,186,186,39383797,17,34,3691394,0,0,0,0,0,0
201711,48,099,3,7,Coryell County                ,12,12,1714693,0,0,0,0,0,0,0,0,0,0,0,0,0,0,0,0,0,0,0,0,0
201711,48,107,3,7,Crosby County                 ,1,1,67000,0,0,0,0,0,0,0,0,0,0,0,0,0,0,0,0,0,0,0,0,0
201711,48,113,3,7,Dallas County                 ,392,392,109513972,5,10,1557423,4,15,3280582,34,640,61100624,328,328,90684740,5,10,1557423,3,12,1464725,32,576,54543045
201711,48,119,3,7,Delta County                  ,1,1,231246,0,0,0,0,0,0,0,0,0,1,1,231246,0,0,0,0,0,0,0,0,0
201711,48,135,3,7,Ector County                  ,37,37,7074505,0,0,0,0,0,0,0,0,0,0,0,0,0,0,0,0,0,0,0,0,0
201711,48,139,3,7,Ellis County                  ,160,160,33639254,0,0,0,0,0,0,0,0,0,121,121,26048278,0,0,0,0,0,0,0,0,0
201711,48,141,3,7,El Paso County                ,201,201,46358401,3,6,587838,1,4,362245,7,50,7108642,26,26,2370065,0,0,0,0,0,0,0,0,0
201711,48,157,3,7,Fort Bend County              ,761,761,93754310,0,0,0,0,0,0,1,8,626068,102,102,32202749,0,0,0,0,0,0,0,0,0
201711,48,167,3,7,Galveston County              ,187,187,41529091,0,0,0,0,0,0,1,5,275264,90,90,20464121,0,0,0,0,0,0,0,0,0
201711,48,185,3,7,Grimes County                 ,4,4,374628,0,0,0,0,0,0,0,0,0,4,4,374628,0,0,0,0,0,0,0,0,0
201711,48,187,3,7,Guadalupe County              ,62,62,14549987,0,0,0,0,0,0,0,0,0,62,62,14549987,0,0,0,0,0,0,0,0,0
201711,48,193,3,7,Hamilton County               ,0,0,0,0,0,0,0,0,0,0,0,0,0,0,0,0,0,0,0,0,0,0,0,0
201711,48,195,3,7,Hansford County               ,0,0,0,0,0,0,0,0,0,0,0,0,0,0,0,0,0,0,0,0,0,0,0,0
201711,48,201,3,7,Harris County                 ,1292,1292,249903935,4,8,740000,0,0,0,21,1089,260026612,1277,1277,244427169,4,8,740000,0,0,0,21,1089,260026612
201711,48,211,3,7,Hemphill County               ,0,0,0,0,0,0,0,0,0,0,0,0,0,0,0,0,0,0,0,0,0,0,0,0
201711,48,215,3,7,Hidalgo County                ,226,226,41679869,2,4,228709,9,36,2002152,1,36,2817188,90,90,15000262,0,0,0,4,16,800000,0,0,0
201711,48,233,3,7,Hutchinson County             ,1,1,204195,0,0,0,0,0,0,1,6,476124,0,0,0,0,0,0,0,0,0,0,0,0
201711,48,251,3,7,Johnson County                ,35,35,8264016,0,0,0,0,0,0,0,0,0,34,34,8171616,0,0,0,0,0,0,0,0,0
201711,48,257,3,7,Kaufman County                ,96,96,16937108,0,0,0,0,0,0,0,0,0,90,90,15919449,0,0,0,0,0,0,0,0,0
201711,48,259,3,7,Kendall County                ,19,19,5123017,0,0,0,0,0,0,0,0,0,19,19,5123017,0,0,0,0,0,0,0,0,0
201711,48,271,3,7,Kinney County                 ,0,0,0,0,0,0,0,0,0,0,0,0,0,0,0,0,0,0,0,0,0,0,0,0
201711,48,281,3,7,Lampasas County               ,5,5,717000,0,0,0,0,0,0,0,0,0,5,5,717000,0,0,0,0,0,0,0,0,0
201711,48,291,3,7,Liberty County                ,38,38,5515749,0,0,0,0,0,0,0,0,0,1,1,200000,0,0,0,0,0,0,0,0,0
201711,48,303,3,7,Lubbock County                ,102,102,23484374,5,10,1231646,1,3,401625,7,87,9933833,0,0,0,0,0,0,0,0,0,0,0,0
201711,48,323,3,7,Maverick County               ,5,5,922500,0,0,0,0,0,0,0,0,0,5,5,922500,0,0,0,0,0,0,0,0,0
201711,48,325,3,7,Medina County                 ,4,4,741558,0,0,0,0,0,0,0,0,0,3,3,535000,0,0,0,0,0,0,0,0,0
201711,48,329,3,7,Midland County                ,62,62,12273900,0,0,0,0,0,0,0,0,0,62,62,12273900,0,0,0,0,0,0,0,0,0
201711,48,339,3,7,Montgomery County             ,427,427,95424890,0,0,0,0,0,0,0,0,0,420,420,94037429,0,0,0,0,0,0,0,0,0
201711,48,367,3,7,Parker County                 ,32,32,7349379,0,0,0,0,0,0,0,0,0,31,31,7306197,0,0,0,0,0,0,0,0,0
201711,48,375,3,7,Potter County                 ,38,38,9721751,1,2,326287,0,0,0,0,0,0,38,38,9721751,1,2,326287,0,0,0,0,0,0
201711,48,383,3,7,Reagan County                 ,0,0,0,0,0,0,0,0,0,0,0,0,0,0,0,0,0,0,0,0,0,0,0,0
201711,48,385,3,7,Real County                   ,0,0,0,0,0,0,0,0,0,0,0,0,0,0,0,0,0,0,0,0,0,0,0,0
201711,48,395,3,7,Robertson County              ,6,6,1387475,0,0,0,0,0,0,0,0,0,6,6,1387475,0,0,0,0,0,0,0,0,0
201711,48,397,3,7,Rockwall County               ,128,128,38998609,0,0,0,0,0,0,0,0,0,114,114,36173272,0,0,0,0,0,0,0,0,0
201711,48,407,3,7,San Jacinto County            ,23,23,4653228,0,0,0,0,0,0,0,0,0,0,0,0,0,0,0,0,0,0,0,0,0
201711,48,411,3,7,San Saba County               ,0,0,0,0,0,0,0,0,0,0,0,0,0,0,0,0,0,0,0,0,0,0,0,0
201711,48,451,3,7,Tom Green County              ,24,24,6311900,0,0,0,0,0,0,0,0,0,24,24,6311900,0,0,0,0,0,0,0,0,0
201711,48,453,3,7,Travis County                 ,627,627,134137256,2,4,642491,9,34,4584731,16,415,41983213,596,596,124537322,2,4,642491,9,34,4584731,16,415,41983213
201711,48,473,3,7,Waller County                 ,0,0,0,0,0,0,0,0,0,2,10,221805,0,0,0,0,0,0,0,0,0,0,0,0
201711,48,491,3,7,Williamson County             ,300,300,80969883,0,0,0,1,3,195705,29,652,62416080,288,288,78664186,0,0,0,1,3,195705,29,652,62416080
201711,48,493,3,7,Wilson County                 ,4,4,816780,0,0,0,0,0,0,0,0,0,0,0,0,0,0,0,0,0,0,0,0,0
201711,48,497,3,7,Wise County                   ,8,8,1945747,0,0,0,0,0,0,0,0,0,7,7,1714460,0,0,0,0,0,0,0,0,0
201711,49,011,4,8,Davis County                  ,124,124,26293494,0,0,0,1,3,330000,1,5,875000,116,116,23660868,0,0,0,0,0,0,0,0,0
201711,49,023,4,8,Juab County                   ,3,3,709857,0,0,0,0,0,0,0,0,0,2,2,436325,0,0,0,0,0,0,0,0,0
201711,49,029,4,8,Morgan County                 ,7,7,3241615,0,0,0,0,0,0,0,0,0,6,6,2936679,0,0,0,0,0,0,0,0,0
201711,49,035,4,8,Salt Lake County              ,380,380,80287014,2,4,706072,3,11,1500774,16,385,48973546,277,277,52924820,1,2,406000,0,0,0,9,77,10961927
201711,49,039,4,8,Sanpete County                ,4,4,556708,0,0,0,0,0,0,0,0,0,4,4,556708,0,0,0,0,0,0,0,0,0
201711,49,043,4,8,Summit County                 ,16,16,5396339,0,0,0,0,0,0,2,28,4114212,8,8,2136817,0,0,0,0,0,0,1,23,3259928
201711,49,057,4,8,Weber County                  ,75,75,18654830,0,0,0,3,12,1934115,1,5,799603,60,60,14502027,0,0,0,2,8,1296150,0,0,0
201711,51,003,3,5,Albemarle County              ,43,43,13867609,0,0,0,0,0,0,2,16,1647487,0,0,0,0,0,0,0,0,0,0,0,0
201711,51,007,3,5,Amelia County                 ,2,2,525106,0,0,0,0,0,0,0,0,0,2,2,525106,0,0,0,0,0,0,0,0,0
201711,51,009,3,5,Amherst County                ,3,3,555365,0,0,0,0,0,0,0,0,0,0,0,0,0,0,0,0,0,0,0,0,0
201711,51,013,3,5,Arlington County              ,15,15,5845000,0,0,0,0,0,0,1,483,40000000,15,15,5845000,0,0,0,0,0,0,1,483,40000000
201711,51,015,3,5,Augusta County                ,15,15,3083000,0,0,0,0,0,0,0,0,0,15,15,3083000,0,0,0,0,0,0,0,0,0
201711,51,019,3,5,Bedford County                ,24,24,6200693,0,0,0,0,0,0,0,0,0,0,0,0,0,0,0,0,0,0,0,0,0
201711,51,033,3,5,Caroline County               ,8,8,938000,0,0,0,0,0,0,0,0,0,8,8,938000,0,0,0,0,0,0,0,0,0
201711,51,036,3,5,Charles City County           ,1,1,183676,0,0,0,0,0,0,0,0,0,0,0,0,0,0,0,0,0,0,0,0,0
201711,51,037,3,5,Charlotte County              ,1,1,100000,0,0,0,0,0,0,0,0,0,1,1,100000,0,0,0,0,0,0,0,0,0
201711,51,041,3,5,Chesterfield County           ,89,89,20580886,0,0,0,1,4,475900,0,0,0,89,89,20580886,0,0,0,1,4,475900,0,0,0
201711,51,043,3,5,Clarke County                 ,3,3,913982,0,0,0,0,0,0,0,0,0,3,3,913982,0,0,0,0,0,0,0,0,0
201711,51,049,3,5,Cumberland County             ,0,0,0,0,0,0,0,0,0,0,0,0,0,0,0,0,0,0,0,0,0,0,0,0
201711,51,051,3,5,Dickenson County              ,1,1,429500,0,0,0,0,0,0,0,0,0,1,1,429500,0,0,0,0,0,0,0,0,0
201711,51,053,3,5,Dinwiddie County              ,5,5,95353,0,0,0,0,0,0,0,0,0,0,0,0,0,0,0,0,0,0,0,0,0
201711,51,059,3,5,Fairfax County                ,100,100,23143345,0,0,0,0,0,0,0,0,0,100,100,23143345,0,0,0,0,0,0,0,0,0
201711,51,061,3,5,Fauquier County               ,25,25,9771040,0,0,0,0,0,0,0,0,0,25,25,9771040,0,0,0,0,0,0,0,0,0
201711,51,069,3,5,Frederick County              ,27,27,5652900,0,0,0,2,8,960000,1,16,1200000,27,27,5652900,0,0,0,2,8,960000,1,16,1200000
201711,51,073,3,5,Gloucester County             ,13,13,2625879,0,0,0,0,0,0,0,0,0,0,0,0,0,0,0,0,0,0,0,0,0
201711,51,075,3,5,Goochland County              ,13,13,3985003,0,0,0,0,0,0,0,0,0,13,13,3985003,0,0,0,0,0,0,0,0,0
201711,51,085,3,5,Hanover County                ,32,32,8463052,0,0,0,0,0,0,0,0,0,32,32,8463052,0,0,0,0,0,0,0,0,0
201711,51,087,3,5,Henrico County                ,78,78,13916359,0,0,0,0,0,0,0,0,0,78,78,13916359,0,0,0,0,0,0,0,0,0
201711,51,093,3,5,Isle of Wight County          ,14,14,2768281,0,0,0,0,0,0,0,0,0,0,0,0,0,0,0,0,0,0,0,0,0
201711,51,095,3,5,James City County             ,24,24,5846888,0,0,0,0,0,0,1,10,847000,24,24,5846888,0,0,0,0,0,0,1,10,847000
201711,51,097,3,5,King and Queen County         ,0,0,0,0,0,0,0,0,0,0,0,0,0,0,0,0,0,0,0,0,0,0,0,0
201711,51,099,3,5,King George County            ,10,10,2312459,0,0,0,0,0,0,0,0,0,10,10,2312459,0,0,0,0,0,0,0,0,0
201711,51,107,3,5,Loudoun County                ,135,135,31218197,0,0,0,0,0,0,3,46,418000,135,135,31218197,0,0,0,0,0,0,3,46,418000
201711,51,109,3,5,Louisa County                 ,21,21,3981253,0,0,0,0,0,0,0,0,0,0,0,0,0,0,0,0,0,0,0,0,0
201711,51,115,3,5,Mathews County                ,0,0,0,0,0,0,0,0,0,0,0,0,0,0,0,0,0,0,0,0,0,0,0,0
201711,51,127,3,5,New Kent County               ,23,23,4852141,0,0,0,0,0,0,0,0,0,23,23,4852141,0,0,0,0,0,0,0,0,0
201711,51,139,3,5,Page County                   ,6,6,1546000,0,0,0,0,0,0,0,0,0,6,6,1546000,0,0,0,0,0,0,0,0,0
201711,51,145,3,5,Powhatan County               ,20,20,4624918,0,0,0,0,0,0,0,0,0,20,20,4624918,0,0,0,0,0,0,0,0,0
201711,51,149,3,5,Prince George County          ,6,6,631200,0,0,0,0,0,0,0,0,0,6,6,631200,0,0,0,0,0,0,0,0,0
201711,51,153,3,5,Prince William County         ,99,99,18021982,0,0,0,0,0,0,4,57,5600510,0,0,0,0,0,0,0,0,0,1,6,646315
201711,51,165,3,5,Rockingham County             ,17,17,3774760,0,0,0,0,0,0,0,0,0,17,17,3774760,0,0,0,0,0,0,0,0,0
201711,51,175,3,5,Southampton County            ,4,4,589186,0,0,0,0,0,0,0,0,0,0,0,0,0,0,0,0,0,0,0,0,0
201711,51,177,3,5,Spotsylvania County           ,45,45,11867548,0,0,0,0,0,0,0,0,0,45,45,11867548,0,0,0,0,0,0,0,0,0
201711,51,179,3,5,Stafford County               ,119,119,21393418,0,0,0,0,0,0,0,0,0,119,119,21393418,0,0,0,0,0,0,0,0,0
201711,51,181,3,5,Surry County                  ,2,2,298768,0,0,0,0,0,0,0,0,0,0,0,0,0,0,0,0,0,0,0,0,0
201711,51,183,3,5,Sussex County                 ,8,8,1327800,0,0,0,0,0,0,0,0,0,8,8,1327800,0,0,0,0,0,0,0,0,0
201711,51,187,3,5,Warren County                 ,9,9,1860000,0,0,0,0,0,0,0,0,0,9,9,1860000,0,0,0,0,0,0,0,0,0
201711,51,199,3,5,York County                   ,23,23,4907045,3,6,900000,0,0,0,0,0,0,23,23,4907045,3,6,900000,0,0,0,0,0,0
201711,51,510,3,5,Alexandria (Independent City) ,5,5,2000000,0,0,0,0,0,0,0,0,0,5,5,2000000,0,0,0,0,0,0,0,0,0
201711,51,540,3,5,Charlottesville (Independent C,7,7,1571777,0,0,0,0,0,0,1,8,1182846,0,0,0,0,0,0,0,0,0,0,0,0
201711,51,550,3,5,Chesapeake(Independent City)  ,87,87,25619200,0,0,0,0,0,0,0,0,0,87,87,25619200,0,0,0,0,0,0,0,0,0
201711,51,570,3,5,Colonial Heights (Independent ,0,0,0,0,0,0,0,0,0,0,0,0,0,0,0,0,0,0,0,0,0,0,0,0
201711,51,580,3,5,Covington (Independent City)  ,1,1,200000,0,0,0,0,0,0,0,0,0,1,1,200000,0,0,0,0,0,0,0,0,0
201711,51,600,3,5,Fairfax (Independent City)    ,0,0,0,0,0,0,0,0,0,0,0,0,0,0,0,0,0,0,0,0,0,0,0,0
201711,51,610,3,5,Falls Church (Independent City,2,2,650000,0,0,0,0,0,0,0,0,0,2,2,650000,0,0,0,0,0,0,0,0,0
201711,51,630,3,5,Fredericksburg(Independent Cit,2,2,443800,0,0,0,0,0,0,0,0,0,2,2,443800,0,0,0,0,0,0,0,0,0
201711,51,650,3,5,Hampton (Independent City)    ,12,12,742042,0,0,0,0,0,0,0,0,0,0,0,0,0,0,0,0,0,0,0,0,0
201711,51,660,3,5,Harrisonburg (Independent City,10,10,1783383,0,0,0,0,0,0,0,0,0,0,0,0,0,0,0,0,0,0,0,0,0
201711,51,670,3,5,Hopewell (Independent City)   ,4,4,362547,0,0,0,0,0,0,0,0,0,0,0,0,0,0,0,0,0,0,0,0,0
201711,51,680,3,5,Lynchburg (Independent City)  ,4,4,1464000,0,0,0,0,0,0,0,0,0,4,4,1464000,0,0,0,0,0,0,0,0,0
201711,51,683,3,5,Manassas (Independent City)   ,0,0,0,0,0,0,0,0,0,0,0,0,0,0,0,0,0,0,0,0,0,0,0,0
201711,51,685,3,5,Manassas Park (Independent Cit,0,0,0,0,0,0,0,0,0,0,0,0,0,0,0,0,0,0,0,0,0,0,0,0
201711,51,700,3,5,Newport News (Independent City,10,10,1432565,0,0,0,0,0,0,0,0,0,10,10,1432565,0,0,0,0,0,0,0,0,0
201711,51,710,3,5,Norfolk (Independent City)    ,27,27,6243639,0,0,0,0,0,0,0,0,0,27,27,6243639,0,0,0,0,0,0,0,0,0
201711,51,730,3,5,Petersburg (Independent City) ,0,0,0,0,0,0,0,0,0,0,0,0,0,0,0,0,0,0,0,0,0,0,0,0
201711,51,735,3,5,Poquoson (Independent City)   ,2,2,276470,0,0,0,0,0,0,0,0,0,2,2,276470,0,0,0,0,0,0,0,0,0
201711,51,740,3,5,Portsmouth (Independent City) ,8,8,926200,0,0,0,0,0,0,0,0,0,8,8,926200,0,0,0,0,0,0,0,0,0
201711,51,760,3,5,Richmond (Independent City)   ,26,26,6012394,0,0,0,0,0,0,6,191,10387615,26,26,6012394,0,0,0,0,0,0,6,191,10387615
201711,51,800,3,5,Suffolk (Independent City)    ,24,24,5549902,0,0,0,0,0,0,0,0,0,24,24,5549902,0,0,0,0,0,0,0,0,0
201711,51,810,3,5,Virginia Beach (Independent Ci,50,50,9941733,0,0,0,0,0,0,21,281,27493346,50,50,9941733,0,0,0,0,0,0,21,281,27493346
201711,51,830,3,5,Williamsburg (Independent City,10,10,1923759,0,0,0,0,0,0,0,0,0,10,10,1923759,0,0,0,0,0,0,0,0,0
201711,53,005,4,9,Benton County                 ,73,73,21400678,1,2,265501,0,0,0,1,21,1977667,29,29,7710914,0,0,0,0,0,0,0,0,0
201711,53,011,4,9,Clark County                  ,224,224,60555579,0,0,0,1,4,502720,5,79,6741566,42,42,6643799,0,0,0,1,4,502720,3,56,4327651
201711,53,021,4,9,Franklin County               ,42,42,10634306,2,4,675589,0,0,0,0,0,0,0,0,0,0,0,0,0,0,0,0,0,0
201711,53,031,4,9,Jefferson County              ,12,12,2797254,0,0,0,0,0,0,0,0,0,12,12,2797254,0,0,0,0,0,0,0,0,0
201711,53,033,4,9,King County                   ,304,304,118865757,22,44,8814104,10,32,7406657,17,1961,287991099,240,240,90030547,21,42,8184604,9,29,6206657,14,1876,277229461
201711,53,035,4,9,Kitsap County                 ,55,55,17654973,0,0,0,0,0,0,0,0,0,55,55,17654973,0,0,0,0,0,0,0,0,0
201711,53,053,4,9,Pierce County                 ,202,202,59099624,1,2,508572,1,4,746242,3,102,6902623,181,181,52097956,1,2,508572,1,4,746242,3,102,6902623
201711,53,055,4,9,San Juan County               ,8,8,1871536,0,0,0,0,0,0,0,0,0,0,0,0,0,0,0,0,0,0,0,0,0
201711,53,059,4,9,Skamania County               ,7,7,1587798,0,0,0,0,0,0,0,0,0,7,7,1587798,0,0,0,0,0,0,0,0,0
201711,53,061,4,9,Snohomish County              ,171,171,48444893,4,8,2434332,1,3,469680,5,76,8430642,158,158,44260009,4,8,2434332,1,3,469680,5,76,8430642
201711,54,011,3,5,Cabell County                 ,3,3,376000,1,2,400000,0,0,0,0,0,0,3,3,376000,1,2,400000,0,0,0,0,0,0
201711,54,015,3,5,Clay County                   ,0,0,0,0,0,0,0,0,0,0,0,0,0,0,0,0,0,0,0,0,0,0,0,0
201711,54,019,3,5,Fayette County                ,3,3,325680,0,0,0,0,0,0,0,0,0,0,0,0,0,0,0,0,0,0,0,0,0
201711,54,037,3,5,Jefferson County              ,16,16,4031331,0,0,0,0,0,0,0,0,0,6,6,1050000,0,0,0,0,0,0,0,0,0
201711,54,081,3,5,Raleigh County                ,2,2,210000,0,0,0,0,0,0,0,0,0,2,2,210000,0,0,0,0,0,0,0,0,0
201711,55,025,2,3,Dane County                   ,114,114,37431710,5,10,1758573,2,7,1108441,4,156,20652355,77,77,27352782,3,6,1079746,1,4,661441,1,9,879990
201711,55,031,2,3,Douglas County                ,1,1,434000,0,0,0,0,0,0,0,0,0,1,1,434000,0,0,0,0,0,0,0,0,0
201711,55,037,2,3,Florence County               ,0,0,0,0,0,0,0,0,0,0,0,0,0,0,0,0,0,0,0,0,0,0,0,0
201711,55,049,2,3,Iowa County                   ,5,5,1962500,0,0,0,0,0,0,0,0,0,5,5,1962500,0,0,0,0,0,0,0,0,0
201711,55,059,2,3,Kenosha County                ,12,12,3463476,0,0,0,0,0,0,0,0,0,12,12,3463476,0,0,0,0,0,0,0,0,0
201711,55,079,2,3,Milwaukee County              ,2,2,1198474,0,0,0,0,0,0,0,0,0,1,1,975000,0,0,0,0,0,0,0,0,0
201711,55,089,2,3,Ozaukee County                ,15,15,5021277,0,0,0,0,0,0,1,5,377778,7,7,1936800,0,0,0,0,0,0,0,0,0
201711,55,093,2,3,Pierce County                 ,10,10,1759466,0,0,0,0,0,0,0,0,0,8,8,1341000,0,0,0,0,0,0,0,0,0
201711,55,109,2,3,St. Croix County              ,37,37,10944607,2,4,404000,0,0,0,0,0,0,31,31,9634182,2,4,404000,0,0,0,0,0,0
201711,55,131,2,3,Washington County             ,17,17,6647798,2,4,480000,0,0,0,0,0,0,8,8,3685247,2,4,480000,0,0,0,0,0,0
201711,56,029,4,8,Park County                   ,18,18,4739672,0,0,0,0,0,0,0,0,0,18,18,4739672,0,0,0,0,0,0,0,0,0
201711,56,039,4,8,Teton County                  ,3,3,3046272,0,0,0,0,0,0,0,0,0,2,2,2480000,0,0,0,0,0,0,0,0,0
