Survey,FIPS,FIPS,Region,Division,County,,1-unit,,,2-units,,,3-4 units,,,5+ units,,,1-unit rep,,,2-units rep,,,3-4 units rep,,, 5+units rep
Date,State,County,Code,Code,Name,Bldgs,Units,Value,Bldgs,Units,Value,Bldgs,Units,Value,Bldgs,Units,Value,Bldgs,Units,Value,Bldgs,Units,Value,Bldgs,Units,Value,Bldgs,Units,Value
 
201701,01,001,3,6,Autauga County                ,23,23,6077061,0,0,0,0,0,0,0,0,0,23,23,6077061,0,0,0,0,0,0,0,0,0
201701,01,007,3,6,Bibb County                   ,1,1,323863,0,0,0,0,0,0,0,0,0,0,0,0,0,0,0,0,0,0,0,0,0
201701,01,009,3,6,Blount County                 ,0,0,0,0,0,0,0,0,0,0,0,0,0,0,0,0,0,0,0,0,0,0,0,0
201701,01,021,3,6,Chilton County                ,2,2,208000,0,0,0,0,0,0,0,0,0,2,2,208000,0,0,0,0,0,0,0,0,0
201701,01,073,3,6,Jefferson County              ,110,110,28345038,0,0,0,0,0,0,2,61,5827322,101,101,26509228,0,0,0,0,0,0,0,0,0
201701,01,083,3,6,Limestone County              ,10,10,1876614,0,0,0,0,0,0,0,0,0,9,9,1749185,0,0,0,0,0,0,0,0,0
201701,01,089,3,6,Madison County                ,163,163,14913642,0,0,0,0,0,0,0,0,0,162,162,14787327,0,0,0,0,0,0,0,0,0
201701,01,113,3,6,Russell County                ,7,7,698310,0,0,0,0,0,0,0,0,0,7,7,698310,0,0,0,0,0,0,0,0,0
201701,01,115,3,6,St. Clair County              ,14,14,2767030,0,0,0,0,0,0,0,0,0,13,13,2546166,0,0,0,0,0,0,0,0,0
201701,01,117,3,6,Shelby County                 ,93,93,19565117,0,0,0,0,0,0,1,12,204000,47,47,8467265,0,0,0,0,0,0,0,0,0
201701,01,127,3,6,Walker County                 ,1,1,200000,0,0,0,0,0,0,0,0,0,1,1,200000,0,0,0,0,0,0,0,0,0
201701,02,013,4,9,Aleutians East Borough        ,0,0,0,0,0,0,0,0,0,0,0,0,0,0,0,0,0,0,0,0,0,0,0,0
201701,02,016,4,9,Aleutians West Census Area    ,0,0,0,0,0,0,0,0,0,0,0,0,0,0,0,0,0,0,0,0,0,0,0,0
201701,02,020,4,9,Anchorage Borough             ,47,47,14709061,0,0,0,1,3,522682,1,10,1580956,0,0,0,0,0,0,0,0,0,0,0,0
201701,02,020,4,9,Anchorage Municipality        ,47,47,14709061,0,0,0,1,3,522682,1,10,1580956,0,0,0,0,0,0,0,0,0,0,0,0
201701,02,050,4,9,Bethel Census Area            ,0,0,0,0,0,0,0,0,0,0,0,0,0,0,0,0,0,0,0,0,0,0,0,0
201701,02,060,4,9,Bristol Bay Borough           ,0,0,0,0,0,0,0,0,0,0,0,0,0,0,0,0,0,0,0,0,0,0,0,0
201701,02,070,4,9,Dillingham Census Area        ,0,0,0,0,0,0,0,0,0,0,0,0,0,0,0,0,0,0,0,0,0,0,0,0
201701,02,090,4,9,Fairbanks North Star Borough  ,0,0,0,0,0,0,0,0,0,0,0,0,0,0,0,0,0,0,0,0,0,0,0,0
201701,02,100,4,9,Haines Borough                ,0,0,0,0,0,0,0,0,0,0,0,0,0,0,0,0,0,0,0,0,0,0,0,0
201701,02,105,4,9,Hoonah-Angoon Census Area     ,0,0,0,0,0,0,0,0,0,0,0,0,0,0,0,0,0,0,0,0,0,0,0,0
201701,02,110,4,9,Juneau Borough                ,2,2,514652,0,0,0,0,0,0,0,0,0,2,2,514652,0,0,0,0,0,0,0,0,0
201701,02,110,4,9,Juneau City and Borough       ,2,2,514652,0,0,0,0,0,0,0,0,0,2,2,514652,0,0,0,0,0,0,0,0,0
201701,02,122,4,9,Kenai Peninsula Borough       ,4,4,758693,0,0,0,0,0,0,0,0,0,1,1,200000,0,0,0,0,0,0,0,0,0
201701,02,130,4,9,Ketchikan Gateway Borough     ,2,2,575427,0,0,0,0,0,0,0,0,0,2,2,575427,0,0,0,0,0,0,0,0,0
201701,02,150,4,9,Kodiak Island Borough         ,0,0,0,0,0,0,0,0,0,0,0,0,0,0,0,0,0,0,0,0,0,0,0,0
201701,02,158,4,9,Kusilvak Census Area          ,0,0,0,0,0,0,0,0,0,0,0,0,0,0,0,0,0,0,0,0,0,0,0,0
201701,02,170,4,9,Matanuska-Susitna Borough     ,1,1,287713,0,0,0,0,0,0,0,0,0,1,1,287713,0,0,0,0,0,0,0,0,0
201701,02,180,4,9,Nome Census Area              ,0,0,0,0,0,0,0,0,0,0,0,0,0,0,0,0,0,0,0,0,0,0,0,0
201701,02,185,4,9,North Slope Borough           ,0,0,0,0,0,0,0,0,0,0,0,0,0,0,0,0,0,0,0,0,0,0,0,0
201701,02,188,4,9,Northwest Arctic Borough      ,0,0,0,0,0,0,0,0,0,0,0,0,0,0,0,0,0,0,0,0,0,0,0,0
201701,02,195,4,9,Petersburg Borough            ,0,0,0,0,0,0,0,0,0,0,0,0,0,0,0,0,0,0,0,0,0,0,0,0
201701,02,195,4,9,Petersburg Census Area        ,0,0,0,0,0,0,0,0,0,0,0,0,0,0,0,0,0,0,0,0,0,0,0,0
201701,02,198,4,9,Prince of Wales-Hyder Census A,0,0,0,0,0,0,0,0,0,0,0,0,0,0,0,0,0,0,0,0,0,0,0,0
201701,02,220,4,9,Sitka Borough                 ,1,1,331562,0,0,0,0,0,0,0,0,0,0,0,0,0,0,0,0,0,0,0,0,0
201701,02,220,4,9,Sitka City and Borough        ,1,1,331562,0,0,0,0,0,0,0,0,0,0,0,0,0,0,0,0,0,0,0,0,0
201701,02,230,4,9,Skagway Municipality          ,0,0,0,0,0,0,0,0,0,0,0,0,0,0,0,0,0,0,0,0,0,0,0,0
201701,02,261,4,9,Valdez-Cordova Census Area    ,0,0,0,0,0,0,0,0,0,0,0,0,0,0,0,0,0,0,0,0,0,0,0,0
201701,02,275,4,9,Wrangell City and Borough     ,0,0,0,0,0,0,0,0,0,0,0,0,0,0,0,0,0,0,0,0,0,0,0,0
201701,02,282,4,9,Yakutat Borough               ,0,0,0,0,0,0,0,0,0,0,0,0,0,0,0,0,0,0,0,0,0,0,0,0
201701,02,282,4,9,Yakutat City and Borough      ,0,0,0,0,0,0,0,0,0,0,0,0,0,0,0,0,0,0,0,0,0,0,0,0
201701,02,290,4,9,Yukon-Koyukuk Census Area     ,0,0,0,0,0,0,0,0,0,0,0,0,0,0,0,0,0,0,0,0,0,0,0,0
201701,04,013,4,8,Maricopa County               ,1182,1182,330408006,2,4,459760,5,20,3575295,40,692,140500568,1177,1177,329082033,2,4,459760,5,20,3575295,40,692,140500568
201701,04,019,4,8,Pima County                   ,152,152,44211941,1,2,346330,0,0,0,1,13,2295390,68,68,18799709,0,0,0,0,0,0,0,0,0
201701,04,021,4,8,Pinal County                  ,156,156,31219867,1,2,132634,0,0,0,0,0,0,156,156,31219867,1,2,132634,0,0,0,0,0,0
201701,05,013,3,7,Calhoun County                ,0,0,0,0,0,0,0,0,0,0,0,0,0,0,0,0,0,0,0,0,0,0,0,0
201701,05,035,3,7,Crittenden County             ,1,1,140000,0,0,0,0,0,0,0,0,0,1,1,140000,0,0,0,0,0,0,0,0,0
201701,05,045,3,7,Faulkner County               ,16,16,4094305,0,0,0,0,0,0,0,0,0,15,15,3882630,0,0,0,0,0,0,0,0,0
201701,05,053,3,7,Grant County                  ,1,1,121659,0,0,0,0,0,0,0,0,0,0,0,0,0,0,0,0,0,0,0,0,0
201701,05,085,3,7,Lonoke County                 ,27,27,3420408,0,0,0,0,0,0,0,0,0,8,8,1822854,0,0,0,0,0,0,0,0,0
201701,05,087,3,7,Madison County                ,1,1,60000,0,0,0,0,0,0,0,0,0,1,1,60000,0,0,0,0,0,0,0,0,0
201701,05,091,3,7,Miller County                 ,3,3,432810,0,0,0,0,0,0,0,0,0,0,0,0,0,0,0,0,0,0,0,0,0
201701,05,105,3,7,Perry County                  ,0,0,0,0,0,0,0,0,0,0,0,0,0,0,0,0,0,0,0,0,0,0,0,0
201701,05,119,3,7,Pulaski County                ,63,63,14861560,2,4,600000,0,0,0,1,16,1500000,63,63,14861560,2,4,600000,0,0,0,1,16,1500000
201701,05,129,3,7,Searcy County                 ,0,0,0,0,0,0,0,0,0,0,0,0,0,0,0,0,0,0,0,0,0,0,0,0
201701,05,143,3,7,Washington County             ,141,141,31275806,1,2,357000,0,0,0,0,0,0,132,132,29765143,1,2,357000,0,0,0,0,0,0
201701,06,001,4,9,Alameda County                ,85,85,29725039,0,0,0,1,4,1129074,12,536,35288953,70,70,23331379,0,0,0,1,4,1129074,8,450,21684867
201701,06,013,4,9,Contra Costa County           ,85,85,25480550,0,0,0,0,0,0,2,19,2532690,77,77,23698855,0,0,0,0,0,0,0,0,0
201701,06,017,4,9,El Dorado County              ,58,58,21913896,0,0,0,0,0,0,0,0,0,54,54,20813940,0,0,0,0,0,0,0,0,0
201701,06,019,4,9,Fresno County                 ,68,68,20704461,0,0,0,0,0,0,1,16,1038641,59,59,19335088,0,0,0,0,0,0,1,16,1038641
201701,06,037,4,9,Los Angeles County            ,367,367,135328137,27,54,9964322,0,0,0,22,684,107915723,334,334,119657978,26,52,9458900,0,0,0,14,594,93547206
201701,06,041,4,9,Marin County                  ,9,9,4791955,0,0,0,0,0,0,0,0,0,7,7,3525500,0,0,0,0,0,0,0,0,0
201701,06,059,4,9,Orange County                 ,213,213,66981947,11,22,5964886,10,30,4680447,9,310,61291585,200,200,59639802,10,20,5298207,10,30,4680447,7,258,55002767
201701,06,061,4,9,Placer County                 ,206,206,59352629,0,0,0,0,0,0,0,0,0,205,205,59025725,0,0,0,0,0,0,0,0,0
201701,06,063,4,9,Plumas County                 ,1,1,206332,0,0,0,0,0,0,0,0,0,1,1,206332,0,0,0,0,0,0,0,0,0
201701,06,067,4,9,Sacramento County             ,223,223,59770760,6,12,1756973,0,0,0,13,248,26871181,221,221,59300060,6,12,1756973,0,0,0,13,248,26871181
201701,06,069,4,9,San Benito County             ,43,43,10537662,1,2,323509,0,0,0,0,0,0,42,42,10353376,1,2,323509,0,0,0,0,0,0
201701,06,071,4,9,San Bernardino County         ,240,240,63771949,4,8,1420000,1,4,573017,5,42,5669811,231,231,61648234,4,8,1420000,1,4,573017,5,42,5669811
201701,06,073,4,9,San Diego County              ,131,131,50271061,0,0,0,1,4,187191,5,31,6965704,113,113,44125538,0,0,0,1,4,187191,5,31,6965704
201701,06,075,4,9,San Francisco County          ,4,4,1094128,4,8,1432779,0,0,0,2,50,17075000,4,4,1094128,4,8,1432779,0,0,0,2,50,17075000
201701,06,081,4,9,San Mateo County              ,19,19,13599550,0,0,0,0,0,0,2,20,2947671,3,3,5502172,0,0,0,0,0,0,0,0,0
201701,06,085,4,9,Santa Clara County            ,82,82,31684861,0,0,0,5,15,3822731,7,68,14029638,72,72,26330323,0,0,0,5,15,3822731,6,54,11725439
201701,06,091,4,9,Sierra County                 ,0,0,0,0,0,0,0,0,0,0,0,0,0,0,0,0,0,0,0,0,0,0,0,0
201701,06,113,4,9,Yolo County                   ,56,56,19943613,0,0,0,0,0,0,0,0,0,51,51,18410366,0,0,0,0,0,0,0,0,0
201701,08,001,4,8,Adams County                  ,140,140,40704403,0,0,0,0,0,0,0,0,0,125,125,36455193,0,0,0,0,0,0,0,0,0
201701,08,005,4,8,Arapahoe County               ,142,142,36282882,0,0,0,4,13,1650200,0,0,0,139,139,34394551,0,0,0,4,13,1650200,0,0,0
201701,08,014,4,8,Broomfield County             ,21,21,7622001,0,0,0,0,0,0,0,0,0,21,21,7622001,0,0,0,0,0,0,0,0,0
201701,08,015,4,8,Chaffee County                ,6,6,1591106,0,0,0,0,0,0,0,0,0,0,0,0,0,0,0,0,0,0,0,0,0
201701,08,019,4,8,Clear Creek County            ,1,1,808083,0,0,0,0,0,0,0,0,0,1,1,808083,0,0,0,0,0,0,0,0,0
201701,08,031,4,8,Denver County                 ,102,102,27900274,0,0,0,0,0,0,11,1219,115434838,102,102,27900274,0,0,0,0,0,0,11,1219,115434838
201701,08,035,4,8,Douglas County                ,182,182,57688276,0,0,0,0,0,0,0,0,0,177,177,55670504,0,0,0,0,0,0,0,0,0
201701,08,039,4,8,Elbert County                 ,8,8,2324604,0,0,0,0,0,0,0,0,0,8,8,2324604,0,0,0,0,0,0,0,0,0
201701,08,041,4,8,El Paso County                ,239,239,99458805,0,0,0,0,0,0,14,280,38744020,239,239,99458805,0,0,0,0,0,0,14,280,38744020
201701,08,047,4,8,Gilpin County                 ,1,1,273532,0,0,0,0,0,0,0,0,0,1,1,273532,0,0,0,0,0,0,0,0,0
201701,08,069,4,8,Larimer County                ,173,173,32746212,1,2,174514,1,4,997798,1,6,894345,172,172,32525966,1,2,174514,1,4,997798,1,6,894345
201701,08,077,4,8,Mesa County                   ,36,36,8787833,1,2,314676,0,0,0,0,0,0,36,36,8787833,1,2,314676,0,0,0,0,0,0
201701,08,093,4,8,Park County                   ,8,8,1387293,0,0,0,0,0,0,0,0,0,8,8,1387293,0,0,0,0,0,0,0,0,0
201701,08,101,4,8,Pueblo County                 ,29,29,5060758,0,0,0,0,0,0,0,0,0,29,29,5060758,0,0,0,0,0,0,0,0,0
201701,08,119,4,8,Teller County                 ,5,5,1152194,0,0,0,0,0,0,0,0,0,5,5,1152194,0,0,0,0,0,0,0,0,0
201701,09,001,1,1,Fairfield County              ,65,65,35191039,0,0,0,0,0,0,2,79,10513537,46,46,21647907,0,0,0,0,0,0,1,72,9434000
201701,09,003,1,1,Hartford County               ,32,32,7425409,0,0,0,0,0,0,3,21,1367431,28,28,6674742,0,0,0,0,0,0,2,16,1124000
201701,09,007,1,1,Middlesex County              ,12,12,4066263,0,0,0,0,0,0,1,6,1096774,7,7,2897543,0,0,0,0,0,0,0,0,0
201701,09,013,1,1,Tolland County                ,11,11,2423180,0,0,0,0,0,0,1,5,613650,7,7,1519017,0,0,0,0,0,0,0,0,0
201701,10,001,3,5,Kent County                   ,76,76,11529998,0,0,0,0,0,0,1,8,445368,75,75,11325728,0,0,0,0,0,0,1,8,445368
201701,10,003,3,5,New Castle County             ,94,94,8257469,0,0,0,0,0,0,2,29,2135614,0,0,0,0,0,0,0,0,0,0,0,0
201701,10,005,3,5,Sussex County                 ,178,178,25465541,4,8,679796,1,3,440379,0,0,0,178,178,25465541,4,8,679796,1,3,440379,0,0,0
201701,11,001,3,5,Washington  DC                ,19,19,4329279,3,6,640651,0,0,0,3,130,13046007,19,19,4329279,3,6,640651,0,0,0,3,130,13046007
201701,12,003,3,5,Baker County                  ,3,3,668329,0,0,0,0,0,0,0,0,0,3,3,668329,0,0,0,0,0,0,0,0,0
201701,12,019,3,5,Clay County                   ,59,59,12333616,0,0,0,1,3,530000,0,0,0,59,59,12333616,0,0,0,1,3,530000,0,0,0
201701,12,031,3,5,Duval County                  ,165,165,39217555,0,0,0,0,0,0,7,156,15655208,156,156,36497062,0,0,0,0,0,0,7,156,15655208
201701,12,033,3,5,Escambia County               ,80,80,18091896,0,0,0,0,0,0,0,0,0,80,80,18091896,0,0,0,0,0,0,0,0,0
201701,12,053,3,5,Hernando County               ,34,34,7772327,0,0,0,0,0,0,0,0,0,34,34,7772327,0,0,0,0,0,0,0,0,0
201701,12,057,3,5,Hillsborough County           ,532,532,171889164,0,0,0,0,0,0,2,724,71430000,532,532,171889164,0,0,0,0,0,0,2,724,71430000
201701,12,067,3,5,Lafayette County              ,1,1,200896,0,0,0,0,0,0,0,0,0,0,0,0,0,0,0,0,0,0,0,0,0
201701,12,071,3,5,Lee County                    ,352,352,83057079,13,26,3232240,1,4,995025,17,414,47981464,352,352,83057079,13,26,3232240,1,4,995025,17,414,47981464
201701,12,073,3,5,Leon County                   ,47,47,9212640,1,2,340000,1,3,525000,1,12,1023893,0,0,0,0,0,0,0,0,0,0,0,0
201701,12,081,3,5,Manatee County                ,230,230,50270091,0,0,0,0,0,0,2,81,9830000,230,230,50270091,0,0,0,0,0,0,2,81,9830000
201701,12,086,3,5,Miami-Dade County             ,166,166,51167006,3,6,1989500,0,0,0,17,1269,316873303,149,149,38151007,3,6,1989500,0,0,0,15,1259,307443100
201701,12,089,3,5,Nassau County                 ,72,72,19603574,0,0,0,0,0,0,1,24,2801602,9,9,2576295,0,0,0,0,0,0,0,0,0
201701,12,091,3,5,Okaloosa County               ,64,64,21038309,0,0,0,0,0,0,5,288,31811710,61,61,20601740,0,0,0,0,0,0,5,288,31811710
201701,12,095,3,5,Orange County                 ,489,489,123286560,5,10,1665129,0,0,0,0,0,0,481,481,119325036,5,10,1665129,0,0,0,0,0,0
201701,12,097,3,5,Osceola County                ,387,387,101701460,0,0,0,0,0,0,0,0,0,387,387,101701460,0,0,0,0,0,0,0,0,0
201701,12,101,3,5,Pasco County                  ,219,219,50209847,1,2,169975,0,0,0,0,0,0,218,218,50054119,1,2,169975,0,0,0,0,0,0
201701,12,103,3,5,Pinellas County               ,77,77,20607921,0,0,0,0,0,0,3,55,5566782,66,66,17441893,0,0,0,0,0,0,0,0,0
201701,12,109,3,5,St. Johns County              ,286,286,65323906,0,0,0,1,4,590000,0,0,0,281,281,64027760,0,0,0,1,4,590000,0,0,0
201701,12,113,3,5,Santa Rosa County             ,109,109,17549477,0,0,0,0,0,0,0,0,0,109,109,17549477,0,0,0,0,0,0,0,0,0
201701,12,115,3,5,Sarasota County               ,204,204,64225677,1,2,436438,3,12,2975125,2,25,3023122,204,204,64225677,1,2,436438,3,12,2975125,2,25,3023122
201701,12,117,3,5,Seminole County               ,68,68,31155042,7,14,1338598,0,0,0,0,0,0,67,67,31031709,7,14,1338598,0,0,0,0,0,0
201701,12,129,3,5,Wakulla County                ,20,20,3304000,0,0,0,0,0,0,0,0,0,20,20,3304000,0,0,0,0,0,0,0,0,0
201701,12,131,3,5,Walton County                 ,92,92,37892304,0,0,0,12,36,6414768,0,0,0,92,92,37892304,0,0,0,12,36,6414768,0,0,0
201701,12,133,3,5,Washington County             ,2,2,326292,0,0,0,0,0,0,0,0,0,0,0,0,0,0,0,0,0,0,0,0,0
201701,13,007,3,5,Baker County                  ,0,0,0,0,0,0,0,0,0,0,0,0,0,0,0,0,0,0,0,0,0,0,0,0
201701,13,013,3,5,Barrow County                 ,30,30,4566206,0,0,0,0,0,0,0,0,0,23,23,3813100,0,0,0,0,0,0,0,0,0
201701,13,015,3,5,Bartow County                 ,39,39,6294378,0,0,0,0,0,0,0,0,0,23,23,2713330,0,0,0,0,0,0,0,0,0
201701,13,021,3,5,Bibb County                   ,5,5,848541,0,0,0,0,0,0,0,0,0,5,5,848541,0,0,0,0,0,0,0,0,0
201701,13,029,3,5,Bryan County                  ,25,25,5921307,0,0,0,0,0,0,0,0,0,2,2,455714,0,0,0,0,0,0,0,0,0
201701,13,033,3,5,Burke County                  ,3,3,521604,0,0,0,0,0,0,0,0,0,0,0,0,0,0,0,0,0,0,0,0,0
201701,13,035,3,5,Butts County                  ,5,5,510000,0,0,0,0,0,0,0,0,0,5,5,510000,0,0,0,0,0,0,0,0,0
201701,13,045,3,5,Carroll County                ,9,9,2096469,0,0,0,0,0,0,0,0,0,9,9,2096469,0,0,0,0,0,0,0,0,0
201701,13,051,3,5,Chatham County                ,59,59,15992365,0,0,0,0,0,0,0,0,0,59,59,15992365,0,0,0,0,0,0,0,0,0
201701,13,057,3,5,Cherokee County               ,191,191,52789049,0,0,0,0,0,0,0,0,0,191,191,52789049,0,0,0,0,0,0,0,0,0
201701,13,059,3,5,Clarke County                 ,26,26,4155706,0,0,0,0,0,0,0,0,0,26,26,4155706,0,0,0,0,0,0,0,0,0
201701,13,063,3,5,Clayton County                ,37,37,8430701,0,0,0,0,0,0,0,0,0,37,37,8430701,0,0,0,0,0,0,0,0,0
201701,13,067,3,5,Cobb County                   ,101,101,28517976,1,2,329785,0,0,0,4,24,5904203,96,96,27259848,1,2,329785,0,0,0,4,24,5904203
201701,13,073,3,5,Columbia County               ,136,136,22874884,0,0,0,4,16,946400,2,11,509600,19,19,3180580,0,0,0,4,16,946400,2,11,509600
201701,13,077,3,5,Coweta County                 ,66,66,20384233,2,4,1066814,0,0,0,0,0,0,63,63,19819535,2,4,1066814,0,0,0,0,0,0
201701,13,085,3,5,Dawson County                 ,17,17,3927017,0,0,0,0,0,0,0,0,0,13,13,3539784,0,0,0,0,0,0,0,0,0
201701,13,095,3,5,Dougherty County              ,1,1,327912,0,0,0,0,0,0,0,0,0,1,1,327912,0,0,0,0,0,0,0,0,0
201701,13,097,3,5,Douglas County                ,26,26,4659736,0,0,0,0,0,0,0,0,0,26,26,4659736,0,0,0,0,0,0,0,0,0
201701,13,111,3,5,Fannin County                 ,23,23,4696485,0,0,0,0,0,0,0,0,0,23,23,4696485,0,0,0,0,0,0,0,0,0
201701,13,113,3,5,Fayette County                ,21,21,6383246,0,0,0,0,0,0,0,0,0,19,19,5702489,0,0,0,0,0,0,0,0,0
201701,13,115,3,5,Floyd County                  ,12,12,2052000,0,0,0,0,0,0,0,0,0,12,12,2052000,0,0,0,0,0,0,0,0,0
201701,13,117,3,5,Forsyth County                ,195,195,27507939,0,0,0,0,0,0,0,0,0,195,195,27507939,0,0,0,0,0,0,0,0,0
201701,13,121,3,5,Fulton County                 ,244,244,61188688,0,0,0,0,0,0,8,1362,224393666,231,231,57945331,0,0,0,0,0,0,8,1362,224393666
201701,13,127,3,5,Glynn County                  ,41,41,10814804,0,0,0,0,0,0,0,0,0,0,0,0,0,0,0,0,0,0,0,0,0
201701,13,135,3,5,Gwinnett County               ,255,255,56271956,0,0,0,0,0,0,0,0,0,251,251,55114103,0,0,0,0,0,0,0,0,0
201701,13,143,3,5,Haralson County               ,2,2,451336,0,0,0,0,0,0,0,0,0,0,0,0,0,0,0,0,0,0,0,0,0
201701,13,145,3,5,Harris County                 ,15,15,4184700,0,0,0,0,0,0,0,0,0,15,15,4184700,0,0,0,0,0,0,0,0,0
201701,13,149,3,5,Heard County                  ,1,1,227857,0,0,0,0,0,0,0,0,0,1,1,227857,0,0,0,0,0,0,0,0,0
201701,13,151,3,5,Henry County                  ,133,133,25281656,0,0,0,0,0,0,0,0,0,113,113,22510070,0,0,0,0,0,0,0,0,0
201701,13,159,3,5,Jasper County                 ,5,5,669870,0,0,0,0,0,0,0,0,0,0,0,0,0,0,0,0,0,0,0,0,0
201701,13,171,3,5,Lamar County                  ,3,3,304648,0,0,0,0,0,0,0,0,0,3,3,304648,0,0,0,0,0,0,0,0,0
201701,13,177,3,5,Lee County                    ,6,6,625300,0,0,0,0,0,0,0,0,0,6,6,625300,0,0,0,0,0,0,0,0,0
201701,13,179,3,5,Liberty County                ,27,27,6768120,0,0,0,0,0,0,0,0,0,27,27,6768120,0,0,0,0,0,0,0,0,0
201701,13,189,3,5,McDuffie County               ,2,2,353583,0,0,0,0,0,0,0,0,0,0,0,0,0,0,0,0,0,0,0,0,0
201701,13,199,3,5,Meriwether County             ,0,0,0,0,0,0,0,0,0,0,0,0,0,0,0,0,0,0,0,0,0,0,0,0
201701,13,201,3,5,Miller County                 ,0,0,0,0,0,0,0,0,0,0,0,0,0,0,0,0,0,0,0,0,0,0,0,0
201701,13,207,3,5,Monroe County                 ,10,10,2012000,0,0,0,0,0,0,0,0,0,10,10,2012000,0,0,0,0,0,0,0,0,0
201701,13,215,3,5,Muscogee County               ,26,26,5309926,0,0,0,0,0,0,1,25,2366518,0,0,0,0,0,0,0,0,0,0,0,0
201701,13,217,3,5,Newton County                 ,25,25,5630706,0,0,0,0,0,0,0,0,0,25,25,5630706,0,0,0,0,0,0,0,0,0
201701,13,227,3,5,Pickens County                ,8,8,2320000,0,0,0,0,0,0,0,0,0,8,8,2320000,0,0,0,0,0,0,0,0,0
201701,13,231,3,5,Pike County                   ,1,1,675000,0,0,0,0,0,0,0,0,0,1,1,675000,0,0,0,0,0,0,0,0,0
201701,13,235,3,5,Pulaski County                ,2,2,335000,0,0,0,0,0,0,0,0,0,2,2,335000,0,0,0,0,0,0,0,0,0
201701,13,245,3,5,Richmond County               ,36,36,6800221,0,0,0,0,0,0,1,25,729839,0,0,0,0,0,0,0,0,0,0,0,0
201701,13,247,3,5,Rockdale County               ,22,22,5012850,0,0,0,0,0,0,0,0,0,22,22,5012850,0,0,0,0,0,0,0,0,0
201701,13,255,3,5,Spalding County               ,23,23,2872995,0,0,0,0,0,0,0,0,0,23,23,2872995,0,0,0,0,0,0,0,0,0
201701,13,275,3,5,Thomas County                 ,5,5,1037748,0,0,0,0,0,0,0,0,0,3,3,617227,0,0,0,0,0,0,0,0,0
201701,13,291,3,5,Union County                  ,14,14,3716972,0,0,0,0,0,0,0,0,0,14,14,3716972,0,0,0,0,0,0,0,0,0
201701,15,001,4,9,Hawaii County                 ,58,58,28018201,0,0,0,0,0,0,9,72,7260000,58,58,28018201,0,0,0,0,0,0,9,72,7260000
201701,15,003,4,9,Honolulu County               ,88,88,22907374,0,0,0,0,0,0,0,0,0,88,88,22907374,0,0,0,0,0,0,0,0,0
201701,15,007,4,9,Kauai County                  ,12,12,6241812,0,0,0,0,0,0,0,0,0,12,12,6241812,0,0,0,0,0,0,0,0,0
201701,15,009,4,9,Maui County                   ,22,22,6017706,0,0,0,0,0,0,0,0,0,22,22,6017706,0,0,0,0,0,0,0,0,0
201701,16,001,4,8,Ada County                    ,193,193,52419478,0,0,0,0,0,0,0,0,0,193,193,52419478,0,0,0,0,0,0,0,0,0
201701,16,015,4,8,Boise County                  ,1,1,84649,0,0,0,0,0,0,0,0,0,1,1,84649,0,0,0,0,0,0,0,0,0
201701,16,027,4,8,Canyon County                 ,56,56,9704396,0,0,0,0,0,0,0,0,0,48,48,7756001,0,0,0,0,0,0,0,0,0
201701,16,045,4,8,Gem County                    ,2,2,235800,0,0,0,0,0,0,0,0,0,2,2,235800,0,0,0,0,0,0,0,0,0
201701,16,073,4,8,Owyhee County                 ,0,0,0,0,0,0,0,0,0,0,0,0,0,0,0,0,0,0,0,0,0,0,0,0
201701,17,005,2,3,Bond County                   ,1,1,305000,0,0,0,0,0,0,0,0,0,1,1,305000,0,0,0,0,0,0,0,0,0
201701,17,013,2,3,Calhoun County                ,1,1,200000,0,0,0,0,0,0,0,0,0,1,1,200000,0,0,0,0,0,0,0,0,0
201701,17,031,2,3,Cook County                   ,77,77,36113692,2,4,1000000,12,43,6824400,16,175,36124984,66,66,32085393,2,4,1000000,12,43,6824400,13,156,33796300
201701,17,037,2,3,DeKalb County                 ,3,3,620000,0,0,0,0,0,0,0,0,0,3,3,620000,0,0,0,0,0,0,0,0,0
201701,17,039,2,3,De Witt County                ,0,0,0,0,0,0,0,0,0,0,0,0,0,0,0,0,0,0,0,0,0,0,0,0
201701,17,043,2,3,DuPage County                 ,72,72,24730060,2,4,676815,0,0,0,1,6,785136,67,67,22491423,2,4,676815,0,0,0,1,6,785136
201701,17,063,2,3,Grundy County                 ,1,1,160549,0,0,0,0,0,0,1,7,358974,0,0,0,0,0,0,0,0,0,0,0,0
201701,17,083,2,3,Jersey County                 ,2,2,405597,0,0,0,0,0,0,0,0,0,1,1,249988,0,0,0,0,0,0,0,0,0
201701,17,093,2,3,Kendall County                ,12,12,2660840,0,0,0,0,0,0,0,0,0,8,8,1913834,0,0,0,0,0,0,0,0,0
201701,17,097,2,3,Lake County                   ,38,38,10178557,0,0,0,0,0,0,0,0,0,22,22,3977145,0,0,0,0,0,0,0,0,0
201701,17,111,2,3,McHenry County                ,16,16,3524004,0,0,0,0,0,0,0,0,0,13,13,3247595,0,0,0,0,0,0,0,0,0
201701,17,119,2,3,Madison County                ,27,27,5903467,0,0,0,0,0,0,0,0,0,26,26,5684387,0,0,0,0,0,0,0,0,0
201701,17,133,2,3,Monroe County                 ,6,6,1857871,0,0,0,0,0,0,0,0,0,3,3,1143271,0,0,0,0,0,0,0,0,0
201701,17,197,2,3,Will County                   ,64,64,17710956,0,0,0,0,0,0,0,0,0,56,56,15747240,0,0,0,0,0,0,0,0,0
201701,18,003,2,3,Allen County                  ,80,80,19807093,0,0,0,0,0,0,0,0,0,80,80,19807093,0,0,0,0,0,0,0,0,0
201701,18,011,2,3,Boone County                  ,24,24,9670480,0,0,0,0,0,0,7,68,10219000,24,24,9670480,0,0,0,0,0,0,7,68,10219000
201701,18,013,2,3,Brown County                  ,1,1,254135,0,0,0,0,0,0,0,0,0,1,1,254135,0,0,0,0,0,0,0,0,0
201701,18,019,2,3,Clark County                  ,33,33,7328273,0,0,0,0,0,0,0,0,0,31,31,7049702,0,0,0,0,0,0,0,0,0
201701,18,047,2,3,Franklin County               ,1,1,108000,0,0,0,0,0,0,0,0,0,1,1,108000,0,0,0,0,0,0,0,0,0
201701,18,057,2,3,Hamilton County               ,137,137,47449883,0,0,0,0,0,0,7,45,2353100,137,137,47449883,0,0,0,0,0,0,7,45,2353100
201701,18,059,2,3,Hancock County                ,36,36,7859554,0,0,0,0,0,0,0,0,0,36,36,7859554,0,0,0,0,0,0,0,0,0
201701,18,061,2,3,Harrison County               ,10,10,900000,0,0,0,0,0,0,0,0,0,10,10,900000,0,0,0,0,0,0,0,0,0
201701,18,063,2,3,Hendricks County              ,42,42,9928608,0,0,0,0,0,0,0,0,0,41,41,9729889,0,0,0,0,0,0,0,0,0
201701,18,069,2,3,Huntington County             ,2,2,549000,0,0,0,0,0,0,1,6,150000,2,2,549000,0,0,0,0,0,0,1,6,150000
201701,18,073,2,3,Jasper County                 ,2,2,414135,0,0,0,0,0,0,0,0,0,2,2,414135,0,0,0,0,0,0,0,0,0
201701,18,081,2,3,Johnson County                ,47,47,11031210,0,0,0,0,0,0,0,0,0,46,46,10915641,0,0,0,0,0,0,0,0,0
201701,18,087,2,3,Lagrange County               ,4,4,490979,0,0,0,0,0,0,0,0,0,0,0,0,0,0,0,0,0,0,0,0,0
201701,18,089,2,3,Lake County                   ,66,66,13951709,2,4,314900,0,0,0,0,0,0,63,63,13280020,2,4,314900,0,0,0,0,0,0
201701,18,097,2,3,Marion County                 ,45,45,10850352,0,0,0,0,0,0,3,62,23363220,1,1,130680,0,0,0,0,0,0,0,0,0
201701,18,105,2,3,Monroe County                 ,15,15,3663934,0,0,0,0,0,0,1,8,862608,0,0,0,0,0,0,0,0,0,0,0,0
201701,18,109,2,3,Morgan County                 ,1,1,540000,0,0,0,0,0,0,0,0,0,1,1,540000,0,0,0,0,0,0,0,0,0
201701,18,111,2,3,Newton County                 ,1,1,178929,0,0,0,0,0,0,0,0,0,0,0,0,0,0,0,0,0,0,0,0,0
201701,18,115,2,3,Ohio County                   ,0,0,0,0,0,0,0,0,0,0,0,0,0,0,0,0,0,0,0,0,0,0,0,0
201701,18,119,2,3,Owen County                   ,4,4,803782,0,0,0,0,0,0,0,0,0,4,4,803782,0,0,0,0,0,0,0,0,0
201701,18,127,2,3,Porter County                 ,22,22,6768621,0,0,0,0,0,0,2,38,4726606,20,20,6485419,0,0,0,0,0,0,2,38,4726606
201701,18,133,2,3,Putnam County                 ,5,5,1216542,0,0,0,0,0,0,0,0,0,5,5,1216542,0,0,0,0,0,0,0,0,0
201701,18,145,2,3,Shelby County                 ,4,4,557000,0,0,0,0,0,0,0,0,0,4,4,557000,0,0,0,0,0,0,0,0,0
201701,18,151,2,3,Steuben County                ,5,5,1241023,0,0,0,0,0,0,0,0,0,5,5,1241023,0,0,0,0,0,0,0,0,0
201701,18,157,2,3,Tippecanoe County             ,29,29,6860797,1,2,360000,0,0,0,0,0,0,25,25,6360979,0,0,0,0,0,0,0,0,0
201701,18,163,2,3,Vanderburgh County            ,18,18,2599000,0,0,0,0,0,0,0,0,0,18,18,2599000,0,0,0,0,0,0,0,0,0
201701,18,167,2,3,Vigo County                   ,1,1,157500,0,0,0,1,3,159188,0,0,0,0,0,0,0,0,0,0,0,0,0,0,0
201701,18,175,2,3,Washington County             ,2,2,271869,0,0,0,0,0,0,0,0,0,0,0,0,0,0,0,0,0,0,0,0,0
201701,18,183,2,3,Whitley County                ,7,7,1438100,0,0,0,0,0,0,0,0,0,7,7,1438100,0,0,0,0,0,0,0,0,0
201701,19,049,2,4,Dallas County                 ,15,15,3836091,0,0,0,0,0,0,1,5,460526,14,14,3614336,0,0,0,0,0,0,0,0,0
201701,19,085,2,4,Harrison County               ,2,2,560000,1,2,126000,0,0,0,0,0,0,1,1,550000,1,2,126000,0,0,0,0,0,0
201701,19,129,2,4,Mills County                  ,0,0,0,0,0,0,0,0,0,0,0,0,0,0,0,0,0,0,0,0,0,0,0,0
201701,19,153,2,4,Polk County                   ,84,84,21805928,0,0,0,0,0,0,5,98,11523838,84,84,21805928,0,0,0,0,0,0,5,98,11523838
201701,19,181,2,4,Warren County                 ,17,17,4040238,0,0,0,0,0,0,0,0,0,16,16,3786648,0,0,0,0,0,0,0,0,0
201701,20,091,2,4,Johnson County                ,108,108,36934337,0,0,0,0,0,0,1,11,1215085,69,69,23739349,0,0,0,0,0,0,0,0,0
201701,20,103,2,4,Leavenworth County            ,9,9,1883714,1,2,102084,0,0,0,0,0,0,8,8,1762549,0,0,0,0,0,0,0,0,0
201701,20,107,2,4,Linn County                   ,1,1,60000,0,0,0,0,0,0,0,0,0,1,1,60000,0,0,0,0,0,0,0,0,0
201701,20,121,2,4,Miami County                  ,5,5,1241208,0,0,0,0,0,0,0,0,0,1,1,177413,0,0,0,0,0,0,0,0,0
201701,20,209,2,4,Wyandotte County              ,49,49,6510100,0,0,0,0,0,0,0,0,0,49,49,6510100,0,0,0,0,0,0,0,0,0
201701,21,005,3,6,Anderson County               ,3,3,578114,0,0,0,0,0,0,0,0,0,3,3,578114,0,0,0,0,0,0,0,0,0
201701,21,015,3,6,Boone County                  ,18,18,2631289,0,0,0,0,0,0,1,12,790000,18,18,2631289,0,0,0,0,0,0,1,12,790000
201701,21,017,3,6,Bourbon County                ,1,1,1314457,0,0,0,0,0,0,0,0,0,1,1,1314457,0,0,0,0,0,0,0,0,0
201701,21,021,3,6,Boyle County                  ,0,0,0,0,0,0,0,0,0,0,0,0,0,0,0,0,0,0,0,0,0,0,0,0
201701,21,029,3,6,Bullitt County                ,28,28,6332717,0,0,0,0,0,0,0,0,0,28,28,6332717,0,0,0,0,0,0,0,0,0
201701,21,035,3,6,Calloway County               ,0,0,0,0,0,0,0,0,0,0,0,0,0,0,0,0,0,0,0,0,0,0,0,0
201701,21,037,3,6,Campbell County               ,14,14,4014799,0,0,0,0,0,0,0,0,0,12,12,3176799,0,0,0,0,0,0,0,0,0
201701,21,045,3,6,Casey County                  ,0,0,0,0,0,0,0,0,0,0,0,0,0,0,0,0,0,0,0,0,0,0,0,0
201701,21,047,3,6,Christian County              ,2,2,142400,0,0,0,0,0,0,2,14,500000,0,0,0,0,0,0,0,0,0,2,14,500000
201701,21,049,3,6,Clark County                  ,1,1,242000,0,0,0,0,0,0,0,0,0,1,1,242000,0,0,0,0,0,0,0,0,0
201701,21,067,3,6,Fayette County                ,56,56,8491816,0,0,0,0,0,0,2,54,3092393,0,0,0,0,0,0,0,0,0,0,0,0
201701,21,069,3,6,Fleming County                ,0,0,0,0,0,0,0,0,0,0,0,0,0,0,0,0,0,0,0,0,0,0,0,0
201701,21,077,3,6,Gallatin County               ,2,2,246000,0,0,0,0,0,0,0,0,0,2,2,246000,0,0,0,0,0,0,0,0,0
201701,21,081,3,6,Grant County                  ,3,3,666445,0,0,0,0,0,0,0,0,0,0,0,0,0,0,0,0,0,0,0,0,0
201701,21,091,3,6,Hancock County                ,0,0,0,0,0,0,0,0,0,0,0,0,0,0,0,0,0,0,0,0,0,0,0,0
201701,21,099,3,6,Hart County                   ,3,3,291750,0,0,0,0,0,0,1,5,567738,0,0,0,0,0,0,0,0,0,0,0,0
201701,21,101,3,6,Henderson County              ,1,1,291000,0,0,0,0,0,0,0,0,0,1,1,291000,0,0,0,0,0,0,0,0,0
201701,21,103,3,6,Henry County                  ,0,0,0,0,0,0,0,0,0,0,0,0,0,0,0,0,0,0,0,0,0,0,0,0
201701,21,111,3,6,Jefferson County              ,84,84,17827054,1,2,209173,1,4,111362,4,81,6608155,2,2,425000,0,0,0,0,0,0,0,0,0
201701,21,113,3,6,Jessamine County              ,16,16,4351361,0,0,0,0,0,0,0,0,0,9,9,1408895,0,0,0,0,0,0,0,0,0
201701,21,115,3,6,Johnson County                ,0,0,0,0,0,0,0,0,0,0,0,0,0,0,0,0,0,0,0,0,0,0,0,0
201701,21,117,3,6,Kenton County                 ,35,35,7082064,0,0,0,0,0,0,0,0,0,34,34,6999286,0,0,0,0,0,0,0,0,0
201701,21,121,3,6,Knox County                   ,0,0,0,0,0,0,0,0,0,0,0,0,0,0,0,0,0,0,0,0,0,0,0,0
201701,21,123,3,6,Larue County                  ,2,2,455714,0,0,0,0,0,0,0,0,0,2,2,455714,0,0,0,0,0,0,0,0,0
201701,21,137,3,6,Lincoln County                ,2,2,408390,0,0,0,0,0,0,0,0,0,2,2,408390,0,0,0,0,0,0,0,0,0
201701,21,145,3,6,McCracken County              ,6,6,2169956,0,0,0,0,0,0,0,0,0,6,6,2169956,0,0,0,0,0,0,0,0,0
201701,21,151,3,6,Madison County                ,11,11,969087,1,2,112996,0,0,0,1,5,168572,2,2,190000,0,0,0,0,0,0,0,0,0
201701,21,157,3,6,Marshall County               ,1,1,400000,1,2,158000,0,0,0,0,0,0,1,1,400000,1,2,158000,0,0,0,0,0,0
201701,21,161,3,6,Mason County                  ,0,0,0,0,0,0,0,0,0,0,0,0,0,0,0,0,0,0,0,0,0,0,0,0
201701,21,163,3,6,Meade County                  ,1,1,300000,1,2,140000,0,0,0,0,0,0,1,1,300000,1,2,140000,0,0,0,0,0,0
201701,21,167,3,6,Mercer County                 ,3,3,490000,0,0,0,0,0,0,0,0,0,3,3,490000,0,0,0,0,0,0,0,0,0
201701,21,175,3,6,Morgan County                 ,2,2,150000,0,0,0,0,0,0,0,0,0,0,0,0,0,0,0,0,0,0,0,0,0
201701,21,179,3,6,Nelson County                 ,3,3,310000,1,2,180000,2,8,1060000,0,0,0,3,3,310000,1,2,180000,2,8,1060000,0,0,0
201701,21,185,3,6,Oldham County                 ,26,26,6944897,0,0,0,0,0,0,0,0,0,0,0,0,0,0,0,0,0,0,0,0,0
201701,21,191,3,6,Pendleton County              ,0,0,0,0,0,0,0,0,0,0,0,0,0,0,0,0,0,0,0,0,0,0,0,0
201701,21,209,3,6,Scott County                  ,21,21,3135015,0,0,0,0,0,0,0,0,0,21,21,3135015,0,0,0,0,0,0,0,0,0
201701,21,211,3,6,Shelby County                 ,8,8,1602060,0,0,0,0,0,0,0,0,0,8,8,1602060,0,0,0,0,0,0,0,0,0
201701,21,213,3,6,Simpson County                ,4,4,779250,0,0,0,0,0,0,0,0,0,4,4,779250,0,0,0,0,0,0,0,0,0
201701,21,215,3,6,Spencer County                ,4,4,911427,0,0,0,0,0,0,0,0,0,4,4,911427,0,0,0,0,0,0,0,0,0
201701,21,221,3,6,Trigg County                  ,0,0,0,0,0,0,0,0,0,0,0,0,0,0,0,0,0,0,0,0,0,0,0,0
201701,21,225,3,6,Union County                  ,1,1,215501,0,0,0,0,0,0,0,0,0,0,0,0,0,0,0,0,0,0,0,0,0
201701,21,239,3,6,Woodford County               ,6,6,1030115,0,0,0,0,0,0,0,0,0,6,6,1030115,0,0,0,0,0,0,0,0,0
201701,22,005,3,7,Ascension Parish              ,76,76,12202697,0,0,0,0,0,0,0,0,0,0,0,0,0,0,0,0,0,0,0,0,0
201701,22,015,3,7,Bossier Parish                ,55,55,9259130,0,0,0,0,0,0,0,0,0,28,28,4441852,0,0,0,0,0,0,0,0,0
201701,22,017,3,7,Caddo Parish                  ,20,20,5061325,0,0,0,0,0,0,1,6,458250,17,17,4456125,0,0,0,0,0,0,0,0,0
201701,22,031,3,7,De Soto Parish                ,17,17,4463853,0,0,0,0,0,0,0,0,0,12,12,3350000,0,0,0,0,0,0,0,0,0
201701,22,033,3,7,East Baton Rouge Parish       ,134,134,24451964,0,0,0,0,0,0,0,0,0,133,133,24311964,0,0,0,0,0,0,0,0,0
201701,22,037,3,7,East Feliciana Parish         ,4,4,804177,0,0,0,0,0,0,0,0,0,0,0,0,0,0,0,0,0,0,0,0,0
201701,22,047,3,7,Iberville Parish              ,12,12,2263489,0,0,0,0,0,0,0,0,0,4,4,872000,0,0,0,0,0,0,0,0,0
201701,22,051,3,7,Jefferson Parish              ,34,34,6907462,0,0,0,0,0,0,0,0,0,3,3,875000,0,0,0,0,0,0,0,0,0
201701,22,055,3,7,Lafayette Parish              ,117,117,23888599,0,0,0,0,0,0,0,0,0,71,71,16857740,0,0,0,0,0,0,0,0,0
201701,22,063,3,7,Livingston Parish             ,65,65,13825046,0,0,0,0,0,0,0,0,0,0,0,0,0,0,0,0,0,0,0,0,0
201701,22,071,3,7,Orleans Parish                ,11,11,2378434,1,2,221364,0,0,0,1,28,3478184,0,0,0,0,0,0,0,0,0,0,0,0
201701,22,075,3,7,Plaquemines Parish            ,2,2,727291,0,0,0,0,0,0,0,0,0,2,2,727291,0,0,0,0,0,0,0,0,0
201701,22,077,3,7,Pointe Coupee Parish          ,3,3,1153248,0,0,0,0,0,0,0,0,0,3,3,1153248,0,0,0,0,0,0,0,0,0
201701,22,087,3,7,St. Bernard Parish            ,10,10,1696000,0,0,0,0,0,0,0,0,0,10,10,1696000,0,0,0,0,0,0,0,0,0
201701,22,089,3,7,St. Charles Parish            ,7,7,1376809,0,0,0,0,0,0,0,0,0,7,7,1376809,0,0,0,0,0,0,0,0,0
201701,22,091,3,7,St. Helena Parish             ,0,0,0,0,0,0,0,0,0,0,0,0,0,0,0,0,0,0,0,0,0,0,0,0
201701,22,095,3,7,St. John the Baptist Parish   ,3,3,478449,0,0,0,0,0,0,0,0,0,0,0,0,0,0,0,0,0,0,0,0,0
201701,22,099,3,7,St. Martin Parish             ,19,19,3518659,0,0,0,0,0,0,0,0,0,18,18,3333659,0,0,0,0,0,0,0,0,0
201701,22,103,3,7,St. Tammany Parish            ,145,145,30518356,0,0,0,0,0,0,0,0,0,143,143,29730051,0,0,0,0,0,0,0,0,0
201701,22,109,3,7,Terrebonne Parish             ,10,10,3217240,0,0,0,0,0,0,0,0,0,10,10,3217240,0,0,0,0,0,0,0,0,0
201701,22,121,3,7,West Baton Rouge Parish       ,22,22,3571954,0,0,0,0,0,0,0,0,0,20,20,3389830,0,0,0,0,0,0,0,0,0
201701,22,125,3,7,West Feliciana Parish         ,2,2,726977,0,0,0,0,0,0,0,0,0,2,2,726977,0,0,0,0,0,0,0,0,0
201701,23,000,1,1,Maine Unorganized Territory   ,3,3,398401,0,0,0,0,0,0,0,0,0,0,0,0,0,0,0,0,0,0,0,0,0
201701,24,003,3,5,Anne Arundel County           ,159,159,36005569,0,0,0,0,0,0,1,5,1566825,155,155,35317804,0,0,0,0,0,0,1,5,1566825
201701,24,005,3,5,Baltimore County              ,70,70,15949976,0,0,0,0,0,0,0,0,0,70,70,15949976,0,0,0,0,0,0,0,0,0
201701,24,009,3,5,Calvert County                ,29,29,6530083,0,0,0,0,0,0,0,0,0,0,0,0,0,0,0,0,0,0,0,0,0
201701,24,013,3,5,Carroll County                ,28,28,6379990,0,0,0,0,0,0,0,0,0,28,28,6379990,0,0,0,0,0,0,0,0,0
201701,24,015,3,5,Cecil County                  ,2,2,670244,0,0,0,0,0,0,0,0,0,2,2,670244,0,0,0,0,0,0,0,0,0
201701,24,017,3,5,Charles County                ,54,54,10384000,0,0,0,0,0,0,0,0,0,54,54,10384000,0,0,0,0,0,0,0,0,0
201701,24,021,3,5,Frederick County              ,90,90,21383368,2,4,256000,0,0,0,2,22,2400000,90,90,21383368,2,4,256000,0,0,0,2,22,2400000
201701,24,023,3,5,Garrett County                ,1,1,100000,0,0,0,0,0,0,0,0,0,1,1,100000,0,0,0,0,0,0,0,0,0
201701,24,025,3,5,Harford County                ,17,17,4526884,0,0,0,0,0,0,0,0,0,13,13,2884282,0,0,0,0,0,0,0,0,0
201701,24,027,3,5,Howard County                 ,81,81,18456401,0,0,0,0,0,0,0,0,0,81,81,18456401,0,0,0,0,0,0,0,0,0
201701,24,031,3,5,Montgomery County             ,96,96,21407112,0,0,0,0,0,0,1,11,1103893,96,96,21407112,0,0,0,0,0,0,1,11,1103893
201701,24,033,3,5,Prince George County          ,122,122,27798529,0,0,0,0,0,0,0,0,0,122,122,27798529,0,0,0,0,0,0,0,0,0
201701,24,035,3,5,Queen Anne County             ,10,10,2281418,0,0,0,0,0,0,0,0,0,10,10,2281418,0,0,0,0,0,0,0,0,0
201701,24,037,3,5,St. Mary's County             ,78,78,14547000,0,0,0,0,0,0,0,0,0,78,78,14547000,0,0,0,0,0,0,0,0,0
201701,24,037,3,5,St. Marys County              ,78,78,14547000,0,0,0,0,0,0,0,0,0,78,78,14547000,0,0,0,0,0,0,0,0,0
201701,24,039,3,5,Somerset County               ,0,0,0,0,0,0,0,0,0,0,0,0,0,0,0,0,0,0,0,0,0,0,0,0
201701,24,045,3,5,Wicomico County               ,6,6,1301205,0,0,0,0,0,0,0,0,0,6,6,1301205,0,0,0,0,0,0,0,0,0
201701,24,510,3,5,Baltimore (Independent City)  ,20,20,2831552,1,2,209000,0,0,0,1,83,13567604,0,0,0,0,0,0,0,0,0,0,0,0
201701,25,005,1,1,Bristol County                ,50,50,9400317,1,2,236200,0,0,0,0,0,0,32,32,5666830,0,0,0,0,0,0,0,0,0
201701,25,009,1,1,Essex County                  ,44,44,13825758,4,8,1203320,0,0,0,1,10,1306327,26,26,7287100,4,8,1203320,0,0,0,0,0,0
201701,25,017,1,1,Middlesex County              ,85,85,26405959,5,10,1364971,1,3,432501,6,128,11899393,50,50,18033902,1,2,362818,0,0,0,1,75,4500000
201701,25,021,1,1,Norfolk County                ,66,66,23805363,0,0,0,0,0,0,7,76,10579707,47,47,14096215,0,0,0,0,0,0,3,47,8427800
201701,25,023,1,1,Plymouth County               ,77,77,17120607,0,0,0,0,0,0,1,6,779050,59,59,12550584,0,0,0,0,0,0,0,0,0
201701,25,025,1,1,Suffolk County                ,21,21,5396820,5,10,2253950,2,6,1100000,8,62,11998090,20,20,5235110,5,10,2253950,2,6,1100000,6,45,9560000
201701,26,000,2,3,Michigan Balance of State     ,2,2,382297,0,0,0,0,0,0,0,0,0,0,0,0,0,0,0,0,0,0,0,0,0
201701,26,019,2,3,Benzie County                 ,1,1,190126,0,0,0,0,0,0,0,0,0,1,1,190126,0,0,0,0,0,0,0,0,0
201701,26,029,2,3,Charlevoix County             ,0,0,0,0,0,0,0,0,0,0,0,0,0,0,0,0,0,0,0,0,0,0,0,0
201701,26,089,2,3,Leelanau County               ,2,2,525520,0,0,0,0,0,0,0,0,0,2,2,525520,0,0,0,0,0,0,0,0,0
201701,26,093,2,3,Livingston County             ,32,32,9647791,0,0,0,0,0,0,0,0,0,31,31,9545719,0,0,0,0,0,0,0,0,0
201701,26,095,2,3,Luce County                   ,0,0,0,0,0,0,0,0,0,0,0,0,0,0,0,0,0,0,0,0,0,0,0,0
201701,26,099,2,3,Macomb County                 ,85,85,20620030,1,2,285000,0,0,0,1,10,1465885,83,83,20319606,1,2,285000,0,0,0,1,10,1465885
201701,26,103,2,3,Marquette County              ,0,0,0,0,0,0,0,0,0,0,0,0,0,0,0,0,0,0,0,0,0,0,0,0
201701,26,137,2,3,Otsego County                 ,1,1,81000,0,0,0,0,0,0,0,0,0,0,0,0,0,0,0,0,0,0,0,0,0
201701,26,147,2,3,St. Clair County              ,11,11,2162143,0,0,0,0,0,0,0,0,0,9,9,1775100,0,0,0,0,0,0,0,0,0
201701,26,163,2,3,Wayne County                  ,58,58,17769003,0,0,0,0,0,0,2,24,4822600,54,54,17111566,0,0,0,0,0,0,2,24,4822600
201701,27,003,2,4,Anoka County                  ,33,33,9409253,0,0,0,0,0,0,0,0,0,26,26,7429017,0,0,0,0,0,0,0,0,0
201701,27,019,2,4,Carver County                 ,40,40,11994064,0,0,0,0,0,0,0,0,0,40,40,11994064,0,0,0,0,0,0,0,0,0
201701,27,025,2,4,Chisago County                ,2,2,346329,0,0,0,0,0,0,0,0,0,2,2,346329,0,0,0,0,0,0,0,0,0
201701,27,027,2,4,Clay County                   ,1,1,287667,0,0,0,0,0,0,0,0,0,0,0,0,0,0,0,0,0,0,0,0,0
201701,27,037,2,4,Dakota County                 ,70,70,21261322,0,0,0,1,4,660000,2,212,28740000,64,64,19297161,0,0,0,1,4,660000,2,212,28740000
201701,27,053,2,4,Hennepin County               ,84,84,31786467,1,2,900000,0,0,0,2,30,5840204,75,75,26895214,1,2,900000,0,0,0,1,5,979524
201701,27,059,2,4,Isanti County                 ,8,8,1625015,0,0,0,0,0,0,0,0,0,7,7,1349015,0,0,0,0,0,0,0,0,0
201701,27,123,2,4,Ramsey County                 ,19,19,6800013,0,0,0,0,0,0,1,8,1276800,19,19,6800013,0,0,0,0,0,0,1,8,1276800
201701,27,139,2,4,Scott County                  ,24,24,6918251,0,0,0,0,0,0,0,0,0,17,17,4760269,0,0,0,0,0,0,0,0,0
201701,27,141,2,4,Sherburne County              ,21,21,4345814,0,0,0,0,0,0,0,0,0,21,21,4345814,0,0,0,0,0,0,0,0,0
201701,27,163,2,4,Washington County             ,49,49,16524427,0,0,0,0,0,0,0,0,0,45,45,14890078,0,0,0,0,0,0,0,0,0
201701,27,171,2,4,Wright County                 ,30,30,7700134,0,0,0,0,0,0,0,0,0,30,30,7700134,0,0,0,0,0,0,0,0,0
201701,28,033,3,6,DeSoto County                 ,70,70,11320255,0,0,0,0,0,0,1,5,437900,45,45,5678550,0,0,0,0,0,0,1,5,437900
201701,28,041,3,6,Greene County                 ,0,0,0,0,0,0,0,0,0,0,0,0,0,0,0,0,0,0,0,0,0,0,0,0
201701,28,045,3,6,Hancock County                ,32,32,5420580,0,0,0,1,3,301084,1,11,931290,6,6,1582733,0,0,0,0,0,0,0,0,0
201701,28,047,3,6,Harrison County               ,85,85,13519997,1,2,245000,0,0,0,0,0,0,75,75,12383987,0,0,0,0,0,0,0,0,0
201701,28,067,3,6,Jones County                  ,2,2,286381,0,0,0,0,0,0,0,0,0,0,0,0,0,0,0,0,0,0,0,0,0
201701,28,137,3,6,Tate County                   ,5,5,755000,0,0,0,0,0,0,0,0,0,5,5,755000,0,0,0,0,0,0,0,0,0
201701,28,143,3,6,Tunica County                 ,1,1,80320,0,0,0,0,0,0,0,0,0,0,0,0,0,0,0,0,0,0,0,0,0
201701,28,145,3,6,Union County                  ,1,1,95000,0,0,0,0,0,0,0,0,0,1,1,95000,0,0,0,0,0,0,0,0,0
201701,28,149,3,6,Warren County                 ,0,0,0,0,0,0,0,0,0,0,0,0,0,0,0,0,0,0,0,0,0,0,0,0
201701,29,013,2,4,Bates County                  ,0,0,0,0,0,0,0,0,0,0,0,0,0,0,0,0,0,0,0,0,0,0,0,0
201701,29,019,2,4,Boone County                  ,30,30,7144769,2,4,217500,0,0,0,1,128,20164880,30,30,7144769,2,4,217500,0,0,0,1,128,20164880
201701,29,049,2,4,Clinton County                ,4,4,807000,0,0,0,0,0,0,0,0,0,4,4,807000,0,0,0,0,0,0,0,0,0
201701,29,065,2,4,Dent County                   ,0,0,0,0,0,0,0,0,0,0,0,0,0,0,0,0,0,0,0,0,0,0,0,0
201701,29,071,2,4,Franklin County               ,16,16,3470050,1,2,220000,0,0,0,0,0,0,8,8,1639846,1,2,220000,0,0,0,0,0,0
201701,29,095,2,4,Jackson County                ,152,152,35090107,1,2,280000,7,28,3481150,1,45,4763153,152,152,35090107,1,2,280000,7,28,3481150,1,45,4763153
201701,29,099,2,4,Jefferson County              ,50,50,4676368,0,0,0,0,0,0,0,0,0,47,47,4309024,0,0,0,0,0,0,0,0,0
201701,29,105,2,4,Laclede County                ,0,0,0,0,0,0,0,0,0,0,0,0,0,0,0,0,0,0,0,0,0,0,0,0
201701,29,107,2,4,Lafayette County              ,1,1,229901,0,0,0,0,0,0,0,0,0,0,0,0,0,0,0,0,0,0,0,0,0
201701,29,113,2,4,Lincoln County                ,8,8,1381406,0,0,0,0,0,0,0,0,0,8,8,1381406,0,0,0,0,0,0,0,0,0
201701,29,165,2,4,Platte County                 ,32,32,9106882,0,0,0,0,0,0,1,7,460185,31,31,8829943,0,0,0,0,0,0,0,0,0
201701,29,185,2,4,St. Clair County              ,1,1,60000,0,0,0,0,0,0,0,0,0,1,1,60000,0,0,0,0,0,0,0,0,0
201701,29,189,2,4,St. Louis County              ,77,77,30645238,0,0,0,0,0,0,3,45,4815059,33,33,11469781,0,0,0,0,0,0,0,0,0
201701,29,219,2,4,Warren County                 ,11,11,2343641,0,0,0,0,0,0,0,0,0,11,11,2343641,0,0,0,0,0,0,0,0,0
201701,29,221,2,4,Washington County             ,0,0,0,0,0,0,0,0,0,0,0,0,0,0,0,0,0,0,0,0,0,0,0,0
201701,29,510,2,4,St. Louis (Independent City)  ,7,7,984858,0,0,0,0,0,0,1,54,7915773,7,7,984858,0,0,0,0,0,0,1,54,7915773
201701,30,033,4,8,Garfield County               ,0,0,0,0,0,0,0,0,0,0,0,0,0,0,0,0,0,0,0,0,0,0,0,0
201701,30,063,4,8,Missoula County               ,13,13,3104259,1,2,269230,0,0,0,0,0,0,13,13,3104259,1,2,269230,0,0,0,0,0,0
201701,30,093,4,8,Silver Bow County             ,0,0,0,0,0,0,0,0,0,0,0,0,0,0,0,0,0,0,0,0,0,0,0,0
201701,31,001,2,4,Adams County                  ,15,15,2805834,0,0,0,0,0,0,0,0,0,14,14,2581760,0,0,0,0,0,0,0,0,0
201701,31,025,2,4,Cass County                   ,3,3,449793,0,0,0,0,0,0,0,0,0,3,3,449793,0,0,0,0,0,0,0,0,0
201701,31,033,2,4,Cheyenne County               ,0,0,0,0,0,0,0,0,0,0,0,0,0,0,0,0,0,0,0,0,0,0,0,0
201701,31,055,2,4,Douglas County                ,91,91,15501020,0,0,0,0,0,0,0,0,0,91,91,15501020,0,0,0,0,0,0,0,0,0
201701,31,105,2,4,Kimball County                ,0,0,0,0,0,0,0,0,0,0,0,0,0,0,0,0,0,0,0,0,0,0,0,0
201701,31,153,2,4,Sarpy County                  ,51,51,13550131,0,0,0,0,0,0,0,0,0,33,33,9218666,0,0,0,0,0,0,0,0,0
201701,31,165,2,4,Sioux County                  ,0,0,0,0,0,0,0,0,0,0,0,0,0,0,0,0,0,0,0,0,0,0,0,0
201701,31,177,2,4,Washington County             ,5,5,1665622,0,0,0,0,0,0,0,0,0,5,5,1665622,0,0,0,0,0,0,0,0,0
201701,32,001,4,8,Churchill County              ,3,3,840528,0,0,0,0,0,0,0,0,0,3,3,840528,0,0,0,0,0,0,0,0,0
201701,32,003,4,8,Clark County                  ,653,653,127268652,0,0,0,0,0,0,1,308,37201000,653,653,127268652,0,0,0,0,0,0,1,308,37201000
201701,32,005,4,8,Douglas County                ,10,10,3750841,0,0,0,0,0,0,0,0,0,10,10,3750841,0,0,0,0,0,0,0,0,0
201701,32,007,4,8,Elko County                   ,4,4,594824,0,0,0,0,0,0,0,0,0,4,4,594824,0,0,0,0,0,0,0,0,0
201701,32,013,4,8,Humboldt County               ,0,0,0,0,0,0,0,0,0,0,0,0,0,0,0,0,0,0,0,0,0,0,0,0
201701,32,015,4,8,Lander County                 ,0,0,0,0,0,0,0,0,0,0,0,0,0,0,0,0,0,0,0,0,0,0,0,0
201701,32,017,4,8,Lincoln County                ,0,0,0,0,0,0,0,0,0,0,0,0,0,0,0,0,0,0,0,0,0,0,0,0
201701,32,019,4,8,Lyon County                   ,6,6,1162937,0,0,0,0,0,0,0,0,0,6,6,1162937,0,0,0,0,0,0,0,0,0
201701,32,021,4,8,Mineral County                ,0,0,0,0,0,0,0,0,0,0,0,0,0,0,0,0,0,0,0,0,0,0,0,0
201701,32,027,4,8,Pershing County               ,3,3,197012,0,0,0,0,0,0,0,0,0,3,3,197012,0,0,0,0,0,0,0,0,0
201701,32,029,4,8,Storey County                 ,0,0,0,0,0,0,0,0,0,0,0,0,0,0,0,0,0,0,0,0,0,0,0,0
201701,32,031,4,8,Washoe County                 ,112,112,27584287,0,0,0,0,0,0,4,181,13858177,35,35,8458511,0,0,0,0,0,0,1,140,9350000
201701,32,033,4,8,White Pine County             ,1,1,348177,0,0,0,0,0,0,0,0,0,0,0,0,0,0,0,0,0,0,0,0,0
201701,32,510,4,8,Carson City (Independent City),17,17,4140599,0,0,0,4,16,2201012,0,0,0,17,17,4140599,0,0,0,4,16,2201012,0,0,0
201701,33,015,1,1,Rockingham County             ,60,60,13663696,1,2,240000,0,0,0,1,5,530044,41,41,10679168,0,0,0,0,0,0,0,0,0
201701,33,017,1,1,Strafford County              ,23,23,4638454,0,0,0,0,0,0,0,0,0,16,16,3211756,0,0,0,0,0,0,0,0,0
201701,34,001,1,2,Atlantic County               ,16,16,3737343,0,0,0,0,0,0,2,23,3389176,12,12,3353550,0,0,0,0,0,0,0,0,0
201701,34,003,1,2,Bergen County                 ,82,82,27336290,9,18,3495139,0,0,0,3,21,1059983,51,51,15288540,6,12,3080300,0,0,0,0,0,0
201701,34,005,1,2,Burlington County             ,42,42,6597935,2,4,256826,0,0,0,1,5,277744,32,32,4572006,1,2,100000,0,0,0,0,0,0
201701,34,007,1,2,Camden County                 ,13,13,2662001,0,0,0,0,0,0,23,123,4048168,6,6,1881700,0,0,0,0,0,0,19,95,1898067
201701,34,009,1,2,Cape May County               ,70,70,17293005,10,20,3424400,0,0,0,1,11,1354500,66,66,16289247,10,20,3424400,0,0,0,1,11,1354500
201701,34,011,1,2,Cumberland County             ,15,15,1349508,0,0,0,0,0,0,0,0,0,7,7,516500,0,0,0,0,0,0,0,0,0
201701,34,013,1,2,Essex County                  ,28,28,3942024,3,6,518600,1,3,845701,6,119,7442158,3,3,768450,3,6,518600,0,0,0,0,0,0
201701,34,015,1,2,Gloucester County             ,31,31,4412129,0,0,0,0,0,0,1,14,739011,17,17,2878801,0,0,0,0,0,0,0,0,0
201701,34,017,1,2,Hudson County                 ,6,6,8477500,5,10,1274800,0,0,0,10,475,81679815,5,5,8273900,5,10,1274800,0,0,0,9,470,81003056
201701,34,019,1,2,Hunterdon County              ,8,8,1559546,0,0,0,0,0,0,2,12,607961,5,5,1186200,0,0,0,0,0,0,0,0,0
201701,34,021,1,2,Mercer County                 ,15,15,3799241,0,0,0,0,0,0,1,5,335547,9,9,2706691,0,0,0,0,0,0,0,0,0
201701,34,023,1,2,Middlesex County              ,59,59,9824296,3,6,495800,0,0,0,4,36,1388477,49,49,8623984,3,6,495800,0,0,0,1,19,40000
201701,34,025,1,2,Monmouth County               ,84,84,24942370,6,12,1684900,0,0,0,9,118,15369200,71,71,21268300,6,12,1684900,0,0,0,8,113,15246751
201701,34,027,1,2,Morris County                 ,53,53,12418032,0,0,0,0,0,0,5,76,2808241,39,39,9401726,0,0,0,0,0,0,0,0,0
201701,34,029,1,2,Ocean County                  ,235,235,25511422,0,0,0,0,0,0,0,0,0,225,225,24092485,0,0,0,0,0,0,0,0,0
201701,34,031,1,2,Passaic County                ,20,20,3527084,0,0,0,0,0,0,1,5,268749,18,18,3174902,0,0,0,0,0,0,0,0,0
201701,34,033,1,2,Salem County                  ,3,3,288354,0,0,0,0,0,0,0,0,0,2,2,135535,0,0,0,0,0,0,0,0,0
201701,34,035,1,2,Somerset County               ,25,25,4326625,0,0,0,0,0,0,4,51,3205289,15,15,2729585,0,0,0,0,0,0,0,0,0
201701,34,037,1,2,Sussex County                 ,5,5,1283889,0,0,0,0,0,0,0,0,0,5,5,1283889,0,0,0,0,0,0,0,0,0
201701,34,039,1,2,Union County                  ,24,24,5398193,5,10,853500,1,3,14000,4,80,6848473,11,11,2303202,5,10,853500,1,3,14000,2,65,6177877
201701,34,041,1,2,Warren County                 ,4,4,423230,0,0,0,0,0,0,0,0,0,1,1,7002,0,0,0,0,0,0,0,0,0
201701,35,000,4,8,New Mexico Balance of State   ,16,16,4376154,0,0,0,0,0,0,0,0,0,0,0,0,0,0,0,0,0,0,0,0,0
201701,35,001,4,8,Bernalillo County             ,83,83,18840815,0,0,0,0,0,0,1,12,1103690,13,13,5126951,0,0,0,0,0,0,0,0,0
201701,35,005,4,8,Chaves County                 ,6,6,944983,2,4,607352,0,0,0,0,0,0,6,6,944983,2,4,607352,0,0,0,0,0,0
201701,35,007,4,8,Colfax County                 ,0,0,0,0,0,0,0,0,0,0,0,0,0,0,0,0,0,0,0,0,0,0,0,0
201701,35,009,4,8,Curry County                  ,1,1,165621,0,0,0,0,0,0,0,0,0,1,1,165621,0,0,0,0,0,0,0,0,0
201701,35,013,4,8,Dona Ana County               ,60,60,12100007,0,0,0,0,0,0,0,0,0,45,45,9256482,0,0,0,0,0,0,0,0,0
201701,35,015,4,8,Eddy County                   ,13,13,2666052,0,0,0,0,0,0,0,0,0,13,13,2666052,0,0,0,0,0,0,0,0,0
201701,35,017,4,8,Grant County                  ,1,1,175947,0,0,0,0,0,0,0,0,0,0,0,0,0,0,0,0,0,0,0,0,0
201701,35,025,4,8,Lea County                    ,3,3,745000,0,0,0,0,0,0,0,0,0,3,3,745000,0,0,0,0,0,0,0,0,0
201701,35,027,4,8,Lincoln County                ,3,3,754666,0,0,0,0,0,0,0,0,0,0,0,0,0,0,0,0,0,0,0,0,0
201701,35,028,4,8,Los Alamos County             ,0,0,0,0,0,0,0,0,0,0,0,0,0,0,0,0,0,0,0,0,0,0,0,0
201701,35,029,4,8,Luna County                   ,0,0,0,0,0,0,0,0,0,0,0,0,0,0,0,0,0,0,0,0,0,0,0,0
201701,35,031,4,8,McKinley County               ,0,0,0,0,0,0,0,0,0,0,0,0,0,0,0,0,0,0,0,0,0,0,0,0
201701,35,035,4,8,Otero County                  ,0,0,0,0,0,0,0,0,0,0,0,0,0,0,0,0,0,0,0,0,0,0,0,0
201701,35,041,4,8,Roosevelt County              ,0,0,0,0,0,0,0,0,0,0,0,0,0,0,0,0,0,0,0,0,0,0,0,0
201701,35,043,4,8,Sandoval County               ,53,53,11150772,0,0,0,0,0,0,1,5,208333,46,46,9484502,0,0,0,0,0,0,0,0,0
201701,35,045,4,8,San Juan County               ,3,3,1076487,0,0,0,0,0,0,0,0,0,3,3,1076487,0,0,0,0,0,0,0,0,0
201701,35,047,4,8,San Miguel County             ,0,0,0,0,0,0,0,0,0,0,0,0,0,0,0,0,0,0,0,0,0,0,0,0
201701,35,049,4,8,Santa Fe County               ,8,8,1936514,0,0,0,0,0,0,0,0,0,0,0,0,0,0,0,0,0,0,0,0,0
201701,35,051,4,8,Sierra County                 ,0,0,0,0,0,0,0,0,0,0,0,0,0,0,0,0,0,0,0,0,0,0,0,0
201701,35,053,4,8,Socorro County                ,0,0,0,0,0,0,0,0,0,0,0,0,0,0,0,0,0,0,0,0,0,0,0,0
201701,35,055,4,8,Taos County                   ,3,3,328967,0,0,0,0,0,0,0,0,0,0,0,0,0,0,0,0,0,0,0,0,0
201701,35,061,4,8,Valencia County               ,6,6,650472,0,0,0,0,0,0,0,0,0,0,0,0,0,0,0,0,0,0,0,0,0
201701,36,001,1,2,Albany County                 ,22,22,4964187,1,2,285000,0,0,0,1,14,2296709,19,19,4542014,1,2,285000,0,0,0,0,0,0
201701,36,005,1,2,Bronx County                  ,0,0,0,1,2,265723,0,0,0,6,616,83115032,0,0,0,1,2,265723,0,0,0,6,616,83115032
201701,36,029,1,2,Erie County                   ,31,31,9545889,0,0,0,0,0,0,5,94,9393590,29,29,9134300,0,0,0,0,0,0,5,94,9393590
201701,36,047,1,2,Kings County                  ,13,13,3402822,6,12,1594340,4,15,1939320,22,906,122243862,13,13,3402822,6,12,1594340,4,15,1939320,22,906,122243862
201701,36,051,1,2,Livingston County             ,0,0,0,0,0,0,0,0,0,0,0,0,0,0,0,0,0,0,0,0,0,0,0,0
201701,36,055,1,2,Monroe County                 ,54,54,10716977,0,0,0,1,3,395000,3,73,7034753,41,41,8775040,0,0,0,0,0,0,1,49,4271410
201701,36,059,1,2,Nassau County                 ,69,69,31141752,0,0,0,0,0,0,2,14,1911782,55,55,26201850,0,0,0,0,0,0,0,0,0
201701,36,061,1,2,New York County               ,0,0,0,1,2,265723,0,0,0,6,792,106862184,0,0,0,1,2,265723,0,0,0,6,792,106862184
201701,36,063,1,2,Niagara County                ,8,8,2029441,0,0,0,0,0,0,0,0,0,4,4,1024500,0,0,0,0,0,0,0,0,0
201701,36,069,1,2,Ontario County                ,13,13,3704492,0,0,0,0,0,0,0,0,0,7,7,2192000,0,0,0,0,0,0,0,0,0
201701,36,073,1,2,Orleans County                ,2,2,326000,0,0,0,0,0,0,0,0,0,1,1,125000,0,0,0,0,0,0,0,0,0
201701,36,079,1,2,Putnam County                 ,3,3,1845102,0,0,0,1,3,670449,0,0,0,2,2,1606500,0,0,0,0,0,0,0,0,0
201701,36,081,1,2,Queens County                 ,3,3,785266,7,14,1860064,2,6,775728,7,1000,134927000,3,3,785266,7,14,1860064,2,6,775728,7,1000,134927000
201701,36,083,1,2,Rensselaer County             ,6,6,1342250,0,0,0,0,0,0,0,0,0,4,4,975000,0,0,0,0,0,0,0,0,0
201701,36,085,1,2,Richmond County               ,33,33,8637932,25,50,6643085,0,0,0,0,0,0,33,33,8637932,25,50,6643085,0,0,0,0,0,0
201701,36,087,1,2,Rockland County               ,13,13,4192015,2,4,517203,1,3,329381,4,146,31322620,7,7,2711000,0,0,0,0,0,0,3,135,30000000
201701,36,091,1,2,Saratoga County               ,40,40,11440137,0,0,0,0,0,0,3,19,1932992,30,30,9046288,0,0,0,0,0,0,1,6,480000
201701,36,093,1,2,Schenectady County            ,4,4,920299,0,0,0,0,0,0,0,0,0,2,2,500000,0,0,0,0,0,0,0,0,0
201701,36,095,1,2,Schoharie County              ,1,1,257201,0,0,0,0,0,0,0,0,0,0,0,0,0,0,0,0,0,0,0,0,0
201701,36,099,1,2,Seneca County                 ,0,0,0,0,0,0,0,0,0,0,0,0,0,0,0,0,0,0,0,0,0,0,0,0
201701,36,117,1,2,Wayne County                  ,2,2,355900,0,0,0,0,0,0,0,0,0,2,2,355900,0,0,0,0,0,0,0,0,0
201701,36,119,1,2,Westchester County            ,11,11,8728802,0,0,0,0,0,0,0,0,0,5,5,3140000,0,0,0,0,0,0,0,0,0
201701,37,007,3,5,Anson County                  ,3,3,449595,0,0,0,0,0,0,0,0,0,0,0,0,0,0,0,0,0,0,0,0,0
201701,37,011,3,5,Avery County                  ,1,1,639000,0,0,0,0,0,0,0,0,0,1,1,639000,0,0,0,0,0,0,0,0,0
201701,37,015,3,5,Bertie County                 ,0,0,0,0,0,0,0,0,0,0,0,0,0,0,0,0,0,0,0,0,0,0,0,0
201701,37,025,3,5,Cabarrus County               ,128,128,18038352,0,0,0,0,0,0,0,0,0,128,128,18038352,0,0,0,0,0,0,0,0,0
201701,37,033,3,5,Caswell County                ,2,2,561906,0,0,0,0,0,0,0,0,0,2,2,561906,0,0,0,0,0,0,0,0,0
201701,37,037,3,5,Chatham County                ,66,66,16218548,0,0,0,0,0,0,0,0,0,66,66,16218548,0,0,0,0,0,0,0,0,0
201701,37,051,3,5,Cumberland County             ,49,49,9516199,0,0,0,0,0,0,0,0,0,48,48,9203798,0,0,0,0,0,0,0,0,0
201701,37,053,3,5,Currituck County              ,20,20,5768453,0,0,0,0,0,0,0,0,0,20,20,5768453,0,0,0,0,0,0,0,0,0
201701,37,059,3,5,Davie County                  ,10,10,2362988,0,0,0,0,0,0,1,6,263782,0,0,0,0,0,0,0,0,0,0,0,0
201701,37,063,3,5,Durham County                 ,141,141,23338836,0,0,0,0,0,0,4,112,7106753,0,0,0,0,0,0,0,0,0,0,0,0
201701,37,069,3,5,Franklin County               ,28,28,4956528,0,0,0,0,0,0,0,0,0,28,28,4956528,0,0,0,0,0,0,0,0,0
201701,37,071,3,5,Gaston County                 ,73,73,21504494,0,0,0,0,0,0,1,5,280000,73,73,21504494,0,0,0,0,0,0,1,5,280000
201701,37,081,3,5,Guilford County               ,97,97,22746365,0,0,0,0,0,0,2,48,7011830,97,97,22746365,0,0,0,0,0,0,2,48,7011830
201701,37,089,3,5,Henderson County              ,36,36,8518740,0,0,0,0,0,0,0,0,0,36,36,8518740,0,0,0,0,0,0,0,0,0
201701,37,093,3,5,Hoke County                   ,11,11,2506425,0,0,0,0,0,0,0,0,0,11,11,2506425,0,0,0,0,0,0,0,0,0
201701,37,097,3,5,Iredell County                ,83,83,24274563,0,0,0,0,0,0,0,0,0,83,83,24274563,0,0,0,0,0,0,0,0,0
201701,37,101,3,5,Johnston County               ,165,165,27103074,0,0,0,0,0,0,0,0,0,162,162,26675801,0,0,0,0,0,0,0,0,0
201701,37,105,3,5,Lee County                    ,15,15,2613630,0,0,0,0,0,0,0,0,0,15,15,2613630,0,0,0,0,0,0,0,0,0
201701,37,119,3,5,Mecklenburg County            ,463,463,105497697,4,8,333420,0,0,0,1,10,278701,463,463,105497697,4,8,333420,0,0,0,1,10,278701
201701,37,133,3,5,Onslow County                 ,79,79,11005881,0,0,0,1,4,400000,0,0,0,79,79,11005881,0,0,0,1,4,400000,0,0,0
201701,37,135,3,5,Orange County                 ,33,33,9813098,0,0,0,0,0,0,0,0,0,8,8,1416000,0,0,0,0,0,0,0,0,0
201701,37,145,3,5,Person County                 ,3,3,652443,0,0,0,0,0,0,0,0,0,3,3,652443,0,0,0,0,0,0,0,0,0
201701,37,151,3,5,Randolph County               ,18,18,4082881,0,0,0,0,0,0,0,0,0,18,18,4082881,0,0,0,0,0,0,0,0,0
201701,37,157,3,5,Rockingham County             ,21,21,5052711,0,0,0,0,0,0,1,5,511917,20,20,4926928,0,0,0,0,0,0,0,0,0
201701,37,179,3,5,Union County                  ,135,135,32540107,0,0,0,0,0,0,0,0,0,135,135,32540107,0,0,0,0,0,0,0,0,0
201701,37,181,3,5,Vance County                  ,7,7,659109,0,0,0,0,0,0,0,0,0,0,0,0,0,0,0,0,0,0,0,0,0
201701,37,183,3,5,Wake County                   ,647,647,147821256,0,0,0,0,0,0,7,405,39128738,546,546,130575648,0,0,0,0,0,0,7,405,39128738
201701,37,195,3,5,Wilson County                 ,14,14,1382857,1,2,115000,0,0,0,0,0,0,14,14,1382857,1,2,115000,0,0,0,0,0,0
201701,39,007,2,3,Ashtabula County              ,2,2,366122,1,2,160300,0,0,0,0,0,0,0,0,0,0,0,0,0,0,0,0,0,0
201701,39,015,2,3,Brown County                  ,3,3,477989,0,0,0,0,0,0,0,0,0,0,0,0,0,0,0,0,0,0,0,0,0
201701,39,017,2,3,Butler County                 ,53,53,9593168,1,2,550000,0,0,0,2,26,1867245,53,53,9593168,1,2,550000,0,0,0,2,26,1867245
201701,39,025,2,3,Clermont County               ,26,26,4890812,0,0,0,0,0,0,3,29,1634000,26,26,4890812,0,0,0,0,0,0,3,29,1634000
201701,39,041,2,3,Delaware County               ,73,73,19724121,2,4,463628,0,0,0,0,0,0,73,73,19724121,2,4,463628,0,0,0,0,0,0
201701,39,049,2,3,Franklin County               ,112,112,29998485,1,2,300000,0,0,0,24,876,105937308,108,108,29223893,1,2,300000,0,0,0,24,876,105937308
201701,39,055,2,3,Geauga County                 ,5,5,1795000,0,0,0,0,0,0,1,81,22700000,5,5,1795000,0,0,0,0,0,0,1,81,22700000
201701,39,085,2,3,Lake County                   ,23,23,4619178,0,0,0,0,0,0,0,0,0,20,20,4104817,0,0,0,0,0,0,0,0,0
201701,39,089,2,3,Licking County                ,16,16,4048388,0,0,0,0,0,0,0,0,0,0,0,0,0,0,0,0,0,0,0,0,0
201701,39,093,2,3,Lorain County                 ,51,51,12603406,0,0,0,1,4,230000,0,0,0,37,37,9761085,0,0,0,1,4,230000,0,0,0
201701,39,097,2,3,Madison County                ,3,3,762406,0,0,0,0,0,0,0,0,0,3,3,762406,0,0,0,0,0,0,0,0,0
201701,39,103,2,3,Medina County                 ,27,27,7465802,1,2,140000,1,3,210000,0,0,0,27,27,7465802,1,2,140000,1,3,210000,0,0,0
201701,39,117,2,3,Morrow County                 ,2,2,463561,0,0,0,0,0,0,0,0,0,1,1,254135,0,0,0,0,0,0,0,0,0
201701,39,159,2,3,Union County                  ,39,39,9911281,0,0,0,0,0,0,0,0,0,39,39,9911281,0,0,0,0,0,0,0,0,0
201701,39,165,2,3,Warren County                 ,102,102,28555555,1,2,380913,0,0,0,1,6,692397,101,101,28382222,1,2,380913,0,0,0,1,6,692397
201701,40,001,3,7,Adair County                  ,1,1,192643,0,0,0,0,0,0,0,0,0,0,0,0,0,0,0,0,0,0,0,0,0
201701,40,017,3,7,Canadian County               ,19,19,5572880,1,2,220000,0,0,0,0,0,0,7,7,2078500,0,0,0,0,0,0,0,0,0
201701,40,021,3,7,Cherokee County               ,4,4,524953,0,0,0,0,0,0,0,0,0,0,0,0,0,0,0,0,0,0,0,0,0
201701,40,027,3,7,Cleveland County              ,43,43,9021350,2,4,1200000,0,0,0,0,0,0,43,43,9021350,2,4,1200000,0,0,0,0,0,0
201701,40,029,3,7,Coal County                   ,0,0,0,0,0,0,0,0,0,0,0,0,0,0,0,0,0,0,0,0,0,0,0,0
201701,40,037,3,7,Creek County                  ,5,5,920000,0,0,0,0,0,0,0,0,0,5,5,920000,0,0,0,0,0,0,0,0,0
201701,40,051,3,7,Grady County                  ,7,7,1456783,0,0,0,0,0,0,0,0,0,0,0,0,0,0,0,0,0,0,0,0,0
201701,40,055,3,7,Greer County                  ,1,1,50000,0,0,0,0,0,0,0,0,0,1,1,50000,0,0,0,0,0,0,0,0,0
201701,40,081,3,7,Lincoln County                ,1,1,227857,0,0,0,0,0,0,0,0,0,1,1,227857,0,0,0,0,0,0,0,0,0
201701,40,083,3,7,Logan County                  ,1,1,218000,0,0,0,0,0,0,0,0,0,1,1,218000,0,0,0,0,0,0,0,0,0
201701,40,087,3,7,McClain County                ,35,35,6916439,0,0,0,0,0,0,0,0,0,18,18,3619000,0,0,0,0,0,0,0,0,0
201701,40,109,3,7,Oklahoma County               ,286,286,63884578,1,2,200000,0,0,0,0,0,0,274,274,61921787,1,2,200000,0,0,0,0,0,0
201701,40,111,3,7,Okmulgee County               ,0,0,0,0,0,0,0,0,0,0,0,0,0,0,0,0,0,0,0,0,0,0,0,0
201701,40,113,3,7,Osage County                  ,9,9,1242100,4,8,600000,0,0,0,0,0,0,9,9,1242100,4,8,600000,0,0,0,0,0,0
201701,40,117,3,7,Pawnee County                 ,0,0,0,0,0,0,0,0,0,0,0,0,0,0,0,0,0,0,0,0,0,0,0,0
201701,40,131,3,7,Rogers County                 ,44,44,6022494,0,0,0,0,0,0,0,0,0,44,44,6022494,0,0,0,0,0,0,0,0,0
201701,40,143,3,7,Tulsa County                  ,131,131,31983059,1,2,208960,1,4,282975,0,0,0,130,130,31920059,1,2,208960,1,4,282975,0,0,0
201701,40,145,3,7,Wagoner County                ,23,23,4398322,0,0,0,0,0,0,0,0,0,23,23,4398322,0,0,0,0,0,0,0,0,0
201701,41,000,4,9,Oregon Balance of State       ,7,7,1025104,0,0,0,0,0,0,0,0,0,0,0,0,0,0,0,0,0,0,0,0,0
201701,41,005,4,9,Clackamas County              ,99,99,27171305,0,0,0,0,0,0,1,5,1099201,88,88,22327268,0,0,0,0,0,0,0,0,0
201701,41,019,4,9,Douglas County                ,16,16,3786425,0,0,0,0,0,0,0,0,0,16,16,3786425,0,0,0,0,0,0,0,0,0
201701,41,025,4,9,Harney County                 ,0,0,0,0,0,0,0,0,0,0,0,0,0,0,0,0,0,0,0,0,0,0,0,0
201701,41,035,4,9,Klamath County                ,3,3,796476,0,0,0,0,0,0,0,0,0,3,3,796476,0,0,0,0,0,0,0,0,0
201701,41,051,4,9,Multnomah County              ,72,72,20083088,8,16,2817526,0,0,0,7,562,96127197,72,72,20083088,8,16,2817526,0,0,0,7,562,96127197
201701,41,067,4,9,Washington County             ,162,162,44841799,0,0,0,0,0,0,8,190,22319905,162,162,44841799,0,0,0,0,0,0,8,190,22319905
201701,41,071,4,9,Yamhill County                ,16,16,3930905,1,2,321553,0,0,0,0,0,0,6,6,1639230,0,0,0,0,0,0,0,0,0
201701,42,001,1,2,Adams County                  ,27,27,6158694,0,0,0,0,0,0,0,0,0,27,27,6158694,0,0,0,0,0,0,0,0,0
201701,42,017,1,2,Bucks County                  ,64,64,12736219,0,0,0,0,0,0,1,6,612000,39,39,7902434,0,0,0,0,0,0,1,6,612000
201701,42,029,1,2,Chester County                ,86,86,17255847,0,0,0,0,0,0,0,0,0,78,78,15027870,0,0,0,0,0,0,0,0,0
201701,42,037,1,2,Columbia County               ,5,5,3006201,0,0,0,0,0,0,0,0,0,1,1,2000000,0,0,0,0,0,0,0,0,0
201701,42,041,1,2,Cumberland County             ,24,24,5508246,1,2,150000,0,0,0,1,5,251062,19,19,4376842,1,2,150000,0,0,0,0,0,0
201701,42,043,1,2,Dauphin County                ,26,26,6155376,0,0,0,0,0,0,2,13,1665480,21,21,5162476,0,0,0,0,0,0,2,13,1665480
201701,42,045,1,2,Delaware County               ,25,25,6447335,0,0,0,0,0,0,0,0,0,14,14,3925761,0,0,0,0,0,0,0,0,0
201701,42,055,1,2,Franklin County               ,21,21,3950543,0,0,0,0,0,0,0,0,0,19,19,3599676,0,0,0,0,0,0,0,0,0
201701,42,091,1,2,Montgomery County             ,96,96,18014256,4,8,1110415,1,3,439607,4,25,3147442,76,76,13858961,4,8,1110415,0,0,0,0,0,0
201701,42,093,1,2,Montour County                ,3,3,617394,0,0,0,0,0,0,0,0,0,0,0,0,0,0,0,0,0,0,0,0,0
201701,42,099,1,2,Perry County                  ,5,5,1072139,0,0,0,0,0,0,0,0,0,1,1,50000,0,0,0,0,0,0,0,0,0
201701,42,101,1,2,Philadelphia County           ,59,59,15443574,21,42,6422000,8,27,3275000,2,221,31250000,59,59,15443574,21,42,6422000,8,27,3275000,2,221,31250000
201701,42,103,1,2,Pike County                   ,8,8,1872052,0,0,0,0,0,0,0,0,0,3,3,667000,0,0,0,0,0,0,0,0,0
201701,44,001,1,1,Bristol County                ,8,8,1330997,0,0,0,0,0,0,0,0,0,6,6,893644,0,0,0,0,0,0,0,0,0
201701,44,003,1,1,Kent County                   ,4,4,483609,1,2,400000,0,0,0,0,0,0,1,1,98320,0,0,0,0,0,0,0,0,0
201701,44,005,1,1,Newport County                ,9,9,2605840,0,0,0,0,0,0,0,0,0,5,5,1765920,0,0,0,0,0,0,0,0,0
201701,44,007,1,1,Providence County             ,28,28,5459449,1,2,215630,0,0,0,1,5,459206,26,26,5243174,0,0,0,0,0,0,0,0,0
201701,44,009,1,1,Washington County             ,26,26,6660840,0,0,0,0,0,0,0,0,0,21,21,5161875,0,0,0,0,0,0,0,0,0
201701,45,003,3,5,Aiken County                  ,72,72,16174016,0,0,0,0,0,0,0,0,0,61,61,14252282,0,0,0,0,0,0,0,0,0
201701,45,009,3,5,Bamberg County                ,1,1,227857,0,0,0,0,0,0,0,0,0,1,1,227857,0,0,0,0,0,0,0,0,0
201701,45,015,3,5,Berkeley County               ,123,123,34595245,0,0,0,0,0,0,1,42,990867,18,18,6035331,0,0,0,0,0,0,0,0,0
201701,45,017,3,5,Calhoun County                ,2,2,145000,0,0,0,0,0,0,0,0,0,2,2,145000,0,0,0,0,0,0,0,0,0
201701,45,019,3,5,Charleston County             ,211,211,53943296,0,0,0,0,0,0,3,184,32977088,108,108,39270688,0,0,0,0,0,0,1,130,29583873
201701,45,035,3,5,Dorchester County             ,51,51,14030500,0,0,0,0,0,0,0,0,0,51,51,14030500,0,0,0,0,0,0,0,0,0
201701,45,037,3,5,Edgefield County              ,8,8,1208251,0,0,0,0,0,0,0,0,0,8,8,1208251,0,0,0,0,0,0,0,0,0
201701,45,039,3,5,Fairfield County              ,3,3,639875,0,0,0,0,0,0,0,0,0,0,0,0,0,0,0,0,0,0,0,0,0
201701,45,045,3,5,Greenville County             ,237,237,58833293,0,0,0,0,0,0,0,0,0,237,237,58833293,0,0,0,0,0,0,0,0,0
201701,45,051,3,5,Horry County                  ,352,352,59869572,3,6,831488,0,0,0,2,10,908219,98,98,20748594,0,0,0,0,0,0,0,0,0
201701,45,055,3,5,Kershaw County                ,14,14,2211552,0,0,0,0,0,0,0,0,0,14,14,2211552,0,0,0,0,0,0,0,0,0
201701,45,059,3,5,Laurens County                ,7,7,999841,0,0,0,0,0,0,0,0,0,7,7,999841,0,0,0,0,0,0,0,0,0
201701,45,063,3,5,Lexington County              ,139,139,36188708,0,0,0,0,0,0,0,0,0,14,14,3012900,0,0,0,0,0,0,0,0,0
201701,45,077,3,5,Pickens County                ,46,46,12582265,0,0,0,0,0,0,2,20,2060202,36,36,10759762,0,0,0,0,0,0,1,5,594031
201701,45,079,3,5,Richland County               ,144,144,18818120,2,4,449814,0,0,0,2,49,3012183,0,0,0,0,0,0,0,0,0,0,0,0
201701,45,081,3,5,Saluda County                 ,3,3,501440,0,0,0,0,0,0,0,0,0,3,3,501440,0,0,0,0,0,0,0,0,0
201701,45,085,3,5,Sumter County                 ,19,19,2411760,0,0,0,0,0,0,0,0,0,0,0,0,0,0,0,0,0,0,0,0,0
201701,45,091,3,5,York County                   ,219,219,67680140,0,0,0,0,0,0,3,128,12520919,125,125,41872187,0,0,0,0,0,0,1,89,8830982
201701,46,007,2,4,Bennett County                ,0,0,0,0,0,0,0,0,0,0,0,0,0,0,0,0,0,0,0,0,0,0,0,0
201701,46,055,2,4,Haakon County                 ,0,0,0,0,0,0,0,0,0,0,0,0,0,0,0,0,0,0,0,0,0,0,0,0
201701,46,071,2,4,Jackson County                ,0,0,0,0,0,0,0,0,0,0,0,0,0,0,0,0,0,0,0,0,0,0,0,0
201701,46,111,2,4,Sanborn County                ,0,0,0,0,0,0,0,0,0,0,0,0,0,0,0,0,0,0,0,0,0,0,0,0
201701,47,001,3,6,Anderson County               ,7,7,1341333,0,0,0,0,0,0,0,0,0,7,7,1341333,0,0,0,0,0,0,0,0,0
201701,47,015,3,6,Cannon County                 ,1,1,126190,0,0,0,0,0,0,0,0,0,0,0,0,0,0,0,0,0,0,0,0,0
201701,47,021,3,6,Cheatham County               ,11,11,1867000,0,0,0,0,0,0,0,0,0,10,10,1729000,0,0,0,0,0,0,0,0,0
201701,47,037,3,6,Davidson County               ,391,391,88756097,0,0,0,3,11,1383620,2,59,5920880,391,391,88756097,0,0,0,3,11,1383620,2,59,5920880
201701,47,043,3,6,Dickson County                ,29,29,3792012,0,0,0,0,0,0,0,0,0,16,16,1134000,0,0,0,0,0,0,0,0,0
201701,47,049,3,6,Fentress County               ,0,0,0,0,0,0,0,0,0,0,0,0,0,0,0,0,0,0,0,0,0,0,0,0
201701,47,081,3,6,Hickman County                ,4,4,712947,0,0,0,0,0,0,0,0,0,0,0,0,0,0,0,0,0,0,0,0,0
201701,47,093,3,6,Knox County                   ,115,115,22667131,0,0,0,0,0,0,0,0,0,115,115,22667131,0,0,0,0,0,0,0,0,0
201701,47,105,3,6,Loudon County                 ,24,24,6540853,0,0,0,0,0,0,0,0,0,22,22,6245770,0,0,0,0,0,0,0,0,0
201701,47,125,3,6,Montgomery County             ,135,135,18261390,1,2,225000,2,8,595000,0,0,0,135,135,18261390,1,2,225000,2,8,595000,0,0,0
201701,47,139,3,6,Polk County                   ,14,14,2521737,0,0,0,0,0,0,0,0,0,0,0,0,0,0,0,0,0,0,0,0,0
201701,47,149,3,6,Rutherford County             ,175,175,46633368,0,0,0,2,8,1162572,2,29,1924807,148,148,42980488,0,0,0,2,8,1162572,1,5,550000
201701,47,153,3,6,Sequatchie County             ,0,0,0,0,0,0,0,0,0,0,0,0,0,0,0,0,0,0,0,0,0,0,0,0
201701,47,157,3,6,Shelby County                 ,79,79,21192823,0,0,0,0,0,0,0,0,0,79,79,21192823,0,0,0,0,0,0,0,0,0
201701,47,159,3,6,Smith County                  ,4,4,224900,0,0,0,0,0,0,0,0,0,4,4,224900,0,0,0,0,0,0,0,0,0
201701,47,161,3,6,Stewart County                ,0,0,0,0,0,0,0,0,0,0,0,0,0,0,0,0,0,0,0,0,0,0,0,0
201701,47,165,3,6,Sumner County                 ,116,116,27992570,0,0,0,0,0,0,0,0,0,116,116,27992570,0,0,0,0,0,0,0,0,0
201701,47,167,3,6,Tipton County                 ,8,8,1170290,0,0,0,0,0,0,0,0,0,2,2,328100,0,0,0,0,0,0,0,0,0
201701,47,169,3,6,Trousdale County              ,6,6,909000,0,0,0,0,0,0,0,0,0,6,6,909000,0,0,0,0,0,0,0,0,0
201701,47,173,3,6,Union County                  ,1,1,250000,0,0,0,0,0,0,0,0,0,1,1,250000,0,0,0,0,0,0,0,0,0
201701,47,175,3,6,Van Buren County              ,0,0,0,0,0,0,0,0,0,0,0,0,0,0,0,0,0,0,0,0,0,0,0,0
201701,47,189,3,6,Wilson County                 ,103,103,23163625,2,4,330000,0,0,0,1,24,2844604,77,77,15596219,2,4,330000,0,0,0,0,0,0
201701,48,013,3,7,Atascosa County               ,5,5,736747,0,0,0,0,0,0,0,0,0,4,4,541580,0,0,0,0,0,0,0,0,0
201701,48,015,3,7,Austin County                 ,1,1,160282,0,0,0,0,0,0,0,0,0,0,0,0,0,0,0,0,0,0,0,0,0
201701,48,019,3,7,Bandera County                ,0,0,0,0,0,0,0,0,0,0,0,0,0,0,0,0,0,0,0,0,0,0,0,0
201701,48,021,3,7,Bastrop County                ,8,8,917674,0,0,0,0,0,0,0,0,0,8,8,917674,0,0,0,0,0,0,0,0,0
201701,48,025,3,7,Bee County                    ,1,1,73175,0,0,0,0,0,0,0,0,0,0,0,0,0,0,0,0,0,0,0,0,0
201701,48,027,3,7,Bell County                   ,137,137,25368180,4,8,812100,0,0,0,0,0,0,112,112,19865978,4,8,812100,0,0,0,0,0,0
201701,48,029,3,7,Bexar County                  ,314,314,74559360,1,2,95680,1,4,393367,51,256,26367070,277,277,69652573,1,2,95680,1,4,393367,50,250,25088475
201701,48,051,3,7,Burleson County               ,4,4,285000,0,0,0,0,0,0,0,0,0,4,4,285000,0,0,0,0,0,0,0,0,0
201701,48,055,3,7,Caldwell County               ,20,20,3656806,0,0,0,0,0,0,0,0,0,1,1,60000,0,0,0,0,0,0,0,0,0
201701,48,085,3,7,Collin County                 ,743,743,222229986,0,0,0,0,0,0,16,1135,136744213,639,639,187237454,0,0,0,0,0,0,14,1112,133294658
201701,48,091,3,7,Comal County                  ,232,232,49562519,13,26,1847086,0,0,0,1,142,11268268,231,231,49203960,13,26,1847086,0,0,0,1,142,11268268
201701,48,099,3,7,Coryell County                ,11,11,1563631,1,2,133257,0,0,0,1,5,684585,0,0,0,0,0,0,0,0,0,0,0,0
201701,48,107,3,7,Crosby County                 ,1,1,67000,0,0,0,0,0,0,0,0,0,0,0,0,0,0,0,0,0,0,0,0,0
201701,48,113,3,7,Dallas County                 ,412,412,118491130,3,6,855380,2,8,1860000,23,1465,119437481,368,368,106648811,3,6,855380,2,8,1860000,23,1465,119437481
201701,48,119,3,7,Delta County                  ,1,1,227857,0,0,0,0,0,0,0,0,0,1,1,227857,0,0,0,0,0,0,0,0,0
201701,48,135,3,7,Ector County                  ,41,41,8746454,0,0,0,0,0,0,1,11,856167,0,0,0,0,0,0,0,0,0,0,0,0
201701,48,139,3,7,Ellis County                  ,137,137,24827925,0,0,0,0,0,0,0,0,0,133,133,24019983,0,0,0,0,0,0,0,0,0
201701,48,141,3,7,El Paso County                ,230,230,36645864,3,6,487013,1,4,399822,7,143,14500879,17,17,1915456,0,0,0,0,0,0,0,0,0
201701,48,157,3,7,Fort Bend County              ,764,764,88202808,0,0,0,0,0,0,2,15,990861,64,64,19545946,0,0,0,0,0,0,0,0,0
201701,48,167,3,7,Galveston County              ,186,186,40142563,0,0,0,0,0,0,1,6,330317,73,73,17795990,0,0,0,0,0,0,0,0,0
201701,48,185,3,7,Grimes County                 ,2,2,190166,0,0,0,0,0,0,0,0,0,0,0,0,0,0,0,0,0,0,0,0,0
201701,48,187,3,7,Guadalupe County              ,86,86,20212635,0,0,0,0,0,0,1,7,371943,67,67,16657620,0,0,0,0,0,0,0,0,0
201701,48,193,3,7,Hamilton County               ,0,0,0,0,0,0,0,0,0,0,0,0,0,0,0,0,0,0,0,0,0,0,0,0
201701,48,195,3,7,Hansford County               ,0,0,0,0,0,0,0,0,0,0,0,0,0,0,0,0,0,0,0,0,0,0,0,0
201701,48,201,3,7,Harris County                 ,1354,1354,274800774,7,14,1636217,11,43,5434425,12,582,39206450,1340,1340,268041859,7,14,1636217,11,43,5434425,12,582,39206450
201701,48,211,3,7,Hemphill County               ,0,0,0,0,0,0,0,0,0,0,0,0,0,0,0,0,0,0,0,0,0,0,0,0
201701,48,215,3,7,Hidalgo County                ,238,238,43779229,12,24,1512778,5,20,530000,3,129,11003846,209,209,40319303,11,22,1405000,5,20,530000,2,117,10350000
201701,48,233,3,7,Hutchinson County             ,0,0,0,0,0,0,0,0,0,1,5,536458,0,0,0,0,0,0,0,0,0,0,0,0
201701,48,251,3,7,Johnson County                ,36,36,8630306,0,0,0,0,0,0,0,0,0,34,34,8178970,0,0,0,0,0,0,0,0,0
201701,48,257,3,7,Kaufman County                ,94,94,18526195,0,0,0,0,0,0,0,0,0,87,87,17541651,0,0,0,0,0,0,0,0,0
201701,48,259,3,7,Kendall County                ,17,17,5227626,0,0,0,0,0,0,0,0,0,0,0,0,0,0,0,0,0,0,0,0,0
201701,48,271,3,7,Kinney County                 ,0,0,0,0,0,0,0,0,0,0,0,0,0,0,0,0,0,0,0,0,0,0,0,0
201701,48,281,3,7,Lampasas County               ,0,0,0,0,0,0,0,0,0,0,0,0,0,0,0,0,0,0,0,0,0,0,0,0
201701,48,291,3,7,Liberty County                ,26,26,2667521,0,0,0,0,0,0,0,0,0,0,0,0,0,0,0,0,0,0,0,0,0
201701,48,303,3,7,Lubbock County                ,85,85,21773582,2,4,333167,0,0,0,4,64,4365774,0,0,0,0,0,0,0,0,0,0,0,0
201701,48,323,3,7,Maverick County               ,7,7,757059,1,2,179424,0,0,0,0,0,0,0,0,0,0,0,0,0,0,0,0,0,0
201701,48,325,3,7,Medina County                 ,2,2,356000,0,0,0,0,0,0,0,0,0,2,2,356000,0,0,0,0,0,0,0,0,0
201701,48,329,3,7,Midland County                ,55,55,10934533,0,0,0,0,0,0,0,0,0,55,55,10934533,0,0,0,0,0,0,0,0,0
201701,48,339,3,7,Montgomery County             ,368,368,87832373,2,4,150000,0,0,0,0,0,0,362,362,86045009,2,4,150000,0,0,0,0,0,0
201701,48,367,3,7,Parker County                 ,39,39,8080189,0,0,0,0,0,0,0,0,0,39,39,8080189,0,0,0,0,0,0,0,0,0
201701,48,375,3,7,Potter County                 ,28,28,7694322,0,0,0,0,0,0,0,0,0,28,28,7694322,0,0,0,0,0,0,0,0,0
201701,48,383,3,7,Reagan County                 ,0,0,0,0,0,0,0,0,0,0,0,0,0,0,0,0,0,0,0,0,0,0,0,0
201701,48,385,3,7,Real County                   ,0,0,0,0,0,0,0,0,0,0,0,0,0,0,0,0,0,0,0,0,0,0,0,0
201701,48,395,3,7,Robertson County              ,5,5,1139284,0,0,0,0,0,0,0,0,0,5,5,1139284,0,0,0,0,0,0,0,0,0
201701,48,397,3,7,Rockwall County               ,107,107,33568333,1,2,177000,0,0,0,0,0,0,87,87,29725816,1,2,177000,0,0,0,0,0,0
201701,48,407,3,7,San Jacinto County            ,36,36,7351020,0,0,0,0,0,0,0,0,0,36,36,7351020,0,0,0,0,0,0,0,0,0
201701,48,411,3,7,San Saba County               ,0,0,0,0,0,0,0,0,0,0,0,0,0,0,0,0,0,0,0,0,0,0,0,0
201701,48,451,3,7,Tom Green County              ,20,20,4557136,0,0,0,0,0,0,0,0,0,20,20,4557136,0,0,0,0,0,0,0,0,0
201701,48,453,3,7,Travis County                 ,682,682,135207160,0,0,0,0,0,0,20,499,29872319,648,648,126492159,0,0,0,0,0,0,19,494,29488409
201701,48,473,3,7,Waller County                 ,0,0,0,0,0,0,0,0,0,1,6,133083,0,0,0,0,0,0,0,0,0,0,0,0
201701,48,491,3,7,Williamson County             ,337,337,91598769,0,0,0,1,4,284670,0,0,0,326,326,89505223,0,0,0,1,4,284670,0,0,0
201701,48,493,3,7,Wilson County                 ,4,4,780302,0,0,0,0,0,0,1,5,468750,0,0,0,0,0,0,0,0,0,0,0,0
201701,48,497,3,7,Wise County                   ,7,7,1446160,0,0,0,0,0,0,0,0,0,6,6,1220492,0,0,0,0,0,0,0,0,0
201701,49,011,4,8,Davis County                  ,83,83,19792896,0,0,0,1,4,544894,0,0,0,80,80,18601200,0,0,0,1,4,544894,0,0,0
201701,49,023,4,8,Juab County                   ,2,2,567418,0,0,0,0,0,0,0,0,0,1,1,264558,0,0,0,0,0,0,0,0,0
201701,49,029,4,8,Morgan County                 ,1,1,215596,0,0,0,0,0,0,0,0,0,0,0,0,0,0,0,0,0,0,0,0,0
201701,49,035,4,8,Salt Lake County              ,210,210,53417990,3,6,594902,1,3,444470,8,159,13869197,86,86,21223282,3,6,594902,0,0,0,5,94,7435469
201701,49,039,4,8,Sanpete County                ,3,3,245459,0,0,0,0,0,0,0,0,0,3,3,245459,0,0,0,0,0,0,0,0,0
201701,49,043,4,8,Summit County                 ,4,4,2055028,0,0,0,0,0,0,1,5,854284,0,0,0,0,0,0,0,0,0,0,0,0
201701,49,057,4,8,Weber County                  ,81,81,12714914,2,4,500000,1,4,650325,2,36,2513000,68,68,9511043,2,4,500000,0,0,0,2,36,2513000
201701,51,003,3,5,Albemarle County              ,39,39,11675342,0,0,0,0,0,0,1,5,400000,0,0,0,0,0,0,0,0,0,0,0,0
201701,51,007,3,5,Amelia County                 ,3,3,360840,0,0,0,0,0,0,0,0,0,3,3,360840,0,0,0,0,0,0,0,0,0
201701,51,009,3,5,Amherst County                ,13,13,1810607,0,0,0,0,0,0,0,0,0,13,13,1810607,0,0,0,0,0,0,0,0,0
201701,51,013,3,5,Arlington County              ,21,21,9383466,0,0,0,0,0,0,1,31,2595393,0,0,0,0,0,0,0,0,0,0,0,0
201701,51,015,3,5,Augusta County                ,19,19,3208225,0,0,0,0,0,0,0,0,0,19,19,3208225,0,0,0,0,0,0,0,0,0
201701,51,019,3,5,Bedford County                ,16,16,4703289,0,0,0,0,0,0,0,0,0,16,16,4703289,0,0,0,0,0,0,0,0,0
201701,51,033,3,5,Caroline County               ,7,7,1662375,0,0,0,0,0,0,0,0,0,0,0,0,0,0,0,0,0,0,0,0,0
201701,51,036,3,5,Charles City County           ,1,1,190664,0,0,0,0,0,0,0,0,0,0,0,0,0,0,0,0,0,0,0,0,0
201701,51,037,3,5,Charlotte County              ,1,1,422500,0,0,0,0,0,0,0,0,0,1,1,422500,0,0,0,0,0,0,0,0,0
201701,51,041,3,5,Chesterfield County           ,105,105,23924964,0,0,0,6,21,2533512,1,7,910000,105,105,23924964,0,0,0,6,21,2533512,1,7,910000
201701,51,043,3,5,Clarke County                 ,3,3,1361629,0,0,0,0,0,0,0,0,0,3,3,1361629,0,0,0,0,0,0,0,0,0
201701,51,049,3,5,Cumberland County             ,0,0,0,0,0,0,0,0,0,0,0,0,0,0,0,0,0,0,0,0,0,0,0,0
201701,51,051,3,5,Dickenson County              ,0,0,0,0,0,0,0,0,0,0,0,0,0,0,0,0,0,0,0,0,0,0,0,0
201701,51,053,3,5,Dinwiddie County              ,6,6,627436,0,0,0,0,0,0,0,0,0,0,0,0,0,0,0,0,0,0,0,0,0
201701,51,059,3,5,Fairfax County                ,74,74,16859269,0,0,0,0,0,0,0,0,0,74,74,16859269,0,0,0,0,0,0,0,0,0
201701,51,061,3,5,Fauquier County               ,16,16,4983645,0,0,0,0,0,0,0,0,0,16,16,4983645,0,0,0,0,0,0,0,0,0
201701,51,069,3,5,Frederick County              ,41,41,8452723,0,0,0,0,0,0,0,0,0,41,41,8452723,0,0,0,0,0,0,0,0,0
201701,51,073,3,5,Gloucester County             ,9,9,2029273,0,0,0,0,0,0,0,0,0,9,9,2029273,0,0,0,0,0,0,0,0,0
201701,51,075,3,5,Goochland County              ,16,16,4024307,0,0,0,0,0,0,0,0,0,16,16,4024307,0,0,0,0,0,0,0,0,0
201701,51,085,3,5,Hanover County                ,43,43,9449495,0,0,0,0,0,0,0,0,0,43,43,9449495,0,0,0,0,0,0,0,0,0
201701,51,087,3,5,Henrico County                ,68,68,10263981,0,0,0,0,0,0,1,157,12493471,68,68,10263981,0,0,0,0,0,0,1,157,12493471
201701,51,093,3,5,Isle of Wight County          ,15,15,2677720,0,0,0,0,0,0,0,0,0,15,15,2677720,0,0,0,0,0,0,0,0,0
201701,51,095,3,5,James City County             ,29,29,6230559,0,0,0,0,0,0,0,0,0,29,29,6230559,0,0,0,0,0,0,0,0,0
201701,51,097,3,5,King and Queen County         ,0,0,0,0,0,0,0,0,0,0,0,0,0,0,0,0,0,0,0,0,0,0,0,0
201701,51,099,3,5,King George County            ,6,6,1225170,0,0,0,0,0,0,0,0,0,6,6,1225170,0,0,0,0,0,0,0,0,0
201701,51,107,3,5,Loudoun County                ,189,189,43064935,0,0,0,0,0,0,6,148,14852377,189,189,43064935,0,0,0,0,0,0,6,148,14852377
201701,51,109,3,5,Louisa County                 ,18,18,3844818,0,0,0,0,0,0,0,0,0,0,0,0,0,0,0,0,0,0,0,0,0
201701,51,115,3,5,Mathews County                ,6,6,1495800,0,0,0,0,0,0,0,0,0,6,6,1495800,0,0,0,0,0,0,0,0,0
201701,51,127,3,5,New Kent County               ,18,18,4101422,0,0,0,0,0,0,0,0,0,18,18,4101422,0,0,0,0,0,0,0,0,0
201701,51,139,3,5,Page County                   ,4,4,437000,0,0,0,0,0,0,0,0,0,4,4,437000,0,0,0,0,0,0,0,0,0
201701,51,145,3,5,Powhatan County               ,9,9,1706970,0,0,0,0,0,0,0,0,0,9,9,1706970,0,0,0,0,0,0,0,0,0
201701,51,149,3,5,Prince George County          ,3,3,492820,0,0,0,0,0,0,0,0,0,3,3,492820,0,0,0,0,0,0,0,0,0
201701,51,153,3,5,Prince William County         ,117,117,20858200,0,0,0,0,0,0,8,82,8274620,117,117,20858200,0,0,0,0,0,0,8,82,8274620
201701,51,165,3,5,Rockingham County             ,25,25,5268780,0,0,0,0,0,0,0,0,0,25,25,5268780,0,0,0,0,0,0,0,0,0
201701,51,175,3,5,Southampton County            ,2,2,296815,0,0,0,0,0,0,0,0,0,0,0,0,0,0,0,0,0,0,0,0,0
201701,51,177,3,5,Spotsylvania County           ,45,45,10047253,0,0,0,0,0,0,0,0,0,45,45,10047253,0,0,0,0,0,0,0,0,0
201701,51,179,3,5,Stafford County               ,84,84,24562413,0,0,0,0,0,0,0,0,0,84,84,24562413,0,0,0,0,0,0,0,0,0
201701,51,181,3,5,Surry County                  ,2,2,306246,0,0,0,0,0,0,0,0,0,0,0,0,0,0,0,0,0,0,0,0,0
201701,51,183,3,5,Sussex County                 ,1,1,336339,0,0,0,0,0,0,0,0,0,1,1,336339,0,0,0,0,0,0,0,0,0
201701,51,187,3,5,Warren County                 ,12,12,2317000,0,0,0,0,0,0,0,0,0,12,12,2317000,0,0,0,0,0,0,0,0,0
201701,51,199,3,5,York County                   ,8,8,1822854,0,0,0,0,0,0,0,0,0,8,8,1822854,0,0,0,0,0,0,0,0,0
201701,51,510,3,5,Alexandria (Independent City) ,13,13,2310000,0,0,0,0,0,0,0,0,0,13,13,2310000,0,0,0,0,0,0,0,0,0
201701,51,540,3,5,Charlottesville (Independent C,6,6,1308335,1,2,190750,0,0,0,1,12,1773571,0,0,0,0,0,0,0,0,0,0,0,0
201701,51,550,3,5,Chesapeake(Independent City)  ,89,89,20279255,2,4,475700,0,0,0,0,0,0,89,89,20279255,2,4,475700,0,0,0,0,0,0
201701,51,570,3,5,Colonial Heights (Independent ,0,0,0,0,0,0,0,0,0,0,0,0,0,0,0,0,0,0,0,0,0,0,0,0
201701,51,580,3,5,Covington (Independent City)  ,0,0,0,0,0,0,0,0,0,0,0,0,0,0,0,0,0,0,0,0,0,0,0,0
201701,51,600,3,5,Fairfax (Independent City)    ,3,3,360000,0,0,0,0,0,0,0,0,0,3,3,360000,0,0,0,0,0,0,0,0,0
201701,51,610,3,5,Falls Church (Independent City,3,3,1695000,0,0,0,0,0,0,0,0,0,3,3,1695000,0,0,0,0,0,0,0,0,0
201701,51,630,3,5,Fredericksburg(Independent Cit,11,11,2244400,0,0,0,0,0,0,0,0,0,11,11,2244400,0,0,0,0,0,0,0,0,0
201701,51,650,3,5,Hampton (Independent City)    ,14,14,897343,0,0,0,0,0,0,0,0,0,0,0,0,0,0,0,0,0,0,0,0,0
201701,51,660,3,5,Harrisonburg (Independent City,2,2,487500,0,0,0,0,0,0,0,0,0,2,2,487500,0,0,0,0,0,0,0,0,0
201701,51,670,3,5,Hopewell (Independent City)   ,4,4,340618,0,0,0,0,0,0,0,0,0,0,0,0,0,0,0,0,0,0,0,0,0
201701,51,680,3,5,Lynchburg (Independent City)  ,1,1,200000,0,0,0,0,0,0,0,0,0,1,1,200000,0,0,0,0,0,0,0,0,0
201701,51,683,3,5,Manassas (Independent City)   ,0,0,0,0,0,0,0,0,0,1,105,2192744,0,0,0,0,0,0,0,0,0,1,105,2192744
201701,51,685,3,5,Manassas Park (Independent Cit,0,0,0,0,0,0,0,0,0,0,0,0,0,0,0,0,0,0,0,0,0,0,0,0
201701,51,700,3,5,Newport News (Independent City,6,6,1048425,0,0,0,0,0,0,0,0,0,6,6,1048425,0,0,0,0,0,0,0,0,0
201701,51,710,3,5,Norfolk (Independent City)    ,38,38,8658558,0,0,0,0,0,0,0,0,0,38,38,8658558,0,0,0,0,0,0,0,0,0
201701,51,730,3,5,Petersburg (Independent City) ,0,0,0,0,0,0,0,0,0,0,0,0,0,0,0,0,0,0,0,0,0,0,0,0
201701,51,735,3,5,Poquoson (Independent City)   ,2,2,541808,0,0,0,1,4,678800,0,0,0,2,2,541808,0,0,0,1,4,678800,0,0,0
201701,51,740,3,5,Portsmouth (Independent City) ,10,10,1509000,0,0,0,0,0,0,0,0,0,10,10,1509000,0,0,0,0,0,0,0,0,0
201701,51,760,3,5,Richmond (Independent City)   ,23,23,5240706,0,0,0,0,0,0,0,0,0,23,23,5240706,0,0,0,0,0,0,0,0,0
201701,51,800,3,5,Suffolk (Independent City)    ,29,29,6607847,0,0,0,0,0,0,0,0,0,29,29,6607847,0,0,0,0,0,0,0,0,0
201701,51,810,3,5,Virginia Beach (Independent Ci,94,94,15214200,0,0,0,0,0,0,0,0,0,94,94,15214200,0,0,0,0,0,0,0,0,0
201701,51,830,3,5,Williamsburg (Independent City,6,6,1129540,0,0,0,0,0,0,0,0,0,6,6,1129540,0,0,0,0,0,0,0,0,0
201701,53,005,4,9,Benton County                 ,48,48,14224291,0,0,0,0,0,0,1,12,1375495,10,10,3346254,0,0,0,0,0,0,0,0,0
201701,53,011,4,9,Clark County                  ,162,162,42495154,0,0,0,0,0,0,5,100,8092797,43,43,8111947,0,0,0,0,0,0,3,64,4309824
201701,53,021,4,9,Franklin County               ,28,28,7405468,0,0,0,0,0,0,0,0,0,0,0,0,0,0,0,0,0,0,0,0,0
201701,53,031,4,9,Jefferson County              ,10,10,2503369,0,0,0,0,0,0,0,0,0,10,10,2503369,0,0,0,0,0,0,0,0,0
201701,53,033,4,9,King County                   ,300,300,119615722,22,44,9469324,15,53,11938485,22,608,83558107,252,252,94983597,22,44,9469324,15,53,11938485,19,559,76116852
201701,53,035,4,9,Kitsap County                 ,64,64,17880808,0,0,0,0,0,0,0,0,0,64,64,17880808,0,0,0,0,0,0,0,0,0
201701,53,053,4,9,Pierce County                 ,221,221,67916830,1,2,342336,0,0,0,9,328,39938263,220,220,67653168,1,2,342336,0,0,0,8,323,39042960
201701,53,055,4,9,San Juan County               ,5,5,1203041,0,0,0,0,0,0,0,0,0,0,0,0,0,0,0,0,0,0,0,0,0
201701,53,059,4,9,Skamania County               ,2,2,496863,0,0,0,0,0,0,0,0,0,2,2,496863,0,0,0,0,0,0,0,0,0
201701,53,061,4,9,Snohomish County              ,210,210,59126507,2,4,909810,1,3,404502,2,31,3179744,193,193,55139652,1,2,493638,1,3,404502,0,0,0
201701,54,011,3,5,Cabell County                 ,1,1,509214,0,0,0,0,0,0,0,0,0,1,1,509214,0,0,0,0,0,0,0,0,0
201701,54,015,3,5,Clay County                   ,0,0,0,0,0,0,0,0,0,0,0,0,0,0,0,0,0,0,0,0,0,0,0,0
201701,54,019,3,5,Fayette County                ,2,2,224401,0,0,0,0,0,0,0,0,0,0,0,0,0,0,0,0,0,0,0,0,0
201701,54,037,3,5,Jefferson County              ,17,17,3746442,0,0,0,0,0,0,0,0,0,16,16,3596442,0,0,0,0,0,0,0,0,0
201701,54,081,3,5,Raleigh County                ,1,1,140000,0,0,0,0,0,0,0,0,0,1,1,140000,0,0,0,0,0,0,0,0,0
201701,55,025,2,3,Dane County                   ,82,82,26840365,6,12,1620000,0,0,0,2,103,13293317,59,59,19937528,6,12,1620000,0,0,0,0,0,0
201701,55,031,2,3,Douglas County                ,1,1,20000,0,0,0,0,0,0,0,0,0,1,1,20000,0,0,0,0,0,0,0,0,0
201701,55,037,2,3,Florence County               ,0,0,0,0,0,0,0,0,0,0,0,0,0,0,0,0,0,0,0,0,0,0,0,0
201701,55,049,2,3,Iowa County                   ,0,0,0,0,0,0,0,0,0,0,0,0,0,0,0,0,0,0,0,0,0,0,0,0
201701,55,059,2,3,Kenosha County                ,7,7,1522170,0,0,0,0,0,0,0,0,0,7,7,1522170,0,0,0,0,0,0,0,0,0
201701,55,079,2,3,Milwaukee County              ,9,9,2895074,3,6,1350000,0,0,0,0,0,0,9,9,2895074,3,6,1350000,0,0,0,0,0,0
201701,55,089,2,3,Ozaukee County                ,10,10,3597309,0,0,0,0,0,0,0,0,0,5,5,1317066,0,0,0,0,0,0,0,0,0
201701,55,093,2,3,Pierce County                 ,1,1,750000,0,0,0,0,0,0,0,0,0,1,1,750000,0,0,0,0,0,0,0,0,0
201701,55,109,2,3,St. Croix County              ,19,19,6352825,1,2,280000,0,0,0,0,0,0,18,18,6077790,1,2,280000,0,0,0,0,0,0
201701,55,131,2,3,Washington County             ,20,20,6631742,0,0,0,0,0,0,1,5,354167,14,14,4613000,0,0,0,0,0,0,0,0,0
201701,56,029,4,8,Park County                   ,1,1,287713,0,0,0,0,0,0,0,0,0,1,1,287713,0,0,0,0,0,0,0,0,0
201701,56,039,4,8,Teton County                  ,4,4,5843206,1,2,617754,1,3,116499,0,0,0,3,3,5481650,0,0,0,0,0,0,0,0,0
