Survey,FIPS,FIPS,Region,Division,County,,1-unit,,,2-units,,,3-4 units,,,5+ units,,,1-unit rep,,,2-units rep,,,3-4 units rep,,, 5+units rep
Date,State,County,Code,Code,Name,Bldgs,Units,Value,Bldgs,Units,Value,Bldgs,Units,Value,Bldgs,Units,Value,Bldgs,Units,Value,Bldgs,Units,Value,Bldgs,Units,Value,Bldgs,Units,Value
 
201810,01,001,3,6,Autauga County                ,10,10,3203703,0,0,0,0,0,0,0,0,0,10,10,3203703,0,0,0,0,0,0,0,0,0
201810,01,007,3,6,Bibb County                   ,1,1,255129,0,0,0,0,0,0,0,0,0,0,0,0,0,0,0,0,0,0,0,0,0
201810,01,009,3,6,Blount County                 ,1,1,375000,0,0,0,0,0,0,0,0,0,1,1,375000,0,0,0,0,0,0,0,0,0
201810,01,021,3,6,Chilton County                ,1,1,130000,0,0,0,0,0,0,0,0,0,1,1,130000,0,0,0,0,0,0,0,0,0
201810,01,073,3,6,Jefferson County              ,100,100,33217277,0,0,0,0,0,0,0,0,0,76,76,27879531,0,0,0,0,0,0,0,0,0
201810,01,081,3,6,Lee County                    ,78,78,22952831,1,2,210669,0,0,0,1,32,8366881,28,28,8605453,0,0,0,0,0,0,0,0,0
201810,01,083,3,6,Limestone County              ,14,14,3309697,0,0,0,0,0,0,0,0,0,14,14,3309697,0,0,0,0,0,0,0,0,0
201810,01,089,3,6,Madison County                ,216,216,32865153,0,0,0,0,0,0,0,0,0,216,216,32865153,0,0,0,0,0,0,0,0,0
201810,01,113,3,6,Russell County                ,6,6,833360,0,0,0,0,0,0,0,0,0,6,6,833360,0,0,0,0,0,0,0,0,0
201810,01,115,3,6,St. Clair County              ,8,8,1629800,0,0,0,0,0,0,0,0,0,7,7,1408936,0,0,0,0,0,0,0,0,0
201810,01,117,3,6,Shelby County                 ,71,71,18370032,0,0,0,0,0,0,0,0,0,16,16,4684366,0,0,0,0,0,0,0,0,0
201810,01,127,3,6,Walker County                 ,0,0,0,0,0,0,0,0,0,0,0,0,0,0,0,0,0,0,0,0,0,0,0,0
201810,02,013,4,9,Aleutians East Borough        ,0,0,0,0,0,0,0,0,0,0,0,0,0,0,0,0,0,0,0,0,0,0,0,0
201810,02,016,4,9,Aleutians West Census Area    ,1,1,98118,0,0,0,0,0,0,0,0,0,0,0,0,0,0,0,0,0,0,0,0,0
201810,02,020,4,9,Anchorage Municipality        ,71,71,22240726,0,0,0,1,4,694913,2,13,2055242,0,0,0,0,0,0,0,0,0,0,0,0
201810,02,050,4,9,Bethel Census Area            ,0,0,0,0,0,0,0,0,0,0,0,0,0,0,0,0,0,0,0,0,0,0,0,0
201810,02,060,4,9,Bristol Bay Borough           ,0,0,0,0,0,0,0,0,0,0,0,0,0,0,0,0,0,0,0,0,0,0,0,0
201810,02,070,4,9,Dillingham Census Area        ,0,0,0,0,0,0,0,0,0,0,0,0,0,0,0,0,0,0,0,0,0,0,0,0
201810,02,090,4,9,Fairbanks North Star Borough  ,0,0,0,0,0,0,0,0,0,0,0,0,0,0,0,0,0,0,0,0,0,0,0,0
201810,02,100,4,9,Haines Borough                ,1,1,278425,0,0,0,0,0,0,0,0,0,0,0,0,0,0,0,0,0,0,0,0,0
201810,02,105,4,9,Hoonah-Angoon Census Area     ,0,0,0,0,0,0,0,0,0,0,0,0,0,0,0,0,0,0,0,0,0,0,0,0
201810,02,110,4,9,Juneau City and Borough       ,1,1,216742,0,0,0,0,0,0,0,0,0,1,1,216742,0,0,0,0,0,0,0,0,0
201810,02,122,4,9,Kenai Peninsula Borough       ,6,6,1350444,0,0,0,0,0,0,0,0,0,2,2,485000,0,0,0,0,0,0,0,0,0
201810,02,130,4,9,Ketchikan Gateway Borough     ,2,2,570356,0,0,0,0,0,0,0,0,0,2,2,570356,0,0,0,0,0,0,0,0,0
201810,02,150,4,9,Kodiak Island Borough         ,1,1,296407,1,2,365220,0,0,0,0,0,0,1,1,296407,1,2,365220,0,0,0,0,0,0
201810,02,158,4,9,Kusilvak Census Area          ,0,0,0,0,0,0,0,0,0,0,0,0,0,0,0,0,0,0,0,0,0,0,0,0
201810,02,170,4,9,Matanuska-Susitna Borough     ,6,6,1706924,5,10,1723817,1,3,359024,0,0,0,6,6,1706924,5,10,1723817,1,3,359024,0,0,0
201810,02,180,4,9,Nome Census Area              ,0,0,0,0,0,0,0,0,0,0,0,0,0,0,0,0,0,0,0,0,0,0,0,0
201810,02,185,4,9,North Slope Borough           ,0,0,0,0,0,0,0,0,0,0,0,0,0,0,0,0,0,0,0,0,0,0,0,0
201810,02,188,4,9,Northwest Arctic Borough      ,0,0,0,0,0,0,0,0,0,0,0,0,0,0,0,0,0,0,0,0,0,0,0,0
201810,02,195,4,9,Petersburg Borough            ,1,1,155636,0,0,0,0,0,0,0,0,0,0,0,0,0,0,0,0,0,0,0,0,0
201810,02,198,4,9,Prince of Wales-Hyder Census A,0,0,0,1,2,354708,0,0,0,0,0,0,0,0,0,0,0,0,0,0,0,0,0,0
201810,02,220,4,9,Sitka City and Borough        ,2,2,427828,0,0,0,0,0,0,0,0,0,0,0,0,0,0,0,0,0,0,0,0,0
201810,02,230,4,9,Skagway Municipality          ,0,0,0,0,0,0,0,0,0,0,0,0,0,0,0,0,0,0,0,0,0,0,0,0
201810,02,261,4,9,Valdez-Cordova Census Area    ,1,1,375000,0,0,0,0,0,0,0,0,0,1,1,375000,0,0,0,0,0,0,0,0,0
201810,02,275,4,9,Wrangell City and Borough     ,2,2,140000,0,0,0,0,0,0,0,0,0,2,2,140000,0,0,0,0,0,0,0,0,0
201810,02,282,4,9,Yakutat City and Borough      ,0,0,0,0,0,0,0,0,0,0,0,0,0,0,0,0,0,0,0,0,0,0,0,0
201810,02,290,4,9,Yukon-Koyukuk Census Area     ,0,0,0,0,0,0,0,0,0,0,0,0,0,0,0,0,0,0,0,0,0,0,0,0
201810,04,013,4,8,Maricopa County               ,1481,1481,425619655,7,14,2259844,3,10,1833733,15,434,62968477,1267,1267,362406402,7,14,2259844,3,10,1833733,10,378,55000428
201810,04,019,4,8,Pima County                   ,248,248,69729712,2,4,477640,0,0,0,13,116,16455544,47,47,14095874,0,0,0,0,0,0,0,0,0
201810,04,021,4,8,Pinal County                  ,454,454,88687228,9,18,1047552,0,0,0,0,0,0,444,444,86857533,9,18,1047552,0,0,0,0,0,0
201810,05,013,3,7,Calhoun County                ,0,0,0,0,0,0,0,0,0,0,0,0,0,0,0,0,0,0,0,0,0,0,0,0
201810,05,035,3,7,Crittenden County             ,11,11,1869021,0,0,0,0,0,0,0,0,0,11,11,1869021,0,0,0,0,0,0,0,0,0
201810,05,043,3,7,Drew County                   ,1,1,200000,1,2,90000,0,0,0,0,0,0,1,1,200000,1,2,90000,0,0,0,0,0,0
201810,05,045,3,7,Faulkner County               ,22,22,4607795,0,0,0,0,0,0,1,9,237758,5,5,632000,0,0,0,0,0,0,0,0,0
201810,05,053,3,7,Grant County                  ,2,2,301111,0,0,0,0,0,0,0,0,0,0,0,0,0,0,0,0,0,0,0,0,0
201810,05,085,3,7,Lonoke County                 ,32,32,3156643,0,0,0,0,0,0,0,0,0,10,10,1199825,0,0,0,0,0,0,0,0,0
201810,05,087,3,7,Madison County                ,0,0,0,0,0,0,0,0,0,0,0,0,0,0,0,0,0,0,0,0,0,0,0,0
201810,05,091,3,7,Miller County                 ,3,3,685280,0,0,0,0,0,0,0,0,0,0,0,0,0,0,0,0,0,0,0,0,0
201810,05,105,3,7,Perry County                  ,0,0,0,0,0,0,0,0,0,0,0,0,0,0,0,0,0,0,0,0,0,0,0,0
201810,05,119,3,7,Pulaski County                ,49,49,17783656,0,0,0,0,0,0,0,0,0,49,49,17783656,0,0,0,0,0,0,0,0,0
201810,05,129,3,7,Searcy County                 ,0,0,0,0,0,0,0,0,0,0,0,0,0,0,0,0,0,0,0,0,0,0,0,0
201810,05,143,3,7,Washington County             ,101,101,26959596,1,2,153388,0,0,0,0,0,0,82,82,24515574,0,0,0,0,0,0,0,0,0
201810,06,001,4,9,Alameda County                ,209,209,71635421,6,12,3491060,1,4,758800,13,155,38394775,145,145,51244298,6,12,3491060,1,4,758800,8,115,31347753
201810,06,013,4,9,Contra Costa County           ,62,62,20526804,0,0,0,3,9,2323940,5,67,6834806,61,61,20290349,0,0,0,3,9,2323940,4,62,6200000
201810,06,017,4,9,El Dorado County              ,49,49,13219842,0,0,0,0,0,0,0,0,0,49,49,13219842,0,0,0,0,0,0,0,0,0
201810,06,019,4,9,Fresno County                 ,160,160,45997997,4,8,1698546,1,3,124322,8,51,5048568,91,91,26755249,0,0,0,0,0,0,0,0,0
201810,06,037,4,9,Los Angeles County            ,475,475,164288526,47,94,16684309,7,24,3909005,29,1016,192060049,379,379,121131412,46,92,16255299,4,15,2435184,23,974,181923391
201810,06,041,4,9,Marin County                  ,5,5,4509266,0,0,0,0,0,0,0,0,0,3,3,2907900,0,0,0,0,0,0,0,0,0
201810,06,059,4,9,Orange County                 ,278,278,85982660,11,22,5139203,5,15,3017875,6,92,15883530,144,144,36816624,9,18,3805846,5,15,3017875,2,16,2427823
201810,06,061,4,9,Placer County                 ,186,186,64776500,0,0,0,0,0,0,0,0,0,186,186,64776500,0,0,0,0,0,0,0,0,0
201810,06,063,4,9,Plumas County                 ,7,7,1433078,0,0,0,0,0,0,0,0,0,7,7,1433078,0,0,0,0,0,0,0,0,0
201810,06,067,4,9,Sacramento County             ,290,290,85056252,2,4,699434,2,8,1394255,7,64,8755101,288,288,84578208,2,4,699434,2,8,1394255,7,64,8755101
201810,06,069,4,9,San Benito County             ,49,49,12080184,0,0,0,0,0,0,0,0,0,0,0,0,0,0,0,0,0,0,0,0,0
201810,06,071,4,9,San Bernardino County         ,221,221,57191047,0,0,0,1,3,385767,2,13,1155263,197,197,50649678,0,0,0,1,3,385767,1,6,769056
201810,06,073,4,9,San Diego County              ,213,213,67433792,9,18,2889855,10,39,7125632,20,156,29737580,207,207,66054014,9,18,2889855,10,39,7125632,19,144,27080945
201810,06,075,4,9,San Francisco County          ,4,4,1079171,27,54,3625000,0,0,0,7,603,92641962,4,4,1079171,27,54,3625000,0,0,0,7,603,92641962
201810,06,081,4,9,San Mateo County              ,36,36,36567145,1,2,830000,0,0,0,2,40,6326341,14,14,23891741,0,0,0,0,0,0,0,0,0
201810,06,085,4,9,Santa Clara County            ,121,121,50360905,0,0,0,2,6,1636153,9,504,65784096,91,91,41331465,0,0,0,0,0,0,6,417,53028701
201810,06,091,4,9,Sierra County                 ,1,1,219160,0,0,0,0,0,0,0,0,0,1,1,219160,0,0,0,0,0,0,0,0,0
201810,06,113,4,9,Yolo County                   ,38,38,11999543,0,0,0,0,0,0,3,45,12000000,37,37,11518671,0,0,0,0,0,0,3,45,12000000
201810,08,001,4,8,Adams County                  ,231,231,57721690,0,0,0,0,0,0,0,0,0,230,230,57392953,0,0,0,0,0,0,0,0,0
201810,08,005,4,8,Arapahoe County               ,209,209,59690967,0,0,0,0,0,0,0,0,0,207,207,59519556,0,0,0,0,0,0,0,0,0
201810,08,014,4,8,Broomfield County             ,61,61,19347968,0,0,0,0,0,0,0,0,0,61,61,19347968,0,0,0,0,0,0,0,0,0
201810,08,015,4,8,Chaffee County                ,13,13,3444276,1,2,323962,0,0,0,0,0,0,0,0,0,0,0,0,0,0,0,0,0,0
201810,08,019,4,8,Clear Creek County            ,1,1,337163,0,0,0,0,0,0,1,5,727085,0,0,0,0,0,0,0,0,0,0,0,0
201810,08,031,4,8,Denver County                 ,235,235,63401282,0,0,0,2,8,1533200,9,272,30930650,235,235,63401282,0,0,0,2,8,1533200,9,272,30930650
201810,08,035,4,8,Douglas County                ,225,225,68006224,0,0,0,0,0,0,0,0,0,219,219,65960983,0,0,0,0,0,0,0,0,0
201810,08,039,4,8,Elbert County                 ,30,30,8751448,0,0,0,0,0,0,0,0,0,30,30,8751448,0,0,0,0,0,0,0,0,0
201810,08,041,4,8,El Paso County                ,261,261,100666007,0,0,0,0,0,0,2,26,3481948,261,261,100666007,0,0,0,0,0,0,2,26,3481948
201810,08,047,4,8,Gilpin County                 ,5,5,1348963,0,0,0,0,0,0,0,0,0,5,5,1348963,0,0,0,0,0,0,0,0,0
201810,08,059,4,8,Jefferson County              ,88,88,25283124,0,0,0,0,0,0,1,78,16000000,87,87,25027524,0,0,0,0,0,0,1,78,16000000
201810,08,069,4,8,Larimer County                ,130,130,36184457,3,6,858019,3,12,1233014,8,189,19553567,130,130,36184457,3,6,858019,3,12,1233014,8,189,19553567
201810,08,077,4,8,Mesa County                   ,59,59,11787284,0,0,0,0,0,0,1,5,514734,0,0,0,0,0,0,0,0,0,0,0,0
201810,08,093,4,8,Park County                   ,26,26,6249526,0,0,0,0,0,0,0,0,0,26,26,6249526,0,0,0,0,0,0,0,0,0
201810,08,101,4,8,Pueblo County                 ,38,38,6647165,0,0,0,0,0,0,0,0,0,38,38,6647165,0,0,0,0,0,0,0,0,0
201810,08,119,4,8,Teller County                 ,9,9,2380690,0,0,0,0,0,0,0,0,0,9,9,2380690,0,0,0,0,0,0,0,0,0
201810,09,001,1,1,Fairfield County              ,81,81,49430161,1,2,332000,0,0,0,3,58,9682377,47,47,17520926,1,2,332000,0,0,0,2,51,5404599
201810,09,003,1,1,Hartford County               ,55,55,8547270,0,0,0,3,10,1085925,5,41,2675041,45,45,5879210,0,0,0,3,10,1085925,3,30,2280000
201810,09,007,1,1,Middlesex County              ,10,10,2189410,0,0,0,0,0,0,0,0,0,6,6,1349700,0,0,0,0,0,0,0,0,0
201810,09,013,1,1,Tolland County                ,16,16,3869720,0,0,0,0,0,0,2,10,993879,7,7,1709145,0,0,0,0,0,0,0,0,0
201810,10,001,3,5,Kent County                   ,146,146,17350667,2,4,300000,0,0,0,1,5,487486,144,144,16917840,2,4,300000,0,0,0,0,0,0
201810,10,003,3,5,New Castle County             ,106,106,8899155,0,0,0,0,0,0,3,19,464256,89,89,7465035,0,0,0,0,0,0,0,0,0
201810,10,005,3,5,Sussex County                 ,269,269,38801171,5,10,782215,1,4,864000,1,6,767000,269,269,38801171,5,10,782215,1,4,864000,1,6,767000
201810,11,001,3,5,Washington  DC                ,11,11,2600476,2,4,485966,0,0,0,5,1008,110262301,11,11,2600476,2,4,485966,0,0,0,5,1008,110262301
201810,12,003,3,5,Baker County                  ,6,6,1014302,0,0,0,0,0,0,0,0,0,6,6,1014302,0,0,0,0,0,0,0,0,0
201810,12,019,3,5,Clay County                   ,80,80,16789850,0,0,0,0,0,0,0,0,0,80,80,16789850,0,0,0,0,0,0,0,0,0
201810,12,029,3,5,Dixie County                  ,3,3,378970,0,0,0,0,0,0,0,0,0,0,0,0,0,0,0,0,0,0,0,0,0
201810,12,031,3,5,Duval County                  ,379,379,91974958,0,0,0,0,0,0,0,0,0,371,371,88593427,0,0,0,0,0,0,0,0,0
201810,12,033,3,5,Escambia County               ,84,84,19858180,0,0,0,0,0,0,8,64,1323608,84,84,19858180,0,0,0,0,0,0,8,64,1323608
201810,12,053,3,5,Hernando County               ,113,113,18488795,0,0,0,0,0,0,0,0,0,113,113,18488795,0,0,0,0,0,0,0,0,0
201810,12,057,3,5,Hillsborough County           ,769,769,267843810,2,4,870000,0,0,0,4,20,5000000,769,769,267843810,2,4,870000,0,0,0,4,20,5000000
201810,12,067,3,5,Lafayette County              ,1,1,171429,0,0,0,0,0,0,0,0,0,0,0,0,0,0,0,0,0,0,0,0,0
201810,12,071,3,5,Lee County                    ,520,520,125454255,22,44,5795365,1,4,995025,18,511,63273902,520,520,125454255,22,44,5795365,1,4,995025,18,511,63273902
201810,12,073,3,5,Leon County                   ,53,53,10614981,0,0,0,0,0,0,5,101,13343213,0,0,0,0,0,0,0,0,0,0,0,0
201810,12,081,3,5,Manatee County                ,249,249,55802795,0,0,0,1,4,545992,9,379,37289930,14,14,4662510,0,0,0,0,0,0,6,332,33572432
201810,12,086,3,5,Miami-Dade County             ,174,174,50587210,12,24,3531961,1,4,480000,21,410,38711553,145,145,40577634,12,24,3531961,1,4,480000,17,278,17575619
201810,12,089,3,5,Nassau County                 ,87,87,26388928,0,0,0,0,0,0,0,0,0,86,86,26282800,0,0,0,0,0,0,0,0,0
201810,12,091,3,5,Okaloosa County               ,44,44,16205063,0,0,0,0,0,0,0,0,0,41,41,15653881,0,0,0,0,0,0,0,0,0
201810,12,095,3,5,Orange County                 ,674,674,177712210,7,14,2101816,0,0,0,8,383,42750303,635,635,164518687,7,14,2101816,0,0,0,7,378,42056336
201810,12,097,3,5,Osceola County                ,368,368,76290844,0,0,0,0,0,0,5,186,19406247,368,368,76290844,0,0,0,0,0,0,5,186,19406247
201810,12,101,3,5,Pasco County                  ,335,335,66109030,0,0,0,1,3,218418,1,5,520520,334,334,66014312,0,0,0,1,3,218418,1,5,520520
201810,12,103,3,5,Pinellas County               ,79,79,23132186,2,4,418430,0,0,0,8,259,35749674,69,69,19317596,2,4,418430,0,0,0,8,259,35749674
201810,12,109,3,5,St. Johns County              ,488,488,117280982,0,0,0,1,4,921600,1,6,1382400,488,488,117280982,0,0,0,1,4,921600,1,6,1382400
201810,12,113,3,5,Santa Rosa County             ,155,155,25339030,0,0,0,0,0,0,0,0,0,155,155,25339030,0,0,0,0,0,0,0,0,0
201810,12,115,3,5,Sarasota County               ,276,276,82788106,0,0,0,2,7,1718717,7,269,26230303,183,183,60228330,0,0,0,1,4,961159,7,269,26230303
201810,12,117,3,5,Seminole County               ,82,82,25944789,11,22,2912309,0,0,0,2,37,2856822,53,53,18742884,10,20,2605500,0,0,0,0,0,0
201810,12,119,3,5,Sumter County                 ,187,187,47956199,0,0,0,0,0,0,0,0,0,187,187,47956199,0,0,0,0,0,0,0,0,0
201810,12,129,3,5,Wakulla County                ,10,10,1880000,0,0,0,0,0,0,0,0,0,10,10,1880000,0,0,0,0,0,0,0,0,0
201810,12,131,3,5,Walton County                 ,102,102,55754552,0,0,0,0,0,0,0,0,0,102,102,55754552,0,0,0,0,0,0,0,0,0
201810,12,133,3,5,Washington County             ,4,4,554952,0,0,0,0,0,0,0,0,0,0,0,0,0,0,0,0,0,0,0,0,0
201810,13,007,3,5,Baker County                  ,0,0,0,0,0,0,0,0,0,0,0,0,0,0,0,0,0,0,0,0,0,0,0,0
201810,13,013,3,5,Barrow County                 ,44,44,5619696,0,0,0,0,0,0,1,12,858114,23,23,3235675,0,0,0,0,0,0,0,0,0
201810,13,015,3,5,Bartow County                 ,70,70,10816243,0,0,0,0,0,0,0,0,0,68,68,10261023,0,0,0,0,0,0,0,0,0
201810,13,021,3,5,Bibb County                   ,9,9,1432153,0,0,0,0,0,0,0,0,0,0,0,0,0,0,0,0,0,0,0,0,0
201810,13,029,3,5,Bryan County                  ,34,34,8361345,0,0,0,0,0,0,0,0,0,34,34,8361345,0,0,0,0,0,0,0,0,0
201810,13,033,3,5,Burke County                  ,3,3,532232,0,0,0,0,0,0,0,0,0,0,0,0,0,0,0,0,0,0,0,0,0
201810,13,035,3,5,Butts County                  ,3,3,1102300,0,0,0,0,0,0,0,0,0,3,3,1102300,0,0,0,0,0,0,0,0,0
201810,13,045,3,5,Carroll County                ,64,64,15690739,0,0,0,0,0,0,0,0,0,64,64,15690739,0,0,0,0,0,0,0,0,0
201810,13,051,3,5,Chatham County                ,92,92,19541243,0,0,0,0,0,0,0,0,0,44,44,8547038,0,0,0,0,0,0,0,0,0
201810,13,057,3,5,Cherokee County               ,205,205,46700035,0,0,0,2,7,1666580,6,320,36778000,205,205,46700035,0,0,0,2,7,1666580,6,320,36778000
201810,13,059,3,5,Clarke County                 ,24,24,4745662,0,0,0,0,0,0,0,0,0,24,24,4745662,0,0,0,0,0,0,0,0,0
201810,13,063,3,5,Clayton County                ,12,12,2699606,0,0,0,0,0,0,0,0,0,11,11,2600476,0,0,0,0,0,0,0,0,0
201810,13,067,3,5,Cobb County                   ,138,138,36713403,6,12,1260000,0,0,0,5,467,68012238,124,124,34084290,6,12,1260000,0,0,0,5,467,68012238
201810,13,073,3,5,Columbia County               ,57,57,16236588,0,0,0,4,13,1164440,2,16,728000,57,57,16236588,0,0,0,4,13,1164440,2,16,728000
201810,13,077,3,5,Coweta County                 ,65,65,22523508,0,0,0,0,0,0,0,0,0,62,62,21790026,0,0,0,0,0,0,0,0,0
201810,13,085,3,5,Dawson County                 ,44,44,8508647,0,0,0,0,0,0,0,0,0,44,44,8508647,0,0,0,0,0,0,0,0,0
201810,13,095,3,5,Dougherty County              ,10,10,457900,0,0,0,0,0,0,0,0,0,10,10,457900,0,0,0,0,0,0,0,0,0
201810,13,097,3,5,Douglas County                ,34,34,9002360,0,0,0,0,0,0,0,0,0,34,34,9002360,0,0,0,0,0,0,0,0,0
201810,13,111,3,5,Fannin County                 ,30,30,5855370,0,0,0,0,0,0,0,0,0,30,30,5855370,0,0,0,0,0,0,0,0,0
201810,13,113,3,5,Fayette County                ,40,40,10623782,0,0,0,1,4,520042,0,0,0,11,11,3102730,0,0,0,1,4,520042,0,0,0
201810,13,115,3,5,Floyd County                  ,15,15,2529517,0,0,0,0,0,0,0,0,0,15,15,2529517,0,0,0,0,0,0,0,0,0
201810,13,117,3,5,Forsyth County                ,138,138,19642483,0,0,0,0,0,0,0,0,0,138,138,19642483,0,0,0,0,0,0,0,0,0
201810,13,121,3,5,Fulton County                 ,334,334,85375145,0,0,0,0,0,0,9,798,169775792,262,262,69461703,0,0,0,0,0,0,9,798,169775792
201810,13,127,3,5,Glynn County                  ,47,47,13733440,0,0,0,0,0,0,0,0,0,0,0,0,0,0,0,0,0,0,0,0,0
201810,13,135,3,5,Gwinnett County               ,194,194,46299225,0,0,0,0,0,0,0,0,0,185,185,43473514,0,0,0,0,0,0,0,0,0
201810,13,143,3,5,Haralson County               ,4,4,915362,0,0,0,0,0,0,0,0,0,0,0,0,0,0,0,0,0,0,0,0,0
201810,13,145,3,5,Harris County                 ,22,22,5697185,0,0,0,0,0,0,0,0,0,22,22,5697185,0,0,0,0,0,0,0,0,0
201810,13,149,3,5,Heard County                  ,1,1,236407,0,0,0,0,0,0,0,0,0,1,1,236407,0,0,0,0,0,0,0,0,0
201810,13,151,3,5,Henry County                  ,145,145,27074151,0,0,0,0,0,0,0,0,0,109,109,22328652,0,0,0,0,0,0,0,0,0
201810,13,159,3,5,Jasper County                 ,6,6,803844,0,0,0,0,0,0,0,0,0,0,0,0,0,0,0,0,0,0,0,0,0
201810,13,171,3,5,Lamar County                  ,13,13,1561020,0,0,0,0,0,0,0,0,0,13,13,1561020,0,0,0,0,0,0,0,0,0
201810,13,177,3,5,Lee County                    ,4,4,662095,0,0,0,0,0,0,0,0,0,4,4,662095,0,0,0,0,0,0,0,0,0
201810,13,179,3,5,Liberty County                ,18,18,3969841,0,0,0,0,0,0,0,0,0,18,18,3969841,0,0,0,0,0,0,0,0,0
201810,13,189,3,5,McDuffie County               ,1,1,220000,0,0,0,0,0,0,0,0,0,1,1,220000,0,0,0,0,0,0,0,0,0
201810,13,199,3,5,Meriwether County             ,4,4,924060,0,0,0,0,0,0,0,0,0,0,0,0,0,0,0,0,0,0,0,0,0
201810,13,201,3,5,Miller County                 ,0,0,0,0,0,0,0,0,0,0,0,0,0,0,0,0,0,0,0,0,0,0,0,0
201810,13,207,3,5,Monroe County                 ,11,11,2479519,0,0,0,0,0,0,0,0,0,0,0,0,0,0,0,0,0,0,0,0,0
201810,13,215,3,5,Muscogee County               ,28,28,5467880,0,0,0,1,3,184640,2,12,2102492,0,0,0,0,0,0,0,0,0,0,0,0
201810,13,217,3,5,Newton County                 ,50,50,7200000,0,0,0,0,0,0,0,0,0,50,50,7200000,0,0,0,0,0,0,0,0,0
201810,13,227,3,5,Pickens County                ,9,9,1870000,0,0,0,0,0,0,0,0,0,9,9,1870000,0,0,0,0,0,0,0,0,0
201810,13,231,3,5,Pike County                   ,8,8,1569412,0,0,0,0,0,0,0,0,0,0,0,0,0,0,0,0,0,0,0,0,0
201810,13,235,3,5,Pulaski County                ,2,2,200000,0,0,0,0,0,0,0,0,0,2,2,200000,0,0,0,0,0,0,0,0,0
201810,13,245,3,5,Richmond County               ,28,28,5641711,0,0,0,0,0,0,0,0,0,28,28,5641711,0,0,0,0,0,0,0,0,0
201810,13,247,3,5,Rockdale County               ,74,74,14186715,0,0,0,0,0,0,0,0,0,74,74,14186715,0,0,0,0,0,0,0,0,0
201810,13,255,3,5,Spalding County               ,20,20,2343467,0,0,0,0,0,0,0,0,0,20,20,2343467,0,0,0,0,0,0,0,0,0
201810,13,275,3,5,Thomas County                 ,7,7,1104779,0,0,0,0,0,0,0,0,0,7,7,1104779,0,0,0,0,0,0,0,0,0
201810,13,291,3,5,Union County                  ,14,14,3379564,0,0,0,0,0,0,0,0,0,14,14,3379564,0,0,0,0,0,0,0,0,0
201810,15,001,4,9,Hawaii County                 ,65,65,18273388,0,0,0,0,0,0,1,6,395000,65,65,18273388,0,0,0,0,0,0,1,6,395000
201810,15,003,4,9,Honolulu County               ,157,157,58058592,0,0,0,0,0,0,0,0,0,157,157,58058592,0,0,0,0,0,0,0,0,0
201810,15,007,4,9,Kauai County                  ,15,15,9157954,0,0,0,0,0,0,0,0,0,15,15,9157954,0,0,0,0,0,0,0,0,0
201810,15,009,4,9,Maui County                   ,37,37,10185868,1,2,448480,0,0,0,1,82,22670000,37,37,10185868,1,2,448480,0,0,0,1,82,22670000
201810,16,001,4,8,Ada County                    ,420,420,119500988,1,2,395044,5,19,1973209,13,79,8025992,361,361,98449449,1,2,395044,5,19,1973209,11,64,5768048
201810,16,015,4,8,Boise County                  ,9,9,3139227,0,0,0,0,0,0,0,0,0,9,9,3139227,0,0,0,0,0,0,0,0,0
201810,16,027,4,8,Canyon County                 ,120,120,18386620,0,0,0,9,36,2723262,1,5,350521,69,69,11218519,0,0,0,7,28,2197597,0,0,0
201810,16,045,4,8,Gem County                    ,6,6,946328,1,2,124282,0,0,0,0,0,0,6,6,946328,1,2,124282,0,0,0,0,0,0
201810,16,073,4,8,Owyhee County                 ,6,6,1387868,1,2,314234,0,0,0,0,0,0,3,3,809378,1,2,314234,0,0,0,0,0,0
201810,17,005,2,3,Bond County                   ,0,0,0,0,0,0,0,0,0,0,0,0,0,0,0,0,0,0,0,0,0,0,0,0
201810,17,013,2,3,Calhoun County                ,1,1,11000,0,0,0,0,0,0,0,0,0,1,1,11000,0,0,0,0,0,0,0,0,0
201810,17,031,2,3,Cook County                   ,145,145,54065135,8,16,3737250,22,69,16569314,26,470,113492479,113,113,44516942,8,16,3737250,21,66,15840700,23,455,111353250
201810,17,037,2,3,DeKalb County                 ,7,7,1586381,0,0,0,1,3,279000,0,0,0,7,7,1586381,0,0,0,1,3,279000,0,0,0
201810,17,039,2,3,De Witt County                ,2,2,235000,0,0,0,0,0,0,0,0,0,2,2,235000,0,0,0,0,0,0,0,0,0
201810,17,043,2,3,DuPage County                 ,99,99,37946124,0,0,0,0,0,0,1,23,545553,93,93,35187066,0,0,0,0,0,0,0,0,0
201810,17,063,2,3,Grundy County                 ,16,16,4136354,0,0,0,0,0,0,2,15,769230,15,15,3975805,0,0,0,0,0,0,0,0,0
201810,17,083,2,3,Jersey County                 ,6,6,1116209,0,0,0,0,0,0,0,0,0,5,5,960600,0,0,0,0,0,0,0,0,0
201810,17,093,2,3,Kendall County                ,22,22,4875260,0,0,0,0,0,0,0,0,0,17,17,3740407,0,0,0,0,0,0,0,0,0
201810,17,097,2,3,Lake County                   ,47,47,18481463,1,2,83333,0,0,0,2,11,3407605,24,24,9137447,0,0,0,0,0,0,0,0,0
201810,17,111,2,3,McHenry County                ,45,45,8019913,0,0,0,0,0,0,0,0,0,38,38,6635901,0,0,0,0,0,0,0,0,0
201810,17,119,2,3,Madison County                ,49,49,12989322,0,0,0,0,0,0,1,5,508029,47,47,12554594,0,0,0,0,0,0,0,0,0
201810,17,133,2,3,Monroe County                 ,7,7,1742230,0,0,0,0,0,0,1,5,432000,4,4,1067026,0,0,0,0,0,0,0,0,0
201810,17,197,2,3,Will County                   ,148,148,26264509,1,2,410000,0,0,0,3,108,14989926,132,132,22910538,0,0,0,0,0,0,3,108,14989926
201810,18,003,2,3,Allen County                  ,94,94,24300241,0,0,0,0,0,0,3,222,25417002,94,94,24300241,0,0,0,0,0,0,3,222,25417002
201810,18,011,2,3,Boone County                  ,31,31,12175845,0,0,0,0,0,0,0,0,0,28,28,11697934,0,0,0,0,0,0,0,0,0
201810,18,013,2,3,Brown County                  ,7,7,1809592,0,0,0,0,0,0,0,0,0,7,7,1809592,0,0,0,0,0,0,0,0,0
201810,18,019,2,3,Clark County                  ,46,46,10023507,0,0,0,0,0,0,0,0,0,38,38,8374103,0,0,0,0,0,0,0,0,0
201810,18,047,2,3,Franklin County               ,4,4,935064,0,0,0,0,0,0,0,0,0,0,0,0,0,0,0,0,0,0,0,0,0
201810,18,057,2,3,Hamilton County               ,255,255,79072930,0,0,0,0,0,0,2,89,14150000,255,255,79072930,0,0,0,0,0,0,2,89,14150000
201810,18,059,2,3,Hancock County                ,35,35,8899735,0,0,0,0,0,0,0,0,0,35,35,8899735,0,0,0,0,0,0,0,0,0
201810,18,061,2,3,Harrison County               ,7,7,1680000,0,0,0,0,0,0,0,0,0,7,7,1680000,0,0,0,0,0,0,0,0,0
201810,18,063,2,3,Hendricks County              ,69,69,18621885,2,4,562524,0,0,0,0,0,0,65,65,17728459,1,2,362524,0,0,0,0,0,0
201810,18,069,2,3,Huntington County             ,4,4,926143,0,0,0,0,0,0,0,0,0,4,4,926143,0,0,0,0,0,0,0,0,0
201810,18,073,2,3,Jasper County                 ,13,13,2901079,0,0,0,0,0,0,0,0,0,13,13,2901079,0,0,0,0,0,0,0,0,0
201810,18,081,2,3,Johnson County                ,78,78,21237461,0,0,0,0,0,0,2,28,1862086,43,43,13827380,0,0,0,0,0,0,0,0,0
201810,18,087,2,3,Lagrange County               ,20,20,5688000,0,0,0,0,0,0,0,0,0,20,20,5688000,0,0,0,0,0,0,0,0,0
201810,18,089,2,3,Lake County                   ,112,112,27341523,6,12,1049800,0,0,0,0,0,0,104,104,25202062,6,12,1049800,0,0,0,0,0,0
201810,18,097,2,3,Marion County                 ,63,63,16110253,2,4,503000,0,0,0,1,118,10000000,63,63,16110253,2,4,503000,0,0,0,1,118,10000000
201810,18,105,2,3,Monroe County                 ,21,21,5428777,1,2,278179,0,0,0,1,16,1831856,21,21,5428777,1,2,278179,0,0,0,1,16,1831856
201810,18,109,2,3,Morgan County                 ,21,21,4269169,0,0,0,0,0,0,0,0,0,21,21,4269169,0,0,0,0,0,0,0,0,0
201810,18,111,2,3,Newton County                 ,3,3,705672,0,0,0,0,0,0,0,0,0,1,1,300000,0,0,0,0,0,0,0,0,0
201810,18,115,2,3,Ohio County                   ,2,2,455000,0,0,0,0,0,0,0,0,0,2,2,455000,0,0,0,0,0,0,0,0,0
201810,18,119,2,3,Owen County                   ,2,2,517026,0,0,0,0,0,0,0,0,0,2,2,517026,0,0,0,0,0,0,0,0,0
201810,18,127,2,3,Porter County                 ,49,49,13077136,0,0,0,0,0,0,0,0,0,40,40,11770888,0,0,0,0,0,0,0,0,0
201810,18,133,2,3,Putnam County                 ,7,7,1731079,0,0,0,0,0,0,0,0,0,7,7,1731079,0,0,0,0,0,0,0,0,0
201810,18,145,2,3,Shelby County                 ,9,9,2708588,0,0,0,0,0,0,0,0,0,9,9,2708588,0,0,0,0,0,0,0,0,0
201810,18,151,2,3,Steuben County                ,18,18,6084000,0,0,0,0,0,0,0,0,0,18,18,6084000,0,0,0,0,0,0,0,0,0
201810,18,157,2,3,Tippecanoe County             ,40,40,9691300,0,0,0,0,0,0,2,50,8076635,0,0,0,0,0,0,0,0,0,1,36,6708214
201810,18,163,2,3,Vanderburgh County            ,28,28,4783613,1,2,176429,0,0,0,0,0,0,0,0,0,0,0,0,0,0,0,0,0,0
201810,18,167,2,3,Vigo County                   ,21,21,2805000,0,0,0,0,0,0,1,27,2340000,21,21,2805000,0,0,0,0,0,0,1,27,2340000
201810,18,175,2,3,Washington County             ,5,5,1342408,0,0,0,0,0,0,0,0,0,0,0,0,0,0,0,0,0,0,0,0,0
201810,18,183,2,3,Whitley County                ,12,12,2856884,0,0,0,0,0,0,0,0,0,12,12,2856884,0,0,0,0,0,0,0,0,0
201810,19,049,2,4,Dallas County                 ,51,51,14565896,0,0,0,0,0,0,0,0,0,46,46,13423853,0,0,0,0,0,0,0,0,0
201810,19,085,2,4,Harrison County               ,2,2,483667,0,0,0,0,0,0,0,0,0,1,1,312000,0,0,0,0,0,0,0,0,0
201810,19,129,2,4,Mills County                  ,0,0,0,0,0,0,0,0,0,0,0,0,0,0,0,0,0,0,0,0,0,0,0,0
201810,19,153,2,4,Polk County                   ,209,209,57270330,0,0,0,0,0,0,6,192,22767794,207,207,56880695,0,0,0,0,0,0,6,192,22767794
201810,19,181,2,4,Warren County                 ,24,24,8526061,1,2,220000,0,0,0,0,0,0,23,23,8284126,1,2,220000,0,0,0,0,0,0
201810,20,061,2,4,Geary County                  ,2,2,262417,0,0,0,0,0,0,0,0,0,0,0,0,0,0,0,0,0,0,0,0,0
201810,20,091,2,4,Johnson County                ,166,166,58172475,0,0,0,2,8,1210386,2,404,47483656,107,107,37422322,0,0,0,0,0,0,1,370,44611194
201810,20,103,2,4,Leavenworth County            ,42,42,7617082,0,0,0,0,0,0,0,0,0,33,33,5295951,0,0,0,0,0,0,0,0,0
201810,20,107,2,4,Linn County                   ,7,7,769772,0,0,0,0,0,0,0,0,0,6,6,677272,0,0,0,0,0,0,0,0,0
201810,20,121,2,4,Miami County                  ,6,6,1724560,0,0,0,0,0,0,0,0,0,1,1,210000,0,0,0,0,0,0,0,0,0
201810,20,209,2,4,Wyandotte County              ,16,16,3618618,0,0,0,0,0,0,0,0,0,16,16,3618618,0,0,0,0,0,0,0,0,0
201810,21,005,3,6,Anderson County               ,13,13,2318096,0,0,0,0,0,0,0,0,0,13,13,2318096,0,0,0,0,0,0,0,0,0
201810,21,015,3,6,Boone County                  ,24,24,4308977,0,0,0,0,0,0,5,35,4428128,24,24,4308977,0,0,0,0,0,0,5,35,4428128
201810,21,017,3,6,Bourbon County                ,6,6,1260500,0,0,0,0,0,0,0,0,0,6,6,1260500,0,0,0,0,0,0,0,0,0
201810,21,021,3,6,Boyle County                  ,2,2,390358,0,0,0,0,0,0,0,0,0,2,2,390358,0,0,0,0,0,0,0,0,0
201810,21,029,3,6,Bullitt County                ,35,35,8808567,0,0,0,0,0,0,0,0,0,35,35,8808567,0,0,0,0,0,0,0,0,0
201810,21,035,3,6,Calloway County               ,4,4,504000,0,0,0,1,4,175000,0,0,0,4,4,504000,0,0,0,1,4,175000,0,0,0
201810,21,037,3,6,Campbell County               ,15,15,3807218,0,0,0,0,0,0,4,263,31554694,15,15,3807218,0,0,0,0,0,0,4,263,31554694
201810,21,045,3,6,Casey County                  ,0,0,0,0,0,0,0,0,0,0,0,0,0,0,0,0,0,0,0,0,0,0,0,0
201810,21,047,3,6,Christian County              ,11,11,1024400,0,0,0,0,0,0,0,0,0,9,9,882000,0,0,0,0,0,0,0,0,0
201810,21,049,3,6,Clark County                  ,3,3,637654,0,0,0,0,0,0,1,5,346250,0,0,0,0,0,0,0,0,0,0,0,0
201810,21,067,3,6,Fayette County                ,65,65,10479376,0,0,0,0,0,0,2,51,3734250,0,0,0,0,0,0,0,0,0,0,0,0
201810,21,069,3,6,Fleming County                ,0,0,0,0,0,0,0,0,0,0,0,0,0,0,0,0,0,0,0,0,0,0,0,0
201810,21,077,3,6,Gallatin County               ,2,2,345043,0,0,0,0,0,0,0,0,0,0,0,0,0,0,0,0,0,0,0,0,0
201810,21,081,3,6,Grant County                  ,0,0,0,0,0,0,0,0,0,0,0,0,0,0,0,0,0,0,0,0,0,0,0,0
201810,21,091,3,6,Hancock County                ,1,1,195179,0,0,0,0,0,0,0,0,0,1,1,195179,0,0,0,0,0,0,0,0,0
201810,21,099,3,6,Hart County                   ,5,5,486250,0,0,0,0,0,0,1,8,908381,0,0,0,0,0,0,0,0,0,0,0,0
201810,21,101,3,6,Henderson County              ,4,4,1175400,0,0,0,0,0,0,0,0,0,4,4,1175400,0,0,0,0,0,0,0,0,0
201810,21,103,3,6,Henry County                  ,2,2,335565,0,0,0,0,0,0,0,0,0,0,0,0,0,0,0,0,0,0,0,0,0
201810,21,111,3,6,Jefferson County              ,111,111,31719251,0,0,0,0,0,0,4,98,9699695,111,111,31719251,0,0,0,0,0,0,4,98,9699695
201810,21,113,3,6,Jessamine County              ,21,21,5367162,0,0,0,0,0,0,0,0,0,10,10,3783000,0,0,0,0,0,0,0,0,0
201810,21,115,3,6,Johnson County                ,0,0,0,0,0,0,0,0,0,0,0,0,0,0,0,0,0,0,0,0,0,0,0,0
201810,21,117,3,6,Kenton County                 ,15,15,3522104,0,0,0,0,0,0,0,0,0,15,15,3522104,0,0,0,0,0,0,0,0,0
201810,21,121,3,6,Knox County                   ,0,0,0,0,0,0,0,0,0,0,0,0,0,0,0,0,0,0,0,0,0,0,0,0
201810,21,123,3,6,Larue County                  ,5,5,1182035,0,0,0,0,0,0,0,0,0,5,5,1182035,0,0,0,0,0,0,0,0,0
201810,21,137,3,6,Lincoln County                ,5,5,619448,0,0,0,0,0,0,0,0,0,0,0,0,0,0,0,0,0,0,0,0,0
201810,21,145,3,6,McCracken County              ,18,18,4066498,0,0,0,0,0,0,0,0,0,18,18,4066498,0,0,0,0,0,0,0,0,0
201810,21,151,3,6,Madison County                ,13,13,1234309,2,4,242996,0,0,0,2,13,518572,1,1,180000,1,2,130000,0,0,0,1,8,350000
201810,21,157,3,6,Marshall County               ,4,4,1097375,1,2,250000,0,0,0,1,8,300000,4,4,1097375,1,2,250000,0,0,0,1,8,300000
201810,21,161,3,6,Mason County                  ,2,2,400000,0,0,0,0,0,0,0,0,0,2,2,400000,0,0,0,0,0,0,0,0,0
201810,21,163,3,6,Meade County                  ,4,4,583000,0,0,0,0,0,0,0,0,0,4,4,583000,0,0,0,0,0,0,0,0,0
201810,21,167,3,6,Mercer County                 ,5,5,861217,0,0,0,0,0,0,0,0,0,0,0,0,0,0,0,0,0,0,0,0,0
201810,21,175,3,6,Morgan County                 ,2,2,150000,0,0,0,0,0,0,0,0,0,0,0,0,0,0,0,0,0,0,0,0,0
201810,21,179,3,6,Nelson County                 ,16,16,2682200,0,0,0,0,0,0,0,0,0,16,16,2682200,0,0,0,0,0,0,0,0,0
201810,21,185,3,6,Oldham County                 ,28,28,8446019,0,0,0,0,0,0,0,0,0,0,0,0,0,0,0,0,0,0,0,0,0
201810,21,191,3,6,Pendleton County              ,0,0,0,0,0,0,0,0,0,0,0,0,0,0,0,0,0,0,0,0,0,0,0,0
201810,21,209,3,6,Scott County                  ,24,24,4537441,0,0,0,1,4,550000,0,0,0,24,24,4537441,0,0,0,1,4,550000,0,0,0
201810,21,211,3,6,Shelby County                 ,25,25,4471700,0,0,0,0,0,0,0,0,0,25,25,4471700,0,0,0,0,0,0,0,0,0
201810,21,213,3,6,Simpson County                ,12,12,1467357,0,0,0,0,0,0,0,0,0,12,12,1467357,0,0,0,0,0,0,0,0,0
201810,21,215,3,6,Spencer County                ,16,16,3782510,0,0,0,0,0,0,0,0,0,16,16,3782510,0,0,0,0,0,0,0,0,0
201810,21,221,3,6,Trigg County                  ,0,0,0,0,0,0,0,0,0,0,0,0,0,0,0,0,0,0,0,0,0,0,0,0
201810,21,239,3,6,Woodford County               ,9,9,1560780,0,0,0,0,0,0,0,0,0,9,9,1560780,0,0,0,0,0,0,0,0,0
201810,22,005,3,7,Ascension Parish              ,97,97,15512009,0,0,0,0,0,0,0,0,0,11,11,2262000,0,0,0,0,0,0,0,0,0
201810,22,015,3,7,Bossier Parish                ,57,57,10029298,0,0,0,0,0,0,0,0,0,57,57,10029298,0,0,0,0,0,0,0,0,0
201810,22,017,3,7,Caddo Parish                  ,21,21,7303372,0,0,0,0,0,0,0,0,0,21,21,7303372,0,0,0,0,0,0,0,0,0
201810,22,031,3,7,De Soto Parish                ,9,9,2197355,0,0,0,0,0,0,0,0,0,4,4,780716,0,0,0,0,0,0,0,0,0
201810,22,033,3,7,East Baton Rouge Parish       ,94,94,23358796,0,0,0,0,0,0,0,0,0,80,80,21078906,0,0,0,0,0,0,0,0,0
201810,22,037,3,7,East Feliciana Parish         ,4,4,780716,0,0,0,0,0,0,0,0,0,4,4,780716,0,0,0,0,0,0,0,0,0
201810,22,047,3,7,Iberville Parish              ,7,7,1764306,0,0,0,0,0,0,0,0,0,0,0,0,0,0,0,0,0,0,0,0,0
201810,22,051,3,7,Jefferson Parish              ,53,53,12939169,1,2,198021,0,0,0,0,0,0,22,22,6649174,0,0,0,0,0,0,0,0,0
201810,22,055,3,7,Lafayette Parish              ,117,117,25429131,0,0,0,0,0,0,0,0,0,26,26,7310789,0,0,0,0,0,0,0,0,0
201810,22,063,3,7,Livingston Parish             ,69,69,15478379,0,0,0,0,0,0,0,0,0,1,1,100000,0,0,0,0,0,0,0,0,0
201810,22,071,3,7,Orleans Parish                ,39,39,8780946,4,8,845589,0,0,0,1,7,1722991,0,0,0,0,0,0,0,0,0,0,0,0
201810,22,075,3,7,Plaquemines Parish            ,4,4,1014423,0,0,0,0,0,0,0,0,0,0,0,0,0,0,0,0,0,0,0,0,0
201810,22,077,3,7,Pointe Coupee Parish          ,12,12,2618260,0,0,0,0,0,0,0,0,0,12,12,2618260,0,0,0,0,0,0,0,0,0
201810,22,087,3,7,St. Bernard Parish            ,19,19,3075680,0,0,0,0,0,0,0,0,0,19,19,3075680,0,0,0,0,0,0,0,0,0
201810,22,089,3,7,St. Charles Parish            ,11,11,2518360,0,0,0,0,0,0,0,0,0,11,11,2518360,0,0,0,0,0,0,0,0,0
201810,22,091,3,7,St. Helena Parish             ,3,3,529317,0,0,0,0,0,0,0,0,0,0,0,0,0,0,0,0,0,0,0,0,0
201810,22,095,3,7,St. John the Baptist Parish   ,4,4,660124,0,0,0,0,0,0,0,0,0,0,0,0,0,0,0,0,0,0,0,0,0
201810,22,099,3,7,St. Martin Parish             ,13,13,2371808,0,0,0,0,0,0,0,0,0,0,0,0,0,0,0,0,0,0,0,0,0
201810,22,103,3,7,St. Tammany Parish            ,149,149,34707775,0,0,0,0,0,0,0,0,0,140,140,32165105,0,0,0,0,0,0,0,0,0
201810,22,109,3,7,Terrebonne Parish             ,13,13,2766631,0,0,0,0,0,0,0,0,0,13,13,2766631,0,0,0,0,0,0,0,0,0
201810,22,121,3,7,West Baton Rouge Parish       ,23,23,4365390,0,0,0,0,0,0,0,0,0,8,8,2028712,0,0,0,0,0,0,0,0,0
201810,22,125,3,7,West Feliciana Parish         ,2,2,299706,0,0,0,0,0,0,0,0,0,2,2,299706,0,0,0,0,0,0,0,0,0
201810,23,000,1,1,Maine Unorganized Territory   ,8,8,1062402,0,0,0,0,0,0,0,0,0,0,0,0,0,0,0,0,0,0,0,0,0
201810,24,003,3,5,Anne Arundel County           ,141,141,23801761,0,0,0,0,0,0,0,0,0,141,141,23801761,0,0,0,0,0,0,0,0,0
201810,24,005,3,5,Baltimore County              ,76,76,17815000,0,0,0,0,0,0,2,84,1000000,76,76,17815000,0,0,0,0,0,0,2,84,1000000
201810,24,009,3,5,Calvert County                ,23,23,5280389,0,0,0,0,0,0,0,0,0,0,0,0,0,0,0,0,0,0,0,0,0
201810,24,013,3,5,Carroll County                ,23,23,7663800,0,0,0,0,0,0,0,0,0,23,23,7663800,0,0,0,0,0,0,0,0,0
201810,24,015,3,5,Cecil County                  ,20,20,5008490,0,0,0,0,0,0,0,0,0,20,20,5008490,0,0,0,0,0,0,0,0,0
201810,24,017,3,5,Charles County                ,52,52,9613103,0,0,0,0,0,0,0,0,0,49,49,9182000,0,0,0,0,0,0,0,0,0
201810,24,021,3,5,Frederick County              ,142,142,35447580,0,0,0,0,0,0,1,14,720000,142,142,35447580,0,0,0,0,0,0,1,14,720000
201810,24,023,3,5,Garrett County                ,6,6,2949204,0,0,0,0,0,0,0,0,0,6,6,2949204,0,0,0,0,0,0,0,0,0
201810,24,025,3,5,Harford County                ,54,54,10714529,0,0,0,0,0,0,0,0,0,53,53,10577315,0,0,0,0,0,0,0,0,0
201810,24,027,3,5,Howard County                 ,61,61,14730595,0,0,0,0,0,0,2,81,10620094,61,61,14730595,0,0,0,0,0,0,2,81,10620094
201810,24,031,3,5,Montgomery County             ,111,111,26246805,2,4,266667,0,0,0,3,25,2734680,108,108,25756704,0,0,0,0,0,0,3,25,2734680
201810,24,033,3,5,Prince George County          ,135,135,31914932,0,0,0,0,0,0,0,0,0,135,135,31914932,0,0,0,0,0,0,0,0,0
201810,24,035,3,5,Queen Anne County             ,12,12,2835476,0,0,0,0,0,0,0,0,0,12,12,2835476,0,0,0,0,0,0,0,0,0
201810,24,037,3,5,St. Marys County              ,34,34,6573000,0,0,0,0,0,0,0,0,0,34,34,6573000,0,0,0,0,0,0,0,0,0
201810,24,039,3,5,Somerset County               ,4,4,578295,0,0,0,0,0,0,0,0,0,3,3,420600,0,0,0,0,0,0,0,0,0
201810,24,045,3,5,Wicomico County               ,19,19,3371431,0,0,0,0,0,0,0,0,0,10,10,1773320,0,0,0,0,0,0,0,0,0
201810,24,510,3,5,Baltimore (Independent City)  ,5,5,735000,0,0,0,0,0,0,0,0,0,5,5,735000,0,0,0,0,0,0,0,0,0
201810,25,005,1,1,Bristol County                ,60,60,12382358,1,2,278500,0,0,0,0,0,0,29,29,5731060,0,0,0,0,0,0,0,0,0
201810,25,009,1,1,Essex County                  ,73,73,22304656,2,4,820402,0,0,0,2,10,1994333,53,53,15952690,0,0,0,0,0,0,0,0,0
201810,25,017,1,1,Middlesex County              ,138,138,43020330,6,12,2160553,2,6,710600,10,174,32842212,65,65,21104551,1,2,479810,0,0,0,4,107,20213965
201810,25,021,1,1,Norfolk County                ,81,81,35201419,1,2,565000,1,3,1500000,2,14,1217902,48,48,18409810,1,2,565000,1,3,1500000,0,0,0
201810,25,023,1,1,Plymouth County               ,108,108,27785423,3,6,756400,0,0,0,0,0,0,68,68,17971530,0,0,0,0,0,0,0,0,0
201810,25,025,1,1,Suffolk County                ,6,6,1507158,5,10,1750000,2,6,1605000,13,239,64121370,5,5,1330102,5,10,1750000,2,6,1605000,10,224,61085200
201810,26,000,2,3,Michigan Balance of State     ,7,7,1314678,0,0,0,0,0,0,0,0,0,0,0,0,0,0,0,0,0,0,0,0,0
201810,26,019,2,3,Benzie County                 ,19,19,3986274,0,0,0,0,0,0,0,0,0,19,19,3986274,0,0,0,0,0,0,0,0,0
201810,26,029,2,3,Charlevoix County             ,10,10,2286041,0,0,0,0,0,0,0,0,0,0,0,0,0,0,0,0,0,0,0,0,0
201810,26,089,2,3,Leelanau County               ,25,25,5514590,0,0,0,0,0,0,0,0,0,25,25,5514590,0,0,0,0,0,0,0,0,0
201810,26,093,2,3,Livingston County             ,50,50,15633867,0,0,0,3,12,1894128,2,16,2525504,48,48,15116841,0,0,0,3,12,1894128,2,16,2525504
201810,26,095,2,3,Luce County                   ,1,1,190743,0,0,0,0,0,0,0,0,0,0,0,0,0,0,0,0,0,0,0,0,0
201810,26,099,2,3,Macomb County                 ,169,169,48148086,1,2,183192,0,0,0,0,0,0,165,165,47251975,0,0,0,0,0,0,0,0,0
201810,26,103,2,3,Marquette County              ,9,9,2917000,0,0,0,0,0,0,0,0,0,9,9,2917000,0,0,0,0,0,0,0,0,0
201810,26,137,2,3,Otsego County                 ,2,2,162000,0,0,0,0,0,0,0,0,0,0,0,0,0,0,0,0,0,0,0,0,0
201810,26,147,2,3,St. Clair County              ,31,31,6151042,0,0,0,0,0,0,0,0,0,25,25,4950991,0,0,0,0,0,0,0,0,0
201810,26,163,2,3,Wayne County                  ,106,106,36504426,0,0,0,3,9,2767625,1,19,1378945,86,86,33582328,0,0,0,3,9,2767625,0,0,0
201810,27,003,2,4,Anoka County                  ,81,81,22401836,0,0,0,0,0,0,1,21,2685472,68,68,18629590,0,0,0,0,0,0,0,0,0
201810,27,019,2,4,Carver County                 ,56,56,16282351,0,0,0,0,0,0,0,0,0,56,56,16282351,0,0,0,0,0,0,0,0,0
201810,27,025,2,4,Chisago County                ,31,31,5603799,0,0,0,0,0,0,0,0,0,30,30,5429695,0,0,0,0,0,0,0,0,0
201810,27,027,2,4,Clay County                   ,21,21,4634900,0,0,0,0,0,0,0,0,0,21,21,4634900,0,0,0,0,0,0,0,0,0
201810,27,037,2,4,Dakota County                 ,80,80,24721756,0,0,0,1,4,800000,3,311,42993149,64,64,20035945,0,0,0,1,4,800000,3,311,42993149
201810,27,053,2,4,Hennepin County               ,159,159,76737718,0,0,0,1,4,650000,5,548,101765176,152,152,74485514,0,0,0,1,4,650000,5,548,101765176
201810,27,059,2,4,Isanti County                 ,23,23,4422347,0,0,0,0,0,0,0,0,0,14,14,2752795,0,0,0,0,0,0,0,0,0
201810,27,123,2,4,Ramsey County                 ,12,12,3609704,0,0,0,0,0,0,0,0,0,11,11,3126371,0,0,0,0,0,0,0,0,0
201810,27,139,2,4,Scott County                  ,40,40,11723635,0,0,0,0,0,0,1,57,10400043,37,37,10925091,0,0,0,0,0,0,1,57,10400043
201810,27,141,2,4,Sherburne County              ,62,62,13832372,0,0,0,1,4,640456,1,8,1278552,61,61,13690427,0,0,0,1,4,640456,1,8,1278552
201810,27,163,2,4,Washington County             ,109,109,32040410,1,2,391816,0,0,0,0,0,0,103,103,29549447,1,2,391816,0,0,0,0,0,0
201810,27,171,2,4,Wright County                 ,65,65,16903210,0,0,0,0,0,0,0,0,0,59,59,15527091,0,0,0,0,0,0,0,0,0
201810,28,033,3,6,DeSoto County                 ,112,112,18824270,0,0,0,0,0,0,1,5,430380,77,77,14195596,0,0,0,0,0,0,0,0,0
201810,28,041,3,6,Greene County                 ,0,0,0,0,0,0,0,0,0,0,0,0,0,0,0,0,0,0,0,0,0,0,0,0
201810,28,045,3,6,Hancock County                ,38,38,7111770,0,0,0,1,4,401445,1,8,677302,7,7,2245698,0,0,0,0,0,0,0,0,0
201810,28,047,3,6,Harrison County               ,94,94,16466505,0,0,0,0,0,0,11,88,3400000,84,84,15330495,0,0,0,0,0,0,11,88,3400000
201810,28,067,3,6,Jones County                  ,1,1,180000,0,0,0,0,0,0,0,0,0,1,1,180000,0,0,0,0,0,0,0,0,0
201810,28,129,3,6,Smith County                  ,0,0,0,0,0,0,0,0,0,0,0,0,0,0,0,0,0,0,0,0,0,0,0,0
201810,28,137,3,6,Tate County                   ,11,11,1692000,0,0,0,0,0,0,0,0,0,11,11,1692000,0,0,0,0,0,0,0,0,0
201810,28,143,3,6,Tunica County                 ,1,1,110844,0,0,0,0,0,0,0,0,0,0,0,0,0,0,0,0,0,0,0,0,0
201810,28,145,3,6,Union County                  ,1,1,180000,0,0,0,0,0,0,0,0,0,1,1,180000,0,0,0,0,0,0,0,0,0
201810,28,149,3,6,Warren County                 ,0,0,0,0,0,0,0,0,0,0,0,0,0,0,0,0,0,0,0,0,0,0,0,0
201810,29,013,2,4,Bates County                  ,0,0,0,0,0,0,0,0,0,0,0,0,0,0,0,0,0,0,0,0,0,0,0,0
201810,29,017,2,4,Bollinger County              ,0,0,0,0,0,0,0,0,0,0,0,0,0,0,0,0,0,0,0,0,0,0,0,0
201810,29,019,2,4,Boone County                  ,65,65,16892915,0,0,0,0,0,0,0,0,0,65,65,16892915,0,0,0,0,0,0,0,0,0
201810,29,049,2,4,Clinton County                ,5,5,1110000,0,0,0,0,0,0,0,0,0,5,5,1110000,0,0,0,0,0,0,0,0,0
201810,29,065,2,4,Dent County                   ,0,0,0,0,0,0,0,0,0,0,0,0,0,0,0,0,0,0,0,0,0,0,0,0
201810,29,071,2,4,Franklin County               ,30,30,6442028,1,2,325000,0,0,0,0,0,0,13,13,2479511,1,2,325000,0,0,0,0,0,0
201810,29,095,2,4,Jackson County                ,123,123,26865241,13,26,2196968,1,4,725000,15,282,17795350,117,117,25193354,13,26,2196968,1,4,725000,15,282,17795350
201810,29,099,2,4,Jefferson County              ,63,63,12003454,0,0,0,0,0,0,0,0,0,60,60,11658955,0,0,0,0,0,0,0,0,0
201810,29,105,2,4,Laclede County                ,2,2,228750,2,4,519000,0,0,0,0,0,0,2,2,228750,2,4,519000,0,0,0,0,0,0
201810,29,107,2,4,Lafayette County              ,2,2,460880,0,0,0,0,0,0,0,0,0,0,0,0,0,0,0,0,0,0,0,0,0
201810,29,113,2,4,Lincoln County                ,7,7,1470887,0,0,0,1,3,359288,0,0,0,2,2,211900,0,0,0,0,0,0,0,0,0
201810,29,165,2,4,Platte County                 ,37,37,11896245,0,0,0,0,0,0,0,0,0,35,35,11319647,0,0,0,0,0,0,0,0,0
201810,29,185,2,4,St. Clair County              ,0,0,0,0,0,0,0,0,0,0,0,0,0,0,0,0,0,0,0,0,0,0,0,0
201810,29,189,2,4,St. Louis County              ,89,89,34360704,0,0,0,0,0,0,2,209,33594839,30,30,13570481,0,0,0,0,0,0,1,187,31000000
201810,29,219,2,4,Warren County                 ,30,30,6836356,0,0,0,0,0,0,0,0,0,30,30,6836356,0,0,0,0,0,0,0,0,0
201810,29,221,2,4,Washington County             ,0,0,0,0,0,0,0,0,0,0,0,0,0,0,0,0,0,0,0,0,0,0,0,0
201810,29,510,2,4,St. Louis (Independent City)  ,7,7,1252000,0,0,0,1,4,700000,0,0,0,7,7,1252000,0,0,0,1,4,700000,0,0,0
201810,30,013,4,8,Cascade County                ,12,12,3055154,1,2,344763,0,0,0,0,0,0,12,12,3055154,1,2,344763,0,0,0,0,0,0
201810,30,033,4,8,Garfield County               ,0,0,0,0,0,0,0,0,0,0,0,0,0,0,0,0,0,0,0,0,0,0,0,0
201810,30,063,4,8,Missoula County               ,64,64,8907272,1,2,269479,0,0,0,4,57,4805879,64,64,8907272,1,2,269479,0,0,0,4,57,4805879
201810,30,093,4,8,Silver Bow County             ,5,5,384759,0,0,0,0,0,0,8,64,7802560,5,5,384759,0,0,0,0,0,0,8,64,7802560
201810,31,001,2,4,Adams County                  ,5,5,1648754,0,0,0,0,0,0,0,0,0,3,3,1078754,0,0,0,0,0,0,0,0,0
201810,31,025,2,4,Cass County                   ,3,3,562306,0,0,0,0,0,0,0,0,0,3,3,562306,0,0,0,0,0,0,0,0,0
201810,31,033,2,4,Cheyenne County               ,13,13,1330000,0,0,0,0,0,0,0,0,0,13,13,1330000,0,0,0,0,0,0,0,0,0
201810,31,055,2,4,Douglas County                ,130,130,22279473,0,0,0,1,3,256650,0,0,0,118,118,19445775,0,0,0,1,3,256650,0,0,0
201810,31,105,2,4,Kimball County                ,0,0,0,0,0,0,0,0,0,0,0,0,0,0,0,0,0,0,0,0,0,0,0,0
201810,31,153,2,4,Sarpy County                  ,82,82,22281255,0,0,0,0,0,0,1,9,470192,12,12,3749537,0,0,0,0,0,0,0,0,0
201810,31,165,2,4,Sioux County                  ,0,0,0,0,0,0,0,0,0,0,0,0,0,0,0,0,0,0,0,0,0,0,0,0
201810,31,177,2,4,Washington County             ,5,5,1990288,0,0,0,0,0,0,0,0,0,5,5,1990288,0,0,0,0,0,0,0,0,0
201810,32,001,4,8,Churchill County              ,7,7,1389981,0,0,0,0,0,0,0,0,0,7,7,1389981,0,0,0,0,0,0,0,0,0
201810,32,003,4,8,Clark County                  ,721,721,173831754,6,12,1074972,2,6,584639,23,340,31477325,721,721,173831754,6,12,1074972,2,6,584639,23,340,31477325
201810,32,005,4,8,Douglas County                ,25,25,8812301,0,0,0,0,0,0,0,0,0,25,25,8812301,0,0,0,0,0,0,0,0,0
201810,32,007,4,8,Elko County                   ,21,21,2724797,0,0,0,0,0,0,0,0,0,21,21,2724797,0,0,0,0,0,0,0,0,0
201810,32,013,4,8,Humboldt County               ,0,0,0,0,0,0,0,0,0,0,0,0,0,0,0,0,0,0,0,0,0,0,0,0
201810,32,015,4,8,Lander County                 ,0,0,0,0,0,0,0,0,0,0,0,0,0,0,0,0,0,0,0,0,0,0,0,0
201810,32,017,4,8,Lincoln County                ,1,1,273137,0,0,0,0,0,0,0,0,0,0,0,0,0,0,0,0,0,0,0,0,0
201810,32,019,4,8,Lyon County                   ,23,23,6241896,0,0,0,0,0,0,0,0,0,23,23,6241896,0,0,0,0,0,0,0,0,0
201810,32,021,4,8,Mineral County                ,0,0,0,0,0,0,0,0,0,0,0,0,0,0,0,0,0,0,0,0,0,0,0,0
201810,32,027,4,8,Pershing County               ,0,0,0,0,0,0,0,0,0,0,0,0,0,0,0,0,0,0,0,0,0,0,0,0
201810,32,029,4,8,Storey County                 ,1,1,201908,0,0,0,0,0,0,0,0,0,0,0,0,0,0,0,0,0,0,0,0,0
201810,32,031,4,8,Washoe County                 ,200,200,58064178,1,2,486684,0,0,0,18,346,34934643,200,200,58064178,1,2,486684,0,0,0,18,346,34934643
201810,32,033,4,8,White Pine County             ,1,1,356039,0,0,0,0,0,0,0,0,0,0,0,0,0,0,0,0,0,0,0,0,0
201810,32,510,4,8,Carson City (Independent City),30,30,7208819,0,0,0,0,0,0,0,0,0,30,30,7208819,0,0,0,0,0,0,0,0,0
201810,33,015,1,1,Rockingham County             ,62,62,20617699,1,2,466716,0,0,0,1,24,3123679,48,48,16740683,0,0,0,0,0,0,1,24,3123679
201810,33,017,1,1,Strafford County              ,26,26,5570382,0,0,0,0,0,0,1,130,13728224,23,23,5100477,0,0,0,0,0,0,1,130,13728224
201810,34,001,1,2,Atlantic County               ,51,51,11630487,1,2,289712,0,0,0,3,50,4665174,46,46,10589227,0,0,0,0,0,0,1,18,732000
201810,34,003,1,2,Bergen County                 ,62,62,25363657,5,10,1674499,2,7,751800,6,40,3190402,38,38,14890657,3,6,960500,2,7,751800,2,16,1619200
201810,34,005,1,2,Burlington County             ,89,89,10580375,0,0,0,0,0,0,5,62,1801157,47,47,6703942,0,0,0,0,0,0,3,52,1388009
201810,34,007,1,2,Camden County                 ,99,99,11879389,0,0,0,0,0,0,7,95,10527932,89,89,10734210,0,0,0,0,0,0,4,72,9371037
201810,34,009,1,2,Cape May County               ,57,57,25273025,16,32,5990400,0,0,0,0,0,0,56,56,25093337,16,32,5990400,0,0,0,0,0,0
201810,34,011,1,2,Cumberland County             ,10,10,989446,0,0,0,0,0,0,0,0,0,2,2,297900,0,0,0,0,0,0,0,0,0
201810,34,013,1,2,Essex County                  ,68,68,12361751,7,14,2075070,0,0,0,1,21,1728096,60,60,10842023,7,14,2075070,0,0,0,0,0,0
201810,34,015,1,2,Gloucester County             ,36,36,4317689,1,2,86788,0,0,0,1,5,590971,19,19,2469024,0,0,0,0,0,0,0,0,0
201810,34,017,1,2,Hudson County                 ,52,52,2627900,9,18,1629400,1,3,372923,4,139,35791384,52,52,2627900,9,18,1629400,1,3,372923,1,59,14000000
201810,34,019,1,2,Hunterdon County              ,16,16,2319605,0,0,0,0,0,0,3,150,1017189,11,11,1439770,0,0,0,0,0,0,1,139,450000
201810,34,021,1,2,Mercer County                 ,22,22,8054789,0,0,0,5,18,518164,2,11,4191350,19,19,5792514,0,0,0,0,0,0,2,11,4191350
201810,34,023,1,2,Middlesex County              ,77,77,12659001,1,2,210400,0,0,0,9,158,12333439,62,62,10317573,0,0,0,0,0,0,7,145,11084128
201810,34,025,1,2,Monmouth County               ,82,82,23131740,0,0,0,1,4,897000,1,5,30000,63,63,18361700,0,0,0,1,4,897000,1,5,30000
201810,34,027,1,2,Morris County                 ,97,97,12367824,0,0,0,0,0,0,2,21,2682042,65,65,5771311,0,0,0,0,0,0,1,5,10000
201810,34,029,1,2,Ocean County                  ,203,203,38233344,9,18,3372735,1,3,781821,0,0,0,188,188,36100351,9,18,3372735,0,0,0,0,0,0
201810,34,031,1,2,Passaic County                ,8,8,3123634,0,0,0,1,3,120458,3,18,1353195,6,6,2430601,0,0,0,0,0,0,0,0,0
201810,34,033,1,2,Salem County                  ,5,5,618201,0,0,0,0,0,0,0,0,0,3,3,402100,0,0,0,0,0,0,0,0,0
201810,34,035,1,2,Somerset County               ,20,20,4117884,0,0,0,0,0,0,4,189,16207692,8,8,2212975,0,0,0,0,0,0,1,172,15000000
201810,34,037,1,2,Sussex County                 ,10,10,2069568,0,0,0,0,0,0,0,0,0,9,9,1790701,0,0,0,0,0,0,0,0,0
201810,34,039,1,2,Union County                  ,24,24,5765409,5,10,887500,1,3,700000,4,149,27865405,15,15,4465450,5,10,887500,1,3,700000,1,132,26865000
201810,34,041,1,2,Warren County                 ,26,26,4133754,0,0,0,0,0,0,0,0,0,26,26,4133754,0,0,0,0,0,0,0,0,0
201810,35,000,4,8,New Mexico Balance of State   ,38,38,10303731,0,0,0,0,0,0,0,0,0,0,0,0,0,0,0,0,0,0,0,0,0
201810,35,001,4,8,Bernalillo County             ,85,85,19244388,0,0,0,0,0,0,0,0,0,85,85,19244388,0,0,0,0,0,0,0,0,0
201810,35,005,4,8,Chaves County                 ,6,6,1040670,0,0,0,0,0,0,0,0,0,0,0,0,0,0,0,0,0,0,0,0,0
201810,35,009,4,8,Curry County                  ,6,6,1519062,0,0,0,0,0,0,1,5,460938,0,0,0,0,0,0,0,0,0,0,0,0
201810,35,013,4,8,Dona Ana County               ,70,70,16619296,0,0,0,0,0,0,9,72,2880000,57,57,12889462,0,0,0,0,0,0,9,72,2880000
201810,35,015,4,8,Eddy County                   ,13,13,2349618,0,0,0,0,0,0,0,0,0,13,13,2349618,0,0,0,0,0,0,0,0,0
201810,35,017,4,8,Grant County                  ,1,1,162507,0,0,0,0,0,0,0,0,0,0,0,0,0,0,0,0,0,0,0,0,0
201810,35,025,4,8,Lea County                    ,12,12,2359149,0,0,0,0,0,0,0,0,0,12,12,2359149,0,0,0,0,0,0,0,0,0
201810,35,027,4,8,Lincoln County                ,8,8,2020035,0,0,0,0,0,0,0,0,0,0,0,0,0,0,0,0,0,0,0,0,0
201810,35,028,4,8,Los Alamos County             ,0,0,0,0,0,0,0,0,0,0,0,0,0,0,0,0,0,0,0,0,0,0,0,0
201810,35,029,4,8,Luna County                   ,1,1,186608,0,0,0,0,0,0,0,0,0,0,0,0,0,0,0,0,0,0,0,0,0
201810,35,031,4,8,McKinley County               ,0,0,0,0,0,0,0,0,0,0,0,0,0,0,0,0,0,0,0,0,0,0,0,0
201810,35,035,4,8,Otero County                  ,0,0,0,0,0,0,0,0,0,0,0,0,0,0,0,0,0,0,0,0,0,0,0,0
201810,35,041,4,8,Roosevelt County              ,2,2,302038,0,0,0,0,0,0,0,0,0,0,0,0,0,0,0,0,0,0,0,0,0
201810,35,043,4,8,Sandoval County               ,58,58,12760265,1,2,283271,0,0,0,1,5,208333,0,0,0,0,0,0,0,0,0,0,0,0
201810,35,045,4,8,San Juan County               ,5,5,1256815,0,0,0,0,0,0,0,0,0,5,5,1256815,0,0,0,0,0,0,0,0,0
201810,35,047,4,8,San Miguel County             ,0,0,0,0,0,0,0,0,0,0,0,0,0,0,0,0,0,0,0,0,0,0,0,0
201810,35,049,4,8,Santa Fe County               ,13,13,2857223,0,0,0,0,0,0,0,0,0,13,13,2857223,0,0,0,0,0,0,0,0,0
201810,35,051,4,8,Sierra County                 ,0,0,0,0,0,0,0,0,0,0,0,0,0,0,0,0,0,0,0,0,0,0,0,0
201810,35,055,4,8,Taos County                   ,9,9,986902,0,0,0,0,0,0,0,0,0,0,0,0,0,0,0,0,0,0,0,0,0
201810,35,061,4,8,Valencia County               ,10,10,1084120,0,0,0,0,0,0,0,0,0,0,0,0,0,0,0,0,0,0,0,0,0
201810,36,001,1,2,Albany County                 ,31,31,6844404,0,0,0,3,12,1800000,2,19,2348354,28,28,6186607,0,0,0,3,12,1800000,1,12,1200000
201810,36,005,1,2,Bronx County                  ,1,1,266020,2,4,592877,4,12,1491691,9,144,18742075,1,1,266020,2,4,592877,4,12,1491691,9,144,18742075
201810,36,029,1,2,Erie County                   ,60,60,18787838,0,0,0,0,0,0,5,50,7883706,42,42,14577416,0,0,0,0,0,0,4,36,4750000
201810,36,047,1,2,Kings County                  ,3,3,798061,5,10,1482193,5,17,2113229,16,316,41128442,3,3,798061,5,10,1482193,5,17,2113229,16,316,41128442
201810,36,051,1,2,Livingston County             ,2,2,340115,0,0,0,0,0,0,0,0,0,0,0,0,0,0,0,0,0,0,0,0,0
201810,36,055,1,2,Monroe County                 ,89,89,13542823,0,0,0,1,3,240000,1,6,2200000,81,81,12315600,0,0,0,0,0,0,1,6,2200000
201810,36,059,1,2,Nassau County                 ,102,102,40531184,3,6,1100000,0,0,0,1,6,1395349,33,33,25011381,3,6,1100000,0,0,0,0,0,0
201810,36,061,1,2,New York County               ,0,0,0,0,0,0,0,0,0,3,124,16139009,0,0,0,0,0,0,0,0,0,3,124,16139009
201810,36,063,1,2,Niagara County                ,21,21,4701985,0,0,0,0,0,0,0,0,0,12,12,2331331,0,0,0,0,0,0,0,0,0
201810,36,069,1,2,Ontario County                ,18,18,6500815,0,0,0,0,0,0,1,7,612500,11,11,3769000,0,0,0,0,0,0,0,0,0
201810,36,073,1,2,Orleans County                ,0,0,0,0,0,0,0,0,0,0,0,0,0,0,0,0,0,0,0,0,0,0,0,0
201810,36,079,1,2,Putnam County                 ,5,5,891034,0,0,0,1,3,703760,0,0,0,2,2,394000,0,0,0,0,0,0,0,0,0
201810,36,081,1,2,Queens County                 ,6,6,1596122,21,42,6225210,2,6,745846,6,176,22906980,6,6,1596122,21,42,6225210,2,6,745846,6,176,22906980
201810,36,083,1,2,Rensselaer County             ,10,10,2338291,0,0,0,3,12,1500000,0,0,0,5,5,1054600,0,0,0,3,12,1500000,0,0,0
201810,36,085,1,2,Richmond County               ,20,20,5320408,17,34,5039456,0,0,0,1,5,650766,20,20,5320408,17,34,5039456,0,0,0,1,5,650766
201810,36,087,1,2,Rockland County               ,20,20,5735804,2,4,617351,1,3,327533,4,23,4140707,15,15,4484500,0,0,0,0,0,0,0,0,0
201810,36,091,1,2,Saratoga County               ,85,85,24974356,0,0,0,0,0,0,2,11,933640,61,61,16510388,0,0,0,0,0,0,0,0,0
201810,36,093,1,2,Schenectady County            ,12,12,1842007,0,0,0,0,0,0,0,0,0,6,6,881422,0,0,0,0,0,0,0,0,0
201810,36,095,1,2,Schoharie County              ,1,1,140017,0,0,0,0,0,0,0,0,0,0,0,0,0,0,0,0,0,0,0,0,0
201810,36,099,1,2,Seneca County                 ,6,6,606349,0,0,0,0,0,0,0,0,0,6,6,606349,0,0,0,0,0,0,0,0,0
201810,36,103,1,2,Suffolk County                ,97,97,64491046,1,2,223102,0,0,0,0,0,0,67,67,42476725,0,0,0,0,0,0,0,0,0
201810,36,117,1,2,Wayne County                  ,6,6,1046571,1,2,291700,0,0,0,1,10,300000,5,5,875000,1,2,291700,0,0,0,1,10,300000
201810,36,119,1,2,Westchester County            ,24,24,12166334,1,2,237500,0,0,0,5,472,74662901,16,16,7988770,0,0,0,0,0,0,3,445,72360000
201810,37,007,3,5,Anson County                  ,4,4,599460,0,0,0,0,0,0,0,0,0,0,0,0,0,0,0,0,0,0,0,0,0
201810,37,011,3,5,Avery County                  ,8,8,3549001,0,0,0,0,0,0,0,0,0,8,8,3549001,0,0,0,0,0,0,0,0,0
201810,37,015,3,5,Bertie County                 ,0,0,0,0,0,0,0,0,0,0,0,0,0,0,0,0,0,0,0,0,0,0,0,0
201810,37,025,3,5,Cabarrus County               ,140,140,22886630,0,0,0,0,0,0,0,0,0,140,140,22886630,0,0,0,0,0,0,0,0,0
201810,37,033,3,5,Caswell County                ,1,1,280000,0,0,0,0,0,0,0,0,0,1,1,280000,0,0,0,0,0,0,0,0,0
201810,37,037,3,5,Chatham County                ,63,63,16976408,0,0,0,0,0,0,0,0,0,63,63,16976408,0,0,0,0,0,0,0,0,0
201810,37,051,3,5,Cumberland County             ,46,46,9155678,0,0,0,0,0,0,0,0,0,46,46,9155678,0,0,0,0,0,0,0,0,0
201810,37,053,3,5,Currituck County              ,50,50,12178850,0,0,0,0,0,0,0,0,0,50,50,12178850,0,0,0,0,0,0,0,0,0
201810,37,059,3,5,Davie County                  ,12,12,2874700,1,2,165000,0,0,0,1,7,315828,0,0,0,0,0,0,0,0,0,0,0,0
201810,37,063,3,5,Durham County                 ,166,166,31948106,0,0,0,0,0,0,4,104,8284782,0,0,0,0,0,0,0,0,0,0,0,0
201810,37,069,3,5,Franklin County               ,37,37,6153248,0,0,0,0,0,0,0,0,0,37,37,6153248,0,0,0,0,0,0,0,0,0
201810,37,071,3,5,Gaston County                 ,74,74,20910622,0,0,0,0,0,0,0,0,0,74,74,20910622,0,0,0,0,0,0,0,0,0
201810,37,077,3,5,Granville County              ,26,26,4722422,0,0,0,0,0,0,0,0,0,26,26,4722422,0,0,0,0,0,0,0,0,0
201810,37,081,3,5,Guilford County               ,91,91,24735777,0,0,0,0,0,0,2,57,6007342,48,48,9942288,0,0,0,0,0,0,2,57,6007342
201810,37,089,3,5,Henderson County              ,35,35,10012573,0,0,0,0,0,0,1,30,1950000,35,35,10012573,0,0,0,0,0,0,1,30,1950000
201810,37,093,3,5,Hoke County                   ,12,12,2836883,0,0,0,0,0,0,0,0,0,12,12,2836883,0,0,0,0,0,0,0,0,0
201810,37,097,3,5,Iredell County                ,109,109,30153835,0,0,0,0,0,0,0,0,0,109,109,30153835,0,0,0,0,0,0,0,0,0
201810,37,101,3,5,Johnston County               ,189,189,31924738,0,0,0,0,0,0,0,0,0,184,184,31080949,0,0,0,0,0,0,0,0,0
201810,37,119,3,5,Mecklenburg County            ,530,530,125295660,1,2,242983,0,0,0,3,413,21410265,530,530,125295660,1,2,242983,0,0,0,3,413,21410265
201810,37,133,3,5,Onslow County                 ,111,111,14751753,0,0,0,0,0,0,0,0,0,111,111,14751753,0,0,0,0,0,0,0,0,0
201810,37,135,3,5,Orange County                 ,57,57,19279911,0,0,0,0,0,0,0,0,0,57,57,19279911,0,0,0,0,0,0,0,0,0
201810,37,145,3,5,Person County                 ,10,10,3214219,0,0,0,0,0,0,0,0,0,10,10,3214219,0,0,0,0,0,0,0,0,0
201810,37,151,3,5,Randolph County               ,32,32,8900169,0,0,0,0,0,0,0,0,0,32,32,8900169,0,0,0,0,0,0,0,0,0
201810,37,157,3,5,Rockingham County             ,24,24,5121525,0,0,0,0,0,0,0,0,0,24,24,5121525,0,0,0,0,0,0,0,0,0
201810,37,179,3,5,Union County                  ,100,100,21092044,0,0,0,0,0,0,0,0,0,100,100,21092044,0,0,0,0,0,0,0,0,0
201810,37,181,3,5,Vance County                  ,6,6,1492097,0,0,0,0,0,0,0,0,0,6,6,1492097,0,0,0,0,0,0,0,0,0
201810,37,183,3,5,Wake County                   ,632,632,149153340,0,0,0,0,0,0,1,6,978704,577,577,137463765,0,0,0,0,0,0,1,6,978704
201810,37,195,3,5,Wilson County                 ,18,18,2722008,0,0,0,0,0,0,0,0,0,18,18,2722008,0,0,0,0,0,0,0,0,0
201810,39,007,2,3,Ashtabula County              ,10,10,1875683,0,0,0,0,0,0,0,0,0,10,10,1875683,0,0,0,0,0,0,0,0,0
201810,39,015,2,3,Brown County                  ,11,11,2843645,0,0,0,0,0,0,0,0,0,11,11,2843645,0,0,0,0,0,0,0,0,0
201810,39,017,2,3,Butler County                 ,68,68,14691260,14,28,4428000,18,54,10800000,0,0,0,21,21,3488814,14,28,4428000,18,54,10800000,0,0,0
201810,39,025,2,3,Clermont County               ,41,41,8771708,0,0,0,0,0,0,0,0,0,41,41,8771708,0,0,0,0,0,0,0,0,0
201810,39,041,2,3,Delaware County               ,103,103,27444606,0,0,0,1,4,180000,2,16,1963644,90,90,22843109,0,0,0,1,4,180000,0,0,0
201810,39,049,2,3,Franklin County               ,88,88,24018587,1,2,309260,0,0,0,6,289,15222060,82,82,21577168,1,2,309260,0,0,0,5,282,14907060
201810,39,055,2,3,Geauga County                 ,8,8,2289500,0,0,0,0,0,0,0,0,0,8,8,2289500,0,0,0,0,0,0,0,0,0
201810,39,085,2,3,Lake County                   ,41,41,7575925,0,0,0,0,0,0,0,0,0,39,39,7255310,0,0,0,0,0,0,0,0,0
201810,39,089,2,3,Licking County                ,23,23,5996226,0,0,0,0,0,0,0,0,0,23,23,5996226,0,0,0,0,0,0,0,0,0
201810,39,093,2,3,Lorain County                 ,94,94,16991730,0,0,0,1,4,360000,4,20,2328500,90,90,16232416,0,0,0,1,4,360000,4,20,2328500
201810,39,097,2,3,Madison County                ,9,9,2326619,0,0,0,0,0,0,0,0,0,9,9,2326619,0,0,0,0,0,0,0,0,0
201810,39,103,2,3,Medina County                 ,50,50,15398065,1,2,90000,0,0,0,0,0,0,42,42,13910346,1,2,90000,0,0,0,0,0,0
201810,39,117,2,3,Morrow County                 ,5,5,110000,0,0,0,0,0,0,0,0,0,0,0,0,0,0,0,0,0,0,0,0,0
201810,39,159,2,3,Union County                  ,46,46,11891607,0,0,0,0,0,0,12,108,8100000,46,46,11891607,0,0,0,0,0,0,12,108,8100000
201810,39,165,2,3,Warren County                 ,87,87,23305728,0,0,0,1,4,920235,2,16,2727623,70,70,18839360,0,0,0,1,4,920235,2,16,2727623
201810,40,001,3,7,Adair County                  ,0,0,0,0,0,0,0,0,0,0,0,0,0,0,0,0,0,0,0,0,0,0,0,0
201810,40,017,3,7,Canadian County               ,34,34,7453739,1,2,95750,0,0,0,0,0,0,24,24,5205095,0,0,0,0,0,0,0,0,0
201810,40,021,3,7,Cherokee County               ,5,5,656191,0,0,0,0,0,0,1,5,244048,0,0,0,0,0,0,0,0,0,0,0,0
201810,40,027,3,7,Cleveland County              ,48,48,11520385,0,0,0,0,0,0,0,0,0,48,48,11520385,0,0,0,0,0,0,0,0,0
201810,40,029,3,7,Coal County                   ,1,1,10000,0,0,0,0,0,0,0,0,0,1,1,10000,0,0,0,0,0,0,0,0,0
201810,40,037,3,7,Creek County                  ,10,10,1798494,0,0,0,0,0,0,0,0,0,7,7,1067000,0,0,0,0,0,0,0,0,0
201810,40,051,3,7,Grady County                  ,10,10,1859449,0,0,0,0,0,0,0,0,0,4,4,575500,0,0,0,0,0,0,0,0,0
201810,40,055,3,7,Greer County                  ,0,0,0,0,0,0,0,0,0,0,0,0,0,0,0,0,0,0,0,0,0,0,0,0
201810,40,081,3,7,Lincoln County                ,2,2,464264,0,0,0,0,0,0,0,0,0,1,1,236407,0,0,0,0,0,0,0,0,0
201810,40,083,3,7,Logan County                  ,2,2,381333,0,0,0,0,0,0,0,0,0,1,1,198000,0,0,0,0,0,0,0,0,0
201810,40,087,3,7,McClain County                ,27,27,5670408,0,0,0,0,0,0,0,0,0,22,22,4540000,0,0,0,0,0,0,0,0,0
201810,40,109,3,7,Oklahoma County               ,285,285,69969539,1,2,187500,0,0,0,0,0,0,273,273,68099922,1,2,187500,0,0,0,0,0,0
201810,40,111,3,7,Okmulgee County               ,0,0,0,0,0,0,0,0,0,0,0,0,0,0,0,0,0,0,0,0,0,0,0,0
201810,40,113,3,7,Osage County                  ,10,10,2170969,0,0,0,0,0,0,0,0,0,10,10,2170969,0,0,0,0,0,0,0,0,0
201810,40,117,3,7,Pawnee County                 ,0,0,0,0,0,0,0,0,0,0,0,0,0,0,0,0,0,0,0,0,0,0,0,0
201810,40,131,3,7,Rogers County                 ,76,76,16144287,0,0,0,0,0,0,0,0,0,76,76,16144287,0,0,0,0,0,0,0,0,0
201810,40,143,3,7,Tulsa County                  ,148,148,33532962,11,22,11351324,0,0,0,17,315,34469341,128,128,28446331,11,22,11351324,0,0,0,17,315,34469341
201810,40,145,3,7,Wagoner County                ,24,24,4911709,0,0,0,0,0,0,0,0,0,24,24,4911709,0,0,0,0,0,0,0,0,0
201810,41,000,4,9,Oregon Balance of State       ,16,16,1774828,0,0,0,0,0,0,0,0,0,0,0,0,0,0,0,0,0,0,0,0,0
201810,41,005,4,9,Clackamas County              ,88,88,27284979,0,0,0,0,0,0,2,17,2441971,76,76,21149835,0,0,0,0,0,0,1,10,1424052
201810,41,017,4,9,Deschutes County              ,195,195,49223985,4,8,740880,0,0,0,0,0,0,168,168,42471161,4,8,740880,0,0,0,0,0,0
201810,41,019,4,9,Douglas County                ,33,33,7689314,0,0,0,0,0,0,0,0,0,33,33,7689314,0,0,0,0,0,0,0,0,0
201810,41,025,4,9,Harney County                 ,1,1,152432,0,0,0,0,0,0,0,0,0,1,1,152432,0,0,0,0,0,0,0,0,0
201810,41,035,4,9,Klamath County                ,19,19,4549649,0,0,0,0,0,0,0,0,0,19,19,4549649,0,0,0,0,0,0,0,0,0
201810,41,051,4,9,Multnomah County              ,92,92,25910531,6,12,2389173,2,6,1270605,10,538,65259984,92,92,25910531,6,12,2389173,2,6,1270605,10,538,65259984
201810,41,067,4,9,Washington County             ,103,103,30032702,0,0,0,0,0,0,1,38,4138064,101,101,29555139,0,0,0,0,0,0,1,38,4138064
201810,41,071,4,9,Yamhill County                ,29,29,7754118,0,0,0,0,0,0,1,5,662545,19,19,5500778,0,0,0,0,0,0,1,5,662545
201810,42,001,1,2,Adams County                  ,30,30,5294335,0,0,0,0,0,0,0,0,0,30,30,5294335,0,0,0,0,0,0,0,0,0
201810,42,017,1,2,Bucks County                  ,86,86,19377691,0,0,0,0,0,0,0,0,0,51,51,12034737,0,0,0,0,0,0,0,0,0
201810,42,029,1,2,Chester County                ,123,123,25795425,0,0,0,1,4,473890,2,348,45382428,100,100,20537440,0,0,0,1,4,473890,2,348,45382428
201810,42,037,1,2,Columbia County               ,11,11,2314540,0,0,0,0,0,0,0,0,0,7,7,1299000,0,0,0,0,0,0,0,0,0
201810,42,041,1,2,Cumberland County             ,86,86,17838290,0,0,0,0,0,0,2,24,2088000,78,78,16117075,0,0,0,0,0,0,2,24,2088000
201810,42,043,1,2,Dauphin County                ,44,44,9477886,0,0,0,1,3,615950,7,40,2457732,34,34,7278294,0,0,0,1,3,615950,7,40,2457732
201810,42,045,1,2,Delaware County               ,40,40,9346014,1,2,455520,0,0,0,0,0,0,15,15,2802082,1,2,455520,0,0,0,0,0,0
201810,42,055,1,2,Franklin County               ,29,29,5758202,1,2,296439,0,0,0,1,5,487529,16,16,3727031,1,2,296439,0,0,0,0,0,0
201810,42,091,1,2,Montgomery County             ,81,81,19994990,0,0,0,1,4,568000,3,34,4137391,51,51,13586112,0,0,0,1,4,568000,1,8,1041226
201810,42,093,1,2,Montour County                ,2,2,506073,0,0,0,0,0,0,0,0,0,1,1,266020,0,0,0,0,0,0,0,0,0
201810,42,099,1,2,Perry County                  ,11,11,2753774,0,0,0,0,0,0,0,0,0,1,1,200000,0,0,0,0,0,0,0,0,0
201810,42,101,1,2,Philadelphia County           ,87,87,23080393,12,24,3992064,12,39,4915108,5,116,15721717,0,0,0,0,0,0,0,0,0,0,0,0
201810,42,103,1,2,Pike County                   ,13,13,3659045,0,0,0,0,0,0,0,0,0,10,10,2846178,0,0,0,0,0,0,0,0,0
201810,44,001,1,1,Bristol County                ,4,4,1459125,0,0,0,0,0,0,0,0,0,1,1,850000,0,0,0,0,0,0,0,0,0
201810,44,003,1,1,Kent County                   ,4,4,634039,0,0,0,0,0,0,0,0,0,3,3,350000,0,0,0,0,0,0,0,0,0
201810,44,005,1,1,Newport County                ,19,19,4462650,0,0,0,0,0,0,0,0,0,19,19,4462650,0,0,0,0,0,0,0,0,0
201810,44,007,1,1,Providence County             ,20,20,4253016,2,4,836740,0,0,0,0,0,0,9,9,2666109,2,4,836740,0,0,0,0,0,0
201810,44,009,1,1,Washington County             ,40,40,10222603,0,0,0,0,0,0,0,0,0,28,28,7136909,0,0,0,0,0,0,0,0,0
201810,45,003,3,5,Aiken County                  ,81,81,18077399,0,0,0,0,0,0,0,0,0,81,81,18077399,0,0,0,0,0,0,0,0,0
201810,45,009,3,5,Bamberg County                ,1,1,195179,0,0,0,0,0,0,0,0,0,1,1,195179,0,0,0,0,0,0,0,0,0
201810,45,015,3,5,Berkeley County               ,115,115,31266111,0,0,0,0,0,0,2,34,1163968,14,14,4566994,0,0,0,0,0,0,0,0,0
201810,45,017,3,5,Calhoun County                ,3,3,443354,0,0,0,0,0,0,0,0,0,0,0,0,0,0,0,0,0,0,0,0,0
201810,45,019,3,5,Charleston County             ,229,229,67525927,0,0,0,0,0,0,4,106,7857657,106,106,49581401,0,0,0,0,0,0,0,0,0
201810,45,035,3,5,Dorchester County             ,63,63,17240000,0,0,0,0,0,0,0,0,0,63,63,17240000,0,0,0,0,0,0,0,0,0
201810,45,037,3,5,Edgefield County              ,9,9,2090746,0,0,0,0,0,0,0,0,0,9,9,2090746,0,0,0,0,0,0,0,0,0
201810,45,039,3,5,Fairfield County              ,5,5,1142031,0,0,0,0,0,0,0,0,0,0,0,0,0,0,0,0,0,0,0,0,0
201810,45,045,3,5,Greenville County             ,302,302,77205059,0,0,0,0,0,0,1,5,176376,301,301,77043013,0,0,0,0,0,0,0,0,0
201810,45,051,3,5,Horry County                  ,338,338,61249471,0,0,0,0,0,0,2,17,2175269,285,285,51082763,0,0,0,0,0,0,0,0,0
201810,45,055,3,5,Kershaw County                ,23,23,4001532,0,0,0,0,0,0,0,0,0,23,23,4001532,0,0,0,0,0,0,0,0,0
201810,45,059,3,5,Laurens County                ,13,13,2999458,0,0,0,0,0,0,0,0,0,13,13,2999458,0,0,0,0,0,0,0,0,0
201810,45,063,3,5,Lexington County              ,155,155,38296731,0,0,0,0,0,0,0,0,0,30,30,6254807,0,0,0,0,0,0,0,0,0
201810,45,077,3,5,Pickens County                ,44,44,13052636,0,0,0,0,0,0,2,15,1832331,10,10,2066337,0,0,0,0,0,0,0,0,0
201810,45,079,3,5,Richland County               ,179,179,24226404,0,0,0,0,0,0,2,32,1806168,35,35,6047634,0,0,0,0,0,0,0,0,0
201810,45,081,3,5,Saluda County                 ,2,2,445058,0,0,0,0,0,0,0,0,0,2,2,445058,0,0,0,0,0,0,0,0,0
201810,45,085,3,5,Sumter County                 ,29,29,3612333,0,0,0,0,0,0,0,0,0,29,29,3612333,0,0,0,0,0,0,0,0,0
201810,45,091,3,5,York County                   ,228,228,81657571,0,0,0,0,0,0,1,15,1702720,145,145,50929995,0,0,0,0,0,0,0,0,0
201810,46,007,2,4,Bennett County                ,0,0,0,0,0,0,0,0,0,0,0,0,0,0,0,0,0,0,0,0,0,0,0,0
201810,46,055,2,4,Haakon County                 ,0,0,0,0,0,0,0,0,0,0,0,0,0,0,0,0,0,0,0,0,0,0,0,0
201810,46,071,2,4,Jackson County                ,0,0,0,0,0,0,0,0,0,0,0,0,0,0,0,0,0,0,0,0,0,0,0,0
201810,46,111,2,4,Sanborn County                ,0,0,0,0,0,0,0,0,0,0,0,0,0,0,0,0,0,0,0,0,0,0,0,0
201810,47,001,3,6,Anderson County               ,16,16,3080037,0,0,0,0,0,0,0,0,0,16,16,3080037,0,0,0,0,0,0,0,0,0
201810,47,015,3,6,Cannon County                 ,1,1,236407,0,0,0,0,0,0,0,0,0,0,0,0,0,0,0,0,0,0,0,0,0
201810,47,021,3,6,Cheatham County               ,29,29,5124470,0,0,0,0,0,0,0,0,0,23,23,4353994,0,0,0,0,0,0,0,0,0
201810,47,037,3,6,Davidson County               ,318,318,79975271,0,0,0,0,0,0,10,936,22408991,317,317,78759993,0,0,0,0,0,0,10,936,22408991
201810,47,043,3,6,Dickson County                ,25,25,4877377,0,0,0,0,0,0,0,0,0,6,6,1178000,0,0,0,0,0,0,0,0,0
201810,47,049,3,6,Fentress County               ,0,0,0,0,0,0,0,0,0,0,0,0,0,0,0,0,0,0,0,0,0,0,0,0
201810,47,081,3,6,Hickman County                ,3,3,499335,0,0,0,0,0,0,0,0,0,3,3,499335,0,0,0,0,0,0,0,0,0
201810,47,093,3,6,Knox County                   ,145,145,33445532,0,0,0,0,0,0,2,52,4183837,25,25,7895188,0,0,0,0,0,0,0,0,0
201810,47,105,3,6,Loudon County                 ,48,48,12361105,0,0,0,0,0,0,0,0,0,44,44,11688451,0,0,0,0,0,0,0,0,0
201810,47,125,3,6,Montgomery County             ,94,94,15634490,0,0,0,5,20,1150000,1,5,525000,94,94,15634490,0,0,0,5,20,1150000,1,5,525000
201810,47,139,3,6,Polk County                   ,16,16,2881985,0,0,0,0,0,0,0,0,0,0,0,0,0,0,0,0,0,0,0,0,0
201810,47,149,3,6,Rutherford County             ,161,161,43322114,0,0,0,0,0,0,14,299,32572812,133,133,39037759,0,0,0,0,0,0,13,288,31821836
201810,47,153,3,6,Sequatchie County             ,2,2,200000,0,0,0,0,0,0,0,0,0,2,2,200000,0,0,0,0,0,0,0,0,0
201810,47,157,3,6,Shelby County                 ,110,110,30266991,0,0,0,0,0,0,2,269,34552500,110,110,30266991,0,0,0,0,0,0,2,269,34552500
201810,47,159,3,6,Smith County                  ,3,3,438510,0,0,0,0,0,0,0,0,0,3,3,438510,0,0,0,0,0,0,0,0,0
201810,47,161,3,6,Stewart County                ,1,1,211500,0,0,0,0,0,0,0,0,0,0,0,0,0,0,0,0,0,0,0,0,0
201810,47,165,3,6,Sumner County                 ,96,96,22776953,0,0,0,0,0,0,0,0,0,96,96,22776953,0,0,0,0,0,0,0,0,0
201810,47,167,3,6,Tipton County                 ,11,11,2192735,0,0,0,0,0,0,0,0,0,5,5,1396304,0,0,0,0,0,0,0,0,0
201810,47,169,3,6,Trousdale County              ,6,6,846000,0,0,0,0,0,0,0,0,0,6,6,846000,0,0,0,0,0,0,0,0,0
201810,47,173,3,6,Union County                  ,4,4,710000,0,0,0,0,0,0,0,0,0,4,4,710000,0,0,0,0,0,0,0,0,0
201810,47,175,3,6,Van Buren County              ,0,0,0,0,0,0,0,0,0,0,0,0,0,0,0,0,0,0,0,0,0,0,0,0
201810,47,189,3,6,Wilson County                 ,99,99,25500141,0,0,0,0,0,0,0,0,0,99,99,25500141,0,0,0,0,0,0,0,0,0
201810,48,013,3,7,Atascosa County               ,2,2,370386,0,0,0,0,0,0,0,0,0,1,1,193970,0,0,0,0,0,0,0,0,0
201810,48,015,3,7,Austin County                 ,1,1,196112,0,0,0,0,0,0,0,0,0,0,0,0,0,0,0,0,0,0,0,0,0
201810,48,019,3,7,Bandera County                ,0,0,0,0,0,0,0,0,0,0,0,0,0,0,0,0,0,0,0,0,0,0,0,0
201810,48,021,3,7,Bastrop County                ,8,8,1081901,0,0,0,0,0,0,0,0,0,8,8,1081901,0,0,0,0,0,0,0,0,0
201810,48,025,3,7,Bee County                    ,1,1,99168,0,0,0,0,0,0,0,0,0,0,0,0,0,0,0,0,0,0,0,0,0
201810,48,027,3,7,Bell County                   ,176,176,30664795,11,22,1691413,0,0,0,5,110,9201678,163,163,28100899,10,20,1498000,0,0,0,5,110,9201678
201810,48,029,3,7,Bexar County                  ,413,413,83927770,0,0,0,1,3,0,21,105,10317997,370,370,78321523,0,0,0,0,0,0,19,95,8187005
201810,48,051,3,7,Burleson County               ,0,0,0,0,0,0,0,0,0,0,0,0,0,0,0,0,0,0,0,0,0,0,0,0
201810,48,055,3,7,Caldwell County               ,22,22,4278967,0,0,0,0,0,0,0,0,0,2,2,200000,0,0,0,0,0,0,0,0,0
201810,48,085,3,7,Collin County                 ,823,823,258831564,2,4,1249728,0,0,0,7,286,32361300,684,684,204777538,2,4,1249728,0,0,0,7,286,32361300
201810,48,091,3,7,Comal County                  ,175,175,34156325,0,0,0,0,0,0,0,0,0,175,175,34156325,0,0,0,0,0,0,0,0,0
201810,48,099,3,7,Coryell County                ,11,11,1699806,0,0,0,0,0,0,0,0,0,11,11,1699806,0,0,0,0,0,0,0,0,0
201810,48,107,3,7,Crosby County                 ,0,0,0,0,0,0,0,0,0,0,0,0,0,0,0,0,0,0,0,0,0,0,0,0
201810,48,113,3,7,Dallas County                 ,395,395,119673308,7,14,4033348,3,10,2104432,8,218,20891925,380,380,114912210,7,14,4033348,3,10,2104432,4,39,4415906
201810,48,119,3,7,Delta County                  ,0,0,0,0,0,0,0,0,0,0,0,0,0,0,0,0,0,0,0,0,0,0,0,0
201810,48,135,3,7,Ector County                  ,48,48,10794500,1,2,400000,0,0,0,0,0,0,48,48,10794500,1,2,400000,0,0,0,0,0,0
201810,48,139,3,7,Ellis County                  ,140,140,30500404,1,2,242983,0,0,0,1,12,2042699,84,84,19062434,1,2,242983,0,0,0,0,0,0
201810,48,141,3,7,El Paso County                ,137,137,31760849,7,14,1262922,1,4,453869,0,0,0,107,107,27171609,7,14,1262922,1,4,453869,0,0,0
201810,48,157,3,7,Fort Bend County              ,705,705,48046109,1,2,229540,0,0,0,1,5,391292,64,64,21009589,0,0,0,0,0,0,0,0,0
201810,48,167,3,7,Galveston County              ,179,179,33603112,0,0,0,0,0,0,0,0,0,83,83,16683258,0,0,0,0,0,0,0,0,0
201810,48,185,3,7,Grimes County                 ,4,4,433708,0,0,0,0,0,0,0,0,0,0,0,0,0,0,0,0,0,0,0,0,0
201810,48,187,3,7,Guadalupe County              ,81,81,18540072,1,2,180000,0,0,0,0,0,0,81,81,18540072,1,2,180000,0,0,0,0,0,0
201810,48,193,3,7,Hamilton County               ,0,0,0,0,0,0,0,0,0,0,0,0,0,0,0,0,0,0,0,0,0,0,0,0
201810,48,195,3,7,Hansford County               ,0,0,0,0,0,0,0,0,0,0,0,0,0,0,0,0,0,0,0,0,0,0,0,0
201810,48,201,3,7,Harris County                 ,1264,1264,280135841,13,26,3042392,0,0,0,36,1210,107356675,1236,1236,272519120,13,26,3042392,0,0,0,36,1210,107356675
201810,48,211,3,7,Hemphill County               ,0,0,0,0,0,0,0,0,0,0,0,0,0,0,0,0,0,0,0,0,0,0,0,0
201810,48,215,3,7,Hidalgo County                ,224,224,35490989,4,8,476192,8,30,3465219,2,32,2740543,163,163,23377182,4,8,476192,0,0,0,1,10,400000
201810,48,233,3,7,Hutchinson County             ,0,0,0,0,0,0,0,0,0,0,0,0,0,0,0,0,0,0,0,0,0,0,0,0
201810,48,251,3,7,Johnson County                ,31,31,6539759,0,0,0,0,0,0,0,0,0,29,29,6077267,0,0,0,0,0,0,0,0,0
201810,48,257,3,7,Kaufman County                ,21,21,4720518,0,0,0,0,0,0,0,0,0,19,19,4243698,0,0,0,0,0,0,0,0,0
201810,48,259,3,7,Kendall County                ,28,28,7478418,0,0,0,0,0,0,0,0,0,0,0,0,0,0,0,0,0,0,0,0,0
201810,48,271,3,7,Kinney County                 ,0,0,0,0,0,0,0,0,0,0,0,0,0,0,0,0,0,0,0,0,0,0,0,0
201810,48,281,3,7,Lampasas County               ,2,2,204500,0,0,0,0,0,0,0,0,0,2,2,204500,0,0,0,0,0,0,0,0,0
201810,48,291,3,7,Liberty County                ,56,56,5790949,0,0,0,0,0,0,0,0,0,48,48,4669467,0,0,0,0,0,0,0,0,0
201810,48,303,3,7,Lubbock County                ,120,120,31166127,0,0,0,0,0,0,0,0,0,119,119,30993127,0,0,0,0,0,0,0,0,0
201810,48,323,3,7,Maverick County               ,7,7,1629930,0,0,0,0,0,0,0,0,0,0,0,0,0,0,0,0,0,0,0,0,0
201810,48,325,3,7,Medina County                 ,2,2,413015,0,0,0,0,0,0,0,0,0,1,1,200000,0,0,0,0,0,0,0,0,0
201810,48,329,3,7,Midland County                ,112,112,27366158,0,0,0,0,0,0,0,0,0,112,112,27366158,0,0,0,0,0,0,0,0,0
201810,48,339,3,7,Montgomery County             ,447,447,99239901,0,0,0,0,0,0,0,0,0,360,360,79534362,0,0,0,0,0,0,0,0,0
201810,48,367,3,7,Parker County                 ,35,35,6973817,0,0,0,0,0,0,0,0,0,33,33,6838860,0,0,0,0,0,0,0,0,0
201810,48,375,3,7,Potter County                 ,48,48,12649649,6,12,1789304,0,0,0,0,0,0,48,48,12649649,6,12,1789304,0,0,0,0,0,0
201810,48,383,3,7,Reagan County                 ,0,0,0,0,0,0,0,0,0,0,0,0,0,0,0,0,0,0,0,0,0,0,0,0
201810,48,385,3,7,Real County                   ,0,0,0,0,0,0,0,0,0,0,0,0,0,0,0,0,0,0,0,0,0,0,0,0
201810,48,395,3,7,Robertson County              ,5,5,820716,0,0,0,0,0,0,0,0,0,5,5,820716,0,0,0,0,0,0,0,0,0
201810,48,397,3,7,Rockwall County               ,160,160,48455690,0,0,0,0,0,0,0,0,0,148,148,42469358,0,0,0,0,0,0,0,0,0
201810,48,407,3,7,San Jacinto County            ,36,36,7856308,0,0,0,0,0,0,0,0,0,0,0,0,0,0,0,0,0,0,0,0,0
201810,48,411,3,7,San Saba County               ,0,0,0,0,0,0,0,0,0,0,0,0,0,0,0,0,0,0,0,0,0,0,0,0
201810,48,451,3,7,Tom Green County              ,20,20,4679600,0,0,0,0,0,0,0,0,0,20,20,4679600,0,0,0,0,0,0,0,0,0
201810,48,453,3,7,Travis County                 ,604,604,160349512,0,0,0,3,12,2874028,4,319,42112023,565,565,147882817,0,0,0,3,12,2874028,4,319,42112023
201810,48,473,3,7,Waller County                 ,0,0,0,0,0,0,0,0,0,1,5,110903,0,0,0,0,0,0,0,0,0,0,0,0
201810,48,491,3,7,Williamson County             ,362,362,103988587,0,0,0,0,0,0,1,6,319600,338,338,98321683,0,0,0,0,0,0,1,6,319600
201810,48,493,3,7,Wilson County                 ,6,6,1195012,0,0,0,0,0,0,0,0,0,0,0,0,0,0,0,0,0,0,0,0,0
201810,48,497,3,7,Wise County                   ,10,10,2279280,1,2,150000,0,0,0,0,0,0,9,9,2121155,1,2,150000,0,0,0,0,0,0
201810,49,011,4,8,Davis County                  ,91,91,26150836,0,0,0,3,11,1831029,1,5,965838,89,89,25270140,0,0,0,2,8,1276888,1,5,965838
201810,49,023,4,8,Juab County                   ,3,3,541486,0,0,0,0,0,0,0,0,0,3,3,541486,0,0,0,0,0,0,0,0,0
201810,49,029,4,8,Morgan County                 ,5,5,1666615,0,0,0,0,0,0,0,0,0,5,5,1666615,0,0,0,0,0,0,0,0,0
201810,49,035,4,8,Salt Lake County              ,399,399,93542109,3,6,820501,7,26,2612384,22,368,47489017,292,292,64879655,3,6,820501,7,26,2612384,19,320,40656000
201810,49,039,4,8,Sanpete County                ,4,4,896389,0,0,0,0,0,0,0,0,0,4,4,896389,0,0,0,0,0,0,0,0,0
201810,49,043,4,8,Summit County                 ,15,15,7932900,0,0,0,0,0,0,2,27,3676048,5,5,2924350,0,0,0,0,0,0,1,22,2821764
201810,49,057,4,8,Weber County                  ,91,91,25886398,0,0,0,0,0,0,0,0,0,86,86,24663268,0,0,0,0,0,0,0,0,0
201810,51,003,3,5,Albemarle County              ,52,52,16128447,0,0,0,0,0,0,1,19,2136138,0,0,0,0,0,0,0,0,0,0,0,0
201810,51,007,3,5,Amelia County                 ,7,7,974880,0,0,0,0,0,0,0,0,0,7,7,974880,0,0,0,0,0,0,0,0,0
201810,51,009,3,5,Amherst County                ,10,10,1856874,0,0,0,0,0,0,0,0,0,10,10,1856874,0,0,0,0,0,0,0,0,0
201810,51,013,3,5,Arlington County              ,16,16,6393017,0,0,0,0,0,0,1,239,15030505,0,0,0,0,0,0,0,0,0,0,0,0
201810,51,015,3,5,Augusta County                ,10,10,2543000,0,0,0,0,0,0,0,0,0,10,10,2543000,0,0,0,0,0,0,0,0,0
201810,51,019,3,5,Bedford County                ,0,0,0,1,2,350000,0,0,0,0,0,0,0,0,0,1,2,350000,0,0,0,0,0,0
201810,51,033,3,5,Caroline County               ,10,10,1721881,0,0,0,0,0,0,0,0,0,10,10,1721881,0,0,0,0,0,0,0,0,0
201810,51,036,3,5,Charles City County           ,2,2,324892,0,0,0,0,0,0,0,0,0,0,0,0,0,0,0,0,0,0,0,0,0
201810,51,037,3,5,Charlotte County              ,2,2,385000,0,0,0,0,0,0,0,0,0,2,2,385000,0,0,0,0,0,0,0,0,0
201810,51,041,3,5,Chesterfield County           ,128,128,24982912,0,0,0,1,4,500000,2,12,1560443,128,128,24982912,0,0,0,1,4,500000,2,12,1560443
201810,51,043,3,5,Clarke County                 ,2,2,365098,0,0,0,0,0,0,0,0,0,2,2,365098,0,0,0,0,0,0,0,0,0
201810,51,049,3,5,Cumberland County             ,2,2,284000,0,0,0,0,0,0,0,0,0,2,2,284000,0,0,0,0,0,0,0,0,0
201810,51,051,3,5,Dickenson County              ,1,1,48000,0,0,0,0,0,0,0,0,0,1,1,48000,0,0,0,0,0,0,0,0,0
201810,51,053,3,5,Dinwiddie County              ,6,6,863277,0,0,0,0,0,0,0,0,0,0,0,0,0,0,0,0,0,0,0,0,0
201810,51,059,3,5,Fairfax County                ,110,110,26004760,0,0,0,0,0,0,0,0,0,110,110,26004760,0,0,0,0,0,0,0,0,0
201810,51,061,3,5,Fauquier County               ,17,17,8045304,0,0,0,0,0,0,0,0,0,17,17,8045304,0,0,0,0,0,0,0,0,0
201810,51,069,3,5,Frederick County              ,46,46,11114009,0,0,0,0,0,0,1,7,705000,46,46,11114009,0,0,0,0,0,0,1,7,705000
201810,51,073,3,5,Gloucester County             ,10,10,5377700,0,0,0,0,0,0,0,0,0,10,10,5377700,0,0,0,0,0,0,0,0,0
201810,51,075,3,5,Goochland County              ,13,13,4357834,0,0,0,0,0,0,0,0,0,13,13,4357834,0,0,0,0,0,0,0,0,0
201810,51,085,3,5,Hanover County                ,47,47,9173413,0,0,0,0,0,0,0,0,0,47,47,9173413,0,0,0,0,0,0,0,0,0
201810,51,087,3,5,Henrico County                ,64,64,9904748,6,12,412500,0,0,0,1,100,8033343,64,64,9904748,6,12,412500,0,0,0,1,100,8033343
201810,51,093,3,5,Isle of Wight County          ,16,16,3109294,0,0,0,0,0,0,0,0,0,0,0,0,0,0,0,0,0,0,0,0,0
201810,51,095,3,5,James City County             ,34,34,8037835,0,0,0,0,0,0,0,0,0,34,34,8037835,0,0,0,0,0,0,0,0,0
201810,51,097,3,5,King and Queen County         ,0,0,0,0,0,0,0,0,0,0,0,0,0,0,0,0,0,0,0,0,0,0,0,0
201810,51,099,3,5,King George County            ,13,13,2537327,0,0,0,0,0,0,0,0,0,13,13,2537327,0,0,0,0,0,0,0,0,0
201810,51,107,3,5,Loudoun County                ,217,217,51300299,1,2,200000,0,0,0,1,18,1968970,217,217,51300299,1,2,200000,0,0,0,1,18,1968970
201810,51,109,3,5,Louisa County                 ,24,24,5779900,0,0,0,0,0,0,0,0,0,24,24,5779900,0,0,0,0,0,0,0,0,0
201810,51,115,3,5,Mathews County                ,0,0,0,0,0,0,0,0,0,0,0,0,0,0,0,0,0,0,0,0,0,0,0,0
201810,51,127,3,5,New Kent County               ,10,10,3483000,0,0,0,0,0,0,0,0,0,10,10,3483000,0,0,0,0,0,0,0,0,0
201810,51,139,3,5,Page County                   ,4,4,715000,0,0,0,0,0,0,0,0,0,4,4,715000,0,0,0,0,0,0,0,0,0
201810,51,145,3,5,Powhatan County               ,9,9,1540012,0,0,0,0,0,0,0,0,0,9,9,1540012,0,0,0,0,0,0,0,0,0
201810,51,149,3,5,Prince George County          ,9,9,1177000,0,0,0,0,0,0,0,0,0,9,9,1177000,0,0,0,0,0,0,0,0,0
201810,51,153,3,5,Prince William County         ,124,124,23896301,0,0,0,0,0,0,0,0,0,124,124,23896301,0,0,0,0,0,0,0,0,0
201810,51,165,3,5,Rockingham County             ,24,24,5694150,0,0,0,0,0,0,0,0,0,24,24,5694150,0,0,0,0,0,0,0,0,0
201810,51,175,3,5,Southampton County            ,6,6,1204650,0,0,0,0,0,0,0,0,0,6,6,1204650,0,0,0,0,0,0,0,0,0
201810,51,177,3,5,Spotsylvania County           ,60,60,16314399,0,0,0,0,0,0,1,25,2100833,0,0,0,0,0,0,0,0,0,0,0,0
201810,51,179,3,5,Stafford County               ,88,88,23855077,0,0,0,0,0,0,0,0,0,88,88,23855077,0,0,0,0,0,0,0,0,0
201810,51,181,3,5,Surry County                  ,3,3,507909,0,0,0,0,0,0,0,0,0,0,0,0,0,0,0,0,0,0,0,0,0
201810,51,183,3,5,Sussex County                 ,4,4,236849,0,0,0,0,0,0,0,0,0,4,4,236849,0,0,0,0,0,0,0,0,0
201810,51,187,3,5,Warren County                 ,13,13,2434000,0,0,0,0,0,0,0,0,0,13,13,2434000,0,0,0,0,0,0,0,0,0
201810,51,199,3,5,York County                   ,29,29,4763958,0,0,0,0,0,0,0,0,0,29,29,4763958,0,0,0,0,0,0,0,0,0
201810,51,510,3,5,Alexandria (Independent City) ,6,6,1371000,0,0,0,0,0,0,0,0,0,6,6,1371000,0,0,0,0,0,0,0,0,0
201810,51,540,3,5,Charlottesville (Independent C,8,8,2385856,0,0,0,0,0,0,1,9,3245077,0,0,0,0,0,0,0,0,0,0,0,0
201810,51,550,3,5,Chesapeake(Independent City)  ,92,92,25805305,0,0,0,0,0,0,0,0,0,92,92,25805305,0,0,0,0,0,0,0,0,0
201810,51,570,3,5,Colonial Heights (Independent ,0,0,0,0,0,0,0,0,0,0,0,0,0,0,0,0,0,0,0,0,0,0,0,0
201810,51,580,3,5,Covington (Independent City)  ,0,0,0,0,0,0,0,0,0,0,0,0,0,0,0,0,0,0,0,0,0,0,0,0
201810,51,600,3,5,Fairfax (Independent City)    ,0,0,0,0,0,0,0,0,0,0,0,0,0,0,0,0,0,0,0,0,0,0,0,0
201810,51,610,3,5,Falls Church (Independent City,1,1,500000,0,0,0,0,0,0,0,0,0,1,1,500000,0,0,0,0,0,0,0,0,0
201810,51,630,3,5,Fredericksburg(Independent Cit,5,5,1430000,0,0,0,0,0,0,0,0,0,5,5,1430000,0,0,0,0,0,0,0,0,0
201810,51,650,3,5,Hampton (Independent City)    ,15,15,937120,0,0,0,0,0,0,0,0,0,0,0,0,0,0,0,0,0,0,0,0,0
201810,51,660,3,5,Harrisonburg (Independent City,4,4,739192,0,0,0,0,0,0,0,0,0,0,0,0,0,0,0,0,0,0,0,0,0
201810,51,670,3,5,Hopewell (Independent City)   ,4,4,365919,0,0,0,0,0,0,0,0,0,0,0,0,0,0,0,0,0,0,0,0,0
201810,51,680,3,5,Lynchburg (Independent City)  ,9,9,2394375,0,0,0,0,0,0,0,0,0,9,9,2394375,0,0,0,0,0,0,0,0,0
201810,51,683,3,5,Manassas (Independent City)   ,0,0,0,0,0,0,0,0,0,0,0,0,0,0,0,0,0,0,0,0,0,0,0,0
201810,51,685,3,5,Manassas Park (Independent Cit,0,0,0,0,0,0,0,0,0,0,0,0,0,0,0,0,0,0,0,0,0,0,0,0
201810,51,700,3,5,Newport News (Independent City,5,5,757169,0,0,0,0,0,0,0,0,0,5,5,757169,0,0,0,0,0,0,0,0,0
201810,51,710,3,5,Norfolk (Independent City)    ,32,32,7565021,0,0,0,0,0,0,0,0,0,32,32,7565021,0,0,0,0,0,0,0,0,0
201810,51,730,3,5,Petersburg (Independent City) ,2,2,237388,0,0,0,0,0,0,0,0,0,2,2,237388,0,0,0,0,0,0,0,0,0
201810,51,735,3,5,Poquoson (Independent City)   ,2,2,560000,0,0,0,0,0,0,0,0,0,2,2,560000,0,0,0,0,0,0,0,0,0
201810,51,740,3,5,Portsmouth (Independent City) ,15,15,2013450,0,0,0,0,0,0,0,0,0,15,15,2013450,0,0,0,0,0,0,0,0,0
201810,51,760,3,5,Richmond (Independent City)   ,22,22,4293938,0,0,0,0,0,0,0,0,0,22,22,4293938,0,0,0,0,0,0,0,0,0
201810,51,800,3,5,Suffolk (Independent City)    ,50,50,11820345,0,0,0,0,0,0,1,36,1330000,50,50,11820345,0,0,0,0,0,0,1,36,1330000
201810,51,810,3,5,Virginia Beach (Independent Ci,46,46,8841431,0,0,0,0,0,0,0,0,0,46,46,8841431,0,0,0,0,0,0,0,0,0
201810,51,830,3,5,Williamsburg (Independent City,4,4,482881,0,0,0,0,0,0,0,0,0,4,4,482881,0,0,0,0,0,0,0,0,0
201810,53,005,4,9,Benton County                 ,84,84,25392748,2,4,664392,0,0,0,6,246,25349256,60,60,18194500,2,4,664392,0,0,0,5,240,24758160
201810,53,011,4,9,Clark County                  ,232,232,66983494,0,0,0,0,0,0,2,33,3243132,109,109,25234060,0,0,0,0,0,0,1,16,1525098
201810,53,021,4,9,Franklin County               ,53,53,15034902,2,4,347280,0,0,0,1,5,599552,12,12,4577837,0,0,0,0,0,0,0,0,0
201810,53,031,4,9,Jefferson County              ,16,16,3722901,0,0,0,0,0,0,0,0,0,4,4,860805,0,0,0,0,0,0,0,0,0
201810,53,033,4,9,King County                   ,347,347,138814807,21,42,10085092,17,59,11985896,19,721,90865087,252,252,96845432,21,42,10085092,17,59,11985896,16,682,86690397
201810,53,035,4,9,Kitsap County                 ,81,81,26589747,1,2,376225,0,0,0,0,0,0,71,71,24103723,1,2,376225,0,0,0,0,0,0
201810,53,053,4,9,Pierce County                 ,233,233,66126670,6,12,1280723,0,0,0,7,113,13006315,217,217,61300805,5,10,976929,0,0,0,7,113,13006315
201810,53,055,4,9,San Juan County               ,12,12,2582467,0,0,0,0,0,0,0,0,0,2,2,337600,0,0,0,0,0,0,0,0,0
201810,53,059,4,9,Skamania County               ,9,9,1744175,0,0,0,0,0,0,0,0,0,9,9,1744175,0,0,0,0,0,0,0,0,0
201810,53,061,4,9,Snohomish County              ,216,216,69907982,1,2,351799,2,8,1825873,5,33,6202807,176,176,58942597,0,0,0,2,8,1825873,5,33,6202807
201810,54,011,3,5,Cabell County                 ,5,5,818810,0,0,0,0,0,0,1,5,451250,0,0,0,0,0,0,0,0,0,0,0,0
201810,54,015,3,5,Clay County                   ,2,2,50000,0,0,0,0,0,0,0,0,0,2,2,50000,0,0,0,0,0,0,0,0,0
201810,54,019,3,5,Fayette County                ,2,2,216400,0,0,0,0,0,0,0,0,0,0,0,0,0,0,0,0,0,0,0,0,0
201810,54,037,3,5,Jefferson County              ,14,14,3697917,0,0,0,0,0,0,0,0,0,11,11,2983240,0,0,0,0,0,0,0,0,0
201810,54,081,3,5,Raleigh County                ,3,3,1250098,0,0,0,0,0,0,0,0,0,3,3,1250098,0,0,0,0,0,0,0,0,0
201810,55,025,2,3,Dane County                   ,115,115,38317830,0,0,0,3,11,1647000,5,174,18909327,90,90,30863416,0,0,0,2,8,1200000,2,94,10820000
201810,55,031,2,3,Douglas County                ,10,10,2624500,0,0,0,0,0,0,0,0,0,10,10,2624500,0,0,0,0,0,0,0,0,0
201810,55,037,2,3,Florence County               ,4,4,920386,0,0,0,0,0,0,0,0,0,4,4,920386,0,0,0,0,0,0,0,0,0
201810,55,049,2,3,Iowa County                   ,3,3,860000,0,0,0,0,0,0,0,0,0,3,3,860000,0,0,0,0,0,0,0,0,0
201810,55,059,2,3,Kenosha County                ,30,30,10001696,0,0,0,0,0,0,0,0,0,29,29,9689051,0,0,0,0,0,0,0,0,0
201810,55,079,2,3,Milwaukee County              ,14,14,4964561,0,0,0,0,0,0,1,68,10700000,13,13,4728916,0,0,0,0,0,0,1,68,10700000
201810,55,089,2,3,Ozaukee County                ,28,28,10381837,0,0,0,0,0,0,2,17,2064264,18,18,6184641,0,0,0,0,0,0,0,0,0
201810,55,093,2,3,Pierce County                 ,9,9,1973750,0,0,0,0,0,0,0,0,0,9,9,1973750,0,0,0,0,0,0,0,0,0
201810,55,109,2,3,St. Croix County              ,66,66,12598111,2,4,476801,0,0,0,0,0,0,58,58,10755987,0,0,0,0,0,0,0,0,0
201810,55,131,2,3,Washington County             ,34,34,10340195,4,8,1080000,0,0,0,0,0,0,22,22,6071750,4,8,1080000,0,0,0,0,0,0
201810,56,029,4,8,Park County                   ,10,10,2756247,0,0,0,0,0,0,0,0,0,10,10,2756247,0,0,0,0,0,0,0,0,0
201810,56,039,4,8,Teton County                  ,7,7,11715060,0,0,0,0,0,0,0,0,0,5,5,10680000,0,0,0,0,0,0,0,0,0
