Survey,FIPS,FIPS,Region,Division,County,,1-unit,,,2-units,,,3-4 units,,,5+ units,,,1-unit rep,,,2-units rep,,,3-4 units rep,,, 5+units rep
Date,State,County,Code,Code,Name,Bldgs,Units,Value,Bldgs,Units,Value,Bldgs,Units,Value,Bldgs,Units,Value,Bldgs,Units,Value,Bldgs,Units,Value,Bldgs,Units,Value,Bldgs,Units,Value
 
201809,01,001,3,6,Autauga County                ,16,16,4791360,0,0,0,0,0,0,0,0,0,16,16,4791360,0,0,0,0,0,0,0,0,0
201809,01,007,3,6,Bibb County                   ,0,0,0,0,0,0,0,0,0,0,0,0,0,0,0,0,0,0,0,0,0,0,0,0
201809,01,009,3,6,Blount County                 ,2,2,489597,0,0,0,0,0,0,0,0,0,0,0,0,0,0,0,0,0,0,0,0,0
201809,01,021,3,6,Chilton County                ,8,8,830000,0,0,0,0,0,0,0,0,0,8,8,830000,0,0,0,0,0,0,0,0,0
201809,01,073,3,6,Jefferson County              ,124,124,40587914,0,0,0,0,0,0,0,0,0,94,94,34189594,0,0,0,0,0,0,0,0,0
201809,01,081,3,6,Lee County                    ,76,76,22140604,0,0,0,0,0,0,0,0,0,76,76,22140604,0,0,0,0,0,0,0,0,0
201809,01,083,3,6,Limestone County              ,8,8,1932086,0,0,0,0,0,0,0,0,0,8,8,1932086,0,0,0,0,0,0,0,0,0
201809,01,089,3,6,Madison County                ,227,227,30981415,0,0,0,0,0,0,0,0,0,227,227,30981415,0,0,0,0,0,0,0,0,0
201809,01,113,3,6,Russell County                ,17,17,2372160,0,0,0,0,0,0,0,0,0,17,17,2372160,0,0,0,0,0,0,0,0,0
201809,01,115,3,6,St. Clair County              ,19,19,4043332,0,0,0,0,0,0,0,0,0,18,18,3822468,0,0,0,0,0,0,0,0,0
201809,01,117,3,6,Shelby County                 ,81,81,17023794,0,0,0,0,0,0,0,0,0,26,26,3910325,0,0,0,0,0,0,0,0,0
201809,01,127,3,6,Walker County                 ,1,1,207778,0,0,0,0,0,0,0,0,0,0,0,0,0,0,0,0,0,0,0,0,0
201809,02,013,4,9,Aleutians East Borough        ,0,0,0,0,0,0,0,0,0,0,0,0,0,0,0,0,0,0,0,0,0,0,0,0
201809,02,016,4,9,Aleutians West Census Area    ,0,0,0,0,0,0,0,0,0,0,0,0,0,0,0,0,0,0,0,0,0,0,0,0
201809,02,020,4,9,Anchorage Municipality        ,64,64,20047978,0,0,0,1,4,694913,2,12,1897147,0,0,0,0,0,0,0,0,0,0,0,0
201809,02,050,4,9,Bethel Census Area            ,0,0,0,0,0,0,0,0,0,0,0,0,0,0,0,0,0,0,0,0,0,0,0,0
201809,02,060,4,9,Bristol Bay Borough           ,0,0,0,0,0,0,0,0,0,0,0,0,0,0,0,0,0,0,0,0,0,0,0,0
201809,02,070,4,9,Dillingham Census Area        ,0,0,0,0,0,0,0,0,0,0,0,0,0,0,0,0,0,0,0,0,0,0,0,0
201809,02,090,4,9,Fairbanks North Star Borough  ,2,2,470896,0,0,0,0,0,0,0,0,0,2,2,470896,0,0,0,0,0,0,0,0,0
201809,02,100,4,9,Haines Borough                ,1,1,278425,0,0,0,0,0,0,0,0,0,0,0,0,0,0,0,0,0,0,0,0,0
201809,02,105,4,9,Hoonah-Angoon Census Area     ,1,1,285178,0,0,0,0,0,0,0,0,0,1,1,285178,0,0,0,0,0,0,0,0,0
201809,02,110,4,9,Juneau City and Borough       ,4,4,712865,0,0,0,0,0,0,0,0,0,4,4,712865,0,0,0,0,0,0,0,0,0
201809,02,122,4,9,Kenai Peninsula Borough       ,7,7,2016962,0,0,0,0,0,0,1,6,1600000,4,4,1365000,0,0,0,0,0,0,1,6,1600000
201809,02,130,4,9,Ketchikan Gateway Borough     ,7,7,1996247,1,2,344763,0,0,0,0,0,0,7,7,1996247,1,2,344763,0,0,0,0,0,0
201809,02,150,4,9,Kodiak Island Borough         ,2,2,892407,0,0,0,0,0,0,0,0,0,2,2,892407,0,0,0,0,0,0,0,0,0
201809,02,158,4,9,Kusilvak Census Area          ,0,0,0,0,0,0,0,0,0,0,0,0,0,0,0,0,0,0,0,0,0,0,0,0
201809,02,170,4,9,Matanuska-Susitna Borough     ,8,8,2155179,0,0,0,0,0,0,0,0,0,8,8,2155179,0,0,0,0,0,0,0,0,0
201809,02,180,4,9,Nome Census Area              ,0,0,0,0,0,0,0,0,0,0,0,0,0,0,0,0,0,0,0,0,0,0,0,0
201809,02,185,4,9,North Slope Borough           ,1,1,274034,0,0,0,0,0,0,0,0,0,0,0,0,0,0,0,0,0,0,0,0,0
201809,02,188,4,9,Northwest Arctic Borough      ,1,1,285178,0,0,0,0,0,0,0,0,0,1,1,285178,0,0,0,0,0,0,0,0,0
201809,02,195,4,9,Petersburg Borough            ,1,1,155636,0,0,0,0,0,0,0,0,0,0,0,0,0,0,0,0,0,0,0,0,0
201809,02,198,4,9,Prince of Wales-Hyder Census A,0,0,0,0,0,0,0,0,0,0,0,0,0,0,0,0,0,0,0,0,0,0,0,0
201809,02,220,4,9,Sitka City and Borough        ,1,1,213914,0,0,0,0,0,0,0,0,0,0,0,0,0,0,0,0,0,0,0,0,0
201809,02,230,4,9,Skagway Municipality          ,1,1,149670,1,2,258333,0,0,0,0,0,0,0,0,0,0,0,0,0,0,0,0,0,0
201809,02,261,4,9,Valdez-Cordova Census Area    ,0,0,0,0,0,0,0,0,0,0,0,0,0,0,0,0,0,0,0,0,0,0,0,0
201809,02,275,4,9,Wrangell City and Borough     ,0,0,0,0,0,0,0,0,0,0,0,0,0,0,0,0,0,0,0,0,0,0,0,0
201809,02,282,4,9,Yakutat City and Borough      ,1,1,15000,0,0,0,0,0,0,0,0,0,0,0,0,0,0,0,0,0,0,0,0,0
201809,02,290,4,9,Yukon-Koyukuk Census Area     ,0,0,0,0,0,0,0,0,0,0,0,0,0,0,0,0,0,0,0,0,0,0,0,0
201809,04,013,4,8,Maricopa County               ,1175,1175,340194638,5,10,1970789,10,32,7764462,20,944,148774245,990,990,285983782,4,8,1730075,10,32,7764462,15,848,134277786
201809,04,019,4,8,Pima County                   ,249,249,68782928,2,4,477640,0,0,0,9,90,12761156,130,130,35654179,0,0,0,0,0,0,0,0,0
201809,04,021,4,8,Pinal County                  ,336,336,61302315,7,14,794742,0,0,0,0,0,0,326,326,59535590,7,14,794742,0,0,0,0,0,0
201809,05,013,3,7,Calhoun County                ,0,0,0,0,0,0,0,0,0,0,0,0,0,0,0,0,0,0,0,0,0,0,0,0
201809,05,035,3,7,Crittenden County             ,3,3,815200,0,0,0,0,0,0,0,0,0,3,3,815200,0,0,0,0,0,0,0,0,0
201809,05,043,3,7,Drew County                   ,0,0,0,0,0,0,0,0,0,0,0,0,0,0,0,0,0,0,0,0,0,0,0,0
201809,05,045,3,7,Faulkner County               ,18,18,4009245,1,2,151241,0,0,0,1,8,211340,2,2,303000,0,0,0,0,0,0,0,0,0
201809,05,053,3,7,Grant County                  ,1,1,150556,0,0,0,0,0,0,0,0,0,0,0,0,0,0,0,0,0,0,0,0,0
201809,05,085,3,7,Lonoke County                 ,22,22,2229990,0,0,0,0,0,0,0,0,0,9,9,1032825,0,0,0,0,0,0,0,0,0
201809,05,087,3,7,Madison County                ,0,0,0,0,0,0,0,0,0,0,0,0,0,0,0,0,0,0,0,0,0,0,0,0
201809,05,091,3,7,Miller County                 ,2,2,456853,0,0,0,0,0,0,0,0,0,0,0,0,0,0,0,0,0,0,0,0,0
201809,05,105,3,7,Perry County                  ,0,0,0,0,0,0,0,0,0,0,0,0,0,0,0,0,0,0,0,0,0,0,0,0
201809,05,119,3,7,Pulaski County                ,54,54,14169328,1,2,300000,0,0,0,0,0,0,54,54,14169328,1,2,300000,0,0,0,0,0,0
201809,05,129,3,7,Searcy County                 ,0,0,0,0,0,0,0,0,0,0,0,0,0,0,0,0,0,0,0,0,0,0,0,0
201809,05,143,3,7,Washington County             ,73,73,19379643,2,4,306776,1,3,180933,0,0,0,54,54,16757729,0,0,0,0,0,0,0,0,0
201809,06,001,4,9,Alameda County                ,150,150,50477164,1,2,500000,10,34,9164465,13,138,33520713,95,95,32662411,1,2,500000,9,31,8307754,9,102,27046621
201809,06,013,4,9,Contra Costa County           ,128,128,50749196,0,0,0,0,0,0,3,70,7326450,126,126,50322909,0,0,0,0,0,0,1,58,4771480
201809,06,017,4,9,El Dorado County              ,46,46,12333206,0,0,0,0,0,0,0,0,0,46,46,12333206,0,0,0,0,0,0,0,0,0
201809,06,019,4,9,Fresno County                 ,160,160,44427948,5,10,2005229,1,3,124322,6,45,4454619,96,96,26789427,0,0,0,0,0,0,0,0,0
201809,06,037,4,9,Los Angeles County            ,431,431,162660452,64,128,22727038,3,9,1475437,29,705,132297829,363,363,122232838,64,128,22727038,0,0,0,21,652,120027967
201809,06,041,4,9,Marin County                  ,9,9,6356975,0,0,0,0,0,0,0,0,0,4,4,1996543,0,0,0,0,0,0,0,0,0
201809,06,059,4,9,Orange County                 ,396,396,118549148,6,12,3707883,7,21,4334080,8,478,72675118,295,295,81025768,5,10,3041204,7,21,4334080,5,429,64074667
201809,06,061,4,9,Placer County                 ,133,133,45209071,0,0,0,0,0,0,0,0,0,133,133,45209071,0,0,0,0,0,0,0,0,0
201809,06,063,4,9,Plumas County                 ,4,4,666560,0,0,0,0,0,0,0,0,0,4,4,666560,0,0,0,0,0,0,0,0,0
201809,06,067,4,9,Sacramento County             ,223,223,57831536,2,4,885000,0,0,0,2,89,15031990,222,222,57592514,2,4,885000,0,0,0,2,89,15031990
201809,06,069,4,9,San Benito County             ,28,28,7508678,0,0,0,0,0,0,0,0,0,25,25,6577877,0,0,0,0,0,0,0,0,0
201809,06,071,4,9,San Bernardino County         ,238,238,57712384,1,2,360262,0,0,0,2,12,1100090,201,201,48606756,1,2,360262,0,0,0,1,6,769056
201809,06,073,4,9,San Diego County              ,202,202,71000421,3,6,1131759,10,33,5054297,23,321,39825255,189,189,65482455,3,6,1131759,9,30,4935439,21,309,38545558
201809,06,075,4,9,San Francisco County          ,2,2,539585,0,0,0,0,0,0,3,175,59700000,2,2,539585,0,0,0,0,0,0,3,175,59700000
201809,06,081,4,9,San Mateo County              ,15,15,9794039,1,2,696900,0,0,0,2,17,2661625,10,10,6824770,0,0,0,0,0,0,0,0,0
201809,06,085,4,9,Santa Clara County            ,194,194,77497356,0,0,0,0,0,0,15,210,38583822,160,160,64569575,0,0,0,0,0,0,11,107,24209997
201809,06,091,4,9,Sierra County                 ,0,0,0,0,0,0,0,0,0,0,0,0,0,0,0,0,0,0,0,0,0,0,0,0
201809,06,113,4,9,Yolo County                   ,73,73,23653084,0,0,0,0,0,0,2,160,26010400,73,73,23653084,0,0,0,0,0,0,2,160,26010400
201809,08,001,4,8,Adams County                  ,167,167,46283872,2,4,934849,0,0,0,0,0,0,167,167,46283872,2,4,934849,0,0,0,0,0,0
201809,08,005,4,8,Arapahoe County               ,156,156,44060952,0,0,0,2,6,1316000,0,0,0,155,155,43975246,0,0,0,2,6,1316000,0,0,0
201809,08,014,4,8,Broomfield County             ,29,29,9082810,0,0,0,0,0,0,0,0,0,29,29,9082810,0,0,0,0,0,0,0,0,0
201809,08,015,4,8,Chaffee County                ,13,13,3444276,0,0,0,1,3,549700,0,0,0,0,0,0,0,0,0,0,0,0,0,0,0
201809,08,019,4,8,Clear Creek County            ,1,1,337163,0,0,0,0,0,0,1,5,727085,0,0,0,0,0,0,0,0,0,0,0,0
201809,08,031,4,8,Denver County                 ,197,197,53149159,0,0,0,0,0,0,8,1012,73550351,197,197,53149159,0,0,0,0,0,0,8,1012,73550351
201809,08,035,4,8,Douglas County                ,192,192,55199184,0,0,0,6,18,1091865,11,423,76867664,187,187,53494817,0,0,0,6,18,1091865,11,423,76867664
201809,08,039,4,8,Elbert County                 ,21,21,5767562,0,0,0,0,0,0,0,0,0,21,21,5767562,0,0,0,0,0,0,0,0,0
201809,08,041,4,8,El Paso County                ,314,314,117958534,2,4,1113846,0,0,0,3,83,10267050,314,314,117958534,2,4,1113846,0,0,0,3,83,10267050
201809,08,047,4,8,Gilpin County                 ,4,4,1079171,0,0,0,0,0,0,0,0,0,4,4,1079171,0,0,0,0,0,0,0,0,0
201809,08,059,4,8,Jefferson County              ,67,67,19548764,1,2,346854,0,0,0,0,0,0,64,64,18819809,1,2,346854,0,0,0,0,0,0
201809,08,069,4,8,Larimer County                ,166,166,42322957,0,0,0,0,0,0,1,6,805385,166,166,42322957,0,0,0,0,0,0,1,6,805385
201809,08,077,4,8,Mesa County                   ,62,62,10458012,0,0,0,0,0,0,0,0,0,62,62,10458012,0,0,0,0,0,0,0,0,0
201809,08,093,4,8,Park County                   ,24,24,5495843,0,0,0,0,0,0,0,0,0,24,24,5495843,0,0,0,0,0,0,0,0,0
201809,08,101,4,8,Pueblo County                 ,30,30,5282425,0,0,0,0,0,0,0,0,0,30,30,5282425,0,0,0,0,0,0,0,0,0
201809,08,119,4,8,Teller County                 ,9,9,2642828,0,0,0,0,0,0,0,0,0,9,9,2642828,0,0,0,0,0,0,0,0,0
201809,09,001,1,1,Fairfield County              ,50,50,28262326,0,0,0,0,0,0,3,30,6205498,35,35,18263164,0,0,0,0,0,0,1,20,4348353
201809,09,003,1,1,Hartford County               ,41,41,8229465,0,0,0,0,0,0,1,5,243431,33,33,6642989,0,0,0,0,0,0,0,0,0
201809,09,007,1,1,Middlesex County              ,38,38,5998920,0,0,0,0,0,0,0,0,0,34,34,5127395,0,0,0,0,0,0,0,0,0
201809,09,013,1,1,Tolland County                ,7,7,1493092,1,2,194000,0,0,0,1,5,613650,2,2,414000,0,0,0,0,0,0,0,0,0
201809,10,001,3,5,Kent County                   ,76,76,11867018,0,0,0,0,0,0,0,0,0,74,74,11434191,0,0,0,0,0,0,0,0,0
201809,10,003,3,5,New Castle County             ,113,113,11233914,0,0,0,0,0,0,2,29,1823805,13,13,2236106,0,0,0,0,0,0,0,0,0
201809,10,005,3,5,Sussex County                 ,204,204,31282455,4,8,862442,1,4,578152,1,6,464168,204,204,31282455,4,8,862442,1,4,578152,1,6,464168
201809,11,001,3,5,Washington  DC                ,13,13,3073290,2,4,485966,0,0,0,2,211,23080700,13,13,3073290,2,4,485966,0,0,0,2,211,23080700
201809,12,003,3,5,Baker County                  ,4,4,1447241,1,2,130000,0,0,0,0,0,0,4,4,1447241,1,2,130000,0,0,0,0,0,0
201809,12,019,3,5,Clay County                   ,95,95,18104471,0,0,0,0,0,0,0,0,0,95,95,18104471,0,0,0,0,0,0,0,0,0
201809,12,029,3,5,Dixie County                  ,2,2,252647,0,0,0,0,0,0,0,0,0,0,0,0,0,0,0,0,0,0,0,0,0
201809,12,031,3,5,Duval County                  ,324,324,78631202,0,0,0,0,0,0,7,241,26362316,316,316,75249671,0,0,0,0,0,0,7,241,26362316
201809,12,033,3,5,Escambia County               ,92,92,21749435,0,0,0,0,0,0,6,36,360000,92,92,21749435,0,0,0,0,0,0,6,36,360000
201809,12,053,3,5,Hernando County               ,61,61,3209341,0,0,0,0,0,0,0,0,0,61,61,3209341,0,0,0,0,0,0,0,0,0
201809,12,057,3,5,Hillsborough County           ,643,643,218037265,0,0,0,0,0,0,0,0,0,633,633,216719099,0,0,0,0,0,0,0,0,0
201809,12,067,3,5,Lafayette County              ,1,1,171429,0,0,0,0,0,0,0,0,0,0,0,0,0,0,0,0,0,0,0,0,0
201809,12,071,3,5,Lee County                    ,432,432,100254809,30,60,7292057,4,16,4680814,5,120,18830023,432,432,100254809,30,60,7292057,4,16,4680814,5,120,18830023
201809,12,073,3,5,Leon County                   ,46,46,9190489,1,2,221600,0,0,0,4,102,13475324,0,0,0,0,0,0,0,0,0,0,0,0
201809,12,081,3,5,Manatee County                ,232,232,52252097,0,0,0,3,12,1491984,3,49,3875690,21,21,6404620,0,0,0,1,4,400000,0,0,0
201809,12,086,3,5,Miami-Dade County             ,150,150,40138761,3,6,527790,0,0,0,17,512,49207085,122,122,30855242,3,6,527790,0,0,0,14,425,36267577
201809,12,089,3,5,Nassau County                 ,50,50,16763073,0,0,0,0,0,0,1,6,1359433,38,38,13540888,0,0,0,0,0,0,1,6,1359433
201809,12,091,3,5,Okaloosa County               ,67,67,19138641,0,0,0,0,0,0,0,0,0,46,46,14978051,0,0,0,0,0,0,0,0,0
201809,12,095,3,5,Orange County                 ,551,551,150333628,7,14,1506060,0,0,0,1,5,693967,546,546,147559508,7,14,1506060,0,0,0,0,0,0
201809,12,097,3,5,Osceola County                ,349,349,72863453,0,0,0,0,0,0,15,536,44023715,349,349,72863453,0,0,0,0,0,0,15,536,44023715
201809,12,101,3,5,Pasco County                  ,279,279,54884418,0,0,0,0,0,0,1,5,431250,277,277,54620604,0,0,0,0,0,0,0,0,0
201809,12,103,3,5,Pinellas County               ,62,62,16863585,0,0,0,0,0,0,3,19,5968000,58,58,15371477,0,0,0,0,0,0,2,14,3688000
201809,12,109,3,5,St. Johns County              ,346,346,93962761,0,0,0,2,8,1616886,13,364,38958989,346,346,93962761,0,0,0,2,8,1616886,13,364,38958989
201809,12,113,3,5,Santa Rosa County             ,115,115,19304728,0,0,0,0,0,0,0,0,0,115,115,19304728,0,0,0,0,0,0,0,0,0
201809,12,115,3,5,Sarasota County               ,252,252,71505788,1,2,140000,4,13,2374779,5,152,22590077,152,152,46513598,1,2,140000,1,4,479020,5,152,22590077
201809,12,117,3,5,Seminole County               ,51,51,20360254,1,2,487307,0,0,0,1,23,1948812,50,50,19909496,1,2,487307,0,0,0,0,0,0
201809,12,119,3,5,Sumter County                 ,180,180,46224482,0,0,0,0,0,0,0,0,0,180,180,46224482,0,0,0,0,0,0,0,0,0
201809,12,129,3,5,Wakulla County                ,12,12,1907722,0,0,0,0,0,0,0,0,0,12,12,1907722,0,0,0,0,0,0,0,0,0
201809,12,131,3,5,Walton County                 ,106,106,47683721,0,0,0,0,0,0,0,0,0,106,106,47683721,0,0,0,0,0,0,0,0,0
201809,12,133,3,5,Washington County             ,3,3,416214,0,0,0,0,0,0,0,0,0,0,0,0,0,0,0,0,0,0,0,0,0
201809,13,007,3,5,Baker County                  ,0,0,0,0,0,0,0,0,0,0,0,0,0,0,0,0,0,0,0,0,0,0,0,0
201809,13,013,3,5,Barrow County                 ,51,51,6666976,0,0,0,0,0,0,1,11,786605,32,32,4510005,0,0,0,0,0,0,0,0,0
201809,13,015,3,5,Bartow County                 ,59,59,9768232,0,0,0,0,0,0,0,0,0,25,25,7320012,0,0,0,0,0,0,0,0,0
201809,13,021,3,5,Bibb County                   ,8,8,1273025,0,0,0,0,0,0,0,0,0,0,0,0,0,0,0,0,0,0,0,0,0
201809,13,029,3,5,Bryan County                  ,20,20,3954264,0,0,0,0,0,0,0,0,0,20,20,3954264,0,0,0,0,0,0,0,0,0
201809,13,033,3,5,Burke County                  ,4,4,656000,0,0,0,0,0,0,0,0,0,4,4,656000,0,0,0,0,0,0,0,0,0
201809,13,035,3,5,Butts County                  ,4,4,933500,0,0,0,0,0,0,0,0,0,4,4,933500,0,0,0,0,0,0,0,0,0
201809,13,045,3,5,Carroll County                ,51,51,19839779,0,0,0,0,0,0,2,102,8196000,51,51,19839779,0,0,0,0,0,0,2,102,8196000
201809,13,051,3,5,Chatham County                ,67,67,15775939,0,0,0,0,0,0,0,0,0,23,23,5684101,0,0,0,0,0,0,0,0,0
201809,13,057,3,5,Cherokee County               ,180,180,42520953,0,0,0,0,0,0,0,0,0,180,180,42520953,0,0,0,0,0,0,0,0,0
201809,13,059,3,5,Clarke County                 ,14,14,2449621,0,0,0,0,0,0,1,17,1652107,0,0,0,0,0,0,0,0,0,0,0,0
201809,13,063,3,5,Clayton County                ,36,36,8510649,0,0,0,0,0,0,0,0,0,36,36,8510649,0,0,0,0,0,0,0,0,0
201809,13,067,3,5,Cobb County                   ,108,108,27894369,4,8,800000,2,8,2229922,11,152,18624606,95,95,25453050,4,8,800000,2,8,2229922,11,152,18624606
201809,13,073,3,5,Columbia County               ,101,101,17937265,0,0,0,3,12,660000,0,0,0,16,16,2377176,0,0,0,3,12,660000,0,0,0
201809,13,077,3,5,Coweta County                 ,61,61,21008197,1,2,533407,0,0,0,0,0,0,36,36,14073558,0,0,0,0,0,0,0,0,0
201809,13,085,3,5,Dawson County                 ,78,78,10152426,0,0,0,0,0,0,0,0,0,78,78,10152426,0,0,0,0,0,0,0,0,0
201809,13,095,3,5,Dougherty County              ,3,3,409006,0,0,0,0,0,0,0,0,0,0,0,0,0,0,0,0,0,0,0,0,0
201809,13,097,3,5,Douglas County                ,22,22,4055784,0,0,0,0,0,0,0,0,0,22,22,4055784,0,0,0,0,0,0,0,0,0
201809,13,111,3,5,Fannin County                 ,18,18,3513222,0,0,0,0,0,0,0,0,0,18,18,3513222,0,0,0,0,0,0,0,0,0
201809,13,113,3,5,Fayette County                ,46,46,14070618,0,0,0,0,0,0,0,0,0,42,42,12521000,0,0,0,0,0,0,0,0,0
201809,13,115,3,5,Floyd County                  ,29,29,4009850,0,0,0,0,0,0,0,0,0,29,29,4009850,0,0,0,0,0,0,0,0,0
201809,13,117,3,5,Forsyth County                ,171,171,25210903,0,0,0,0,0,0,0,0,0,171,171,25210903,0,0,0,0,0,0,0,0,0
201809,13,121,3,5,Fulton County                 ,328,328,82339302,0,0,0,0,0,0,3,329,35988390,322,322,81702273,0,0,0,0,0,0,3,329,35988390
201809,13,127,3,5,Glynn County                  ,42,42,12272435,0,0,0,0,0,0,0,0,0,0,0,0,0,0,0,0,0,0,0,0,0
201809,13,135,3,5,Gwinnett County               ,251,251,59014896,0,0,0,0,0,0,0,0,0,244,244,56642744,0,0,0,0,0,0,0,0,0
201809,13,143,3,5,Haralson County               ,3,3,686522,0,0,0,0,0,0,0,0,0,0,0,0,0,0,0,0,0,0,0,0,0
201809,13,145,3,5,Harris County                 ,16,16,3877055,0,0,0,0,0,0,0,0,0,16,16,3877055,0,0,0,0,0,0,0,0,0
201809,13,149,3,5,Heard County                  ,2,2,472814,0,0,0,0,0,0,0,0,0,2,2,472814,0,0,0,0,0,0,0,0,0
201809,13,151,3,5,Henry County                  ,137,137,26210473,0,0,0,0,0,0,0,0,0,137,137,26210473,0,0,0,0,0,0,0,0,0
201809,13,159,3,5,Jasper County                 ,5,5,669870,0,0,0,0,0,0,0,0,0,0,0,0,0,0,0,0,0,0,0,0,0
201809,13,171,3,5,Lamar County                  ,3,3,397050,0,0,0,0,0,0,0,0,0,0,0,0,0,0,0,0,0,0,0,0,0
201809,13,177,3,5,Lee County                    ,7,7,800585,0,0,0,0,0,0,0,0,0,7,7,800585,0,0,0,0,0,0,0,0,0
201809,13,179,3,5,Liberty County                ,28,28,6011570,0,0,0,1,3,121350,1,6,250002,18,18,4121179,0,0,0,0,0,0,0,0,0
201809,13,189,3,5,McDuffie County               ,2,2,368267,0,0,0,0,0,0,0,0,0,0,0,0,0,0,0,0,0,0,0,0,0
201809,13,199,3,5,Meriwether County             ,5,5,1182035,0,0,0,0,0,0,0,0,0,5,5,1182035,0,0,0,0,0,0,0,0,0
201809,13,201,3,5,Miller County                 ,0,0,0,0,0,0,0,0,0,0,0,0,0,0,0,0,0,0,0,0,0,0,0,0
201809,13,207,3,5,Monroe County                 ,10,10,2254109,0,0,0,0,0,0,0,0,0,0,0,0,0,0,0,0,0,0,0,0,0
201809,13,215,3,5,Muscogee County               ,25,25,4882036,0,0,0,1,3,184640,2,12,2102492,0,0,0,0,0,0,0,0,0,0,0,0
201809,13,217,3,5,Newton County                 ,36,36,4776000,0,0,0,0,0,0,0,0,0,36,36,4776000,0,0,0,0,0,0,0,0,0
201809,13,227,3,5,Pickens County                ,12,12,2875000,0,0,0,0,0,0,0,0,0,11,11,2728000,0,0,0,0,0,0,0,0,0
201809,13,231,3,5,Pike County                   ,6,6,1177059,0,0,0,0,0,0,0,0,0,0,0,0,0,0,0,0,0,0,0,0,0
201809,13,235,3,5,Pulaski County                ,1,1,130000,0,0,0,0,0,0,0,0,0,1,1,130000,0,0,0,0,0,0,0,0,0
201809,13,245,3,5,Richmond County               ,32,32,4665968,0,0,0,0,0,0,0,0,0,32,32,4665968,0,0,0,0,0,0,0,0,0
201809,13,247,3,5,Rockdale County               ,13,13,3213508,0,0,0,0,0,0,0,0,0,13,13,3213508,0,0,0,0,0,0,0,0,0
201809,13,255,3,5,Spalding County               ,42,42,4940544,0,0,0,0,0,0,0,0,0,42,42,4940544,0,0,0,0,0,0,0,0,0
201809,13,275,3,5,Thomas County                 ,5,5,1087218,0,0,0,0,0,0,0,0,0,3,3,716153,0,0,0,0,0,0,0,0,0
201809,13,291,3,5,Union County                  ,15,15,4200970,0,0,0,0,0,0,0,0,0,15,15,4200970,0,0,0,0,0,0,0,0,0
201809,15,001,4,9,Hawaii County                 ,95,95,31091183,1,2,700000,0,0,0,0,0,0,95,95,31091183,1,2,700000,0,0,0,0,0,0
201809,15,003,4,9,Honolulu County               ,82,82,27932969,0,0,0,0,0,0,1,60,9835028,0,0,0,0,0,0,0,0,0,0,0,0
201809,15,007,4,9,Kauai County                  ,22,22,10608130,1,2,764622,0,0,0,1,7,3130338,0,0,0,0,0,0,0,0,0,0,0,0
201809,15,009,4,9,Maui County                   ,29,29,7767640,1,2,1400000,0,0,0,12,186,10175000,29,29,7767640,1,2,1400000,0,0,0,12,186,10175000
201809,16,001,4,8,Ada County                    ,363,363,98876133,0,0,0,1,4,259980,31,312,25563172,258,258,71323864,0,0,0,0,0,0,30,292,22905360
201809,16,015,4,8,Boise County                  ,4,4,1293471,0,0,0,0,0,0,0,0,0,4,4,1293471,0,0,0,0,0,0,0,0,0
201809,16,027,4,8,Canyon County                 ,159,159,24795471,2,4,268134,13,52,3401923,0,0,0,143,143,21198794,2,4,268134,13,52,3401923,0,0,0
201809,16,045,4,8,Gem County                    ,5,5,872487,0,0,0,0,0,0,0,0,0,5,5,872487,0,0,0,0,0,0,0,0,0
201809,16,073,4,8,Owyhee County                 ,1,1,188123,0,0,0,0,0,0,0,0,0,0,0,0,0,0,0,0,0,0,0,0,0
201809,17,005,2,3,Bond County                   ,0,0,0,0,0,0,0,0,0,0,0,0,0,0,0,0,0,0,0,0,0,0,0,0
201809,17,013,2,3,Calhoun County                ,2,2,430000,0,0,0,0,0,0,0,0,0,2,2,430000,0,0,0,0,0,0,0,0,0
201809,17,031,2,3,Cook County                   ,113,113,32271602,3,6,1286300,21,71,15860705,21,316,36238560,87,87,25356092,3,6,1286300,21,71,15860705,19,275,31485025
201809,17,037,2,3,DeKalb County                 ,7,7,1465000,0,0,0,1,3,279000,0,0,0,7,7,1465000,0,0,0,1,3,279000,0,0,0
201809,17,039,2,3,De Witt County                ,0,0,0,0,0,0,0,0,0,0,0,0,0,0,0,0,0,0,0,0,0,0,0,0
201809,17,043,2,3,DuPage County                 ,90,90,35055425,1,2,390000,0,0,0,7,159,30308356,84,84,32201526,1,2,390000,0,0,0,6,146,30000000
201809,17,063,2,3,Grundy County                 ,5,5,1008816,0,0,0,0,0,0,2,10,512820,3,3,597553,0,0,0,0,0,0,0,0,0
201809,17,083,2,3,Jersey County                 ,1,1,155609,0,0,0,0,0,0,0,0,0,0,0,0,0,0,0,0,0,0,0,0,0
201809,17,093,2,3,Kendall County                ,23,23,5530982,0,0,0,0,0,0,0,0,0,19,19,4623099,0,0,0,0,0,0,0,0,0
201809,17,097,2,3,Lake County                   ,44,44,15102586,1,2,83333,0,0,0,3,23,5539752,16,16,6891493,0,0,0,0,0,0,0,0,0
201809,17,111,2,3,McHenry County                ,30,30,4793972,1,2,300000,0,0,0,0,0,0,24,24,3549082,0,0,0,0,0,0,0,0,0
201809,17,119,2,3,Madison County                ,39,39,10993449,1,2,440819,0,0,0,1,5,508029,35,35,10239926,1,2,440819,0,0,0,0,0,0
201809,17,133,2,3,Monroe County                 ,9,9,2432230,0,0,0,0,0,0,1,5,432000,6,6,1757026,0,0,0,0,0,0,0,0,0
201809,17,197,2,3,Will County                   ,106,106,28709354,1,2,212000,1,3,510000,0,0,0,94,94,26105091,1,2,212000,0,0,0,0,0,0
201809,18,003,2,3,Allen County                  ,126,126,32572664,0,0,0,0,0,0,0,0,0,126,126,32572664,0,0,0,0,0,0,0,0,0
201809,18,011,2,3,Boone County                  ,44,44,13526576,0,0,0,0,0,0,0,0,0,41,41,13048665,0,0,0,0,0,0,0,0,0
201809,18,013,2,3,Brown County                  ,9,9,2326619,0,0,0,0,0,0,0,0,0,9,9,2326619,0,0,0,0,0,0,0,0,0
201809,18,019,2,3,Clark County                  ,32,32,5793356,0,0,0,0,0,0,0,0,0,26,26,4594513,0,0,0,0,0,0,0,0,0
201809,18,047,2,3,Franklin County               ,5,5,1189000,0,0,0,0,0,0,0,0,0,5,5,1189000,0,0,0,0,0,0,0,0,0
201809,18,057,2,3,Hamilton County               ,175,175,64686047,0,0,0,0,0,0,0,0,0,171,171,63655316,0,0,0,0,0,0,0,0,0
201809,18,059,2,3,Hancock County                ,41,41,8633079,0,0,0,0,0,0,0,0,0,41,41,8633079,0,0,0,0,0,0,0,0,0
201809,18,061,2,3,Harrison County               ,7,7,1452000,0,0,0,0,0,0,0,0,0,7,7,1452000,0,0,0,0,0,0,0,0,0
201809,18,063,2,3,Hendricks County              ,60,60,15189452,0,0,0,0,0,0,0,0,0,56,56,14296026,0,0,0,0,0,0,0,0,0
201809,18,069,2,3,Huntington County             ,5,5,976924,0,0,0,0,0,0,0,0,0,5,5,976924,0,0,0,0,0,0,0,0,0
201809,18,073,2,3,Jasper County                 ,7,7,1494990,0,0,0,0,0,0,0,0,0,7,7,1494990,0,0,0,0,0,0,0,0,0
201809,18,081,2,3,Johnson County                ,72,72,18402628,0,0,0,0,0,0,0,0,0,69,69,18055921,0,0,0,0,0,0,0,0,0
201809,18,087,2,3,Lagrange County               ,14,14,3726825,0,0,0,0,0,0,0,0,0,14,14,3726825,0,0,0,0,0,0,0,0,0
201809,18,089,2,3,Lake County                   ,79,79,21657559,0,0,0,0,0,0,0,0,0,73,73,20137983,0,0,0,0,0,0,0,0,0
201809,18,097,2,3,Marion County                 ,65,65,16778252,2,4,169000,0,0,0,1,6,1263000,59,59,15252279,2,4,169000,0,0,0,1,6,1263000
201809,18,105,2,3,Monroe County                 ,18,18,4653238,2,4,556358,0,0,0,0,0,0,18,18,4653238,2,4,556358,0,0,0,0,0,0
201809,18,109,2,3,Morgan County                 ,12,12,1701642,2,4,500000,0,0,0,0,0,0,12,12,1701642,2,4,500000,0,0,0,0,0,0
201809,18,111,2,3,Newton County                 ,1,1,202836,0,0,0,0,0,0,0,0,0,0,0,0,0,0,0,0,0,0,0,0,0
201809,18,115,2,3,Ohio County                   ,1,1,190000,0,0,0,0,0,0,0,0,0,1,1,190000,0,0,0,0,0,0,0,0,0
201809,18,119,2,3,Owen County                   ,7,7,1809592,0,0,0,0,0,0,0,0,0,7,7,1809592,0,0,0,0,0,0,0,0,0
201809,18,127,2,3,Porter County                 ,32,32,8584305,0,0,0,0,0,0,3,36,5114360,25,25,7568335,0,0,0,0,0,0,3,36,5114360
201809,18,133,2,3,Putnam County                 ,11,11,2577333,0,0,0,0,0,0,0,0,0,10,10,2352592,0,0,0,0,0,0,0,0,0
201809,18,145,2,3,Shelby County                 ,5,5,1137300,0,0,0,0,0,0,0,0,0,5,5,1137300,0,0,0,0,0,0,0,0,0
201809,18,151,2,3,Steuben County                ,15,15,4577589,0,0,0,0,0,0,0,0,0,15,15,4577589,0,0,0,0,0,0,0,0,0
201809,18,157,2,3,Tippecanoe County             ,33,33,8011482,0,0,0,0,0,0,1,8,781955,0,0,0,0,0,0,0,0,0,0,0,0
201809,18,163,2,3,Vanderburgh County            ,16,16,3157032,0,0,0,0,0,0,0,0,0,16,16,3157032,0,0,0,0,0,0,0,0,0
201809,18,167,2,3,Vigo County                   ,1,1,140000,0,0,0,0,0,0,0,0,0,1,1,140000,0,0,0,0,0,0,0,0,0
201809,18,175,2,3,Washington County             ,4,4,1083704,0,0,0,0,0,0,0,0,0,0,0,0,0,0,0,0,0,0,0,0,0
201809,18,183,2,3,Whitley County                ,12,12,3496122,0,0,0,0,0,0,0,0,0,12,12,3496122,0,0,0,0,0,0,0,0,0
201809,19,049,2,4,Dallas County                 ,37,37,11030879,0,0,0,0,0,0,0,0,0,37,37,11030879,0,0,0,0,0,0,0,0,0
201809,19,085,2,4,Harrison County               ,4,4,956000,1,2,400000,0,0,0,0,0,0,4,4,956000,1,2,400000,0,0,0,0,0,0
201809,19,129,2,4,Mills County                  ,0,0,0,0,0,0,0,0,0,0,0,0,0,0,0,0,0,0,0,0,0,0,0,0
201809,19,153,2,4,Polk County                   ,158,158,37880767,0,0,0,0,0,0,2,58,4274881,156,156,37491132,0,0,0,0,0,0,2,58,4274881
201809,19,181,2,4,Warren County                 ,27,27,7672955,0,0,0,0,0,0,0,0,0,25,25,7189086,0,0,0,0,0,0,0,0,0
201809,20,061,2,4,Geary County                  ,0,0,0,0,0,0,0,0,0,0,0,0,0,0,0,0,0,0,0,0,0,0,0,0
201809,20,091,2,4,Johnson County                ,141,141,48085994,0,0,0,3,11,1674224,9,224,34522964,80,80,27073300,0,0,0,0,0,0,8,200,32495344
201809,20,103,2,4,Leavenworth County            ,18,18,3688325,0,0,0,0,0,0,0,0,0,18,18,3688325,0,0,0,0,0,0,0,0,0
201809,20,107,2,4,Linn County                   ,3,3,190000,0,0,0,0,0,0,0,0,0,1,1,5000,0,0,0,0,0,0,0,0,0
201809,20,121,2,4,Miami County                  ,6,6,1795648,0,0,0,0,0,0,0,0,0,2,2,584000,0,0,0,0,0,0,0,0,0
201809,20,209,2,4,Wyandotte County              ,11,11,2495249,0,0,0,0,0,0,0,0,0,11,11,2495249,0,0,0,0,0,0,0,0,0
201809,21,005,3,6,Anderson County               ,4,4,674697,0,0,0,0,0,0,0,0,0,4,4,674697,0,0,0,0,0,0,0,0,0
201809,21,015,3,6,Boone County                  ,38,38,6363239,0,0,0,0,0,0,0,0,0,38,38,6363239,0,0,0,0,0,0,0,0,0
201809,21,017,3,6,Bourbon County                ,5,5,982120,0,0,0,0,0,0,0,0,0,5,5,982120,0,0,0,0,0,0,0,0,0
201809,21,021,3,6,Boyle County                  ,2,2,441187,0,0,0,0,0,0,0,0,0,0,0,0,0,0,0,0,0,0,0,0,0
201809,21,029,3,6,Bullitt County                ,23,23,5238979,1,2,280000,0,0,0,0,0,0,23,23,5238979,1,2,280000,0,0,0,0,0,0
201809,21,035,3,6,Calloway County               ,0,0,0,2,4,368000,0,0,0,0,0,0,0,0,0,2,4,368000,0,0,0,0,0,0
201809,21,037,3,6,Campbell County               ,12,12,3643303,0,0,0,0,0,0,1,6,540000,12,12,3643303,0,0,0,0,0,0,1,6,540000
201809,21,045,3,6,Casey County                  ,0,0,0,0,0,0,0,0,0,0,0,0,0,0,0,0,0,0,0,0,0,0,0,0
201809,21,047,3,6,Christian County              ,3,3,222400,0,0,0,0,0,0,0,0,0,1,1,80000,0,0,0,0,0,0,0,0,0
201809,21,049,3,6,Clark County                  ,5,5,1523000,0,0,0,0,0,0,0,0,0,5,5,1523000,0,0,0,0,0,0,0,0,0
201809,21,067,3,6,Fayette County                ,58,58,9350828,0,0,0,0,0,0,1,53,3880691,0,0,0,0,0,0,0,0,0,0,0,0
201809,21,069,3,6,Fleming County                ,0,0,0,0,0,0,0,0,0,0,0,0,0,0,0,0,0,0,0,0,0,0,0,0
201809,21,077,3,6,Gallatin County               ,2,2,472814,0,0,0,0,0,0,0,0,0,2,2,472814,0,0,0,0,0,0,0,0,0
201809,21,081,3,6,Grant County                  ,5,5,425000,0,0,0,0,0,0,0,0,0,5,5,425000,0,0,0,0,0,0,0,0,0
201809,21,091,3,6,Hancock County                ,2,2,390358,0,0,0,0,0,0,0,0,0,2,2,390358,0,0,0,0,0,0,0,0,0
201809,21,099,3,6,Hart County                   ,4,4,389000,0,0,0,0,0,0,1,5,567738,0,0,0,0,0,0,0,0,0,0,0,0
201809,21,101,3,6,Henderson County              ,6,6,1458000,0,0,0,1,4,250000,0,0,0,6,6,1458000,0,0,0,1,4,250000,0,0,0
201809,21,103,3,6,Henry County                  ,2,2,335565,0,0,0,0,0,0,0,0,0,0,0,0,0,0,0,0,0,0,0,0,0
201809,21,111,3,6,Jefferson County              ,105,105,29608348,0,0,0,0,0,0,17,531,103000066,105,105,29608348,0,0,0,0,0,0,17,531,103000066
201809,21,113,3,6,Jessamine County              ,18,18,8301147,0,0,0,0,0,0,0,0,0,8,8,6861000,0,0,0,0,0,0,0,0,0
201809,21,115,3,6,Johnson County                ,0,0,0,0,0,0,0,0,0,0,0,0,0,0,0,0,0,0,0,0,0,0,0,0
201809,21,117,3,6,Kenton County                 ,15,15,4499329,0,0,0,0,0,0,0,0,0,15,15,4499329,0,0,0,0,0,0,0,0,0
201809,21,121,3,6,Knox County                   ,0,0,0,0,0,0,0,0,0,0,0,0,0,0,0,0,0,0,0,0,0,0,0,0
201809,21,123,3,6,Larue County                  ,3,3,709221,0,0,0,0,0,0,0,0,0,3,3,709221,0,0,0,0,0,0,0,0,0
201809,21,137,3,6,Lincoln County                ,4,4,495558,0,0,0,0,0,0,0,0,0,0,0,0,0,0,0,0,0,0,0,0,0
201809,21,145,3,6,McCracken County              ,5,5,1839869,0,0,0,0,0,0,0,0,0,5,5,1839869,0,0,0,0,0,0,0,0,0
201809,21,151,3,6,Madison County                ,18,18,1838591,1,2,112996,0,0,0,1,5,168572,8,8,960000,0,0,0,0,0,0,0,0,0
201809,21,157,3,6,Marshall County               ,10,10,3317000,0,0,0,0,0,0,0,0,0,10,10,3317000,0,0,0,0,0,0,0,0,0
201809,21,161,3,6,Mason County                  ,1,1,150000,0,0,0,0,0,0,0,0,0,1,1,150000,0,0,0,0,0,0,0,0,0
201809,21,163,3,6,Meade County                  ,11,11,1190000,0,0,0,0,0,0,0,0,0,11,11,1190000,0,0,0,0,0,0,0,0,0
201809,21,167,3,6,Mercer County                 ,3,3,516730,0,0,0,0,0,0,0,0,0,0,0,0,0,0,0,0,0,0,0,0,0
201809,21,175,3,6,Morgan County                 ,1,1,75000,0,0,0,0,0,0,0,0,0,0,0,0,0,0,0,0,0,0,0,0,0
201809,21,179,3,6,Nelson County                 ,13,13,2275541,1,2,188750,1,3,360682,0,0,0,0,0,0,0,0,0,0,0,0,0,0,0
201809,21,185,3,6,Oldham County                 ,25,25,7541088,0,0,0,0,0,0,0,0,0,0,0,0,0,0,0,0,0,0,0,0,0
201809,21,191,3,6,Pendleton County              ,0,0,0,0,0,0,0,0,0,0,0,0,0,0,0,0,0,0,0,0,0,0,0,0
201809,21,209,3,6,Scott County                  ,22,22,3490492,0,0,0,0,0,0,0,0,0,22,22,3490492,0,0,0,0,0,0,0,0,0
201809,21,211,3,6,Shelby County                 ,18,18,3847831,0,0,0,0,0,0,0,0,0,18,18,3847831,0,0,0,0,0,0,0,0,0
201809,21,213,3,6,Simpson County                ,12,12,1432625,0,0,0,0,0,0,0,0,0,12,12,1432625,0,0,0,0,0,0,0,0,0
201809,21,215,3,6,Spencer County                ,15,15,3546104,0,0,0,0,0,0,0,0,0,15,15,3546104,0,0,0,0,0,0,0,0,0
201809,21,221,3,6,Trigg County                  ,0,0,0,0,0,0,0,0,0,0,0,0,0,0,0,0,0,0,0,0,0,0,0,0
201809,21,239,3,6,Woodford County               ,10,10,1252155,0,0,0,0,0,0,0,0,0,10,10,1252155,0,0,0,0,0,0,0,0,0
201809,22,005,3,7,Ascension Parish              ,82,82,12313380,0,0,0,0,0,0,0,0,0,5,5,450000,0,0,0,0,0,0,0,0,0
201809,22,015,3,7,Bossier Parish                ,58,58,13434453,0,0,0,0,0,0,0,0,0,58,58,13434453,0,0,0,0,0,0,0,0,0
201809,22,017,3,7,Caddo Parish                  ,20,20,2374975,0,0,0,0,0,0,0,0,0,20,20,2374975,0,0,0,0,0,0,0,0,0
201809,22,031,3,7,De Soto Parish                ,8,8,1812082,0,0,0,0,0,0,0,0,0,4,4,1028000,0,0,0,0,0,0,0,0,0
201809,22,033,3,7,East Baton Rouge Parish       ,93,93,27320999,1,2,158000,0,0,0,0,0,0,93,93,27320999,0,0,0,0,0,0,0,0,0
201809,22,037,3,7,East Feliciana Parish         ,2,2,390358,0,0,0,0,0,0,0,0,0,2,2,390358,0,0,0,0,0,0,0,0,0
201809,22,047,3,7,Iberville Parish              ,7,7,1764306,0,0,0,0,0,0,0,0,0,0,0,0,0,0,0,0,0,0,0,0,0
201809,22,051,3,7,Jefferson Parish              ,34,34,8165405,0,0,0,0,0,0,0,0,0,5,5,2295940,0,0,0,0,0,0,0,0,0
201809,22,055,3,7,Lafayette Parish              ,93,93,19599143,0,0,0,0,0,0,0,0,0,11,11,3349965,0,0,0,0,0,0,0,0,0
201809,22,063,3,7,Livingston Parish             ,59,59,13352737,0,0,0,1,3,232174,0,0,0,0,0,0,0,0,0,0,0,0,0,0,0
201809,22,071,3,7,Orleans Parish                ,35,35,7880336,5,10,1056987,0,0,0,1,9,2215274,0,0,0,0,0,0,0,0,0,0,0,0
201809,22,075,3,7,Plaquemines Parish            ,3,3,760817,0,0,0,0,0,0,0,0,0,0,0,0,0,0,0,0,0,0,0,0,0
201809,22,077,3,7,Pointe Coupee Parish          ,5,5,1320118,0,0,0,0,0,0,0,0,0,5,5,1320118,0,0,0,0,0,0,0,0,0
201809,22,087,3,7,St. Bernard Parish            ,19,19,2839000,0,0,0,0,0,0,0,0,0,19,19,2839000,0,0,0,0,0,0,0,0,0
201809,22,089,3,7,St. Charles Parish            ,17,17,2200392,0,0,0,0,0,0,0,0,0,17,17,2200392,0,0,0,0,0,0,0,0,0
201809,22,091,3,7,St. Helena Parish             ,3,3,529317,0,0,0,0,0,0,0,0,0,0,0,0,0,0,0,0,0,0,0,0,0
201809,22,095,3,7,St. John the Baptist Parish   ,4,4,660124,0,0,0,0,0,0,0,0,0,0,0,0,0,0,0,0,0,0,0,0,0
201809,22,099,3,7,St. Martin Parish             ,15,15,2877244,0,0,0,0,0,0,0,0,0,4,4,870329,0,0,0,0,0,0,0,0,0
201809,22,103,3,7,St. Tammany Parish            ,108,108,27372282,0,0,0,0,0,0,0,0,0,99,99,24816368,0,0,0,0,0,0,0,0,0
201809,22,109,3,7,Terrebonne Parish             ,14,14,4034616,1,2,140000,0,0,0,0,0,0,14,14,4034616,1,2,140000,0,0,0,0,0,0
201809,22,121,3,7,West Baton Rouge Parish       ,15,15,2053647,0,0,0,0,0,0,0,0,0,14,14,1962585,0,0,0,0,0,0,0,0,0
201809,22,125,3,7,West Feliciana Parish         ,5,5,788008,0,0,0,0,0,0,0,0,0,5,5,788008,0,0,0,0,0,0,0,0,0
201809,23,000,1,1,Maine Unorganized Territory   ,7,7,929602,0,0,0,0,0,0,0,0,0,0,0,0,0,0,0,0,0,0,0,0,0
201809,24,003,3,5,Anne Arundel County           ,130,130,22898238,0,0,0,0,0,0,0,0,0,130,130,22898238,0,0,0,0,0,0,0,0,0
201809,24,005,3,5,Baltimore County              ,77,77,16177000,0,0,0,0,0,0,9,156,7800000,77,77,16177000,0,0,0,0,0,0,9,156,7800000
201809,24,009,3,5,Calvert County                ,4,4,945628,0,0,0,0,0,0,0,0,0,4,4,945628,0,0,0,0,0,0,0,0,0
201809,24,013,3,5,Carroll County                ,16,16,4105000,0,0,0,0,0,0,0,0,0,16,16,4105000,0,0,0,0,0,0,0,0,0
201809,24,015,3,5,Cecil County                  ,11,11,1992302,0,0,0,0,0,0,0,0,0,11,11,1992302,0,0,0,0,0,0,0,0,0
201809,24,017,3,5,Charles County                ,31,31,6995000,0,0,0,0,0,0,0,0,0,31,31,6995000,0,0,0,0,0,0,0,0,0
201809,24,021,3,5,Frederick County              ,137,137,30567183,0,0,0,0,0,0,0,0,0,137,137,30567183,0,0,0,0,0,0,0,0,0
201809,24,023,3,5,Garrett County                ,12,12,4382597,0,0,0,0,0,0,0,0,0,12,12,4382597,0,0,0,0,0,0,0,0,0
201809,24,025,3,5,Harford County                ,62,62,12312723,0,0,0,0,0,0,1,25,4750000,61,61,11969145,0,0,0,0,0,0,1,25,4750000
201809,24,027,3,5,Howard County                 ,43,43,10189983,0,0,0,0,0,0,0,0,0,43,43,10189983,0,0,0,0,0,0,0,0,0
201809,24,031,3,5,Montgomery County             ,78,78,17965942,0,0,0,0,0,0,1,36,7990888,0,0,0,0,0,0,0,0,0,0,0,0
201809,24,033,3,5,Prince George County          ,117,117,27659608,0,0,0,0,0,0,0,0,0,117,117,27659608,0,0,0,0,0,0,0,0,0
201809,24,035,3,5,Queen Anne County             ,8,8,1891255,0,0,0,0,0,0,0,0,0,8,8,1891255,0,0,0,0,0,0,0,0,0
201809,24,037,3,5,St. Marys County              ,44,44,10240000,0,0,0,0,0,0,0,0,0,44,44,10240000,0,0,0,0,0,0,0,0,0
201809,24,039,3,5,Somerset County               ,3,3,690000,0,0,0,0,0,0,0,0,0,3,3,690000,0,0,0,0,0,0,0,0,0
201809,24,045,3,5,Wicomico County               ,16,16,2115975,1,2,355845,0,0,0,0,0,0,9,9,873000,1,2,355845,0,0,0,0,0,0
201809,24,510,3,5,Baltimore (Independent City)  ,29,29,4552222,0,0,0,0,0,0,2,461,71437500,29,29,4552222,0,0,0,0,0,0,2,461,71437500
201809,25,005,1,1,Bristol County                ,50,50,10087778,2,4,557000,0,0,0,0,0,0,31,31,7108767,0,0,0,0,0,0,0,0,0
201809,25,009,1,1,Essex County                  ,51,51,17438168,2,4,619889,3,9,1800000,2,10,1994333,40,40,14105713,0,0,0,3,9,1800000,0,0,0
201809,25,017,1,1,Middlesex County              ,121,121,39214306,8,16,2440819,7,24,4849749,6,50,10591828,62,62,21239105,3,6,1198600,6,20,4236800,1,11,3960000
201809,25,021,1,1,Norfolk County                ,57,57,27167732,1,2,250000,0,0,0,2,10,869930,26,26,11420287,1,2,250000,0,0,0,0,0,0
201809,25,023,1,1,Plymouth County               ,86,86,18278880,0,0,0,1,3,391015,1,24,1470000,15,15,3199003,0,0,0,0,0,0,1,24,1470000
201809,25,025,1,1,Suffolk County                ,2,2,443076,11,22,4755976,6,18,5819250,6,93,21278667,1,1,266020,10,20,4530000,6,18,5819250,5,88,20122760
201809,26,000,2,3,Michigan Balance of State     ,6,6,1126867,0,0,0,0,0,0,0,0,0,0,0,0,0,0,0,0,0,0,0,0,0
201809,26,019,2,3,Benzie County                 ,9,9,5889980,0,0,0,0,0,0,0,0,0,9,9,5889980,0,0,0,0,0,0,0,0,0
201809,26,029,2,3,Charlevoix County             ,10,10,2286041,0,0,0,0,0,0,0,0,0,0,0,0,0,0,0,0,0,0,0,0,0
201809,26,089,2,3,Leelanau County               ,9,9,2721035,0,0,0,0,0,0,0,0,0,9,9,2721035,0,0,0,0,0,0,0,0,0
201809,26,093,2,3,Livingston County             ,57,57,15287035,1,2,280000,1,3,630000,0,0,0,55,55,15082892,1,2,280000,1,3,630000,0,0,0
201809,26,095,2,3,Luce County                   ,1,1,190743,0,0,0,0,0,0,0,0,0,0,0,0,0,0,0,0,0,0,0,0,0
201809,26,099,2,3,Macomb County                 ,154,154,35190129,8,16,3482272,3,12,2053593,12,78,13316760,153,153,35079018,7,14,3299080,3,12,2053593,12,78,13316760
201809,26,103,2,3,Marquette County              ,7,7,1785000,0,0,0,0,0,0,0,0,0,7,7,1785000,0,0,0,0,0,0,0,0,0
201809,26,137,2,3,Otsego County                 ,2,2,162000,0,0,0,0,0,0,0,0,0,0,0,0,0,0,0,0,0,0,0,0,0
201809,26,147,2,3,St. Clair County              ,27,27,5443402,0,0,0,0,0,0,0,0,0,25,25,5049452,0,0,0,0,0,0,0,0,0
201809,26,163,2,3,Wayne County                  ,83,83,21612971,0,0,0,2,7,945928,4,28,2782465,68,68,19017247,0,0,0,2,7,945928,2,12,1621248
201809,27,003,2,4,Anoka County                  ,66,66,18415117,0,0,0,0,0,0,3,266,44939095,59,59,16567645,0,0,0,0,0,0,2,251,43020900
201809,27,019,2,4,Carver County                 ,40,40,11850727,0,0,0,0,0,0,0,0,0,36,36,10957765,0,0,0,0,0,0,0,0,0
201809,27,025,2,4,Chisago County                ,23,23,3784880,0,0,0,0,0,0,0,0,0,22,22,3610776,0,0,0,0,0,0,0,0,0
201809,27,027,2,4,Clay County                   ,19,19,4048746,0,0,0,0,0,0,0,0,0,19,19,4048746,0,0,0,0,0,0,0,0,0
201809,27,037,2,4,Dakota County                 ,83,83,24286373,0,0,0,0,0,0,8,40,6702661,61,61,17472220,0,0,0,0,0,0,8,40,6702661
201809,27,053,2,4,Hennepin County               ,153,153,61151402,1,2,294300,0,0,0,3,137,10594491,140,140,55453167,1,2,294300,0,0,0,2,120,8157762
201809,27,059,2,4,Isanti County                 ,21,21,3709411,0,0,0,0,0,0,0,0,0,14,14,2528334,0,0,0,0,0,0,0,0,0
201809,27,123,2,4,Ramsey County                 ,21,21,6802879,1,2,207455,0,0,0,2,42,4695000,21,21,6802879,1,2,207455,0,0,0,2,42,4695000
201809,27,139,2,4,Scott County                  ,54,54,13602242,0,0,0,0,0,0,0,0,0,53,53,13344898,0,0,0,0,0,0,0,0,0
201809,27,141,2,4,Sherburne County              ,34,34,8093747,0,0,0,0,0,0,0,0,0,34,34,8093747,0,0,0,0,0,0,0,0,0
201809,27,163,2,4,Washington County             ,70,70,21899716,0,0,0,0,0,0,0,0,0,65,65,19624670,0,0,0,0,0,0,0,0,0
201809,27,171,2,4,Wright County                 ,57,57,15891826,0,0,0,0,0,0,0,0,0,51,51,14515707,0,0,0,0,0,0,0,0,0
201809,28,033,3,6,DeSoto County                 ,89,89,16682495,0,0,0,0,0,0,0,0,0,86,86,16388678,0,0,0,0,0,0,0,0,0
201809,28,041,3,6,Greene County                 ,0,0,0,0,0,0,0,0,0,0,0,0,0,0,0,0,0,0,0,0,0,0,0,0
201809,28,045,3,6,Hancock County                ,34,34,5881622,0,0,0,1,3,301084,1,9,761964,3,3,721862,0,0,0,0,0,0,0,0,0
201809,28,047,3,6,Harrison County               ,92,92,15000362,0,0,0,0,0,0,0,0,0,78,78,13059045,0,0,0,0,0,0,0,0,0
201809,28,067,3,6,Jones County                  ,0,0,0,0,0,0,0,0,0,0,0,0,0,0,0,0,0,0,0,0,0,0,0,0
201809,28,129,3,6,Smith County                  ,0,0,0,0,0,0,0,0,0,0,0,0,0,0,0,0,0,0,0,0,0,0,0,0
201809,28,137,3,6,Tate County                   ,9,9,1358462,0,0,0,0,0,0,0,0,0,8,8,1171000,0,0,0,0,0,0,0,0,0
201809,28,143,3,6,Tunica County                 ,1,1,110844,0,0,0,0,0,0,0,0,0,0,0,0,0,0,0,0,0,0,0,0,0
201809,28,145,3,6,Union County                  ,0,0,0,0,0,0,0,0,0,0,0,0,0,0,0,0,0,0,0,0,0,0,0,0
201809,28,149,3,6,Warren County                 ,0,0,0,0,0,0,0,0,0,0,0,0,0,0,0,0,0,0,0,0,0,0,0,0
201809,29,013,2,4,Bates County                  ,0,0,0,0,0,0,0,0,0,0,0,0,0,0,0,0,0,0,0,0,0,0,0,0
201809,29,017,2,4,Bollinger County              ,0,0,0,0,0,0,0,0,0,0,0,0,0,0,0,0,0,0,0,0,0,0,0,0
201809,29,019,2,4,Boone County                  ,35,35,7788866,0,0,0,0,0,0,0,0,0,35,35,7788866,0,0,0,0,0,0,0,0,0
201809,29,049,2,4,Clinton County                ,7,7,1739000,0,0,0,0,0,0,0,0,0,7,7,1739000,0,0,0,0,0,0,0,0,0
201809,29,065,2,4,Dent County                   ,0,0,0,0,0,0,0,0,0,0,0,0,0,0,0,0,0,0,0,0,0,0,0,0
201809,29,071,2,4,Franklin County               ,24,24,4332701,0,0,0,0,0,0,0,0,0,24,24,4332701,0,0,0,0,0,0,0,0,0
201809,29,095,2,4,Jackson County                ,137,137,31122902,4,8,819128,2,8,720000,3,19,797240,134,134,30219470,4,8,819128,2,8,720000,3,19,797240
201809,29,099,2,4,Jefferson County              ,57,57,11943502,0,0,0,0,0,0,0,0,0,55,55,11734385,0,0,0,0,0,0,0,0,0
201809,29,105,2,4,Laclede County                ,1,1,122400,0,0,0,0,0,0,0,0,0,1,1,122400,0,0,0,0,0,0,0,0,0
201809,29,107,2,4,Lafayette County              ,6,6,1040880,0,0,0,0,0,0,0,0,0,4,4,580000,0,0,0,0,0,0,0,0,0
201809,29,113,2,4,Lincoln County                ,8,8,1607189,0,0,0,0,0,0,0,0,0,4,4,600000,0,0,0,0,0,0,0,0,0
201809,29,165,2,4,Platte County                 ,17,17,4647631,0,0,0,0,0,0,0,0,0,16,16,4286980,0,0,0,0,0,0,0,0,0
201809,29,185,2,4,St. Clair County              ,0,0,0,0,0,0,0,0,0,0,0,0,0,0,0,0,0,0,0,0,0,0,0,0
201809,29,189,2,4,St. Louis County              ,73,73,25817267,0,0,0,0,0,0,2,21,2455458,21,21,8102541,0,0,0,0,0,0,0,0,0
201809,29,219,2,4,Warren County                 ,24,24,5581860,0,0,0,0,0,0,0,0,0,24,24,5581860,0,0,0,0,0,0,0,0,0
201809,29,221,2,4,Washington County             ,0,0,0,0,0,0,0,0,0,0,0,0,0,0,0,0,0,0,0,0,0,0,0,0
201809,29,510,2,4,St. Louis (Independent City)  ,7,7,1527000,0,0,0,0,0,0,0,0,0,7,7,1527000,0,0,0,0,0,0,0,0,0
201809,30,033,4,8,Garfield County               ,0,0,0,0,0,0,0,0,0,0,0,0,0,0,0,0,0,0,0,0,0,0,0,0
201809,30,063,4,8,Missoula County               ,28,28,8757149,2,4,863770,0,0,0,2,54,5623435,28,28,8757149,2,4,863770,0,0,0,2,54,5623435
201809,30,093,4,8,Silver Bow County             ,6,6,598122,0,0,0,0,0,0,1,24,3136805,6,6,598122,0,0,0,0,0,0,1,24,3136805
201809,31,001,2,4,Adams County                  ,4,4,1278104,0,0,0,0,0,0,0,0,0,2,2,708104,0,0,0,0,0,0,0,0,0
201809,31,025,2,4,Cass County                   ,8,8,1331497,2,4,471800,0,0,0,0,0,0,8,8,1331497,2,4,471800,0,0,0,0,0,0
201809,31,033,2,4,Cheyenne County               ,1,1,230000,0,0,0,0,0,0,0,0,0,1,1,230000,0,0,0,0,0,0,0,0,0
201809,31,055,2,4,Douglas County                ,120,120,18612759,0,0,0,0,0,0,1,162,12050652,110,110,16251344,0,0,0,0,0,0,1,162,12050652
201809,31,105,2,4,Kimball County                ,0,0,0,0,0,0,0,0,0,0,0,0,0,0,0,0,0,0,0,0,0,0,0,0
201809,31,153,2,4,Sarpy County                  ,70,70,18674289,0,0,0,0,0,0,0,0,0,13,13,3659681,0,0,0,0,0,0,0,0,0
201809,31,165,2,4,Sioux County                  ,0,0,0,0,0,0,0,0,0,0,0,0,0,0,0,0,0,0,0,0,0,0,0,0
201809,31,177,2,4,Washington County             ,10,10,2998463,0,0,0,0,0,0,0,0,0,10,10,2998463,0,0,0,0,0,0,0,0,0
201809,32,001,4,8,Churchill County              ,3,3,792394,0,0,0,0,0,0,0,0,0,3,3,792394,0,0,0,0,0,0,0,0,0
201809,32,003,4,8,Clark County                  ,644,644,146745302,0,0,0,0,0,0,2,12,1446624,644,644,146745302,0,0,0,0,0,0,2,12,1446624
201809,32,005,4,8,Douglas County                ,18,18,7182711,0,0,0,0,0,0,0,0,0,0,0,0,0,0,0,0,0,0,0,0,0
201809,32,007,4,8,Elko County                   ,14,14,1913707,0,0,0,0,0,0,0,0,0,14,14,1913707,0,0,0,0,0,0,0,0,0
201809,32,013,4,8,Humboldt County               ,1,1,101027,0,0,0,0,0,0,0,0,0,0,0,0,0,0,0,0,0,0,0,0,0
201809,32,015,4,8,Lander County                 ,0,0,0,0,0,0,0,0,0,0,0,0,0,0,0,0,0,0,0,0,0,0,0,0
201809,32,017,4,8,Lincoln County                ,1,1,273137,0,0,0,0,0,0,0,0,0,0,0,0,0,0,0,0,0,0,0,0,0
201809,32,019,4,8,Lyon County                   ,30,30,7405601,0,0,0,0,0,0,0,0,0,30,30,7405601,0,0,0,0,0,0,0,0,0
201809,32,021,4,8,Mineral County                ,0,0,0,0,0,0,0,0,0,0,0,0,0,0,0,0,0,0,0,0,0,0,0,0
201809,32,027,4,8,Pershing County               ,0,0,0,0,0,0,0,0,0,0,0,0,0,0,0,0,0,0,0,0,0,0,0,0
201809,32,029,4,8,Storey County                 ,1,1,162625,0,0,0,0,0,0,0,0,0,1,1,162625,0,0,0,0,0,0,0,0,0
201809,32,031,4,8,Washoe County                 ,170,170,47807533,0,0,0,0,0,0,12,213,22567542,141,141,38712417,0,0,0,0,0,0,11,208,20869376
201809,32,033,4,8,White Pine County             ,1,1,356039,0,0,0,0,0,0,0,0,0,0,0,0,0,0,0,0,0,0,0,0,0
201809,32,510,4,8,Carson City (Independent City),10,10,3171815,0,0,0,0,0,0,0,0,0,10,10,3171815,0,0,0,0,0,0,0,0,0
201809,33,015,1,1,Rockingham County             ,49,49,16523754,4,8,1406716,0,0,0,1,5,674635,41,41,13869749,3,6,940000,0,0,0,0,0,0
201809,33,017,1,1,Strafford County              ,21,21,4296454,1,2,355200,0,0,0,1,34,3302533,12,12,2414381,0,0,0,0,0,0,1,34,3302533
201809,34,001,1,2,Atlantic County               ,44,44,9666843,0,0,0,0,0,0,4,138,5603739,41,41,9054230,0,0,0,0,0,0,2,114,2612000
201809,34,003,1,2,Bergen County                 ,85,85,26387709,9,18,3335548,1,3,503467,8,71,7347655,47,47,18293668,3,6,1097700,0,0,0,1,6,2149000
201809,34,005,1,2,Burlington County             ,55,55,7510170,1,2,194429,0,0,0,6,32,3486541,15,15,2976019,0,0,0,0,0,0,3,17,1929682
201809,34,007,1,2,Camden County                 ,16,16,2496523,0,0,0,0,0,0,2,86,6720626,11,11,1300000,0,0,0,0,0,0,1,80,6684700
201809,34,009,1,2,Cape May County               ,46,46,18470155,10,20,2592800,0,0,0,0,0,0,38,38,14925885,10,20,2592800,0,0,0,0,0,0
201809,34,011,1,2,Cumberland County             ,7,7,802384,0,0,0,0,0,0,0,0,0,4,4,566100,0,0,0,0,0,0,0,0,0
201809,34,013,1,2,Essex County                  ,42,42,6567158,5,10,1445754,1,3,372923,7,134,13115467,22,22,4987276,4,8,1185754,1,3,372923,3,93,9476037
201809,34,015,1,2,Gloucester County             ,33,33,4679855,0,0,0,0,0,0,0,0,0,28,28,4206330,0,0,0,0,0,0,0,0,0
201809,34,017,1,2,Hudson County                 ,112,112,19470201,6,12,1556100,7,24,2350801,1,9,1681599,112,112,19470201,6,12,1556100,7,24,2350801,0,0,0
201809,34,019,1,2,Hunterdon County              ,9,9,1427022,0,0,0,0,0,0,2,10,526510,3,3,282750,0,0,0,0,0,0,0,0,0
201809,34,021,1,2,Mercer County                 ,15,15,4473986,3,6,87264,5,17,489377,0,0,0,13,13,2965803,2,4,350,0,0,0,0,0,0
201809,34,023,1,2,Middlesex County              ,57,57,8908237,1,2,133000,1,3,1,7,80,8995166,46,46,7301215,0,0,0,1,3,1,5,62,7930000
201809,34,025,1,2,Monmouth County               ,65,65,19383587,0,0,0,2,6,408686,1,5,186241,46,46,13422680,0,0,0,1,3,90000,0,0,0
201809,34,027,1,2,Morris County                 ,94,94,12430621,1,2,185000,0,0,0,3,51,3191458,76,76,9917549,1,2,185000,0,0,0,1,24,303000
201809,34,029,1,2,Ocean County                  ,202,202,46222860,5,10,1416409,3,12,480914,1,6,281091,113,113,36175383,3,6,1221570,0,0,0,0,0,0
201809,34,031,1,2,Passaic County                ,5,5,1192680,0,0,0,1,3,47701,4,35,2519872,2,2,554600,0,0,0,1,3,47701,3,30,2199214
201809,34,033,1,2,Salem County                  ,6,6,801550,0,0,0,0,0,0,0,0,0,5,5,693500,0,0,0,0,0,0,0,0,0
201809,34,035,1,2,Somerset County               ,19,19,3757637,0,0,0,2,7,700000,5,285,1540392,7,7,1366020,0,0,0,2,7,700000,2,270,700000
201809,34,037,1,2,Sussex County                 ,3,3,1025367,0,0,0,0,0,0,0,0,0,2,2,746500,0,0,0,0,0,0,0,0,0
201809,34,039,1,2,Union County                  ,16,16,4567050,7,14,1190550,0,0,0,3,15,863338,3,3,1422900,7,14,1190550,0,0,0,0,0,0
201809,34,041,1,2,Warren County                 ,9,9,1480199,0,0,0,0,0,0,1,5,180544,7,7,1076832,0,0,0,0,0,0,0,0,0
201809,35,000,4,8,New Mexico Balance of State   ,39,39,10574882,0,0,0,0,0,0,0,0,0,0,0,0,0,0,0,0,0,0,0,0,0
201809,35,001,4,8,Bernalillo County             ,64,64,16246370,0,0,0,0,0,0,0,0,0,64,64,16246370,0,0,0,0,0,0,0,0,0
201809,35,005,4,8,Chaves County                 ,4,4,564792,0,0,0,0,0,0,0,0,0,2,2,298158,0,0,0,0,0,0,0,0,0
201809,35,009,4,8,Curry County                  ,5,5,1265885,0,0,0,0,0,0,1,5,460938,0,0,0,0,0,0,0,0,0,0,0,0
201809,35,013,4,8,Dona Ana County               ,53,53,11015357,0,0,0,0,0,0,2,19,1405429,4,4,795760,0,0,0,0,0,0,0,0,0
201809,35,015,4,8,Eddy County                   ,8,8,1346047,0,0,0,0,0,0,0,0,0,8,8,1346047,0,0,0,0,0,0,0,0,0
201809,35,017,4,8,Grant County                  ,1,1,162507,0,0,0,0,0,0,0,0,0,0,0,0,0,0,0,0,0,0,0,0,0
201809,35,025,4,8,Lea County                    ,9,9,1872350,0,0,0,0,0,0,0,0,0,9,9,1872350,0,0,0,0,0,0,0,0,0
201809,35,027,4,8,Lincoln County                ,8,8,2020035,0,0,0,0,0,0,0,0,0,0,0,0,0,0,0,0,0,0,0,0,0
201809,35,028,4,8,Los Alamos County             ,1,1,400000,0,0,0,0,0,0,0,0,0,1,1,400000,0,0,0,0,0,0,0,0,0
201809,35,029,4,8,Luna County                   ,2,2,331608,0,0,0,0,0,0,0,0,0,1,1,145000,0,0,0,0,0,0,0,0,0
201809,35,031,4,8,McKinley County               ,1,1,194000,0,0,0,0,0,0,0,0,0,0,0,0,0,0,0,0,0,0,0,0,0
201809,35,035,4,8,Otero County                  ,0,0,0,0,0,0,0,0,0,0,0,0,0,0,0,0,0,0,0,0,0,0,0,0
201809,35,041,4,8,Roosevelt County              ,2,2,302038,0,0,0,0,0,0,0,0,0,0,0,0,0,0,0,0,0,0,0,0,0
201809,35,043,4,8,Sandoval County               ,35,35,8447425,0,0,0,3,12,1586334,2,11,954899,25,25,5891941,0,0,0,3,12,1586334,1,6,746566
201809,35,045,4,8,San Juan County               ,4,4,751212,0,0,0,0,0,0,0,0,0,0,0,0,0,0,0,0,0,0,0,0,0
201809,35,047,4,8,San Miguel County             ,0,0,0,0,0,0,0,0,0,0,0,0,0,0,0,0,0,0,0,0,0,0,0,0
201809,35,049,4,8,Santa Fe County               ,11,11,3562468,0,0,0,0,0,0,0,0,0,11,11,3562468,0,0,0,0,0,0,0,0,0
201809,35,051,4,8,Sierra County                 ,0,0,0,0,0,0,0,0,0,0,0,0,0,0,0,0,0,0,0,0,0,0,0,0
201809,35,055,4,8,Taos County                   ,10,10,1253727,0,0,0,0,0,0,0,0,0,0,0,0,0,0,0,0,0,0,0,0,0
201809,35,061,4,8,Valencia County               ,4,4,525697,0,0,0,0,0,0,0,0,0,4,4,525697,0,0,0,0,0,0,0,0,0
201809,36,001,1,2,Albany County                 ,15,15,3041550,1,2,411850,2,8,1200000,1,5,820253,13,13,2690003,1,2,411850,2,8,1200000,0,0,0
201809,36,005,1,2,Bronx County                  ,3,3,798061,0,0,0,0,0,0,5,266,34620777,3,3,798061,0,0,0,0,0,0,5,266,34620777
201809,36,029,1,2,Erie County                   ,64,64,18419386,0,0,0,0,0,0,1,12,2686034,58,58,17342417,0,0,0,0,0,0,0,0,0
201809,36,047,1,2,Kings County                  ,1,1,266020,2,4,592877,4,13,1615999,16,205,26681426,1,1,266020,2,4,592877,4,13,1615999,16,205,26681426
201809,36,051,1,2,Livingston County             ,5,5,750916,0,0,0,0,0,0,0,0,0,2,2,235000,0,0,0,0,0,0,0,0,0
201809,36,055,1,2,Monroe County                 ,60,60,14882336,0,0,0,0,0,0,0,0,0,51,51,13297800,0,0,0,0,0,0,0,0,0
201809,36,059,1,2,Nassau County                 ,72,72,32983191,1,2,302667,0,0,0,1,9,1010634,49,49,22679650,0,0,0,0,0,0,0,0,0
201809,36,061,1,2,New York County               ,0,0,0,1,2,296439,0,0,0,3,149,19392841,0,0,0,1,2,296439,0,0,0,3,149,19392841
201809,36,063,1,2,Niagara County                ,16,16,5239983,0,0,0,0,0,0,0,0,0,11,11,3888910,0,0,0,0,0,0,0,0,0
201809,36,069,1,2,Ontario County                ,33,33,6938996,0,0,0,0,0,0,0,0,0,30,30,6116705,0,0,0,0,0,0,0,0,0
201809,36,073,1,2,Orleans County                ,3,3,210000,0,0,0,0,0,0,0,0,0,3,3,210000,0,0,0,0,0,0,0,0,0
201809,36,079,1,2,Putnam County                 ,2,2,414534,0,0,0,1,3,703760,0,0,0,0,0,0,0,0,0,0,0,0,0,0,0
201809,36,081,1,2,Queens County                 ,9,9,2394184,12,24,3557263,5,15,1864614,8,240,31236791,9,9,2394184,12,24,3557263,5,15,1864614,8,240,31236791
201809,36,083,1,2,Rensselaer County             ,7,7,1571055,1,2,550000,0,0,0,1,5,500000,3,3,470301,0,0,0,0,0,0,0,0,0
201809,36,085,1,2,Richmond County               ,25,25,6650510,18,36,5335895,0,0,0,0,0,0,25,25,6650510,18,36,5335895,0,0,0,0,0,0
201809,36,087,1,2,Rockland County               ,5,5,1079384,3,6,875953,3,10,1114244,3,16,2686320,1,1,20300,0,0,0,0,0,0,0,0,0
201809,36,091,1,2,Saratoga County               ,54,54,16574818,1,2,250000,1,3,555000,1,7,945946,33,33,9341067,1,2,250000,1,3,555000,0,0,0
201809,36,093,1,2,Schenectady County            ,7,7,1075007,0,0,0,0,0,0,0,0,0,3,3,430000,0,0,0,0,0,0,0,0,0
201809,36,095,1,2,Schoharie County              ,1,1,267838,0,0,0,0,0,0,0,0,0,0,0,0,0,0,0,0,0,0,0,0,0
201809,36,099,1,2,Seneca County                 ,2,2,354169,0,0,0,0,0,0,0,0,0,0,0,0,0,0,0,0,0,0,0,0,0
201809,36,103,1,2,Suffolk County                ,62,62,48804109,1,2,223102,0,0,0,1,5,665158,43,43,36243276,0,0,0,0,0,0,0,0,0
201809,36,117,1,2,Wayne County                  ,8,8,1884500,0,0,0,0,0,0,0,0,0,8,8,1884500,0,0,0,0,0,0,0,0,0
201809,36,119,1,2,Westchester County            ,34,34,19975491,1,2,230000,0,0,0,2,17,1445454,25,25,15192045,1,2,230000,0,0,0,0,0,0
201809,37,007,3,5,Anson County                  ,3,3,449595,0,0,0,0,0,0,0,0,0,0,0,0,0,0,0,0,0,0,0,0,0
201809,37,011,3,5,Avery County                  ,9,9,1994195,0,0,0,0,0,0,0,0,0,9,9,1994195,0,0,0,0,0,0,0,0,0
201809,37,015,3,5,Bertie County                 ,1,1,1000212,0,0,0,0,0,0,0,0,0,1,1,1000212,0,0,0,0,0,0,0,0,0
201809,37,025,3,5,Cabarrus County               ,96,96,16910596,0,0,0,0,0,0,0,0,0,96,96,16910596,0,0,0,0,0,0,0,0,0
201809,37,033,3,5,Caswell County                ,4,4,1294261,0,0,0,0,0,0,0,0,0,4,4,1294261,0,0,0,0,0,0,0,0,0
201809,37,037,3,5,Chatham County                ,43,43,11837504,0,0,0,0,0,0,0,0,0,43,43,11837504,0,0,0,0,0,0,0,0,0
201809,37,051,3,5,Cumberland County             ,34,34,5429761,0,0,0,0,0,0,0,0,0,34,34,5429761,0,0,0,0,0,0,0,0,0
201809,37,053,3,5,Currituck County              ,36,36,8796813,0,0,0,0,0,0,0,0,0,36,36,8796813,0,0,0,0,0,0,0,0,0
201809,37,059,3,5,Davie County                  ,11,11,2635142,0,0,0,0,0,0,1,7,315828,0,0,0,0,0,0,0,0,0,0,0,0
201809,37,063,3,5,Durham County                 ,148,148,28489366,0,0,0,0,0,0,4,105,8364444,0,0,0,0,0,0,0,0,0,0,0,0
201809,37,069,3,5,Franklin County               ,41,41,6770207,0,0,0,0,0,0,0,0,0,41,41,6770207,0,0,0,0,0,0,0,0,0
201809,37,071,3,5,Gaston County                 ,70,70,20364849,1,2,248655,0,0,0,0,0,0,10,10,3324423,0,0,0,0,0,0,0,0,0
201809,37,077,3,5,Granville County              ,18,18,4411155,1,2,127000,0,0,0,0,0,0,18,18,4411155,1,2,127000,0,0,0,0,0,0
201809,37,081,3,5,Guilford County               ,97,97,37986697,0,0,0,0,0,0,0,0,0,97,97,37986697,0,0,0,0,0,0,0,0,0
201809,37,089,3,5,Henderson County              ,41,41,9361143,0,0,0,0,0,0,5,108,7020000,41,41,9361143,0,0,0,0,0,0,5,108,7020000
201809,37,093,3,5,Hoke County                   ,20,20,4728138,0,0,0,0,0,0,0,0,0,20,20,4728138,0,0,0,0,0,0,0,0,0
201809,37,097,3,5,Iredell County                ,119,119,30816721,0,0,0,0,0,0,3,72,7855226,119,119,30816721,0,0,0,0,0,0,3,72,7855226
201809,37,101,3,5,Johnston County               ,136,136,23986675,0,0,0,0,0,0,0,0,0,134,134,23689867,0,0,0,0,0,0,0,0,0
201809,37,119,3,5,Mecklenburg County            ,354,354,83688045,0,0,0,0,0,0,13,698,81503496,354,354,83688045,0,0,0,0,0,0,13,698,81503496
201809,37,133,3,5,Onslow County                 ,26,26,4022640,0,0,0,0,0,0,0,0,0,26,26,4022640,0,0,0,0,0,0,0,0,0
201809,37,135,3,5,Orange County                 ,29,29,10591630,0,0,0,0,0,0,0,0,0,29,29,10591630,0,0,0,0,0,0,0,0,0
201809,37,145,3,5,Person County                 ,5,5,1860000,0,0,0,0,0,0,0,0,0,5,5,1860000,0,0,0,0,0,0,0,0,0
201809,37,151,3,5,Randolph County               ,15,15,4573879,0,0,0,0,0,0,0,0,0,15,15,4573879,0,0,0,0,0,0,0,0,0
201809,37,157,3,5,Rockingham County             ,15,15,4493536,0,0,0,0,0,0,0,0,0,15,15,4493536,0,0,0,0,0,0,0,0,0
201809,37,179,3,5,Union County                  ,78,78,16774737,0,0,0,0,0,0,0,0,0,78,78,16774737,0,0,0,0,0,0,0,0,0
201809,37,181,3,5,Vance County                  ,1,1,320000,0,0,0,0,0,0,0,0,0,1,1,320000,0,0,0,0,0,0,0,0,0
201809,37,183,3,5,Wake County                   ,583,583,123936113,0,0,0,0,0,0,4,88,19395253,534,534,113521764,0,0,0,0,0,0,4,88,19395253
201809,37,195,3,5,Wilson County                 ,14,14,2217063,0,0,0,0,0,0,0,0,0,14,14,2217063,0,0,0,0,0,0,0,0,0
201809,39,007,2,3,Ashtabula County              ,8,8,1467258,1,2,160841,0,0,0,0,0,0,0,0,0,0,0,0,0,0,0,0,0,0
201809,39,015,2,3,Brown County                  ,6,6,1551079,0,0,0,0,0,0,0,0,0,6,6,1551079,0,0,0,0,0,0,0,0,0
201809,39,017,2,3,Butler County                 ,63,63,13126317,0,0,0,0,0,0,1,5,357170,61,61,12828614,0,0,0,0,0,0,0,0,0
201809,39,025,2,3,Clermont County               ,48,48,10315882,2,4,600000,0,0,0,0,0,0,48,48,10315882,2,4,600000,0,0,0,0,0,0
201809,39,041,2,3,Delaware County               ,61,61,16528371,0,0,0,1,4,1800000,7,80,11357628,57,57,14943077,0,0,0,1,4,1800000,6,70,10130350
201809,39,049,2,3,Franklin County               ,93,93,26665783,1,2,195000,2,8,780000,1,5,225000,81,81,23438475,1,2,195000,2,8,780000,0,0,0
201809,39,055,2,3,Geauga County                 ,12,12,4727179,0,0,0,0,0,0,0,0,0,12,12,4727179,0,0,0,0,0,0,0,0,0
201809,39,085,2,3,Lake County                   ,19,19,3856858,0,0,0,0,0,0,1,6,548780,18,18,3598358,0,0,0,0,0,0,0,0,0
201809,39,089,2,3,Licking County                ,15,15,3427907,0,0,0,0,0,0,0,0,0,15,15,3427907,0,0,0,0,0,0,0,0,0
201809,39,093,2,3,Lorain County                 ,57,57,12903318,4,8,1107575,1,3,627682,1,5,156875,23,23,6010180,3,6,864550,0,0,0,0,0,0
201809,39,097,2,3,Madison County                ,16,16,4136211,0,0,0,0,0,0,0,0,0,16,16,4136211,0,0,0,0,0,0,0,0,0
201809,39,103,2,3,Medina County                 ,47,47,11559769,0,0,0,0,0,0,0,0,0,40,40,10258015,0,0,0,0,0,0,0,0,0
201809,39,117,2,3,Morrow County                 ,8,8,1337566,0,0,0,0,0,0,0,0,0,5,5,1292566,0,0,0,0,0,0,0,0,0
201809,39,159,2,3,Union County                  ,29,29,7496883,0,0,0,0,0,0,5,40,2875000,29,29,7496883,0,0,0,0,0,0,5,40,2875000
201809,39,165,2,3,Warren County                 ,82,82,22236342,0,0,0,0,0,0,0,0,0,82,82,22236342,0,0,0,0,0,0,0,0,0
201809,40,001,3,7,Adair County                  ,0,0,0,0,0,0,0,0,0,0,0,0,0,0,0,0,0,0,0,0,0,0,0,0
201809,40,017,3,7,Canadian County               ,24,24,5316319,0,0,0,0,0,0,0,0,0,17,17,3776402,0,0,0,0,0,0,0,0,0
201809,40,021,3,7,Cherokee County               ,5,5,656191,1,2,130000,0,0,0,1,5,244048,0,0,0,0,0,0,0,0,0,0,0,0
201809,40,027,3,7,Cleveland County              ,37,37,10159380,0,0,0,0,0,0,0,0,0,37,37,10159380,0,0,0,0,0,0,0,0,0
201809,40,029,3,7,Coal County                   ,0,0,0,0,0,0,0,0,0,0,0,0,0,0,0,0,0,0,0,0,0,0,0,0
201809,40,037,3,7,Creek County                  ,3,3,731494,0,0,0,0,0,0,0,0,0,0,0,0,0,0,0,0,0,0,0,0,0
201809,40,051,3,7,Grady County                  ,6,6,1184407,1,2,140000,0,0,0,0,0,0,6,6,1184407,1,2,140000,0,0,0,0,0,0
201809,40,055,3,7,Greer County                  ,0,0,0,0,0,0,0,0,0,0,0,0,0,0,0,0,0,0,0,0,0,0,0,0
201809,40,081,3,7,Lincoln County                ,1,1,236407,0,0,0,0,0,0,0,0,0,1,1,236407,0,0,0,0,0,0,0,0,0
201809,40,083,3,7,Logan County                  ,0,0,0,0,0,0,0,0,0,0,0,0,0,0,0,0,0,0,0,0,0,0,0,0
201809,40,087,3,7,McClain County                ,26,26,5417408,0,0,0,0,0,0,0,0,0,22,22,4513082,0,0,0,0,0,0,0,0,0
201809,40,109,3,7,Oklahoma County               ,263,263,57549416,0,0,0,1,4,850000,0,0,0,248,248,54651054,0,0,0,1,4,850000,0,0,0
201809,40,111,3,7,Okmulgee County               ,1,1,140000,0,0,0,0,0,0,0,0,0,1,1,140000,0,0,0,0,0,0,0,0,0
201809,40,113,3,7,Osage County                  ,12,12,2539308,0,0,0,0,0,0,0,0,0,12,12,2539308,0,0,0,0,0,0,0,0,0
201809,40,117,3,7,Pawnee County                 ,1,1,420000,0,0,0,0,0,0,0,0,0,1,1,420000,0,0,0,0,0,0,0,0,0
201809,40,131,3,7,Rogers County                 ,40,40,5906234,0,0,0,0,0,0,0,0,0,40,40,5906234,0,0,0,0,0,0,0,0,0
201809,40,143,3,7,Tulsa County                  ,106,106,23284975,0,0,0,1,4,342360,1,5,428220,105,105,23222753,0,0,0,1,4,342360,1,5,428220
201809,40,145,3,7,Wagoner County                ,46,46,11120586,0,0,0,0,0,0,0,0,0,46,46,11120586,0,0,0,0,0,0,0,0,0
201809,41,000,4,9,Oregon Balance of State       ,16,16,1774828,0,0,0,0,0,0,0,0,0,0,0,0,0,0,0,0,0,0,0,0,0
201809,41,005,4,9,Clackamas County              ,109,109,33532418,0,0,0,0,0,0,1,6,872502,98,98,27924693,0,0,0,0,0,0,0,0,0
201809,41,017,4,9,Deschutes County              ,121,121,31293647,1,2,526515,0,0,0,1,5,332500,97,97,25291137,1,2,526515,0,0,0,0,0,0
201809,41,019,4,9,Douglas County                ,22,22,5452454,0,0,0,0,0,0,0,0,0,22,22,5452454,0,0,0,0,0,0,0,0,0
201809,41,025,4,9,Harney County                 ,1,1,327090,0,0,0,0,0,0,0,0,0,1,1,327090,0,0,0,0,0,0,0,0,0
201809,41,035,4,9,Klamath County                ,13,13,2773429,0,0,0,0,0,0,0,0,0,13,13,2773429,0,0,0,0,0,0,0,0,0
201809,41,051,4,9,Multnomah County              ,124,124,33643047,9,18,3928247,0,0,0,8,278,37983402,124,124,33643047,9,18,3928247,0,0,0,8,278,37983402
201809,41,067,4,9,Washington County             ,129,129,36299090,0,0,0,0,0,0,2,30,1800000,127,127,35821527,0,0,0,0,0,0,2,30,1800000
201809,41,071,4,9,Yamhill County                ,25,25,7002558,2,4,474448,0,0,0,0,0,0,17,17,5159427,2,4,474448,0,0,0,0,0,0
201809,42,001,1,2,Adams County                  ,28,28,5056000,0,0,0,0,0,0,0,0,0,28,28,5056000,0,0,0,0,0,0,0,0,0
201809,42,017,1,2,Bucks County                  ,71,71,19306493,0,0,0,0,0,0,0,0,0,41,41,13037540,0,0,0,0,0,0,0,0,0
201809,42,029,1,2,Chester County                ,100,100,20105696,0,0,0,2,8,1299712,0,0,0,77,77,15385576,0,0,0,2,8,1299712,0,0,0
201809,42,037,1,2,Columbia County               ,7,7,1701712,0,0,0,0,0,0,0,0,0,4,4,1024749,0,0,0,0,0,0,0,0,0
201809,42,041,1,2,Cumberland County             ,55,55,11972318,0,0,0,0,0,0,1,10,886000,52,52,11306944,0,0,0,0,0,0,1,10,886000
201809,42,043,1,2,Dauphin County                ,36,36,7215806,0,0,0,0,0,0,0,0,0,30,30,5875875,0,0,0,0,0,0,0,0,0
201809,42,045,1,2,Delaware County               ,26,26,7610706,0,0,0,0,0,0,0,0,0,9,9,3482550,0,0,0,0,0,0,0,0,0
201809,42,055,1,2,Franklin County               ,26,26,4999581,0,0,0,0,0,0,1,5,121250,14,14,3206500,0,0,0,0,0,0,0,0,0
201809,42,091,1,2,Montgomery County             ,87,87,19659164,0,0,0,1,4,818245,3,24,3363881,57,57,13646914,0,0,0,1,4,818245,1,6,1141000
201809,42,093,1,2,Montour County                ,2,2,943978,0,0,0,0,0,0,0,0,0,1,1,703925,0,0,0,0,0,0,0,0,0
201809,42,099,1,2,Perry County                  ,9,9,2238605,0,0,0,0,0,0,0,0,0,0,0,0,0,0,0,0,0,0,0,0,0
201809,42,101,1,2,Philadelphia County           ,69,69,18305139,14,28,4657408,13,45,5671279,4,78,10571500,0,0,0,0,0,0,0,0,0,0,0,0
201809,42,103,1,2,Pike County                   ,16,16,4621729,0,0,0,0,0,0,0,0,0,15,15,4328729,0,0,0,0,0,0,0,0,0
201809,44,001,1,1,Bristol County                ,5,5,2057144,0,0,0,0,0,0,0,0,0,4,4,1556882,0,0,0,0,0,0,0,0,0
201809,44,003,1,1,Kent County                   ,11,11,1726655,2,4,455150,0,0,0,0,0,0,1,1,136280,1,2,208150,0,0,0,0,0,0
201809,44,005,1,1,Newport County                ,5,5,1509020,0,0,0,1,3,430000,0,0,0,4,4,1316641,0,0,0,0,0,0,0,0,0
201809,44,007,1,1,Providence County             ,24,24,4076717,0,0,0,0,0,0,0,0,0,11,11,1975425,0,0,0,0,0,0,0,0,0
201809,44,009,1,1,Washington County             ,20,20,5344049,0,0,0,0,0,0,0,0,0,12,12,3210917,0,0,0,0,0,0,0,0,0
201809,45,003,3,5,Aiken County                  ,74,74,17355043,0,0,0,0,0,0,1,5,401786,66,66,15601732,0,0,0,0,0,0,0,0,0
201809,45,009,3,5,Bamberg County                ,0,0,0,0,0,0,0,0,0,0,0,0,0,0,0,0,0,0,0,0,0,0,0,0
201809,45,015,3,5,Berkeley County               ,99,99,26663138,0,0,0,0,0,0,2,36,1283519,9,9,2827067,0,0,0,0,0,0,0,0,0
201809,45,017,3,5,Calhoun County                ,2,2,295569,0,0,0,0,0,0,0,0,0,0,0,0,0,0,0,0,0,0,0,0,0
201809,45,019,3,5,Charleston County             ,195,195,52322240,0,0,0,0,0,0,5,108,7989698,51,51,21458183,0,0,0,0,0,0,0,0,0
201809,45,035,3,5,Dorchester County             ,36,36,9201500,0,0,0,0,0,0,0,0,0,36,36,9201500,0,0,0,0,0,0,0,0,0
201809,45,037,3,5,Edgefield County              ,8,8,1735000,0,0,0,0,0,0,0,0,0,8,8,1735000,0,0,0,0,0,0,0,0,0
201809,45,039,3,5,Fairfield County              ,5,5,905341,0,0,0,0,0,0,0,0,0,5,5,905341,0,0,0,0,0,0,0,0,0
201809,45,045,3,5,Greenville County             ,209,209,17101305,0,0,0,0,0,0,11,245,25700386,63,63,13022773,0,0,0,0,0,0,10,240,25524010
201809,45,051,3,5,Horry County                  ,261,261,43200019,0,0,0,0,0,0,0,0,0,238,238,37392200,0,0,0,0,0,0,0,0,0
201809,45,055,3,5,Kershaw County                ,22,22,3225552,0,0,0,0,0,0,0,0,0,22,22,3225552,0,0,0,0,0,0,0,0,0
201809,45,059,3,5,Laurens County                ,9,9,1495212,0,0,0,0,0,0,0,0,0,9,9,1495212,0,0,0,0,0,0,0,0,0
201809,45,063,3,5,Lexington County              ,130,130,33937952,0,0,0,0,0,0,0,0,0,19,19,5495406,0,0,0,0,0,0,0,0,0
201809,45,077,3,5,Pickens County                ,42,42,11946982,0,0,0,0,0,0,1,15,1832331,12,12,2424730,0,0,0,0,0,0,0,0,0
201809,45,079,3,5,Richland County               ,155,155,21982299,0,0,0,0,0,0,1,32,1806168,27,27,5872007,0,0,0,0,0,0,0,0,0
201809,45,081,3,5,Saluda County                 ,5,5,1195218,0,0,0,0,0,0,0,0,0,5,5,1195218,0,0,0,0,0,0,0,0,0
201809,45,085,3,5,Sumter County                 ,17,17,2304962,0,0,0,0,0,0,0,0,0,0,0,0,0,0,0,0,0,0,0,0,0
201809,45,091,3,5,York County                   ,166,166,53419486,0,0,0,0,0,0,2,28,2932699,25,25,6597373,0,0,0,0,0,0,0,0,0
201809,46,007,2,4,Bennett County                ,0,0,0,0,0,0,0,0,0,0,0,0,0,0,0,0,0,0,0,0,0,0,0,0
201809,46,055,2,4,Haakon County                 ,0,0,0,0,0,0,0,0,0,0,0,0,0,0,0,0,0,0,0,0,0,0,0,0
201809,46,071,2,4,Jackson County                ,0,0,0,0,0,0,0,0,0,0,0,0,0,0,0,0,0,0,0,0,0,0,0,0
201809,46,111,2,4,Sanborn County                ,0,0,0,0,0,0,0,0,0,0,0,0,0,0,0,0,0,0,0,0,0,0,0,0
201809,47,001,3,6,Anderson County               ,18,18,4116310,0,0,0,0,0,0,0,0,0,16,16,3762650,0,0,0,0,0,0,0,0,0
201809,47,015,3,6,Cannon County                 ,0,0,0,0,0,0,0,0,0,0,0,0,0,0,0,0,0,0,0,0,0,0,0,0
201809,47,021,3,6,Cheatham County               ,21,21,3880004,0,0,0,0,0,0,0,0,0,8,8,2061407,0,0,0,0,0,0,0,0,0
201809,47,037,3,6,Davidson County               ,244,244,59180844,0,0,0,0,0,0,7,632,41068700,244,244,59180844,0,0,0,0,0,0,7,632,41068700
201809,47,043,3,6,Dickson County                ,20,20,3977703,0,0,0,0,0,0,0,0,0,2,2,472814,0,0,0,0,0,0,0,0,0
201809,47,049,3,6,Fentress County               ,0,0,0,0,0,0,0,0,0,0,0,0,0,0,0,0,0,0,0,0,0,0,0,0
201809,47,081,3,6,Hickman County                ,10,10,1500974,0,0,0,0,0,0,0,0,0,10,10,1500974,0,0,0,0,0,0,0,0,0
201809,47,093,3,6,Knox County                   ,144,144,28034663,0,0,0,0,0,0,9,259,31136290,144,144,28034663,0,0,0,0,0,0,9,259,31136290
201809,47,105,3,6,Loudon County                 ,41,41,9032438,0,0,0,0,0,0,0,0,0,37,37,8359784,0,0,0,0,0,0,0,0,0
201809,47,125,3,6,Montgomery County             ,89,89,14694305,0,0,0,4,16,600000,5,34,1665000,89,89,14694305,0,0,0,4,16,600000,5,34,1665000
201809,47,139,3,6,Polk County                   ,14,14,2521737,0,0,0,0,0,0,0,0,0,0,0,0,0,0,0,0,0,0,0,0,0
201809,47,149,3,6,Rutherford County             ,130,130,31173628,1,2,454036,0,0,0,2,11,750976,106,106,27505717,0,0,0,0,0,0,0,0,0
201809,47,153,3,6,Sequatchie County             ,0,0,0,0,0,0,0,0,0,0,0,0,0,0,0,0,0,0,0,0,0,0,0,0
201809,47,157,3,6,Shelby County                 ,82,82,22253747,1,2,108119,0,0,0,2,199,21768053,82,82,22253747,1,2,108119,0,0,0,2,199,21768053
201809,47,159,3,6,Smith County                  ,7,7,1769383,0,0,0,0,0,0,0,0,0,6,6,1571407,0,0,0,0,0,0,0,0,0
201809,47,161,3,6,Stewart County                ,1,1,211500,0,0,0,0,0,0,0,0,0,0,0,0,0,0,0,0,0,0,0,0,0
201809,47,165,3,6,Sumner County                 ,106,106,25760400,0,0,0,0,0,0,17,444,11126500,106,106,25760400,0,0,0,0,0,0,17,444,11126500
201809,47,167,3,6,Tipton County                 ,16,16,3037086,0,0,0,0,0,0,0,0,0,10,10,2221641,0,0,0,0,0,0,0,0,0
201809,47,169,3,6,Trousdale County              ,7,7,1142000,0,0,0,0,0,0,0,0,0,7,7,1142000,0,0,0,0,0,0,0,0,0
201809,47,173,3,6,Union County                  ,9,9,1478000,0,0,0,0,0,0,0,0,0,9,9,1478000,0,0,0,0,0,0,0,0,0
201809,47,175,3,6,Van Buren County              ,0,0,0,0,0,0,0,0,0,0,0,0,0,0,0,0,0,0,0,0,0,0,0,0
201809,47,189,3,6,Wilson County                 ,111,111,34901956,0,0,0,0,0,0,0,0,0,111,111,34901956,0,0,0,0,0,0,0,0,0
201809,48,013,3,7,Atascosa County               ,5,5,966220,0,0,0,0,0,0,0,0,0,5,5,966220,0,0,0,0,0,0,0,0,0
201809,48,015,3,7,Austin County                 ,5,5,931857,0,0,0,0,0,0,0,0,0,3,3,555000,0,0,0,0,0,0,0,0,0
201809,48,019,3,7,Bandera County                ,0,0,0,0,0,0,0,0,0,0,0,0,0,0,0,0,0,0,0,0,0,0,0,0
201809,48,021,3,7,Bastrop County                ,14,14,1894863,0,0,0,0,0,0,0,0,0,7,7,873289,0,0,0,0,0,0,0,0,0
201809,48,025,3,7,Bee County                    ,0,0,0,0,0,0,0,0,0,0,0,0,0,0,0,0,0,0,0,0,0,0,0,0
201809,48,027,3,7,Bell County                   ,100,100,20869400,10,20,1633827,0,0,0,0,0,0,90,90,18796686,8,16,1247000,0,0,0,0,0,0
201809,48,029,3,7,Bexar County                  ,337,337,67189661,4,8,909440,1,4,291200,17,85,7959816,298,298,61960110,4,8,909440,1,4,291200,16,80,6894320
201809,48,051,3,7,Burleson County               ,0,0,0,0,0,0,0,0,0,0,0,0,0,0,0,0,0,0,0,0,0,0,0,0
201809,48,055,3,7,Caldwell County               ,20,20,3967677,1,2,180000,0,0,0,0,0,0,1,1,190000,0,0,0,0,0,0,0,0,0
201809,48,085,3,7,Collin County                 ,796,796,228404362,0,0,0,0,0,0,0,0,0,686,686,187009140,0,0,0,0,0,0,0,0,0
201809,48,091,3,7,Comal County                  ,195,195,38176730,0,0,0,0,0,0,0,0,0,192,192,37474368,0,0,0,0,0,0,0,0,0
201809,48,099,3,7,Coryell County                ,11,11,1538569,1,2,150089,0,0,0,0,0,0,0,0,0,0,0,0,0,0,0,0,0,0
201809,48,107,3,7,Crosby County                 ,0,0,0,0,0,0,0,0,0,0,0,0,0,0,0,0,0,0,0,0,0,0,0,0
201809,48,113,3,7,Dallas County                 ,416,416,116675998,6,12,3164676,2,8,1639880,29,880,67086217,397,397,111490607,6,12,3164676,2,8,1639880,26,700,50504873
201809,48,119,3,7,Delta County                  ,0,0,0,0,0,0,0,0,0,0,0,0,0,0,0,0,0,0,0,0,0,0,0,0
201809,48,135,3,7,Ector County                  ,38,38,7162766,0,0,0,0,0,0,0,0,0,0,0,0,0,0,0,0,0,0,0,0,0
201809,48,139,3,7,Ellis County                  ,174,174,38183484,0,0,0,1,3,390032,1,10,1702249,125,125,28313744,0,0,0,1,3,390032,0,0,0
201809,48,141,3,7,El Paso County                ,184,184,38764664,2,4,387361,5,18,1987816,3,59,6825008,0,0,0,0,0,0,0,0,0,0,0,0
201809,48,157,3,7,Fort Bend County              ,633,633,44405335,1,2,229540,0,0,0,1,5,391292,50,50,14368000,0,0,0,0,0,0,0,0,0
201809,48,167,3,7,Galveston County              ,162,162,33499632,0,0,0,0,0,0,0,0,0,75,75,18458029,0,0,0,0,0,0,0,0,0
201809,48,185,3,7,Grimes County                 ,4,4,433708,0,0,0,0,0,0,0,0,0,0,0,0,0,0,0,0,0,0,0,0,0
201809,48,187,3,7,Guadalupe County              ,62,62,15860912,0,0,0,0,0,0,0,0,0,62,62,15860912,0,0,0,0,0,0,0,0,0
201809,48,193,3,7,Hamilton County               ,0,0,0,0,0,0,0,0,0,0,0,0,0,0,0,0,0,0,0,0,0,0,0,0
201809,48,195,3,7,Hansford County               ,0,0,0,0,0,0,0,0,0,0,0,0,0,0,0,0,0,0,0,0,0,0,0,0
201809,48,201,3,7,Harris County                 ,1335,1335,265190323,6,12,1313278,1,4,270000,5,898,199804998,1333,1333,262426855,6,12,1313278,1,4,270000,5,898,199804998
201809,48,211,3,7,Hemphill County               ,0,0,0,0,0,0,0,0,0,0,0,0,0,0,0,0,0,0,0,0,0,0,0,0
201809,48,215,3,7,Hidalgo County                ,197,197,35733843,18,36,3235598,11,44,4941700,4,48,3663872,136,136,23719173,17,34,3102384,1,4,321408,3,20,685000
201809,48,233,3,7,Hutchinson County             ,0,0,0,0,0,0,0,0,0,0,0,0,0,0,0,0,0,0,0,0,0,0,0,0
201809,48,251,3,7,Johnson County                ,26,26,5197169,0,0,0,0,0,0,0,0,0,22,22,4413430,0,0,0,0,0,0,0,0,0
201809,48,257,3,7,Kaufman County                ,55,55,11036059,0,0,0,0,0,0,0,0,0,53,53,10579145,0,0,0,0,0,0,0,0,0
201809,48,259,3,7,Kendall County                ,25,25,6677159,0,0,0,0,0,0,0,0,0,0,0,0,0,0,0,0,0,0,0,0,0
201809,48,271,3,7,Kinney County                 ,0,0,0,0,0,0,0,0,0,0,0,0,0,0,0,0,0,0,0,0,0,0,0,0
201809,48,281,3,7,Lampasas County               ,1,1,410000,1,2,150000,0,0,0,0,0,0,1,1,410000,1,2,150000,0,0,0,0,0,0
201809,48,291,3,7,Liberty County                ,33,33,4487750,0,0,0,0,0,0,0,0,0,33,33,4487750,0,0,0,0,0,0,0,0,0
201809,48,303,3,7,Lubbock County                ,121,121,26563381,0,0,0,1,3,401625,9,69,7585645,8,8,1630000,0,0,0,0,0,0,0,0,0
201809,48,323,3,7,Maverick County               ,6,6,1415832,0,0,0,0,0,0,0,0,0,6,6,1415832,0,0,0,0,0,0,0,0,0
201809,48,325,3,7,Medina County                 ,3,3,736030,0,0,0,0,0,0,0,0,0,1,1,310000,0,0,0,0,0,0,0,0,0
201809,48,329,3,7,Midland County                ,123,123,26599922,0,0,0,0,0,0,0,0,0,123,123,26599922,0,0,0,0,0,0,0,0,0
201809,48,339,3,7,Montgomery County             ,586,586,124448539,0,0,0,0,0,0,0,0,0,577,577,122915405,0,0,0,0,0,0,0,0,0
201809,48,367,3,7,Parker County                 ,33,33,7115768,0,0,0,0,0,0,0,0,0,0,0,0,0,0,0,0,0,0,0,0,0
201809,48,375,3,7,Potter County                 ,36,36,9945885,0,0,0,0,0,0,0,0,0,36,36,9945885,0,0,0,0,0,0,0,0,0
201809,48,383,3,7,Reagan County                 ,0,0,0,0,0,0,0,0,0,0,0,0,0,0,0,0,0,0,0,0,0,0,0,0
201809,48,385,3,7,Real County                   ,0,0,0,0,0,0,0,0,0,0,0,0,0,0,0,0,0,0,0,0,0,0,0,0
201809,48,395,3,7,Robertson County              ,6,6,896783,0,0,0,0,0,0,0,0,0,5,5,665537,0,0,0,0,0,0,0,0,0
201809,48,397,3,7,Rockwall County               ,98,98,30025787,0,0,0,0,0,0,0,0,0,98,98,30025787,0,0,0,0,0,0,0,0,0
201809,48,407,3,7,San Jacinto County            ,28,28,6110461,0,0,0,0,0,0,0,0,0,0,0,0,0,0,0,0,0,0,0,0,0
201809,48,411,3,7,San Saba County               ,1,1,190000,0,0,0,0,0,0,0,0,0,1,1,190000,0,0,0,0,0,0,0,0,0
201809,48,451,3,7,Tom Green County              ,13,13,4023000,0,0,0,0,0,0,0,0,0,13,13,4023000,0,0,0,0,0,0,0,0,0
201809,48,453,3,7,Travis County                 ,583,583,134464255,0,0,0,1,4,400000,4,637,50602537,550,550,124453728,0,0,0,1,4,400000,4,637,50602537
201809,48,473,3,7,Waller County                 ,13,13,2540374,0,0,0,0,0,0,1,5,110903,13,13,2540374,0,0,0,0,0,0,0,0,0
201809,48,491,3,7,Williamson County             ,323,323,86497894,0,0,0,0,0,0,3,22,2786200,302,302,81513967,0,0,0,0,0,0,3,22,2786200
201809,48,493,3,7,Wilson County                 ,4,4,790007,0,0,0,0,0,0,0,0,0,0,0,0,0,0,0,0,0,0,0,0,0
201809,48,497,3,7,Wise County                   ,5,5,934000,0,0,0,0,0,0,0,0,0,5,5,934000,0,0,0,0,0,0,0,0,0
201809,49,011,4,8,Davis County                  ,142,142,34575690,0,0,0,2,8,1216854,0,0,0,140,140,33842516,0,0,0,1,4,478000,0,0,0
201809,49,023,4,8,Juab County                   ,7,7,2052629,0,0,0,0,0,0,0,0,0,6,6,1778896,0,0,0,0,0,0,0,0,0
201809,49,029,4,8,Morgan County                 ,9,9,3594734,0,0,0,0,0,0,0,0,0,8,8,3289798,0,0,0,0,0,0,0,0,0
201809,49,035,4,8,Salt Lake County              ,329,329,82128180,4,8,1599761,1,3,530805,9,115,14958842,226,226,55029689,4,8,1599761,0,0,0,6,72,8820000
201809,49,039,4,8,Sanpete County                ,4,4,601439,0,0,0,0,0,0,0,0,0,4,4,601439,0,0,0,0,0,0,0,0,0
201809,49,043,4,8,Summit County                 ,22,22,14091130,0,0,0,0,0,0,2,15,5660944,12,12,8953561,0,0,0,0,0,0,1,10,4806660
201809,49,057,4,8,Weber County                  ,77,77,21173232,1,2,256694,2,8,1403812,1,6,1121569,64,64,18501422,0,0,0,2,8,1403812,1,6,1121569
201809,51,003,3,5,Albemarle County              ,34,34,8274749,0,0,0,0,0,0,0,0,0,34,34,8274749,0,0,0,0,0,0,0,0,0
201809,51,007,3,5,Amelia County                 ,5,5,764910,0,0,0,0,0,0,0,0,0,5,5,764910,0,0,0,0,0,0,0,0,0
201809,51,009,3,5,Amherst County                ,2,2,380990,0,0,0,0,0,0,0,0,0,2,2,380990,0,0,0,0,0,0,0,0,0
201809,51,013,3,5,Arlington County              ,21,21,9361000,0,0,0,0,0,0,3,904,39163000,21,21,9361000,0,0,0,0,0,0,3,904,39163000
201809,51,015,3,5,Augusta County                ,11,11,2584948,0,0,0,0,0,0,0,0,0,11,11,2584948,0,0,0,0,0,0,0,0,0
201809,51,019,3,5,Bedford County                ,0,0,0,0,0,0,0,0,0,0,0,0,0,0,0,0,0,0,0,0,0,0,0,0
201809,51,033,3,5,Caroline County               ,5,5,995335,0,0,0,0,0,0,0,0,0,5,5,995335,0,0,0,0,0,0,0,0,0
201809,51,036,3,5,Charles City County           ,2,2,324892,0,0,0,0,0,0,0,0,0,0,0,0,0,0,0,0,0,0,0,0,0
201809,51,037,3,5,Charlotte County              ,2,2,440000,0,0,0,0,0,0,0,0,0,2,2,440000,0,0,0,0,0,0,0,0,0
201809,51,041,3,5,Chesterfield County           ,92,92,17956468,0,0,0,3,10,1006161,11,491,35615685,92,92,17956468,0,0,0,3,10,1006161,11,491,35615685
201809,51,043,3,5,Clarke County                 ,3,3,713780,0,0,0,0,0,0,0,0,0,3,3,713780,0,0,0,0,0,0,0,0,0
201809,51,049,3,5,Cumberland County             ,2,2,168000,0,0,0,0,0,0,0,0,0,2,2,168000,0,0,0,0,0,0,0,0,0
201809,51,051,3,5,Dickenson County              ,0,0,0,0,0,0,0,0,0,0,0,0,0,0,0,0,0,0,0,0,0,0,0,0
201809,51,053,3,5,Dinwiddie County              ,6,6,863277,0,0,0,0,0,0,0,0,0,0,0,0,0,0,0,0,0,0,0,0,0
201809,51,059,3,5,Fairfax County                ,53,53,12529566,0,0,0,0,0,0,1,32,7000000,53,53,12529566,0,0,0,0,0,0,1,32,7000000
201809,51,061,3,5,Fauquier County               ,14,14,6839936,0,0,0,0,0,0,0,0,0,14,14,6839936,0,0,0,0,0,0,0,0,0
201809,51,069,3,5,Frederick County              ,35,35,8663402,0,0,0,3,11,1219000,0,0,0,35,35,8663402,0,0,0,3,11,1219000,0,0,0
201809,51,073,3,5,Gloucester County             ,14,14,10881618,0,0,0,0,0,0,0,0,0,14,14,10881618,0,0,0,0,0,0,0,0,0
201809,51,075,3,5,Goochland County              ,16,16,5882666,0,0,0,0,0,0,0,0,0,16,16,5882666,0,0,0,0,0,0,0,0,0
201809,51,085,3,5,Hanover County                ,40,40,8490513,0,0,0,0,0,0,0,0,0,40,40,8490513,0,0,0,0,0,0,0,0,0
201809,51,087,3,5,Henrico County                ,56,56,9815544,36,72,3572585,0,0,0,0,0,0,56,56,9815544,36,72,3572585,0,0,0,0,0,0
201809,51,093,3,5,Isle of Wight County          ,14,14,2720632,0,0,0,0,0,0,0,0,0,0,0,0,0,0,0,0,0,0,0,0,0
201809,51,095,3,5,James City County             ,28,28,6619393,0,0,0,0,0,0,0,0,0,28,28,6619393,0,0,0,0,0,0,0,0,0
201809,51,097,3,5,King and Queen County         ,3,3,614800,0,0,0,0,0,0,0,0,0,3,3,614800,0,0,0,0,0,0,0,0,0
201809,51,099,3,5,King George County            ,15,15,2927685,0,0,0,0,0,0,0,0,0,15,15,2927685,0,0,0,0,0,0,0,0,0
201809,51,107,3,5,Loudoun County                ,147,147,34751815,0,0,0,0,0,0,2,66,7219555,147,147,34751815,0,0,0,0,0,0,2,66,7219555
201809,51,109,3,5,Louisa County                 ,15,15,3007042,0,0,0,0,0,0,0,0,0,15,15,3007042,0,0,0,0,0,0,0,0,0
201809,51,115,3,5,Mathews County                ,2,2,703153,0,0,0,0,0,0,0,0,0,2,2,703153,0,0,0,0,0,0,0,0,0
201809,51,127,3,5,New Kent County               ,17,17,5478000,0,0,0,0,0,0,0,0,0,17,17,5478000,0,0,0,0,0,0,0,0,0
201809,51,139,3,5,Page County                   ,4,4,425000,0,0,0,0,0,0,0,0,0,4,4,425000,0,0,0,0,0,0,0,0,0
201809,51,145,3,5,Powhatan County               ,14,14,2732506,0,0,0,0,0,0,0,0,0,14,14,2732506,0,0,0,0,0,0,0,0,0
201809,51,149,3,5,Prince George County          ,5,5,942000,0,0,0,0,0,0,0,0,0,5,5,942000,0,0,0,0,0,0,0,0,0
201809,51,153,3,5,Prince William County         ,52,52,11333470,0,0,0,0,0,0,0,0,0,52,52,11333470,0,0,0,0,0,0,0,0,0
201809,51,165,3,5,Rockingham County             ,22,22,6457220,0,0,0,0,0,0,0,0,0,22,22,6457220,0,0,0,0,0,0,0,0,0
201809,51,175,3,5,Southampton County            ,4,4,634119,0,0,0,0,0,0,0,0,0,0,0,0,0,0,0,0,0,0,0,0,0
201809,51,177,3,5,Spotsylvania County           ,63,63,15394278,0,0,0,0,0,0,0,0,0,63,63,15394278,0,0,0,0,0,0,0,0,0
201809,51,179,3,5,Stafford County               ,75,75,17730518,0,0,0,0,0,0,0,0,0,75,75,17730518,0,0,0,0,0,0,0,0,0
201809,51,181,3,5,Surry County                  ,2,2,338606,0,0,0,0,0,0,0,0,0,0,0,0,0,0,0,0,0,0,0,0,0
201809,51,183,3,5,Sussex County                 ,3,3,629120,0,0,0,0,0,0,0,0,0,3,3,629120,0,0,0,0,0,0,0,0,0
201809,51,187,3,5,Warren County                 ,7,7,1478000,0,0,0,0,0,0,0,0,0,7,7,1478000,0,0,0,0,0,0,0,0,0
201809,51,199,3,5,York County                   ,11,11,2963740,0,0,0,0,0,0,7,288,17505889,11,11,2963740,0,0,0,0,0,0,7,288,17505889
201809,51,510,3,5,Alexandria (Independent City) ,0,0,0,0,0,0,0,0,0,0,0,0,0,0,0,0,0,0,0,0,0,0,0,0
201809,51,540,3,5,Charlottesville (Independent C,7,7,2087624,0,0,0,0,0,0,1,9,3245077,0,0,0,0,0,0,0,0,0,0,0,0
201809,51,550,3,5,Chesapeake(Independent City)  ,73,73,16315238,0,0,0,0,0,0,0,0,0,73,73,16315238,0,0,0,0,0,0,0,0,0
201809,51,570,3,5,Colonial Heights (Independent ,1,1,215000,0,0,0,0,0,0,0,0,0,1,1,215000,0,0,0,0,0,0,0,0,0
201809,51,580,3,5,Covington (Independent City)  ,0,0,0,0,0,0,0,0,0,0,0,0,0,0,0,0,0,0,0,0,0,0,0,0
201809,51,600,3,5,Fairfax (Independent City)    ,4,4,860000,0,0,0,0,0,0,0,0,0,4,4,860000,0,0,0,0,0,0,0,0,0
201809,51,610,3,5,Falls Church (Independent City,2,2,939932,0,0,0,0,0,0,0,0,0,0,0,0,0,0,0,0,0,0,0,0,0
201809,51,630,3,5,Fredericksburg(Independent Cit,8,8,1101000,0,0,0,0,0,0,0,0,0,8,8,1101000,0,0,0,0,0,0,0,0,0
201809,51,650,3,5,Hampton (Independent City)    ,13,13,812171,0,0,0,0,0,0,0,0,0,0,0,0,0,0,0,0,0,0,0,0,0
201809,51,660,3,5,Harrisonburg (Independent City,4,4,739192,0,0,0,0,0,0,0,0,0,0,0,0,0,0,0,0,0,0,0,0,0
201809,51,670,3,5,Hopewell (Independent City)   ,4,4,365919,0,0,0,0,0,0,0,0,0,0,0,0,0,0,0,0,0,0,0,0,0
201809,51,680,3,5,Lynchburg (Independent City)  ,1,1,90000,0,0,0,0,0,0,0,0,0,1,1,90000,0,0,0,0,0,0,0,0,0
201809,51,683,3,5,Manassas (Independent City)   ,3,3,675457,0,0,0,0,0,0,1,18,1114222,0,0,0,0,0,0,0,0,0,0,0,0
201809,51,685,3,5,Manassas Park (Independent Cit,0,0,0,0,0,0,0,0,0,0,0,0,0,0,0,0,0,0,0,0,0,0,0,0
201809,51,700,3,5,Newport News (Independent City,12,12,2102562,0,0,0,0,0,0,0,0,0,12,12,2102562,0,0,0,0,0,0,0,0,0
201809,51,710,3,5,Norfolk (Independent City)    ,20,20,4728138,0,0,0,0,0,0,1,5,780000,20,20,4728138,0,0,0,0,0,0,1,5,780000
201809,51,730,3,5,Petersburg (Independent City) ,0,0,0,0,0,0,0,0,0,0,0,0,0,0,0,0,0,0,0,0,0,0,0,0
201809,51,735,3,5,Poquoson (Independent City)   ,0,0,0,0,0,0,0,0,0,0,0,0,0,0,0,0,0,0,0,0,0,0,0,0
201809,51,740,3,5,Portsmouth (Independent City) ,9,9,1018000,0,0,0,0,0,0,0,0,0,9,9,1018000,0,0,0,0,0,0,0,0,0
201809,51,760,3,5,Richmond (Independent City)   ,13,13,2537327,0,0,0,0,0,0,0,0,0,13,13,2537327,0,0,0,0,0,0,0,0,0
201809,51,800,3,5,Suffolk (Independent City)    ,25,25,5910173,0,0,0,0,0,0,5,90,9844848,25,25,5910173,0,0,0,0,0,0,5,90,9844848
201809,51,810,3,5,Virginia Beach (Independent Ci,36,36,7599896,0,0,0,0,0,0,0,0,0,36,36,7599896,0,0,0,0,0,0,0,0,0
201809,51,830,3,5,Williamsburg (Independent City,4,4,461340,0,0,0,0,0,0,0,0,0,4,4,461340,0,0,0,0,0,0,0,0,0
201809,53,005,4,9,Benton County                 ,51,51,15157825,0,0,0,0,0,0,1,8,807895,13,13,4307436,0,0,0,0,0,0,0,0,0
201809,53,011,4,9,Clark County                  ,178,178,56224208,1,2,354670,0,0,0,3,45,3405125,66,66,18315586,0,0,0,0,0,0,2,30,1889212
201809,53,021,4,9,Franklin County               ,45,45,12376174,2,4,347280,0,0,0,1,5,599552,7,7,2684260,0,0,0,0,0,0,0,0,0
201809,53,031,4,9,Jefferson County              ,14,14,3755147,0,0,0,0,0,0,0,0,0,2,2,893051,0,0,0,0,0,0,0,0,0
201809,53,033,4,9,King County                   ,340,340,131744061,18,36,7255038,16,52,10838310,24,887,106314794,241,241,90189262,18,36,7255038,15,49,10384514,22,853,102592523
201809,53,035,4,9,Kitsap County                 ,70,70,21512510,3,6,1066866,0,0,0,2,48,2415350,70,70,21512510,3,6,1066866,0,0,0,2,48,2415350
201809,53,053,4,9,Pierce County                 ,140,140,44312027,12,24,4367035,0,0,0,13,264,27675962,138,138,43549238,12,24,4367035,0,0,0,13,264,27675962
201809,53,055,4,9,San Juan County               ,17,17,2494853,0,0,0,0,0,0,0,0,0,6,6,25500,0,0,0,0,0,0,0,0,0
201809,53,059,4,9,Skamania County               ,4,4,899861,0,0,0,0,0,0,0,0,0,0,0,0,0,0,0,0,0,0,0,0,0
201809,53,061,4,9,Snohomish County              ,144,144,49615767,3,6,1282325,11,38,7840545,4,26,4895023,125,125,43745875,3,6,1282325,11,38,7840545,4,26,4895023
201809,54,011,3,5,Cabell County                 ,6,6,1127862,1,2,343500,1,3,198750,0,0,0,2,2,472814,0,0,0,0,0,0,0,0,0
201809,54,015,3,5,Clay County                   ,0,0,0,0,0,0,0,0,0,0,0,0,0,0,0,0,0,0,0,0,0,0,0,0
201809,54,019,3,5,Fayette County                ,1,1,57000,0,0,0,0,0,0,0,0,0,1,1,57000,0,0,0,0,0,0,0,0,0
201809,54,037,3,5,Jefferson County              ,11,11,2693957,0,0,0,0,0,0,0,0,0,7,7,1718441,0,0,0,0,0,0,0,0,0
201809,54,081,3,5,Raleigh County                ,7,7,1463701,0,0,0,0,0,0,0,0,0,6,6,1335000,0,0,0,0,0,0,0,0,0
201809,55,025,2,3,Dane County                   ,88,88,31245206,4,8,1109915,2,8,1250000,9,77,12703078,72,72,26036352,2,4,520000,2,8,1250000,8,54,10600000
201809,55,031,2,3,Douglas County                ,14,14,2599500,0,0,0,0,0,0,0,0,0,14,14,2599500,0,0,0,0,0,0,0,0,0
201809,55,037,2,3,Florence County               ,4,4,1316000,0,0,0,0,0,0,0,0,0,4,4,1316000,0,0,0,0,0,0,0,0,0
201809,55,049,2,3,Iowa County                   ,7,7,1467000,0,0,0,0,0,0,0,0,0,7,7,1467000,0,0,0,0,0,0,0,0,0
201809,55,059,2,3,Kenosha County                ,19,19,6138732,0,0,0,0,0,0,0,0,0,17,17,5491675,0,0,0,0,0,0,0,0,0
201809,55,079,2,3,Milwaukee County              ,6,6,1245013,1,2,402000,0,0,0,0,0,0,5,5,1095013,1,2,402000,0,0,0,0,0,0
201809,55,089,2,3,Ozaukee County                ,21,21,6803252,0,0,0,0,0,0,1,7,986022,10,10,2427500,0,0,0,0,0,0,0,0,0
201809,55,093,2,3,Pierce County                 ,22,22,5147208,0,0,0,0,0,0,0,0,0,22,22,5147208,0,0,0,0,0,0,0,0,0
201809,55,109,2,3,St. Croix County              ,34,34,8537660,3,6,776801,1,3,330000,0,0,0,27,27,6962629,1,2,300000,0,0,0,0,0,0
201809,55,131,2,3,Washington County             ,36,36,10747801,0,0,0,0,0,0,0,0,0,26,26,7095679,0,0,0,0,0,0,0,0,0
201809,56,029,4,8,Park County                   ,14,14,3460211,1,2,344763,0,0,0,0,0,0,12,12,3166604,1,2,344763,0,0,0,0,0,0
201809,56,039,4,8,Teton County                  ,7,7,3747050,0,0,0,0,0,0,0,0,0,5,5,2711990,0,0,0,0,0,0,0,0,0
