Survey,FIPS,FIPS,Region,Division,County,,1-unit,,,2-units,,,3-4 units,,,5+ units,,,1-unit rep,,,2-units rep,,,3-4 units rep,,, 5+units rep
Date,State,County,Code,Code,Name,Bldgs,Units,Value,Bldgs,Units,Value,Bldgs,Units,Value,Bldgs,Units,Value,Bldgs,Units,Value,Bldgs,Units,Value,Bldgs,Units,Value,Bldgs,Units,Value
 
201811,01,001,3,6,Autauga County                ,14,14,3966960,0,0,0,0,0,0,0,0,0,14,14,3966960,0,0,0,0,0,0,0,0,0
201811,01,007,3,6,Bibb County                   ,4,4,165500,0,0,0,0,0,0,0,0,0,4,4,165500,0,0,0,0,0,0,0,0,0
201811,01,009,3,6,Blount County                 ,0,0,0,0,0,0,0,0,0,0,0,0,0,0,0,0,0,0,0,0,0,0,0,0
201811,01,021,3,6,Chilton County                ,4,4,494405,0,0,0,0,0,0,0,0,0,2,2,200000,0,0,0,0,0,0,0,0,0
201811,01,073,3,6,Jefferson County              ,111,111,35387072,0,0,0,0,0,0,0,0,0,76,76,28308006,0,0,0,0,0,0,0,0,0
201811,01,081,3,6,Lee County                    ,89,89,22756637,1,2,210669,0,0,0,1,37,9674206,45,45,10130944,0,0,0,0,0,0,0,0,0
201811,01,083,3,6,Limestone County              ,10,10,2039410,0,0,0,0,0,0,0,0,0,10,10,2039410,0,0,0,0,0,0,0,0,0
201811,01,089,3,6,Madison County                ,203,203,24708676,0,0,0,0,0,0,0,0,0,203,203,24708676,0,0,0,0,0,0,0,0,0
201811,01,113,3,6,Russell County                ,10,10,1547897,0,0,0,0,0,0,0,0,0,10,10,1547897,0,0,0,0,0,0,0,0,0
201811,01,115,3,6,St. Clair County              ,14,14,2130473,0,0,0,0,0,0,0,0,0,14,14,2130473,0,0,0,0,0,0,0,0,0
201811,01,117,3,6,Shelby County                 ,87,87,19829973,0,0,0,0,0,0,0,0,0,33,33,6929638,0,0,0,0,0,0,0,0,0
201811,01,127,3,6,Walker County                 ,0,0,0,0,0,0,0,0,0,0,0,0,0,0,0,0,0,0,0,0,0,0,0,0
201811,02,013,4,9,Aleutians East Borough        ,0,0,0,1,2,0,0,0,0,0,0,0,0,0,0,1,2,0,0,0,0,0,0,0
201811,02,016,4,9,Aleutians West Census Area    ,0,0,0,0,0,0,0,0,0,0,0,0,0,0,0,0,0,0,0,0,0,0,0,0
201811,02,020,4,9,Anchorage Municipality        ,60,60,18794979,0,0,0,1,4,694913,2,13,2055242,0,0,0,0,0,0,0,0,0,0,0,0
201811,02,050,4,9,Bethel Census Area            ,0,0,0,0,0,0,0,0,0,0,0,0,0,0,0,0,0,0,0,0,0,0,0,0
201811,02,060,4,9,Bristol Bay Borough           ,0,0,0,0,0,0,0,0,0,0,0,0,0,0,0,0,0,0,0,0,0,0,0,0
201811,02,070,4,9,Dillingham Census Area        ,0,0,0,0,0,0,0,0,0,0,0,0,0,0,0,0,0,0,0,0,0,0,0,0
201811,02,090,4,9,Fairbanks North Star Borough  ,0,0,0,0,0,0,0,0,0,0,0,0,0,0,0,0,0,0,0,0,0,0,0,0
201811,02,100,4,9,Haines Borough                ,1,1,278425,0,0,0,0,0,0,0,0,0,0,0,0,0,0,0,0,0,0,0,0,0
201811,02,105,4,9,Hoonah-Angoon Census Area     ,0,0,0,0,0,0,0,0,0,0,0,0,0,0,0,0,0,0,0,0,0,0,0,0
201811,02,110,4,9,Juneau City and Borough       ,6,6,1630979,0,0,0,0,0,0,0,0,0,6,6,1630979,0,0,0,0,0,0,0,0,0
201811,02,122,4,9,Kenai Peninsula Borough       ,6,6,1351025,0,0,0,0,0,0,0,0,0,1,1,330000,0,0,0,0,0,0,0,0,0
201811,02,130,4,9,Ketchikan Gateway Borough     ,1,1,285178,0,0,0,0,0,0,0,0,0,1,1,285178,0,0,0,0,0,0,0,0,0
201811,02,150,4,9,Kodiak Island Borough         ,0,0,0,0,0,0,0,0,0,0,0,0,0,0,0,0,0,0,0,0,0,0,0,0
201811,02,158,4,9,Kusilvak Census Area          ,0,0,0,0,0,0,0,0,0,0,0,0,0,0,0,0,0,0,0,0,0,0,0,0
201811,02,170,4,9,Matanuska-Susitna Borough     ,3,3,855535,3,6,1034290,0,0,0,0,0,0,3,3,855535,3,6,1034290,0,0,0,0,0,0
201811,02,180,4,9,Nome Census Area              ,0,0,0,0,0,0,0,0,0,0,0,0,0,0,0,0,0,0,0,0,0,0,0,0
201811,02,185,4,9,North Slope Borough           ,0,0,0,0,0,0,0,0,0,0,0,0,0,0,0,0,0,0,0,0,0,0,0,0
201811,02,188,4,9,Northwest Arctic Borough      ,1,1,460000,0,0,0,0,0,0,0,0,0,0,0,0,0,0,0,0,0,0,0,0,0
201811,02,195,4,9,Petersburg Borough            ,0,0,0,0,0,0,0,0,0,0,0,0,0,0,0,0,0,0,0,0,0,0,0,0
201811,02,198,4,9,Prince of Wales-Hyder Census A,0,0,0,1,2,354708,0,0,0,0,0,0,0,0,0,0,0,0,0,0,0,0,0,0
201811,02,220,4,9,Sitka City and Borough        ,1,1,213914,0,0,0,0,0,0,0,0,0,0,0,0,0,0,0,0,0,0,0,0,0
201811,02,230,4,9,Skagway Municipality          ,0,0,0,0,0,0,0,0,0,0,0,0,0,0,0,0,0,0,0,0,0,0,0,0
201811,02,261,4,9,Valdez-Cordova Census Area    ,0,0,0,0,0,0,0,0,0,0,0,0,0,0,0,0,0,0,0,0,0,0,0,0
201811,02,275,4,9,Wrangell City and Borough     ,0,0,0,0,0,0,0,0,0,0,0,0,0,0,0,0,0,0,0,0,0,0,0,0
201811,02,282,4,9,Yakutat City and Borough      ,0,0,0,0,0,0,0,0,0,0,0,0,0,0,0,0,0,0,0,0,0,0,0,0
201811,02,290,4,9,Yukon-Koyukuk Census Area     ,0,0,0,0,0,0,0,0,0,0,0,0,0,0,0,0,0,0,0,0,0,0,0,0
201811,04,013,4,8,Maricopa County               ,1176,1176,350133108,10,20,1474761,2,6,1191958,7,268,38281012,994,994,296480947,10,20,1474761,1,3,705902,2,208,29743816
201811,04,019,4,8,Pima County                   ,224,224,59910440,3,6,716460,0,0,0,9,101,14320853,91,91,23214456,0,0,0,0,0,0,0,0,0
201811,04,021,4,8,Pinal County                  ,312,312,57324857,2,4,330960,0,0,0,0,0,0,231,231,38290658,2,4,330960,0,0,0,0,0,0
201811,05,013,3,7,Calhoun County                ,0,0,0,0,0,0,0,0,0,0,0,0,0,0,0,0,0,0,0,0,0,0,0,0
201811,05,035,3,7,Crittenden County             ,0,0,0,0,0,0,0,0,0,0,0,0,0,0,0,0,0,0,0,0,0,0,0,0
201811,05,043,3,7,Drew County                   ,0,0,0,0,0,0,0,0,0,0,0,0,0,0,0,0,0,0,0,0,0,0,0,0
201811,05,045,3,7,Faulkner County               ,27,27,5301054,0,0,0,0,0,0,1,10,264175,12,12,1793000,0,0,0,0,0,0,0,0,0
201811,05,053,3,7,Grant County                  ,1,1,150556,0,0,0,0,0,0,0,0,0,0,0,0,0,0,0,0,0,0,0,0,0
201811,05,085,3,7,Lonoke County                 ,21,21,2044700,0,0,0,0,0,0,0,0,0,2,2,343925,0,0,0,0,0,0,0,0,0
201811,05,087,3,7,Madison County                ,1,1,90000,0,0,0,0,0,0,0,0,0,1,1,90000,0,0,0,0,0,0,0,0,0
201811,05,091,3,7,Miller County                 ,2,2,456853,0,0,0,0,0,0,0,0,0,0,0,0,0,0,0,0,0,0,0,0,0
201811,05,105,3,7,Perry County                  ,0,0,0,0,0,0,0,0,0,0,0,0,0,0,0,0,0,0,0,0,0,0,0,0
201811,05,119,3,7,Pulaski County                ,60,60,13670110,0,0,0,0,0,0,0,0,0,60,60,13670110,0,0,0,0,0,0,0,0,0
201811,05,129,3,7,Searcy County                 ,0,0,0,0,0,0,0,0,0,0,0,0,0,0,0,0,0,0,0,0,0,0,0,0
201811,05,143,3,7,Washington County             ,74,74,18511492,1,2,153388,0,0,0,0,0,0,55,55,15889578,0,0,0,0,0,0,0,0,0
201811,06,001,4,9,Alameda County                ,99,99,34284205,2,4,1136240,5,20,5414912,10,117,23037054,74,74,25545270,1,2,544705,5,20,5414912,5,74,15014007
201811,06,013,4,9,Contra Costa County           ,102,102,40259006,1,2,475562,1,4,188352,1,8,1768039,99,99,39642887,1,2,475562,0,0,0,0,0,0
201811,06,017,4,9,El Dorado County              ,48,48,19115829,0,0,0,0,0,0,0,0,0,47,47,18892493,0,0,0,0,0,0,0,0,0
201811,06,019,4,9,Fresno County                 ,116,116,30759376,4,8,1698546,1,3,124322,7,53,5246552,60,60,15062991,0,0,0,0,0,0,0,0,0
201811,06,037,4,9,Los Angeles County            ,503,503,181725455,52,104,19703012,11,40,5131496,29,675,115340834,439,439,147989142,49,98,18192696,8,31,3808323,22,621,102979934
201811,06,041,4,9,Marin County                  ,7,7,6299876,0,0,0,0,0,0,0,0,0,4,4,3156000,0,0,0,0,0,0,0,0,0
201811,06,059,4,9,Orange County                 ,243,243,75058906,9,18,4029133,1,3,712630,14,542,89807444,209,209,62220534,7,14,2695776,1,3,712630,12,503,83290155
201811,06,061,4,9,Placer County                 ,119,119,39998539,0,0,0,0,0,0,0,0,0,118,118,39425077,0,0,0,0,0,0,0,0,0
201811,06,063,4,9,Plumas County                 ,4,4,891053,0,0,0,0,0,0,0,0,0,4,4,891053,0,0,0,0,0,0,0,0,0
201811,06,067,4,9,Sacramento County             ,254,254,69944869,2,4,709747,0,0,0,0,0,0,252,252,69466825,2,4,709747,0,0,0,0,0,0
201811,06,069,4,9,San Benito County             ,43,43,10634968,0,0,0,0,0,0,0,0,0,0,0,0,0,0,0,0,0,0,0,0,0
201811,06,071,4,9,San Bernardino County         ,167,167,43390075,2,4,604293,1,3,385767,5,38,4325223,132,132,33942019,2,4,604293,1,3,385767,3,26,3154232
201811,06,073,4,9,San Diego County              ,206,206,79375982,3,6,568134,5,19,2076244,7,61,9628384,190,190,75020033,3,6,568134,4,16,1957386,6,50,8640300
201811,06,075,4,9,San Francisco County          ,1,1,269793,3,6,2149222,2,7,2656790,6,322,49470500,1,1,269793,3,6,2149222,2,7,2656790,6,322,49470500
201811,06,081,4,9,San Mateo County              ,18,18,10608497,0,0,0,0,0,0,3,59,8294733,4,4,4602530,0,0,0,0,0,0,0,0,0
201811,06,085,4,9,Santa Clara County            ,82,82,29531407,1,2,434760,1,3,927502,32,573,93171713,51,51,21495828,0,0,0,0,0,0,21,194,28063182
201811,06,091,4,9,Sierra County                 ,0,0,0,0,0,0,0,0,0,0,0,0,0,0,0,0,0,0,0,0,0,0,0,0
201811,06,113,4,9,Yolo County                   ,46,46,15147300,0,0,0,0,0,0,5,72,17862426,46,46,15147300,0,0,0,0,0,0,5,72,17862426
201811,08,001,4,8,Adams County                  ,182,182,42010909,0,0,0,3,11,1834134,0,0,0,182,182,42010909,0,0,0,3,11,1834134,0,0,0
201811,08,005,4,8,Arapahoe County               ,118,118,30253689,0,0,0,0,0,0,8,393,78987575,117,117,30167983,0,0,0,0,0,0,8,393,78987575
201811,08,014,4,8,Broomfield County             ,35,35,11228121,0,0,0,0,0,0,0,0,0,35,35,11228121,0,0,0,0,0,0,0,0,0
201811,08,015,4,8,Chaffee County                ,9,9,2384499,0,0,0,0,0,0,0,0,0,0,0,0,0,0,0,0,0,0,0,0,0
201811,08,019,4,8,Clear Creek County            ,1,1,307289,0,0,0,0,0,0,0,0,0,1,1,307289,0,0,0,0,0,0,0,0,0
201811,08,031,4,8,Denver County                 ,191,191,51530403,0,0,0,0,0,0,6,889,118013639,191,191,51530403,0,0,0,0,0,0,6,889,118013639
201811,08,035,4,8,Douglas County                ,215,215,65362565,0,0,0,0,0,0,0,0,0,210,210,63658198,0,0,0,0,0,0,0,0,0
201811,08,039,4,8,Elbert County                 ,11,11,3471458,0,0,0,0,0,0,0,0,0,11,11,3471458,0,0,0,0,0,0,0,0,0
201811,08,041,4,8,El Paso County                ,450,450,174126204,0,0,0,0,0,0,0,0,0,450,450,174126204,0,0,0,0,0,0,0,0,0
201811,08,047,4,8,Gilpin County                 ,4,4,1079171,0,0,0,0,0,0,0,0,0,4,4,1079171,0,0,0,0,0,0,0,0,0
201811,08,059,4,8,Jefferson County              ,92,92,26178536,4,8,981962,0,0,0,1,8,1560000,88,88,25133416,4,8,981962,0,0,0,1,8,1560000
201811,08,069,4,8,Larimer County                ,114,114,28881549,0,0,0,2,8,1021125,2,26,4230858,114,114,28881549,0,0,0,2,8,1021125,2,26,4230858
201811,08,077,4,8,Mesa County                   ,45,45,12833018,0,0,0,0,0,0,0,0,0,45,45,12833018,0,0,0,0,0,0,0,0,0
201811,08,093,4,8,Park County                   ,5,5,940624,0,0,0,0,0,0,0,0,0,5,5,940624,0,0,0,0,0,0,0,0,0
201811,08,101,4,8,Pueblo County                 ,28,28,4143225,0,0,0,0,0,0,0,0,0,28,28,4143225,0,0,0,0,0,0,0,0,0
201811,08,119,4,8,Teller County                 ,15,15,4680193,0,0,0,0,0,0,0,0,0,15,15,4680193,0,0,0,0,0,0,0,0,0
201811,09,001,1,1,Fairfield County              ,66,66,37666530,2,4,1040000,0,0,0,1,7,4277778,47,47,16806772,2,4,1040000,0,0,0,0,0,0
201811,09,003,1,1,Hartford County               ,41,41,6650510,1,2,160000,0,0,0,4,31,3345491,36,36,5585513,1,2,160000,0,0,0,0,0,0
201811,09,007,1,1,Middlesex County              ,6,6,1060235,0,0,0,0,0,0,0,0,0,2,2,282000,0,0,0,0,0,0,0,0,0
201811,09,013,1,1,Tolland County                ,13,13,2863237,0,0,0,0,0,0,2,12,1145971,6,6,1259845,0,0,0,0,0,0,0,0,0
201811,10,001,3,5,Kent County                   ,89,89,13923267,0,0,0,0,0,0,1,7,560157,87,87,13490440,0,0,0,0,0,0,1,7,560157
201811,10,003,3,5,New Castle County             ,110,110,9732335,1,2,135630,0,0,0,3,39,1947460,24,24,2461316,1,2,135630,0,0,0,0,0,0
201811,10,005,3,5,Sussex County                 ,286,286,42288410,1,2,224279,2,7,1110596,1,6,469000,286,286,42288410,1,2,224279,2,7,1110596,1,6,469000
201811,11,001,3,5,Washington  DC                ,3,3,709221,1,2,242983,0,0,0,3,657,71867392,3,3,709221,1,2,242983,0,0,0,3,657,71867392
201811,12,003,3,5,Baker County                  ,6,6,936444,1,2,130000,0,0,0,0,0,0,6,6,936444,1,2,130000,0,0,0,0,0,0
201811,12,019,3,5,Clay County                   ,59,59,12754313,0,0,0,0,0,0,0,0,0,49,49,10331478,0,0,0,0,0,0,0,0,0
201811,12,029,3,5,Dixie County                  ,2,2,252647,0,0,0,0,0,0,0,0,0,0,0,0,0,0,0,0,0,0,0,0,0
201811,12,031,3,5,Duval County                  ,302,302,74804532,2,4,485966,4,12,1560127,20,1231,134655647,294,294,71423001,2,4,485966,4,12,1560127,20,1231,134655647
201811,12,033,3,5,Escambia County               ,85,85,19690730,2,4,1000000,0,0,0,0,0,0,85,85,19690730,2,4,1000000,0,0,0,0,0,0
201811,12,053,3,5,Hernando County               ,50,50,9280491,0,0,0,0,0,0,1,72,6796105,50,50,9280491,0,0,0,0,0,0,1,72,6796105
201811,12,057,3,5,Hillsborough County           ,609,609,200475910,0,0,0,0,0,0,2,391,55075000,609,609,200475910,0,0,0,0,0,0,2,391,55075000
201811,12,067,3,5,Lafayette County              ,0,0,0,0,0,0,0,0,0,0,0,0,0,0,0,0,0,0,0,0,0,0,0,0
201811,12,071,3,5,Lee County                    ,442,442,108107111,11,22,3691920,1,4,1290086,6,264,29738172,442,442,108107111,11,22,3691920,1,4,1290086,6,264,29738172
201811,12,073,3,5,Leon County                   ,46,46,9190489,1,2,221600,0,0,0,4,118,15589100,0,0,0,0,0,0,0,0,0,0,0,0
201811,12,081,3,5,Manatee County                ,222,222,49641410,0,0,0,2,7,955486,3,57,4508456,15,15,4594435,0,0,0,0,0,0,0,0,0
201811,12,086,3,5,Miami-Dade County             ,177,177,49426847,5,10,1392540,1,4,485625,38,1014,126703056,152,152,41157456,5,10,1392540,1,4,485625,35,944,101121477
201811,12,089,3,5,Nassau County                 ,84,84,23973697,0,0,0,0,0,0,1,5,1152502,2,2,129208,0,0,0,0,0,0,0,0,0
201811,12,091,3,5,Okaloosa County               ,84,84,26585522,0,0,0,0,0,0,0,0,0,84,84,26585522,0,0,0,0,0,0,0,0,0
201811,12,095,3,5,Orange County                 ,467,467,122578764,8,16,2063192,0,0,0,12,436,46534634,433,433,111135772,8,16,2063192,0,0,0,10,426,45589931
201811,12,097,3,5,Osceola County                ,560,560,103604209,0,0,0,0,0,0,12,286,28096791,560,560,103604209,0,0,0,0,0,0,12,286,28096791
201811,12,101,3,5,Pasco County                  ,342,342,68222389,0,0,0,0,0,0,1,6,203928,341,341,67986432,0,0,0,0,0,0,1,6,203928
201811,12,103,3,5,Pinellas County               ,93,93,26228311,2,4,385288,0,0,0,1,5,2280000,85,85,23150195,2,4,385288,0,0,0,0,0,0
201811,12,109,3,5,St. Johns County              ,275,275,66671668,1,2,731654,1,4,808443,1,8,1347040,275,275,66671668,1,2,731654,1,4,808443,1,8,1347040
201811,12,113,3,5,Santa Rosa County             ,78,78,14539672,0,0,0,0,0,0,0,0,0,78,78,14539672,0,0,0,0,0,0,0,0,0
201811,12,115,3,5,Sarasota County               ,278,278,79291913,0,0,0,2,8,1517602,1,222,22357310,178,178,53065464,0,0,0,0,0,0,1,222,22357310
201811,12,117,3,5,Seminole County               ,77,77,25949830,10,20,2605500,1,4,637350,2,41,3215620,68,68,23455769,10,20,2605500,1,4,637350,0,0,0
201811,12,119,3,5,Sumter County                 ,205,205,58859072,0,0,0,0,0,0,0,0,0,205,205,58859072,0,0,0,0,0,0,0,0,0
201811,12,129,3,5,Wakulla County                ,18,18,2925176,0,0,0,0,0,0,0,0,0,18,18,2925176,0,0,0,0,0,0,0,0,0
201811,12,131,3,5,Walton County                 ,105,105,49264880,0,0,0,0,0,0,0,0,0,105,105,49264880,0,0,0,0,0,0,0,0,0
201811,12,133,3,5,Washington County             ,3,3,416214,0,0,0,0,0,0,0,0,0,0,0,0,0,0,0,0,0,0,0,0,0
201811,13,007,3,5,Baker County                  ,0,0,0,0,0,0,0,0,0,0,0,0,0,0,0,0,0,0,0,0,0,0,0,0
201811,13,013,3,5,Barrow County                 ,47,47,5707096,0,0,0,0,0,0,1,14,1001133,27,27,3378260,0,0,0,0,0,0,0,0,0
201811,13,015,3,5,Bartow County                 ,40,40,4345697,0,0,0,0,0,0,0,0,0,7,7,1966535,0,0,0,0,0,0,0,0,0
201811,13,021,3,5,Bibb County                   ,8,8,1273025,0,0,0,0,0,0,0,0,0,0,0,0,0,0,0,0,0,0,0,0,0
201811,13,029,3,5,Bryan County                  ,17,17,4305876,0,0,0,0,0,0,0,0,0,17,17,4305876,0,0,0,0,0,0,0,0,0
201811,13,033,3,5,Burke County                  ,3,3,532232,0,0,0,0,0,0,0,0,0,0,0,0,0,0,0,0,0,0,0,0,0
201811,13,035,3,5,Butts County                  ,3,3,591000,0,0,0,0,0,0,0,0,0,3,3,591000,0,0,0,0,0,0,0,0,0
201811,13,045,3,5,Carroll County                ,97,97,16263720,0,0,0,0,0,0,0,0,0,97,97,16263720,0,0,0,0,0,0,0,0,0
201811,13,051,3,5,Chatham County                ,81,81,17727402,0,0,0,0,0,0,15,316,77141070,38,38,7847338,0,0,0,0,0,0,15,316,77141070
201811,13,057,3,5,Cherokee County               ,136,136,36164822,0,0,0,0,0,0,0,0,0,136,136,36164822,0,0,0,0,0,0,0,0,0
201811,13,059,3,5,Clarke County                 ,15,15,2909338,0,0,0,0,0,0,0,0,0,15,15,2909338,0,0,0,0,0,0,0,0,0
201811,13,063,3,5,Clayton County                ,18,18,4255324,0,0,0,0,0,0,0,0,0,18,18,4255324,0,0,0,0,0,0,0,0,0
201811,13,067,3,5,Cobb County                   ,128,128,31391751,4,8,800000,0,0,0,0,0,0,116,116,29138225,4,8,800000,0,0,0,0,0,0
201811,13,073,3,5,Columbia County               ,96,96,17207316,0,0,0,2,8,440000,3,24,1192000,12,12,1830286,0,0,0,2,8,440000,3,24,1192000
201811,13,077,3,5,Coweta County                 ,47,47,14742612,0,0,0,0,0,0,0,0,0,20,20,7471552,0,0,0,0,0,0,0,0,0
201811,13,085,3,5,Dawson County                 ,29,29,3437969,0,0,0,0,0,0,0,0,0,29,29,3437969,0,0,0,0,0,0,0,0,0
201811,13,095,3,5,Dougherty County              ,0,0,0,0,0,0,0,0,0,0,0,0,0,0,0,0,0,0,0,0,0,0,0,0
201811,13,097,3,5,Douglas County                ,30,30,8414927,0,0,0,0,0,0,0,0,0,30,30,8414927,0,0,0,0,0,0,0,0,0
201811,13,111,3,5,Fannin County                 ,16,16,3122864,0,0,0,0,0,0,0,0,0,16,16,3122864,0,0,0,0,0,0,0,0,0
201811,13,113,3,5,Fayette County                ,38,38,10142643,0,0,0,0,0,0,0,0,0,7,7,2146750,0,0,0,0,0,0,0,0,0
201811,13,115,3,5,Floyd County                  ,20,20,2878875,0,0,0,0,0,0,0,0,0,20,20,2878875,0,0,0,0,0,0,0,0,0
201811,13,117,3,5,Forsyth County                ,106,106,15046571,0,0,0,0,0,0,2,58,3605960,106,106,15046571,0,0,0,0,0,0,2,58,3605960
201811,13,121,3,5,Fulton County                 ,304,304,83381763,0,0,0,0,0,0,16,1284,183029578,299,299,82856094,0,0,0,0,0,0,16,1284,183029578
201811,13,127,3,5,Glynn County                  ,41,41,11980235,0,0,0,0,0,0,0,0,0,0,0,0,0,0,0,0,0,0,0,0,0
201811,13,135,3,5,Gwinnett County               ,203,203,49051725,0,0,0,0,0,0,0,0,0,200,200,47967186,0,0,0,0,0,0,0,0,0
201811,13,143,3,5,Haralson County               ,4,4,915362,0,0,0,0,0,0,0,0,0,0,0,0,0,0,0,0,0,0,0,0,0
201811,13,145,3,5,Harris County                 ,14,14,3084315,0,0,0,0,0,0,0,0,0,14,14,3084315,0,0,0,0,0,0,0,0,0
201811,13,149,3,5,Heard County                  ,3,3,709221,0,0,0,0,0,0,0,0,0,3,3,709221,0,0,0,0,0,0,0,0,0
201811,13,151,3,5,Henry County                  ,176,176,35952667,0,0,0,0,0,0,0,0,0,144,144,31734445,0,0,0,0,0,0,0,0,0
201811,13,159,3,5,Jasper County                 ,5,5,669870,0,0,0,0,0,0,0,0,0,0,0,0,0,0,0,0,0,0,0,0,0
201811,13,171,3,5,Lamar County                  ,3,3,397050,0,0,0,0,0,0,0,0,0,0,0,0,0,0,0,0,0,0,0,0,0
201811,13,177,3,5,Lee County                    ,3,3,365380,0,0,0,0,0,0,0,0,0,3,3,365380,0,0,0,0,0,0,0,0,0
201811,13,179,3,5,Liberty County                ,25,25,5170055,0,0,0,0,0,0,0,0,0,25,25,5170055,0,0,0,0,0,0,0,0,0
201811,13,189,3,5,McDuffie County               ,2,2,368267,0,0,0,0,0,0,0,0,0,0,0,0,0,0,0,0,0,0,0,0,0
201811,13,199,3,5,Meriwether County             ,5,5,1182035,0,0,0,0,0,0,0,0,0,5,5,1182035,0,0,0,0,0,0,0,0,0
201811,13,201,3,5,Miller County                 ,0,0,0,0,0,0,0,0,0,0,0,0,0,0,0,0,0,0,0,0,0,0,0,0
201811,13,207,3,5,Monroe County                 ,7,7,1099000,0,0,0,0,0,0,0,0,0,7,7,1099000,0,0,0,0,0,0,0,0,0
201811,13,215,3,5,Muscogee County               ,24,24,4686754,0,0,0,0,0,0,1,14,2452907,0,0,0,0,0,0,0,0,0,0,0,0
201811,13,217,3,5,Newton County                 ,46,46,6011000,0,0,0,0,0,0,0,0,0,46,46,6011000,0,0,0,0,0,0,0,0,0
201811,13,227,3,5,Pickens County                ,7,7,1730000,0,0,0,0,0,0,0,0,0,7,7,1730000,0,0,0,0,0,0,0,0,0
201811,13,231,3,5,Pike County                   ,7,7,1373235,0,0,0,0,0,0,0,0,0,0,0,0,0,0,0,0,0,0,0,0,0
201811,13,235,3,5,Pulaski County                ,1,1,65000,0,0,0,0,0,0,0,0,0,1,1,65000,0,0,0,0,0,0,0,0,0
201811,13,245,3,5,Richmond County               ,29,29,4765925,1,2,180000,0,0,0,1,26,1493422,0,0,0,0,0,0,0,0,0,0,0,0
201811,13,247,3,5,Rockdale County               ,22,22,5271874,0,0,0,0,0,0,0,0,0,22,22,5271874,0,0,0,0,0,0,0,0,0
201811,13,255,3,5,Spalding County               ,24,24,2776289,0,0,0,0,0,0,0,0,0,24,24,2776289,0,0,0,0,0,0,0,0,0
201811,13,275,3,5,Thomas County                 ,3,3,604888,0,0,0,0,0,0,0,0,0,1,1,233823,0,0,0,0,0,0,0,0,0
201811,13,291,3,5,Union County                  ,20,20,5737542,0,0,0,0,0,0,0,0,0,20,20,5737542,0,0,0,0,0,0,0,0,0
201811,15,001,4,9,Hawaii County                 ,86,86,23106402,0,0,0,0,0,0,0,0,0,86,86,23106402,0,0,0,0,0,0,0,0,0
201811,15,003,4,9,Honolulu County               ,77,77,26229740,0,0,0,0,0,0,2,74,12129867,0,0,0,0,0,0,0,0,0,0,0,0
201811,15,007,4,9,Kauai County                  ,7,7,4402701,0,0,0,0,0,0,0,0,0,7,7,4402701,0,0,0,0,0,0,0,0,0
201811,15,009,4,9,Maui County                   ,26,26,7825277,0,0,0,0,0,0,0,0,0,26,26,7825277,0,0,0,0,0,0,0,0,0
201811,16,001,4,8,Ada County                    ,359,359,103122917,4,8,1367787,2,8,921160,15,91,9389944,359,359,103122917,4,8,1367787,2,8,921160,15,91,9389944
201811,16,015,4,8,Boise County                  ,6,6,2169026,0,0,0,0,0,0,0,0,0,6,6,2169026,0,0,0,0,0,0,0,0,0
201811,16,027,4,8,Canyon County                 ,183,183,26955259,0,0,0,1,4,279228,2,16,960000,168,168,23608817,0,0,0,1,4,279228,2,16,960000
201811,16,045,4,8,Gem County                    ,9,9,1117773,0,0,0,0,0,0,0,0,0,7,7,880756,0,0,0,0,0,0,0,0,0
201811,16,073,4,8,Owyhee County                 ,4,4,593505,1,2,363316,0,0,0,0,0,0,2,2,217259,0,0,0,0,0,0,0,0,0
201811,17,005,2,3,Bond County                   ,1,1,176208,0,0,0,0,0,0,0,0,0,0,0,0,0,0,0,0,0,0,0,0,0
201811,17,013,2,3,Calhoun County                ,0,0,0,0,0,0,0,0,0,0,0,0,0,0,0,0,0,0,0,0,0,0,0,0
201811,17,031,2,3,Cook County                   ,87,87,31540731,10,20,5006299,12,41,8381692,21,1063,102190172,66,66,25618068,10,20,5006299,12,41,8381692,20,1041,97734890
201811,17,037,2,3,DeKalb County                 ,7,7,1536000,0,0,0,0,0,0,0,0,0,7,7,1536000,0,0,0,0,0,0,0,0,0
201811,17,039,2,3,De Witt County                ,0,0,0,0,0,0,0,0,0,0,0,0,0,0,0,0,0,0,0,0,0,0,0,0
201811,17,043,2,3,DuPage County                 ,78,78,29782833,0,0,0,1,4,753300,0,0,0,72,72,27640634,0,0,0,1,4,753300,0,0,0
201811,17,063,2,3,Grundy County                 ,7,7,1450372,0,0,0,0,0,0,2,10,512820,6,6,1289823,0,0,0,0,0,0,0,0,0
201811,17,083,2,3,Jersey County                 ,1,1,155609,0,0,0,0,0,0,0,0,0,0,0,0,0,0,0,0,0,0,0,0,0
201811,17,093,2,3,Kendall County                ,35,35,5100817,0,0,0,0,0,0,0,0,0,31,31,4192934,0,0,0,0,0,0,0,0,0
201811,17,097,2,3,Lake County                   ,55,55,16526874,1,2,83333,0,0,0,3,32,5590284,33,33,9046523,0,0,0,0,0,0,0,0,0
201811,17,111,2,3,McHenry County                ,26,26,4702406,0,0,0,0,0,0,0,0,0,22,22,3893891,0,0,0,0,0,0,0,0,0
201811,17,119,2,3,Madison County                ,22,22,5532079,1,2,126300,2,8,252000,0,0,0,20,20,5097351,1,2,126300,2,8,252000,0,0,0
201811,17,133,2,3,Monroe County                 ,3,3,708649,0,0,0,0,0,0,1,5,432000,1,1,258513,0,0,0,0,0,0,0,0,0
201811,17,197,2,3,Will County                   ,95,95,23523273,0,0,0,0,0,0,0,0,0,76,76,18700561,0,0,0,0,0,0,0,0,0
201811,18,003,2,3,Allen County                  ,90,90,23266188,6,12,600000,0,0,0,0,0,0,90,90,23266188,6,12,600000,0,0,0,0,0,0
201811,18,011,2,3,Boone County                  ,38,38,14530208,0,0,0,0,0,0,0,0,0,36,36,14211600,0,0,0,0,0,0,0,0,0
201811,18,013,2,3,Brown County                  ,4,4,1034053,0,0,0,0,0,0,0,0,0,4,4,1034053,0,0,0,0,0,0,0,0,0
201811,18,019,2,3,Clark County                  ,31,31,6732488,0,0,0,0,0,0,1,29,5800000,25,25,5533645,0,0,0,0,0,0,1,29,5800000
201811,18,047,2,3,Franklin County               ,4,4,740000,0,0,0,0,0,0,0,0,0,4,4,740000,0,0,0,0,0,0,0,0,0
201811,18,057,2,3,Hamilton County               ,204,204,68140256,0,0,0,0,0,0,0,0,0,204,204,68140256,0,0,0,0,0,0,0,0,0
201811,18,059,2,3,Hancock County                ,55,55,14904965,0,0,0,0,0,0,0,0,0,55,55,14904965,0,0,0,0,0,0,0,0,0
201811,18,061,2,3,Harrison County               ,7,7,1886000,0,0,0,0,0,0,0,0,0,7,7,1886000,0,0,0,0,0,0,0,0,0
201811,18,063,2,3,Hendricks County              ,53,53,14164902,1,2,200000,0,0,0,0,0,0,50,50,13494833,0,0,0,0,0,0,0,0,0
201811,18,069,2,3,Huntington County             ,31,31,3673996,0,0,0,0,0,0,0,0,0,31,31,3673996,0,0,0,0,0,0,0,0,0
201811,18,073,2,3,Jasper County                 ,8,8,1671026,0,0,0,0,0,0,0,0,0,8,8,1671026,0,0,0,0,0,0,0,0,0
201811,18,081,2,3,Johnson County                ,86,86,23036580,0,0,0,0,0,0,0,0,0,84,84,22805442,0,0,0,0,0,0,0,0,0
201811,18,087,2,3,Lagrange County               ,10,10,2630140,0,0,0,0,0,0,0,0,0,10,10,2630140,0,0,0,0,0,0,0,0,0
201811,18,089,2,3,Lake County                   ,105,105,23656562,2,4,229800,0,0,0,0,0,0,101,101,22598933,2,4,229800,0,0,0,0,0,0
201811,18,097,2,3,Marion County                 ,69,69,17837411,2,4,543000,0,0,0,2,49,10000000,69,69,17837411,2,4,543000,0,0,0,2,49,10000000
201811,18,105,2,3,Monroe County                 ,19,19,4902000,1,2,239151,0,0,0,1,19,2205423,0,0,0,0,0,0,0,0,0,0,0,0
201811,18,109,2,3,Morgan County                 ,16,16,3271551,0,0,0,0,0,0,0,0,0,16,16,3271551,0,0,0,0,0,0,0,0,0
201811,18,111,2,3,Newton County                 ,1,1,202836,0,0,0,0,0,0,0,0,0,0,0,0,0,0,0,0,0,0,0,0,0
201811,18,115,2,3,Ohio County                   ,1,1,300000,0,0,0,0,0,0,0,0,0,1,1,300000,0,0,0,0,0,0,0,0,0
201811,18,119,2,3,Owen County                   ,4,4,1034053,0,0,0,0,0,0,0,0,0,4,4,1034053,0,0,0,0,0,0,0,0,0
201811,18,127,2,3,Porter County                 ,41,41,13041503,2,4,575354,0,0,0,2,16,1980558,33,33,11885533,2,4,575354,0,0,0,2,16,1980558
201811,18,133,2,3,Putnam County                 ,7,7,1519053,0,0,0,0,0,0,0,0,0,7,7,1519053,0,0,0,0,0,0,0,0,0
201811,18,145,2,3,Shelby County                 ,7,7,1694935,0,0,0,0,0,0,0,0,0,7,7,1694935,0,0,0,0,0,0,0,0,0
201811,18,151,2,3,Steuben County                ,17,17,5324880,0,0,0,0,0,0,0,0,0,17,17,5324880,0,0,0,0,0,0,0,0,0
201811,18,157,2,3,Tippecanoe County             ,35,35,8054597,0,0,0,0,0,0,1,10,977444,4,4,560000,0,0,0,0,0,0,0,0,0
201811,18,163,2,3,Vanderburgh County            ,23,23,3888142,1,2,157000,0,0,0,0,0,0,23,23,3888142,1,2,157000,0,0,0,0,0,0
201811,18,167,2,3,Vigo County                   ,2,2,372720,0,0,0,0,0,0,1,12,830323,0,0,0,0,0,0,0,0,0,0,0,0
201811,18,175,2,3,Washington County             ,3,3,808704,0,0,0,0,0,0,0,0,0,0,0,0,0,0,0,0,0,0,0,0,0
201811,18,183,2,3,Whitley County                ,8,8,2438000,0,0,0,0,0,0,0,0,0,8,8,2438000,0,0,0,0,0,0,0,0,0
201811,19,049,2,4,Dallas County                 ,63,63,16047979,0,0,0,0,0,0,0,0,0,42,42,11206555,0,0,0,0,0,0,0,0,0
201811,19,085,2,4,Harrison County               ,4,4,896667,0,0,0,0,0,0,0,0,0,2,2,500000,0,0,0,0,0,0,0,0,0
201811,19,129,2,4,Mills County                  ,0,0,0,0,0,0,0,0,0,0,0,0,0,0,0,0,0,0,0,0,0,0,0,0
201811,19,153,2,4,Polk County                   ,152,152,38061431,0,0,0,0,0,0,4,120,15896665,151,151,37866614,0,0,0,0,0,0,4,120,15896665
201811,19,181,2,4,Warren County                 ,22,22,5142748,0,0,0,0,0,0,0,0,0,21,21,4900813,0,0,0,0,0,0,0,0,0
201811,20,061,2,4,Geary County                  ,0,0,0,0,0,0,0,0,0,0,0,0,0,0,0,0,0,0,0,0,0,0,0,0
201811,20,091,2,4,Johnson County                ,127,127,48918818,1,2,560000,1,3,453895,2,105,20954620,74,74,31469285,0,0,0,0,0,0,1,81,18927000
201811,20,103,2,4,Leavenworth County            ,19,19,3779254,0,0,0,0,0,0,0,0,0,19,19,3779254,0,0,0,0,0,0,0,0,0
201811,20,107,2,4,Linn County                   ,3,3,139500,0,0,0,0,0,0,0,0,0,2,2,47000,0,0,0,0,0,0,0,0,0
201811,20,121,2,4,Miami County                  ,4,4,1211648,0,0,0,0,0,0,0,0,0,0,0,0,0,0,0,0,0,0,0,0,0
201811,20,209,2,4,Wyandotte County              ,8,8,1525412,0,0,0,0,0,0,0,0,0,8,8,1525412,0,0,0,0,0,0,0,0,0
201811,21,005,3,6,Anderson County               ,5,5,854818,0,0,0,0,0,0,0,0,0,5,5,854818,0,0,0,0,0,0,0,0,0
201811,21,015,3,6,Boone County                  ,28,28,5979850,0,0,0,0,0,0,0,0,0,28,28,5979850,0,0,0,0,0,0,0,0,0
201811,21,017,3,6,Bourbon County                ,3,3,500184,0,0,0,0,0,0,0,0,0,3,3,500184,0,0,0,0,0,0,0,0,0
201811,21,021,3,6,Boyle County                  ,3,3,585537,0,0,0,0,0,0,0,0,0,3,3,585537,0,0,0,0,0,0,0,0,0
201811,21,029,3,6,Bullitt County                ,24,24,6074468,0,0,0,0,0,0,0,0,0,24,24,6074468,0,0,0,0,0,0,0,0,0
201811,21,035,3,6,Calloway County               ,0,0,0,0,0,0,0,0,0,0,0,0,0,0,0,0,0,0,0,0,0,0,0,0
201811,21,037,3,6,Campbell County               ,12,12,3042374,0,0,0,0,0,0,0,0,0,12,12,3042374,0,0,0,0,0,0,0,0,0
201811,21,045,3,6,Casey County                  ,0,0,0,0,0,0,0,0,0,0,0,0,0,0,0,0,0,0,0,0,0,0,0,0
201811,21,047,3,6,Christian County              ,2,2,142400,0,0,0,0,0,0,0,0,0,0,0,0,0,0,0,0,0,0,0,0,0
201811,21,049,3,6,Clark County                  ,5,5,1523000,0,0,0,0,0,0,0,0,0,5,5,1523000,0,0,0,0,0,0,0,0,0
201811,21,067,3,6,Fayette County                ,57,57,9189607,0,0,0,1,3,420000,1,61,4466456,0,0,0,0,0,0,0,0,0,0,0,0
201811,21,069,3,6,Fleming County                ,0,0,0,0,0,0,0,0,0,0,0,0,0,0,0,0,0,0,0,0,0,0,0,0
201811,21,077,3,6,Gallatin County               ,1,1,172521,0,0,0,0,0,0,0,0,0,0,0,0,0,0,0,0,0,0,0,0,0
201811,21,081,3,6,Grant County                  ,4,4,659154,0,0,0,0,0,0,0,0,0,0,0,0,0,0,0,0,0,0,0,0,0
201811,21,091,3,6,Hancock County                ,0,0,0,0,0,0,0,0,0,0,0,0,0,0,0,0,0,0,0,0,0,0,0,0
201811,21,099,3,6,Hart County                   ,5,5,486250,0,0,0,0,0,0,1,5,567738,0,0,0,0,0,0,0,0,0,0,0,0
201811,21,101,3,6,Henderson County              ,0,0,0,1,2,60000,0,0,0,0,0,0,0,0,0,1,2,60000,0,0,0,0,0,0
201811,21,103,3,6,Henry County                  ,0,0,0,0,0,0,0,0,0,0,0,0,0,0,0,0,0,0,0,0,0,0,0,0
201811,21,111,3,6,Jefferson County              ,88,88,27397073,0,0,0,0,0,0,2,52,3475000,88,88,27397073,0,0,0,0,0,0,2,52,3475000
201811,21,113,3,6,Jessamine County              ,16,16,5200147,0,0,0,0,0,0,0,0,0,6,6,3760000,0,0,0,0,0,0,0,0,0
201811,21,115,3,6,Johnson County                ,0,0,0,0,0,0,0,0,0,0,0,0,0,0,0,0,0,0,0,0,0,0,0,0
201811,21,117,3,6,Kenton County                 ,14,14,3608217,0,0,0,0,0,0,0,0,0,14,14,3608217,0,0,0,0,0,0,0,0,0
201811,21,121,3,6,Knox County                   ,0,0,0,0,0,0,0,0,0,0,0,0,0,0,0,0,0,0,0,0,0,0,0,0
201811,21,123,3,6,Larue County                  ,1,1,236407,0,0,0,0,0,0,0,0,0,1,1,236407,0,0,0,0,0,0,0,0,0
201811,21,137,3,6,Lincoln County                ,0,0,0,0,0,0,0,0,0,0,0,0,0,0,0,0,0,0,0,0,0,0,0,0
201811,21,145,3,6,McCracken County              ,4,4,951134,0,0,0,0,0,0,0,0,0,4,4,951134,0,0,0,0,0,0,0,0,0
201811,21,151,3,6,Madison County                ,24,24,2575732,1,2,112996,0,0,0,1,5,168572,15,15,1785000,0,0,0,0,0,0,0,0,0
201811,21,157,3,6,Marshall County               ,1,1,258000,0,0,0,0,0,0,0,0,0,1,1,258000,0,0,0,0,0,0,0,0,0
201811,21,161,3,6,Mason County                  ,1,1,239000,0,0,0,0,0,0,0,0,0,1,1,239000,0,0,0,0,0,0,0,0,0
201811,21,163,3,6,Meade County                  ,6,6,1494000,0,0,0,0,0,0,0,0,0,6,6,1494000,0,0,0,0,0,0,0,0,0
201811,21,167,3,6,Mercer County                 ,3,3,516730,0,0,0,0,0,0,0,0,0,0,0,0,0,0,0,0,0,0,0,0,0
201811,21,175,3,6,Morgan County                 ,2,2,150000,0,0,0,0,0,0,0,0,0,0,0,0,0,0,0,0,0,0,0,0,0
201811,21,179,3,6,Nelson County                 ,13,13,1568675,0,0,0,0,0,0,0,0,0,13,13,1568675,0,0,0,0,0,0,0,0,0
201811,21,185,3,6,Oldham County                 ,24,24,7239445,0,0,0,0,0,0,0,0,0,0,0,0,0,0,0,0,0,0,0,0,0
201811,21,191,3,6,Pendleton County              ,0,0,0,0,0,0,0,0,0,0,0,0,0,0,0,0,0,0,0,0,0,0,0,0
201811,21,209,3,6,Scott County                  ,31,31,4268063,0,0,0,0,0,0,0,0,0,31,31,4268063,0,0,0,0,0,0,0,0,0
201811,21,211,3,6,Shelby County                 ,10,10,2297698,0,0,0,0,0,0,0,0,0,10,10,2297698,0,0,0,0,0,0,0,0,0
201811,21,213,3,6,Simpson County                ,25,25,3531000,0,0,0,0,0,0,0,0,0,25,25,3531000,0,0,0,0,0,0,0,0,0
201811,21,215,3,6,Spencer County                ,12,12,2836883,0,0,0,0,0,0,0,0,0,12,12,2836883,0,0,0,0,0,0,0,0,0
201811,21,221,3,6,Trigg County                  ,2,2,390358,0,0,0,0,0,0,0,0,0,2,2,390358,0,0,0,0,0,0,0,0,0
201811,21,239,3,6,Woodford County               ,18,18,3178614,0,0,0,0,0,0,0,0,0,18,18,3178614,0,0,0,0,0,0,0,0,0
201811,22,005,3,7,Ascension Parish              ,40,40,6542495,0,0,0,0,0,0,0,0,0,35,35,5632275,0,0,0,0,0,0,0,0,0
201811,22,015,3,7,Bossier Parish                ,54,54,10403083,0,0,0,0,0,0,0,0,0,54,54,10403083,0,0,0,0,0,0,0,0,0
201811,22,017,3,7,Caddo Parish                  ,23,23,5972180,0,0,0,0,0,0,0,0,0,0,0,0,0,0,0,0,0,0,0,0,0
201811,22,031,3,7,De Soto Parish                ,7,7,1806997,0,0,0,0,0,0,0,0,0,2,2,390358,0,0,0,0,0,0,0,0,0
201811,22,033,3,7,East Baton Rouge Parish       ,71,71,22050286,0,0,0,0,0,0,0,0,0,70,70,21880717,0,0,0,0,0,0,0,0,0
201811,22,037,3,7,East Feliciana Parish         ,3,3,585537,0,0,0,0,0,0,0,0,0,3,3,585537,0,0,0,0,0,0,0,0,0
201811,22,047,3,7,Iberville Parish              ,6,6,1533060,0,0,0,0,0,0,0,0,0,0,0,0,0,0,0,0,0,0,0,0,0
201811,22,051,3,7,Jefferson Parish              ,36,36,7951981,1,2,142000,0,0,0,0,0,0,4,4,1106008,0,0,0,0,0,0,0,0,0
201811,22,055,3,7,Lafayette Parish              ,95,95,20253325,0,0,0,0,0,0,0,0,0,15,15,4387028,0,0,0,0,0,0,0,0,0
201811,22,063,3,7,Livingston Parish             ,62,62,13633807,0,0,0,1,3,232174,0,0,0,4,4,509000,0,0,0,0,0,0,0,0,0
201811,22,071,3,7,Orleans Parish                ,34,34,7655183,5,10,1056987,0,0,0,1,10,2461416,0,0,0,0,0,0,0,0,0,0,0,0
201811,22,075,3,7,Plaquemines Parish            ,1,1,295735,0,0,0,0,0,0,0,0,0,1,1,295735,0,0,0,0,0,0,0,0,0
201811,22,077,3,7,Pointe Coupee Parish          ,2,2,600158,0,0,0,0,0,0,0,0,0,2,2,600158,0,0,0,0,0,0,0,0,0
201811,22,087,3,7,St. Bernard Parish            ,16,16,4166000,0,0,0,0,0,0,0,0,0,16,16,4166000,0,0,0,0,0,0,0,0,0
201811,22,089,3,7,St. Charles Parish            ,16,16,2119780,0,0,0,0,0,0,2,10,816000,16,16,2119780,0,0,0,0,0,0,2,10,816000
201811,22,091,3,7,St. Helena Parish             ,3,3,529317,0,0,0,0,0,0,0,0,0,0,0,0,0,0,0,0,0,0,0,0,0
201811,22,095,3,7,St. John the Baptist Parish   ,4,4,660124,0,0,0,0,0,0,0,0,0,0,0,0,0,0,0,0,0,0,0,0,0
201811,22,099,3,7,St. Martin Parish             ,12,12,2136915,0,0,0,0,0,0,0,0,0,1,1,130000,0,0,0,0,0,0,0,0,0
201811,22,103,3,7,St. Tammany Parish            ,77,77,19683807,1,2,380000,0,0,0,0,0,0,67,67,16887111,0,0,0,0,0,0,0,0,0
201811,22,109,3,7,Terrebonne Parish             ,2,2,724000,0,0,0,0,0,0,0,0,0,2,2,724000,0,0,0,0,0,0,0,0,0
201811,22,121,3,7,West Baton Rouge Parish       ,17,17,2646474,0,0,0,0,0,0,0,0,0,15,15,2464350,0,0,0,0,0,0,0,0,0
201811,22,125,3,7,West Feliciana Parish         ,1,1,160714,0,0,0,0,0,0,0,0,0,1,1,160714,0,0,0,0,0,0,0,0,0
201811,23,000,1,1,Maine Unorganized Territory   ,5,5,664001,0,0,0,0,0,0,0,0,0,0,0,0,0,0,0,0,0,0,0,0,0
201811,24,003,3,5,Anne Arundel County           ,110,110,19274744,0,0,0,0,0,0,1,6,1204153,110,110,19274744,0,0,0,0,0,0,1,6,1204153
201811,24,005,3,5,Baltimore County              ,77,77,16536000,0,0,0,0,0,0,0,0,0,77,77,16536000,0,0,0,0,0,0,0,0,0
201811,24,009,3,5,Calvert County                ,20,20,4591642,0,0,0,0,0,0,0,0,0,0,0,0,0,0,0,0,0,0,0,0,0
201811,24,013,3,5,Carroll County                ,26,26,7023663,0,0,0,0,0,0,0,0,0,26,26,7023663,0,0,0,0,0,0,0,0,0
201811,24,015,3,5,Cecil County                  ,15,15,4518673,0,0,0,0,0,0,0,0,0,15,15,4518673,0,0,0,0,0,0,0,0,0
201811,24,017,3,5,Charles County                ,34,34,5660103,0,0,0,0,0,0,0,0,0,31,31,5229000,0,0,0,0,0,0,0,0,0
201811,24,021,3,5,Frederick County              ,150,150,35381093,0,0,0,0,0,0,0,0,0,150,150,35381093,0,0,0,0,0,0,0,0,0
201811,24,023,3,5,Garrett County                ,6,6,2496451,0,0,0,0,0,0,0,0,0,6,6,2496451,0,0,0,0,0,0,0,0,0
201811,24,025,3,5,Harford County                ,52,52,10726881,0,0,0,0,0,0,0,0,0,50,50,10039725,0,0,0,0,0,0,0,0,0
201811,24,027,3,5,Howard County                 ,71,71,18448920,0,0,0,0,0,0,5,283,39870094,71,71,18448920,0,0,0,0,0,0,5,283,39870094
201811,24,031,3,5,Montgomery County             ,58,58,13565521,2,4,266667,0,0,0,3,205,30614242,56,56,13238787,0,0,0,0,0,0,3,205,30614242
201811,24,033,3,5,Prince George County          ,155,155,36775654,0,0,0,0,0,0,6,61,6672619,152,152,35933850,0,0,0,0,0,0,6,61,6672619
201811,24,035,3,5,Queen Anne County             ,20,20,4691731,0,0,0,0,0,0,0,0,0,20,20,4691731,0,0,0,0,0,0,0,0,0
201811,24,037,3,5,St. Marys County              ,44,44,9808700,0,0,0,0,0,0,0,0,0,44,44,9808700,0,0,0,0,0,0,0,0,0
201811,24,039,3,5,Somerset County               ,2,2,300695,0,0,0,0,0,0,0,0,0,1,1,143000,0,0,0,0,0,0,0,0,0
201811,24,045,3,5,Wicomico County               ,19,19,3307975,0,0,0,0,0,0,1,6,516122,12,12,2065000,0,0,0,0,0,0,1,6,516122
201811,24,510,3,5,Baltimore (Independent City)  ,10,10,1220000,0,0,0,0,0,0,0,0,0,10,10,1220000,0,0,0,0,0,0,0,0,0
201811,25,005,1,1,Bristol County                ,52,52,11052336,1,2,278500,0,0,0,1,5,610700,18,18,4360804,0,0,0,0,0,0,0,0,0
201811,25,009,1,1,Essex County                  ,47,47,15228392,5,10,1334589,2,8,2800000,2,12,2393199,33,33,10469270,2,4,470000,2,8,2800000,0,0,0
201811,25,017,1,1,Middlesex County              ,102,102,33464862,4,8,1186659,1,3,630632,8,95,16496680,47,47,16313102,1,2,250000,0,0,0,0,0,0
201811,25,021,1,1,Norfolk County                ,69,69,29373622,1,2,347833,0,0,0,3,27,3261442,50,50,22161768,0,0,0,0,0,0,1,12,2000000
201811,25,023,1,1,Plymouth County               ,75,75,17761968,0,0,0,1,3,391015,2,12,1644586,50,50,11748014,0,0,0,0,0,0,0,0,0
201811,25,025,1,1,Suffolk County                ,3,3,798061,5,10,2695000,2,7,2590000,8,348,72760436,3,3,798061,5,10,2695000,2,7,2590000,6,338,70593570
201811,26,000,2,3,Michigan Balance of State     ,5,5,939055,0,0,0,0,0,0,0,0,0,0,0,0,0,0,0,0,0,0,0,0,0
201811,26,019,2,3,Benzie County                 ,3,3,593339,0,0,0,0,0,0,0,0,0,3,3,593339,0,0,0,0,0,0,0,0,0
201811,26,029,2,3,Charlevoix County             ,7,7,1600229,0,0,0,0,0,0,0,0,0,0,0,0,0,0,0,0,0,0,0,0,0
201811,26,089,2,3,Leelanau County               ,12,12,2750967,0,0,0,0,0,0,0,0,0,12,12,2750967,0,0,0,0,0,0,0,0,0
201811,26,093,2,3,Livingston County             ,37,37,10303275,0,0,0,0,0,0,0,0,0,35,35,9786249,0,0,0,0,0,0,0,0,0
201811,26,095,2,3,Luce County                   ,1,1,190743,0,0,0,0,0,0,0,0,0,0,0,0,0,0,0,0,0,0,0,0,0
201811,26,099,2,3,Macomb County                 ,116,116,35282009,0,0,0,0,0,0,1,12,2411000,115,115,35170898,0,0,0,0,0,0,1,12,2411000
201811,26,103,2,3,Marquette County              ,2,2,365000,0,0,0,0,0,0,0,0,0,2,2,365000,0,0,0,0,0,0,0,0,0
201811,26,137,2,3,Otsego County                 ,1,1,81000,0,0,0,0,0,0,0,0,0,0,0,0,0,0,0,0,0,0,0,0,0
201811,26,147,2,3,St. Clair County              ,17,17,3555749,0,0,0,0,0,0,0,0,0,13,13,2780113,0,0,0,0,0,0,0,0,0
201811,26,163,2,3,Wayne County                  ,90,90,29904064,0,0,0,1,4,972842,6,78,11959544,81,81,28321250,0,0,0,1,4,972842,5,62,10798327
201811,27,003,2,4,Anoka County                  ,81,81,19954861,0,0,0,0,0,0,1,15,1918195,65,65,15358744,0,0,0,0,0,0,0,0,0
201811,27,019,2,4,Carver County                 ,36,36,11032364,0,0,0,0,0,0,0,0,0,33,33,10417086,0,0,0,0,0,0,0,0,0
201811,27,025,2,4,Chisago County                ,14,14,2294275,0,0,0,0,0,0,0,0,0,12,12,1791489,0,0,0,0,0,0,0,0,0
201811,27,027,2,4,Clay County                   ,4,4,862900,0,0,0,0,0,0,0,0,0,4,4,862900,0,0,0,0,0,0,0,0,0
201811,27,037,2,4,Dakota County                 ,68,68,20096471,0,0,0,0,0,0,1,20,2084000,52,52,15121399,0,0,0,0,0,0,1,20,2084000
201811,27,053,2,4,Hennepin County               ,165,165,73502073,2,4,990000,0,0,0,3,502,128566771,149,149,66098963,1,2,390000,0,0,0,2,483,125843368
201811,27,059,2,4,Isanti County                 ,14,14,2588504,0,0,0,0,0,0,0,0,0,6,6,1087677,0,0,0,0,0,0,0,0,0
201811,27,123,2,4,Ramsey County                 ,13,13,5121405,0,0,0,0,0,0,3,125,7996946,12,12,4638072,0,0,0,0,0,0,3,125,7996946
201811,27,139,2,4,Scott County                  ,54,54,15988326,0,0,0,0,0,0,0,0,0,52,52,15447125,0,0,0,0,0,0,0,0,0
201811,27,141,2,4,Sherburne County              ,25,25,5775650,0,0,0,0,0,0,0,0,0,24,24,5633705,0,0,0,0,0,0,0,0,0
201811,27,163,2,4,Washington County             ,102,102,31846761,0,0,0,0,0,0,0,0,0,98,98,30030129,0,0,0,0,0,0,0,0,0
201811,27,171,2,4,Wright County                 ,55,55,15495630,0,0,0,0,0,0,0,0,0,54,54,15215882,0,0,0,0,0,0,0,0,0
201811,28,033,3,6,DeSoto County                 ,80,80,12226401,0,0,0,0,0,0,0,0,0,77,77,11932584,0,0,0,0,0,0,0,0,0
201811,28,041,3,6,Greene County                 ,0,0,0,0,0,0,0,0,0,0,0,0,0,0,0,0,0,0,0,0,0,0,0,0
201811,28,045,3,6,Hancock County                ,37,37,6358314,0,0,0,1,3,301084,1,10,846627,13,13,2722080,0,0,0,0,0,0,0,0,0
201811,28,047,3,6,Harrison County               ,97,97,15540020,0,0,0,0,0,0,0,0,0,88,88,14517611,0,0,0,0,0,0,0,0,0
201811,28,067,3,6,Jones County                  ,1,1,177734,0,0,0,0,0,0,0,0,0,1,1,177734,0,0,0,0,0,0,0,0,0
201811,28,129,3,6,Smith County                  ,0,0,0,0,0,0,0,0,0,0,0,0,0,0,0,0,0,0,0,0,0,0,0,0
201811,28,137,3,6,Tate County                   ,2,2,237462,0,0,0,0,0,0,0,0,0,1,1,50000,0,0,0,0,0,0,0,0,0
201811,28,143,3,6,Tunica County                 ,0,0,0,0,0,0,0,0,0,0,0,0,0,0,0,0,0,0,0,0,0,0,0,0
201811,28,145,3,6,Union County                  ,1,1,97500,0,0,0,0,0,0,0,0,0,1,1,97500,0,0,0,0,0,0,0,0,0
201811,28,149,3,6,Warren County                 ,0,0,0,0,0,0,0,0,0,0,0,0,0,0,0,0,0,0,0,0,0,0,0,0
201811,29,013,2,4,Bates County                  ,0,0,0,0,0,0,0,0,0,0,0,0,0,0,0,0,0,0,0,0,0,0,0,0
201811,29,017,2,4,Bollinger County              ,0,0,0,0,0,0,0,0,0,0,0,0,0,0,0,0,0,0,0,0,0,0,0,0
201811,29,019,2,4,Boone County                  ,39,39,8930272,0,0,0,0,0,0,1,65,8718534,11,11,2134000,0,0,0,0,0,0,0,0,0
201811,29,049,2,4,Clinton County                ,4,4,582133,0,0,0,0,0,0,0,0,0,1,1,80000,0,0,0,0,0,0,0,0,0
201811,29,065,2,4,Dent County                   ,0,0,0,0,0,0,0,0,0,0,0,0,0,0,0,0,0,0,0,0,0,0,0,0
201811,29,071,2,4,Franklin County               ,19,19,4402999,0,0,0,0,0,0,0,0,0,19,19,4402999,0,0,0,0,0,0,0,0,0
201811,29,095,2,4,Jackson County                ,95,95,21696777,13,26,1513616,0,0,0,1,196,22935336,91,91,20582186,13,26,1513616,0,0,0,1,196,22935336
201811,29,099,2,4,Jefferson County              ,46,46,9603869,0,0,0,0,0,0,0,0,0,43,43,9259370,0,0,0,0,0,0,0,0,0
201811,29,105,2,4,Laclede County                ,2,2,228750,0,0,0,0,0,0,0,0,0,2,2,228750,0,0,0,0,0,0,0,0,0
201811,29,107,2,4,Lafayette County              ,3,3,705440,0,0,0,0,0,0,0,0,0,2,2,475000,0,0,0,0,0,0,0,0,0
201811,29,113,2,4,Lincoln County                ,6,6,1207189,0,0,0,0,0,0,0,0,0,2,2,200000,0,0,0,0,0,0,0,0,0
201811,29,165,2,4,Platte County                 ,28,28,8320181,0,0,0,0,0,0,0,0,0,28,28,8320181,0,0,0,0,0,0,0,0,0
201811,29,185,2,4,St. Clair County              ,0,0,0,0,0,0,0,0,0,0,0,0,0,0,0,0,0,0,0,0,0,0,0,0
201811,29,189,2,4,St. Louis County              ,63,63,24095896,0,0,0,0,0,0,1,16,1887156,18,18,8343427,0,0,0,0,0,0,0,0,0
201811,29,219,2,4,Warren County                 ,44,44,10191384,0,0,0,0,0,0,0,0,0,44,44,10191384,0,0,0,0,0,0,0,0,0
201811,29,221,2,4,Washington County             ,0,0,0,0,0,0,0,0,0,0,0,0,0,0,0,0,0,0,0,0,0,0,0,0
201811,29,510,2,4,St. Louis (Independent City)  ,7,7,2089500,0,0,0,0,0,0,0,0,0,7,7,2089500,0,0,0,0,0,0,0,0,0
201811,30,013,4,8,Cascade County                ,11,11,3055832,0,0,0,0,0,0,0,0,0,1,1,279367,0,0,0,0,0,0,0,0,0
201811,30,033,4,8,Garfield County               ,0,0,0,0,0,0,0,0,0,0,0,0,0,0,0,0,0,0,0,0,0,0,0,0
201811,30,063,4,8,Missoula County               ,26,26,5080282,1,2,123791,1,3,133127,0,0,0,26,26,5080282,1,2,123791,1,3,133127,0,0,0
201811,30,093,4,8,Silver Bow County             ,5,5,539246,0,0,0,0,0,0,0,0,0,0,0,0,0,0,0,0,0,0,0,0,0
201811,31,001,2,4,Adams County                  ,4,4,1229708,0,0,0,0,0,0,0,0,0,3,3,944708,0,0,0,0,0,0,0,0,0
201811,31,025,2,4,Cass County                   ,9,9,1565627,0,0,0,0,0,0,0,0,0,9,9,1565627,0,0,0,0,0,0,0,0,0
201811,31,033,2,4,Cheyenne County               ,0,0,0,0,0,0,0,0,0,0,0,0,0,0,0,0,0,0,0,0,0,0,0,0
201811,31,055,2,4,Douglas County                ,73,73,13321456,0,0,0,0,0,0,12,294,17003328,73,73,13321456,0,0,0,0,0,0,12,294,17003328
201811,31,105,2,4,Kimball County                ,0,0,0,0,0,0,0,0,0,0,0,0,0,0,0,0,0,0,0,0,0,0,0,0
201811,31,153,2,4,Sarpy County                  ,72,72,19433964,0,0,0,0,0,0,1,6,313462,62,62,16985185,0,0,0,0,0,0,0,0,0
201811,31,165,2,4,Sioux County                  ,0,0,0,0,0,0,0,0,0,0,0,0,0,0,0,0,0,0,0,0,0,0,0,0
201811,31,177,2,4,Washington County             ,7,7,1684109,0,0,0,0,0,0,0,0,0,7,7,1684109,0,0,0,0,0,0,0,0,0
201811,32,001,4,8,Churchill County              ,6,6,1317069,0,0,0,0,0,0,0,0,0,6,6,1317069,0,0,0,0,0,0,0,0,0
201811,32,003,4,8,Clark County                  ,662,662,161555315,7,14,1346563,0,0,0,28,370,18931672,662,662,161555315,7,14,1346563,0,0,0,28,370,18931672
201811,32,005,4,8,Douglas County                ,12,12,4788474,0,0,0,0,0,0,0,0,0,0,0,0,0,0,0,0,0,0,0,0,0
201811,32,007,4,8,Elko County                   ,16,16,2275100,0,0,0,0,0,0,0,0,0,16,16,2275100,0,0,0,0,0,0,0,0,0
201811,32,013,4,8,Humboldt County               ,0,0,0,0,0,0,0,0,0,0,0,0,0,0,0,0,0,0,0,0,0,0,0,0
201811,32,015,4,8,Lander County                 ,0,0,0,0,0,0,0,0,0,0,0,0,0,0,0,0,0,0,0,0,0,0,0,0
201811,32,017,4,8,Lincoln County                ,0,0,0,0,0,0,0,0,0,0,0,0,0,0,0,0,0,0,0,0,0,0,0,0
201811,32,019,4,8,Lyon County                   ,17,17,3661586,0,0,0,0,0,0,0,0,0,17,17,3661586,0,0,0,0,0,0,0,0,0
201811,32,021,4,8,Mineral County                ,0,0,0,0,0,0,0,0,0,0,0,0,0,0,0,0,0,0,0,0,0,0,0,0
201811,32,027,4,8,Pershing County               ,0,0,0,0,0,0,0,0,0,0,0,0,0,0,0,0,0,0,0,0,0,0,0,0
201811,32,029,4,8,Storey County                 ,1,1,201908,0,0,0,0,0,0,0,0,0,0,0,0,0,0,0,0,0,0,0,0,0
201811,32,031,4,8,Washoe County                 ,179,179,51627522,0,0,0,0,0,0,10,342,49038724,179,179,51627522,0,0,0,0,0,0,10,342,49038724
201811,32,033,4,8,White Pine County             ,1,1,356039,0,0,0,0,0,0,0,0,0,0,0,0,0,0,0,0,0,0,0,0,0
201811,32,510,4,8,Carson City (Independent City),12,12,3602584,0,0,0,0,0,0,0,0,0,12,12,3602584,0,0,0,0,0,0,0,0,0
201811,33,015,1,1,Rockingham County             ,32,32,9031770,0,0,0,6,22,2734767,1,5,492136,24,24,6738788,0,0,0,6,22,2734767,0,0,0
201811,33,017,1,1,Strafford County              ,12,12,2144073,1,2,355200,0,0,0,1,5,465517,4,4,557000,0,0,0,0,0,0,0,0,0
201811,34,001,1,2,Atlantic County               ,45,45,11732892,0,0,0,0,0,0,3,74,6479460,41,41,10925859,0,0,0,0,0,0,1,32,1285776
201811,34,003,1,2,Bergen County                 ,69,69,25621597,7,14,3375163,0,0,0,10,239,19983086,42,42,16278320,5,10,2764500,0,0,0,2,141,13268944
201811,34,005,1,2,Burlington County             ,57,57,7771594,1,2,194429,5,17,1153313,13,115,9786362,20,20,3313906,0,0,0,5,17,1153313,11,103,8595528
201811,34,007,1,2,Camden County                 ,23,23,5396158,0,0,0,0,0,0,6,98,1743702,18,18,4711750,0,0,0,0,0,0,4,72,0
201811,34,009,1,2,Cape May County               ,46,46,18654664,6,12,3002150,2,6,60000,0,0,0,42,42,17819659,6,12,3002150,2,6,60000,0,0,0
201811,34,011,1,2,Cumberland County             ,8,8,824333,0,0,0,0,0,0,0,0,0,3,3,461450,0,0,0,0,0,0,0,0,0
201811,34,013,1,2,Essex County                  ,50,50,6958436,2,4,592877,0,0,0,6,87,7074201,32,32,5414132,2,4,592877,0,0,0,0,0,0
201811,34,015,1,2,Gloucester County             ,56,56,7266337,0,0,0,0,0,0,2,25,1943123,47,47,6264476,0,0,0,0,0,0,0,0,0
201811,34,017,1,2,Hudson County                 ,8,8,2736122,5,10,1397786,1,3,50000,6,131,18738225,8,8,2736122,4,8,1093800,1,3,50000,3,72,5832600
201811,34,019,1,2,Hunterdon County              ,10,10,2398525,0,0,0,0,0,0,0,0,0,6,6,1430000,0,0,0,0,0,0,0,0,0
201811,34,021,1,2,Mercer County                 ,15,15,2390775,0,0,0,1,3,467600,0,0,0,15,15,2390775,0,0,0,0,0,0,0,0,0
201811,34,023,1,2,Middlesex County              ,71,71,10954942,0,0,0,0,0,0,7,129,13214815,61,61,9151203,0,0,0,0,0,0,6,104,11828963
201811,34,025,1,2,Monmouth County               ,81,81,28114862,0,0,0,0,0,0,2,23,1851611,64,64,21037105,0,0,0,0,0,0,0,0,0
201811,34,027,1,2,Morris County                 ,43,43,11541193,0,0,0,1,3,14453,3,58,5292078,24,24,7540701,0,0,0,1,3,14453,0,0,0
201811,34,029,1,2,Ocean County                  ,228,228,43925241,5,10,2082539,3,10,400762,2,14,655879,128,128,33447567,3,6,1887700,0,0,0,0,0,0
201811,34,031,1,2,Passaic County                ,13,13,1953019,2,4,366400,1,3,120458,4,29,2407855,8,8,809500,2,4,366400,0,0,0,1,7,148200
201811,34,033,1,2,Salem County                  ,1,1,108050,0,0,0,0,0,0,0,0,0,0,0,0,0,0,0,0,0,0,0,0,0
201811,34,035,1,2,Somerset County               ,22,22,3553007,0,0,0,0,0,0,2,18,1051411,11,11,1831095,0,0,0,0,0,0,0,0,0
201811,34,037,1,2,Sussex County                 ,8,8,1421733,0,0,0,0,0,0,0,0,0,4,4,699200,0,0,0,0,0,0,0,0,0
201811,34,039,1,2,Union County                  ,17,17,4924250,2,4,388700,2,7,90000,2,14,701990,8,8,3629965,2,4,388700,2,7,90000,0,0,0
201811,34,041,1,2,Warren County                 ,14,14,2392743,0,0,0,0,0,0,1,7,252761,12,12,1989376,0,0,0,0,0,0,0,0,0
201811,35,000,4,8,New Mexico Balance of State   ,26,26,7049921,0,0,0,0,0,0,0,0,0,0,0,0,0,0,0,0,0,0,0,0,0
201811,35,001,4,8,Bernalillo County             ,67,67,17366695,0,0,0,0,0,0,0,0,0,67,67,17366695,0,0,0,0,0,0,0,0,0
201811,35,005,4,8,Chaves County                 ,4,4,839603,0,0,0,0,0,0,0,0,0,3,3,706286,0,0,0,0,0,0,0,0,0
201811,35,009,4,8,Curry County                  ,4,4,1012708,0,0,0,0,0,0,1,5,460938,0,0,0,0,0,0,0,0,0,0,0,0
201811,35,013,4,8,Dona Ana County               ,65,65,15872789,0,0,0,0,0,0,0,0,0,65,65,15872789,0,0,0,0,0,0,0,0,0
201811,35,015,4,8,Eddy County                   ,15,15,2534192,0,0,0,0,0,0,0,0,0,15,15,2534192,0,0,0,0,0,0,0,0,0
201811,35,017,4,8,Grant County                  ,1,1,162507,0,0,0,0,0,0,0,0,0,0,0,0,0,0,0,0,0,0,0,0,0
201811,35,025,4,8,Lea County                    ,14,14,3057933,0,0,0,0,0,0,0,0,0,14,14,3057933,0,0,0,0,0,0,0,0,0
201811,35,027,4,8,Lincoln County                ,5,5,1262522,0,0,0,0,0,0,0,0,0,0,0,0,0,0,0,0,0,0,0,0,0
201811,35,028,4,8,Los Alamos County             ,0,0,0,0,0,0,0,0,0,0,0,0,0,0,0,0,0,0,0,0,0,0,0,0
201811,35,029,4,8,Luna County                   ,2,2,366608,0,0,0,0,0,0,0,0,0,1,1,180000,0,0,0,0,0,0,0,0,0
201811,35,031,4,8,McKinley County               ,0,0,0,0,0,0,0,0,0,0,0,0,0,0,0,0,0,0,0,0,0,0,0,0
201811,35,035,4,8,Otero County                  ,0,0,0,0,0,0,0,0,0,0,0,0,0,0,0,0,0,0,0,0,0,0,0,0
201811,35,041,4,8,Roosevelt County              ,1,1,151019,0,0,0,0,0,0,0,0,0,0,0,0,0,0,0,0,0,0,0,0,0
201811,35,043,4,8,Sandoval County               ,49,49,10822313,0,0,0,1,3,251560,1,7,291666,0,0,0,0,0,0,0,0,0,0,0,0
201811,35,045,4,8,San Juan County               ,2,2,535491,0,0,0,0,0,0,0,0,0,2,2,535491,0,0,0,0,0,0,0,0,0
201811,35,047,4,8,San Miguel County             ,0,0,0,0,0,0,0,0,0,0,0,0,0,0,0,0,0,0,0,0,0,0,0,0
201811,35,049,4,8,Santa Fe County               ,22,22,8410949,0,0,0,0,0,0,1,5,107000,22,22,8410949,0,0,0,0,0,0,1,5,107000
201811,35,051,4,8,Sierra County                 ,0,0,0,0,0,0,0,0,0,0,0,0,0,0,0,0,0,0,0,0,0,0,0,0
201811,35,055,4,8,Taos County                   ,6,6,657935,0,0,0,0,0,0,0,0,0,0,0,0,0,0,0,0,0,0,0,0,0
201811,35,061,4,8,Valencia County               ,21,21,4030031,0,0,0,0,0,0,0,0,0,21,21,4030031,0,0,0,0,0,0,0,0,0
201811,36,001,1,2,Albany County                 ,23,23,8256073,2,4,610000,0,0,0,2,23,2226455,22,22,8054800,2,4,610000,0,0,0,1,14,750000
201811,36,005,1,2,Bronx County                  ,0,0,0,0,0,0,0,0,0,7,142,18481768,0,0,0,0,0,0,0,0,0,7,142,18481768
201811,36,029,1,2,Erie County                   ,83,83,22563583,1,2,350000,0,0,0,2,24,4980651,74,74,20065390,1,2,350000,0,0,0,1,6,951600
201811,36,047,1,2,Kings County                  ,3,3,798061,3,6,889316,2,6,745846,15,512,66638488,3,3,798061,3,6,889316,2,6,745846,15,512,66638488
201811,36,051,1,2,Livingston County             ,2,2,452500,0,0,0,0,0,0,0,0,0,0,0,0,0,0,0,0,0,0,0,0,0
201811,36,055,1,2,Monroe County                 ,61,61,10046946,0,0,0,0,0,0,2,20,1586742,51,51,8851020,0,0,0,0,0,0,1,8,300000
201811,36,059,1,2,Nassau County                 ,65,65,25953748,0,0,0,0,0,0,2,25,3162521,45,45,16503900,0,0,0,0,0,0,0,0,0
201811,36,061,1,2,New York County               ,0,0,0,0,0,0,0,0,0,6,517,67289254,0,0,0,0,0,0,0,0,0,6,517,67289254
201811,36,063,1,2,Niagara County                ,17,17,4408424,0,0,0,0,0,0,0,0,0,8,8,2062400,0,0,0,0,0,0,0,0,0
201811,36,069,1,2,Ontario County                ,16,16,4184860,0,0,0,0,0,0,1,9,787500,11,11,2289949,0,0,0,0,0,0,0,0,0
201811,36,073,1,2,Orleans County                ,2,2,400000,0,0,0,0,0,0,0,0,0,2,2,400000,0,0,0,0,0,0,0,0,0
201811,36,079,1,2,Putnam County                 ,6,6,2576794,0,0,0,0,0,0,0,0,0,4,4,2162260,0,0,0,0,0,0,0,0,0
201811,36,081,1,2,Queens County                 ,5,5,1330102,11,22,3260825,6,20,2486152,8,1222,159047329,5,5,1330102,11,22,3260825,6,20,2486152,8,1222,159047329
201811,36,083,1,2,Rensselaer County             ,8,8,2040785,1,2,550000,0,0,0,0,0,0,6,6,1441000,0,0,0,0,0,0,0,0,0
201811,36,085,1,2,Richmond County               ,18,18,4788367,12,24,3557263,0,0,0,0,0,0,18,18,4788367,12,24,3557263,0,0,0,0,0,0
201811,36,087,1,2,Rockland County               ,9,9,3212934,2,4,617351,1,3,327533,4,30,5314175,3,3,1594500,0,0,0,0,0,0,0,0,0
201811,36,091,1,2,Saratoga County               ,69,69,19454011,0,0,0,0,0,0,2,12,1070148,54,54,14248753,0,0,0,0,0,0,0,0,0
201811,36,093,1,2,Schenectady County            ,10,10,2189257,0,0,0,0,0,0,0,0,0,5,5,1394000,0,0,0,0,0,0,0,0,0
201811,36,095,1,2,Schoharie County              ,1,1,20000,0,0,0,0,0,0,0,0,0,0,0,0,0,0,0,0,0,0,0,0,0
201811,36,099,1,2,Seneca County                 ,1,1,177084,0,0,0,0,0,0,0,0,0,0,0,0,0,0,0,0,0,0,0,0,0
201811,36,103,1,2,Suffolk County                ,69,69,49176428,1,2,270074,0,0,0,1,5,665158,41,41,37220153,0,0,0,0,0,0,0,0,0
201811,36,117,1,2,Wayne County                  ,7,7,1828600,0,0,0,0,0,0,0,0,0,7,7,1828600,0,0,0,0,0,0,0,0,0
201811,36,119,1,2,Westchester County            ,21,21,10086661,0,0,0,1,3,120000,3,44,3847090,16,16,8018550,0,0,0,0,0,0,0,0,0
201811,37,007,3,5,Anson County                  ,4,4,599460,0,0,0,0,0,0,0,0,0,0,0,0,0,0,0,0,0,0,0,0,0
201811,37,011,3,5,Avery County                  ,16,16,7448932,0,0,0,0,0,0,0,0,0,16,16,7448932,0,0,0,0,0,0,0,0,0
201811,37,015,3,5,Bertie County                 ,1,1,135000,0,0,0,0,0,0,0,0,0,1,1,135000,0,0,0,0,0,0,0,0,0
201811,37,025,3,5,Cabarrus County               ,104,104,17983163,0,0,0,0,0,0,0,0,0,104,104,17983163,0,0,0,0,0,0,0,0,0
201811,37,033,3,5,Caswell County                ,3,3,836494,0,0,0,0,0,0,0,0,0,3,3,836494,0,0,0,0,0,0,0,0,0
201811,37,037,3,5,Chatham County                ,30,30,9290156,22,44,3300000,0,0,0,0,0,0,30,30,9290156,22,44,3300000,0,0,0,0,0,0
201811,37,051,3,5,Cumberland County             ,43,43,8112298,0,0,0,0,0,0,0,0,0,43,43,8112298,0,0,0,0,0,0,0,0,0
201811,37,053,3,5,Currituck County              ,23,23,5238434,0,0,0,0,0,0,0,0,0,23,23,5238434,0,0,0,0,0,0,0,0,0
201811,37,059,3,5,Davie County                  ,11,11,2635142,0,0,0,0,0,0,1,8,360946,0,0,0,0,0,0,0,0,0,0,0,0
201811,37,063,3,5,Durham County                 ,146,146,28112323,1,2,169897,0,0,0,4,122,9718687,0,0,0,0,0,0,0,0,0,0,0,0
201811,37,069,3,5,Franklin County               ,43,43,7824341,1,2,180000,0,0,0,0,0,0,43,43,7824341,1,2,180000,0,0,0,0,0,0
201811,37,071,3,5,Gaston County                 ,71,71,21614503,0,0,0,1,3,660615,0,0,0,12,12,4858084,0,0,0,0,0,0,0,0,0
201811,37,077,3,5,Granville County              ,17,17,4959609,0,0,0,0,0,0,0,0,0,17,17,4959609,0,0,0,0,0,0,0,0,0
201811,37,081,3,5,Guilford County               ,93,93,20414776,0,0,0,0,0,0,0,0,0,70,70,17435390,0,0,0,0,0,0,0,0,0
201811,37,089,3,5,Henderson County              ,42,42,9471615,0,0,0,0,0,0,0,0,0,42,42,9471615,0,0,0,0,0,0,0,0,0
201811,37,093,3,5,Hoke County                   ,7,7,1654848,2,4,485966,0,0,0,0,0,0,7,7,1654848,2,4,485966,0,0,0,0,0,0
201811,37,097,3,5,Iredell County                ,155,155,39396204,0,0,0,0,0,0,0,0,0,155,155,39396204,0,0,0,0,0,0,0,0,0
201811,37,101,3,5,Johnston County               ,202,202,33753614,0,0,0,0,0,0,0,0,0,154,154,26939753,0,0,0,0,0,0,0,0,0
201811,37,119,3,5,Mecklenburg County            ,329,329,77777872,1,2,176400,2,8,2343702,6,435,73781704,329,329,77777872,1,2,176400,2,8,2343702,6,435,73781704
201811,37,133,3,5,Onslow County                 ,65,65,9603897,0,0,0,0,0,0,1,8,390000,62,62,9063358,0,0,0,0,0,0,0,0,0
201811,37,135,3,5,Orange County                 ,36,36,11998305,0,0,0,0,0,0,0,0,0,4,4,1632947,0,0,0,0,0,0,0,0,0
201811,37,145,3,5,Person County                 ,5,5,1025000,0,0,0,0,0,0,0,0,0,5,5,1025000,0,0,0,0,0,0,0,0,0
201811,37,151,3,5,Randolph County               ,27,27,6315709,0,0,0,0,0,0,0,0,0,27,27,6315709,0,0,0,0,0,0,0,0,0
201811,37,157,3,5,Rockingham County             ,20,20,5061565,0,0,0,0,0,0,0,0,0,20,20,5061565,0,0,0,0,0,0,0,0,0
201811,37,179,3,5,Union County                  ,92,92,21001081,0,0,0,0,0,0,0,0,0,92,92,21001081,0,0,0,0,0,0,0,0,0
201811,37,181,3,5,Vance County                  ,1,1,133719,0,0,0,0,0,0,0,0,0,1,1,133719,0,0,0,0,0,0,0,0,0
201811,37,183,3,5,Wake County                   ,569,569,138539746,0,0,0,5,20,3766476,17,154,26153475,569,569,138539746,0,0,0,5,20,3766476,17,154,26153475
201811,37,195,3,5,Wilson County                 ,15,15,2476596,0,0,0,0,0,0,0,0,0,15,15,2476596,0,0,0,0,0,0,0,0,0
201811,39,007,2,3,Ashtabula County              ,2,2,250000,0,0,0,0,0,0,0,0,0,2,2,250000,0,0,0,0,0,0,0,0,0
201811,39,015,2,3,Brown County                  ,6,6,1551079,0,0,0,0,0,0,0,0,0,6,6,1551079,0,0,0,0,0,0,0,0,0
201811,39,017,2,3,Butler County                 ,60,60,12796981,0,0,0,0,0,0,0,0,0,21,21,3695550,0,0,0,0,0,0,0,0,0
201811,39,025,2,3,Clermont County               ,27,27,5709747,0,0,0,0,0,0,0,0,0,27,27,5709747,0,0,0,0,0,0,0,0,0
201811,39,041,2,3,Delaware County               ,112,112,29388210,0,0,0,4,16,2540000,7,89,5992305,109,109,28199239,0,0,0,4,16,2540000,6,78,4642300
201811,39,049,2,3,Franklin County               ,130,130,38836112,7,14,2332142,5,20,3287934,12,269,25818650,120,120,36056016,7,14,2332142,5,20,3287934,11,264,25593650
201811,39,055,2,3,Geauga County                 ,14,14,6313964,0,0,0,0,0,0,0,0,0,14,14,6313964,0,0,0,0,0,0,0,0,0
201811,39,085,2,3,Lake County                   ,57,57,11312995,0,0,0,0,0,0,0,0,0,57,57,11312995,0,0,0,0,0,0,0,0,0
201811,39,089,2,3,Licking County                ,17,17,3652500,0,0,0,0,0,0,0,0,0,17,17,3652500,0,0,0,0,0,0,0,0,0
201811,39,093,2,3,Lorain County                 ,57,57,14412542,2,4,568089,0,0,0,2,10,536875,31,31,10245992,1,2,325064,0,0,0,1,5,380000
201811,39,097,2,3,Madison County                ,3,3,590632,0,0,0,0,0,0,0,0,0,0,0,0,0,0,0,0,0,0,0,0,0
201811,39,103,2,3,Medina County                 ,34,34,8236145,0,0,0,0,0,0,0,0,0,28,28,7120356,0,0,0,0,0,0,0,0,0
201811,39,117,2,3,Morrow County                 ,5,5,420513,0,0,0,0,0,0,0,0,0,2,2,375513,0,0,0,0,0,0,0,0,0
201811,39,159,2,3,Union County                  ,41,41,10599041,0,0,0,0,0,0,12,122,9800000,41,41,10599041,0,0,0,0,0,0,12,122,9800000
201811,39,165,2,3,Warren County                 ,80,80,21916306,0,0,0,0,0,0,0,0,0,68,68,18763576,0,0,0,0,0,0,0,0,0
201811,40,001,3,7,Adair County                  ,0,0,0,0,0,0,0,0,0,0,0,0,0,0,0,0,0,0,0,0,0,0,0,0
201811,40,017,3,7,Canadian County               ,18,18,3941817,1,2,95750,0,0,0,0,0,0,11,11,2401900,0,0,0,0,0,0,0,0,0
201811,40,021,3,7,Cherokee County               ,5,5,656191,0,0,0,0,0,0,1,5,244048,0,0,0,0,0,0,0,0,0,0,0,0
201811,40,027,3,7,Cleveland County              ,79,79,19314742,1,2,450000,0,0,0,0,0,0,79,79,19314742,1,2,450000,0,0,0,0,0,0
201811,40,029,3,7,Coal County                   ,0,0,0,0,0,0,0,0,0,0,0,0,0,0,0,0,0,0,0,0,0,0,0,0
201811,40,037,3,7,Creek County                  ,6,6,1043994,0,0,0,0,0,0,0,0,0,2,2,180000,0,0,0,0,0,0,0,0,0
201811,40,051,3,7,Grady County                  ,5,5,1069958,0,0,0,0,0,0,0,0,0,0,0,0,0,0,0,0,0,0,0,0,0
201811,40,055,3,7,Greer County                  ,1,1,262500,0,0,0,0,0,0,0,0,0,0,0,0,0,0,0,0,0,0,0,0,0
201811,40,081,3,7,Lincoln County                ,1,1,236407,0,0,0,0,0,0,0,0,0,1,1,236407,0,0,0,0,0,0,0,0,0
201811,40,083,3,7,Logan County                  ,2,2,340000,0,0,0,0,0,0,0,0,0,2,2,340000,0,0,0,0,0,0,0,0,0
201811,40,087,3,7,McClain County                ,36,36,7546158,0,0,0,0,0,0,0,0,0,32,32,6641832,0,0,0,0,0,0,0,0,0
201811,40,109,3,7,Oklahoma County               ,275,275,70752271,1,2,210000,0,0,0,0,0,0,261,261,68085155,1,2,210000,0,0,0,0,0,0
201811,40,111,3,7,Okmulgee County               ,0,0,0,0,0,0,0,0,0,0,0,0,0,0,0,0,0,0,0,0,0,0,0,0
201811,40,113,3,7,Osage County                  ,8,8,2575315,0,0,0,0,0,0,0,0,0,8,8,2575315,0,0,0,0,0,0,0,0,0
201811,40,117,3,7,Pawnee County                 ,0,0,0,0,0,0,0,0,0,0,0,0,0,0,0,0,0,0,0,0,0,0,0,0
201811,40,131,3,7,Rogers County                 ,33,33,6170074,0,0,0,0,0,0,0,0,0,32,32,6066741,0,0,0,0,0,0,0,0,0
201811,40,143,3,7,Tulsa County                  ,155,155,36133065,1,2,165000,0,0,0,0,0,0,132,132,30997416,1,2,165000,0,0,0,0,0,0
201811,40,145,3,7,Wagoner County                ,21,21,5488275,0,0,0,0,0,0,0,0,0,21,21,5488275,0,0,0,0,0,0,0,0,0
201811,41,000,4,9,Oregon Balance of State       ,11,11,1220194,0,0,0,0,0,0,0,0,0,0,0,0,0,0,0,0,0,0,0,0,0
201811,41,005,4,9,Clackamas County              ,96,96,26998268,0,0,0,0,0,0,2,31,4824857,88,88,22778918,0,0,0,0,0,0,1,24,3806938
201811,41,017,4,9,Deschutes County              ,160,160,41525050,5,10,903636,0,0,0,2,22,2928885,160,160,41525050,5,10,903636,0,0,0,2,22,2928885
201811,41,019,4,9,Douglas County                ,21,21,5459289,1,2,295895,0,0,0,0,0,0,21,21,5459289,1,2,295895,0,0,0,0,0,0
201811,41,025,4,9,Harney County                 ,0,0,0,0,0,0,0,0,0,0,0,0,0,0,0,0,0,0,0,0,0,0,0,0
201811,41,035,4,9,Klamath County                ,9,9,2244607,0,0,0,0,0,0,0,0,0,9,9,2244607,0,0,0,0,0,0,0,0,0
201811,41,051,4,9,Multnomah County              ,76,76,20073572,4,8,1051624,3,11,2179029,11,270,29942230,76,76,20073572,4,8,1051624,3,11,2179029,11,270,29942230
201811,41,067,4,9,Washington County             ,98,98,27425155,0,0,0,0,0,0,1,120,16521326,98,98,27425155,0,0,0,0,0,0,1,120,16521326
201811,41,071,4,9,Yamhill County                ,13,13,3663901,0,0,0,0,0,0,7,101,10182063,6,6,1978407,0,0,0,0,0,0,7,101,10182063
201811,42,001,1,2,Adams County                  ,19,19,3886158,0,0,0,0,0,0,0,0,0,0,0,0,0,0,0,0,0,0,0,0,0
201811,42,017,1,2,Bucks County                  ,59,59,16407781,0,0,0,0,0,0,0,0,0,33,33,11122088,0,0,0,0,0,0,0,0,0
201811,42,029,1,2,Chester County                ,94,94,21928549,0,0,0,1,3,386888,0,0,0,65,65,15658767,0,0,0,0,0,0,0,0,0
201811,42,037,1,2,Columbia County               ,7,7,1876957,0,0,0,0,0,0,4,23,2967917,4,4,558000,0,0,0,0,0,0,3,18,2520000
201811,42,041,1,2,Cumberland County             ,46,46,7518944,0,0,0,0,0,0,1,8,728000,35,35,5249317,0,0,0,0,0,0,1,8,728000
201811,42,043,1,2,Dauphin County                ,24,24,4852800,0,0,0,1,4,779640,0,0,0,19,19,3990694,0,0,0,1,4,779640,0,0,0
201811,42,045,1,2,Delaware County               ,25,25,6629424,0,0,0,0,0,0,0,0,0,10,10,2697954,0,0,0,0,0,0,0,0,0
201811,42,055,1,2,Franklin County               ,25,25,6485130,0,0,0,0,0,0,1,5,487529,21,21,5978122,0,0,0,0,0,0,0,0,0
201811,42,091,1,2,Montgomery County             ,63,63,14663911,0,0,0,2,7,1259220,5,67,13324125,38,38,9590103,0,0,0,2,7,1259220,3,34,9225000
201811,42,093,1,2,Montour County                ,0,0,0,0,0,0,0,0,0,1,12,600000,0,0,0,0,0,0,0,0,0,1,12,600000
201811,42,099,1,2,Perry County                  ,8,8,1977426,0,0,0,0,0,0,0,0,0,0,0,0,0,0,0,0,0,0,0,0,0
201811,42,101,1,2,Philadelphia County           ,83,83,22079694,6,12,1778632,9,27,3356305,4,80,10412264,83,83,22079694,6,12,1778632,9,27,3356305,4,80,10412264
201811,42,103,1,2,Pike County                   ,3,3,585000,0,0,0,0,0,0,0,0,0,3,3,585000,0,0,0,0,0,0,0,0,0
201811,44,001,1,1,Bristol County                ,4,4,1406346,0,0,0,0,0,0,0,0,0,1,1,500000,0,0,0,0,0,0,0,0,0
201811,44,003,1,1,Kent County                   ,13,13,1786235,0,0,0,0,0,0,0,0,0,10,10,1300689,0,0,0,0,0,0,0,0,0
201811,44,005,1,1,Newport County                ,7,7,3433143,0,0,0,0,0,0,0,0,0,4,4,2610000,0,0,0,0,0,0,0,0,0
201811,44,007,1,1,Providence County             ,25,25,5256505,1,2,180000,0,0,0,0,0,0,17,17,4119405,0,0,0,0,0,0,0,0,0
201811,44,009,1,1,Washington County             ,29,29,8290683,0,0,0,0,0,0,0,0,0,20,20,3845051,0,0,0,0,0,0,0,0,0
201811,45,003,3,5,Aiken County                  ,72,72,17339764,0,0,0,0,0,0,1,5,401786,63,63,15367290,0,0,0,0,0,0,0,0,0
201811,45,009,3,5,Bamberg County                ,3,3,478000,0,0,0,0,0,0,0,0,0,3,3,478000,0,0,0,0,0,0,0,0,0
201811,45,015,3,5,Berkeley County               ,98,98,26940482,0,0,0,0,0,0,1,35,825723,30,30,7306946,0,0,0,0,0,0,0,0,0
201811,45,017,3,5,Calhoun County                ,2,2,295569,0,0,0,0,0,0,0,0,0,0,0,0,0,0,0,0,0,0,0,0,0
201811,45,019,3,5,Charleston County             ,204,204,63413108,0,0,0,0,0,0,4,126,9273564,97,97,47815422,0,0,0,0,0,0,0,0,0
201811,45,035,3,5,Dorchester County             ,56,56,17302500,0,0,0,0,0,0,0,0,0,56,56,17302500,0,0,0,0,0,0,0,0,0
201811,45,037,3,5,Edgefield County              ,7,7,1405000,0,0,0,0,0,0,0,0,0,7,7,1405000,0,0,0,0,0,0,0,0,0
201811,45,039,3,5,Fairfield County              ,4,4,913625,0,0,0,0,0,0,0,0,0,0,0,0,0,0,0,0,0,0,0,0,0
201811,45,045,3,5,Greenville County             ,262,262,68032202,1,2,47850,0,0,0,5,131,3956376,261,261,67870156,1,2,47850,0,0,0,4,126,3780000
201811,45,051,3,5,Horry County                  ,296,296,51554472,1,2,305000,0,0,0,3,48,3752612,213,213,30763512,0,0,0,0,0,0,0,0,0
201811,45,055,3,5,Kershaw County                ,15,15,2089820,0,0,0,0,0,0,0,0,0,11,11,1468085,0,0,0,0,0,0,0,0,0
201811,45,059,3,5,Laurens County                ,6,6,780423,0,0,0,0,0,0,0,0,0,5,5,682919,0,0,0,0,0,0,0,0,0
201811,45,063,3,5,Lexington County              ,148,148,35179999,0,0,0,0,0,0,0,0,0,40,40,7413364,0,0,0,0,0,0,0,0,0
201811,45,077,3,5,Pickens County                ,28,28,9555813,0,0,0,0,0,0,2,18,2198797,17,17,6833052,0,0,0,0,0,0,0,0,0
201811,45,079,3,5,Richland County               ,150,150,19863307,0,0,0,0,0,0,2,38,2144825,22,22,3633295,0,0,0,0,0,0,0,0,0
201811,45,081,3,5,Saluda County                 ,1,1,580000,0,0,0,0,0,0,0,0,0,1,1,580000,0,0,0,0,0,0,0,0,0
201811,45,085,3,5,Sumter County                 ,17,17,2304962,0,0,0,0,0,0,0,0,0,0,0,0,0,0,0,0,0,0,0,0,0
201811,45,091,3,5,York County                   ,194,194,62596205,0,0,0,0,0,0,3,39,4651300,40,40,11197569,0,0,0,0,0,0,1,6,1207730
201811,46,007,2,4,Bennett County                ,1,1,45000,0,0,0,0,0,0,0,0,0,1,1,45000,0,0,0,0,0,0,0,0,0
201811,46,055,2,4,Haakon County                 ,0,0,0,0,0,0,0,0,0,0,0,0,0,0,0,0,0,0,0,0,0,0,0,0
201811,46,071,2,4,Jackson County                ,0,0,0,0,0,0,0,0,0,0,0,0,0,0,0,0,0,0,0,0,0,0,0,0
201811,46,111,2,4,Sanborn County                ,0,0,0,0,0,0,0,0,0,0,0,0,0,0,0,0,0,0,0,0,0,0,0,0
201811,47,001,3,6,Anderson County               ,8,8,1391408,1,2,182168,0,0,0,0,0,0,8,8,1391408,1,2,182168,0,0,0,0,0,0
201811,47,015,3,6,Cannon County                 ,5,5,690000,0,0,0,0,0,0,0,0,0,5,5,690000,0,0,0,0,0,0,0,0,0
201811,47,021,3,6,Cheatham County               ,21,21,3764700,0,0,0,0,0,0,0,0,0,21,21,3764700,0,0,0,0,0,0,0,0,0
201811,47,037,3,6,Davidson County               ,249,249,63438975,0,0,0,0,0,0,2,419,45833238,249,249,63438975,0,0,0,0,0,0,2,419,45833238
201811,47,043,3,6,Dickson County                ,23,23,4820621,0,0,0,0,0,0,0,0,0,6,6,1510221,0,0,0,0,0,0,0,0,0
201811,47,049,3,6,Fentress County               ,0,0,0,0,0,0,0,0,0,0,0,0,0,0,0,0,0,0,0,0,0,0,0,0
201811,47,081,3,6,Hickman County                ,8,8,1347161,0,0,0,0,0,0,0,0,0,8,8,1347161,0,0,0,0,0,0,0,0,0
201811,47,093,3,6,Knox County                   ,150,150,32807381,0,0,0,0,0,0,3,91,8079920,45,45,10450830,0,0,0,0,0,0,1,30,3171957
201811,47,105,3,6,Loudon County                 ,40,40,9489771,0,0,0,0,0,0,0,0,0,34,34,8469119,0,0,0,0,0,0,0,0,0
201811,47,125,3,6,Montgomery County             ,105,105,17640918,0,0,0,4,16,1053000,0,0,0,105,105,17640918,0,0,0,4,16,1053000,0,0,0
201811,47,139,3,6,Polk County                   ,14,14,2521737,0,0,0,0,0,0,0,0,0,0,0,0,0,0,0,0,0,0,0,0,0
201811,47,149,3,6,Rutherford County             ,140,140,36015706,2,4,600000,0,0,0,1,14,955788,117,117,32494217,2,4,600000,0,0,0,0,0,0
201811,47,153,3,6,Sequatchie County             ,0,0,0,0,0,0,0,0,0,0,0,0,0,0,0,0,0,0,0,0,0,0,0,0
201811,47,157,3,6,Shelby County                 ,81,81,19130517,0,0,0,0,0,0,0,0,0,81,81,19130517,0,0,0,0,0,0,0,0,0
201811,47,159,3,6,Smith County                  ,6,6,976976,0,0,0,0,0,0,0,0,0,5,5,779000,0,0,0,0,0,0,0,0,0
201811,47,161,3,6,Stewart County                ,0,0,0,0,0,0,0,0,0,0,0,0,0,0,0,0,0,0,0,0,0,0,0,0
201811,47,165,3,6,Sumner County                 ,84,84,20431615,0,0,0,0,0,0,0,0,0,84,84,20431615,0,0,0,0,0,0,0,0,0
201811,47,167,3,6,Tipton County                 ,13,13,2231175,0,0,0,0,0,0,0,0,0,7,7,1415730,0,0,0,0,0,0,0,0,0
201811,47,169,3,6,Trousdale County              ,2,2,258000,0,0,0,0,0,0,0,0,0,2,2,258000,0,0,0,0,0,0,0,0,0
201811,47,173,3,6,Union County                  ,8,8,1825000,0,0,0,0,0,0,0,0,0,8,8,1825000,0,0,0,0,0,0,0,0,0
201811,47,175,3,6,Van Buren County              ,0,0,0,0,0,0,0,0,0,0,0,0,0,0,0,0,0,0,0,0,0,0,0,0
201811,47,189,3,6,Wilson County                 ,113,113,28280099,0,0,0,0,0,0,0,0,0,74,74,16593435,0,0,0,0,0,0,0,0,0
201811,48,013,3,7,Atascosa County               ,7,7,1326556,0,0,0,0,0,0,0,0,0,6,6,1150140,0,0,0,0,0,0,0,0,0
201811,48,015,3,7,Austin County                 ,2,2,376857,0,0,0,0,0,0,0,0,0,0,0,0,0,0,0,0,0,0,0,0,0
201811,48,019,3,7,Bandera County                ,0,0,0,0,0,0,0,0,0,0,0,0,0,0,0,0,0,0,0,0,0,0,0,0
201811,48,021,3,7,Bastrop County                ,10,10,1316174,0,0,0,0,0,0,0,0,0,3,3,294600,0,0,0,0,0,0,0,0,0
201811,48,025,3,7,Bee County                    ,1,1,99168,0,0,0,0,0,0,0,0,0,0,0,0,0,0,0,0,0,0,0,0,0
201811,48,027,3,7,Bell County                   ,114,114,22588673,10,20,1675688,0,0,0,0,0,0,103,103,19627664,8,16,1317400,0,0,0,0,0,0
201811,48,029,3,7,Bexar County                  ,293,293,60679403,1,2,281750,0,0,0,5,30,2217715,254,254,55449852,1,2,281750,0,0,0,4,24,939120
201811,48,051,3,7,Burleson County               ,0,0,0,0,0,0,0,0,0,0,0,0,0,0,0,0,0,0,0,0,0,0,0,0
201811,48,055,3,7,Caldwell County               ,18,18,3653372,1,2,180000,0,0,0,0,0,0,0,0,0,0,0,0,0,0,0,0,0,0
201811,48,085,3,7,Collin County                 ,630,630,193241831,0,0,0,0,0,0,18,802,95519330,437,437,115406984,0,0,0,0,0,0,18,802,95519330
201811,48,091,3,7,Comal County                  ,147,147,28804082,0,0,0,0,0,0,11,276,22951140,146,146,28496134,0,0,0,0,0,0,11,276,22951140
201811,48,099,3,7,Coryell County                ,11,11,1538504,2,4,280000,0,0,0,0,0,0,11,11,1538504,2,4,280000,0,0,0,0,0,0
201811,48,107,3,7,Crosby County                 ,0,0,0,0,0,0,0,0,0,0,0,0,0,0,0,0,0,0,0,0,0,0,0,0
201811,48,113,3,7,Dallas County                 ,310,310,99487015,6,12,2894588,18,70,7850000,23,1390,99149939,300,300,97338218,6,12,2894588,18,70,7850000,21,1325,95015789
201811,48,119,3,7,Delta County                  ,0,0,0,0,0,0,0,0,0,0,0,0,0,0,0,0,0,0,0,0,0,0,0,0
201811,48,135,3,7,Ector County                  ,41,41,7948325,0,0,0,0,0,0,0,0,0,41,41,7948325,0,0,0,0,0,0,0,0,0
201811,48,139,3,7,Ellis County                  ,135,135,29868537,0,0,0,0,0,0,1,12,2042699,88,88,20352301,0,0,0,0,0,0,0,0,0
201811,48,141,3,7,El Paso County                ,165,165,36013502,2,4,387361,4,16,1766948,3,69,7981788,1,1,140000,0,0,0,0,0,0,0,0,0
201811,48,157,3,7,Fort Bend County              ,609,609,41077767,1,2,229540,0,0,0,1,5,391292,47,47,17132744,0,0,0,0,0,0,0,0,0
201811,48,167,3,7,Galveston County              ,185,185,37629505,1,2,240000,0,0,0,0,0,0,117,117,26942735,0,0,0,0,0,0,0,0,0
201811,48,185,3,7,Grimes County                 ,15,15,1500000,0,0,0,0,0,0,0,0,0,15,15,1500000,0,0,0,0,0,0,0,0,0
201811,48,187,3,7,Guadalupe County              ,94,94,21019396,0,0,0,0,0,0,0,0,0,92,92,20484799,0,0,0,0,0,0,0,0,0
201811,48,193,3,7,Hamilton County               ,0,0,0,0,0,0,0,0,0,0,0,0,0,0,0,0,0,0,0,0,0,0,0,0
201811,48,195,3,7,Hansford County               ,0,0,0,0,0,0,0,0,0,0,0,0,0,0,0,0,0,0,0,0,0,0,0,0
201811,48,201,3,7,Harris County                 ,1349,1349,272681054,16,32,3863548,0,0,0,50,2531,234942842,1326,1326,266500319,16,32,3863548,0,0,0,50,2531,234942842
201811,48,211,3,7,Hemphill County               ,0,0,0,0,0,0,0,0,0,0,0,0,0,0,0,0,0,0,0,0,0,0,0,0
201811,48,215,3,7,Hidalgo County                ,202,202,34784396,65,130,5890384,6,24,1303720,4,204,17704362,182,182,32182694,64,128,5788014,6,24,1303720,4,204,17704362
201811,48,233,3,7,Hutchinson County             ,0,0,0,0,0,0,0,0,0,0,0,0,0,0,0,0,0,0,0,0,0,0,0,0
201811,48,251,3,7,Johnson County                ,38,38,8871209,0,0,0,0,0,0,0,0,0,6,6,1496370,0,0,0,0,0,0,0,0,0
201811,48,257,3,7,Kaufman County                ,37,37,6873585,0,0,0,0,0,0,0,0,0,34,34,6165519,0,0,0,0,0,0,0,0,0
201811,48,259,3,7,Kendall County                ,10,10,2947459,0,0,0,0,0,0,0,0,0,10,10,2947459,0,0,0,0,0,0,0,0,0
201811,48,271,3,7,Kinney County                 ,0,0,0,0,0,0,0,0,0,0,0,0,0,0,0,0,0,0,0,0,0,0,0,0
201811,48,281,3,7,Lampasas County               ,1,1,250000,0,0,0,0,0,0,0,0,0,1,1,250000,0,0,0,0,0,0,0,0,0
201811,48,291,3,7,Liberty County                ,43,43,6396959,0,0,0,0,0,0,0,0,0,37,37,5614910,0,0,0,0,0,0,0,0,0
201811,48,303,3,7,Lubbock County                ,117,117,26191082,0,0,0,0,0,0,9,79,8685014,5,5,1526000,0,0,0,0,0,0,0,0,0
201811,48,323,3,7,Maverick County               ,4,4,1467240,0,0,0,0,0,0,0,0,0,4,4,1467240,0,0,0,0,0,0,0,0,0
201811,48,325,3,7,Medina County                 ,2,2,376015,0,0,0,0,0,0,0,0,0,1,1,163000,0,0,0,0,0,0,0,0,0
201811,48,329,3,7,Midland County                ,123,123,41401406,0,0,0,0,0,0,0,0,0,123,123,41401406,0,0,0,0,0,0,0,0,0
201811,48,339,3,7,Montgomery County             ,412,412,97196267,0,0,0,0,0,0,0,0,0,405,405,96051148,0,0,0,0,0,0,0,0,0
201811,48,367,3,7,Parker County                 ,28,28,5853178,0,0,0,0,0,0,0,0,0,23,23,4987110,0,0,0,0,0,0,0,0,0
201811,48,375,3,7,Potter County                 ,25,25,5840010,0,0,0,0,0,0,0,0,0,25,25,5840010,0,0,0,0,0,0,0,0,0
201811,48,383,3,7,Reagan County                 ,0,0,0,0,0,0,0,0,0,0,0,0,0,0,0,0,0,0,0,0,0,0,0,0
201811,48,385,3,7,Real County                   ,0,0,0,0,0,0,0,0,0,0,0,0,0,0,0,0,0,0,0,0,0,0,0,0
201811,48,395,3,7,Robertson County              ,4,4,680537,0,0,0,0,0,0,0,0,0,4,4,680537,0,0,0,0,0,0,0,0,0
201811,48,397,3,7,Rockwall County               ,52,52,17141760,0,0,0,0,0,0,0,0,0,42,42,12153150,0,0,0,0,0,0,0,0,0
201811,48,407,3,7,San Jacinto County            ,28,28,6110461,0,0,0,0,0,0,0,0,0,0,0,0,0,0,0,0,0,0,0,0,0
201811,48,411,3,7,San Saba County               ,0,0,0,0,0,0,0,0,0,0,0,0,0,0,0,0,0,0,0,0,0,0,0,0
201811,48,451,3,7,Tom Green County              ,14,14,3325400,0,0,0,0,0,0,0,0,0,14,14,3325400,0,0,0,0,0,0,0,0,0
201811,48,453,3,7,Travis County                 ,719,719,179941674,0,0,0,6,24,1962502,14,526,54762755,687,687,169968510,0,0,0,6,24,1962502,14,526,54762755
201811,48,473,3,7,Waller County                 ,5,5,353479,0,0,0,0,0,0,1,7,155264,5,5,353479,0,0,0,0,0,0,0,0,0
201811,48,491,3,7,Williamson County             ,285,285,84912393,0,0,0,0,0,0,0,0,0,264,264,79928466,0,0,0,0,0,0,0,0,0
201811,48,493,3,7,Wilson County                 ,4,4,810009,0,0,0,0,0,0,0,0,0,0,0,0,0,0,0,0,0,0,0,0,0
201811,48,497,3,7,Wise County                   ,3,3,599246,0,0,0,0,0,0,0,0,0,2,2,368000,0,0,0,0,0,0,0,0,0
201811,49,011,4,8,Davis County                  ,139,139,39454173,1,2,552540,2,8,1246411,8,331,38227401,130,130,36995979,0,0,0,2,8,1246411,7,326,37747401
201811,49,023,4,8,Juab County                   ,4,4,1132800,0,0,0,0,0,0,0,0,0,3,3,859067,0,0,0,0,0,0,0,0,0
201811,49,029,4,8,Morgan County                 ,3,3,1144259,0,0,0,0,0,0,0,0,0,3,3,1144259,0,0,0,0,0,0,0,0,0
201811,49,035,4,8,Salt Lake County              ,296,296,74649787,90,180,18683304,2,7,1198805,6,82,11153442,198,198,48740313,90,180,18683304,1,4,668000,3,32,4045000
201811,49,039,4,8,Sanpete County                ,3,3,529224,0,0,0,0,0,0,0,0,0,3,3,529224,0,0,0,0,0,0,0,0,0
201811,49,043,4,8,Summit County                 ,10,10,4652279,0,0,0,1,3,841530,2,20,6329846,3,3,1185000,0,0,0,0,0,0,1,15,5475562
201811,49,057,4,8,Weber County                  ,83,83,19452343,1,2,475000,2,7,908405,3,17,1880974,73,73,17549373,1,2,475000,1,4,442123,3,17,1880974
201811,51,003,3,5,Albemarle County              ,46,46,14267472,0,0,0,0,0,0,1,23,2585851,0,0,0,0,0,0,0,0,0,0,0,0
201811,51,007,3,5,Amelia County                 ,4,4,715430,0,0,0,0,0,0,0,0,0,0,0,0,0,0,0,0,0,0,0,0,0
201811,51,009,3,5,Amherst County                ,4,4,690000,0,0,0,0,0,0,0,0,0,4,4,690000,0,0,0,0,0,0,0,0,0
201811,51,013,3,5,Arlington County              ,10,10,7583300,0,0,0,0,0,0,0,0,0,10,10,7583300,0,0,0,0,0,0,0,0,0
201811,51,015,3,5,Augusta County                ,15,15,3710612,0,0,0,0,0,0,1,48,5600000,15,15,3710612,0,0,0,0,0,0,1,48,5600000
201811,51,019,3,5,Bedford County                ,12,12,1550000,0,0,0,0,0,0,0,0,0,12,12,1550000,0,0,0,0,0,0,0,0,0
201811,51,033,3,5,Caroline County               ,10,10,1988165,0,0,0,0,0,0,0,0,0,10,10,1988165,0,0,0,0,0,0,0,0,0
201811,51,036,3,5,Charles City County           ,2,2,324892,0,0,0,0,0,0,0,0,0,0,0,0,0,0,0,0,0,0,0,0,0
201811,51,037,3,5,Charlotte County              ,1,1,216042,0,0,0,0,0,0,0,0,0,0,0,0,0,0,0,0,0,0,0,0,0
201811,51,041,3,5,Chesterfield County           ,97,97,18932363,1,2,400000,5,19,2362289,2,11,1223955,97,97,18932363,1,2,400000,5,19,2362289,2,11,1223955
201811,51,043,3,5,Clarke County                 ,1,1,242119,0,0,0,0,0,0,0,0,0,1,1,242119,0,0,0,0,0,0,0,0,0
201811,51,049,3,5,Cumberland County             ,0,0,0,0,0,0,0,0,0,0,0,0,0,0,0,0,0,0,0,0,0,0,0,0
201811,51,051,3,5,Dickenson County              ,0,0,0,0,0,0,0,0,0,0,0,0,0,0,0,0,0,0,0,0,0,0,0,0
201811,51,053,3,5,Dinwiddie County              ,6,6,863277,0,0,0,0,0,0,0,0,0,0,0,0,0,0,0,0,0,0,0,0,0
201811,51,059,3,5,Fairfax County                ,77,77,18203332,0,0,0,0,0,0,1,10,2000000,77,77,18203332,0,0,0,0,0,0,1,10,2000000
201811,51,061,3,5,Fauquier County               ,11,11,3900357,0,0,0,0,0,0,0,0,0,10,10,3739274,0,0,0,0,0,0,0,0,0
201811,51,069,3,5,Frederick County              ,35,35,7329649,0,0,0,3,12,1316000,0,0,0,35,35,7329649,0,0,0,3,12,1316000,0,0,0
201811,51,073,3,5,Gloucester County             ,9,9,1897000,0,0,0,0,0,0,0,0,0,9,9,1897000,0,0,0,0,0,0,0,0,0
201811,51,075,3,5,Goochland County              ,12,12,3478410,0,0,0,0,0,0,0,0,0,12,12,3478410,0,0,0,0,0,0,0,0,0
201811,51,085,3,5,Hanover County                ,26,26,5074654,0,0,0,0,0,0,0,0,0,26,26,5074654,0,0,0,0,0,0,0,0,0
201811,51,087,3,5,Henrico County                ,47,47,5482108,0,0,0,0,0,0,0,0,0,47,47,5482108,0,0,0,0,0,0,0,0,0
201811,51,093,3,5,Isle of Wight County          ,14,14,2720632,0,0,0,0,0,0,0,0,0,0,0,0,0,0,0,0,0,0,0,0,0
201811,51,095,3,5,James City County             ,26,26,6146580,0,0,0,0,0,0,0,0,0,26,26,6146580,0,0,0,0,0,0,0,0,0
201811,51,097,3,5,King and Queen County         ,3,3,465000,0,0,0,0,0,0,0,0,0,3,3,465000,0,0,0,0,0,0,0,0,0
201811,51,099,3,5,King George County            ,5,5,975895,0,0,0,0,0,0,0,0,0,5,5,975895,0,0,0,0,0,0,0,0,0
201811,51,107,3,5,Loudoun County                ,137,137,32387747,2,4,400000,0,0,0,4,373,40801427,137,137,32387747,2,4,400000,0,0,0,4,373,40801427
201811,51,109,3,5,Louisa County                 ,25,25,7008897,0,0,0,0,0,0,0,0,0,25,25,7008897,0,0,0,0,0,0,0,0,0
201811,51,115,3,5,Mathews County                ,0,0,0,0,0,0,0,0,0,0,0,0,0,0,0,0,0,0,0,0,0,0,0,0
201811,51,127,3,5,New Kent County               ,11,11,2146969,0,0,0,0,0,0,0,0,0,11,11,2146969,0,0,0,0,0,0,0,0,0
201811,51,139,3,5,Page County                   ,2,2,146000,0,0,0,0,0,0,0,0,0,2,2,146000,0,0,0,0,0,0,0,0,0
201811,51,145,3,5,Powhatan County               ,12,12,2342148,0,0,0,0,0,0,0,0,0,12,12,2342148,0,0,0,0,0,0,0,0,0
201811,51,149,3,5,Prince George County          ,5,5,885000,0,0,0,0,0,0,0,0,0,5,5,885000,0,0,0,0,0,0,0,0,0
201811,51,153,3,5,Prince William County         ,67,67,12977900,0,0,0,0,0,0,0,0,0,67,67,12977900,0,0,0,0,0,0,0,0,0
201811,51,165,3,5,Rockingham County             ,54,54,15648050,0,0,0,0,0,0,0,0,0,54,54,15648050,0,0,0,0,0,0,0,0,0
201811,51,175,3,5,Southampton County            ,3,3,184012,0,0,0,0,0,0,0,0,0,3,3,184012,0,0,0,0,0,0,0,0,0
201811,51,177,3,5,Spotsylvania County           ,41,41,12905644,0,0,0,0,0,0,0,0,0,41,41,12905644,0,0,0,0,0,0,0,0,0
201811,51,179,3,5,Stafford County               ,54,54,12425999,0,0,0,0,0,0,0,0,0,54,54,12425999,0,0,0,0,0,0,0,0,0
201811,51,181,3,5,Surry County                  ,2,2,338606,0,0,0,0,0,0,0,0,0,0,0,0,0,0,0,0,0,0,0,0,0
201811,51,183,3,5,Sussex County                 ,1,1,85000,0,0,0,0,0,0,0,0,0,1,1,85000,0,0,0,0,0,0,0,0,0
201811,51,187,3,5,Warren County                 ,11,11,1895000,0,0,0,0,0,0,0,0,0,11,11,1895000,0,0,0,0,0,0,0,0,0
201811,51,199,3,5,York County                   ,15,15,3546104,0,0,0,0,0,0,0,0,0,15,15,3546104,0,0,0,0,0,0,0,0,0
201811,51,510,3,5,Alexandria (Independent City) ,15,15,4205000,0,0,0,0,0,0,0,0,0,15,15,4205000,0,0,0,0,0,0,0,0,0
201811,51,540,3,5,Charlottesville (Independent C,7,7,2087624,0,0,0,0,0,0,1,11,3966205,0,0,0,0,0,0,0,0,0,0,0,0
201811,51,550,3,5,Chesapeake(Independent City)  ,88,88,24179846,0,0,0,0,0,0,0,0,0,88,88,24179846,0,0,0,0,0,0,0,0,0
201811,51,570,3,5,Colonial Heights (Independent ,1,1,300000,0,0,0,0,0,0,0,0,0,1,1,300000,0,0,0,0,0,0,0,0,0
201811,51,580,3,5,Covington (Independent City)  ,0,0,0,0,0,0,0,0,0,0,0,0,0,0,0,0,0,0,0,0,0,0,0,0
201811,51,600,3,5,Fairfax (Independent City)    ,0,0,0,0,0,0,0,0,0,0,0,0,0,0,0,0,0,0,0,0,0,0,0,0
201811,51,610,3,5,Falls Church (Independent City,4,4,1850000,0,0,0,0,0,0,0,0,0,4,4,1850000,0,0,0,0,0,0,0,0,0
201811,51,630,3,5,Fredericksburg(Independent Cit,5,5,929095,0,0,0,0,0,0,0,0,0,0,0,0,0,0,0,0,0,0,0,0,0
201811,51,650,3,5,Hampton (Independent City)    ,13,13,812171,0,0,0,0,0,0,0,0,0,0,0,0,0,0,0,0,0,0,0,0,0
201811,51,660,3,5,Harrisonburg (Independent City,5,5,750000,0,0,0,0,0,0,0,0,0,5,5,750000,0,0,0,0,0,0,0,0,0
201811,51,670,3,5,Hopewell (Independent City)   ,3,3,274439,0,0,0,0,0,0,0,0,0,0,0,0,0,0,0,0,0,0,0,0,0
201811,51,680,3,5,Lynchburg (Independent City)  ,3,3,636000,0,0,0,0,0,0,0,0,0,3,3,636000,0,0,0,0,0,0,0,0,0
201811,51,683,3,5,Manassas (Independent City)   ,3,3,675457,0,0,0,0,0,0,1,20,1238024,0,0,0,0,0,0,0,0,0,0,0,0
201811,51,685,3,5,Manassas Park (Independent Cit,0,0,0,0,0,0,0,0,0,0,0,0,0,0,0,0,0,0,0,0,0,0,0,0
201811,51,700,3,5,Newport News (Independent City,4,4,892000,0,0,0,0,0,0,0,0,0,4,4,892000,0,0,0,0,0,0,0,0,0
201811,51,710,3,5,Norfolk (Independent City)    ,11,11,2600476,0,0,0,0,0,0,2,250,21820000,11,11,2600476,0,0,0,0,0,0,2,250,21820000
201811,51,730,3,5,Petersburg (Independent City) ,3,3,254000,0,0,0,0,0,0,0,0,0,3,3,254000,0,0,0,0,0,0,0,0,0
201811,51,735,3,5,Poquoson (Independent City)   ,2,2,562691,0,0,0,0,0,0,0,0,0,0,0,0,0,0,0,0,0,0,0,0,0
201811,51,740,3,5,Portsmouth (Independent City) ,5,5,495000,0,0,0,0,0,0,0,0,0,5,5,495000,0,0,0,0,0,0,0,0,0
201811,51,760,3,5,Richmond (Independent City)   ,17,17,3318043,0,0,0,0,0,0,0,0,0,17,17,3318043,0,0,0,0,0,0,0,0,0
201811,51,800,3,5,Suffolk (Independent City)    ,24,24,5673766,0,0,0,0,0,0,1,5,196300,24,24,5673766,0,0,0,0,0,0,1,5,196300
201811,51,810,3,5,Virginia Beach (Independent Ci,33,33,6711973,0,0,0,0,0,0,0,0,0,33,33,6711973,0,0,0,0,0,0,0,0,0
201811,51,830,3,5,Williamsburg (Independent City,3,3,412919,0,0,0,0,0,0,0,0,0,3,3,412919,0,0,0,0,0,0,0,0,0
201811,53,005,4,9,Benton County                 ,56,56,17200017,2,4,579796,0,0,0,1,5,492580,36,36,11201477,1,2,174696,0,0,0,0,0,0
201811,53,011,4,9,Clark County                  ,168,168,54628005,0,0,0,1,4,282761,6,109,9194651,59,59,17784254,0,0,0,1,4,282761,4,86,6815615
201811,53,021,4,9,Franklin County               ,45,45,12673454,2,4,347280,0,0,0,1,5,599552,10,10,3746691,0,0,0,0,0,0,0,0,0
201811,53,031,4,9,Jefferson County              ,9,9,2081064,0,0,0,0,0,0,0,0,0,1,1,173000,0,0,0,0,0,0,0,0,0
201811,53,033,4,9,King County                   ,315,315,123398550,21,42,7787626,20,71,14344848,18,1298,182831015,262,262,97241746,21,42,7787626,20,71,14344848,17,1270,179961807
201811,53,035,4,9,Kitsap County                 ,41,41,12524101,0,0,0,0,0,0,0,0,0,32,32,10286679,0,0,0,0,0,0,0,0,0
201811,53,053,4,9,Pierce County                 ,158,158,49463954,0,0,0,0,0,0,10,178,20887720,155,155,48510899,0,0,0,0,0,0,10,178,20887720
201811,53,055,4,9,San Juan County               ,11,11,2199007,0,0,0,0,0,0,0,0,0,4,4,627600,0,0,0,0,0,0,0,0,0
201811,53,059,4,9,Skamania County               ,6,6,839208,0,0,0,0,0,0,0,0,0,6,6,839208,0,0,0,0,0,0,0,0,0
201811,53,061,4,9,Snohomish County              ,216,216,62095718,5,10,2101217,3,11,1875238,23,355,41144940,179,179,52008848,3,6,1397619,2,8,1405558,23,355,41144940
201811,54,011,3,5,Cabell County                 ,6,6,1195810,0,0,0,0,0,0,0,0,0,1,1,377000,0,0,0,0,0,0,0,0,0
201811,54,015,3,5,Clay County                   ,0,0,0,0,0,0,0,0,0,0,0,0,0,0,0,0,0,0,0,0,0,0,0,0
201811,54,019,3,5,Fayette County                ,1,1,108200,0,0,0,0,0,0,0,0,0,0,0,0,0,0,0,0,0,0,0,0,0
201811,54,037,3,5,Jefferson County              ,21,21,4539276,0,0,0,0,0,0,0,0,0,18,18,3756760,0,0,0,0,0,0,0,0,0
201811,54,081,3,5,Raleigh County                ,6,6,583000,0,0,0,0,0,0,0,0,0,6,6,583000,0,0,0,0,0,0,0,0,0
201811,55,025,2,3,Dane County                   ,91,91,34813809,1,2,359915,1,4,600000,3,64,7279694,66,66,27401327,0,0,0,1,4,600000,1,9,1700000
201811,55,031,2,3,Douglas County                ,11,11,2315500,0,0,0,0,0,0,0,0,0,11,11,2315500,0,0,0,0,0,0,0,0,0
201811,55,037,2,3,Florence County               ,0,0,0,0,0,0,0,0,0,0,0,0,0,0,0,0,0,0,0,0,0,0,0,0
201811,55,049,2,3,Iowa County                   ,3,3,1059477,0,0,0,0,0,0,0,0,0,3,3,1059477,0,0,0,0,0,0,0,0,0
201811,55,059,2,3,Kenosha County                ,20,20,5375020,0,0,0,0,0,0,0,0,0,18,18,4753242,0,0,0,0,0,0,0,0,0
201811,55,079,2,3,Milwaukee County              ,6,6,2542082,0,0,0,0,0,0,2,230,40573453,6,6,2542082,0,0,0,0,0,0,1,177,38000000
201811,55,089,2,3,Ozaukee County                ,19,19,7751015,0,0,0,0,0,0,1,8,1126882,11,11,4434317,0,0,0,0,0,0,0,0,0
201811,55,093,2,3,Pierce County                 ,5,5,1986325,0,0,0,0,0,0,0,0,0,5,5,1986325,0,0,0,0,0,0,0,0,0
201811,55,109,2,3,St. Croix County              ,43,43,10183976,0,0,0,0,0,0,0,0,0,38,38,8746858,0,0,0,0,0,0,0,0,0
201811,55,131,2,3,Washington County             ,24,24,7982122,2,4,600000,0,0,0,0,0,0,17,17,5773000,2,4,600000,0,0,0,0,0,0
201811,56,029,4,8,Park County                   ,15,15,3934559,1,2,201000,0,0,0,0,0,0,13,13,3582138,0,0,0,0,0,0,0,0,0
201811,56,039,4,8,Teton County                  ,4,4,2937530,0,0,0,0,0,0,0,0,0,3,3,2420000,0,0,0,0,0,0,0,0,0
