Survey,FIPS,FIPS,Region,Division,County,,1-unit,,,2-units,,,3-4 units,,,5+ units,,,1-unit rep,,,2-units rep,,,3-4 units rep,,, 5+units rep
Date,State,County,Code,Code,Name,Bldgs,Units,Value,Bldgs,Units,Value,Bldgs,Units,Value,Bldgs,Units,Value,Bldgs,Units,Value,Bldgs,Units,Value,Bldgs,Units,Value,Bldgs,Units,Value
 
201807,01,001,3,6,Autauga County                ,15,15,4796332,0,0,0,0,0,0,0,0,0,15,15,4796332,0,0,0,0,0,0,0,0,0
201807,01,007,3,6,Bibb County                   ,1,1,255129,0,0,0,0,0,0,0,0,0,0,0,0,0,0,0,0,0,0,0,0,0
201807,01,009,3,6,Blount County                 ,1,1,109000,0,0,0,0,0,0,0,0,0,1,1,109000,0,0,0,0,0,0,0,0,0
201807,01,021,3,6,Chilton County                ,2,2,350000,0,0,0,0,0,0,0,0,0,2,2,350000,0,0,0,0,0,0,0,0,0
201807,01,073,3,6,Jefferson County              ,136,136,35448604,0,0,0,0,0,0,0,0,0,93,93,24745262,0,0,0,0,0,0,0,0,0
201807,01,081,3,6,Lee County                    ,92,92,25632458,1,2,210669,0,0,0,1,32,8366881,38,38,10137290,0,0,0,0,0,0,0,0,0
201807,01,083,3,6,Limestone County              ,29,29,5167089,0,0,0,0,0,0,0,0,0,29,29,5167089,0,0,0,0,0,0,0,0,0
201807,01,089,3,6,Madison County                ,261,261,40731463,0,0,0,0,0,0,6,35,2510594,261,261,40731463,0,0,0,0,0,0,6,35,2510594
201807,01,113,3,6,Russell County                ,10,10,1298168,0,0,0,0,0,0,0,0,0,10,10,1298168,0,0,0,0,0,0,0,0,0
201807,01,115,3,6,St. Clair County              ,18,18,3585845,0,0,0,0,0,0,0,0,0,17,17,3364981,0,0,0,0,0,0,0,0,0
201807,01,117,3,6,Shelby County                 ,77,77,19176753,0,0,0,0,0,0,0,0,0,16,16,4220752,0,0,0,0,0,0,0,0,0
201807,01,127,3,6,Walker County                 ,0,0,0,0,0,0,0,0,0,0,0,0,0,0,0,0,0,0,0,0,0,0,0,0
201807,02,013,4,9,Aleutians East Borough        ,0,0,0,0,0,0,0,0,0,0,0,0,0,0,0,0,0,0,0,0,0,0,0,0
201807,02,016,4,9,Aleutians West Census Area    ,1,1,98118,0,0,0,0,0,0,0,0,0,0,0,0,0,0,0,0,0,0,0,0,0
201807,02,020,4,9,Anchorage Municipality        ,79,79,24746723,0,0,0,1,3,521185,1,10,1580956,0,0,0,0,0,0,0,0,0,0,0,0
201807,02,050,4,9,Bethel Census Area            ,0,0,0,0,0,0,0,0,0,0,0,0,0,0,0,0,0,0,0,0,0,0,0,0
201807,02,060,4,9,Bristol Bay Borough           ,0,0,0,0,0,0,0,0,0,0,0,0,0,0,0,0,0,0,0,0,0,0,0,0
201807,02,070,4,9,Dillingham Census Area        ,0,0,0,0,0,0,0,0,0,0,0,0,0,0,0,0,0,0,0,0,0,0,0,0
201807,02,090,4,9,Fairbanks North Star Borough  ,2,2,551728,0,0,0,0,0,0,0,0,0,2,2,551728,0,0,0,0,0,0,0,0,0
201807,02,100,4,9,Haines Borough                ,1,1,278425,0,0,0,0,0,0,0,0,0,0,0,0,0,0,0,0,0,0,0,0,0
201807,02,105,4,9,Hoonah-Angoon Census Area     ,0,0,0,0,0,0,0,0,0,0,0,0,0,0,0,0,0,0,0,0,0,0,0,0
201807,02,110,4,9,Juneau City and Borough       ,7,7,1777623,1,2,216321,0,0,0,0,0,0,7,7,1777623,1,2,216321,0,0,0,0,0,0
201807,02,122,4,9,Kenai Peninsula Borough       ,9,9,1772868,0,0,0,0,0,0,0,0,0,1,1,150000,0,0,0,0,0,0,0,0,0
201807,02,130,4,9,Ketchikan Gateway Borough     ,1,1,285178,0,0,0,0,0,0,0,0,0,1,1,285178,0,0,0,0,0,0,0,0,0
201807,02,150,4,9,Kodiak Island Borough         ,0,0,0,0,0,0,0,0,0,0,0,0,0,0,0,0,0,0,0,0,0,0,0,0
201807,02,158,4,9,Kusilvak Census Area          ,0,0,0,0,0,0,0,0,0,0,0,0,0,0,0,0,0,0,0,0,0,0,0,0
201807,02,170,4,9,Matanuska-Susitna Borough     ,3,3,871531,1,2,298476,0,0,0,0,0,0,0,0,0,0,0,0,0,0,0,0,0,0
201807,02,180,4,9,Nome Census Area              ,1,1,30000,0,0,0,0,0,0,0,0,0,1,1,30000,0,0,0,0,0,0,0,0,0
201807,02,185,4,9,North Slope Borough           ,0,0,0,0,0,0,0,0,0,0,0,0,0,0,0,0,0,0,0,0,0,0,0,0
201807,02,188,4,9,Northwest Arctic Borough      ,2,2,745178,0,0,0,0,0,0,0,0,0,1,1,285178,0,0,0,0,0,0,0,0,0
201807,02,195,4,9,Petersburg Borough            ,2,2,237000,0,0,0,0,0,0,0,0,0,2,2,237000,0,0,0,0,0,0,0,0,0
201807,02,198,4,9,Prince of Wales-Hyder Census A,0,0,0,0,0,0,0,0,0,0,0,0,0,0,0,0,0,0,0,0,0,0,0,0
201807,02,220,4,9,Sitka City and Borough        ,1,1,213914,0,0,0,0,0,0,0,0,0,0,0,0,0,0,0,0,0,0,0,0,0
201807,02,230,4,9,Skagway Municipality          ,0,0,0,1,2,258333,0,0,0,0,0,0,0,0,0,0,0,0,0,0,0,0,0,0
201807,02,261,4,9,Valdez-Cordova Census Area    ,2,2,973664,0,0,0,0,0,0,0,0,0,0,0,0,0,0,0,0,0,0,0,0,0
201807,02,275,4,9,Wrangell City and Borough     ,0,0,0,0,0,0,0,0,0,0,0,0,0,0,0,0,0,0,0,0,0,0,0,0
201807,02,282,4,9,Yakutat City and Borough      ,3,3,150000,0,0,0,0,0,0,0,0,0,3,3,150000,0,0,0,0,0,0,0,0,0
201807,02,290,4,9,Yukon-Koyukuk Census Area     ,0,0,0,0,0,0,0,0,0,0,0,0,0,0,0,0,0,0,0,0,0,0,0,0
201807,04,013,4,8,Maricopa County               ,1674,1674,488796725,10,20,3653772,3,12,1306113,43,1410,145615822,1452,1452,423085044,10,20,3653772,3,12,1306113,39,1368,139639785
201807,04,019,4,8,Pima County                   ,286,286,78678467,1,2,238820,0,0,0,9,91,12908821,62,62,16778031,0,0,0,0,0,0,0,0,0
201807,04,021,4,8,Pinal County                  ,464,464,90168758,7,14,765787,0,0,0,0,0,0,453,453,88156094,7,14,765787,0,0,0,0,0,0
201807,05,013,3,7,Calhoun County                ,0,0,0,0,0,0,0,0,0,0,0,0,0,0,0,0,0,0,0,0,0,0,0,0
201807,05,035,3,7,Crittenden County             ,3,3,672857,0,0,0,0,0,0,0,0,0,2,2,511907,0,0,0,0,0,0,0,0,0
201807,05,045,3,7,Faulkner County               ,21,21,4723535,1,2,151241,0,0,0,1,9,237758,2,2,280000,0,0,0,0,0,0,0,0,0
201807,05,053,3,7,Grant County                  ,2,2,301111,0,0,0,0,0,0,0,0,0,0,0,0,0,0,0,0,0,0,0,0,0
201807,05,085,3,7,Lonoke County                 ,32,32,3246141,0,0,0,1,3,151525,0,0,0,1,1,97000,0,0,0,0,0,0,0,0,0
201807,05,087,3,7,Madison County                ,1,1,75000,0,0,0,0,0,0,0,0,0,1,1,75000,0,0,0,0,0,0,0,0,0
201807,05,091,3,7,Miller County                 ,2,2,456853,0,0,0,0,0,0,0,0,0,0,0,0,0,0,0,0,0,0,0,0,0
201807,05,105,3,7,Perry County                  ,0,0,0,0,0,0,0,0,0,0,0,0,0,0,0,0,0,0,0,0,0,0,0,0
201807,05,119,3,7,Pulaski County                ,70,70,14942244,0,0,0,0,0,0,0,0,0,70,70,14942244,0,0,0,0,0,0,0,0,0
201807,05,129,3,7,Searcy County                 ,0,0,0,0,0,0,0,0,0,0,0,0,0,0,0,0,0,0,0,0,0,0,0,0
201807,05,143,3,7,Washington County             ,96,96,23935759,1,2,153388,1,3,180933,0,0,0,75,75,21229683,0,0,0,0,0,0,0,0,0
201807,06,001,4,9,Alameda County                ,215,215,80265623,13,26,6344304,3,10,2256609,12,267,52752152,128,128,48843438,12,24,5752769,2,7,1399898,5,31,6334857
201807,06,013,4,9,Contra Costa County           ,140,140,55402826,0,0,0,1,3,799002,2,10,2112960,138,138,54976539,0,0,0,1,3,799002,0,0,0
201807,06,017,4,9,El Dorado County              ,85,85,31257512,0,0,0,0,0,0,0,0,0,10,10,2296316,0,0,0,0,0,0,0,0,0
201807,06,019,4,9,Fresno County                 ,181,181,52311942,3,6,1273909,0,0,0,6,39,3860670,110,110,32177203,0,0,0,0,0,0,0,0,0
201807,06,037,4,9,Los Angeles County            ,475,475,201366791,29,58,11152641,5,15,3485352,27,611,108705652,379,379,146942779,29,58,11152641,3,9,1911000,20,559,97730209
201807,06,041,4,9,Marin County                  ,8,8,7261004,0,0,0,0,0,0,0,0,0,5,5,4750200,0,0,0,0,0,0,0,0,0
201807,06,059,4,9,Orange County                 ,374,374,117762937,3,6,1881415,0,0,0,13,537,84265474,230,230,69276969,1,2,891069,0,0,0,10,491,74860645
201807,06,061,4,9,Placer County                 ,203,203,73906919,0,0,0,0,0,0,0,0,0,202,202,73333457,0,0,0,0,0,0,0,0,0
201807,06,063,4,9,Plumas County                 ,5,5,865558,0,0,0,0,0,0,0,0,0,5,5,865558,0,0,0,0,0,0,0,0,0
201807,06,067,4,9,Sacramento County             ,342,342,62850879,4,8,1284735,0,0,0,1,90,16666666,340,340,62372835,4,8,1284735,0,0,0,1,90,16666666
201807,06,069,4,9,San Benito County             ,55,55,12413995,0,0,0,0,0,0,0,0,0,4,4,129664,0,0,0,0,0,0,0,0,0
201807,06,071,4,9,San Bernardino County         ,334,334,84583173,4,8,397347,0,0,0,21,314,47775127,298,298,76159528,4,8,397347,0,0,0,20,309,47499265
201807,06,073,4,9,San Diego County              ,245,245,86069439,5,10,1479906,12,37,7013509,11,98,15864562,236,236,81587290,5,10,1479906,12,37,7013509,9,82,13243305
201807,06,075,4,9,San Francisco County          ,0,0,0,0,0,0,0,0,0,5,252,60980382,0,0,0,0,0,0,0,0,0,5,252,60980382
201807,06,081,4,9,San Mateo County              ,34,34,33204843,0,0,0,0,0,0,2,31,4906532,18,18,26139337,0,0,0,0,0,0,0,0,0
201807,06,085,4,9,Santa Clara County            ,177,177,65720492,0,0,0,1,3,708651,6,677,115083732,134,134,52126498,0,0,0,0,0,0,2,520,91357455
201807,06,091,4,9,Sierra County                 ,2,2,805369,0,0,0,0,0,0,0,0,0,2,2,805369,0,0,0,0,0,0,0,0,0
201807,06,113,4,9,Yolo County                   ,31,31,9755569,0,0,0,0,0,0,1,69,6332721,30,30,9274697,0,0,0,0,0,0,1,69,6332721
201807,08,001,4,8,Adams County                  ,157,157,43123260,1,2,387595,1,4,678781,1,6,1065868,157,157,43123260,1,2,387595,1,4,678781,1,6,1065868
201807,08,005,4,8,Arapahoe County               ,159,159,48371299,0,0,0,1,3,462863,0,0,0,157,157,48199888,0,0,0,1,3,462863,0,0,0
201807,08,014,4,8,Broomfield County             ,44,44,1539149,0,0,0,0,0,0,0,0,0,44,44,1539149,0,0,0,0,0,0,0,0,0
201807,08,015,4,8,Chaffee County                ,13,13,3444276,0,0,0,0,0,0,0,0,0,0,0,0,0,0,0,0,0,0,0,0,0
201807,08,019,4,8,Clear Creek County            ,2,2,674325,0,0,0,0,0,0,0,0,0,0,0,0,0,0,0,0,0,0,0,0,0
201807,08,031,4,8,Denver County                 ,214,214,57735635,0,0,0,0,0,0,2,111,13916388,214,214,57735635,0,0,0,0,0,0,2,111,13916388
201807,08,035,4,8,Douglas County                ,218,218,65807244,4,8,1729825,1,4,1139895,3,24,2820987,212,212,63762003,4,8,1729825,1,4,1139895,3,24,2820987
201807,08,039,4,8,Elbert County                 ,12,12,4888046,0,0,0,0,0,0,0,0,0,12,12,4888046,0,0,0,0,0,0,0,0,0
201807,08,041,4,8,El Paso County                ,328,328,127347411,1,2,602860,0,0,0,3,60,8596890,328,328,127347411,1,2,602860,0,0,0,3,60,8596890
201807,08,047,4,8,Gilpin County                 ,3,3,837319,0,0,0,0,0,0,0,0,0,0,0,0,0,0,0,0,0,0,0,0,0
201807,08,059,4,8,Jefferson County              ,79,79,22896292,0,0,0,0,0,0,1,39,4373988,78,78,22640692,0,0,0,0,0,0,1,39,4373988
201807,08,069,4,8,Larimer County                ,151,151,40339670,3,6,1567022,1,3,775209,2,54,6256738,133,133,35939062,3,6,1567022,1,3,775209,2,54,6256738
201807,08,077,4,8,Mesa County                   ,62,62,10302646,0,0,0,0,0,0,0,0,0,62,62,10302646,0,0,0,0,0,0,0,0,0
201807,08,093,4,8,Park County                   ,22,22,6608868,0,0,0,0,0,0,0,0,0,22,22,6608868,0,0,0,0,0,0,0,0,0
201807,08,101,4,8,Pueblo County                 ,31,31,5295031,0,0,0,0,0,0,0,0,0,31,31,5295031,0,0,0,0,0,0,0,0,0
201807,08,119,4,8,Teller County                 ,11,11,3077129,0,0,0,0,0,0,0,0,0,11,11,3077129,0,0,0,0,0,0,0,0,0
201807,09,001,1,1,Fairfield County              ,66,66,47316038,1,2,506700,0,0,0,1,11,6722222,44,44,24153128,1,2,506700,0,0,0,0,0,0
201807,09,003,1,1,Hartford County               ,70,70,10403265,0,0,0,0,0,0,4,30,2172912,57,57,8653811,0,0,0,0,0,0,2,16,1678649
201807,09,007,1,1,Middlesex County              ,13,13,4011551,0,0,0,0,0,0,1,5,446138,5,5,1762000,0,0,0,0,0,0,0,0,0
201807,09,013,1,1,Tolland County                ,17,17,4070839,0,0,0,0,0,0,2,14,1344747,10,10,2467447,0,0,0,0,0,0,0,0,0
201807,10,001,3,5,Kent County                   ,103,103,15115940,0,0,0,0,0,0,0,0,0,101,101,14683113,0,0,0,0,0,0,0,0,0
201807,10,003,3,5,New Castle County             ,121,121,11440093,0,0,0,0,0,0,2,41,651387,120,120,11238548,0,0,0,0,0,0,1,28,311049
201807,10,005,3,5,Sussex County                 ,222,222,29926541,3,6,559323,0,0,0,1,6,830729,222,222,29926541,3,6,559323,0,0,0,1,6,830729
201807,11,001,3,5,Washington  DC                ,9,9,2127662,0,0,0,0,0,0,2,21,2297131,9,9,2127662,0,0,0,0,0,0,2,21,2297131
201807,12,003,3,5,Baker County                  ,5,5,1005041,0,0,0,0,0,0,0,0,0,0,0,0,0,0,0,0,0,0,0,0,0
201807,12,019,3,5,Clay County                   ,96,96,20067021,0,0,0,0,0,0,0,0,0,96,96,20067021,0,0,0,0,0,0,0,0,0
201807,12,029,3,5,Dixie County                  ,3,3,378970,0,0,0,0,0,0,0,0,0,0,0,0,0,0,0,0,0,0,0,0,0
201807,12,031,3,5,Duval County                  ,412,412,99281043,0,0,0,0,0,0,10,369,40363878,403,403,95476821,0,0,0,0,0,0,10,369,40363878
201807,12,033,3,5,Escambia County               ,110,110,26004759,0,0,0,0,0,0,0,0,0,110,110,26004759,0,0,0,0,0,0,0,0,0
201807,12,053,3,5,Hernando County               ,108,108,22755465,2,4,300000,0,0,0,0,0,0,108,108,22755465,2,4,300000,0,0,0,0,0,0
201807,12,057,3,5,Hillsborough County           ,928,928,315911543,0,0,0,0,0,0,22,265,29900000,928,928,315911543,0,0,0,0,0,0,22,265,29900000
201807,12,067,3,5,Lafayette County              ,0,0,0,0,0,0,0,0,0,0,0,0,0,0,0,0,0,0,0,0,0,0,0,0
201807,12,071,3,5,Lee County                    ,494,494,116448142,24,48,6246165,1,4,995025,7,143,24221746,494,494,116448142,24,48,6246165,1,4,995025,7,143,24221746
201807,12,073,3,5,Leon County                   ,52,52,10453211,1,2,221600,0,0,0,4,102,13475324,16,16,4096175,0,0,0,0,0,0,0,0,0
201807,12,081,3,5,Manatee County                ,285,285,62815013,0,0,0,2,6,818988,3,50,3954786,27,27,6739479,0,0,0,0,0,0,0,0,0
201807,12,086,3,5,Miami-Dade County             ,193,193,54415354,15,30,5758274,0,0,0,8,825,108031927,158,158,41665015,15,30,5758274,0,0,0,5,716,91784872
201807,12,089,3,5,Nassau County                 ,106,106,30712209,0,0,0,0,0,0,1,5,1152502,19,19,5270107,0,0,0,0,0,0,0,0,0
201807,12,091,3,5,Okaloosa County               ,53,53,17466709,0,0,0,0,0,0,0,0,0,49,49,16731800,0,0,0,0,0,0,0,0,0
201807,12,095,3,5,Orange County                 ,705,705,185585785,0,0,0,0,0,0,2,261,28253860,621,621,151448364,0,0,0,0,0,0,1,256,28003124
201807,12,097,3,5,Osceola County                ,451,451,110848426,0,0,0,1,4,520042,30,999,109277816,451,451,110848426,0,0,0,1,4,520042,30,999,109277816
201807,12,101,3,5,Pasco County                  ,314,314,62264814,1,2,128000,0,0,0,0,0,0,311,311,61831903,1,2,128000,0,0,0,0,0,0
201807,12,103,3,5,Pinellas County               ,71,71,20989684,1,2,536770,0,0,0,3,142,13938510,60,60,16806858,1,2,536770,0,0,0,2,137,11658510
201807,12,109,3,5,St. Johns County              ,462,462,123602413,0,0,0,0,0,0,0,0,0,462,462,123602413,0,0,0,0,0,0,0,0,0
201807,12,113,3,5,Santa Rosa County             ,122,122,25900365,0,0,0,0,0,0,0,0,0,122,122,25900365,0,0,0,0,0,0,0,0,0
201807,12,115,3,5,Sarasota County               ,248,248,61113207,1,2,337480,2,7,1716693,2,57,6095173,127,127,30897279,1,2,337480,1,3,957892,2,57,6095173
201807,12,117,3,5,Seminole County               ,117,117,39590071,0,0,0,0,0,0,1,26,2203005,117,117,39590071,0,0,0,0,0,0,0,0,0
201807,12,119,3,5,Sumter County                 ,177,177,47120972,0,0,0,0,0,0,0,0,0,177,177,47120972,0,0,0,0,0,0,0,0,0
201807,12,129,3,5,Wakulla County                ,16,16,2979630,0,0,0,0,0,0,0,0,0,16,16,2979630,0,0,0,0,0,0,0,0,0
201807,12,131,3,5,Walton County                 ,99,99,42857425,0,0,0,4,16,2682108,4,26,4045630,99,99,42857425,0,0,0,4,16,2682108,4,26,4045630
201807,12,133,3,5,Washington County             ,4,4,554952,0,0,0,0,0,0,0,0,0,0,0,0,0,0,0,0,0,0,0,0,0
201807,13,007,3,5,Baker County                  ,0,0,0,0,0,0,0,0,0,0,0,0,0,0,0,0,0,0,0,0,0,0,0,0
201807,13,013,3,5,Barrow County                 ,52,52,6939702,0,0,0,0,0,0,1,11,786605,0,0,0,0,0,0,0,0,0,0,0,0
201807,13,015,3,5,Bartow County                 ,58,58,13078187,0,0,0,0,0,0,1,70,5200000,57,57,12908901,0,0,0,0,0,0,1,70,5200000
201807,13,021,3,5,Bibb County                   ,9,9,1432153,0,0,0,0,0,0,0,0,0,0,0,0,0,0,0,0,0,0,0,0,0
201807,13,029,3,5,Bryan County                  ,18,18,4566801,0,0,0,0,0,0,0,0,0,18,18,4566801,0,0,0,0,0,0,0,0,0
201807,13,033,3,5,Burke County                  ,4,4,658000,0,0,0,0,0,0,0,0,0,4,4,658000,0,0,0,0,0,0,0,0,0
201807,13,035,3,5,Butts County                  ,3,3,680600,0,0,0,0,0,0,0,0,0,3,3,680600,0,0,0,0,0,0,0,0,0
201807,13,045,3,5,Carroll County                ,33,33,7717496,0,0,0,0,0,0,0,0,0,33,33,7717496,0,0,0,0,0,0,0,0,0
201807,13,051,3,5,Chatham County                ,67,67,14053472,0,0,0,0,0,0,0,0,0,9,9,1025864,0,0,0,0,0,0,0,0,0
201807,13,057,3,5,Cherokee County               ,185,185,45520515,0,0,0,0,0,0,10,282,37048178,185,185,45520515,0,0,0,0,0,0,10,282,37048178
201807,13,059,3,5,Clarke County                 ,19,19,3685741,0,0,0,0,0,0,0,0,0,19,19,3685741,0,0,0,0,0,0,0,0,0
201807,13,063,3,5,Clayton County                ,36,36,8510649,0,0,0,0,0,0,0,0,0,36,36,8510649,0,0,0,0,0,0,0,0,0
201807,13,067,3,5,Cobb County                   ,133,133,32847113,0,0,0,4,15,3027020,4,22,4173174,117,117,29842412,0,0,0,4,15,3027020,4,22,4173174
201807,13,073,3,5,Columbia County               ,85,85,16668805,0,0,0,0,0,0,0,0,0,85,85,16668805,0,0,0,0,0,0,0,0,0
201807,13,077,3,5,Coweta County                 ,78,78,24873309,0,0,0,0,0,0,0,0,0,46,46,16012702,0,0,0,0,0,0,0,0,0
201807,13,085,3,5,Dawson County                 ,29,29,5919791,0,0,0,0,0,0,0,0,0,0,0,0,0,0,0,0,0,0,0,0,0
201807,13,095,3,5,Dougherty County              ,4,4,545341,0,0,0,0,0,0,0,0,0,0,0,0,0,0,0,0,0,0,0,0,0
201807,13,097,3,5,Douglas County                ,50,50,10732713,0,0,0,0,0,0,0,0,0,50,50,10732713,0,0,0,0,0,0,0,0,0
201807,13,111,3,5,Fannin County                 ,7,7,1366253,0,0,0,0,0,0,1,6,517074,7,7,1366253,0,0,0,0,0,0,1,6,517074
201807,13,113,3,5,Fayette County                ,58,58,15196068,0,0,0,0,0,0,0,0,0,26,26,6977013,0,0,0,0,0,0,0,0,0
201807,13,115,3,5,Floyd County                  ,17,17,2701180,0,0,0,0,0,0,0,0,0,17,17,2701180,0,0,0,0,0,0,0,0,0
201807,13,117,3,5,Forsyth County                ,182,182,27179785,0,0,0,0,0,0,0,0,0,182,182,27179785,0,0,0,0,0,0,0,0,0
201807,13,121,3,5,Fulton County                 ,227,227,61534575,1,2,300000,0,0,0,0,0,0,225,225,61311854,1,2,300000,0,0,0,0,0,0
201807,13,127,3,5,Glynn County                  ,51,51,14902243,0,0,0,0,0,0,0,0,0,0,0,0,0,0,0,0,0,0,0,0,0
201807,13,135,3,5,Gwinnett County               ,295,295,70371822,0,0,0,0,0,0,7,430,47036497,288,288,68317763,0,0,0,0,0,0,7,430,47036497
201807,13,143,3,5,Haralson County               ,4,4,915362,0,0,0,0,0,0,0,0,0,0,0,0,0,0,0,0,0,0,0,0,0
201807,13,145,3,5,Harris County                 ,20,20,4823390,0,0,0,0,0,0,0,0,0,20,20,4823390,0,0,0,0,0,0,0,0,0
201807,13,149,3,5,Heard County                  ,3,3,709221,0,0,0,0,0,0,0,0,0,3,3,709221,0,0,0,0,0,0,0,0,0
201807,13,151,3,5,Henry County                  ,199,199,41727339,0,0,0,0,0,0,0,0,0,159,159,36454562,0,0,0,0,0,0,0,0,0
201807,13,159,3,5,Jasper County                 ,7,7,937818,0,0,0,0,0,0,0,0,0,0,0,0,0,0,0,0,0,0,0,0,0
201807,13,171,3,5,Lamar County                  ,7,7,993814,0,0,0,0,0,0,0,0,0,7,7,993814,0,0,0,0,0,0,0,0,0
201807,13,177,3,5,Lee County                    ,4,4,525495,0,0,0,0,0,0,0,0,0,4,4,525495,0,0,0,0,0,0,0,0,0
201807,13,179,3,5,Liberty County                ,24,24,5239601,0,0,0,0,0,0,1,5,208335,12,12,2971132,0,0,0,0,0,0,0,0,0
201807,13,189,3,5,McDuffie County               ,5,5,779000,0,0,0,0,0,0,0,0,0,5,5,779000,0,0,0,0,0,0,0,0,0
201807,13,199,3,5,Meriwether County             ,4,4,945628,0,0,0,0,0,0,0,0,0,4,4,945628,0,0,0,0,0,0,0,0,0
201807,13,201,3,5,Miller County                 ,0,0,0,0,0,0,0,0,0,0,0,0,0,0,0,0,0,0,0,0,0,0,0,0
201807,13,207,3,5,Monroe County                 ,12,12,2704930,0,0,0,0,0,0,0,0,0,0,0,0,0,0,0,0,0,0,0,0,0
201807,13,215,3,5,Muscogee County               ,29,29,5663162,0,0,0,1,4,246186,1,12,2102492,0,0,0,0,0,0,0,0,0,0,0,0
201807,13,217,3,5,Newton County                 ,58,58,8723914,0,0,0,0,0,0,0,0,0,58,58,8723914,0,0,0,0,0,0,0,0,0
201807,13,227,3,5,Pickens County                ,12,12,4202000,0,0,0,0,0,0,0,0,0,12,12,4202000,0,0,0,0,0,0,0,0,0
201807,13,231,3,5,Pike County                   ,8,8,1569412,0,0,0,0,0,0,0,0,0,0,0,0,0,0,0,0,0,0,0,0,0
201807,13,235,3,5,Pulaski County                ,3,3,535000,0,0,0,0,0,0,0,0,0,3,3,535000,0,0,0,0,0,0,0,0,0
201807,13,245,3,5,Richmond County               ,35,35,5751978,0,0,0,0,0,0,1,22,1263665,0,0,0,0,0,0,0,0,0,0,0,0
201807,13,247,3,5,Rockdale County               ,10,10,2364069,0,0,0,0,0,0,0,0,0,10,10,2364069,0,0,0,0,0,0,0,0,0
201807,13,255,3,5,Spalding County               ,15,15,1726129,0,0,0,0,0,0,0,0,0,15,15,1726129,0,0,0,0,0,0,0,0,0
201807,13,275,3,5,Thomas County                 ,7,7,1385398,0,0,0,0,0,0,0,0,0,7,7,1385398,0,0,0,0,0,0,0,0,0
201807,13,291,3,5,Union County                  ,15,15,3612271,0,0,0,0,0,0,0,0,0,15,15,3612271,0,0,0,0,0,0,0,0,0
201807,15,001,4,9,Hawaii County                 ,93,93,30626898,0,0,0,0,0,0,0,0,0,93,93,30626898,0,0,0,0,0,0,0,0,0
201807,15,003,4,9,Honolulu County               ,105,105,39891620,0,0,0,0,0,0,0,0,0,105,105,39891620,0,0,0,0,0,0,0,0,0
201807,15,007,4,9,Kauai County                  ,7,7,5146902,0,0,0,0,0,0,0,0,0,7,7,5146902,0,0,0,0,0,0,0,0,0
201807,15,009,4,9,Maui County                   ,65,65,17218116,0,0,0,0,0,0,0,0,0,65,65,17218116,0,0,0,0,0,0,0,0,0
201807,16,001,4,8,Ada County                    ,422,422,113615247,0,0,0,2,7,524269,6,72,8101579,119,119,28695832,0,0,0,0,0,0,0,0,0
201807,16,015,4,8,Boise County                  ,6,6,1383225,0,0,0,0,0,0,0,0,0,6,6,1383225,0,0,0,0,0,0,0,0,0
201807,16,027,4,8,Canyon County                 ,170,170,28439387,2,4,246807,0,0,0,0,0,0,169,169,28210887,2,4,246807,0,0,0,0,0,0
201807,16,045,4,8,Gem County                    ,9,9,2125566,0,0,0,0,0,0,0,0,0,7,7,1888549,0,0,0,0,0,0,0,0,0
201807,16,073,4,8,Owyhee County                 ,4,4,687730,0,0,0,0,0,0,0,0,0,4,4,687730,0,0,0,0,0,0,0,0,0
201807,17,005,2,3,Bond County                   ,2,2,261208,0,0,0,0,0,0,0,0,0,1,1,85000,0,0,0,0,0,0,0,0,0
201807,17,013,2,3,Calhoun County                ,1,1,154000,0,0,0,0,0,0,0,0,0,1,1,154000,0,0,0,0,0,0,0,0,0
201807,17,031,2,3,Cook County                   ,125,125,39009115,5,10,2273000,12,39,8706643,18,316,47708765,103,103,33983738,5,10,2273000,12,39,8706643,16,306,46872913
201807,17,037,2,3,DeKalb County                 ,21,21,2881400,0,0,0,1,3,279000,0,0,0,21,21,2881400,0,0,0,1,3,279000,0,0,0
201807,17,039,2,3,De Witt County                ,2,2,475000,0,0,0,0,0,0,0,0,0,2,2,475000,0,0,0,0,0,0,0,0,0
201807,17,043,2,3,DuPage County                 ,93,93,34671314,4,8,1319119,3,12,2480000,4,34,2865966,84,84,31179930,3,6,1087500,3,12,2480000,3,18,2486451
201807,17,063,2,3,Grundy County                 ,9,9,1583217,0,0,0,0,0,0,1,10,512820,7,7,1171954,0,0,0,0,0,0,0,0,0
201807,17,083,2,3,Jersey County                 ,1,1,155609,0,0,0,0,0,0,0,0,0,0,0,0,0,0,0,0,0,0,0,0,0
201807,17,093,2,3,Kendall County                ,22,22,4115829,0,0,0,0,0,0,1,5,814916,3,3,428325,0,0,0,0,0,0,0,0,0
201807,17,097,2,3,Lake County                   ,84,84,22682522,2,4,827569,0,0,0,1,13,2337969,52,52,13938498,0,0,0,0,0,0,0,0,0
201807,17,111,2,3,McHenry County                ,23,23,5128539,0,0,0,0,0,0,0,0,0,14,14,3013553,0,0,0,0,0,0,0,0,0
201807,17,119,2,3,Madison County                ,33,33,8412887,0,0,0,0,0,0,1,5,508029,27,27,7116259,0,0,0,0,0,0,0,0,0
201807,17,133,2,3,Monroe County                 ,12,12,2947351,1,2,278179,0,0,0,1,5,432000,8,8,2047079,1,2,278179,0,0,0,0,0,0
201807,17,197,2,3,Will County                   ,126,126,34453145,0,0,0,0,0,0,1,16,1625500,101,101,29247203,0,0,0,0,0,0,1,16,1625500
201807,18,003,2,3,Allen County                  ,84,84,21715109,0,0,0,0,0,0,2,48,4350000,84,84,21715109,0,0,0,0,0,0,2,48,4350000
201807,18,011,2,3,Boone County                  ,34,34,11235525,0,0,0,0,0,0,0,0,0,34,34,11235525,0,0,0,0,0,0,0,0,0
201807,18,013,2,3,Brown County                  ,6,6,1551079,0,0,0,0,0,0,0,0,0,6,6,1551079,0,0,0,0,0,0,0,0,0
201807,18,019,2,3,Clark County                  ,46,46,9832970,0,0,0,0,0,0,4,96,10991136,38,38,8183566,0,0,0,0,0,0,4,96,10991136
201807,18,047,2,3,Franklin County               ,6,6,1609000,0,0,0,0,0,0,1,22,3250000,6,6,1609000,0,0,0,0,0,0,1,22,3250000
201807,18,057,2,3,Hamilton County               ,216,216,76815063,2,4,759570,0,0,0,0,0,0,212,212,75714030,2,4,759570,0,0,0,0,0,0
201807,18,059,2,3,Hancock County                ,89,89,20198737,1,2,120000,0,0,0,0,0,0,89,89,20198737,1,2,120000,0,0,0,0,0,0
201807,18,061,2,3,Harrison County               ,7,7,1546000,0,0,0,0,0,0,0,0,0,7,7,1546000,0,0,0,0,0,0,0,0,0
201807,18,063,2,3,Hendricks County              ,100,100,26790164,1,2,301200,0,0,0,0,0,0,76,76,20669445,1,2,301200,0,0,0,0,0,0
201807,18,069,2,3,Huntington County             ,12,12,3303895,0,0,0,0,0,0,0,0,0,12,12,3303895,0,0,0,0,0,0,0,0,0
201807,18,073,2,3,Jasper County                 ,9,9,1908503,0,0,0,0,0,0,0,0,0,8,8,1758503,0,0,0,0,0,0,0,0,0
201807,18,081,2,3,Johnson County                ,67,67,17609050,0,0,0,0,0,0,0,0,0,63,63,17062343,0,0,0,0,0,0,0,0,0
201807,18,087,2,3,Lagrange County               ,11,11,2190000,0,0,0,0,0,0,0,0,0,11,11,2190000,0,0,0,0,0,0,0,0,0
201807,18,089,2,3,Lake County                   ,112,112,28463298,0,0,0,0,0,0,0,0,0,109,109,27780810,0,0,0,0,0,0,0,0,0
201807,18,097,2,3,Marion County                 ,141,141,35959601,0,0,0,0,0,0,2,208,23814128,141,141,35959601,0,0,0,0,0,0,2,208,23814128
201807,18,105,2,3,Monroe County                 ,21,21,5428777,2,4,556358,0,0,0,0,0,0,21,21,5428777,2,4,556358,0,0,0,0,0,0
201807,18,109,2,3,Morgan County                 ,13,13,2985000,1,2,250000,0,0,0,0,0,0,13,13,2985000,1,2,250000,0,0,0,0,0,0
201807,18,111,2,3,Newton County                 ,2,2,405672,0,0,0,0,0,0,0,0,0,0,0,0,0,0,0,0,0,0,0,0,0
201807,18,115,2,3,Ohio County                   ,7,7,1649000,0,0,0,0,0,0,0,0,0,7,7,1649000,0,0,0,0,0,0,0,0,0
201807,18,119,2,3,Owen County                   ,2,2,517026,0,0,0,0,0,0,0,0,0,2,2,517026,0,0,0,0,0,0,0,0,0
201807,18,127,2,3,Porter County                 ,47,47,15408089,0,0,0,0,0,0,1,12,2417656,39,39,14246980,0,0,0,0,0,0,1,12,2417656
201807,18,133,2,3,Putnam County                 ,14,14,3585413,0,0,0,0,0,0,0,0,0,13,13,3360672,0,0,0,0,0,0,0,0,0
201807,18,145,2,3,Shelby County                 ,5,5,998320,0,0,0,0,0,0,0,0,0,5,5,998320,0,0,0,0,0,0,0,0,0
201807,18,151,2,3,Steuben County                ,12,12,3647518,1,2,280000,0,0,0,0,0,0,12,12,3647518,1,2,280000,0,0,0,0,0,0
201807,18,157,2,3,Tippecanoe County             ,39,39,9432857,0,0,0,0,0,0,1,9,879699,0,0,0,0,0,0,0,0,0,0,0,0
201807,18,163,2,3,Vanderburgh County            ,22,22,3510622,0,0,0,0,0,0,0,0,0,22,22,3510622,0,0,0,0,0,0,0,0,0
201807,18,167,2,3,Vigo County                   ,2,2,372720,1,2,137636,0,0,0,1,11,761129,0,0,0,0,0,0,0,0,0,0,0,0
201807,18,175,2,3,Washington County             ,3,3,808704,0,0,0,0,0,0,0,0,0,0,0,0,0,0,0,0,0,0,0,0,0
201807,18,183,2,3,Whitley County                ,8,8,1976930,0,0,0,0,0,0,0,0,0,8,8,1976930,0,0,0,0,0,0,0,0,0
201807,19,049,2,4,Dallas County                 ,44,44,12406804,0,0,0,0,0,0,0,0,0,42,42,11892397,0,0,0,0,0,0,0,0,0
201807,19,085,2,4,Harrison County               ,2,2,600000,0,0,0,0,0,0,0,0,0,2,2,600000,0,0,0,0,0,0,0,0,0
201807,19,129,2,4,Mills County                  ,0,0,0,0,0,0,0,0,0,0,0,0,0,0,0,0,0,0,0,0,0,0,0,0
201807,19,153,2,4,Polk County                   ,221,221,58652022,0,0,0,0,0,0,5,248,23369075,199,199,55862421,0,0,0,0,0,0,4,240,22807930
201807,19,181,2,4,Warren County                 ,27,27,8542556,0,0,0,0,0,0,0,0,0,25,25,8058687,0,0,0,0,0,0,0,0,0
201807,20,061,2,4,Geary County                  ,1,1,131208,0,0,0,0,0,0,0,0,0,0,0,0,0,0,0,0,0,0,0,0,0
201807,20,091,2,4,Johnson County                ,162,162,56855137,5,10,2610000,7,26,4737115,3,104,16029163,92,92,32907702,5,10,2610000,4,16,3218450,1,76,11586027
201807,20,103,2,4,Leavenworth County            ,33,33,6679938,0,0,0,0,0,0,0,0,0,33,33,6679938,0,0,0,0,0,0,0,0,0
201807,20,107,2,4,Linn County                   ,4,4,396442,0,0,0,0,0,0,0,0,0,0,0,0,0,0,0,0,0,0,0,0,0
201807,20,121,2,4,Miami County                  ,10,10,2701232,0,0,0,0,0,0,0,0,0,5,5,1186672,0,0,0,0,0,0,0,0,0
201807,20,209,2,4,Wyandotte County              ,14,14,2737000,0,0,0,0,0,0,0,0,0,13,13,2462000,0,0,0,0,0,0,0,0,0
201807,21,005,3,6,Anderson County               ,6,6,1306378,0,0,0,0,0,0,0,0,0,6,6,1306378,0,0,0,0,0,0,0,0,0
201807,21,015,3,6,Boone County                  ,60,60,10029546,0,0,0,0,0,0,1,8,756822,60,60,10029546,0,0,0,0,0,0,1,8,756822
201807,21,017,3,6,Bourbon County                ,4,4,900000,0,0,0,0,0,0,0,0,0,4,4,900000,0,0,0,0,0,0,0,0,0
201807,21,021,3,6,Boyle County                  ,6,6,840000,0,0,0,0,0,0,0,0,0,6,6,840000,0,0,0,0,0,0,0,0,0
201807,21,029,3,6,Bullitt County                ,32,32,7416148,0,0,0,1,4,420000,0,0,0,32,32,7416148,0,0,0,1,4,420000,0,0,0
201807,21,035,3,6,Calloway County               ,3,3,565050,0,0,0,0,0,0,0,0,0,3,3,565050,0,0,0,0,0,0,0,0,0
201807,21,037,3,6,Campbell County               ,17,17,5585066,0,0,0,0,0,0,1,5,450000,16,16,5196066,0,0,0,0,0,0,1,5,450000
201807,21,045,3,6,Casey County                  ,0,0,0,0,0,0,0,0,0,0,0,0,0,0,0,0,0,0,0,0,0,0,0,0
201807,21,047,3,6,Christian County              ,3,3,457400,0,0,0,0,0,0,0,0,0,1,1,315000,0,0,0,0,0,0,0,0,0
201807,21,049,3,6,Clark County                  ,1,1,357000,0,0,0,0,0,0,0,0,0,1,1,357000,0,0,0,0,0,0,0,0,0
201807,21,067,3,6,Fayette County                ,71,71,11446703,0,0,0,0,0,0,1,53,3880691,0,0,0,0,0,0,0,0,0,0,0,0
201807,21,069,3,6,Fleming County                ,0,0,0,0,0,0,0,0,0,0,0,0,0,0,0,0,0,0,0,0,0,0,0,0
201807,21,077,3,6,Gallatin County               ,3,3,709221,0,0,0,0,0,0,0,0,0,3,3,709221,0,0,0,0,0,0,0,0,0
201807,21,081,3,6,Grant County                  ,6,6,1010000,0,0,0,0,0,0,0,0,0,6,6,1010000,0,0,0,0,0,0,0,0,0
201807,21,091,3,6,Hancock County                ,0,0,0,0,0,0,0,0,0,0,0,0,0,0,0,0,0,0,0,0,0,0,0,0
201807,21,099,3,6,Hart County                   ,6,6,583500,0,0,0,0,0,0,1,8,908381,0,0,0,0,0,0,0,0,0,0,0,0
201807,21,101,3,6,Henderson County              ,1,1,369954,0,0,0,0,0,0,0,0,0,1,1,369954,0,0,0,0,0,0,0,0,0
201807,21,103,3,6,Henry County                  ,3,3,503348,0,0,0,0,0,0,0,0,0,0,0,0,0,0,0,0,0,0,0,0,0
201807,21,111,3,6,Jefferson County              ,122,122,33494338,0,0,0,0,0,0,2,28,3125000,122,122,33494338,0,0,0,0,0,0,2,28,3125000
201807,21,113,3,6,Jessamine County              ,15,15,2794177,0,0,0,1,3,300000,0,0,0,3,3,1066000,0,0,0,1,3,300000,0,0,0
201807,21,115,3,6,Johnson County                ,0,0,0,0,0,0,0,0,0,0,0,0,0,0,0,0,0,0,0,0,0,0,0,0
201807,21,117,3,6,Kenton County                 ,22,22,5823745,0,0,0,0,0,0,0,0,0,22,22,5823745,0,0,0,0,0,0,0,0,0
201807,21,121,3,6,Knox County                   ,0,0,0,0,0,0,0,0,0,0,0,0,0,0,0,0,0,0,0,0,0,0,0,0
201807,21,123,3,6,Larue County                  ,8,8,1891255,0,0,0,0,0,0,0,0,0,8,8,1891255,0,0,0,0,0,0,0,0,0
201807,21,137,3,6,Lincoln County                ,5,5,619448,0,0,0,0,0,0,0,0,0,0,0,0,0,0,0,0,0,0,0,0,0
201807,21,145,3,6,McCracken County              ,14,14,3282878,0,0,0,0,0,0,0,0,0,14,14,3282878,0,0,0,0,0,0,0,0,0
201807,21,151,3,6,Madison County                ,17,17,1472168,1,2,112996,0,0,0,1,5,168572,4,4,330000,0,0,0,0,0,0,0,0,0
201807,21,157,3,6,Marshall County               ,5,5,6835000,0,0,0,0,0,0,0,0,0,5,5,6835000,0,0,0,0,0,0,0,0,0
201807,21,161,3,6,Mason County                  ,0,0,0,0,0,0,0,0,0,0,0,0,0,0,0,0,0,0,0,0,0,0,0,0
201807,21,163,3,6,Meade County                  ,6,6,815000,1,2,240000,0,0,0,0,0,0,6,6,815000,1,2,240000,0,0,0,0,0,0
201807,21,167,3,6,Mercer County                 ,5,5,861217,0,0,0,0,0,0,0,0,0,0,0,0,0,0,0,0,0,0,0,0,0
201807,21,175,3,6,Morgan County                 ,2,2,150000,0,0,0,0,0,0,0,0,0,0,0,0,0,0,0,0,0,0,0,0,0
201807,21,179,3,6,Nelson County                 ,14,14,2547000,0,0,0,0,0,0,0,0,0,14,14,2547000,0,0,0,0,0,0,0,0,0
201807,21,185,3,6,Oldham County                 ,30,30,9049306,0,0,0,0,0,0,0,0,0,0,0,0,0,0,0,0,0,0,0,0,0
201807,21,191,3,6,Pendleton County              ,0,0,0,0,0,0,0,0,0,0,0,0,0,0,0,0,0,0,0,0,0,0,0,0
201807,21,209,3,6,Scott County                  ,19,19,4554420,0,0,0,0,0,0,1,30,1817283,19,19,4554420,0,0,0,0,0,0,1,30,1817283
201807,21,211,3,6,Shelby County                 ,18,18,4647045,0,0,0,0,0,0,0,0,0,18,18,4647045,0,0,0,0,0,0,0,0,0
201807,21,213,3,6,Simpson County                ,7,7,1047663,0,0,0,0,0,0,1,5,435562,0,0,0,0,0,0,0,0,0,0,0,0
201807,21,215,3,6,Spencer County                ,14,14,3309697,0,0,0,0,0,0,0,0,0,14,14,3309697,0,0,0,0,0,0,0,0,0
201807,21,221,3,6,Trigg County                  ,0,0,0,0,0,0,0,0,0,0,0,0,0,0,0,0,0,0,0,0,0,0,0,0
201807,21,239,3,6,Woodford County               ,3,3,494000,0,0,0,0,0,0,0,0,0,3,3,494000,0,0,0,0,0,0,0,0,0
201807,22,005,3,7,Ascension Parish              ,74,74,10628625,0,0,0,0,0,0,0,0,0,74,74,10628625,0,0,0,0,0,0,0,0,0
201807,22,015,3,7,Bossier Parish                ,51,51,7793130,0,0,0,0,0,0,0,0,0,51,51,7793130,0,0,0,0,0,0,0,0,0
201807,22,017,3,7,Caddo Parish                  ,24,24,4631714,0,0,0,0,0,0,0,0,0,24,24,4631714,0,0,0,0,0,0,0,0,0
201807,22,031,3,7,De Soto Parish                ,11,11,2680069,0,0,0,0,0,0,0,0,0,0,0,0,0,0,0,0,0,0,0,0,0
201807,22,033,3,7,East Baton Rouge Parish       ,109,109,24654660,0,0,0,0,0,0,0,0,0,109,109,24654660,0,0,0,0,0,0,0,0,0
201807,22,037,3,7,East Feliciana Parish         ,6,6,1171074,0,0,0,0,0,0,0,0,0,6,6,1171074,0,0,0,0,0,0,0,0,0
201807,22,047,3,7,Iberville Parish              ,11,11,2938588,0,0,0,0,0,0,0,0,0,2,2,639000,0,0,0,0,0,0,0,0,0
201807,22,051,3,7,Jefferson Parish              ,43,43,9665400,1,2,198021,0,0,0,0,0,0,5,5,1464685,0,0,0,0,0,0,0,0,0
201807,22,055,3,7,Lafayette Parish              ,104,104,21398719,0,0,0,0,0,0,0,0,0,6,6,1905370,0,0,0,0,0,0,0,0,0
201807,22,063,3,7,Livingston Parish             ,74,74,16755516,0,0,0,1,3,232174,0,0,0,0,0,0,0,0,0,0,0,0,0,0,0
201807,22,071,3,7,Orleans Parish                ,43,43,9681555,4,8,845589,0,0,0,1,9,2215274,0,0,0,0,0,0,0,0,0,0,0,0
201807,22,075,3,7,Plaquemines Parish            ,4,4,1014423,0,0,0,0,0,0,0,0,0,0,0,0,0,0,0,0,0,0,0,0,0
201807,22,077,3,7,Pointe Coupee Parish          ,1,1,278554,0,0,0,0,0,0,0,0,0,1,1,278554,0,0,0,0,0,0,0,0,0
201807,22,087,3,7,St. Bernard Parish            ,10,10,1484500,0,0,0,0,0,0,0,0,0,10,10,1484500,0,0,0,0,0,0,0,0,0
201807,22,089,3,7,St. Charles Parish            ,9,9,2127662,0,0,0,0,0,0,0,0,0,9,9,2127662,0,0,0,0,0,0,0,0,0
201807,22,091,3,7,St. Helena Parish             ,3,3,529317,0,0,0,0,0,0,0,0,0,0,0,0,0,0,0,0,0,0,0,0,0
201807,22,095,3,7,St. John the Baptist Parish   ,5,5,825155,0,0,0,0,0,0,0,0,0,0,0,0,0,0,0,0,0,0,0,0,0
201807,22,099,3,7,St. Martin Parish             ,17,17,3127108,0,0,0,0,0,0,0,0,0,0,0,0,0,0,0,0,0,0,0,0,0
201807,22,103,3,7,St. Tammany Parish            ,111,111,26024876,0,0,0,0,0,0,0,0,0,107,107,24681809,0,0,0,0,0,0,0,0,0
201807,22,109,3,7,Terrebonne Parish             ,18,18,4051279,0,0,0,0,0,0,0,0,0,18,18,4051279,0,0,0,0,0,0,0,0,0
201807,22,121,3,7,West Baton Rouge Parish       ,20,20,3356621,0,0,0,0,0,0,0,0,0,18,18,3174497,0,0,0,0,0,0,0,0,0
201807,22,125,3,7,West Feliciana Parish         ,7,7,2882319,0,0,0,0,0,0,0,0,0,7,7,2882319,0,0,0,0,0,0,0,0,0
201807,23,000,1,1,Maine Unorganized Territory   ,9,9,1195202,0,0,0,0,0,0,0,0,0,0,0,0,0,0,0,0,0,0,0,0,0
201807,24,003,3,5,Anne Arundel County           ,199,199,35329061,0,0,0,0,0,0,0,0,0,195,195,34297185,0,0,0,0,0,0,0,0,0
201807,24,005,3,5,Baltimore County              ,83,83,17136750,0,0,0,0,0,0,1,7,945000,83,83,17136750,0,0,0,0,0,0,1,7,945000
201807,24,009,3,5,Calvert County                ,25,25,5739553,0,0,0,0,0,0,0,0,0,0,0,0,0,0,0,0,0,0,0,0,0
201807,24,013,3,5,Carroll County                ,27,27,7837425,0,0,0,0,0,0,1,109,18500000,27,27,7837425,0,0,0,0,0,0,1,109,18500000
201807,24,015,3,5,Cecil County                  ,9,9,2412954,0,0,0,0,0,0,0,0,0,9,9,2412954,0,0,0,0,0,0,0,0,0
201807,24,017,3,5,Charles County                ,82,82,15309000,0,0,0,0,0,0,0,0,0,82,82,15309000,0,0,0,0,0,0,0,0,0
201807,24,021,3,5,Frederick County              ,149,149,36528805,1,2,75000,4,14,20824107,1,7,1359656,149,149,36528805,1,2,75000,4,14,20824107,1,7,1359656
201807,24,023,3,5,Garrett County                ,14,14,4580410,0,0,0,0,0,0,0,0,0,14,14,4580410,0,0,0,0,0,0,0,0,0
201807,24,025,3,5,Harford County                ,66,66,13577910,0,0,0,0,0,0,0,0,0,64,64,12890754,0,0,0,0,0,0,0,0,0
201807,24,027,3,5,Howard County                 ,55,55,13458000,0,0,0,0,0,0,3,48,4500000,55,55,13458000,0,0,0,0,0,0,3,48,4500000
201807,24,031,3,5,Montgomery County             ,154,154,36071137,1,2,133333,0,0,0,0,0,0,151,151,35581036,0,0,0,0,0,0,0,0,0
201807,24,033,3,5,Prince George County          ,151,151,35874220,0,0,0,0,0,0,0,0,0,147,147,34751815,0,0,0,0,0,0,0,0,0
201807,24,035,3,5,Queen Anne County             ,18,18,4202010,0,0,0,0,0,0,0,0,0,18,18,4202010,0,0,0,0,0,0,0,0,0
201807,24,037,3,5,St. Marys County              ,68,68,17502625,0,0,0,0,0,0,6,60,1182554,65,65,16540000,0,0,0,0,0,0,6,60,1182554
201807,24,039,3,5,Somerset County               ,3,3,422695,0,0,0,0,0,0,0,0,0,2,2,265000,0,0,0,0,0,0,0,0,0
201807,24,045,3,5,Wicomico County               ,14,14,2850802,0,0,0,0,0,0,0,0,0,13,13,2731162,0,0,0,0,0,0,0,0,0
201807,24,510,3,5,Baltimore (Independent City)  ,8,8,1100000,0,0,0,0,0,0,2,386,61301250,8,8,1100000,0,0,0,0,0,0,2,386,61301250
201807,25,005,1,1,Bristol County                ,55,55,12288659,1,2,278500,0,0,0,0,0,0,20,20,5901967,0,0,0,0,0,0,0,0,0
201807,25,009,1,1,Essex County                  ,70,70,22589025,3,6,1417889,0,0,0,3,28,5269195,47,47,15363045,2,4,967000,0,0,0,0,0,0
201807,25,017,1,1,Middlesex County              ,91,91,30281632,18,36,5552837,1,3,630632,9,123,20158553,34,34,11925891,15,30,4332000,0,0,0,1,9,500000
201807,25,021,1,1,Norfolk County                ,66,66,24400600,1,2,347833,1,3,486179,10,216,24078543,46,46,17181900,0,0,0,1,3,486179,8,195,22266175
201807,25,023,1,1,Plymouth County               ,92,92,23306990,0,0,0,1,3,381171,1,7,1004586,60,60,15068964,0,0,0,0,0,0,0,0,0
201807,25,025,1,1,Suffolk County                ,6,6,1507158,2,4,800000,4,15,2350000,3,17,3498533,5,5,1330102,2,4,800000,4,15,2350000,0,0,0
201807,26,000,2,3,Michigan Balance of State     ,7,7,1314678,0,0,0,0,0,0,0,0,0,0,0,0,0,0,0,0,0,0,0,0,0
201807,26,019,2,3,Benzie County                 ,10,10,2338005,0,0,0,0,0,0,0,0,0,10,10,2338005,0,0,0,0,0,0,0,0,0
201807,26,029,2,3,Charlevoix County             ,10,10,2286041,0,0,0,0,0,0,0,0,0,0,0,0,0,0,0,0,0,0,0,0,0
201807,26,089,2,3,Leelanau County               ,26,26,5933265,0,0,0,0,0,0,0,0,0,26,26,5933265,0,0,0,0,0,0,0,0,0
201807,26,093,2,3,Livingston County             ,67,67,17991844,0,0,0,0,0,0,2,12,1894128,65,65,17787701,0,0,0,0,0,0,2,12,1894128
201807,26,095,2,3,Luce County                   ,1,1,190743,0,0,0,0,0,0,0,0,0,0,0,0,0,0,0,0,0,0,0,0,0
201807,26,099,2,3,Macomb County                 ,135,135,39738618,1,2,183192,0,0,0,5,56,6655564,104,104,31575986,0,0,0,0,0,0,4,48,5545434
201807,26,103,2,3,Marquette County              ,17,17,4418561,0,0,0,0,0,0,0,0,0,17,17,4418561,0,0,0,0,0,0,0,0,0
201807,26,137,2,3,Otsego County                 ,2,2,162000,0,0,0,0,0,0,0,0,0,0,0,0,0,0,0,0,0,0,0,0,0
201807,26,147,2,3,St. Clair County              ,18,18,3907101,0,0,0,0,0,0,0,0,0,14,14,3148613,0,0,0,0,0,0,0,0,0
201807,26,163,2,3,Wayne County                  ,80,80,23168670,0,0,0,2,6,810624,4,32,3385409,64,64,20047593,0,0,0,2,6,810624,3,17,2296768
201807,27,003,2,4,Anoka County                  ,96,96,25298322,0,0,0,0,0,0,1,14,1790315,76,76,19464198,0,0,0,0,0,0,0,0,0
201807,27,019,2,4,Carver County                 ,52,52,16201742,0,0,0,0,0,0,0,0,0,46,46,13938757,0,0,0,0,0,0,0,0,0
201807,27,025,2,4,Chisago County                ,34,34,6817003,0,0,0,0,0,0,0,0,0,33,33,6642899,0,0,0,0,0,0,0,0,0
201807,27,027,2,4,Clay County                   ,27,27,5763400,1,2,325000,2,8,1400000,1,28,2600000,27,27,5763400,1,2,325000,2,8,1400000,1,28,2600000
201807,27,037,2,4,Dakota County                 ,93,93,27076600,0,0,0,0,0,0,1,55,8800000,81,81,23372886,0,0,0,0,0,0,1,55,8800000
201807,27,053,2,4,Hennepin County               ,163,163,62962204,0,0,0,0,0,0,6,659,103859226,155,155,57330611,0,0,0,0,0,0,6,659,103859226
201807,27,059,2,4,Isanti County                 ,26,26,4927739,0,0,0,0,0,0,0,0,0,16,16,2814113,0,0,0,0,0,0,0,0,0
201807,27,123,2,4,Ramsey County                 ,14,14,3962341,0,0,0,0,0,0,1,16,4700000,13,13,3552379,0,0,0,0,0,0,1,16,4700000
201807,27,139,2,4,Scott County                  ,71,71,22203999,0,0,0,0,0,0,0,0,0,69,69,21689312,0,0,0,0,0,0,0,0,0
201807,27,141,2,4,Sherburne County              ,59,59,13473271,0,0,0,0,0,0,0,0,0,58,58,13331326,0,0,0,0,0,0,0,0,0
201807,27,163,2,4,Washington County             ,97,97,31818855,1,2,480000,0,0,0,2,146,21145000,91,91,29344919,1,2,480000,0,0,0,2,146,21145000
201807,27,171,2,4,Wright County                 ,89,89,24782296,0,0,0,0,0,0,0,0,0,84,84,23685925,0,0,0,0,0,0,0,0,0
201807,28,033,3,6,DeSoto County                 ,113,113,18854819,0,0,0,0,0,0,0,0,0,109,109,18463063,0,0,0,0,0,0,0,0,0
201807,28,041,3,6,Greene County                 ,0,0,0,0,0,0,0,0,0,0,0,0,0,0,0,0,0,0,0,0,0,0,0,0
201807,28,045,3,6,Hancock County                ,41,41,7093431,1,2,185179,1,3,301084,1,9,761964,12,12,2699648,0,0,0,0,0,0,0,0,0
201807,28,047,3,6,Harrison County               ,110,110,19132723,0,0,0,0,0,0,0,0,0,86,86,15981512,0,0,0,0,0,0,0,0,0
201807,28,067,3,6,Jones County                  ,5,5,1332750,0,0,0,0,0,0,0,0,0,5,5,1332750,0,0,0,0,0,0,0,0,0
201807,28,129,3,6,Smith County                  ,0,0,0,0,0,0,0,0,0,0,0,0,0,0,0,0,0,0,0,0,0,0,0,0
201807,28,137,3,6,Tate County                   ,13,13,2941000,0,0,0,0,0,0,0,0,0,13,13,2941000,0,0,0,0,0,0,0,0,0
201807,28,143,3,6,Tunica County                 ,0,0,0,0,0,0,0,0,0,0,0,0,0,0,0,0,0,0,0,0,0,0,0,0
201807,28,145,3,6,Union County                  ,0,0,0,0,0,0,0,0,0,0,0,0,0,0,0,0,0,0,0,0,0,0,0,0
201807,28,149,3,6,Warren County                 ,0,0,0,0,0,0,0,0,0,0,0,0,0,0,0,0,0,0,0,0,0,0,0,0
201807,29,013,2,4,Bates County                  ,0,0,0,0,0,0,0,0,0,0,0,0,0,0,0,0,0,0,0,0,0,0,0,0
201807,29,017,2,4,Bollinger County              ,0,0,0,0,0,0,0,0,0,0,0,0,0,0,0,0,0,0,0,0,0,0,0,0
201807,29,019,2,4,Boone County                  ,43,43,12887105,0,0,0,0,0,0,0,0,0,43,43,12887105,0,0,0,0,0,0,0,0,0
201807,29,049,2,4,Clinton County                ,6,6,1007133,0,0,0,0,0,0,0,0,0,3,3,505000,0,0,0,0,0,0,0,0,0
201807,29,065,2,4,Dent County                   ,0,0,0,0,0,0,0,0,0,0,0,0,0,0,0,0,0,0,0,0,0,0,0,0
201807,29,071,2,4,Franklin County               ,27,27,6368919,0,0,0,0,0,0,0,0,0,10,10,2406402,0,0,0,0,0,0,0,0,0
201807,29,095,2,4,Jackson County                ,127,127,32492498,9,18,2571000,2,7,620650,0,0,0,124,124,31753543,9,18,2571000,2,7,620650,0,0,0
201807,29,099,2,4,Jefferson County              ,59,59,11609578,0,0,0,0,0,0,0,0,0,56,56,11295902,0,0,0,0,0,0,0,0,0
201807,29,105,2,4,Laclede County                ,3,3,251900,0,0,0,0,0,0,0,0,0,3,3,251900,0,0,0,0,0,0,0,0,0
201807,29,107,2,4,Lafayette County              ,4,4,480000,0,0,0,0,0,0,0,0,0,4,4,480000,0,0,0,0,0,0,0,0,0
201807,29,113,2,4,Lincoln County                ,14,14,2400987,0,0,0,1,3,359288,0,0,0,9,9,1142000,0,0,0,0,0,0,0,0,0
201807,29,165,2,4,Platte County                 ,33,33,8094357,0,0,0,0,0,0,0,0,0,32,32,7733706,0,0,0,0,0,0,0,0,0
201807,29,185,2,4,St. Clair County              ,0,0,0,0,0,0,0,0,0,0,0,0,0,0,0,0,0,0,0,0,0,0,0,0
201807,29,189,2,4,St. Louis County              ,100,100,34798762,0,0,0,0,0,0,2,22,2569833,32,32,13136723,0,0,0,0,0,0,0,0,0
201807,29,219,2,4,Warren County                 ,33,33,7524493,0,0,0,0,0,0,0,0,0,33,33,7524493,0,0,0,0,0,0,0,0,0
201807,29,221,2,4,Washington County             ,0,0,0,0,0,0,0,0,0,0,0,0,0,0,0,0,0,0,0,0,0,0,0,0
201807,29,510,2,4,St. Louis (Independent City)  ,9,9,2445433,0,0,0,0,0,0,0,0,0,9,9,2445433,0,0,0,0,0,0,0,0,0
201807,30,033,4,8,Garfield County               ,0,0,0,0,0,0,0,0,0,0,0,0,0,0,0,0,0,0,0,0,0,0,0,0
201807,30,063,4,8,Missoula County               ,63,63,11321989,0,0,0,3,12,569959,1,14,940588,63,63,11321989,0,0,0,3,12,569959,1,14,940588
201807,30,093,4,8,Silver Bow County             ,4,4,424804,0,0,0,0,0,0,0,0,0,4,4,424804,0,0,0,0,0,0,0,0,0
201807,31,001,2,4,Adams County                  ,3,3,1166670,0,0,0,0,0,0,0,0,0,2,2,881670,0,0,0,0,0,0,0,0,0
201807,31,025,2,4,Cass County                   ,19,19,3454431,0,0,0,0,0,0,0,0,0,19,19,3454431,0,0,0,0,0,0,0,0,0
201807,31,033,2,4,Cheyenne County               ,0,0,0,0,0,0,3,10,930000,0,0,0,0,0,0,0,0,0,3,10,930000,0,0,0
201807,31,055,2,4,Douglas County                ,123,123,19581606,0,0,0,0,0,0,1,36,1887725,111,111,16747908,0,0,0,0,0,0,1,36,1887725
201807,31,105,2,4,Kimball County                ,0,0,0,0,0,0,0,0,0,0,0,0,0,0,0,0,0,0,0,0,0,0,0,0
201807,31,153,2,4,Sarpy County                  ,76,76,20220464,0,0,0,0,0,0,1,30,1297451,21,21,5378864,0,0,0,0,0,0,1,30,1297451
201807,31,165,2,4,Sioux County                  ,0,0,0,0,0,0,0,0,0,0,0,0,0,0,0,0,0,0,0,0,0,0,0,0
201807,31,177,2,4,Washington County             ,9,9,1973492,0,0,0,0,0,0,0,0,0,9,9,1973492,0,0,0,0,0,0,0,0,0
201807,32,001,4,8,Churchill County              ,2,2,328673,0,0,0,0,0,0,0,0,0,2,2,328673,0,0,0,0,0,0,0,0,0
201807,32,003,4,8,Clark County                  ,871,871,207262749,0,0,0,0,0,0,2,12,1446624,871,871,207262749,0,0,0,0,0,0,2,12,1446624
201807,32,005,4,8,Douglas County                ,13,13,5044112,0,0,0,0,0,0,0,0,0,13,13,5044112,0,0,0,0,0,0,0,0,0
201807,32,007,4,8,Elko County                   ,18,18,2949337,0,0,0,0,0,0,0,0,0,18,18,2949337,0,0,0,0,0,0,0,0,0
201807,32,013,4,8,Humboldt County               ,1,1,101027,0,0,0,0,0,0,0,0,0,0,0,0,0,0,0,0,0,0,0,0,0
201807,32,015,4,8,Lander County                 ,0,0,0,0,0,0,0,0,0,0,0,0,0,0,0,0,0,0,0,0,0,0,0,0
201807,32,017,4,8,Lincoln County                ,1,1,273137,0,0,0,0,0,0,0,0,0,0,0,0,0,0,0,0,0,0,0,0,0
201807,32,019,4,8,Lyon County                   ,27,27,6862108,0,0,0,0,0,0,0,0,0,27,27,6862108,0,0,0,0,0,0,0,0,0
201807,32,021,4,8,Mineral County                ,0,0,0,0,0,0,0,0,0,0,0,0,0,0,0,0,0,0,0,0,0,0,0,0
201807,32,027,4,8,Pershing County               ,2,2,131342,0,0,0,0,0,0,0,0,0,2,2,131342,0,0,0,0,0,0,0,0,0
201807,32,029,4,8,Storey County                 ,1,1,201908,0,0,0,0,0,0,0,0,0,0,0,0,0,0,0,0,0,0,0,0,0
201807,32,031,4,8,Washoe County                 ,211,211,58125677,0,0,0,0,0,0,3,64,7792236,211,211,58125677,0,0,0,0,0,0,3,64,7792236
201807,32,033,4,8,White Pine County             ,0,0,0,0,0,0,0,0,0,0,0,0,0,0,0,0,0,0,0,0,0,0,0,0
201807,32,510,4,8,Carson City (Independent City),13,13,3707303,0,0,0,0,0,0,0,0,0,13,13,3707303,0,0,0,0,0,0,0,0,0
201807,33,015,1,1,Rockingham County             ,71,71,18497874,2,4,400000,3,12,1491691,4,47,9593669,60,60,15711129,2,4,400000,3,12,1491691,3,42,9101533
201807,33,017,1,1,Strafford County              ,25,25,5544658,0,0,0,0,0,0,1,5,465517,15,15,3571339,0,0,0,0,0,0,0,0,0
201807,34,001,1,2,Atlantic County               ,31,31,5195188,0,0,0,0,0,0,3,54,6057034,26,26,4574504,0,0,0,0,0,0,0,0,0
201807,34,003,1,2,Bergen County                 ,128,128,27858125,4,8,1712525,0,0,0,10,166,20058676,108,108,21462002,3,6,1429000,0,0,0,2,54,10753000
201807,34,005,1,2,Burlington County             ,57,57,6187560,0,0,0,0,0,0,3,17,1563498,16,16,1912904,0,0,0,0,0,0,0,0,0
201807,34,007,1,2,Camden County                 ,8,8,1169390,0,0,0,0,0,0,3,36,1649037,3,3,479100,0,0,0,0,0,0,0,0,0
201807,34,009,1,2,Cape May County               ,33,33,10250731,2,4,882000,0,0,0,0,0,0,27,27,8891617,2,4,882000,0,0,0,0,0,0
201807,34,011,1,2,Cumberland County             ,8,8,674352,0,0,0,0,0,0,0,0,0,4,4,297888,0,0,0,0,0,0,0,0,0
201807,34,013,1,2,Essex County                  ,30,30,5195873,3,6,649100,1,3,845701,8,188,10033689,10,10,3570005,3,6,649100,0,0,0,3,95,3695000
201807,34,015,1,2,Gloucester County             ,57,57,8422333,0,0,0,0,0,0,1,6,709165,44,44,6989339,0,0,0,0,0,0,0,0,0
201807,34,017,1,2,Hudson County                 ,9,9,2438686,3,6,693100,1,3,372923,4,84,17286166,8,8,2135025,2,4,413100,1,3,372923,1,14,1980000
201807,34,019,1,2,Hunterdon County              ,16,16,3037679,0,0,0,0,0,0,2,10,526510,9,9,1742620,0,0,0,0,0,0,0,0,0
201807,34,021,1,2,Mercer County                 ,15,15,4916343,0,0,0,2,8,230295,1,5,2892,9,9,1660092,0,0,0,0,0,0,0,0,0
201807,34,023,1,2,Middlesex County              ,68,68,12892956,1,2,210400,0,0,0,5,60,4860912,51,51,9168086,0,0,0,0,0,0,1,7,937650
201807,34,025,1,2,Monmouth County               ,86,86,20906169,0,0,0,0,0,0,6,57,2811477,62,62,11811091,0,0,0,0,0,0,3,37,2315030
201807,34,027,1,2,Morris County                 ,46,46,11868800,0,0,0,0,0,0,3,47,2603305,21,21,5615490,0,0,0,0,0,0,0,0,0
201807,34,029,1,2,Ocean County                  ,152,152,30423318,0,0,0,0,0,0,1,9,918593,110,110,24682395,0,0,0,0,0,0,0,0,0
201807,34,031,1,2,Passaic County                ,28,28,3936548,0,0,0,0,0,0,3,25,1033251,26,26,3593500,0,0,0,0,0,0,1,9,100000
201807,34,033,1,2,Salem County                  ,7,7,1367819,0,0,0,0,0,0,0,0,0,5,5,1106950,0,0,0,0,0,0,0,0,0
201807,34,035,1,2,Somerset County               ,39,39,6087830,0,0,0,0,0,0,4,32,2034703,27,27,4132620,0,0,0,0,0,0,0,0,0
201807,34,037,1,2,Sussex County                 ,4,4,926967,0,0,0,0,0,0,0,0,0,2,2,468600,0,0,0,0,0,0,0,0,0
201807,34,039,1,2,Union County                  ,19,19,5267569,1,2,163000,0,0,0,7,274,25173220,3,3,1319200,1,2,163000,0,0,0,3,231,22173500
201807,34,041,1,2,Warren County                 ,7,7,1039168,0,0,0,0,0,0,0,0,0,7,7,1039168,0,0,0,0,0,0,0,0,0
201807,35,000,4,8,New Mexico Balance of State   ,39,39,10574882,0,0,0,0,0,0,0,0,0,0,0,0,0,0,0,0,0,0,0,0,0
201807,35,001,4,8,Bernalillo County             ,118,118,25582933,0,0,0,0,0,0,1,11,1085246,11,11,4939316,0,0,0,0,0,0,0,0,0
201807,35,005,4,8,Chaves County                 ,5,5,859199,0,0,0,0,0,0,0,0,0,0,0,0,0,0,0,0,0,0,0,0,0
201807,35,007,4,8,Colfax County                 ,0,0,0,0,0,0,0,0,0,0,0,0,0,0,0,0,0,0,0,0,0,0,0,0
201807,35,009,4,8,Curry County                  ,6,6,1519062,0,0,0,0,0,0,1,5,460938,0,0,0,0,0,0,0,0,0,0,0,0
201807,35,013,4,8,Dona Ana County               ,60,60,14087608,0,0,0,0,0,0,0,0,0,60,60,14087608,0,0,0,0,0,0,0,0,0
201807,35,015,4,8,Eddy County                   ,19,19,4198290,0,0,0,0,0,0,0,0,0,19,19,4198290,0,0,0,0,0,0,0,0,0
201807,35,017,4,8,Grant County                  ,1,1,162507,0,0,0,0,0,0,0,0,0,0,0,0,0,0,0,0,0,0,0,0,0
201807,35,025,4,8,Lea County                    ,19,19,3808201,0,0,0,0,0,0,0,0,0,19,19,3808201,0,0,0,0,0,0,0,0,0
201807,35,027,4,8,Lincoln County                ,8,8,2020035,0,0,0,0,0,0,0,0,0,0,0,0,0,0,0,0,0,0,0,0,0
201807,35,028,4,8,Los Alamos County             ,2,2,650000,0,0,0,0,0,0,0,0,0,2,2,650000,0,0,0,0,0,0,0,0,0
201807,35,029,4,8,Luna County                   ,5,5,777608,0,0,0,0,0,0,0,0,0,4,4,591000,0,0,0,0,0,0,0,0,0
201807,35,031,4,8,McKinley County               ,1,1,260000,0,0,0,0,0,0,0,0,0,1,1,260000,0,0,0,0,0,0,0,0,0
201807,35,035,4,8,Otero County                  ,0,0,0,0,0,0,0,0,0,0,0,0,0,0,0,0,0,0,0,0,0,0,0,0
201807,35,041,4,8,Roosevelt County              ,2,2,302038,0,0,0,0,0,0,0,0,0,0,0,0,0,0,0,0,0,0,0,0,0
201807,35,043,4,8,Sandoval County               ,52,52,11688571,0,0,0,0,0,0,1,5,208333,39,39,8488128,0,0,0,0,0,0,0,0,0
201807,35,045,4,8,San Juan County               ,6,6,1140705,0,0,0,0,0,0,0,0,0,6,6,1140705,0,0,0,0,0,0,0,0,0
201807,35,047,4,8,San Miguel County             ,0,0,0,0,0,0,0,0,0,0,0,0,0,0,0,0,0,0,0,0,0,0,0,0
201807,35,049,4,8,Santa Fe County               ,36,36,6831070,0,0,0,0,0,0,0,0,0,36,36,6831070,0,0,0,0,0,0,0,0,0
201807,35,051,4,8,Sierra County                 ,1,1,95000,0,0,0,0,0,0,0,0,0,0,0,0,0,0,0,0,0,0,0,0,0
201807,35,053,4,8,Socorro County                ,0,0,0,0,0,0,0,0,0,0,0,0,0,0,0,0,0,0,0,0,0,0,0,0
201807,35,055,4,8,Taos County                   ,9,9,986902,0,0,0,0,0,0,0,0,0,0,0,0,0,0,0,0,0,0,0,0,0
201807,35,061,4,8,Valencia County               ,3,3,714069,0,0,0,0,0,0,0,0,0,3,3,714069,0,0,0,0,0,0,0,0,0
201807,36,001,1,2,Albany County                 ,19,19,5041760,0,0,0,1,4,600000,2,45,9240506,17,17,4655487,0,0,0,1,4,600000,1,35,7600000
201807,36,005,1,2,Bronx County                  ,1,1,266020,1,2,296439,0,0,0,8,173,22516520,1,1,266020,1,2,296439,0,0,0,8,173,22516520
201807,36,029,1,2,Erie County                   ,78,78,24996215,0,0,0,0,0,0,2,28,5724396,55,55,16875265,0,0,0,0,0,0,1,6,800000
201807,36,047,1,2,Kings County                  ,6,6,1596122,3,6,889316,4,12,1491691,24,1642,213711713,6,6,1596122,3,6,889316,4,12,1491691,24,1642,213711713
201807,36,051,1,2,Livingston County             ,3,3,597615,0,0,0,0,0,0,0,0,0,0,0,0,0,0,0,0,0,0,0,0,0
201807,36,055,1,2,Monroe County                 ,85,85,17680123,2,4,900000,0,0,0,1,9,810000,74,74,15673493,2,4,900000,0,0,0,1,9,810000
201807,36,059,1,2,Nassau County                 ,78,78,24158924,1,2,302667,0,0,0,2,32,4555490,10,10,8552918,0,0,0,0,0,0,0,0,0
201807,36,061,1,2,New York County               ,0,0,0,0,0,0,0,0,0,5,220,28633725,0,0,0,0,0,0,0,0,0,5,220,28633725
201807,36,063,1,2,Niagara County                ,15,15,3153182,0,0,0,0,0,0,1,5,416667,14,14,3030000,0,0,0,0,0,0,0,0,0
201807,36,069,1,2,Ontario County                ,21,21,4535530,0,0,0,0,0,0,0,0,0,19,19,4144905,0,0,0,0,0,0,0,0,0
201807,36,073,1,2,Orleans County                ,2,2,268500,0,0,0,0,0,0,0,0,0,1,1,100000,0,0,0,0,0,0,0,0,0
201807,36,079,1,2,Putnam County                 ,2,2,414534,0,0,0,0,0,0,1,5,657577,0,0,0,0,0,0,0,0,0,0,0,0
201807,36,081,1,2,Queens County                 ,4,4,1064082,12,24,3557263,1,3,372923,5,118,15358089,4,4,1064082,12,24,3557263,1,3,372923,5,118,15358089
201807,36,083,1,2,Rensselaer County             ,9,9,2167344,0,0,0,1,4,470000,0,0,0,5,5,1085000,0,0,0,1,4,470000,0,0,0
201807,36,085,1,2,Richmond County               ,11,11,2926224,14,28,4150140,0,0,0,0,0,0,11,11,2926224,14,28,4150140,0,0,0,0,0,0
201807,36,087,1,2,Rockland County               ,10,10,5177018,1,2,258601,0,0,0,4,30,4474015,4,4,3505000,0,0,0,0,0,0,1,8,1100000
201807,36,091,1,2,Saratoga County               ,75,75,23183709,0,0,0,1,3,600000,3,23,2651293,54,54,16117033,0,0,0,1,3,600000,0,0,0
201807,36,093,1,2,Schenectady County            ,13,13,2505643,0,0,0,2,8,900000,2,10,800000,10,10,2011500,0,0,0,2,8,900000,2,10,800000
201807,36,095,1,2,Schoharie County              ,5,5,1802000,0,0,0,0,0,0,0,0,0,5,5,1802000,0,0,0,0,0,0,0,0,0
201807,36,099,1,2,Seneca County                 ,2,2,354169,0,0,0,0,0,0,0,0,0,0,0,0,0,0,0,0,0,0,0,0,0
201807,36,103,1,2,Suffolk County                ,69,69,39366038,0,0,0,0,0,0,2,12,1667068,41,41,24030850,0,0,0,0,0,0,0,0,0
201807,36,117,1,2,Wayne County                  ,6,6,1089250,0,0,0,1,3,100000,0,0,0,5,5,889000,0,0,0,0,0,0,0,0,0
201807,36,119,1,2,Westchester County            ,20,20,19451850,1,2,237500,1,3,120000,3,49,5959649,12,12,15225685,0,0,0,0,0,0,0,0,0
201807,37,007,3,5,Anson County                  ,4,4,599460,0,0,0,0,0,0,0,0,0,0,0,0,0,0,0,0,0,0,0,0,0
201807,37,011,3,5,Avery County                  ,15,15,10797497,0,0,0,0,0,0,0,0,0,15,15,10797497,0,0,0,0,0,0,0,0,0
201807,37,015,3,5,Bertie County                 ,2,2,261991,0,0,0,0,0,0,0,0,0,0,0,0,0,0,0,0,0,0,0,0,0
201807,37,025,3,5,Cabarrus County               ,143,143,25286096,0,0,0,0,0,0,0,0,0,143,143,25286096,0,0,0,0,0,0,0,0,0
201807,37,033,3,5,Caswell County                ,7,7,939903,0,0,0,0,0,0,0,0,0,7,7,939903,0,0,0,0,0,0,0,0,0
201807,37,037,3,5,Chatham County                ,67,67,20707939,0,0,0,0,0,0,0,0,0,67,67,20707939,0,0,0,0,0,0,0,0,0
201807,37,051,3,5,Cumberland County             ,46,46,7911932,0,0,0,0,0,0,0,0,0,46,46,7911932,0,0,0,0,0,0,0,0,0
201807,37,053,3,5,Currituck County              ,27,27,7977581,0,0,0,0,0,0,0,0,0,27,27,7977581,0,0,0,0,0,0,0,0,0
201807,37,059,3,5,Davie County                  ,13,13,3114259,0,0,0,0,0,0,1,7,315828,0,0,0,0,0,0,0,0,0,0,0,0
201807,37,063,3,5,Durham County                 ,181,181,34841283,1,2,169897,0,0,0,3,104,8284782,0,0,0,0,0,0,0,0,0,0,0,0
201807,37,069,3,5,Franklin County               ,55,55,10399368,0,0,0,0,0,0,0,0,0,55,55,10399368,0,0,0,0,0,0,0,0,0
201807,37,071,3,5,Gaston County                 ,100,100,29837719,0,0,0,0,0,0,1,5,792450,27,27,9105201,0,0,0,0,0,0,0,0,0
201807,37,081,3,5,Guilford County               ,133,133,35175987,0,0,0,0,0,0,2,48,3115320,133,133,35175987,0,0,0,0,0,0,2,48,3115320
201807,37,089,3,5,Henderson County              ,43,43,10233922,0,0,0,0,0,0,0,0,0,43,43,10233922,0,0,0,0,0,0,0,0,0
201807,37,093,3,5,Hoke County                   ,31,31,7328614,0,0,0,0,0,0,0,0,0,31,31,7328614,0,0,0,0,0,0,0,0,0
201807,37,097,3,5,Iredell County                ,122,122,35074383,0,0,0,0,0,0,4,68,6568400,122,122,35074383,0,0,0,0,0,0,4,68,6568400
201807,37,101,3,5,Johnston County               ,305,305,44769328,0,0,0,0,0,0,0,0,0,305,305,44769328,0,0,0,0,0,0,0,0,0
201807,37,119,3,5,Mecklenburg County            ,529,529,125059253,0,0,0,0,0,0,6,349,19257305,529,529,125059253,0,0,0,0,0,0,6,349,19257305
201807,37,133,3,5,Onslow County                 ,119,119,19623784,0,0,0,0,0,0,0,0,0,119,119,19623784,0,0,0,0,0,0,0,0,0
201807,37,135,3,5,Orange County                 ,52,52,13381770,0,0,0,0,0,0,0,0,0,52,52,13381770,0,0,0,0,0,0,0,0,0
201807,37,145,3,5,Person County                 ,16,16,2831231,0,0,0,0,0,0,0,0,0,16,16,2831231,0,0,0,0,0,0,0,0,0
201807,37,151,3,5,Randolph County               ,34,34,6811295,0,0,0,0,0,0,0,0,0,9,9,646000,0,0,0,0,0,0,0,0,0
201807,37,157,3,5,Rockingham County             ,19,19,4505040,0,0,0,1,4,414899,0,0,0,19,19,4505040,0,0,0,1,4,414899,0,0,0
201807,37,179,3,5,Union County                  ,153,153,32843534,0,0,0,0,0,0,0,0,0,153,153,32843534,0,0,0,0,0,0,0,0,0
201807,37,181,3,5,Vance County                  ,4,4,1061377,0,0,0,0,0,0,0,0,0,4,4,1061377,0,0,0,0,0,0,0,0,0
201807,37,183,3,5,Wake County                   ,687,687,147007981,1,2,125000,0,0,0,14,774,75155378,602,602,129285927,1,2,125000,0,0,0,14,774,75155378
201807,37,195,3,5,Wilson County                 ,20,20,2215322,0,0,0,0,0,0,0,0,0,20,20,2215322,0,0,0,0,0,0,0,0,0
201807,39,007,2,3,Ashtabula County              ,8,8,1467258,1,2,160841,0,0,0,0,0,0,0,0,0,0,0,0,0,0,0,0,0,0
201807,39,015,2,3,Brown County                  ,5,5,1292566,2,4,556358,0,0,0,0,0,0,5,5,1292566,2,4,556358,0,0,0,0,0,0
201807,39,017,2,3,Butler County                 ,63,63,13722370,0,0,0,0,0,0,0,0,0,54,54,11997783,0,0,0,0,0,0,0,0,0
201807,39,025,2,3,Clermont County               ,45,45,10288884,0,0,0,2,7,537700,1,5,325000,45,45,10288884,0,0,0,2,7,537700,1,5,325000
201807,39,041,2,3,Delaware County               ,137,137,36415125,2,4,1200000,0,0,0,3,22,1845005,132,132,34433507,2,4,1200000,0,0,0,2,11,495000
201807,39,049,2,3,Franklin County               ,156,156,49255564,0,0,0,1,4,304000,32,842,65260423,142,142,45025296,0,0,0,1,4,304000,31,837,65035423
201807,39,055,2,3,Geauga County                 ,10,10,2585132,0,0,0,0,0,0,0,0,0,10,10,2585132,0,0,0,0,0,0,0,0,0
201807,39,085,2,3,Lake County                   ,23,23,6086786,0,0,0,0,0,0,1,5,457317,21,21,5569786,0,0,0,0,0,0,0,0,0
201807,39,089,2,3,Licking County                ,23,23,6072735,0,0,0,0,0,0,0,0,0,0,0,0,0,0,0,0,0,0,0,0,0
201807,39,093,2,3,Lorain County                 ,127,127,20719723,3,6,820351,3,12,1080000,0,0,0,102,102,16436915,2,4,577326,3,12,1080000,0,0,0
201807,39,097,2,3,Madison County                ,9,9,2357592,0,0,0,0,0,0,0,0,0,9,9,2357592,0,0,0,0,0,0,0,0,0
201807,39,103,2,3,Medina County                 ,54,54,12750681,0,0,0,0,0,0,0,0,0,46,46,11262962,0,0,0,0,0,0,0,0,0
201807,39,117,2,3,Morrow County                 ,7,7,835026,0,0,0,0,0,0,0,0,0,3,3,775026,0,0,0,0,0,0,0,0,0
201807,39,159,2,3,Union County                  ,64,64,16544845,0,0,0,0,0,0,2,22,985000,64,64,16544845,0,0,0,0,0,0,2,22,985000
201807,39,165,2,3,Warren County                 ,121,121,32890631,0,0,0,0,0,0,2,12,2646640,106,106,28949718,0,0,0,0,0,0,2,12,2646640
201807,40,001,3,7,Adair County                  ,0,0,0,0,0,0,0,0,0,0,0,0,0,0,0,0,0,0,0,0,0,0,0,0
201807,40,017,3,7,Canadian County               ,18,18,4462894,1,2,95750,0,0,0,0,0,0,9,9,2483000,0,0,0,0,0,0,0,0,0
201807,40,021,3,7,Cherokee County               ,7,7,918668,0,0,0,0,0,0,1,5,244048,0,0,0,0,0,0,0,0,0,0,0,0
201807,40,027,3,7,Cleveland County              ,55,55,14284320,0,0,0,0,0,0,0,0,0,55,55,14284320,0,0,0,0,0,0,0,0,0
201807,40,029,3,7,Coal County                   ,0,0,0,0,0,0,0,0,0,0,0,0,0,0,0,0,0,0,0,0,0,0,0,0
201807,40,037,3,7,Creek County                  ,5,5,510000,0,0,0,0,0,0,0,0,0,5,5,510000,0,0,0,0,0,0,0,0,0
201807,40,051,3,7,Grady County                  ,6,6,1283949,0,0,0,0,0,0,0,0,0,0,0,0,0,0,0,0,0,0,0,0,0
201807,40,055,3,7,Greer County                  ,0,0,0,0,0,0,0,0,0,0,0,0,0,0,0,0,0,0,0,0,0,0,0,0
201807,40,081,3,7,Lincoln County                ,0,0,0,0,0,0,0,0,0,0,0,0,0,0,0,0,0,0,0,0,0,0,0,0
201807,40,083,3,7,Logan County                  ,0,0,0,0,0,0,0,0,0,0,0,0,0,0,0,0,0,0,0,0,0,0,0,0
201807,40,087,3,7,McClain County                ,26,26,6248990,0,0,0,0,0,0,0,0,0,20,20,4892500,0,0,0,0,0,0,0,0,0
201807,40,109,3,7,Oklahoma County               ,388,388,87342205,6,12,1200133,0,0,0,0,0,0,321,321,67796151,4,8,600000,0,0,0,0,0,0
201807,40,111,3,7,Okmulgee County               ,0,0,0,0,0,0,0,0,0,0,0,0,0,0,0,0,0,0,0,0,0,0,0,0
201807,40,113,3,7,Osage County                  ,13,13,3149013,0,0,0,0,0,0,0,0,0,13,13,3149013,0,0,0,0,0,0,0,0,0
201807,40,117,3,7,Pawnee County                 ,0,0,0,0,0,0,0,0,0,0,0,0,0,0,0,0,0,0,0,0,0,0,0,0
201807,40,131,3,7,Rogers County                 ,25,25,5620692,0,0,0,0,0,0,2,18,799800,23,23,5437359,0,0,0,0,0,0,2,18,799800
201807,40,143,3,7,Tulsa County                  ,128,128,31154847,2,4,440000,0,0,0,0,0,0,107,107,25601553,2,4,440000,0,0,0,0,0,0
201807,40,145,3,7,Wagoner County                ,30,30,6969764,0,0,0,0,0,0,0,0,0,30,30,6969764,0,0,0,0,0,0,0,0,0
201807,41,000,4,9,Oregon Balance of State       ,16,16,1774828,0,0,0,0,0,0,0,0,0,0,0,0,0,0,0,0,0,0,0,0,0
201807,41,005,4,9,Clackamas County              ,120,120,37709079,0,0,0,2,6,1412828,1,5,727085,110,110,32434891,0,0,0,2,6,1412828,0,0,0
201807,41,017,4,9,Deschutes County              ,175,175,48097153,2,4,541010,0,0,0,1,12,1815688,52,52,17586391,0,0,0,0,0,0,0,0,0
201807,41,019,4,9,Douglas County                ,22,22,6277803,0,0,0,0,0,0,0,0,0,22,22,6277803,0,0,0,0,0,0,0,0,0
201807,41,025,4,9,Harney County                 ,1,1,225138,0,0,0,0,0,0,0,0,0,0,0,0,0,0,0,0,0,0,0,0,0
201807,41,035,4,9,Klamath County                ,10,10,2409063,0,0,0,1,3,318301,0,0,0,0,0,0,0,0,0,0,0,0,0,0,0
201807,41,051,4,9,Multnomah County              ,100,100,25211976,4,8,1795131,1,4,645834,8,347,49334562,30,30,7910110,0,0,0,0,0,0,0,0,0
201807,41,067,4,9,Washington County             ,94,94,27390900,1,2,325619,0,0,0,0,0,0,94,94,27390900,1,2,325619,0,0,0,0,0,0
201807,41,071,4,9,Yamhill County                ,32,32,8722890,0,0,0,0,0,0,0,0,0,18,18,5376448,0,0,0,0,0,0,0,0,0
201807,42,001,1,2,Adams County                  ,26,26,6581766,0,0,0,0,0,0,0,0,0,26,26,6581766,0,0,0,0,0,0,0,0,0
201807,42,017,1,2,Bucks County                  ,57,57,13345619,0,0,0,2,7,649000,4,20,1818871,42,42,10482091,0,0,0,2,7,649000,4,20,1818871
201807,42,029,1,2,Chester County                ,133,133,25512232,0,0,0,2,7,962054,0,0,0,105,105,19105860,0,0,0,1,4,458054,0,0,0
201807,42,037,1,2,Columbia County               ,10,10,2792056,0,0,0,0,0,0,0,0,0,6,6,1210462,0,0,0,0,0,0,0,0,0
201807,42,041,1,2,Cumberland County             ,71,71,14304442,0,0,0,0,0,0,2,12,560979,65,65,12599854,0,0,0,0,0,0,2,12,560979
201807,42,043,1,2,Dauphin County                ,32,32,6321666,0,0,0,0,0,0,0,0,0,26,26,4914090,0,0,0,0,0,0,0,0,0
201807,42,045,1,2,Delaware County               ,29,29,7236624,0,0,0,0,0,0,0,0,0,5,5,1140840,0,0,0,0,0,0,0,0,0
201807,42,055,1,2,Franklin County               ,17,17,2576122,0,0,0,0,0,0,1,5,487529,12,12,1921971,0,0,0,0,0,0,0,0,0
201807,42,091,1,2,Montgomery County             ,81,81,19283125,0,0,0,1,4,774000,2,399,63062500,55,55,13953399,0,0,0,1,4,774000,1,390,62000000
201807,42,093,1,2,Montour County                ,2,2,526626,0,0,0,0,0,0,0,0,0,1,1,266020,0,0,0,0,0,0,0,0,0
201807,42,099,1,2,Perry County                  ,7,7,1828253,0,0,0,0,0,0,0,0,0,0,0,0,0,0,0,0,0,0,0,0,0
201807,42,101,1,2,Philadelphia County           ,71,71,18835723,6,12,1996032,5,20,2520568,6,185,25073429,0,0,0,0,0,0,0,0,0,0,0,0
201807,42,103,1,2,Pike County                   ,5,5,1247755,0,0,0,0,0,0,0,0,0,3,3,693000,0,0,0,0,0,0,0,0,0
201807,44,001,1,1,Bristol County                ,3,3,906346,0,0,0,0,0,0,0,0,0,0,0,0,0,0,0,0,0,0,0,0,0
201807,44,003,1,1,Kent County                   ,13,13,2120728,0,0,0,0,0,0,0,0,0,9,9,1473333,0,0,0,0,0,0,0,0,0
201807,44,005,1,1,Newport County                ,11,11,4166300,0,0,0,0,0,0,0,0,0,9,9,3781541,0,0,0,0,0,0,0,0,0
201807,44,007,1,1,Providence County             ,28,28,5771695,1,2,180000,0,0,0,0,0,0,17,17,4258823,0,0,0,0,0,0,0,0,0
201807,44,009,1,1,Washington County             ,27,27,7129194,3,6,1194000,3,9,671000,0,0,0,18,18,4711471,3,6,1194000,3,9,671000,0,0,0
201807,45,003,3,5,Aiken County                  ,66,66,13650078,0,0,0,0,0,0,1,5,401786,55,55,11239276,0,0,0,0,0,0,0,0,0
201807,45,009,3,5,Bamberg County                ,0,0,0,0,0,0,0,0,0,0,0,0,0,0,0,0,0,0,0,0,0,0,0,0
201807,45,015,3,5,Berkeley County               ,136,136,37458274,0,0,0,0,0,0,2,35,1187560,27,27,8691508,0,0,0,0,0,0,0,0,0
201807,45,017,3,5,Calhoun County                ,3,3,443354,0,0,0,0,0,0,0,0,0,0,0,0,0,0,0,0,0,0,0,0,0
201807,45,019,3,5,Charleston County             ,230,230,60656485,0,0,0,0,0,0,4,107,7939594,97,97,41198713,0,0,0,0,0,0,0,0,0
201807,45,035,3,5,Dorchester County             ,64,64,17197950,0,0,0,0,0,0,0,0,0,64,64,17197950,0,0,0,0,0,0,0,0,0
201807,45,037,3,5,Edgefield County              ,10,10,2776127,0,0,0,0,0,0,0,0,0,10,10,2776127,0,0,0,0,0,0,0,0,0
201807,45,039,3,5,Fairfield County              ,2,2,641397,0,0,0,0,0,0,0,0,0,2,2,641397,0,0,0,0,0,0,0,0,0
201807,45,045,3,5,Greenville County             ,292,292,73769320,0,0,0,0,0,0,1,5,176376,290,290,73445229,0,0,0,0,0,0,0,0,0
201807,45,051,3,5,Horry County                  ,376,376,72824183,0,0,0,0,0,0,1,5,550000,348,348,65753795,0,0,0,0,0,0,1,5,550000
201807,45,055,3,5,Kershaw County                ,40,40,4014278,0,0,0,0,0,0,0,0,0,40,40,4014278,0,0,0,0,0,0,0,0,0
201807,45,059,3,5,Laurens County                ,28,28,3546785,0,0,0,0,0,0,0,0,0,27,27,3449281,0,0,0,0,0,0,0,0,0
201807,45,063,3,5,Lexington County              ,170,170,43251121,0,0,0,0,0,0,0,0,0,36,36,8799926,0,0,0,0,0,0,0,0,0
201807,45,077,3,5,Pickens County                ,38,38,11965558,0,0,0,1,3,390000,1,15,1832331,25,25,9021628,0,0,0,0,0,0,0,0,0
201807,45,079,3,5,Richland County               ,192,192,27294210,0,0,0,0,0,0,1,32,1806168,1,1,237000,0,0,0,0,0,0,0,0,0
201807,45,081,3,5,Saluda County                 ,4,4,1355000,0,0,0,0,0,0,0,0,0,4,4,1355000,0,0,0,0,0,0,0,0,0
201807,45,085,3,5,Sumter County                 ,19,19,2325531,0,0,0,0,0,0,0,0,0,19,19,2325531,0,0,0,0,0,0,0,0,0
201807,45,091,3,5,York County                   ,192,192,63157602,0,0,0,0,0,0,2,27,2819184,20,20,6039153,0,0,0,0,0,0,0,0,0
201807,46,007,2,4,Bennett County                ,0,0,0,0,0,0,0,0,0,0,0,0,0,0,0,0,0,0,0,0,0,0,0,0
201807,46,055,2,4,Haakon County                 ,0,0,0,0,0,0,0,0,0,0,0,0,0,0,0,0,0,0,0,0,0,0,0,0
201807,46,071,2,4,Jackson County                ,0,0,0,0,0,0,0,0,0,0,0,0,0,0,0,0,0,0,0,0,0,0,0,0
201807,46,111,2,4,Sanborn County                ,0,0,0,0,0,0,0,0,0,0,0,0,0,0,0,0,0,0,0,0,0,0,0,0
201807,47,001,3,6,Anderson County               ,20,20,4146358,0,0,0,0,0,0,0,0,0,20,20,4146358,0,0,0,0,0,0,0,0,0
201807,47,015,3,6,Cannon County                 ,1,1,126190,0,0,0,0,0,0,0,0,0,0,0,0,0,0,0,0,0,0,0,0,0
201807,47,021,3,6,Cheatham County               ,28,28,4569812,0,0,0,0,0,0,0,0,0,28,28,4569812,0,0,0,0,0,0,0,0,0
201807,47,037,3,6,Davidson County               ,331,331,84929700,0,0,0,1,4,626447,2,119,2283500,331,331,84929700,0,0,0,1,4,626447,2,119,2283500
201807,47,043,3,6,Dickson County                ,29,29,5565020,0,0,0,0,0,0,0,0,0,3,3,574000,0,0,0,0,0,0,0,0,0
201807,47,049,3,6,Fentress County               ,0,0,0,0,0,0,0,0,0,0,0,0,0,0,0,0,0,0,0,0,0,0,0,0
201807,47,081,3,6,Hickman County                ,6,6,1065817,1,2,140000,0,0,0,0,0,0,0,0,0,1,2,140000,0,0,0,0,0,0
201807,47,093,3,6,Knox County                   ,177,177,35595894,0,0,0,0,0,0,2,51,4103379,47,47,7916355,0,0,0,0,0,0,0,0,0
201807,47,105,3,6,Loudon County                 ,32,32,7510995,0,0,0,0,0,0,0,0,0,24,24,6150125,0,0,0,0,0,0,0,0,0
201807,47,125,3,6,Montgomery County             ,142,142,19779070,1,2,70000,3,10,609000,10,78,4834000,142,142,19779070,1,2,70000,3,10,609000,10,78,4834000
201807,47,139,3,6,Polk County                   ,17,17,3062109,0,0,0,0,0,0,0,0,0,0,0,0,0,0,0,0,0,0,0,0,0
201807,47,149,3,6,Rutherford County             ,215,215,53328679,0,0,0,0,0,0,6,263,31160000,208,208,52088432,0,0,0,0,0,0,6,263,31160000
201807,47,153,3,6,Sequatchie County             ,0,0,0,0,0,0,0,0,0,0,0,0,0,0,0,0,0,0,0,0,0,0,0,0
201807,47,157,3,6,Shelby County                 ,95,95,23848292,0,0,0,0,0,0,2,409,12703000,95,95,23848292,0,0,0,0,0,0,2,409,12703000
201807,47,159,3,6,Smith County                  ,8,8,1708197,0,0,0,0,0,0,0,0,0,7,7,1510221,0,0,0,0,0,0,0,0,0
201807,47,161,3,6,Stewart County                ,0,0,0,0,0,0,0,0,0,0,0,0,0,0,0,0,0,0,0,0,0,0,0,0
201807,47,165,3,6,Sumner County                 ,110,110,28121079,0,0,0,0,0,0,0,0,0,110,110,28121079,0,0,0,0,0,0,0,0,0
201807,47,167,3,6,Tipton County                 ,21,21,3893504,0,0,0,0,0,0,0,0,0,15,15,3097073,0,0,0,0,0,0,0,0,0
201807,47,169,3,6,Trousdale County              ,7,7,1479000,0,0,0,1,4,227000,1,5,298000,7,7,1479000,0,0,0,1,4,227000,1,5,298000
201807,47,173,3,6,Union County                  ,13,13,2450000,0,0,0,0,0,0,0,0,0,13,13,2450000,0,0,0,0,0,0,0,0,0
201807,47,175,3,6,Van Buren County              ,0,0,0,0,0,0,0,0,0,0,0,0,0,0,0,0,0,0,0,0,0,0,0,0
201807,47,189,3,6,Wilson County                 ,127,127,35755044,0,0,0,0,0,0,0,0,0,79,79,21371457,0,0,0,0,0,0,0,0,0
201807,48,013,3,7,Atascosa County               ,2,2,360936,0,0,0,0,0,0,0,0,0,1,1,184520,0,0,0,0,0,0,0,0,0
201807,48,015,3,7,Austin County                 ,4,4,972520,0,0,0,0,0,0,0,0,0,2,2,592000,0,0,0,0,0,0,0,0,0
201807,48,019,3,7,Bandera County                ,1,1,210000,0,0,0,0,0,0,0,0,0,0,0,0,0,0,0,0,0,0,0,0,0
201807,48,021,3,7,Bastrop County                ,15,15,1933053,0,0,0,0,0,0,0,0,0,6,6,619600,0,0,0,0,0,0,0,0,0
201807,48,025,3,7,Bee County                    ,0,0,0,0,0,0,0,0,0,0,0,0,0,0,0,0,0,0,0,0,0,0,0,0
201807,48,027,3,7,Bell County                   ,125,125,23877716,17,34,3023000,0,0,0,0,0,0,124,124,23678506,17,34,3023000,0,0,0,0,0,0
201807,48,029,3,7,Bexar County                  ,425,425,86802721,8,16,1769730,0,0,0,16,314,26811847,379,379,80710561,8,16,1769730,0,0,0,15,309,25746351
201807,48,051,3,7,Burleson County               ,2,2,310000,0,0,0,0,0,0,0,0,0,2,2,310000,0,0,0,0,0,0,0,0,0
201807,48,055,3,7,Caldwell County               ,26,26,4834867,0,0,0,0,0,0,0,0,0,3,3,206000,0,0,0,0,0,0,0,0,0
201807,48,085,3,7,Collin County                 ,871,871,251327906,0,0,0,0,0,0,4,1182,154931676,780,780,226957541,0,0,0,0,0,0,4,1182,154931676
201807,48,091,3,7,Comal County                  ,202,202,39538927,0,0,0,0,0,0,0,0,0,201,201,39230979,0,0,0,0,0,0,0,0,0
201807,48,099,3,7,Coryell County                ,15,15,1986409,2,4,340000,0,0,0,0,0,0,3,3,235000,2,4,340000,0,0,0,0,0,0
201807,48,107,3,7,Crosby County                 ,0,0,0,0,0,0,0,0,0,0,0,0,0,0,0,0,0,0,0,0,0,0,0,0
201807,48,113,3,7,Dallas County                 ,570,570,170894862,4,8,2259908,2,7,1187244,17,912,96656839,558,558,162916217,4,8,2259908,1,4,655000,14,733,80180820
201807,48,119,3,7,Delta County                  ,0,0,0,0,0,0,0,0,0,0,0,0,0,0,0,0,0,0,0,0,0,0,0,0
201807,48,135,3,7,Ector County                  ,46,46,8670717,0,0,0,0,0,0,0,0,0,0,0,0,0,0,0,0,0,0,0,0,0
201807,48,139,3,7,Ellis County                  ,172,172,38952439,0,0,0,0,0,0,1,10,1702249,114,114,27354671,0,0,0,0,0,0,0,0,0
201807,48,141,3,7,El Paso County                ,224,224,47244317,1,2,193681,3,12,1325211,3,60,6940686,0,0,0,0,0,0,0,0,0,0,0,0
201807,48,157,3,7,Fort Bend County              ,799,799,59554437,1,2,229540,0,0,0,1,5,391292,101,101,29914701,0,0,0,0,0,0,0,0,0
201807,48,167,3,7,Galveston County              ,202,202,42176855,0,0,0,0,0,0,0,0,0,170,170,35511627,0,0,0,0,0,0,0,0,0
201807,48,185,3,7,Grimes County                 ,5,5,542135,0,0,0,0,0,0,0,0,0,0,0,0,0,0,0,0,0,0,0,0,0
201807,48,187,3,7,Guadalupe County              ,68,68,16021875,0,0,0,0,0,0,0,0,0,65,65,15219980,0,0,0,0,0,0,0,0,0
201807,48,193,3,7,Hamilton County               ,1,1,80000,0,0,0,0,0,0,0,0,0,0,0,0,0,0,0,0,0,0,0,0,0
201807,48,195,3,7,Hansford County               ,0,0,0,0,0,0,0,0,0,0,0,0,0,0,0,0,0,0,0,0,0,0,0,0
201807,48,201,3,7,Harris County                 ,1581,1581,327892481,12,24,2591922,0,0,0,27,1185,161787423,1540,1540,315500503,12,24,2591922,0,0,0,27,1185,161787423
201807,48,211,3,7,Hemphill County               ,0,0,0,0,0,0,0,0,0,0,0,0,0,0,0,0,0,0,0,0,0,0,0,0
201807,48,215,3,7,Hidalgo County                ,238,238,45573738,7,14,939406,10,40,4534290,2,31,2920508,162,162,31372709,6,12,806192,3,12,1300085,0,0,0
201807,48,233,3,7,Hutchinson County             ,0,0,0,0,0,0,0,0,0,0,0,0,0,0,0,0,0,0,0,0,0,0,0,0
201807,48,251,3,7,Johnson County                ,71,71,13693397,0,0,0,0,0,0,0,0,0,39,39,5634535,0,0,0,0,0,0,0,0,0
201807,48,257,3,7,Kaufman County                ,73,73,15202548,0,0,0,0,0,0,0,0,0,56,56,12401184,0,0,0,0,0,0,0,0,0
201807,48,259,3,7,Kendall County                ,39,39,10491822,0,0,0,0,0,0,0,0,0,39,39,10491822,0,0,0,0,0,0,0,0,0
201807,48,271,3,7,Kinney County                 ,0,0,0,0,0,0,0,0,0,0,0,0,0,0,0,0,0,0,0,0,0,0,0,0
201807,48,281,3,7,Lampasas County               ,3,3,448182,0,0,0,0,0,0,0,0,0,0,0,0,0,0,0,0,0,0,0,0,0
201807,48,291,3,7,Liberty County                ,64,64,7169278,0,0,0,0,0,0,0,0,0,63,63,6955554,0,0,0,0,0,0,0,0,0
201807,48,303,3,7,Lubbock County                ,103,103,23837261,0,0,0,0,0,0,0,0,0,102,102,23664261,0,0,0,0,0,0,0,0,0
201807,48,323,3,7,Maverick County               ,7,7,1629930,0,0,0,0,0,0,0,0,0,0,0,0,0,0,0,0,0,0,0,0,0
201807,48,325,3,7,Medina County                 ,0,0,0,0,0,0,0,0,0,0,0,0,0,0,0,0,0,0,0,0,0,0,0,0
201807,48,329,3,7,Midland County                ,147,147,29402655,0,0,0,0,0,0,0,0,0,147,147,29402655,0,0,0,0,0,0,0,0,0
201807,48,339,3,7,Montgomery County             ,574,574,115965414,8,16,770000,1,4,175000,0,0,0,564,564,113866624,8,16,770000,1,4,175000,0,0,0
201807,48,367,3,7,Parker County                 ,34,34,7330727,0,0,0,0,0,0,0,0,0,7,7,1757780,0,0,0,0,0,0,0,0,0
201807,48,375,3,7,Potter County                 ,46,46,11560690,0,0,0,0,0,0,0,0,0,46,46,11560690,0,0,0,0,0,0,0,0,0
201807,48,383,3,7,Reagan County                 ,0,0,0,0,0,0,0,0,0,0,0,0,0,0,0,0,0,0,0,0,0,0,0,0
201807,48,385,3,7,Real County                   ,0,0,0,0,0,0,0,0,0,0,0,0,0,0,0,0,0,0,0,0,0,0,0,0
201807,48,395,3,7,Robertson County              ,8,8,1561432,0,0,0,0,0,0,0,0,0,8,8,1561432,0,0,0,0,0,0,0,0,0
201807,48,397,3,7,Rockwall County               ,101,101,32336725,0,0,0,0,0,0,0,0,0,83,83,27835965,0,0,0,0,0,0,0,0,0
201807,48,407,3,7,San Jacinto County            ,39,39,8511000,0,0,0,0,0,0,0,0,0,0,0,0,0,0,0,0,0,0,0,0,0
201807,48,411,3,7,San Saba County               ,0,0,0,0,0,0,0,0,0,0,0,0,0,0,0,0,0,0,0,0,0,0,0,0
201807,48,451,3,7,Tom Green County              ,18,18,3926000,0,0,0,0,0,0,0,0,0,18,18,3926000,0,0,0,0,0,0,0,0,0
201807,48,453,3,7,Travis County                 ,1052,1052,219214375,2,4,200000,0,0,0,14,413,22409202,1008,1008,205737671,2,4,200000,0,0,0,14,413,22409202
201807,48,473,3,7,Waller County                 ,15,15,1301565,0,0,0,0,0,0,1,5,110903,15,15,1301565,0,0,0,0,0,0,0,0,0
201807,48,491,3,7,Williamson County             ,434,434,115797530,0,0,0,0,0,0,21,437,35228957,408,408,109697874,0,0,0,0,0,0,21,437,35228957
201807,48,493,3,7,Wilson County                 ,6,6,1207691,0,0,0,0,0,0,0,0,0,1,1,195179,0,0,0,0,0,0,0,0,0
201807,48,497,3,7,Wise County                   ,5,5,951125,0,0,0,0,0,0,0,0,0,4,4,793000,0,0,0,0,0,0,0,0,0
201807,49,011,4,8,Davis County                  ,108,108,19867895,0,0,0,2,8,1086000,1,5,480000,96,96,16464891,0,0,0,2,8,1086000,0,0,0
201807,49,023,4,8,Juab County                   ,2,2,582143,0,0,0,0,0,0,0,0,0,1,1,308410,0,0,0,0,0,0,0,0,0
201807,49,029,4,8,Morgan County                 ,6,6,2632208,0,0,0,0,0,0,0,0,0,5,5,2327272,0,0,0,0,0,0,0,0,0
201807,49,035,4,8,Salt Lake County              ,427,427,110432983,3,6,972515,2,8,1308845,6,93,12426094,294,294,76144550,2,4,600000,0,0,0,1,10,1269000
201807,49,039,4,8,Sanpete County                ,6,6,932942,0,0,0,0,0,0,0,0,0,0,0,0,0,0,0,0,0,0,0,0,0
201807,49,043,4,8,Summit County                 ,24,24,15259534,0,0,0,0,0,0,1,5,854284,12,12,9696844,0,0,0,0,0,0,0,0,0
201807,49,057,4,8,Weber County                  ,96,96,23393484,0,0,0,3,11,1607306,1,5,799603,82,82,19570038,0,0,0,0,0,0,0,0,0
201807,51,003,3,5,Albemarle County              ,57,57,17679259,0,0,0,0,0,0,1,14,1573996,0,0,0,0,0,0,0,0,0,0,0,0
201807,51,007,3,5,Amelia County                 ,6,6,1084950,0,0,0,0,0,0,0,0,0,6,6,1084950,0,0,0,0,0,0,0,0,0
201807,51,009,3,5,Amherst County                ,7,7,1306755,0,0,0,0,0,0,0,0,0,0,0,0,0,0,0,0,0,0,0,0,0
201807,51,013,3,5,Arlington County              ,16,16,6180000,0,0,0,0,0,0,1,360,15000000,16,16,6180000,0,0,0,0,0,0,1,360,15000000
201807,51,015,3,5,Augusta County                ,29,29,6442750,0,0,0,0,0,0,0,0,0,29,29,6442750,0,0,0,0,0,0,0,0,0
201807,51,019,3,5,Bedford County                ,2,2,425000,0,0,0,0,0,0,0,0,0,2,2,425000,0,0,0,0,0,0,0,0,0
201807,51,033,3,5,Caroline County               ,8,8,1650137,0,0,0,0,0,0,0,0,0,8,8,1650137,0,0,0,0,0,0,0,0,0
201807,51,036,3,5,Charles City County           ,2,2,324892,0,0,0,0,0,0,0,0,0,0,0,0,0,0,0,0,0,0,0,0,0
201807,51,037,3,5,Charlotte County              ,2,2,432083,0,0,0,0,0,0,0,0,0,0,0,0,0,0,0,0,0,0,0,0,0
201807,51,041,3,5,Chesterfield County           ,150,150,29276850,0,0,0,3,12,1786564,0,0,0,150,150,29276850,0,0,0,3,12,1786564,0,0,0
201807,51,043,3,5,Clarke County                 ,5,5,1856773,0,0,0,0,0,0,0,0,0,0,0,0,0,0,0,0,0,0,0,0,0
201807,51,049,3,5,Cumberland County             ,1,1,100000,0,0,0,0,0,0,0,0,0,1,1,100000,0,0,0,0,0,0,0,0,0
201807,51,051,3,5,Dickenson County              ,0,0,0,0,0,0,0,0,0,0,0,0,0,0,0,0,0,0,0,0,0,0,0,0
201807,51,053,3,5,Dinwiddie County              ,7,7,1007157,0,0,0,0,0,0,0,0,0,0,0,0,0,0,0,0,0,0,0,0,0
201807,51,059,3,5,Fairfax County                ,71,71,16784890,0,0,0,0,0,0,1,10,2000000,71,71,16784890,0,0,0,0,0,0,1,10,2000000
201807,51,061,3,5,Fauquier County               ,21,21,8568002,0,0,0,0,0,0,0,0,0,21,21,8568002,0,0,0,0,0,0,0,0,0
201807,51,069,3,5,Frederick County              ,38,38,8753342,0,0,0,0,0,0,1,7,840000,38,38,8753342,0,0,0,0,0,0,1,7,840000
201807,51,073,3,5,Gloucester County             ,16,16,2928226,0,0,0,0,0,0,0,0,0,0,0,0,0,0,0,0,0,0,0,0,0
201807,51,075,3,5,Goochland County              ,18,18,5868481,0,0,0,0,0,0,0,0,0,18,18,5868481,0,0,0,0,0,0,0,0,0
201807,51,085,3,5,Hanover County                ,47,47,9173413,0,0,0,0,0,0,0,0,0,47,47,9173413,0,0,0,0,0,0,0,0,0
201807,51,087,3,5,Henrico County                ,100,100,15981222,14,28,962500,0,0,0,0,0,0,100,100,15981222,14,28,962500,0,0,0,0,0,0
201807,51,093,3,5,Isle of Wight County          ,18,18,3497955,0,0,0,0,0,0,0,0,0,0,0,0,0,0,0,0,0,0,0,0,0
201807,51,095,3,5,James City County             ,45,45,10638311,0,0,0,0,0,0,0,0,0,45,45,10638311,0,0,0,0,0,0,0,0,0
201807,51,097,3,5,King and Queen County         ,1,1,160850,0,0,0,0,0,0,0,0,0,1,1,160850,0,0,0,0,0,0,0,0,0
201807,51,099,3,5,King George County            ,12,12,2342148,0,0,0,0,0,0,0,0,0,12,12,2342148,0,0,0,0,0,0,0,0,0
201807,51,107,3,5,Loudoun County                ,206,206,43957905,0,0,0,0,0,0,9,272,32492715,206,206,43957905,0,0,0,0,0,0,9,272,32492715
201807,51,109,3,5,Louisa County                 ,29,29,5982396,0,0,0,0,0,0,0,0,0,0,0,0,0,0,0,0,0,0,0,0,0
201807,51,115,3,5,Mathews County                ,2,2,553082,0,0,0,0,0,0,0,0,0,2,2,553082,0,0,0,0,0,0,0,0,0
201807,51,127,3,5,New Kent County               ,15,15,5848000,0,0,0,0,0,0,0,0,0,15,15,5848000,0,0,0,0,0,0,0,0,0
201807,51,139,3,5,Page County                   ,7,7,979000,0,0,0,0,0,0,0,0,0,7,7,979000,0,0,0,0,0,0,0,0,0
201807,51,145,3,5,Powhatan County               ,15,15,3250634,0,0,0,0,0,0,0,0,0,15,15,3250634,0,0,0,0,0,0,0,0,0
201807,51,149,3,5,Prince George County          ,15,15,2785961,0,0,0,0,0,0,0,0,0,15,15,2785961,0,0,0,0,0,0,0,0,0
201807,51,153,3,5,Prince William County         ,138,138,25637073,0,0,0,0,0,0,1,10,1006840,0,0,0,0,0,0,0,0,0,0,0,0
201807,51,165,3,5,Rockingham County             ,37,37,7486031,0,0,0,0,0,0,0,0,0,0,0,0,0,0,0,0,0,0,0,0,0
201807,51,175,3,5,Southampton County            ,5,5,792649,0,0,0,0,0,0,0,0,0,0,0,0,0,0,0,0,0,0,0,0,0
201807,51,177,3,5,Spotsylvania County           ,59,59,15034294,0,0,0,0,0,0,2,76,14000000,59,59,15034294,0,0,0,0,0,0,2,76,14000000
201807,51,179,3,5,Stafford County               ,106,106,25059132,0,0,0,0,0,0,0,0,0,106,106,25059132,0,0,0,0,0,0,0,0,0
201807,51,181,3,5,Surry County                  ,4,4,677212,0,0,0,0,0,0,0,0,0,0,0,0,0,0,0,0,0,0,0,0,0
201807,51,183,3,5,Sussex County                 ,3,3,280855,0,0,0,0,0,0,0,0,0,3,3,280855,0,0,0,0,0,0,0,0,0
201807,51,187,3,5,Warren County                 ,11,11,2080000,0,0,0,0,0,0,0,0,0,11,11,2080000,0,0,0,0,0,0,0,0,0
201807,51,199,3,5,York County                   ,19,19,4491731,0,0,0,0,0,0,0,0,0,19,19,4491731,0,0,0,0,0,0,0,0,0
201807,51,510,3,5,Alexandria (Independent City) ,3,3,1050000,0,0,0,0,0,0,0,0,0,3,3,1050000,0,0,0,0,0,0,0,0,0
201807,51,540,3,5,Charlottesville (Independent C,9,9,2684089,0,0,0,0,0,0,1,9,3245077,0,0,0,0,0,0,0,0,0,0,0,0
201807,51,550,3,5,Chesapeake(Independent City)  ,77,77,24108552,0,0,0,0,0,0,0,0,0,77,77,24108552,0,0,0,0,0,0,0,0,0
201807,51,570,3,5,Colonial Heights (Independent ,1,1,100000,0,0,0,0,0,0,0,0,0,1,1,100000,0,0,0,0,0,0,0,0,0
201807,51,580,3,5,Covington (Independent City)  ,0,0,0,0,0,0,0,0,0,0,0,0,0,0,0,0,0,0,0,0,0,0,0,0
201807,51,600,3,5,Fairfax (Independent City)    ,0,0,0,0,0,0,0,0,0,0,0,0,0,0,0,0,0,0,0,0,0,0,0,0
201807,51,610,3,5,Falls Church (Independent City,2,2,939932,0,0,0,0,0,0,0,0,0,0,0,0,0,0,0,0,0,0,0,0,0
201807,51,630,3,5,Fredericksburg(Independent Cit,1,1,120000,0,0,0,0,0,0,0,0,0,1,1,120000,0,0,0,0,0,0,0,0,0
201807,51,650,3,5,Hampton (Independent City)    ,16,16,999595,0,0,0,0,0,0,0,0,0,0,0,0,0,0,0,0,0,0,0,0,0
201807,51,660,3,5,Harrisonburg (Independent City,5,5,923990,0,0,0,0,0,0,1,5,928570,0,0,0,0,0,0,0,0,0,0,0,0
201807,51,670,3,5,Hopewell (Independent City)   ,5,5,457399,0,0,0,0,0,0,0,0,0,0,0,0,0,0,0,0,0,0,0,0,0
201807,51,680,3,5,Lynchburg (Independent City)  ,3,3,625000,0,0,0,0,0,0,1,28,2022329,3,3,625000,0,0,0,0,0,0,1,28,2022329
201807,51,683,3,5,Manassas (Independent City)   ,13,13,3073290,0,0,0,0,0,0,0,0,0,13,13,3073290,0,0,0,0,0,0,0,0,0
201807,51,685,3,5,Manassas Park (Independent Cit,0,0,0,0,0,0,0,0,0,0,0,0,0,0,0,0,0,0,0,0,0,0,0,0
201807,51,700,3,5,Newport News (Independent City,11,11,2123746,0,0,0,0,0,0,0,0,0,11,11,2123746,0,0,0,0,0,0,0,0,0
201807,51,710,3,5,Norfolk (Independent City)    ,13,13,2387000,0,0,0,0,0,0,0,0,0,13,13,2387000,0,0,0,0,0,0,0,0,0
201807,51,730,3,5,Petersburg (Independent City) ,0,0,0,0,0,0,0,0,0,0,0,0,0,0,0,0,0,0,0,0,0,0,0,0
201807,51,735,3,5,Poquoson (Independent City)   ,2,2,262000,0,0,0,0,0,0,0,0,0,2,2,262000,0,0,0,0,0,0,0,0,0
201807,51,740,3,5,Portsmouth (Independent City) ,7,7,733000,0,0,0,0,0,0,0,0,0,7,7,733000,0,0,0,0,0,0,0,0,0
201807,51,760,3,5,Richmond (Independent City)   ,27,27,5269833,0,0,0,0,0,0,0,0,0,27,27,5269833,0,0,0,0,0,0,0,0,0
201807,51,800,3,5,Suffolk (Independent City)    ,60,60,14184414,0,0,0,0,0,0,0,0,0,60,60,14184414,0,0,0,0,0,0,0,0,0
201807,51,810,3,5,Virginia Beach (Independent Ci,41,41,4956518,0,0,0,0,0,0,0,0,0,41,41,4956518,0,0,0,0,0,0,0,0,0
201807,51,830,3,5,Williamsburg (Independent City,1,1,600000,0,0,0,0,0,0,0,0,0,1,1,600000,0,0,0,0,0,0,0,0,0
201807,53,005,4,9,Benton County                 ,78,78,22779935,1,2,300000,1,3,450000,3,19,1974115,7,7,1832589,1,2,300000,1,3,450000,1,8,875614
201807,53,011,4,9,Clark County                  ,234,234,70069330,0,0,0,1,3,607164,6,117,7865466,93,93,22503069,0,0,0,0,0,0,5,104,6551675
201807,53,021,4,9,Franklin County               ,55,55,15121236,2,4,347280,0,0,0,1,5,599552,9,9,3388919,0,0,0,0,0,0,0,0,0
201807,53,031,4,9,Jefferson County              ,13,13,3167096,0,0,0,0,0,0,0,0,0,1,1,305000,0,0,0,0,0,0,0,0,0
201807,53,033,4,9,King County                   ,368,368,151965682,11,22,4032271,5,17,3447292,16,220,23806740,251,251,101792589,11,22,4032271,5,17,3447292,13,181,19343661
201807,53,035,4,9,Kitsap County                 ,75,75,23313521,0,0,0,0,0,0,0,0,0,75,75,23313521,0,0,0,0,0,0,0,0,0
201807,53,053,4,9,Pierce County                 ,213,213,66532991,11,22,3776124,0,0,0,4,96,9212726,209,209,65333277,11,22,3776124,0,0,0,4,96,9212726
201807,53,055,4,9,San Juan County               ,14,14,2490385,1,2,350000,0,0,0,0,0,0,14,14,2490385,1,2,350000,0,0,0,0,0,0
201807,53,059,4,9,Skamania County               ,6,6,1202188,0,0,0,0,0,0,0,0,0,6,6,1202188,0,0,0,0,0,0,0,0,0
201807,53,061,4,9,Snohomish County              ,194,194,54707516,2,4,1144016,0,0,0,2,12,2247524,146,146,41639756,1,2,792217,0,0,0,2,12,2247524
201807,54,011,3,5,Cabell County                 ,5,5,818810,0,0,0,1,4,150000,0,0,0,0,0,0,0,0,0,1,4,150000,0,0,0
201807,54,015,3,5,Clay County                   ,0,0,0,0,0,0,0,0,0,0,0,0,0,0,0,0,0,0,0,0,0,0,0,0
201807,54,019,3,5,Fayette County                ,2,2,216400,0,0,0,0,0,0,0,0,0,0,0,0,0,0,0,0,0,0,0,0,0
201807,54,037,3,5,Jefferson County              ,19,19,5236518,0,0,0,0,0,0,0,0,0,0,0,0,0,0,0,0,0,0,0,0,0
201807,54,081,3,5,Raleigh County                ,10,10,1519746,0,0,0,0,0,0,0,0,0,10,10,1519746,0,0,0,0,0,0,0,0,0
201807,55,025,2,3,Dane County                   ,112,112,48701401,7,14,2421804,1,3,447000,5,226,27253844,88,88,41759886,7,14,2421804,0,0,0,3,172,21800000
201807,55,031,2,3,Douglas County                ,15,15,2938265,0,0,0,0,0,0,0,0,0,15,15,2938265,0,0,0,0,0,0,0,0,0
201807,55,037,2,3,Florence County               ,2,2,344000,0,0,0,0,0,0,0,0,0,2,2,344000,0,0,0,0,0,0,0,0,0
201807,55,049,2,3,Iowa County                   ,4,4,1178000,0,0,0,0,0,0,0,0,0,4,4,1178000,0,0,0,0,0,0,0,0,0
201807,55,059,2,3,Kenosha County                ,10,10,3609837,0,0,0,0,0,0,0,0,0,8,8,2962780,0,0,0,0,0,0,0,0,0
201807,55,079,2,3,Milwaukee County              ,4,4,842585,1,2,434571,0,0,0,11,365,9994860,3,3,610000,0,0,0,0,0,0,10,339,7200000
201807,55,089,2,3,Ozaukee County                ,17,17,6645429,6,12,2820660,0,0,0,1,7,986022,8,8,2689677,6,12,2820660,0,0,0,0,0,0
201807,55,093,2,3,Pierce County                 ,23,23,4845000,0,0,0,0,0,0,0,0,0,23,23,4845000,0,0,0,0,0,0,0,0,0
201807,55,109,2,3,St. Croix County              ,37,37,10189428,2,4,476801,0,0,0,0,0,0,28,28,8120304,0,0,0,0,0,0,0,0,0
201807,55,131,2,3,Washington County             ,32,32,10663919,0,0,0,0,0,0,0,0,0,21,21,6654178,0,0,0,0,0,0,0,0,0
201807,56,029,4,8,Park County                   ,6,6,1245792,0,0,0,0,0,0,0,0,0,2,2,570356,0,0,0,0,0,0,0,0,0
201807,56,039,4,8,Teton County                  ,11,11,25228060,0,0,0,1,3,116499,0,0,0,9,9,24193000,0,0,0,0,0,0,0,0,0
