Survey,FIPS,FIPS,Region,Division,County,,1-unit,,,2-units,,,3-4 units,,,5+ units,,,1-unit rep,,,2-units rep,,,3-4 units rep,,, 5+units rep
Date,State,County,Code,Code,Name,Bldgs,Units,Value,Bldgs,Units,Value,Bldgs,Units,Value,Bldgs,Units,Value,Bldgs,Units,Value,Bldgs,Units,Value,Bldgs,Units,Value,Bldgs,Units,Value
 
201805,01,001,3,6,Autauga County                ,21,21,5816955,0,0,0,0,0,0,0,0,0,21,21,5816955,0,0,0,0,0,0,0,0,0
201805,01,007,3,6,Bibb County                   ,1,1,255129,0,0,0,0,0,0,0,0,0,0,0,0,0,0,0,0,0,0,0,0,0
201805,01,009,3,6,Blount County                 ,1,1,126000,0,0,0,0,0,0,0,0,0,1,1,126000,0,0,0,0,0,0,0,0,0
201805,01,021,3,6,Chilton County                ,1,1,179000,0,0,0,0,0,0,0,0,0,1,1,179000,0,0,0,0,0,0,0,0,0
201805,01,073,3,6,Jefferson County              ,142,142,41023169,0,0,0,0,0,0,5,80,8403299,106,106,31452411,0,0,0,0,0,0,5,80,8403299
201805,01,081,3,6,Lee County                    ,94,94,26445637,1,2,210669,0,0,0,1,28,7321021,37,37,10089626,0,0,0,0,0,0,0,0,0
201805,01,083,3,6,Limestone County              ,16,16,3782510,0,0,0,0,0,0,0,0,0,16,16,3782510,0,0,0,0,0,0,0,0,0
201805,01,089,3,6,Madison County                ,294,294,49791444,0,0,0,0,0,0,2,14,1531421,294,294,49791444,0,0,0,0,0,0,2,14,1531421
201805,01,113,3,6,Russell County                ,12,12,2246960,0,0,0,0,0,0,0,0,0,12,12,2246960,0,0,0,0,0,0,0,0,0
201805,01,115,3,6,St. Clair County              ,29,29,6429194,0,0,0,0,0,0,0,0,0,28,28,6208330,0,0,0,0,0,0,0,0,0
201805,01,117,3,6,Shelby County                 ,95,95,21486399,0,0,0,0,0,0,0,0,0,33,33,6740579,0,0,0,0,0,0,0,0,0
201805,01,127,3,6,Walker County                 ,1,1,207778,0,0,0,0,0,0,0,0,0,0,0,0,0,0,0,0,0,0,0,0,0
201805,02,013,4,9,Aleutians East Borough        ,0,0,0,0,0,0,0,0,0,0,0,0,0,0,0,0,0,0,0,0,0,0,0,0
201805,02,016,4,9,Aleutians West Census Area    ,1,1,98118,0,0,0,0,0,0,0,0,0,0,0,0,0,0,0,0,0,0,0,0,0
201805,02,020,4,9,Anchorage Municipality        ,85,85,26626221,0,0,0,1,4,694913,2,13,2055242,0,0,0,0,0,0,0,0,0,0,0,0
201805,02,050,4,9,Bethel Census Area            ,0,0,0,0,0,0,0,0,0,0,0,0,0,0,0,0,0,0,0,0,0,0,0,0
201805,02,060,4,9,Bristol Bay Borough           ,0,0,0,0,0,0,0,0,0,0,0,0,0,0,0,0,0,0,0,0,0,0,0,0
201805,02,070,4,9,Dillingham Census Area        ,0,0,0,1,2,301442,0,0,0,0,0,0,0,0,0,0,0,0,0,0,0,0,0,0
201805,02,090,4,9,Fairbanks North Star Borough  ,9,9,2460781,0,0,0,0,0,0,0,0,0,9,9,2460781,0,0,0,0,0,0,0,0,0
201805,02,100,4,9,Haines Borough                ,1,1,278425,0,0,0,0,0,0,0,0,0,0,0,0,0,0,0,0,0,0,0,0,0
201805,02,105,4,9,Hoonah-Angoon Census Area     ,0,0,0,0,0,0,0,0,0,0,0,0,0,0,0,0,0,0,0,0,0,0,0,0
201805,02,110,4,9,Juneau City and Borough       ,3,3,528041,0,0,0,0,0,0,2,12,2243015,3,3,528041,0,0,0,0,0,0,2,12,2243015
201805,02,122,4,9,Kenai Peninsula Borough       ,13,13,2374684,0,0,0,1,3,322000,1,12,400000,8,8,1290000,0,0,0,1,3,322000,1,12,400000
201805,02,130,4,9,Ketchikan Gateway Borough     ,3,3,855535,0,0,0,0,0,0,0,0,0,3,3,855535,0,0,0,0,0,0,0,0,0
201805,02,150,4,9,Kodiak Island Borough         ,0,0,0,0,0,0,0,0,0,0,0,0,0,0,0,0,0,0,0,0,0,0,0,0
201805,02,158,4,9,Kusilvak Census Area          ,0,0,0,0,0,0,0,0,0,0,0,0,0,0,0,0,0,0,0,0,0,0,0,0
201805,02,170,4,9,Matanuska-Susitna Borough     ,12,12,3302885,0,0,0,0,0,0,0,0,0,12,12,3302885,0,0,0,0,0,0,0,0,0
201805,02,180,4,9,Nome Census Area              ,0,0,0,0,0,0,0,0,0,0,0,0,0,0,0,0,0,0,0,0,0,0,0,0
201805,02,185,4,9,North Slope Borough           ,1,1,274034,0,0,0,0,0,0,0,0,0,0,0,0,0,0,0,0,0,0,0,0,0
201805,02,188,4,9,Northwest Arctic Borough      ,0,0,0,0,0,0,0,0,0,0,0,0,0,0,0,0,0,0,0,0,0,0,0,0
201805,02,195,4,9,Petersburg Borough            ,1,1,155636,0,0,0,0,0,0,0,0,0,0,0,0,0,0,0,0,0,0,0,0,0
201805,02,198,4,9,Prince of Wales-Hyder Census A,0,0,0,0,0,0,0,0,0,0,0,0,0,0,0,0,0,0,0,0,0,0,0,0
201805,02,220,4,9,Sitka City and Borough        ,1,1,213914,0,0,0,0,0,0,0,0,0,0,0,0,0,0,0,0,0,0,0,0,0
201805,02,230,4,9,Skagway Municipality          ,0,0,0,0,0,0,0,0,0,0,0,0,0,0,0,0,0,0,0,0,0,0,0,0
201805,02,261,4,9,Valdez-Cordova Census Area    ,4,4,1170000,1,2,45000,0,0,0,0,0,0,4,4,1170000,1,2,45000,0,0,0,0,0,0
201805,02,275,4,9,Wrangell City and Borough     ,0,0,0,1,2,325000,0,0,0,0,0,0,0,0,0,1,2,325000,0,0,0,0,0,0
201805,02,282,4,9,Yakutat City and Borough      ,2,2,280000,0,0,0,0,0,0,0,0,0,2,2,280000,0,0,0,0,0,0,0,0,0
201805,02,290,4,9,Yukon-Koyukuk Census Area     ,0,0,0,0,0,0,0,0,0,0,0,0,0,0,0,0,0,0,0,0,0,0,0,0
201805,04,013,4,8,Maricopa County               ,1723,1723,478668334,1,2,251240,4,16,3138564,16,522,62734808,1464,1464,402167755,1,2,251240,4,16,3138564,12,464,54482186
201805,04,019,4,8,Pima County                   ,312,312,86959953,2,4,477640,0,0,0,10,119,16880916,71,71,20261644,0,0,0,0,0,0,0,0,0
201805,04,021,4,8,Pinal County                  ,389,389,75165874,4,8,475396,0,0,0,0,0,0,376,376,72787271,4,8,475396,0,0,0,0,0,0
201805,05,013,3,7,Calhoun County                ,0,0,0,0,0,0,0,0,0,0,0,0,0,0,0,0,0,0,0,0,0,0,0,0
201805,05,035,3,7,Crittenden County             ,3,3,747451,0,0,0,0,0,0,0,0,0,1,1,358500,0,0,0,0,0,0,0,0,0
201805,05,045,3,7,Faulkner County               ,33,33,6637535,1,2,151241,0,0,0,1,7,184923,14,14,2194000,0,0,0,0,0,0,0,0,0
201805,05,053,3,7,Grant County                  ,1,1,150556,0,0,0,0,0,0,0,0,0,0,0,0,0,0,0,0,0,0,0,0,0
201805,05,085,3,7,Lonoke County                 ,19,19,3375549,0,0,0,0,0,0,0,0,0,11,11,2704069,0,0,0,0,0,0,0,0,0
201805,05,087,3,7,Madison County                ,1,1,200000,0,0,0,0,0,0,0,0,0,1,1,200000,0,0,0,0,0,0,0,0,0
201805,05,091,3,7,Miller County                 ,3,3,685280,0,0,0,0,0,0,0,0,0,0,0,0,0,0,0,0,0,0,0,0,0
201805,05,105,3,7,Perry County                  ,1,1,15000,0,0,0,0,0,0,0,0,0,1,1,15000,0,0,0,0,0,0,0,0,0
201805,05,119,3,7,Pulaski County                ,76,76,18517230,0,0,0,0,0,0,3,18,255000,76,76,18517230,0,0,0,0,0,0,3,18,255000
201805,05,129,3,7,Searcy County                 ,0,0,0,0,0,0,0,0,0,0,0,0,0,0,0,0,0,0,0,0,0,0,0,0
201805,05,143,3,7,Washington County             ,98,98,23151411,1,2,153388,0,0,0,0,0,0,77,77,20445335,0,0,0,0,0,0,0,0,0
201805,06,001,4,9,Alameda County                ,163,163,55334672,4,8,2506985,1,3,831009,11,168,57273910,128,128,45263482,4,8,2506985,1,3,831009,6,127,50263304
201805,06,013,4,9,Contra Costa County           ,162,162,52587668,2,4,727650,0,0,0,3,210,6871901,144,144,48381158,2,4,727650,0,0,0,2,203,5460790
201805,06,017,4,9,El Dorado County              ,51,51,14089634,0,0,0,0,0,0,0,0,0,51,51,14089634,0,0,0,0,0,0,0,0,0
201805,06,019,4,9,Fresno County                 ,240,240,65251526,3,6,1273909,1,3,124322,7,52,5147560,150,150,40977944,0,0,0,0,0,0,0,0,0
201805,06,037,4,9,Los Angeles County            ,695,695,271877445,34,68,13300678,11,33,9735184,42,1687,456456338,607,607,218615717,32,64,12393400,8,24,8551856,33,1619,441754274
201805,06,041,4,9,Marin County                  ,12,12,7135744,0,0,0,0,0,0,0,0,0,7,7,3190875,0,0,0,0,0,0,0,0,0
201805,06,059,4,9,Orange County                 ,489,489,153633131,11,22,4462634,8,25,5660873,15,270,48979034,403,403,117526400,10,20,3795955,8,25,5660873,11,200,36569384
201805,06,061,4,9,Placer County                 ,192,192,64293502,3,6,883380,0,0,0,0,0,0,190,190,63146578,3,6,883380,0,0,0,0,0,0
201805,06,063,4,9,Plumas County                 ,2,2,291617,0,0,0,0,0,0,0,0,0,2,2,291617,0,0,0,0,0,0,0,0,0
201805,06,067,4,9,Sacramento County             ,337,337,89871149,0,0,0,0,0,0,9,140,14720315,335,335,89393105,0,0,0,0,0,0,9,140,14720315
201805,06,069,4,9,San Benito County             ,33,33,8977874,0,0,0,0,0,0,0,0,0,27,27,7207539,0,0,0,0,0,0,0,0,0
201805,06,071,4,9,San Bernardino County         ,284,284,65598571,1,2,362283,2,6,1155243,6,38,5388450,258,258,60113093,0,0,0,2,6,1155243,4,28,4327804
201805,06,073,4,9,San Diego County              ,508,508,166504399,13,26,4197256,31,105,19582182,31,854,123938910,499,499,163934983,13,26,4197256,30,102,19463324,31,854,123938910
201805,06,075,4,9,San Francisco County          ,5,5,1348963,1,2,634494,0,0,0,4,337,102991600,5,5,1348963,1,2,634494,0,0,0,4,337,102991600
201805,06,081,4,9,San Mateo County              ,30,30,42276752,1,2,500000,0,0,0,3,21,3323093,11,11,29945700,0,0,0,0,0,0,0,0,0
201805,06,085,4,9,Santa Clara County            ,241,241,90318787,0,0,0,1,3,927502,14,886,112215024,202,202,76891799,0,0,0,0,0,0,11,796,99019788
201805,06,091,4,9,Sierra County                 ,0,0,0,0,0,0,0,0,0,0,0,0,0,0,0,0,0,0,0,0,0,0,0,0
201805,06,113,4,9,Yolo County                   ,18,18,5858530,0,0,0,0,0,0,0,0,0,18,18,5858530,0,0,0,0,0,0,0,0,0
201805,08,001,4,8,Adams County                  ,287,287,99394363,0,0,0,0,0,0,2,19,1228135,274,274,95833810,0,0,0,0,0,0,2,19,1228135
201805,08,005,4,8,Arapahoe County               ,198,198,49152513,0,0,0,0,0,0,0,0,0,197,197,49066807,0,0,0,0,0,0,0,0,0
201805,08,014,4,8,Broomfield County             ,54,54,12276162,0,0,0,0,0,0,0,0,0,54,54,12276162,0,0,0,0,0,0,0,0,0
201805,08,015,4,8,Chaffee County                ,14,14,3709221,0,0,0,1,3,549700,0,0,0,0,0,0,0,0,0,0,0,0,0,0,0
201805,08,019,4,8,Clear Creek County            ,2,2,674325,0,0,0,0,0,0,1,5,727085,0,0,0,0,0,0,0,0,0,0,0,0
201805,08,031,4,8,Denver County                 ,193,193,52069989,0,0,0,0,0,0,1,184,9011273,193,193,52069989,0,0,0,0,0,0,1,184,9011273
201805,08,035,4,8,Douglas County                ,299,299,92596797,0,0,0,0,0,0,5,92,13012953,292,292,90210683,0,0,0,0,0,0,5,92,13012953
201805,08,039,4,8,Elbert County                 ,20,20,6128382,0,0,0,0,0,0,0,0,0,19,19,5967952,0,0,0,0,0,0,0,0,0
201805,08,041,4,8,El Paso County                ,478,478,182689124,0,0,0,0,0,0,23,426,63639145,478,478,182689124,0,0,0,0,0,0,23,426,63639145
201805,08,047,4,8,Gilpin County                 ,3,3,809378,0,0,0,0,0,0,0,0,0,3,3,809378,0,0,0,0,0,0,0,0,0
201805,08,059,4,8,Jefferson County              ,82,82,24880369,11,22,575028,0,0,0,0,0,0,76,76,23221841,11,22,575028,0,0,0,0,0,0
201805,08,069,4,8,Larimer County                ,135,135,35384316,3,6,601200,0,0,0,2,44,3429659,135,135,35384316,3,6,601200,0,0,0,2,44,3429659
201805,08,077,4,8,Mesa County                   ,74,74,21103186,0,0,0,0,0,0,0,0,0,74,74,21103186,0,0,0,0,0,0,0,0,0
201805,08,093,4,8,Park County                   ,16,16,3590301,0,0,0,0,0,0,0,0,0,16,16,3590301,0,0,0,0,0,0,0,0,0
201805,08,101,4,8,Pueblo County                 ,41,41,6433694,0,0,0,0,0,0,0,0,0,41,41,6433694,0,0,0,0,0,0,0,0,0
201805,08,119,4,8,Teller County                 ,12,12,3429605,0,0,0,0,0,0,0,0,0,12,12,3429605,0,0,0,0,0,0,0,0,0
201805,09,001,1,1,Fairfield County              ,67,67,44984536,0,0,0,6,18,2266000,4,36,11322666,38,38,16740483,0,0,0,6,18,2266000,3,24,3989332
201805,09,003,1,1,Hartford County               ,45,45,9667596,0,0,0,0,0,0,4,53,3260486,30,30,7441992,0,0,0,0,0,0,2,36,2667000
201805,09,007,1,1,Middlesex County              ,14,14,4138789,0,0,0,0,0,0,1,6,535365,8,8,2785900,0,0,0,0,0,0,0,0,0
201805,09,013,1,1,Tolland County                ,15,15,3617543,0,0,0,0,0,0,2,18,1695615,7,7,1880458,0,0,0,0,0,0,0,0,0
201805,10,001,3,5,Kent County                   ,135,135,21649320,3,6,596672,0,0,0,2,42,5276880,133,133,21216493,3,6,596672,0,0,0,2,42,5276880
201805,10,003,3,5,New Castle County             ,122,122,11523046,0,0,0,0,0,0,2,10,160000,115,115,10418378,0,0,0,0,0,0,0,0,0
201805,10,005,3,5,Sussex County                 ,310,310,45404419,7,14,2116536,7,28,551214,2,10,1483360,310,310,45404419,7,14,2116536,7,28,551214,2,10,1483360
201805,11,001,3,5,Washington  DC                ,4,4,945628,0,0,0,1,3,390032,3,105,11485656,4,4,945628,0,0,0,1,3,390032,3,105,11485656
201805,12,003,3,5,Baker County                  ,20,20,3419533,0,0,0,0,0,0,0,0,0,16,16,2615500,0,0,0,0,0,0,0,0,0
201805,12,019,3,5,Clay County                   ,63,63,13526209,0,0,0,0,0,0,0,0,0,50,50,10376524,0,0,0,0,0,0,0,0,0
201805,12,029,3,5,Dixie County                  ,4,4,505294,0,0,0,0,0,0,0,0,0,0,0,0,0,0,0,0,0,0,0,0,0
201805,12,031,3,5,Duval County                  ,385,385,93013059,2,4,485966,0,0,0,0,0,0,375,375,88786145,2,4,485966,0,0,0,0,0,0
201805,12,033,3,5,Escambia County               ,76,76,17966925,0,0,0,0,0,0,0,0,0,76,76,17966925,0,0,0,0,0,0,0,0,0
201805,12,053,3,5,Hernando County               ,108,108,22642829,0,0,0,0,0,0,5,186,22903515,108,108,22642829,0,0,0,0,0,0,5,186,22903515
201805,12,057,3,5,Hillsborough County           ,843,843,287236398,2,4,640000,1,3,75000,0,0,0,843,843,287236398,2,4,640000,1,3,75000,0,0,0
201805,12,067,3,5,Lafayette County              ,2,2,359521,0,0,0,0,0,0,0,0,0,2,2,359521,0,0,0,0,0,0,0,0,0
201805,12,071,3,5,Lee County                    ,601,601,126385986,35,70,7893005,2,8,2181881,10,217,34812605,601,601,126385986,35,70,7893005,2,8,2181881,10,217,34812605
201805,12,073,3,5,Leon County                   ,61,61,12216057,1,2,221600,0,0,0,4,89,11757880,0,0,0,0,0,0,0,0,0,0,0,0
201805,12,081,3,5,Manatee County                ,293,293,63620718,0,0,0,2,7,955486,4,132,16322020,23,23,4863795,0,0,0,0,0,0,1,90,13000000
201805,12,086,3,5,Miami-Dade County             ,249,249,70774964,5,10,994585,0,0,0,10,513,49969113,212,212,53506091,5,10,994585,0,0,0,8,443,40141717
201805,12,089,3,5,Nassau County                 ,103,103,30165693,0,0,0,0,0,0,0,0,0,87,87,25869447,0,0,0,0,0,0,0,0,0
201805,12,091,3,5,Okaloosa County               ,73,73,24819146,2,4,612000,0,0,0,0,0,0,68,68,23900510,2,4,612000,0,0,0,0,0,0
201805,12,095,3,5,Orange County                 ,706,706,193836987,7,14,2092993,0,0,0,10,535,66647092,661,661,178594007,7,14,2092993,0,0,0,10,535,66647092
201805,12,097,3,5,Osceola County                ,416,416,112780801,0,0,0,1,4,644948,1,43,3629160,135,135,39337807,0,0,0,0,0,0,0,0,0
201805,12,101,3,5,Pasco County                  ,385,385,74626546,2,4,407000,3,9,381000,1,6,229755,384,384,74531828,1,2,127000,3,9,381000,1,6,229755
201805,12,103,3,5,Pinellas County               ,68,68,18608881,1,2,233102,0,0,0,2,91,7199821,64,64,16995715,0,0,0,0,0,0,1,65,5300000
201805,12,109,3,5,St. Johns County              ,378,378,89070991,0,0,0,2,8,1495654,1,6,1313153,378,378,89070991,0,0,0,2,8,1495654,1,6,1313153
201805,12,113,3,5,Santa Rosa County             ,125,125,22310851,0,0,0,0,0,0,0,0,0,125,125,22310851,0,0,0,0,0,0,0,0,0
201805,12,115,3,5,Sarasota County               ,280,280,67572657,0,0,0,2,7,1883801,4,29,11352229,151,151,34138647,0,0,0,1,3,1125000,3,24,10415896
201805,12,117,3,5,Seminole County               ,172,172,50225742,0,0,0,1,4,648525,2,33,2517898,164,164,47604855,0,0,0,1,4,648525,0,0,0
201805,12,119,3,5,Sumter County                 ,169,169,40540671,0,0,0,0,0,0,0,0,0,169,169,40540671,0,0,0,0,0,0,0,0,0
201805,12,129,3,5,Wakulla County                ,22,22,3676236,0,0,0,0,0,0,0,0,0,22,22,3676236,0,0,0,0,0,0,0,0,0
201805,12,131,3,5,Walton County                 ,113,113,59594466,0,0,0,0,0,0,0,0,0,113,113,59594466,0,0,0,0,0,0,0,0,0
201805,12,133,3,5,Washington County             ,5,5,693691,0,0,0,0,0,0,0,0,0,0,0,0,0,0,0,0,0,0,0,0,0
201805,13,007,3,5,Baker County                  ,0,0,0,0,0,0,0,0,0,0,0,0,0,0,0,0,0,0,0,0,0,0,0,0
201805,13,013,3,5,Barrow County                 ,72,72,8729840,0,0,0,0,0,0,1,10,715095,46,46,5719855,0,0,0,0,0,0,0,0,0
201805,13,015,3,5,Bartow County                 ,46,46,7544297,0,0,0,0,0,0,12,144,16824796,45,45,7375011,0,0,0,0,0,0,12,144,16824796
201805,13,021,3,5,Bibb County                   ,10,10,1591281,0,0,0,0,0,0,0,0,0,0,0,0,0,0,0,0,0,0,0,0,0
201805,13,029,3,5,Bryan County                  ,66,66,16008242,0,0,0,0,0,0,0,0,0,66,66,16008242,0,0,0,0,0,0,0,0,0
201805,13,033,3,5,Burke County                  ,6,6,1067049,0,0,0,0,0,0,0,0,0,0,0,0,0,0,0,0,0,0,0,0,0
201805,13,035,3,5,Butts County                  ,3,3,645000,0,0,0,0,0,0,0,0,0,3,3,645000,0,0,0,0,0,0,0,0,0
201805,13,045,3,5,Carroll County                ,46,46,10220114,0,0,0,0,0,0,0,0,0,46,46,10220114,0,0,0,0,0,0,0,0,0
201805,13,051,3,5,Chatham County                ,81,81,18543486,0,0,0,0,0,0,0,0,0,20,20,4874005,0,0,0,0,0,0,0,0,0
201805,13,057,3,5,Cherokee County               ,192,192,49162770,0,0,0,0,0,0,0,0,0,192,192,49162770,0,0,0,0,0,0,0,0,0
201805,13,059,3,5,Clarke County                 ,19,19,3324486,0,0,0,0,0,0,1,14,1360558,0,0,0,0,0,0,0,0,0,0,0,0
201805,13,063,3,5,Clayton County                ,11,11,2600476,0,0,0,0,0,0,0,0,0,11,11,2600476,0,0,0,0,0,0,0,0,0
201805,13,067,3,5,Cobb County                   ,185,185,49080777,5,10,2070620,7,23,4687168,4,24,4357529,169,169,46076076,5,10,2070620,7,23,4687168,4,24,4357529
201805,13,073,3,5,Columbia County               ,80,80,14412556,0,0,0,0,0,0,0,0,0,80,80,14412556,0,0,0,0,0,0,0,0,0
201805,13,077,3,5,Coweta County                 ,80,80,26379648,0,0,0,0,0,0,0,0,0,46,46,17146868,0,0,0,0,0,0,0,0,0
201805,13,085,3,5,Dawson County                 ,31,31,6296512,0,0,0,0,0,0,0,0,0,31,31,6296512,0,0,0,0,0,0,0,0,0
201805,13,095,3,5,Dougherty County              ,1,1,360000,0,0,0,0,0,0,0,0,0,1,1,360000,0,0,0,0,0,0,0,0,0
201805,13,097,3,5,Douglas County                ,52,52,11429206,0,0,0,0,0,0,0,0,0,52,52,11429206,0,0,0,0,0,0,0,0,0
201805,13,111,3,5,Fannin County                 ,39,39,7611981,0,0,0,0,0,0,0,0,0,39,39,7611981,0,0,0,0,0,0,0,0,0
201805,13,113,3,5,Fayette County                ,42,42,12198947,0,0,0,0,0,0,0,0,0,36,36,9874520,0,0,0,0,0,0,0,0,0
201805,13,115,3,5,Floyd County                  ,19,19,3707000,0,0,0,2,8,864000,0,0,0,19,19,3707000,0,0,0,2,8,864000,0,0,0
201805,13,117,3,5,Forsyth County                ,257,257,38140277,0,0,0,0,0,0,0,0,0,257,257,38140277,0,0,0,0,0,0,0,0,0
201805,13,121,3,5,Fulton County                 ,433,433,112019421,0,0,0,0,0,0,12,1410,194251186,424,424,111060764,0,0,0,0,0,0,11,1405,194228955
201805,13,127,3,5,Glynn County                  ,54,54,15778846,0,0,0,0,0,0,0,0,0,0,0,0,0,0,0,0,0,0,0,0,0
201805,13,135,3,5,Gwinnett County               ,309,309,75634758,0,0,0,0,0,0,0,0,0,302,302,73317067,0,0,0,0,0,0,0,0,0
201805,13,143,3,5,Haralson County               ,4,4,915362,0,0,0,0,0,0,0,0,0,0,0,0,0,0,0,0,0,0,0,0,0
201805,13,145,3,5,Harris County                 ,10,10,1971840,0,0,0,0,0,0,0,0,0,10,10,1971840,0,0,0,0,0,0,0,0,0
201805,13,149,3,5,Heard County                  ,2,2,472814,0,0,0,0,0,0,0,0,0,2,2,472814,0,0,0,0,0,0,0,0,0
201805,13,151,3,5,Henry County                  ,177,177,35445773,0,0,0,0,0,0,0,0,0,136,136,30041177,0,0,0,0,0,0,0,0,0
201805,13,159,3,5,Jasper County                 ,7,7,937818,0,0,0,0,0,0,0,0,0,0,0,0,0,0,0,0,0,0,0,0,0
201805,13,171,3,5,Lamar County                  ,4,4,465075,0,0,0,0,0,0,0,0,0,4,4,465075,0,0,0,0,0,0,0,0,0
201805,13,177,3,5,Lee County                    ,13,13,1573500,0,0,0,0,0,0,0,0,0,13,13,1573500,0,0,0,0,0,0,0,0,0
201805,13,179,3,5,Liberty County                ,18,18,4280123,0,0,0,0,0,0,0,0,0,18,18,4280123,0,0,0,0,0,0,0,0,0
201805,13,189,3,5,McDuffie County               ,3,3,552400,0,0,0,0,0,0,0,0,0,0,0,0,0,0,0,0,0,0,0,0,0
201805,13,199,3,5,Meriwether County             ,5,5,1182035,0,0,0,0,0,0,0,0,0,5,5,1182035,0,0,0,0,0,0,0,0,0
201805,13,201,3,5,Miller County                 ,0,0,0,0,0,0,0,0,0,0,0,0,0,0,0,0,0,0,0,0,0,0,0,0
201805,13,207,3,5,Monroe County                 ,13,13,2930341,0,0,0,0,0,0,0,0,0,0,0,0,0,0,0,0,0,0,0,0,0
201805,13,215,3,5,Muscogee County               ,31,31,6053725,0,0,0,1,4,246186,1,10,1752077,0,0,0,0,0,0,0,0,0,0,0,0
201805,13,217,3,5,Newton County                 ,57,57,13260973,0,0,0,0,0,0,0,0,0,57,57,13260973,0,0,0,0,0,0,0,0,0
201805,13,227,3,5,Pickens County                ,15,15,3577000,0,0,0,0,0,0,0,0,0,15,15,3577000,0,0,0,0,0,0,0,0,0
201805,13,231,3,5,Pike County                   ,8,8,1569412,0,0,0,0,0,0,0,0,0,0,0,0,0,0,0,0,0,0,0,0,0
201805,13,235,3,5,Pulaski County                ,0,0,0,0,0,0,0,0,0,0,0,0,0,0,0,0,0,0,0,0,0,0,0,0
201805,13,245,3,5,Richmond County               ,41,41,6670005,0,0,0,0,0,0,1,15,861590,3,3,425000,0,0,0,0,0,0,0,0,0
201805,13,247,3,5,Rockdale County               ,19,19,4046453,0,0,0,0,0,0,0,0,0,19,19,4046453,0,0,0,0,0,0,0,0,0
201805,13,255,3,5,Spalding County               ,12,12,1580382,0,0,0,0,0,0,0,0,0,12,12,1580382,0,0,0,0,0,0,0,0,0
201805,13,275,3,5,Thomas County                 ,16,16,3413573,0,0,0,0,0,0,0,0,0,13,13,2856975,0,0,0,0,0,0,0,0,0
201805,13,291,3,5,Union County                  ,24,24,7153261,0,0,0,0,0,0,0,0,0,24,24,7153261,0,0,0,0,0,0,0,0,0
201805,15,001,4,9,Hawaii County                 ,91,91,27241878,0,0,0,0,0,0,0,0,0,91,91,27241878,0,0,0,0,0,0,0,0,0
201805,15,003,4,9,Honolulu County               ,110,110,37471057,0,0,0,0,0,0,1,68,11146364,0,0,0,0,0,0,0,0,0,0,0,0
201805,15,007,4,9,Kauai County                  ,17,17,8668266,1,2,800856,0,0,0,0,0,0,17,17,8668266,1,2,800856,0,0,0,0,0,0
201805,15,009,4,9,Maui County                   ,32,32,12053097,0,0,0,1,4,947619,3,24,3847857,32,32,12053097,0,0,0,1,4,947619,3,24,3847857
201805,16,001,4,8,Ada County                    ,475,475,135293197,1,2,423516,1,4,259980,4,46,3572707,389,389,111753202,0,0,0,0,0,0,3,24,649114
201805,16,015,4,8,Boise County                  ,9,9,2319115,0,0,0,0,0,0,0,0,0,9,9,2319115,0,0,0,0,0,0,0,0,0
201805,16,027,4,8,Canyon County                 ,135,135,23107389,0,0,0,0,0,0,1,50,6400000,83,83,15290844,0,0,0,0,0,0,1,50,6400000
201805,16,045,4,8,Gem County                    ,10,10,1512608,0,0,0,0,0,0,0,0,0,10,10,1512608,0,0,0,0,0,0,0,0,0
201805,16,073,4,8,Owyhee County                 ,4,4,710397,0,0,0,0,0,0,0,0,0,2,2,320030,0,0,0,0,0,0,0,0,0
201805,17,005,2,3,Bond County                   ,1,1,176208,0,0,0,0,0,0,0,0,0,0,0,0,0,0,0,0,0,0,0,0,0
201805,17,013,2,3,Calhoun County                ,3,3,434700,0,0,0,0,0,0,0,0,0,3,3,434700,0,0,0,0,0,0,0,0,0
201805,17,031,2,3,Cook County                   ,192,192,62243932,2,4,800000,15,49,10850914,24,987,72258791,153,153,50894885,2,4,800000,14,46,10122300,21,918,62936700
201805,17,037,2,3,DeKalb County                 ,9,9,2120000,0,0,0,0,0,0,0,0,0,9,9,2120000,0,0,0,0,0,0,0,0,0
201805,17,039,2,3,De Witt County                ,4,4,1200000,0,0,0,0,0,0,0,0,0,4,4,1200000,0,0,0,0,0,0,0,0,0
201805,17,043,2,3,DuPage County                 ,75,75,28085903,2,4,692000,5,16,2216093,5,48,3902862,67,67,24471540,2,4,692000,5,16,2216093,4,23,3309870
201805,17,063,2,3,Grundy County                 ,15,15,2620664,0,0,0,0,0,0,2,15,769230,13,13,2209401,0,0,0,0,0,0,0,0,0
201805,17,083,2,3,Jersey County                 ,5,5,724115,0,0,0,0,0,0,0,0,0,3,3,412897,0,0,0,0,0,0,0,0,0
201805,17,093,2,3,Kendall County                ,32,32,5667604,0,0,0,0,0,0,0,0,0,32,32,5667604,0,0,0,0,0,0,0,0,0
201805,17,097,2,3,Lake County                   ,60,60,21030839,0,0,0,0,0,0,4,45,8607024,15,15,4847688,0,0,0,0,0,0,0,0,0
201805,17,111,2,3,McHenry County                ,33,33,6820488,0,0,0,0,0,0,0,0,0,21,21,4248660,0,0,0,0,0,0,0,0,0
201805,17,119,2,3,Madison County                ,38,38,9777451,1,2,260000,0,0,0,9,162,20730582,35,35,9198693,0,0,0,0,0,0,9,162,20730582
201805,17,133,2,3,Monroe County                 ,13,13,3487706,0,0,0,0,0,0,0,0,0,13,13,3487706,0,0,0,0,0,0,0,0,0
201805,17,197,2,3,Will County                   ,125,125,33600885,1,2,440000,1,4,680000,0,0,0,105,105,29495585,1,2,440000,1,4,680000,0,0,0
201805,18,003,2,3,Allen County                  ,115,115,29729018,0,0,0,1,4,608000,14,106,14378010,115,115,29729018,0,0,0,1,4,608000,14,106,14378010
201805,18,011,2,3,Boone County                  ,52,52,17104186,0,0,0,0,0,0,0,0,0,52,52,17104186,0,0,0,0,0,0,0,0,0
201805,18,013,2,3,Brown County                  ,7,7,1809592,0,0,0,0,0,0,0,0,0,7,7,1809592,0,0,0,0,0,0,0,0,0
201805,18,019,2,3,Clark County                  ,69,69,45650878,0,0,0,0,0,0,2,48,5495568,66,66,44745780,0,0,0,0,0,0,2,48,5495568
201805,18,047,2,3,Franklin County               ,5,5,1238000,0,0,0,0,0,0,0,0,0,5,5,1238000,0,0,0,0,0,0,0,0,0
201805,18,057,2,3,Hamilton County               ,273,273,93754200,0,0,0,0,0,0,1,208,24900000,273,273,93754200,0,0,0,0,0,0,1,208,24900000
201805,18,059,2,3,Hancock County                ,69,69,14226208,0,0,0,0,0,0,0,0,0,69,69,14226208,0,0,0,0,0,0,0,0,0
201805,18,061,2,3,Harrison County               ,11,11,2385213,0,0,0,0,0,0,0,0,0,11,11,2385213,0,0,0,0,0,0,0,0,0
201805,18,063,2,3,Hendricks County              ,93,93,22796117,0,0,0,1,4,904800,2,41,2839941,38,38,9744158,0,0,0,0,0,0,0,0,0
201805,18,069,2,3,Huntington County             ,5,5,1811849,0,0,0,0,0,0,0,0,0,5,5,1811849,0,0,0,0,0,0,0,0,0
201805,18,073,2,3,Jasper County                 ,14,14,3296132,0,0,0,0,0,0,0,0,0,13,13,3146132,0,0,0,0,0,0,0,0,0
201805,18,081,2,3,Johnson County                ,83,83,19144090,0,0,0,0,0,0,0,0,0,79,79,18597383,0,0,0,0,0,0,0,0,0
201805,18,087,2,3,Lagrange County               ,15,15,3145000,0,0,0,0,0,0,0,0,0,15,15,3145000,0,0,0,0,0,0,0,0,0
201805,18,089,2,3,Lake County                   ,125,125,32579189,3,6,824597,0,0,0,0,0,0,121,121,31656395,3,6,824597,0,0,0,0,0,0
201805,18,097,2,3,Marion County                 ,119,119,29934426,7,14,2264400,2,6,270000,14,283,23439426,119,119,29934426,7,14,2264400,2,6,270000,14,283,23439426
201805,18,105,2,3,Monroe County                 ,22,22,5687290,9,18,2503613,0,0,0,0,0,0,22,22,5687290,9,18,2503613,0,0,0,0,0,0
201805,18,109,2,3,Morgan County                 ,19,19,4017581,0,0,0,0,0,0,0,0,0,17,17,3502000,0,0,0,0,0,0,0,0,0
201805,18,111,2,3,Newton County                 ,2,2,405672,0,0,0,0,0,0,0,0,0,0,0,0,0,0,0,0,0,0,0,0,0
201805,18,115,2,3,Ohio County                   ,2,2,463996,0,0,0,0,0,0,0,0,0,2,2,463996,0,0,0,0,0,0,0,0,0
201805,18,119,2,3,Owen County                   ,2,2,517026,0,0,0,0,0,0,0,0,0,2,2,517026,0,0,0,0,0,0,0,0,0
201805,18,127,2,3,Porter County                 ,51,51,14626379,3,6,742712,0,0,0,0,0,0,43,43,13412511,3,6,742712,0,0,0,0,0,0
201805,18,133,2,3,Putnam County                 ,8,8,1866206,1,2,239222,0,0,0,0,0,0,2,2,385000,0,0,0,0,0,0,0,0,0
201805,18,145,2,3,Shelby County                 ,4,4,842400,0,0,0,0,0,0,0,0,0,4,4,842400,0,0,0,0,0,0,0,0,0
201805,18,151,2,3,Steuben County                ,14,14,4502000,0,0,0,0,0,0,0,0,0,14,14,4502000,0,0,0,0,0,0,0,0,0
201805,18,157,2,3,Tippecanoe County             ,47,47,11207509,1,2,360000,0,0,0,1,56,8400000,0,0,0,0,0,0,0,0,0,1,56,8400000
201805,18,163,2,3,Vanderburgh County            ,26,26,4447963,0,0,0,0,0,0,0,0,0,26,26,4447963,0,0,0,0,0,0,0,0,0
201805,18,167,2,3,Vigo County                   ,2,2,372720,6,12,769636,0,0,0,1,18,1245484,0,0,0,5,10,632000,0,0,0,0,0,0
201805,18,175,2,3,Washington County             ,6,6,1617408,0,0,0,0,0,0,0,0,0,0,0,0,0,0,0,0,0,0,0,0,0
201805,18,183,2,3,Whitley County                ,10,10,1797281,0,0,0,0,0,0,0,0,0,10,10,1797281,0,0,0,0,0,0,0,0,0
201805,19,049,2,4,Dallas County                 ,54,54,16817756,0,0,0,0,0,0,1,24,3399193,51,51,16046145,0,0,0,0,0,0,1,24,3399193
201805,19,085,2,4,Harrison County               ,5,5,1200000,0,0,0,0,0,0,0,0,0,5,5,1200000,0,0,0,0,0,0,0,0,0
201805,19,129,2,4,Mills County                  ,1,1,180000,0,0,0,0,0,0,0,0,0,1,1,180000,0,0,0,0,0,0,0,0,0
201805,19,153,2,4,Polk County                   ,228,228,61052431,0,0,0,0,0,0,3,206,23998097,205,205,58292470,0,0,0,0,0,0,2,198,23436952
201805,19,181,2,4,Warren County                 ,50,50,12662655,2,4,588400,0,0,0,0,0,0,48,48,12178786,2,4,588400,0,0,0,0,0,0
201805,20,061,2,4,Geary County                  ,0,0,0,0,0,0,0,0,0,0,0,0,0,0,0,0,0,0,0,0,0,0,0,0
201805,20,091,2,4,Johnson County                ,241,241,81823076,4,8,2064920,2,7,1069031,10,274,45125549,203,203,70102649,3,6,1719920,0,0,0,8,260,43770820
201805,20,103,2,4,Leavenworth County            ,31,31,6371128,0,0,0,0,0,0,0,0,0,31,31,6371128,0,0,0,0,0,0,0,0,0
201805,20,107,2,4,Linn County                   ,5,5,497756,0,0,0,0,0,0,0,0,0,0,0,0,0,0,0,0,0,0,0,0,0
201805,20,121,2,4,Miami County                  ,9,9,2360975,0,0,0,0,0,0,0,0,0,0,0,0,0,0,0,0,0,0,0,0,0
201805,20,209,2,4,Wyandotte County              ,13,13,2280417,0,0,0,0,0,0,0,0,0,12,12,2069500,0,0,0,0,0,0,0,0,0
201805,21,005,3,6,Anderson County               ,16,16,2832230,0,0,0,0,0,0,0,0,0,16,16,2832230,0,0,0,0,0,0,0,0,0
201805,21,015,3,6,Boone County                  ,30,30,5889321,0,0,0,0,0,0,0,0,0,30,30,5889321,0,0,0,0,0,0,0,0,0
201805,21,017,3,6,Bourbon County                ,4,4,897729,1,2,157000,0,0,0,0,0,0,0,0,0,0,0,0,0,0,0,0,0,0
201805,21,021,3,6,Boyle County                  ,5,5,1396179,0,0,0,0,0,0,0,0,0,5,5,1396179,0,0,0,0,0,0,0,0,0
201805,21,029,3,6,Bullitt County                ,53,53,12203151,1,2,300000,1,3,499000,0,0,0,53,53,12203151,1,2,300000,1,3,499000,0,0,0
201805,21,035,3,6,Calloway County               ,1,1,160000,0,0,0,0,0,0,0,0,0,1,1,160000,0,0,0,0,0,0,0,0,0
201805,21,037,3,6,Campbell County               ,28,28,6824414,0,0,0,0,0,0,2,20,1459242,28,28,6824414,0,0,0,0,0,0,2,20,1459242
201805,21,045,3,6,Casey County                  ,0,0,0,0,0,0,0,0,0,0,0,0,0,0,0,0,0,0,0,0,0,0,0,0
201805,21,047,3,6,Christian County              ,4,4,348600,0,0,0,0,0,0,0,0,0,1,1,135000,0,0,0,0,0,0,0,0,0
201805,21,049,3,6,Clark County                  ,5,5,1062756,0,0,0,0,0,0,1,5,346250,0,0,0,0,0,0,0,0,0,0,0,0
201805,21,067,3,6,Fayette County                ,74,74,11930367,0,0,0,0,0,0,2,44,3221706,0,0,0,0,0,0,0,0,0,0,0,0
201805,21,069,3,6,Fleming County                ,0,0,0,0,0,0,0,0,0,0,0,0,0,0,0,0,0,0,0,0,0,0,0,0
201805,21,077,3,6,Gallatin County               ,2,2,472814,0,0,0,0,0,0,0,0,0,2,2,472814,0,0,0,0,0,0,0,0,0
201805,21,081,3,6,Grant County                  ,5,5,823942,0,0,0,0,0,0,0,0,0,0,0,0,0,0,0,0,0,0,0,0,0
201805,21,091,3,6,Hancock County                ,0,0,0,0,0,0,0,0,0,0,0,0,0,0,0,0,0,0,0,0,0,0,0,0
201805,21,099,3,6,Hart County                   ,6,6,583500,0,0,0,0,0,0,1,5,567738,0,0,0,0,0,0,0,0,0,0,0,0
201805,21,101,3,6,Henderson County              ,1,1,119000,0,0,0,0,0,0,0,0,0,1,1,119000,0,0,0,0,0,0,0,0,0
201805,21,103,3,6,Henry County                  ,2,2,340000,0,0,0,0,0,0,0,0,0,2,2,340000,0,0,0,0,0,0,0,0,0
201805,21,111,3,6,Jefferson County              ,116,116,35956011,0,0,0,0,0,0,0,0,0,116,116,35956011,0,0,0,0,0,0,0,0,0
201805,21,113,3,6,Jessamine County              ,20,20,5323177,0,0,0,0,0,0,0,0,0,8,8,3595000,0,0,0,0,0,0,0,0,0
201805,21,115,3,6,Johnson County                ,1,1,294193,0,0,0,0,0,0,0,0,0,1,1,294193,0,0,0,0,0,0,0,0,0
201805,21,117,3,6,Kenton County                 ,25,25,8607662,0,0,0,0,0,0,0,0,0,25,25,8607662,0,0,0,0,0,0,0,0,0
201805,21,121,3,6,Knox County                   ,0,0,0,0,0,0,0,0,0,0,0,0,0,0,0,0,0,0,0,0,0,0,0,0
201805,21,123,3,6,Larue County                  ,6,6,1418441,1,2,242983,0,0,0,0,0,0,6,6,1418441,1,2,242983,0,0,0,0,0,0
201805,21,137,3,6,Lincoln County                ,5,5,619448,0,0,0,0,0,0,0,0,0,0,0,0,0,0,0,0,0,0,0,0,0
201805,21,145,3,6,McCracken County              ,8,8,2061224,0,0,0,0,0,0,1,12,1452954,8,8,2061224,0,0,0,0,0,0,1,12,1452954
201805,21,151,3,6,Madison County                ,14,14,1230028,1,2,112996,0,0,0,1,5,168572,0,0,0,0,0,0,0,0,0,0,0,0
201805,21,157,3,6,Marshall County               ,3,3,975000,0,0,0,0,0,0,0,0,0,3,3,975000,0,0,0,0,0,0,0,0,0
201805,21,161,3,6,Mason County                  ,3,3,443000,0,0,0,0,0,0,0,0,0,3,3,443000,0,0,0,0,0,0,0,0,0
201805,21,163,3,6,Meade County                  ,7,7,1047921,0,0,0,0,0,0,0,0,0,0,0,0,0,0,0,0,0,0,0,0,0
201805,21,167,3,6,Mercer County                 ,5,5,861217,0,0,0,0,0,0,0,0,0,0,0,0,0,0,0,0,0,0,0,0,0
201805,21,175,3,6,Morgan County                 ,2,2,150000,0,0,0,0,0,0,0,0,0,0,0,0,0,0,0,0,0,0,0,0,0
201805,21,179,3,6,Nelson County                 ,21,21,3204164,0,0,0,0,0,0,0,0,0,21,21,3204164,0,0,0,0,0,0,0,0,0
201805,21,185,3,6,Oldham County                 ,31,31,9350949,0,0,0,0,0,0,0,0,0,0,0,0,0,0,0,0,0,0,0,0,0
201805,21,191,3,6,Pendleton County              ,0,0,0,0,0,0,0,0,0,0,0,0,0,0,0,0,0,0,0,0,0,0,0,0
201805,21,209,3,6,Scott County                  ,29,29,6949570,2,4,480000,0,0,0,0,0,0,29,29,6949570,2,4,480000,0,0,0,0,0,0
201805,21,211,3,6,Shelby County                 ,34,34,6625871,0,0,0,0,0,0,0,0,0,34,34,6625871,0,0,0,0,0,0,0,0,0
201805,21,213,3,6,Simpson County                ,7,7,1047663,0,0,0,0,0,0,0,0,0,0,0,0,0,0,0,0,0,0,0,0,0
201805,21,215,3,6,Spencer County                ,23,23,5437359,0,0,0,0,0,0,0,0,0,23,23,5437359,0,0,0,0,0,0,0,0,0
201805,21,221,3,6,Trigg County                  ,1,1,195179,0,0,0,0,0,0,0,0,0,1,1,195179,0,0,0,0,0,0,0,0,0
201805,21,239,3,6,Woodford County               ,3,3,805545,0,0,0,0,0,0,0,0,0,3,3,805545,0,0,0,0,0,0,0,0,0
201805,22,005,3,7,Ascension Parish              ,105,105,16345182,0,0,0,0,0,0,0,0,0,0,0,0,0,0,0,0,0,0,0,0,0
201805,22,015,3,7,Bossier Parish                ,60,60,9423649,0,0,0,0,0,0,0,0,0,60,60,9423649,0,0,0,0,0,0,0,0,0
201805,22,017,3,7,Caddo Parish                  ,32,32,8132469,0,0,0,0,0,0,0,0,0,0,0,0,0,0,0,0,0,0,0,0,0
201805,22,031,3,7,De Soto Parish                ,8,8,1716253,0,0,0,0,0,0,0,0,0,8,8,1716253,0,0,0,0,0,0,0,0,0
201805,22,033,3,7,East Baton Rouge Parish       ,128,128,28998429,0,0,0,0,0,0,0,0,0,128,128,28998429,0,0,0,0,0,0,0,0,0
201805,22,037,3,7,East Feliciana Parish         ,0,0,0,0,0,0,0,0,0,0,0,0,0,0,0,0,0,0,0,0,0,0,0,0
201805,22,047,3,7,Iberville Parish              ,9,9,2342343,0,0,0,0,0,0,0,0,0,1,1,274000,0,0,0,0,0,0,0,0,0
201805,22,051,3,7,Jefferson Parish              ,44,44,10007510,0,0,0,0,0,0,0,0,0,8,8,2703000,0,0,0,0,0,0,0,0,0
201805,22,055,3,7,Lafayette Parish              ,124,124,25817772,0,0,0,0,0,0,0,0,0,20,20,5196499,0,0,0,0,0,0,0,0,0
201805,22,063,3,7,Livingston Parish             ,85,85,16740294,0,0,0,0,0,0,0,0,0,81,81,15809499,0,0,0,0,0,0,0,0,0
201805,22,071,3,7,Orleans Parish                ,44,44,9906708,5,10,1056987,0,0,0,1,6,1476850,0,0,0,0,0,0,0,0,0,0,0,0
201805,22,075,3,7,Plaquemines Parish            ,5,5,1033571,0,0,0,0,0,0,0,0,0,5,5,1033571,0,0,0,0,0,0,0,0,0
201805,22,077,3,7,Pointe Coupee Parish          ,17,17,4030300,0,0,0,0,0,0,0,0,0,17,17,4030300,0,0,0,0,0,0,0,0,0
201805,22,087,3,7,St. Bernard Parish            ,11,11,1655740,0,0,0,0,0,0,0,0,0,11,11,1655740,0,0,0,0,0,0,0,0,0
201805,22,089,3,7,St. Charles Parish            ,23,23,4803176,0,0,0,0,0,0,0,0,0,23,23,4803176,0,0,0,0,0,0,0,0,0
201805,22,091,3,7,St. Helena Parish             ,5,5,882195,0,0,0,0,0,0,0,0,0,0,0,0,0,0,0,0,0,0,0,0,0
201805,22,095,3,7,St. John the Baptist Parish   ,4,4,660124,0,0,0,0,0,0,0,0,0,0,0,0,0,0,0,0,0,0,0,0,0
201805,22,099,3,7,St. Martin Parish             ,18,18,3309555,0,0,0,0,0,0,0,0,0,0,0,0,0,0,0,0,0,0,0,0,0
201805,22,103,3,7,St. Tammany Parish            ,139,139,34085987,0,0,0,0,0,0,0,0,0,133,133,32261355,0,0,0,0,0,0,0,0,0
201805,22,109,3,7,Terrebonne Parish             ,11,11,1953000,0,0,0,2,8,698000,0,0,0,11,11,1953000,0,0,0,2,8,698000,0,0,0
201805,22,121,3,7,West Baton Rouge Parish       ,32,32,5787674,0,0,0,0,0,0,0,0,0,30,30,5605550,0,0,0,0,0,0,0,0,0
201805,22,125,3,7,West Feliciana Parish         ,2,2,796662,0,0,0,0,0,0,0,0,0,2,2,796662,0,0,0,0,0,0,0,0,0
201805,23,000,1,1,Maine Unorganized Territory   ,9,9,1195202,0,0,0,0,0,0,0,0,0,0,0,0,0,0,0,0,0,0,0,0,0
201805,24,003,3,5,Anne Arundel County           ,254,254,39080905,0,0,0,0,0,0,0,0,0,250,250,38049029,0,0,0,0,0,0,0,0,0
201805,24,005,3,5,Baltimore County              ,104,104,44485705,0,0,0,0,0,0,0,0,0,104,104,44485705,0,0,0,0,0,0,0,0,0
201805,24,009,3,5,Calvert County                ,16,16,3782510,0,0,0,0,0,0,0,0,0,16,16,3782510,0,0,0,0,0,0,0,0,0
201805,24,013,3,5,Carroll County                ,13,13,3508413,0,0,0,0,0,0,0,0,0,13,13,3508413,0,0,0,0,0,0,0,0,0
201805,24,015,3,5,Cecil County                  ,14,14,2659949,0,0,0,0,0,0,0,0,0,14,14,2659949,0,0,0,0,0,0,0,0,0
201805,24,017,3,5,Charles County                ,83,83,18146823,0,0,0,0,0,0,0,0,0,83,83,18146823,0,0,0,0,0,0,0,0,0
201805,24,021,3,5,Frederick County              ,140,140,37259493,0,0,0,0,0,0,0,0,0,140,140,37259493,0,0,0,0,0,0,0,0,0
201805,24,023,3,5,Garrett County                ,9,9,2302891,0,0,0,0,0,0,0,0,0,9,9,2302891,0,0,0,0,0,0,0,0,0
201805,24,025,3,5,Harford County                ,87,87,18797923,0,0,0,0,0,0,0,0,0,85,85,18523494,0,0,0,0,0,0,0,0,0
201805,24,027,3,5,Howard County                 ,99,99,21105419,0,0,0,0,0,0,0,0,0,99,99,21105419,0,0,0,0,0,0,0,0,0
201805,24,031,3,5,Montgomery County             ,59,59,13728888,2,4,266667,0,0,0,0,0,0,56,56,13238787,0,0,0,0,0,0,0,0,0
201805,24,033,3,5,Prince George County          ,249,249,59042097,0,0,0,0,0,0,0,0,0,245,245,57919692,0,0,0,0,0,0,0,0,0
201805,24,035,3,5,Queen Anne County             ,28,28,6135223,0,0,0,0,0,0,0,0,0,28,28,6135223,0,0,0,0,0,0,0,0,0
201805,24,037,3,5,St. Marys County              ,162,162,29935000,0,0,0,0,0,0,0,0,0,162,162,29935000,0,0,0,0,0,0,0,0,0
201805,24,039,3,5,Somerset County               ,2,2,287695,0,0,0,0,0,0,0,0,0,1,1,130000,0,0,0,0,0,0,0,0,0
201805,24,045,3,5,Wicomico County               ,13,13,1463670,0,0,0,0,0,0,0,0,0,12,12,1344030,0,0,0,0,0,0,0,0,0
201805,24,510,3,5,Baltimore (Independent City)  ,5,5,1190000,0,0,0,0,0,0,0,0,0,5,5,1190000,0,0,0,0,0,0,0,0,0
201805,25,005,1,1,Bristol County                ,69,69,15295501,4,8,533500,0,0,0,0,0,0,46,46,9952640,3,6,255000,0,0,0,0,0,0
201805,25,009,1,1,Essex County                  ,76,76,26644009,4,8,1184589,0,0,0,3,36,6573181,54,54,20252529,1,2,320000,0,0,0,0,0,0
201805,25,017,1,1,Middlesex County              ,153,153,50539166,4,8,1322312,1,3,459711,13,415,75658444,81,81,28441300,0,0,0,0,0,0,5,298,57495327
201805,25,021,1,1,Norfolk County                ,66,66,27951446,1,2,300000,1,4,880000,4,36,3456835,45,45,18110563,1,2,300000,1,4,880000,1,8,1050000
201805,25,023,1,1,Plymouth County               ,104,104,26213074,0,0,0,1,3,381171,2,220,44229484,75,75,18875336,0,0,0,0,0,0,2,220,44229484
201805,25,025,1,1,Suffolk County                ,4,4,975117,10,20,6431976,5,16,2960000,14,824,303427153,3,3,798061,9,18,6206000,5,16,2960000,12,811,300566743
201805,26,000,2,3,Michigan Balance of State     ,8,8,1502489,0,0,0,0,0,0,0,0,0,0,0,0,0,0,0,0,0,0,0,0,0
201805,26,019,2,3,Benzie County                 ,9,9,2585377,0,0,0,0,0,0,0,0,0,9,9,2585377,0,0,0,0,0,0,0,0,0
201805,26,029,2,3,Charlevoix County             ,13,13,2971853,0,0,0,0,0,0,0,0,0,0,0,0,0,0,0,0,0,0,0,0,0
201805,26,089,2,3,Leelanau County               ,13,13,2644355,0,0,0,0,0,0,0,0,0,13,13,2644355,0,0,0,0,0,0,0,0,0
201805,26,093,2,3,Livingston County             ,84,84,21827763,0,0,0,0,0,0,0,0,0,81,81,21521548,0,0,0,0,0,0,0,0,0
201805,26,095,2,3,Luce County                   ,1,1,190743,0,0,0,0,0,0,0,0,0,0,0,0,0,0,0,0,0,0,0,0,0
201805,26,099,2,3,Macomb County                 ,170,170,53449333,2,4,598894,0,0,0,0,0,0,165,165,52183962,1,2,415702,0,0,0,0,0,0
201805,26,103,2,3,Marquette County              ,16,16,3464000,0,0,0,0,0,0,0,0,0,16,16,3464000,0,0,0,0,0,0,0,0,0
201805,26,137,2,3,Otsego County                 ,2,2,162000,0,0,0,0,0,0,0,0,0,0,0,0,0,0,0,0,0,0,0,0,0
201805,26,147,2,3,St. Clair County              ,33,33,6425119,0,0,0,0,0,0,0,0,0,31,31,6148924,0,0,0,0,0,0,0,0,0
201805,26,163,2,3,Wayne County                  ,101,101,29689177,2,4,978240,0,0,0,1,12,2234793,85,85,26176884,2,4,978240,0,0,0,1,12,2234793
201805,27,003,2,4,Anoka County                  ,106,106,30816098,0,0,0,0,0,0,2,90,11813352,84,84,24469082,0,0,0,0,0,0,1,68,9000000
201805,27,019,2,4,Carver County                 ,43,43,12561147,0,0,0,0,0,0,1,134,20000000,35,35,10892531,0,0,0,0,0,0,1,134,20000000
201805,27,025,2,4,Chisago County                ,33,33,5836296,0,0,0,0,0,0,0,0,0,32,32,5662192,0,0,0,0,0,0,0,0,0
201805,27,027,2,4,Clay County                   ,42,42,11163844,0,0,0,0,0,0,1,65,6500000,42,42,11163844,0,0,0,0,0,0,1,65,6500000
201805,27,037,2,4,Dakota County                 ,124,124,37343729,1,2,500000,0,0,0,1,58,15768000,100,100,29650276,1,2,500000,0,0,0,1,58,15768000
201805,27,053,2,4,Hennepin County               ,191,191,74518585,1,2,205000,4,16,3926792,2,177,32857375,177,177,67514026,1,2,205000,4,16,3926792,2,177,32857375
201805,27,059,2,4,Isanti County                 ,28,28,5127454,0,0,0,0,0,0,1,28,4170383,8,8,1326575,0,0,0,0,0,0,1,28,4170383
201805,27,123,2,4,Ramsey County                 ,17,17,5798835,0,0,0,0,0,0,0,0,0,17,17,5798835,0,0,0,0,0,0,0,0,0
201805,27,139,2,4,Scott County                  ,84,84,23927054,0,0,0,0,0,0,1,54,6644000,81,81,23155023,0,0,0,0,0,0,1,54,6644000
201805,27,141,2,4,Sherburne County              ,43,43,9706161,0,0,0,0,0,0,0,0,0,43,43,9706161,0,0,0,0,0,0,0,0,0
201805,27,163,2,4,Washington County             ,112,112,39461041,0,0,0,1,4,582000,2,114,12630000,103,103,35895995,0,0,0,1,4,582000,2,114,12630000
201805,27,171,2,4,Wright County                 ,102,102,27487460,0,0,0,0,0,0,0,0,0,99,99,26708328,0,0,0,0,0,0,0,0,0
201805,28,033,3,6,DeSoto County                 ,181,181,27628009,0,0,0,0,0,0,0,0,0,181,181,27628009,0,0,0,0,0,0,0,0,0
201805,28,041,3,6,Greene County                 ,0,0,0,0,0,0,0,0,0,0,0,0,0,0,0,0,0,0,0,0,0,0,0,0
201805,28,045,3,6,Hancock County                ,43,43,7283488,2,4,1074680,1,4,401445,1,8,677302,12,12,2586685,2,4,1074680,0,0,0,0,0,0
201805,28,047,3,6,Harrison County               ,108,108,18379671,0,0,0,0,0,0,0,0,0,83,83,15079460,0,0,0,0,0,0,0,0,0
201805,28,067,3,6,Jones County                  ,2,2,291585,0,0,0,0,0,0,0,0,0,0,0,0,0,0,0,0,0,0,0,0,0
201805,28,129,3,6,Smith County                  ,0,0,0,0,0,0,0,0,0,0,0,0,0,0,0,0,0,0,0,0,0,0,0,0
201805,28,137,3,6,Tate County                   ,15,15,2670000,0,0,0,0,0,0,0,0,0,15,15,2670000,0,0,0,0,0,0,0,0,0
201805,28,143,3,6,Tunica County                 ,0,0,0,0,0,0,0,0,0,0,0,0,0,0,0,0,0,0,0,0,0,0,0,0
201805,28,145,3,6,Union County                  ,1,1,190000,0,0,0,0,0,0,0,0,0,1,1,190000,0,0,0,0,0,0,0,0,0
201805,28,149,3,6,Warren County                 ,1,1,123333,0,0,0,0,0,0,0,0,0,0,0,0,0,0,0,0,0,0,0,0,0
201805,29,013,2,4,Bates County                  ,0,0,0,0,0,0,0,0,0,0,0,0,0,0,0,0,0,0,0,0,0,0,0,0
201805,29,017,2,4,Bollinger County              ,0,0,0,0,0,0,0,0,0,0,0,0,0,0,0,0,0,0,0,0,0,0,0,0
201805,29,019,2,4,Boone County                  ,65,65,9119415,0,0,0,0,0,0,0,0,0,65,65,9119415,0,0,0,0,0,0,0,0,0
201805,29,049,2,4,Clinton County                ,4,4,622133,0,0,0,0,0,0,0,0,0,1,1,120000,0,0,0,0,0,0,0,0,0
201805,29,065,2,4,Dent County                   ,0,0,0,0,0,0,0,0,0,0,0,0,0,0,0,0,0,0,0,0,0,0,0,0
201805,29,071,2,4,Franklin County               ,43,43,10773891,0,0,0,1,3,211000,0,0,0,43,43,10773891,0,0,0,1,3,211000,0,0,0
201805,29,095,2,4,Jackson County                ,156,156,34396898,7,14,1434904,4,16,1520000,1,32,1898800,153,153,33493466,7,14,1434904,4,16,1520000,1,32,1898800
201805,29,099,2,4,Jefferson County              ,74,74,14001747,1,2,225000,0,0,0,0,0,0,67,67,12846253,0,0,0,0,0,0,0,0,0
201805,29,105,2,4,Laclede County                ,7,7,891075,0,0,0,0,0,0,0,0,0,0,0,0,0,0,0,0,0,0,0,0,0
201805,29,107,2,4,Lafayette County              ,4,4,860880,0,0,0,0,0,0,0,0,0,2,2,400000,0,0,0,0,0,0,0,0,0
201805,29,113,2,4,Lincoln County                ,14,14,2628784,0,0,0,0,0,0,0,0,0,8,8,1118000,0,0,0,0,0,0,0,0,0
201805,29,165,2,4,Platte County                 ,32,32,8098824,0,0,0,0,0,0,0,0,0,26,26,5975869,0,0,0,0,0,0,0,0,0
201805,29,185,2,4,St. Clair County              ,0,0,0,0,0,0,0,0,0,0,0,0,0,0,0,0,0,0,0,0,0,0,0,0
201805,29,189,2,4,St. Louis County              ,103,103,37021163,0,0,0,0,0,0,1,25,2948680,34,34,12102800,0,0,0,0,0,0,0,0,0
201805,29,219,2,4,Warren County                 ,30,30,6852166,0,0,0,0,0,0,0,0,0,30,30,6852166,0,0,0,0,0,0,0,0,0
201805,29,221,2,4,Washington County             ,0,0,0,0,0,0,0,0,0,0,0,0,0,0,0,0,0,0,0,0,0,0,0,0
201805,29,510,2,4,St. Louis (Independent City)  ,10,10,2436000,0,0,0,0,0,0,0,0,0,10,10,2436000,0,0,0,0,0,0,0,0,0
201805,30,033,4,8,Garfield County               ,0,0,0,0,0,0,0,0,0,0,0,0,0,0,0,0,0,0,0,0,0,0,0,0
201805,30,063,4,8,Missoula County               ,44,44,10951704,1,2,250910,0,0,0,0,0,0,44,44,10951704,1,2,250910,0,0,0,0,0,0
201805,30,093,4,8,Silver Bow County             ,9,9,959556,0,0,0,0,0,0,0,0,0,9,9,959556,0,0,0,0,0,0,0,0,0
201805,31,001,2,4,Adams County                  ,10,10,2667727,0,0,0,0,0,0,0,0,0,9,9,2382727,0,0,0,0,0,0,0,0,0
201805,31,025,2,4,Cass County                   ,6,6,1156952,2,4,398207,0,0,0,0,0,0,6,6,1156952,2,4,398207,0,0,0,0,0,0
201805,31,033,2,4,Cheyenne County               ,0,0,0,0,0,0,0,0,0,0,0,0,0,0,0,0,0,0,0,0,0,0,0,0
201805,31,055,2,4,Douglas County                ,140,140,23035053,0,0,0,8,32,3147616,1,10,219250,126,126,19729072,0,0,0,8,32,3147616,1,10,219250
201805,31,105,2,4,Kimball County                ,0,0,0,0,0,0,0,0,0,0,0,0,0,0,0,0,0,0,0,0,0,0,0,0
201805,31,153,2,4,Sarpy County                  ,104,104,27601853,0,0,0,0,0,0,0,0,0,71,71,19551113,0,0,0,0,0,0,0,0,0
201805,31,165,2,4,Sioux County                  ,0,0,0,0,0,0,0,0,0,0,0,0,0,0,0,0,0,0,0,0,0,0,0,0
201805,31,177,2,4,Washington County             ,14,14,3834786,0,0,0,0,0,0,0,0,0,14,14,3834786,0,0,0,0,0,0,0,0,0
201805,32,001,4,8,Churchill County              ,10,10,1841275,0,0,0,0,0,0,0,0,0,10,10,1841275,0,0,0,0,0,0,0,0,0
201805,32,003,4,8,Clark County                  ,973,973,240556891,15,30,1232925,0,0,0,23,543,36769567,973,973,240556891,15,30,1232925,0,0,0,23,543,36769567
201805,32,005,4,8,Douglas County                ,19,19,7581750,0,0,0,0,0,0,1,5,473583,0,0,0,0,0,0,0,0,0,0,0,0
201805,32,007,4,8,Elko County                   ,22,22,3811480,0,0,0,0,0,0,0,0,0,22,22,3811480,0,0,0,0,0,0,0,0,0
201805,32,013,4,8,Humboldt County               ,1,1,150808,0,0,0,0,0,0,0,0,0,1,1,150808,0,0,0,0,0,0,0,0,0
201805,32,015,4,8,Lander County                 ,0,0,0,0,0,0,0,0,0,0,0,0,0,0,0,0,0,0,0,0,0,0,0,0
201805,32,017,4,8,Lincoln County                ,1,1,273137,0,0,0,0,0,0,0,0,0,0,0,0,0,0,0,0,0,0,0,0,0
201805,32,019,4,8,Lyon County                   ,32,32,8336621,0,0,0,0,0,0,0,0,0,32,32,8336621,0,0,0,0,0,0,0,0,0
201805,32,021,4,8,Mineral County                ,0,0,0,0,0,0,0,0,0,0,0,0,0,0,0,0,0,0,0,0,0,0,0,0
201805,32,027,4,8,Pershing County               ,0,0,0,0,0,0,0,0,0,0,0,0,0,0,0,0,0,0,0,0,0,0,0,0
201805,32,029,4,8,Storey County                 ,2,2,403815,0,0,0,0,0,0,0,0,0,0,0,0,0,0,0,0,0,0,0,0,0
201805,32,031,4,8,Washoe County                 ,192,192,52616538,4,8,1021995,0,0,0,11,218,29938955,192,192,52616538,4,8,1021995,0,0,0,11,218,29938955
201805,32,033,4,8,White Pine County             ,0,0,0,0,0,0,0,0,0,0,0,0,0,0,0,0,0,0,0,0,0,0,0,0
201805,32,510,4,8,Carson City (Independent City),12,12,3108928,0,0,0,0,0,0,1,12,1269592,12,12,3108928,0,0,0,0,0,0,1,12,1269592
201805,33,015,1,1,Rockingham County             ,87,87,25218819,5,10,1425000,1,3,504000,1,5,492136,72,72,21099639,5,10,1425000,1,3,504000,0,0,0
201805,33,017,1,1,Strafford County              ,30,30,7006543,1,2,355200,0,0,0,1,7,651724,19,19,4738224,0,0,0,0,0,0,0,0,0
201805,34,001,1,2,Atlantic County               ,34,34,6552662,0,0,0,0,0,0,2,64,8046904,30,30,6126398,0,0,0,0,0,0,0,0,152650
201805,34,003,1,2,Bergen County                 ,74,74,25098977,6,12,2139489,1,3,587000,11,147,14762356,45,45,15211766,5,10,1959300,1,3,587000,4,21,2520800
201805,34,005,1,2,Burlington County             ,63,63,8965966,1,2,100000,0,0,0,3,21,2032446,32,32,5945072,0,0,0,0,0,0,0,0,0
201805,34,007,1,2,Camden County                 ,15,15,2768563,0,0,0,0,0,0,3,38,1290572,8,8,1199200,0,0,0,0,0,0,1,10,554073
201805,34,009,1,2,Cape May County               ,29,29,14306964,2,4,1414000,0,0,0,1,12,2115000,25,25,13516535,2,4,1414000,0,0,0,1,12,2115000
201805,34,011,1,2,Cumberland County             ,7,7,676985,0,0,0,0,0,0,0,0,0,3,3,386000,0,0,0,0,0,0,0,0,0
201805,34,013,1,2,Essex County                  ,21,21,5719447,5,10,2203500,2,6,523630,5,102,11377777,13,13,4378335,4,8,2089000,1,3,245000,2,26,3221000
201805,34,015,1,2,Gloucester County             ,52,52,6342536,0,0,0,0,0,0,3,41,4054646,33,33,4285353,0,0,0,0,0,0,0,0,0
201805,34,017,1,2,Hudson County                 ,25,25,3304935,7,14,1336051,2,8,1083787,7,249,34254119,3,3,701350,3,6,836200,1,4,801000,1,10,1594000
201805,34,019,1,2,Hunterdon County              ,21,21,5149062,0,0,0,0,0,0,2,15,729905,16,16,4310550,0,0,0,0,0,0,0,0,0
201805,34,021,1,2,Mercer County                 ,24,24,5140483,0,0,0,5,17,489377,6,72,10885200,22,22,3632300,0,0,0,0,0,0,6,72,10885200
201805,34,023,1,2,Middlesex County              ,61,61,12008851,1,2,314600,0,0,0,18,200,41141145,37,37,7749719,0,0,0,0,0,0,14,136,36339000
201805,34,025,1,2,Monmouth County               ,84,84,27256582,0,0,0,0,0,0,7,177,34430660,67,67,22574231,0,0,0,0,0,0,3,143,31874962
201805,34,027,1,2,Morris County                 ,52,52,12575172,1,2,192000,0,0,0,5,121,10989211,23,23,5994966,1,2,192000,0,0,0,2,81,5555640
201805,34,029,1,2,Ocean County                  ,205,205,37238278,0,0,0,0,0,0,2,29,1770225,204,204,37039284,0,0,0,0,0,0,1,18,647500
201805,34,031,1,2,Passaic County                ,40,40,2769088,0,0,0,1,3,144000,2,20,1640885,35,35,1796203,0,0,0,1,3,144000,0,0,0
201805,34,033,1,2,Salem County                  ,6,6,811601,0,0,0,0,0,0,0,0,0,4,4,595500,0,0,0,0,0,0,0,0,0
201805,34,035,1,2,Somerset County               ,37,37,7049932,0,0,0,0,0,0,3,24,1702425,25,25,5157700,0,0,0,0,0,0,0,0,0
201805,34,037,1,2,Sussex County                 ,3,3,1379817,0,0,0,0,0,0,0,0,0,2,2,1100950,0,0,0,0,0,0,0,0,0
201805,34,039,1,2,Union County                  ,30,30,6444064,7,14,1292500,3,10,23898000,4,25,1075298,13,13,3450500,7,14,1292500,3,10,23898000,1,5,100500
201805,34,041,1,2,Warren County                 ,6,6,1456200,0,0,0,0,0,0,0,0,0,6,6,1456200,0,0,0,0,0,0,0,0,0
201805,35,000,4,8,New Mexico Balance of State   ,42,42,11388334,0,0,0,0,0,0,0,0,0,0,0,0,0,0,0,0,0,0,0,0,0
201805,35,001,4,8,Bernalillo County             ,125,125,25050096,0,0,0,0,0,0,1,13,1282563,10,10,2863031,0,0,0,0,0,0,0,0,0
201805,35,005,4,8,Chaves County                 ,6,6,872312,0,0,0,0,0,0,0,0,0,4,4,605678,0,0,0,0,0,0,0,0,0
201805,35,007,4,8,Colfax County                 ,2,2,907000,0,0,0,0,0,0,0,0,0,0,0,0,0,0,0,0,0,0,0,0,0
201805,35,009,4,8,Curry County                  ,5,5,1265885,0,0,0,0,0,0,0,0,0,0,0,0,0,0,0,0,0,0,0,0,0
201805,35,013,4,8,Dona Ana County               ,68,68,14595894,0,0,0,0,0,0,0,0,0,68,68,14595894,0,0,0,0,0,0,0,0,0
201805,35,015,4,8,Eddy County                   ,14,14,3560000,0,0,0,0,0,0,0,0,0,14,14,3560000,0,0,0,0,0,0,0,0,0
201805,35,017,4,8,Grant County                  ,1,1,162507,0,0,0,0,0,0,0,0,0,0,0,0,0,0,0,0,0,0,0,0,0
201805,35,025,4,8,Lea County                    ,17,17,3246560,0,0,0,0,0,0,0,0,0,17,17,3246560,0,0,0,0,0,0,0,0,0
201805,35,027,4,8,Lincoln County                ,9,9,2272539,0,0,0,0,0,0,0,0,0,0,0,0,0,0,0,0,0,0,0,0,0
201805,35,028,4,8,Los Alamos County             ,2,2,581926,0,0,0,0,0,0,0,0,0,0,0,0,0,0,0,0,0,0,0,0,0
201805,35,029,4,8,Luna County                   ,1,1,186608,0,0,0,0,0,0,0,0,0,0,0,0,0,0,0,0,0,0,0,0,0
201805,35,031,4,8,McKinley County               ,0,0,0,0,0,0,0,0,0,0,0,0,0,0,0,0,0,0,0,0,0,0,0,0
201805,35,035,4,8,Otero County                  ,0,0,0,0,0,0,0,0,0,0,0,0,0,0,0,0,0,0,0,0,0,0,0,0
201805,35,041,4,8,Roosevelt County              ,2,2,302038,0,0,0,0,0,0,0,0,0,0,0,0,0,0,0,0,0,0,0,0,0
201805,35,043,4,8,Sandoval County               ,53,53,12752573,0,0,0,0,0,0,1,6,250000,42,42,10387723,0,0,0,0,0,0,0,0,0
201805,35,045,4,8,San Juan County               ,5,5,946855,0,0,0,0,0,0,0,0,0,5,5,946855,0,0,0,0,0,0,0,0,0
201805,35,047,4,8,San Miguel County             ,0,0,0,0,0,0,0,0,0,0,0,0,0,0,0,0,0,0,0,0,0,0,0,0
201805,35,049,4,8,Santa Fe County               ,26,26,6680582,0,0,0,0,0,0,0,0,0,26,26,6680582,0,0,0,0,0,0,0,0,0
201805,35,051,4,8,Sierra County                 ,0,0,0,0,0,0,0,0,0,0,0,0,0,0,0,0,0,0,0,0,0,0,0,0
201805,35,053,4,8,Socorro County                ,0,0,0,0,0,0,0,0,0,0,0,0,0,0,0,0,0,0,0,0,0,0,0,0
201805,35,055,4,8,Taos County                   ,12,12,1217116,0,0,0,0,0,0,0,0,0,2,2,120558,0,0,0,0,0,0,0,0,0
201805,35,061,4,8,Valencia County               ,8,8,1320085,0,0,0,0,0,0,0,0,0,8,8,1320085,0,0,0,0,0,0,0,0,0
201805,36,001,1,2,Albany County                 ,29,29,6726417,1,2,50000,0,0,0,1,13,2132658,25,25,5867347,1,2,50000,0,0,0,0,0,0
201805,36,005,1,2,Bronx County                  ,0,0,0,0,0,0,0,0,0,3,272,35401697,0,0,0,0,0,0,0,0,0,3,272,35401697
201805,36,029,1,2,Erie County                   ,82,82,20386543,1,2,300000,6,22,2200000,7,99,10297369,72,72,18632023,1,2,300000,6,22,2200000,6,71,4029956
201805,36,047,1,2,Kings County                  ,3,3,798061,6,12,1778632,10,32,3977843,34,923,120131493,3,3,798061,6,12,1778632,10,32,3977843,34,923,120131493
201805,36,051,1,2,Livingston County             ,4,4,588615,0,0,0,0,0,0,1,5,312500,1,1,150000,0,0,0,0,0,0,0,0,0
201805,36,055,1,2,Monroe County                 ,64,64,14308995,0,0,0,0,0,0,3,27,2603000,46,46,10345326,0,0,0,0,0,0,3,27,2603000
201805,36,059,1,2,Nassau County                 ,68,68,22207492,0,0,0,0,0,0,3,46,5370442,44,44,13204470,0,0,0,0,0,0,1,11,1013954
201805,36,061,1,2,New York County               ,0,0,0,0,0,0,0,0,0,7,599,77961825,0,0,0,0,0,0,0,0,0,7,599,77961825
201805,36,063,1,2,Niagara County                ,27,27,7046995,0,0,0,0,0,0,1,16,1500000,20,20,5086556,0,0,0,0,0,0,1,16,1500000
201805,36,069,1,2,Ontario County                ,21,21,4661780,0,0,0,0,0,0,0,0,0,13,13,2680000,0,0,0,0,0,0,0,0,0
201805,36,073,1,2,Orleans County                ,5,5,817833,0,0,0,0,0,0,0,0,0,3,3,466000,0,0,0,0,0,0,0,0,0
201805,36,079,1,2,Putnam County                 ,3,3,889274,0,0,0,1,3,703760,0,0,0,0,0,0,0,0,0,0,0,0,0,0,0
201805,36,081,1,2,Queens County                 ,11,11,2926224,14,28,4150140,4,12,1491691,6,851,110760456,11,11,2926224,14,28,4150140,4,12,1491691,6,851,110760456
201805,36,083,1,2,Rensselaer County             ,15,15,3432344,1,2,190000,2,8,747122,0,0,0,11,11,2350000,1,2,190000,2,8,747122,0,0,0
201805,36,085,1,2,Richmond County               ,26,26,6916531,15,30,4446579,0,0,0,0,0,0,26,26,6916531,15,30,4446579,0,0,0,0,0,0
201805,36,087,1,2,Rockland County               ,8,8,2403454,2,4,617351,1,3,327533,3,26,3938138,3,3,1080000,0,0,0,0,0,0,0,0,0
201805,36,091,1,2,Saratoga County               ,114,114,30689863,1,2,270074,0,0,0,2,17,1563371,92,92,23324780,0,0,0,0,0,0,0,0,0
201805,36,093,1,2,Schenectady County            ,11,11,2040871,0,0,0,0,0,0,0,0,0,6,6,1245000,0,0,0,0,0,0,0,0,0
201805,36,095,1,2,Schoharie County              ,1,1,250000,0,0,0,0,0,0,0,0,0,1,1,250000,0,0,0,0,0,0,0,0,0
201805,36,099,1,2,Seneca County                 ,3,3,713000,0,0,0,0,0,0,0,0,0,3,3,713000,0,0,0,0,0,0,0,0,0
201805,36,117,1,2,Wayne County                  ,16,16,3718339,0,0,0,0,0,0,0,0,0,16,16,3718339,0,0,0,0,0,0,0,0,0
201805,36,119,1,2,Westchester County            ,41,41,18721959,4,8,750000,1,3,120000,3,180,7900911,32,32,14961890,4,8,750000,0,0,0,1,160,3000000
201805,37,007,3,5,Anson County                  ,5,5,749325,0,0,0,0,0,0,0,0,0,0,0,0,0,0,0,0,0,0,0,0,0
201805,37,011,3,5,Avery County                  ,10,10,4422228,0,0,0,0,0,0,0,0,0,0,0,0,0,0,0,0,0,0,0,0,0
201805,37,015,3,5,Bertie County                 ,0,0,0,0,0,0,0,0,0,0,0,0,0,0,0,0,0,0,0,0,0,0,0,0
201805,37,025,3,5,Cabarrus County               ,171,171,28716995,0,0,0,0,0,0,0,0,0,171,171,28716995,0,0,0,0,0,0,0,0,0
201805,37,033,3,5,Caswell County                ,9,9,1762906,0,0,0,0,0,0,0,0,0,9,9,1762906,0,0,0,0,0,0,0,0,0
201805,37,037,3,5,Chatham County                ,61,61,17316668,0,0,0,0,0,0,0,0,0,61,61,17316668,0,0,0,0,0,0,0,0,0
201805,37,051,3,5,Cumberland County             ,70,70,12884815,0,0,0,0,0,0,0,0,0,70,70,12884815,0,0,0,0,0,0,0,0,0
201805,37,053,3,5,Currituck County              ,33,33,8350065,0,0,0,0,0,0,0,0,0,33,33,8350065,0,0,0,0,0,0,0,0,0
201805,37,059,3,5,Davie County                  ,15,15,3593376,0,0,0,0,0,0,1,6,270710,0,0,0,0,0,0,0,0,0,0,0,0
201805,37,063,3,5,Durham County                 ,190,190,36668692,1,2,169897,0,0,0,4,91,7249184,0,0,0,0,0,0,0,0,0,0,0,0
201805,37,069,3,5,Franklin County               ,89,89,14923239,2,4,349000,0,0,0,0,0,0,89,89,14923239,2,4,349000,0,0,0,0,0,0
201805,37,071,3,5,Gaston County                 ,87,87,26999768,0,0,0,0,0,0,0,0,0,87,87,26999768,0,0,0,0,0,0,0,0,0
201805,37,081,3,5,Guilford County               ,120,120,32992686,0,0,0,0,0,0,0,0,0,120,120,32992686,0,0,0,0,0,0,0,0,0
201805,37,089,3,5,Henderson County              ,55,55,14054651,0,0,0,0,0,0,0,0,0,55,55,14054651,0,0,0,0,0,0,0,0,0
201805,37,093,3,5,Hoke County                   ,23,23,5437359,0,0,0,0,0,0,0,0,0,23,23,5437359,0,0,0,0,0,0,0,0,0
201805,37,097,3,5,Iredell County                ,131,131,35646017,0,0,0,0,0,0,0,0,0,131,131,35646017,0,0,0,0,0,0,0,0,0
201805,37,101,3,5,Johnston County               ,233,233,39167610,0,0,0,0,0,0,0,0,0,233,233,39167610,0,0,0,0,0,0,0,0,0
201805,37,105,3,5,Lee County                    ,10,10,2267550,0,0,0,0,0,0,0,0,0,10,10,2267550,0,0,0,0,0,0,0,0,0
201805,37,119,3,5,Mecklenburg County            ,525,525,124113626,0,0,0,3,12,2185200,19,812,70774586,525,525,124113626,0,0,0,3,12,2185200,19,812,70774586
201805,37,133,3,5,Onslow County                 ,118,118,16498268,1,2,110000,0,0,0,0,0,0,118,118,16498268,1,2,110000,0,0,0,0,0,0
201805,37,135,3,5,Orange County                 ,56,56,18419699,1,2,377000,0,0,0,1,93,8909464,56,56,18419699,1,2,377000,0,0,0,1,93,8909464
201805,37,145,3,5,Person County                 ,11,11,2948949,0,0,0,0,0,0,0,0,0,11,11,2948949,0,0,0,0,0,0,0,0,0
201805,37,151,3,5,Randolph County               ,40,40,7736518,0,0,0,0,0,0,0,0,0,13,13,1078000,0,0,0,0,0,0,0,0,0
201805,37,157,3,5,Rockingham County             ,19,19,4528391,0,0,0,0,0,0,0,0,0,3,3,628682,0,0,0,0,0,0,0,0,0
201805,37,179,3,5,Union County                  ,177,177,40602763,0,0,0,0,0,0,0,0,0,177,177,40602763,0,0,0,0,0,0,0,0,0
201805,37,181,3,5,Vance County                  ,3,3,360000,0,0,0,0,0,0,0,0,0,3,3,360000,0,0,0,0,0,0,0,0,0
201805,37,183,3,5,Wake County                   ,780,780,180759969,1,2,239117,0,0,0,14,622,56800482,717,717,167370092,1,2,239117,0,0,0,14,622,56800482
201805,37,195,3,5,Wilson County                 ,36,36,4559828,0,0,0,0,0,0,0,0,0,36,36,4559828,0,0,0,0,0,0,0,0,0
201805,39,007,2,3,Ashtabula County              ,10,10,1834072,1,2,160841,0,0,0,0,0,0,0,0,0,0,0,0,0,0,0,0,0,0
201805,39,015,2,3,Brown County                  ,2,2,517026,0,0,0,0,0,0,0,0,0,2,2,517026,0,0,0,0,0,0,0,0,0
201805,39,017,2,3,Butler County                 ,72,72,16252145,0,0,0,1,3,225000,0,0,0,72,72,16252145,0,0,0,1,3,225000,0,0,0
201805,39,025,2,3,Clermont County               ,69,69,12994668,1,2,280000,0,0,0,0,0,0,69,69,12994668,1,2,280000,0,0,0,0,0,0
201805,39,041,2,3,Delaware County               ,128,128,34216034,0,0,0,1,4,180000,14,114,12775053,123,123,32234416,0,0,0,1,4,180000,13,97,10688681
201805,39,049,2,3,Franklin County               ,164,164,56963726,6,12,1050000,1,4,800000,16,251,21020000,161,161,55287805,6,12,1050000,1,4,800000,16,251,21020000
201805,39,055,2,3,Geauga County                 ,21,21,5786514,0,0,0,0,0,0,0,0,0,21,21,5786514,0,0,0,0,0,0,0,0,0
201805,39,085,2,3,Lake County                   ,42,42,9858808,0,0,0,0,0,0,0,0,0,42,42,9858808,0,0,0,0,0,0,0,0,0
201805,39,089,2,3,Licking County                ,27,27,7128862,0,0,0,0,0,0,0,0,0,0,0,0,0,0,0,0,0,0,0,0,0
201805,39,093,2,3,Lorain County                 ,74,74,17480484,1,2,243025,2,7,1189369,0,0,0,37,37,8583877,0,0,0,2,7,1189369,0,0,0
201805,39,097,2,3,Madison County                ,8,8,1903060,0,0,0,0,0,0,0,0,0,7,7,1828060,0,0,0,0,0,0,0,0,0
201805,39,103,2,3,Medina County                 ,60,60,16911251,0,0,0,0,0,0,0,0,0,60,60,16911251,0,0,0,0,0,0,0,0,0
201805,39,117,2,3,Morrow County                 ,11,11,1610540,0,0,0,0,0,0,0,0,0,6,6,1535540,0,0,0,0,0,0,0,0,0
201805,39,159,2,3,Union County                  ,51,51,13184173,0,0,0,0,0,0,0,0,0,51,51,13184173,0,0,0,0,0,0,0,0,0
201805,39,165,2,3,Warren County                 ,115,115,32917440,0,0,0,2,8,1720235,0,0,0,114,114,32747440,0,0,0,2,8,1720235,0,0,0
201805,40,001,3,7,Adair County                  ,1,1,177418,0,0,0,0,0,0,0,0,0,0,0,0,0,0,0,0,0,0,0,0,0
201805,40,017,3,7,Canadian County               ,37,37,9612880,3,6,390000,0,0,0,0,0,0,27,27,7412998,3,6,390000,0,0,0,0,0,0
201805,40,021,3,7,Cherokee County               ,7,7,918668,1,2,130000,0,0,0,0,0,0,0,0,0,0,0,0,0,0,0,0,0,0
201805,40,027,3,7,Cleveland County              ,61,61,14352505,0,0,0,0,0,0,0,0,0,61,61,14352505,0,0,0,0,0,0,0,0,0
201805,40,029,3,7,Coal County                   ,0,0,0,0,0,0,0,0,0,0,0,0,0,0,0,0,0,0,0,0,0,0,0,0
201805,40,037,3,7,Creek County                  ,8,8,2713335,0,0,0,0,0,0,5,156,12000000,8,8,2713335,0,0,0,0,0,0,5,156,12000000
201805,40,051,3,7,Grady County                  ,9,9,1761941,0,0,0,0,0,0,0,0,0,2,2,264000,0,0,0,0,0,0,0,0,0
201805,40,055,3,7,Greer County                  ,0,0,0,0,0,0,0,0,0,0,0,0,0,0,0,0,0,0,0,0,0,0,0,0
201805,40,081,3,7,Lincoln County                ,0,0,0,0,0,0,0,0,0,0,0,0,0,0,0,0,0,0,0,0,0,0,0,0
201805,40,083,3,7,Logan County                  ,0,0,0,0,0,0,0,0,0,0,0,0,0,0,0,0,0,0,0,0,0,0,0,0
201805,40,087,3,7,McClain County                ,28,28,5374279,0,0,0,0,0,0,0,0,0,22,22,4017789,0,0,0,0,0,0,0,0,0
201805,40,109,3,7,Oklahoma County               ,368,368,87907815,8,16,1619982,3,9,765000,0,0,0,353,353,85578774,8,16,1619982,3,9,765000,0,0,0
201805,40,111,3,7,Okmulgee County               ,1,1,110000,0,0,0,0,0,0,0,0,0,1,1,110000,0,0,0,0,0,0,0,0,0
201805,40,113,3,7,Osage County                  ,10,10,1971000,1,2,87500,0,0,0,0,0,0,10,10,1971000,1,2,87500,0,0,0,0,0,0
201805,40,117,3,7,Pawnee County                 ,0,0,0,0,0,0,0,0,0,0,0,0,0,0,0,0,0,0,0,0,0,0,0,0
201805,40,131,3,7,Rogers County                 ,36,36,6962411,0,0,0,0,0,0,0,0,0,35,35,6859078,0,0,0,0,0,0,0,0,0
201805,40,143,3,7,Tulsa County                  ,186,186,48217542,0,0,0,0,0,0,2,12,1303876,164,164,42399805,0,0,0,0,0,0,2,12,1303876
201805,40,145,3,7,Wagoner County                ,24,24,4768073,0,0,0,0,0,0,0,0,0,24,24,4768073,0,0,0,0,0,0,0,0,0
201805,41,000,4,9,Oregon Balance of State       ,18,18,1996682,0,0,0,0,0,0,0,0,0,0,0,0,0,0,0,0,0,0,0,0,0
201805,41,005,4,9,Clackamas County              ,98,98,31895795,1,2,306741,0,0,0,1,7,1017919,87,87,26094188,1,2,306741,0,0,0,0,0,0
201805,41,017,4,9,Deschutes County              ,153,153,41670036,2,4,1236407,0,0,0,0,0,0,153,153,41670036,2,4,1236407,0,0,0,0,0,0
201805,41,019,4,9,Douglas County                ,33,33,8271514,1,2,331619,0,0,0,0,0,0,33,33,8271514,1,2,331619,0,0,0,0,0,0
201805,41,025,4,9,Harney County                 ,1,1,225138,0,0,0,0,0,0,0,0,0,0,0,0,0,0,0,0,0,0,0,0,0
201805,41,035,4,9,Klamath County                ,6,6,1546907,0,0,0,0,0,0,0,0,0,6,6,1546907,0,0,0,0,0,0,0,0,0
201805,41,051,4,9,Multnomah County              ,86,86,23475537,12,24,3911602,0,0,0,7,176,21903874,86,86,23475537,12,24,3911602,0,0,0,7,176,21903874
201805,41,067,4,9,Washington County             ,130,130,42698128,0,0,0,0,0,0,2,37,4969442,130,130,42698128,0,0,0,0,0,0,2,37,4969442
201805,41,071,4,9,Yamhill County                ,36,36,11623560,0,0,0,0,0,0,0,0,0,19,19,7630215,0,0,0,0,0,0,0,0,0
201805,42,001,1,2,Adams County                  ,12,12,2325475,0,0,0,0,0,0,0,0,0,12,12,2325475,0,0,0,0,0,0,0,0,0
201805,42,017,1,2,Bucks County                  ,90,90,25528281,0,0,0,0,0,0,0,0,0,53,53,17950878,0,0,0,0,0,0,0,0,0
201805,42,029,1,2,Chester County                ,144,144,33431043,0,0,0,1,3,504000,1,5,557500,122,122,27924095,0,0,0,0,0,0,1,5,557500
201805,42,037,1,2,Columbia County               ,11,11,2460843,0,0,0,0,0,0,0,0,0,5,5,1005915,0,0,0,0,0,0,0,0,0
201805,42,041,1,2,Cumberland County             ,92,92,19483800,0,0,0,1,4,486000,0,0,0,58,58,10912313,0,0,0,1,4,486000,0,0,0
201805,42,043,1,2,Dauphin County                ,75,75,12415192,0,0,0,3,11,1823633,1,5,760000,64,64,9929294,0,0,0,3,11,1823633,1,5,760000
201805,42,045,1,2,Delaware County               ,37,37,9826456,0,0,0,1,4,175000,1,21,810185,8,8,1666020,0,0,0,1,4,175000,0,0,0
201805,42,055,1,2,Franklin County               ,35,35,6252454,0,0,0,0,0,0,1,7,682540,21,21,4186102,0,0,0,0,0,0,0,0,0
201805,42,065,1,2,Jefferson County              ,1,1,170000,0,0,0,0,0,0,0,0,0,1,1,170000,0,0,0,0,0,0,0,0,0
201805,42,091,1,2,Montgomery County             ,81,81,21398797,1,2,402110,1,4,774000,8,181,21079921,63,63,17022260,1,2,402110,1,4,774000,6,129,14632330
201805,42,093,1,2,Montour County                ,2,2,470000,0,0,0,0,0,0,0,0,0,2,2,470000,0,0,0,0,0,0,0,0,0
201805,42,099,1,2,Perry County                  ,10,10,2644296,0,0,0,0,0,0,0,0,0,1,1,351700,0,0,0,0,0,0,0,0,0
201805,42,101,1,2,Philadelphia County           ,64,64,17025306,5,10,1482193,6,21,2610460,5,344,44772734,64,64,17025306,5,10,1482193,6,21,2610460,5,344,44772734
201805,42,103,1,2,Pike County                   ,10,10,2769300,0,0,0,0,0,0,0,0,0,9,9,2476300,0,0,0,0,0,0,0,0,0
201805,44,001,1,1,Bristol County                ,4,4,1156346,0,0,0,0,0,0,0,0,0,1,1,250000,0,0,0,0,0,0,0,0,0
201805,44,003,1,1,Kent County                   ,13,13,1821160,5,10,1073515,0,0,0,0,0,0,9,9,1173765,5,10,1073515,0,0,0,0,0,0
201805,44,005,1,1,Newport County                ,12,12,2680968,0,0,0,0,0,0,0,0,0,10,10,2296209,0,0,0,0,0,0,0,0,0
201805,44,007,1,1,Providence County             ,33,33,5943197,3,6,528000,0,0,0,4,23,3525000,21,21,4174288,2,4,374000,0,0,0,3,18,3150000
201805,44,009,1,1,Washington County             ,40,40,8771497,0,0,0,1,3,650000,1,8,533333,30,30,5993459,0,0,0,1,3,650000,0,0,0
201805,45,003,3,5,Aiken County                  ,104,104,20349248,0,0,0,0,0,0,1,5,401786,93,93,17938446,0,0,0,0,0,0,0,0,0
201805,45,009,3,5,Bamberg County                ,2,2,390358,0,0,0,0,0,0,0,0,0,2,2,390358,0,0,0,0,0,0,0,0,0
201805,45,015,3,5,Berkeley County               ,137,137,38987819,0,0,0,0,0,0,1,27,636986,47,47,12968725,0,0,0,0,0,0,0,0,0
201805,45,017,3,5,Calhoun County                ,3,3,443354,0,0,0,0,0,0,0,0,0,0,0,0,0,0,0,0,0,0,0,0,0
201805,45,019,3,5,Charleston County             ,263,263,71734512,0,0,0,0,0,0,7,166,19661648,46,46,18924223,0,0,0,0,0,0,0,0,0
201805,45,035,3,5,Dorchester County             ,64,64,18515000,0,0,0,0,0,0,0,0,0,64,64,18515000,0,0,0,0,0,0,0,0,0
201805,45,037,3,5,Edgefield County              ,7,7,1555732,0,0,0,0,0,0,0,0,0,7,7,1555732,0,0,0,0,0,0,0,0,0
201805,45,039,3,5,Fairfield County              ,5,5,1142031,0,0,0,0,0,0,0,0,0,0,0,0,0,0,0,0,0,0,0,0,0
201805,45,045,3,5,Greenville County             ,308,308,82967756,0,0,0,0,0,0,1,5,176376,306,306,82643665,0,0,0,0,0,0,0,0,0
201805,45,051,3,5,Horry County                  ,451,451,86113763,2,4,442616,0,0,0,0,0,0,420,420,78353178,2,4,442616,0,0,0,0,0,0
201805,45,055,3,5,Kershaw County                ,30,30,4647466,0,0,0,0,0,0,0,0,0,30,30,4647466,0,0,0,0,0,0,0,0,0
201805,45,059,3,5,Laurens County                ,9,9,1554562,0,0,0,0,0,0,0,0,0,9,9,1554562,0,0,0,0,0,0,0,0,0
201805,45,063,3,5,Lexington County              ,167,167,41811668,0,0,0,0,0,0,0,0,0,25,25,5404547,0,0,0,0,0,0,0,0,0
201805,45,077,3,5,Pickens County                ,40,40,8543379,0,0,0,0,0,0,1,14,1710175,27,27,5353305,0,0,0,0,0,0,0,0,0
201805,45,079,3,5,Richland County               ,201,201,28540218,0,0,0,0,0,0,2,29,1636840,1,1,236732,0,0,0,0,0,0,0,0,0
201805,45,081,3,5,Saluda County                 ,3,3,736552,0,0,0,0,0,0,0,0,0,0,0,0,0,0,0,0,0,0,0,0,0
201805,45,085,3,5,Sumter County                 ,22,22,2982892,0,0,0,0,0,0,0,0,0,0,0,0,0,0,0,0,0,0,0,0,0
201805,45,091,3,5,York County                   ,221,221,70366997,0,0,0,0,0,0,2,23,2421828,41,41,10617847,0,0,0,0,0,0,0,0,0
201805,46,007,2,4,Bennett County                ,0,0,0,0,0,0,0,0,0,0,0,0,0,0,0,0,0,0,0,0,0,0,0,0
201805,46,055,2,4,Haakon County                 ,0,0,0,0,0,0,0,0,0,0,0,0,0,0,0,0,0,0,0,0,0,0,0,0
201805,46,071,2,4,Jackson County                ,0,0,0,0,0,0,0,0,0,0,0,0,0,0,0,0,0,0,0,0,0,0,0,0
201805,46,111,2,4,Sanborn County                ,1,1,250000,0,0,0,0,0,0,0,0,0,1,1,250000,0,0,0,0,0,0,0,0,0
201805,47,001,3,6,Anderson County               ,16,16,3262864,0,0,0,0,0,0,0,0,0,13,13,2732374,0,0,0,0,0,0,0,0,0
201805,47,015,3,6,Cannon County                 ,1,1,126190,0,0,0,0,0,0,0,0,0,0,0,0,0,0,0,0,0,0,0,0,0
201805,47,021,3,6,Cheatham County               ,22,22,3470450,0,0,0,0,0,0,0,0,0,22,22,3470450,0,0,0,0,0,0,0,0,0
201805,47,037,3,6,Davidson County               ,309,309,76775221,0,0,0,1,4,520042,5,112,12251367,308,308,75559943,0,0,0,1,4,520042,5,112,12251367
201805,47,043,3,6,Dickson County                ,32,32,6318472,0,0,0,0,0,0,0,0,0,10,10,2035629,0,0,0,0,0,0,0,0,0
201805,47,049,3,6,Fentress County               ,0,0,0,0,0,0,0,0,0,0,0,0,0,0,0,0,0,0,0,0,0,0,0,0
201805,47,081,3,6,Hickman County                ,6,6,1065817,0,0,0,0,0,0,0,0,0,0,0,0,0,0,0,0,0,0,0,0,0
201805,47,093,3,6,Knox County                   ,177,177,38788565,0,0,0,0,0,0,2,46,3701087,40,40,9618589,0,0,0,0,0,0,0,0,0
201805,47,105,3,6,Loudon County                 ,37,37,8610775,0,0,0,0,0,0,0,0,0,33,33,7938121,0,0,0,0,0,0,0,0,0
201805,47,125,3,6,Montgomery County             ,140,140,22850192,2,4,280000,1,4,200000,4,24,1950000,140,140,22850192,2,4,280000,1,4,200000,4,24,1950000
201805,47,139,3,6,Polk County                   ,19,19,3422357,0,0,0,0,0,0,0,0,0,0,0,0,0,0,0,0,0,0,0,0,0
201805,47,149,3,6,Rutherford County             ,269,269,59561241,0,0,0,0,0,0,17,394,35104706,237,237,54629686,0,0,0,0,0,0,16,384,34422000
201805,47,153,3,6,Sequatchie County             ,2,2,300000,0,0,0,0,0,0,0,0,0,2,2,300000,0,0,0,0,0,0,0,0,0
201805,47,157,3,6,Shelby County                 ,81,81,23361209,0,0,0,0,0,0,0,0,0,81,81,23361209,0,0,0,0,0,0,0,0,0
201805,47,159,3,6,Smith County                  ,6,6,1194436,0,0,0,0,0,0,0,0,0,4,4,790000,0,0,0,0,0,0,0,0,0
201805,47,161,3,6,Stewart County                ,1,1,211500,0,0,0,0,0,0,0,0,0,0,0,0,0,0,0,0,0,0,0,0,0
201805,47,165,3,6,Sumner County                 ,130,130,30891924,0,0,0,0,0,0,3,83,4447263,79,79,19143805,0,0,0,0,0,0,0,0,0
201805,47,167,3,6,Tipton County                 ,23,23,4954655,0,0,0,0,0,0,0,0,0,17,17,4158224,0,0,0,0,0,0,0,0,0
201805,47,169,3,6,Trousdale County              ,12,12,1522000,0,0,0,1,4,221000,1,5,276000,12,12,1522000,0,0,0,1,4,221000,1,5,276000
201805,47,173,3,6,Union County                  ,14,14,2299000,0,0,0,0,0,0,0,0,0,14,14,2299000,0,0,0,0,0,0,0,0,0
201805,47,175,3,6,Van Buren County              ,0,0,0,0,0,0,0,0,0,0,0,0,0,0,0,0,0,0,0,0,0,0,0,0
201805,47,189,3,6,Wilson County                 ,89,89,26552513,0,0,0,0,0,0,0,0,0,39,39,11569610,0,0,0,0,0,0,0,0,0
201805,48,013,3,7,Atascosa County               ,2,2,308083,0,0,0,0,0,0,0,0,0,0,0,0,0,0,0,0,0,0,0,0,0
201805,48,015,3,7,Austin County                 ,4,4,754857,0,0,0,0,0,0,0,0,0,2,2,378000,0,0,0,0,0,0,0,0,0
201805,48,019,3,7,Bandera County                ,0,0,0,0,0,0,0,0,0,0,0,0,0,0,0,0,0,0,0,0,0,0,0,0
201805,48,021,3,7,Bastrop County                ,21,21,2760408,3,6,280000,0,0,0,0,0,0,21,21,2760408,3,6,280000,0,0,0,0,0,0
201805,48,025,3,7,Bee County                    ,1,1,99168,0,0,0,0,0,0,0,0,0,0,0,0,0,0,0,0,0,0,0,0,0
201805,48,027,3,7,Bell County                   ,198,198,31863506,14,28,2191213,0,0,0,1,5,208333,185,185,29168978,13,26,1997800,0,0,0,0,0,0
201805,48,029,3,7,Bexar County                  ,437,437,90165577,6,12,1038828,0,0,0,35,175,15715926,388,388,83462897,6,12,1038828,0,0,0,34,170,14650430
201805,48,051,3,7,Burleson County               ,0,0,0,0,0,0,0,0,0,0,0,0,0,0,0,0,0,0,0,0,0,0,0,0
201805,48,055,3,7,Caldwell County               ,24,24,4748867,0,0,0,0,0,0,0,0,0,1,1,120000,0,0,0,0,0,0,0,0,0
201805,48,085,3,7,Collin County                 ,965,965,285359868,0,0,0,0,0,0,0,0,0,898,898,270133910,0,0,0,0,0,0,0,0,0
201805,48,091,3,7,Comal County                  ,218,218,42774559,1,2,173138,0,0,0,0,0,0,216,216,42158664,1,2,173138,0,0,0,0,0,0
201805,48,099,3,7,Coryell County                ,12,12,1751409,0,0,0,0,0,0,0,0,0,0,0,0,0,0,0,0,0,0,0,0,0
201805,48,107,3,7,Crosby County                 ,0,0,0,0,0,0,0,0,0,0,0,0,0,0,0,0,0,0,0,0,0,0,0,0
201805,48,113,3,7,Dallas County                 ,475,475,147404766,6,12,2706228,5,20,5465046,48,1047,87562193,473,473,146943798,6,12,2706228,5,20,5465046,45,896,73537705
201805,48,119,3,7,Delta County                  ,0,0,0,0,0,0,0,0,0,0,0,0,0,0,0,0,0,0,0,0,0,0,0,0
201805,48,135,3,7,Ector County                  ,49,49,9236198,0,0,0,0,0,0,0,0,0,0,0,0,0,0,0,0,0,0,0,0,0
201805,48,139,3,7,Ellis County                  ,181,181,41565917,1,2,127216,0,0,0,1,9,1532024,117,117,28513115,1,2,127216,0,0,0,0,0,0
201805,48,141,3,7,El Paso County                ,145,145,31805830,3,6,1094655,0,0,0,0,0,0,111,111,26558822,3,6,1094655,0,0,0,0,0,0
201805,48,157,3,7,Fort Bend County              ,834,834,68739018,0,0,0,0,0,0,1,5,391292,201,201,68059530,0,0,0,0,0,0,0,0,0
201805,48,167,3,7,Galveston County              ,213,213,52372238,0,0,0,0,0,0,0,0,0,173,173,43581453,0,0,0,0,0,0,0,0,0
201805,48,185,3,7,Grimes County                 ,2,2,314907,0,0,0,0,0,0,0,0,0,2,2,314907,0,0,0,0,0,0,0,0,0
201805,48,187,3,7,Guadalupe County              ,92,92,22379053,1,2,222629,0,0,0,0,0,0,89,89,21577158,1,2,222629,0,0,0,0,0,0
201805,48,193,3,7,Hamilton County               ,1,1,80000,0,0,0,0,0,0,0,0,0,0,0,0,0,0,0,0,0,0,0,0,0
201805,48,195,3,7,Hansford County               ,0,0,0,0,0,0,0,0,0,0,0,0,0,0,0,0,0,0,0,0,0,0,0,0
201805,48,201,3,7,Harris County                 ,1714,1714,366525689,8,16,1466842,0,0,0,43,1154,200359446,1680,1680,353104616,8,16,1466842,0,0,0,41,1133,198744061
201805,48,211,3,7,Hemphill County               ,0,0,0,0,0,0,0,0,0,0,0,0,0,0,0,0,0,0,0,0,0,0,0,0
201805,48,215,3,7,Hidalgo County                ,273,273,50571459,24,48,3816741,13,51,4953813,3,57,4037111,176,176,33617194,21,42,3433576,4,16,1106000,1,15,423552
201805,48,233,3,7,Hutchinson County             ,0,0,0,0,0,0,0,0,0,0,0,0,0,0,0,0,0,0,0,0,0,0,0,0
201805,48,251,3,7,Johnson County                ,46,46,9470050,0,0,0,0,0,0,0,0,0,42,42,8756934,0,0,0,0,0,0,0,0,0
201805,48,257,3,7,Kaufman County                ,49,49,10930770,0,0,0,2,8,360000,1,12,800000,43,43,9839602,0,0,0,2,8,360000,1,12,800000
201805,48,259,3,7,Kendall County                ,33,33,8813850,0,0,0,0,0,0,0,0,0,0,0,0,0,0,0,0,0,0,0,0,0
201805,48,271,3,7,Kinney County                 ,1,1,195179,0,0,0,0,0,0,0,0,0,1,1,195179,0,0,0,0,0,0,0,0,0
201805,48,281,3,7,Lampasas County               ,6,6,1319000,0,0,0,0,0,0,0,0,0,6,6,1319000,0,0,0,0,0,0,0,0,0
201805,48,291,3,7,Liberty County                ,54,54,5472058,0,0,0,0,0,0,0,0,0,0,0,0,0,0,0,0,0,0,0,0,0
201805,48,303,3,7,Lubbock County                ,158,158,18458923,0,0,0,0,0,0,0,0,0,157,157,18285923,0,0,0,0,0,0,0,0,0
201805,48,323,3,7,Maverick County               ,9,9,2007963,0,0,0,0,0,0,0,0,0,9,9,2007963,0,0,0,0,0,0,0,0,0
201805,48,325,3,7,Medina County                 ,5,5,913330,0,0,0,0,0,0,0,0,0,3,3,487300,0,0,0,0,0,0,0,0,0
201805,48,329,3,7,Midland County                ,91,91,17084320,0,0,0,0,0,0,0,0,0,91,91,17084320,0,0,0,0,0,0,0,0,0
201805,48,339,3,7,Montgomery County             ,660,660,146228835,0,0,0,0,0,0,0,0,0,654,654,144832316,0,0,0,0,0,0,0,0,0
201805,48,367,3,7,Parker County                 ,48,48,9856386,0,0,0,0,0,0,0,0,0,48,48,9856386,0,0,0,0,0,0,0,0,0
201805,48,375,3,7,Potter County                 ,68,68,18665202,0,0,0,0,0,0,0,0,0,68,68,18665202,0,0,0,0,0,0,0,0,0
201805,48,383,3,7,Reagan County                 ,0,0,0,0,0,0,0,0,0,0,0,0,0,0,0,0,0,0,0,0,0,0,0,0
201805,48,385,3,7,Real County                   ,0,0,0,0,0,0,0,0,0,0,0,0,0,0,0,0,0,0,0,0,0,0,0,0
201805,48,395,3,7,Robertson County              ,13,13,2537327,0,0,0,0,0,0,0,0,0,13,13,2537327,0,0,0,0,0,0,0,0,0
201805,48,397,3,7,Rockwall County               ,102,102,29637801,0,0,0,0,0,0,0,0,0,83,83,24886999,0,0,0,0,0,0,0,0,0
201805,48,407,3,7,San Jacinto County            ,40,40,8729231,0,0,0,0,0,0,0,0,0,0,0,0,0,0,0,0,0,0,0,0,0
201805,48,411,3,7,San Saba County               ,0,0,0,0,0,0,0,0,0,0,0,0,0,0,0,0,0,0,0,0,0,0,0,0
201805,48,451,3,7,Tom Green County              ,39,39,5926571,0,0,0,0,0,0,0,0,0,39,39,5926571,0,0,0,0,0,0,0,0,0
201805,48,453,3,7,Travis County                 ,680,680,153622951,27,54,4554091,2,6,436836,39,1708,94638774,637,637,140734591,27,54,4554091,2,6,436836,38,1703,93972107
201805,48,473,3,7,Waller County                 ,5,5,863987,0,0,0,0,0,0,1,5,110903,5,5,863987,0,0,0,0,0,0,0,0,0
201805,48,491,3,7,Williamson County             ,488,488,133675122,0,0,0,0,0,0,0,0,0,460,460,127075017,0,0,0,0,0,0,0,0,0
201805,48,493,3,7,Wilson County                 ,5,5,1012512,0,0,0,0,0,0,0,0,0,0,0,0,0,0,0,0,0,0,0,0,0
201805,48,497,3,7,Wise County                   ,11,11,2031862,0,0,0,0,0,0,0,0,0,11,11,2031862,0,0,0,0,0,0,0,0,0
201805,49,011,4,8,Davis County                  ,156,156,35696902,1,2,552540,2,7,1084700,4,26,3333386,139,139,30807262,0,0,0,1,4,530559,3,21,2704911
201805,49,023,4,8,Juab County                   ,10,10,2923062,0,0,0,0,0,0,0,0,0,10,10,2923062,0,0,0,0,0,0,0,0,0
201805,49,029,4,8,Morgan County                 ,9,9,4196412,0,0,0,0,0,0,0,0,0,8,8,3891476,0,0,0,0,0,0,0,0,0
201805,49,035,4,8,Salt Lake County              ,450,450,116468367,1,2,325170,1,4,655690,9,171,21978555,332,332,86640038,0,0,0,0,0,0,5,74,8767000
201805,49,039,4,8,Sanpete County                ,10,10,1752890,0,0,0,0,0,0,0,0,0,10,10,1752890,0,0,0,0,0,0,0,0,0
201805,49,043,4,8,Summit County                 ,30,30,17413244,0,0,0,1,3,841530,1,5,854284,17,17,11175163,0,0,0,0,0,0,0,0,0
201805,49,057,4,8,Weber County                  ,87,87,21963199,0,0,0,6,21,2834876,1,7,560000,69,69,17213693,0,0,0,2,7,757191,1,7,560000
201805,51,003,3,5,Albemarle County              ,59,59,18299584,0,0,0,0,0,0,1,17,1911281,0,0,0,0,0,0,0,0,0,0,0,0
201805,51,007,3,5,Amelia County                 ,7,7,1498320,0,0,0,0,0,0,0,0,0,7,7,1498320,0,0,0,0,0,0,0,0,0
201805,51,009,3,5,Amherst County                ,7,7,1306755,0,0,0,0,0,0,0,0,0,0,0,0,0,0,0,0,0,0,0,0,0
201805,51,013,3,5,Arlington County              ,19,19,6975000,0,0,0,0,0,0,0,0,0,19,19,6975000,0,0,0,0,0,0,0,0,0
201805,51,015,3,5,Augusta County                ,13,13,2886750,0,0,0,0,0,0,0,0,0,13,13,2886750,0,0,0,0,0,0,0,0,0
201805,51,019,3,5,Bedford County                ,0,0,0,0,0,0,0,0,0,0,0,0,0,0,0,0,0,0,0,0,0,0,0,0
201805,51,033,3,5,Caroline County               ,10,10,1962847,0,0,0,0,0,0,0,0,0,0,0,0,0,0,0,0,0,0,0,0,0
201805,51,036,3,5,Charles City County           ,2,2,324892,0,0,0,0,0,0,0,0,0,0,0,0,0,0,0,0,0,0,0,0,0
201805,51,037,3,5,Charlotte County              ,2,2,300000,0,0,0,0,0,0,0,0,0,2,2,300000,0,0,0,0,0,0,0,0,0
201805,51,041,3,5,Chesterfield County           ,173,173,33765967,0,0,0,4,16,1857511,1,5,894313,173,173,33765967,0,0,0,4,16,1857511,1,5,894313
201805,51,043,3,5,Clarke County                 ,2,2,721990,0,0,0,0,0,0,0,0,0,2,2,721990,0,0,0,0,0,0,0,0,0
201805,51,049,3,5,Cumberland County             ,4,4,651061,0,0,0,0,0,0,0,0,0,4,4,651061,0,0,0,0,0,0,0,0,0
201805,51,051,3,5,Dickenson County              ,0,0,0,0,0,0,0,0,0,0,0,0,0,0,0,0,0,0,0,0,0,0,0,0
201805,51,053,3,5,Dinwiddie County              ,8,8,1151036,0,0,0,0,0,0,0,0,0,0,0,0,0,0,0,0,0,0,0,0,0
201805,51,059,3,5,Fairfax County                ,108,108,25613132,0,0,0,0,0,0,2,37,5703000,108,108,25613132,0,0,0,0,0,0,2,37,5703000
201805,51,061,3,5,Fauquier County               ,34,34,10662989,0,0,0,0,0,0,0,0,0,34,34,10662989,0,0,0,0,0,0,0,0,0
201805,51,069,3,5,Frederick County              ,77,77,16876350,0,0,0,0,0,0,0,0,0,77,77,16876350,0,0,0,0,0,0,0,0,0
201805,51,073,3,5,Gloucester County             ,17,17,3111240,0,0,0,1,3,230727,0,0,0,0,0,0,0,0,0,0,0,0,0,0,0
201805,51,075,3,5,Goochland County              ,20,20,4969685,0,0,0,0,0,0,0,0,0,20,20,4969685,0,0,0,0,0,0,0,0,0
201805,51,085,3,5,Hanover County                ,51,51,10822556,0,0,0,0,0,0,0,0,0,51,51,10822556,0,0,0,0,0,0,0,0,0
201805,51,087,3,5,Henrico County                ,106,106,17866765,0,0,0,0,0,0,0,0,0,106,106,17866765,0,0,0,0,0,0,0,0,0
201805,51,093,3,5,Isle of Wight County          ,18,18,3497955,0,0,0,0,0,0,1,5,200577,0,0,0,0,0,0,0,0,0,0,0,0
201805,51,095,3,5,James City County             ,23,23,10050074,2,4,431000,3,11,1608222,0,0,0,23,23,10050074,2,4,431000,3,11,1608222,0,0,0
201805,51,097,3,5,King and Queen County         ,2,2,430000,0,0,0,0,0,0,0,0,0,2,2,430000,0,0,0,0,0,0,0,0,0
201805,51,099,3,5,King George County            ,11,11,2146969,0,0,0,0,0,0,0,0,0,11,11,2146969,0,0,0,0,0,0,0,0,0
201805,51,107,3,5,Loudoun County                ,200,200,47286311,0,0,0,0,0,0,3,53,5797522,196,196,46335753,0,0,0,0,0,0,3,53,5797522
201805,51,109,3,5,Louisa County                 ,30,30,6188685,0,0,0,0,0,0,0,0,0,0,0,0,0,0,0,0,0,0,0,0,0
201805,51,115,3,5,Mathews County                ,4,4,722000,0,0,0,0,0,0,0,0,0,4,4,722000,0,0,0,0,0,0,0,0,0
201805,51,127,3,5,New Kent County               ,32,32,6245728,0,0,0,0,0,0,0,0,0,32,32,6245728,0,0,0,0,0,0,0,0,0
201805,51,139,3,5,Page County                   ,7,7,655064,0,0,0,0,0,0,0,0,0,7,7,655064,0,0,0,0,0,0,0,0,0
201805,51,145,3,5,Powhatan County               ,15,15,3279744,0,0,0,0,0,0,0,0,0,15,15,3279744,0,0,0,0,0,0,0,0,0
201805,51,149,3,5,Prince George County          ,11,11,1748985,0,0,0,0,0,0,0,0,0,11,11,1748985,0,0,0,0,0,0,0,0,0
201805,51,153,3,5,Prince William County         ,94,94,15997000,0,0,0,0,0,0,2,27,3000000,94,94,15997000,0,0,0,0,0,0,2,27,3000000
201805,51,165,3,5,Rockingham County             ,55,55,16677760,0,0,0,0,0,0,0,0,0,55,55,16677760,0,0,0,0,0,0,0,0,0
201805,51,175,3,5,Southampton County            ,5,5,618000,0,0,0,0,0,0,0,0,0,5,5,618000,0,0,0,0,0,0,0,0,0
201805,51,177,3,5,Spotsylvania County           ,47,47,12405699,0,0,0,0,0,0,11,232,25332103,47,47,12405699,0,0,0,0,0,0,11,232,25332103
201805,51,179,3,5,Stafford County               ,79,79,17529508,0,0,0,0,0,0,0,0,0,79,79,17529508,0,0,0,0,0,0,0,0,0
201805,51,181,3,5,Surry County                  ,4,4,677212,0,0,0,0,0,0,0,0,0,0,0,0,0,0,0,0,0,0,0,0,0
201805,51,183,3,5,Sussex County                 ,3,3,453353,0,0,0,0,0,0,0,0,0,3,3,453353,0,0,0,0,0,0,0,0,0
201805,51,187,3,5,Warren County                 ,11,11,2339626,0,0,0,0,0,0,0,0,0,11,11,2339626,0,0,0,0,0,0,0,0,0
201805,51,199,3,5,York County                   ,24,24,5673766,0,0,0,0,0,0,0,0,0,24,24,5673766,0,0,0,0,0,0,0,0,0
201805,51,510,3,5,Alexandria (Independent City) ,0,0,0,0,0,0,0,0,0,0,0,0,0,0,0,0,0,0,0,0,0,0,0,0
201805,51,540,3,5,Charlottesville (Independent C,9,9,2684089,0,0,0,0,0,0,1,8,2884513,0,0,0,0,0,0,0,0,0,0,0,0
201805,51,550,3,5,Chesapeake(Independent City)  ,82,82,25163900,0,0,0,0,0,0,0,0,0,82,82,25163900,0,0,0,0,0,0,0,0,0
201805,51,570,3,5,Colonial Heights (Independent ,0,0,0,0,0,0,0,0,0,0,0,0,0,0,0,0,0,0,0,0,0,0,0,0
201805,51,580,3,5,Covington (Independent City)  ,0,0,0,0,0,0,0,0,0,0,0,0,0,0,0,0,0,0,0,0,0,0,0,0
201805,51,600,3,5,Fairfax (Independent City)    ,0,0,0,0,0,0,0,0,0,0,0,0,0,0,0,0,0,0,0,0,0,0,0,0
201805,51,610,3,5,Falls Church (Independent City,4,4,1745000,0,0,0,0,0,0,0,0,0,4,4,1745000,0,0,0,0,0,0,0,0,0
201805,51,630,3,5,Fredericksburg(Independent Cit,6,6,950000,0,0,0,0,0,0,0,0,0,6,6,950000,0,0,0,0,0,0,0,0,0
201805,51,650,3,5,Hampton (Independent City)    ,17,17,1062069,0,0,0,0,0,0,0,0,0,0,0,0,0,0,0,0,0,0,0,0,0
201805,51,660,3,5,Harrisonburg (Independent City,7,7,1073000,0,0,0,0,0,0,1,33,3300000,7,7,1073000,0,0,0,0,0,0,1,33,3300000
201805,51,670,3,5,Hopewell (Independent City)   ,5,5,457399,0,0,0,0,0,0,0,0,0,0,0,0,0,0,0,0,0,0,0,0,0
201805,51,680,3,5,Lynchburg (Independent City)  ,3,3,893000,0,0,0,0,0,0,0,0,0,3,3,893000,0,0,0,0,0,0,0,0,0
201805,51,683,3,5,Manassas (Independent City)   ,4,4,900610,0,0,0,0,0,0,1,15,928518,0,0,0,0,0,0,0,0,0,0,0,0
201805,51,685,3,5,Manassas Park (Independent Cit,0,0,0,0,0,0,0,0,0,0,0,0,0,0,0,0,0,0,0,0,0,0,0,0
201805,51,700,3,5,Newport News (Independent City,8,8,1784700,0,0,0,0,0,0,0,0,0,8,8,1784700,0,0,0,0,0,0,0,0,0
201805,51,710,3,5,Norfolk (Independent City)    ,22,22,5200952,0,0,0,0,0,0,0,0,0,22,22,5200952,0,0,0,0,0,0,0,0,0
201805,51,730,3,5,Petersburg (Independent City) ,1,1,70000,0,0,0,0,0,0,0,0,0,1,1,70000,0,0,0,0,0,0,0,0,0
201805,51,735,3,5,Poquoson (Independent City)   ,1,1,250000,0,0,0,0,0,0,0,0,0,1,1,250000,0,0,0,0,0,0,0,0,0
201805,51,740,3,5,Portsmouth (Independent City) ,16,16,1680000,0,0,0,0,0,0,0,0,0,16,16,1680000,0,0,0,0,0,0,0,0,0
201805,51,760,3,5,Richmond (Independent City)   ,23,23,4489117,0,0,0,0,0,0,0,0,0,23,23,4489117,0,0,0,0,0,0,0,0,0
201805,51,800,3,5,Suffolk (Independent City)    ,53,53,12529566,0,0,0,0,0,0,0,0,0,53,53,12529566,0,0,0,0,0,0,0,0,0
201805,51,810,3,5,Virginia Beach (Independent Ci,59,59,10665000,0,0,0,0,0,0,0,0,0,59,59,10665000,0,0,0,0,0,0,0,0,0
201805,51,830,3,5,Williamsburg (Independent City,0,0,0,0,0,0,0,0,0,0,0,0,0,0,0,0,0,0,0,0,0,0,0,0
201805,53,005,4,9,Benton County                 ,79,79,23451517,2,4,353172,2,6,1059516,2,19,1906396,27,27,8595151,2,4,353172,2,6,1059516,0,0,0
201805,53,011,4,9,Clark County                  ,262,262,73749989,3,6,1042682,1,3,607164,1,16,1616974,110,110,22433492,2,4,688012,0,0,0,0,0,0
201805,53,021,4,9,Franklin County               ,65,65,17909647,2,4,347280,0,0,0,1,5,599552,15,15,5157128,0,0,0,0,0,0,0,0,0
201805,53,031,4,9,Jefferson County              ,15,15,3398604,0,0,0,0,0,0,0,0,0,2,2,298000,0,0,0,0,0,0,0,0,0
201805,53,033,4,9,King County                   ,384,384,146645105,10,20,4578581,5,16,3394445,11,600,79432789,272,272,97890337,10,20,4578581,4,13,2743108,8,559,75053156
201805,53,035,4,9,Kitsap County                 ,87,87,25534536,0,0,0,0,0,0,0,0,0,66,66,18580911,0,0,0,0,0,0,0,0,0
201805,53,053,4,9,Pierce County                 ,216,216,65487679,3,6,1158118,1,4,547684,4,96,10399437,212,212,64238147,3,6,1158118,1,4,547684,4,96,10399437
201805,53,055,4,9,San Juan County               ,11,11,2015983,0,0,0,0,0,0,0,0,0,11,11,2015983,0,0,0,0,0,0,0,0,0
201805,53,059,4,9,Skamania County               ,8,8,1697868,0,0,0,0,0,0,0,0,0,8,8,1697868,0,0,0,0,0,0,0,0,0
201805,53,061,4,9,Snohomish County              ,196,196,57434142,1,2,350695,1,3,477912,6,89,10197404,177,177,51178731,1,2,350695,1,3,477912,6,89,10197404
201805,54,011,3,5,Cabell County                 ,6,6,982572,0,0,0,0,0,0,0,0,0,0,0,0,0,0,0,0,0,0,0,0,0
201805,54,015,3,5,Clay County                   ,0,0,0,0,0,0,0,0,0,0,0,0,0,0,0,0,0,0,0,0,0,0,0,0
201805,54,019,3,5,Fayette County                ,5,5,536000,0,0,0,0,0,0,0,0,0,5,5,536000,0,0,0,0,0,0,0,0,0
201805,54,037,3,5,Jefferson County              ,29,29,7430840,0,0,0,0,0,0,0,0,0,29,29,7430840,0,0,0,0,0,0,0,0,0
201805,54,081,3,5,Raleigh County                ,5,5,1014134,0,0,0,0,0,0,0,0,0,0,0,0,0,0,0,0,0,0,0,0,0
201805,55,025,2,3,Dane County                   ,130,130,40706036,7,14,2289896,2,6,769454,7,267,37306699,101,101,32519995,6,12,2031434,0,0,0,3,183,28800000
201805,55,031,2,3,Douglas County                ,11,11,2116349,0,0,0,0,0,0,0,0,0,11,11,2116349,0,0,0,0,0,0,0,0,0
201805,55,037,2,3,Florence County               ,3,3,427427,0,0,0,0,0,0,0,0,0,0,0,0,0,0,0,0,0,0,0,0,0
201805,55,049,2,3,Iowa County                   ,9,9,4227000,0,0,0,0,0,0,0,0,0,9,9,4227000,0,0,0,0,0,0,0,0,0
201805,55,059,2,3,Kenosha County                ,21,21,5876202,0,0,0,0,0,0,0,0,0,18,18,5120979,0,0,0,0,0,0,0,0,0
201805,55,079,2,3,Milwaukee County              ,11,11,2714722,4,8,1608000,0,0,0,2,96,5521568,5,5,1109400,4,8,1608000,0,0,0,0,0,0
201805,55,089,2,3,Ozaukee County                ,33,33,10405872,1,2,364000,0,0,0,1,12,1690323,21,21,5424341,1,2,364000,0,0,0,0,0,0
201805,55,093,2,3,Pierce County                 ,13,13,3052000,0,0,0,0,0,0,0,0,0,13,13,3052000,0,0,0,0,0,0,0,0,0
201805,55,109,2,3,St. Croix County              ,40,40,10586905,3,6,800801,0,0,0,0,0,0,32,32,8711168,1,2,324000,0,0,0,0,0,0
201805,55,131,2,3,Washington County             ,38,38,13058922,2,4,500000,0,0,0,1,10,833333,17,17,6171000,2,4,500000,0,0,0,0,0,0
201805,56,029,4,8,Park County                   ,19,19,4597316,0,0,0,0,0,0,0,0,0,19,19,4597316,0,0,0,0,0,0,0,0,0
201805,56,039,4,8,Teton County                  ,17,17,28961341,1,2,623319,0,0,0,0,0,0,14,14,27408751,0,0,0,0,0,0,0,0,0
