Survey,FIPS,FIPS,Region,Division,County,,1-unit,,,2-units,,,3-4 units,,,5+ units,,,1-unit rep,,,2-units rep,,,3-4 units rep,,, 5+units rep
Date,State,County,Code,Code,Name,Bldgs,Units,Value,Bldgs,Units,Value,Bldgs,Units,Value,Bldgs,Units,Value,Bldgs,Units,Value,Bldgs,Units,Value,Bldgs,Units,Value,Bldgs,Units,Value
 
201804,01,001,3,6,Autauga County                ,20,20,6457196,0,0,0,0,0,0,0,0,0,20,20,6457196,0,0,0,0,0,0,0,0,0
201804,01,007,3,6,Bibb County                   ,1,1,255129,0,0,0,0,0,0,0,0,0,0,0,0,0,0,0,0,0,0,0,0,0
201804,01,009,3,6,Blount County                 ,0,0,0,0,0,0,0,0,0,0,0,0,0,0,0,0,0,0,0,0,0,0,0,0
201804,01,021,3,6,Chilton County                ,6,6,540000,0,0,0,0,0,0,0,0,0,6,6,540000,0,0,0,0,0,0,0,0,0
201804,01,073,3,6,Jefferson County              ,122,122,42921013,0,0,0,0,0,0,0,0,0,116,116,41803148,0,0,0,0,0,0,0,0,0
201804,01,081,3,6,Lee County                    ,97,97,27735496,1,2,210669,0,0,0,1,41,10720066,19,19,6088621,0,0,0,0,0,0,0,0,0
201804,01,083,3,6,Limestone County              ,17,17,4018917,0,0,0,0,0,0,0,0,0,17,17,4018917,0,0,0,0,0,0,0,0,0
201804,01,089,3,6,Madison County                ,282,282,43605034,0,0,0,0,0,0,0,0,0,282,282,43605034,0,0,0,0,0,0,0,0,0
201804,01,113,3,6,Russell County                ,17,17,2198823,0,0,0,0,0,0,0,0,0,17,17,2198823,0,0,0,0,0,0,0,0,0
201804,01,115,3,6,St. Clair County              ,8,8,1712064,0,0,0,0,0,0,0,0,0,7,7,1491200,0,0,0,0,0,0,0,0,0
201804,01,117,3,6,Shelby County                 ,105,105,23549025,0,0,0,0,0,0,0,0,0,45,45,8804570,0,0,0,0,0,0,0,0,0
201804,01,127,3,6,Walker County                 ,1,1,207778,0,0,0,0,0,0,0,0,0,0,0,0,0,0,0,0,0,0,0,0,0
201804,02,013,4,9,Aleutians East Borough        ,0,0,0,0,0,0,0,0,0,0,0,0,0,0,0,0,0,0,0,0,0,0,0,0
201804,02,016,4,9,Aleutians West Census Area    ,1,1,98118,0,0,0,0,0,0,0,0,0,0,0,0,0,0,0,0,0,0,0,0,0
201804,02,020,4,9,Anchorage Municipality        ,79,79,24746723,0,0,0,1,4,694913,1,13,2055242,0,0,0,0,0,0,0,0,0,0,0,0
201804,02,050,4,9,Bethel Census Area            ,1,1,269793,0,0,0,0,0,0,0,0,0,1,1,269793,0,0,0,0,0,0,0,0,0
201804,02,060,4,9,Bristol Bay Borough           ,1,1,150000,0,0,0,0,0,0,0,0,0,1,1,150000,0,0,0,0,0,0,0,0,0
201804,02,070,4,9,Dillingham Census Area        ,0,0,0,0,0,0,0,0,0,0,0,0,0,0,0,0,0,0,0,0,0,0,0,0
201804,02,090,4,9,Fairbanks North Star Borough  ,0,0,0,0,0,0,0,0,0,0,0,0,0,0,0,0,0,0,0,0,0,0,0,0
201804,02,100,4,9,Haines Borough                ,1,1,278425,0,0,0,0,0,0,0,0,0,0,0,0,0,0,0,0,0,0,0,0,0
201804,02,105,4,9,Hoonah-Angoon Census Area     ,0,0,0,0,0,0,0,0,0,0,0,0,0,0,0,0,0,0,0,0,0,0,0,0
201804,02,110,4,9,Juneau City and Borough       ,5,5,1381981,0,0,0,0,0,0,0,0,0,5,5,1381981,0,0,0,0,0,0,0,0,0
201804,02,122,4,9,Kenai Peninsula Borough       ,7,7,1851962,0,0,0,0,0,0,0,0,0,4,4,1200000,0,0,0,0,0,0,0,0,0
201804,02,130,4,9,Ketchikan Gateway Borough     ,1,1,285178,0,0,0,0,0,0,0,0,0,1,1,285178,0,0,0,0,0,0,0,0,0
201804,02,150,4,9,Kodiak Island Borough         ,0,0,0,0,0,0,0,0,0,0,0,0,0,0,0,0,0,0,0,0,0,0,0,0
201804,02,158,4,9,Kusilvak Census Area          ,0,0,0,0,0,0,0,0,0,0,0,0,0,0,0,0,0,0,0,0,0,0,0,0
201804,02,170,4,9,Matanuska-Susitna Borough     ,6,6,1511421,3,6,1034290,0,0,0,0,0,0,6,6,1511421,3,6,1034290,0,0,0,0,0,0
201804,02,180,4,9,Nome Census Area              ,0,0,0,0,0,0,0,0,0,0,0,0,0,0,0,0,0,0,0,0,0,0,0,0
201804,02,185,4,9,North Slope Borough           ,0,0,0,0,0,0,0,0,0,0,0,0,0,0,0,0,0,0,0,0,0,0,0,0
201804,02,188,4,9,Northwest Arctic Borough      ,0,0,0,0,0,0,0,0,0,0,0,0,0,0,0,0,0,0,0,0,0,0,0,0
201804,02,195,4,9,Petersburg Borough            ,1,1,155636,0,0,0,0,0,0,0,0,0,0,0,0,0,0,0,0,0,0,0,0,0
201804,02,198,4,9,Prince of Wales-Hyder Census A,0,0,0,0,0,0,0,0,0,0,0,0,0,0,0,0,0,0,0,0,0,0,0,0
201804,02,220,4,9,Sitka City and Borough        ,1,1,213914,0,0,0,0,0,0,0,0,0,0,0,0,0,0,0,0,0,0,0,0,0
201804,02,230,4,9,Skagway Municipality          ,0,0,0,0,0,0,0,0,0,0,0,0,0,0,0,0,0,0,0,0,0,0,0,0
201804,02,261,4,9,Valdez-Cordova Census Area    ,2,2,750000,0,0,0,0,0,0,0,0,0,2,2,750000,0,0,0,0,0,0,0,0,0
201804,02,275,4,9,Wrangell City and Borough     ,0,0,0,0,0,0,0,0,0,0,0,0,0,0,0,0,0,0,0,0,0,0,0,0
201804,02,282,4,9,Yakutat City and Borough      ,0,0,0,0,0,0,0,0,0,0,0,0,0,0,0,0,0,0,0,0,0,0,0,0
201804,02,290,4,9,Yukon-Koyukuk Census Area     ,0,0,0,0,0,0,0,0,0,0,0,0,0,0,0,0,0,0,0,0,0,0,0,0
201804,04,013,4,8,Maricopa County               ,1785,1785,489577289,11,22,2378886,2,6,1395186,19,1100,153354494,1563,1563,423865608,11,22,2378886,2,6,1395186,15,1047,145813305
201804,04,019,4,8,Pima County                   ,324,324,90319305,2,4,477640,0,0,0,8,98,13895481,176,176,49132680,0,0,0,0,0,0,0,0,0
201804,04,021,4,8,Pinal County                  ,400,400,78805558,5,10,584614,0,0,0,0,0,0,400,400,78805558,5,10,584614,0,0,0,0,0,0
201804,05,013,3,7,Calhoun County                ,0,0,0,0,0,0,0,0,0,0,0,0,0,0,0,0,0,0,0,0,0,0,0,0
201804,05,035,3,7,Crittenden County             ,7,7,1525164,0,0,0,0,0,0,0,0,0,6,6,1364214,0,0,0,0,0,0,0,0,0
201804,05,045,3,7,Faulkner County               ,26,26,5618535,1,2,151241,0,0,0,1,11,290593,7,7,1175000,0,0,0,0,0,0,0,0,0
201804,05,053,3,7,Grant County                  ,2,2,301111,0,0,0,0,0,0,0,0,0,0,0,0,0,0,0,0,0,0,0,0,0
201804,05,085,3,7,Lonoke County                 ,26,26,2283349,0,0,0,0,0,0,0,0,0,2,2,235000,0,0,0,0,0,0,0,0,0
201804,05,087,3,7,Madison County                ,0,0,0,0,0,0,0,0,0,0,0,0,0,0,0,0,0,0,0,0,0,0,0,0
201804,05,091,3,7,Miller County                 ,3,3,685280,0,0,0,0,0,0,0,0,0,0,0,0,0,0,0,0,0,0,0,0,0
201804,05,105,3,7,Perry County                  ,0,0,0,0,0,0,0,0,0,0,0,0,0,0,0,0,0,0,0,0,0,0,0,0
201804,05,119,3,7,Pulaski County                ,58,58,13383259,2,4,618000,0,0,0,3,178,22483426,58,58,13383259,2,4,618000,0,0,0,3,178,22483426
201804,05,129,3,7,Searcy County                 ,0,0,0,0,0,0,0,0,0,0,0,0,0,0,0,0,0,0,0,0,0,0,0,0
201804,05,143,3,7,Washington County             ,148,148,31771933,0,0,0,0,0,0,0,0,0,148,148,31771933,0,0,0,0,0,0,0,0,0
201804,06,001,4,9,Alameda County                ,176,176,69358315,1,2,591535,17,59,18997103,16,1142,260591130,131,131,52527229,0,0,0,16,56,18140392,6,812,196838787
201804,06,013,4,9,Contra Costa County           ,119,119,38810381,0,0,0,0,0,0,2,138,1734419,102,102,35297621,0,0,0,0,0,0,1,132,524895
201804,06,017,4,9,El Dorado County              ,38,38,15573474,0,0,0,0,0,0,0,0,0,38,38,15573474,0,0,0,0,0,0,0,0,0
201804,06,019,4,9,Fresno County                 ,217,217,58501795,5,10,2123182,0,0,0,6,52,5147560,141,141,37465057,0,0,0,0,0,0,0,0,0
201804,06,037,4,9,Los Angeles County            ,490,490,190804282,55,110,20419285,7,23,5116208,41,1267,214562617,415,415,147103326,52,104,19094007,4,13,3426000,35,1222,204372944
201804,06,041,4,9,Marin County                  ,5,5,5333804,0,0,0,0,0,0,0,0,0,1,1,1498000,0,0,0,0,0,0,0,0,0
201804,06,059,4,9,Orange County                 ,437,437,131561794,14,28,8427886,13,42,9280584,15,161,26644937,274,274,76326996,12,24,7094529,13,42,9280584,10,61,8853991
201804,06,061,4,9,Placer County                 ,155,155,46480266,0,0,0,0,0,0,0,0,0,154,154,45906804,0,0,0,0,0,0,0,0,0
201804,06,063,4,9,Plumas County                 ,6,6,1332372,0,0,0,0,0,0,0,0,0,6,6,1332372,0,0,0,0,0,0,0,0,0
201804,06,067,4,9,Sacramento County             ,290,290,83697402,0,0,0,0,0,0,0,0,0,248,248,75731761,0,0,0,0,0,0,0,0,0
201804,06,069,4,9,San Benito County             ,40,40,31039325,0,0,0,0,0,0,0,0,0,35,35,29579257,0,0,0,0,0,0,0,0,0
201804,06,071,4,9,San Bernardino County         ,515,515,100033496,19,38,949341,0,0,0,3,16,1998736,482,482,93169953,19,38,949341,0,0,0,2,10,1667702
201804,06,073,4,9,San Diego County              ,263,263,92544127,1,2,280201,15,51,9151275,45,636,95436396,261,261,92163399,1,2,280201,15,51,9151275,44,624,92779761
201804,06,075,4,9,San Francisco County          ,5,5,1348963,0,0,0,0,0,0,1,8,2950000,5,5,1348963,0,0,0,0,0,0,1,8,2950000
201804,06,081,4,9,San Mateo County              ,33,33,32522104,1,2,346110,0,0,0,4,94,14301652,12,12,17524500,1,2,346110,0,0,0,2,75,11888799
201804,06,085,4,9,Santa Clara County            ,156,156,59432666,1,2,550000,2,7,2239432,7,391,85308640,138,138,52873002,1,2,550000,1,4,1311930,5,298,71673563
201804,06,091,4,9,Sierra County                 ,0,0,0,0,0,0,0,0,0,0,0,0,0,0,0,0,0,0,0,0,0,0,0,0
201804,06,113,4,9,Yolo County                   ,25,25,8217013,0,0,0,0,0,0,0,0,0,25,25,8217013,0,0,0,0,0,0,0,0,0
201804,08,001,4,8,Adams County                  ,282,282,68047246,2,4,674896,0,0,0,0,0,0,282,282,68047246,2,4,674896,0,0,0,0,0,0
201804,08,005,4,8,Arapahoe County               ,238,238,64987565,0,0,0,4,12,1949955,0,0,0,234,234,64557637,0,0,0,3,9,1604610,0,0,0
201804,08,014,4,8,Broomfield County             ,70,70,21013911,0,0,0,0,0,0,0,0,0,70,70,21013911,0,0,0,0,0,0,0,0,0
201804,08,015,4,8,Chaffee County                ,12,12,3179332,1,2,323962,1,3,549700,0,0,0,0,0,0,0,0,0,0,0,0,0,0,0
201804,08,019,4,8,Clear Creek County            ,2,2,674325,0,0,0,0,0,0,0,0,0,0,0,0,0,0,0,0,0,0,0,0,0
201804,08,031,4,8,Denver County                 ,225,225,60703355,0,0,0,0,0,0,16,246,26475417,225,225,60703355,0,0,0,0,0,0,16,246,26475417
201804,08,035,4,8,Douglas County                ,226,226,69679948,2,4,807436,0,0,0,0,0,0,220,220,67634707,2,4,807436,0,0,0,0,0,0
201804,08,039,4,8,Elbert County                 ,13,13,3754816,0,0,0,0,0,0,0,0,0,13,13,3754816,0,0,0,0,0,0,0,0,0
201804,08,041,4,8,El Paso County                ,372,372,133752310,0,0,0,0,0,0,8,269,35238373,372,372,133752310,0,0,0,0,0,0,8,269,35238373
201804,08,047,4,8,Gilpin County                 ,2,2,539585,0,0,0,0,0,0,0,0,0,2,2,539585,0,0,0,0,0,0,0,0,0
201804,08,059,4,8,Jefferson County              ,83,83,23524105,0,0,0,1,3,214761,10,260,29978279,78,78,22181742,0,0,0,1,3,214761,10,260,29978279
201804,08,069,4,8,Larimer County                ,156,156,40488828,1,2,258000,0,0,0,3,32,3854112,156,156,40488828,1,2,258000,0,0,0,3,32,3854112
201804,08,077,4,8,Mesa County                   ,86,86,12904383,0,0,0,0,0,0,0,0,0,86,86,12904383,0,0,0,0,0,0,0,0,0
201804,08,093,4,8,Park County                   ,22,22,5740871,0,0,0,0,0,0,0,0,0,22,22,5740871,0,0,0,0,0,0,0,0,0
201804,08,101,4,8,Pueblo County                 ,40,40,6497343,0,0,0,0,0,0,0,0,0,40,40,6497343,0,0,0,0,0,0,0,0,0
201804,08,119,4,8,Teller County                 ,18,18,5128514,0,0,0,0,0,0,0,0,0,10,10,2973186,0,0,0,0,0,0,0,0,0
201804,09,001,1,1,Fairfield County              ,55,55,37994732,2,4,1350000,1,3,372923,1,5,211268,41,41,29253698,2,4,1350000,1,3,372923,0,0,0
201804,09,003,1,1,Hartford County               ,65,65,12292552,0,0,0,0,0,0,4,70,7636573,62,62,11638516,0,0,0,0,0,0,3,65,7393142
201804,09,007,1,1,Middlesex County              ,13,13,3666947,0,0,0,0,0,0,0,0,0,10,10,3076026,0,0,0,0,0,0,0,0,0
201804,09,013,1,1,Tolland County                ,10,10,2412151,0,0,0,0,0,0,2,10,993879,4,4,1019310,0,0,0,0,0,0,0,0,0
201804,10,001,3,5,Kent County                   ,115,115,17731656,0,0,0,0,0,0,3,18,1716383,112,112,17200475,0,0,0,0,0,0,1,8,612772
201804,10,003,3,5,New Castle County             ,128,128,10675188,0,0,0,0,0,0,2,27,1602762,12,12,177363,0,0,0,0,0,0,0,0,0
201804,10,005,3,5,Sussex County                 ,215,215,32248296,6,12,1042613,0,0,0,3,17,1682541,215,215,32248296,6,12,1042613,0,0,0,3,17,1682541
201804,11,001,3,5,Washington  DC                ,11,11,2600476,5,10,1214916,0,0,0,4,42,4594263,11,11,2600476,5,10,1214916,0,0,0,4,42,4594263
201804,12,003,3,5,Baker County                  ,17,17,2940833,0,0,0,0,0,0,0,0,0,13,13,2136800,0,0,0,0,0,0,0,0,0
201804,12,019,3,5,Clay County                   ,70,70,11678594,0,0,0,0,0,0,0,0,0,57,57,8528909,0,0,0,0,0,0,0,0,0
201804,12,029,3,5,Dixie County                  ,3,3,378970,0,0,0,0,0,0,0,0,0,0,0,0,0,0,0,0,0,0,0,0,0
201804,12,031,3,5,Duval County                  ,326,326,79998982,2,4,485966,0,0,0,0,0,0,305,305,72320819,2,4,485966,0,0,0,0,0,0
201804,12,033,3,5,Escambia County               ,98,98,23167877,0,0,0,0,0,0,0,0,0,98,98,23167877,0,0,0,0,0,0,0,0,0
201804,12,053,3,5,Hernando County               ,77,77,14183179,0,0,0,0,0,0,0,0,0,77,77,14183179,0,0,0,0,0,0,0,0,0
201804,12,057,3,5,Hillsborough County           ,806,806,280121121,3,6,646293,0,0,0,0,0,0,806,806,280121121,3,6,646293,0,0,0,0,0,0
201804,12,067,3,5,Lafayette County              ,3,3,289595,0,0,0,0,0,0,0,0,0,3,3,289595,0,0,0,0,0,0,0,0,0
201804,12,071,3,5,Lee County                    ,452,452,110604405,18,36,3887878,1,4,995025,13,388,62562151,452,452,110604405,18,36,3887878,1,4,995025,13,388,62562151
201804,12,073,3,5,Leon County                   ,71,71,12121380,1,2,221600,0,0,0,5,130,17174432,34,34,5587760,0,0,0,0,0,0,0,0,0
201804,12,081,3,5,Manatee County                ,279,279,62465493,1,2,175000,0,0,0,0,0,0,278,278,62317845,1,2,175000,0,0,0,0,0,0
201804,12,086,3,5,Miami-Dade County             ,206,206,60473740,3,6,1015825,0,0,0,10,388,58397099,146,146,42888177,3,6,1015825,0,0,0,8,292,49987437
201804,12,089,3,5,Nassau County                 ,74,74,6093927,0,0,0,0,0,0,9,216,24801253,74,74,6093927,0,0,0,0,0,0,9,216,24801253
201804,12,091,3,5,Okaloosa County               ,77,77,26572239,0,0,0,3,12,1423290,0,0,0,71,71,25272475,0,0,0,3,12,1423290,0,0,0
201804,12,095,3,5,Orange County                 ,690,690,182049434,5,10,1510031,0,0,0,13,669,88447226,647,647,167660205,5,10,1510031,0,0,0,13,669,88447226
201804,12,097,3,5,Osceola County                ,782,782,58138939,0,0,0,0,0,0,5,1200,16751689,782,782,58138939,0,0,0,0,0,0,5,1200,16751689
201804,12,101,3,5,Pasco County                  ,275,275,66124898,0,0,0,8,24,976000,1,6,210000,273,273,65935462,0,0,0,8,24,976000,1,6,210000
201804,12,103,3,5,Pinellas County               ,76,76,24119223,1,2,233102,1,3,505157,4,322,27199731,70,70,21746699,0,0,0,0,0,0,3,283,24350000
201804,12,109,3,5,St. Johns County              ,512,512,121697155,0,0,0,0,0,0,0,0,0,512,512,121697155,0,0,0,0,0,0,0,0,0
201804,12,113,3,5,Santa Rosa County             ,150,150,26212091,0,0,0,0,0,0,0,0,0,150,150,26212091,0,0,0,0,0,0,0,0,0
201804,12,115,3,5,Sarasota County               ,289,289,67715581,2,4,226252,3,10,2085460,21,475,65531453,160,160,34238373,2,4,226252,0,0,0,19,465,57488302
201804,12,117,3,5,Seminole County               ,154,154,44648390,0,0,0,0,0,0,2,142,12698242,147,147,42478261,0,0,0,0,0,0,1,124,11530800
201804,12,119,3,5,Sumter County                 ,160,160,41893356,0,0,0,0,0,0,0,0,0,160,160,41893356,0,0,0,0,0,0,0,0,0
201804,12,129,3,5,Wakulla County                ,32,32,4724880,0,0,0,0,0,0,0,0,0,32,32,4724880,0,0,0,0,0,0,0,0,0
201804,12,131,3,5,Walton County                 ,129,129,44831701,0,0,0,0,0,0,0,0,0,129,129,44831701,0,0,0,0,0,0,0,0,0
201804,12,133,3,5,Washington County             ,4,4,554952,0,0,0,0,0,0,0,0,0,0,0,0,0,0,0,0,0,0,0,0,0
201804,13,007,3,5,Baker County                  ,0,0,0,0,0,0,0,0,0,0,0,0,0,0,0,0,0,0,0,0,0,0,0,0
201804,13,013,3,5,Barrow County                 ,61,61,7635009,0,0,0,0,0,0,1,15,1072643,35,35,4595855,0,0,0,0,0,0,0,0,0
201804,13,015,3,5,Bartow County                 ,68,68,11312407,0,0,0,0,0,0,0,0,0,58,58,9058171,0,0,0,0,0,0,0,0,0
201804,13,021,3,5,Bibb County                   ,10,10,1591281,0,0,0,0,0,0,0,0,0,0,0,0,0,0,0,0,0,0,0,0,0
201804,13,029,3,5,Bryan County                  ,44,44,9367780,0,0,0,0,0,0,0,0,0,44,44,9367780,0,0,0,0,0,0,0,0,0
201804,13,033,3,5,Burke County                  ,5,5,889208,0,0,0,0,0,0,0,0,0,0,0,0,0,0,0,0,0,0,0,0,0
201804,13,035,3,5,Butts County                  ,3,3,731500,0,0,0,0,0,0,0,0,0,3,3,731500,0,0,0,0,0,0,0,0,0
201804,13,045,3,5,Carroll County                ,41,41,10970926,0,0,0,0,0,0,0,0,0,41,41,10970926,0,0,0,0,0,0,0,0,0
201804,13,051,3,5,Chatham County                ,87,87,18082305,0,0,0,0,0,0,0,0,0,27,27,4575879,0,0,0,0,0,0,0,0,0
201804,13,057,3,5,Cherokee County               ,242,242,63698861,1,2,295284,0,0,0,1,12,1136519,242,242,63698861,1,2,295284,0,0,0,1,12,1136519
201804,13,059,3,5,Clarke County                 ,14,14,2734248,0,0,0,0,0,0,0,0,0,14,14,2734248,0,0,0,0,0,0,0,0,0
201804,13,063,3,5,Clayton County                ,64,64,15130042,0,0,0,0,0,0,0,0,0,64,64,15130042,0,0,0,0,0,0,0,0,0
201804,13,067,3,5,Cobb County                   ,185,185,48590486,0,0,0,1,4,1143238,3,20,4429252,169,169,45585785,0,0,0,1,4,1143238,3,20,4429252
201804,13,073,3,5,Columbia County               ,109,109,18835436,0,0,0,0,0,0,4,32,1512000,109,109,18835436,0,0,0,0,0,0,4,32,1512000
201804,13,077,3,5,Coweta County                 ,75,75,24690923,1,2,533407,0,0,0,0,0,0,42,42,15550070,0,0,0,0,0,0,0,0,0
201804,13,085,3,5,Dawson County                 ,23,23,5568711,0,0,0,0,0,0,0,0,0,5,5,604596,0,0,0,0,0,0,0,0,0
201804,13,095,3,5,Dougherty County              ,1,1,450000,0,0,0,0,0,0,0,0,0,1,1,450000,0,0,0,0,0,0,0,0,0
201804,13,097,3,5,Douglas County                ,34,34,4683908,0,0,0,0,0,0,0,0,0,34,34,4683908,0,0,0,0,0,0,0,0,0
201804,13,111,3,5,Fannin County                 ,32,32,6245728,0,0,0,0,0,0,0,0,0,32,32,6245728,0,0,0,0,0,0,0,0,0
201804,13,113,3,5,Fayette County                ,48,48,14922064,0,0,0,0,0,0,0,0,0,43,43,12985042,0,0,0,0,0,0,0,0,0
201804,13,115,3,5,Floyd County                  ,18,18,3705000,0,0,0,0,0,0,0,0,0,18,18,3705000,0,0,0,0,0,0,0,0,0
201804,13,117,3,5,Forsyth County                ,261,261,37334287,0,0,0,0,0,0,0,0,0,261,261,37334287,0,0,0,0,0,0,0,0,0
201804,13,121,3,5,Fulton County                 ,344,344,82647743,0,0,0,0,0,0,6,289,48821836,297,297,68123012,0,0,0,0,0,0,6,289,48821836
201804,13,127,3,5,Glynn County                  ,53,53,15486645,0,0,0,0,0,0,0,0,0,0,0,0,0,0,0,0,0,0,0,0,0
201804,13,135,3,5,Gwinnett County               ,300,300,72229066,0,0,0,0,0,0,0,0,0,294,294,70515125,0,0,0,0,0,0,0,0,0
201804,13,143,3,5,Haralson County               ,4,4,915362,1,2,175000,0,0,0,0,0,0,0,0,0,1,2,175000,0,0,0,0,0,0
201804,13,145,3,5,Harris County                 ,19,19,5241535,0,0,0,0,0,0,0,0,0,19,19,5241535,0,0,0,0,0,0,0,0,0
201804,13,149,3,5,Heard County                  ,0,0,0,0,0,0,0,0,0,0,0,0,0,0,0,0,0,0,0,0,0,0,0,0
201804,13,151,3,5,Henry County                  ,146,146,33848059,0,0,0,0,0,0,0,0,0,106,106,28575282,0,0,0,0,0,0,0,0,0
201804,13,159,3,5,Jasper County                 ,6,6,803844,0,0,0,0,0,0,0,0,0,0,0,0,0,0,0,0,0,0,0,0,0
201804,13,171,3,5,Lamar County                  ,4,4,524432,0,0,0,0,0,0,0,0,0,1,1,127382,0,0,0,0,0,0,0,0,0
201804,13,177,3,5,Lee County                    ,34,34,2848898,0,0,0,0,0,0,0,0,0,0,0,0,0,0,0,0,0,0,0,0,0
201804,13,179,3,5,Liberty County                ,20,20,4242085,0,0,0,1,3,121350,1,7,291668,7,7,1784577,0,0,0,0,0,0,0,0,0
201804,13,189,3,5,McDuffie County               ,3,3,430000,0,0,0,0,0,0,0,0,0,3,3,430000,0,0,0,0,0,0,0,0,0
201804,13,199,3,5,Meriwether County             ,7,7,1486441,0,0,0,0,0,0,0,0,0,6,6,1418441,0,0,0,0,0,0,0,0,0
201804,13,201,3,5,Miller County                 ,0,0,0,0,0,0,0,0,0,0,0,0,0,0,0,0,0,0,0,0,0,0,0,0
201804,13,207,3,5,Monroe County                 ,13,13,2930341,0,0,0,0,0,0,0,0,0,0,0,0,0,0,0,0,0,0,0,0,0
201804,13,215,3,5,Muscogee County               ,31,31,6053725,0,0,0,1,3,184640,2,15,2628115,0,0,0,0,0,0,0,0,0,0,0,0
201804,13,217,3,5,Newton County                 ,31,31,7355800,0,0,0,0,0,0,0,0,0,31,31,7355800,0,0,0,0,0,0,0,0,0
201804,13,227,3,5,Pickens County                ,13,13,3553000,0,0,0,0,0,0,0,0,0,13,13,3553000,0,0,0,0,0,0,0,0,0
201804,13,231,3,5,Pike County                   ,9,9,1765588,0,0,0,0,0,0,0,0,0,0,0,0,0,0,0,0,0,0,0,0,0
201804,13,235,3,5,Pulaski County                ,0,0,0,0,0,0,0,0,0,0,0,0,0,0,0,0,0,0,0,0,0,0,0,0
201804,13,245,3,5,Richmond County               ,40,40,6600663,0,0,0,0,0,0,1,28,1608301,3,3,520000,0,0,0,0,0,0,0,0,0
201804,13,247,3,5,Rockdale County               ,19,19,4046453,0,0,0,0,0,0,0,0,0,19,19,4046453,0,0,0,0,0,0,0,0,0
201804,13,255,3,5,Spalding County               ,36,36,4313814,0,0,0,0,0,0,0,0,0,36,36,4313814,0,0,0,0,0,0,0,0,0
201804,13,275,3,5,Thomas County                 ,7,7,1864849,1,2,797000,0,0,0,0,0,0,7,7,1864849,1,2,797000,0,0,0,0,0,0
201804,13,291,3,5,Union County                  ,18,18,4265398,0,0,0,0,0,0,0,0,0,18,18,4265398,0,0,0,0,0,0,0,0,0
201804,15,001,4,9,Hawaii County                 ,53,53,16518913,0,0,0,0,0,0,0,0,0,53,53,16518913,0,0,0,0,0,0,0,0,0
201804,15,003,4,9,Honolulu County               ,101,101,34405243,0,0,0,0,0,0,1,71,11638116,0,0,0,0,0,0,0,0,0,0,0,0
201804,15,007,4,9,Kauai County                  ,13,13,6424570,1,2,753700,0,0,0,0,0,0,13,13,6424570,1,2,753700,0,0,0,0,0,0
201804,15,009,4,9,Maui County                   ,11,11,4368000,2,4,1018820,1,4,947619,1,6,1393747,11,11,4368000,2,4,1018820,1,4,947619,1,6,1393747
201804,16,001,4,8,Ada County                    ,428,428,115712645,1,2,423516,6,19,1317927,1,21,2790702,348,348,93814975,0,0,0,4,12,862962,0,0,0
201804,16,015,4,8,Boise County                  ,13,13,3734764,0,0,0,0,0,0,0,0,0,13,13,3734764,0,0,0,0,0,0,0,0,0
201804,16,027,4,8,Canyon County                 ,145,145,25533084,2,4,549743,0,0,0,0,0,0,145,145,25533084,2,4,549743,0,0,0,0,0,0
201804,16,045,4,8,Gem County                    ,5,5,866036,2,4,298075,0,0,0,0,0,0,5,5,866036,2,4,298075,0,0,0,0,0,0
201804,16,073,4,8,Owyhee County                 ,4,4,720153,0,0,0,0,0,0,0,0,0,2,2,343907,0,0,0,0,0,0,0,0,0
201804,17,005,2,3,Bond County                   ,1,1,176208,0,0,0,0,0,0,0,0,0,0,0,0,0,0,0,0,0,0,0,0,0
201804,17,013,2,3,Calhoun County                ,0,0,0,0,0,0,0,0,0,0,0,0,0,0,0,0,0,0,0,0,0,0,0,0
201804,17,031,2,3,Cook County                   ,156,156,46582299,4,8,1931450,13,41,9211500,16,717,28456002,126,126,37285896,4,8,1931450,13,41,9211500,14,707,26691773
201804,17,037,2,3,DeKalb County                 ,4,4,865000,0,0,0,0,0,0,0,0,0,4,4,865000,0,0,0,0,0,0,0,0,0
201804,17,039,2,3,De Witt County                ,5,5,1225000,0,0,0,0,0,0,0,0,0,5,5,1225000,0,0,0,0,0,0,0,0,0
201804,17,043,2,3,DuPage County                 ,61,61,25561825,4,8,1400000,0,0,0,3,33,2164416,54,54,22677453,4,8,1400000,0,0,0,2,12,1666302
201804,17,063,2,3,Grundy County                 ,5,5,831357,0,0,0,0,0,0,2,10,512820,3,3,510259,0,0,0,0,0,0,0,0,0
201804,17,083,2,3,Jersey County                 ,2,2,269276,0,0,0,0,0,0,0,0,0,1,1,113667,0,0,0,0,0,0,0,0,0
201804,17,093,2,3,Kendall County                ,34,34,5794094,0,0,0,0,0,0,0,0,0,28,28,4432270,0,0,0,0,0,0,0,0,0
201804,17,097,2,3,Lake County                   ,74,74,23923895,1,2,83333,1,3,271117,2,21,5050173,40,40,12580569,0,0,0,0,0,0,0,0,0
201804,17,111,2,3,McHenry County                ,35,35,8460339,0,0,0,0,0,0,1,80,1200000,29,29,7723388,0,0,0,0,0,0,1,80,1200000
201804,17,119,2,3,Madison County                ,45,45,11062879,0,0,0,0,0,0,5,25,2108029,35,35,9024366,0,0,0,0,0,0,4,20,1600000
201804,17,133,2,3,Monroe County                 ,17,17,3954864,0,0,0,0,0,0,1,5,432000,13,13,3054592,0,0,0,0,0,0,0,0,0
201804,17,197,2,3,Will County                   ,155,155,38163714,2,4,467000,1,4,432000,0,0,0,135,135,34058414,1,2,212000,1,4,432000,0,0,0
201804,18,003,2,3,Allen County                  ,112,112,28953479,0,0,0,0,0,0,0,0,0,112,112,28953479,0,0,0,0,0,0,0,0,0
201804,18,011,2,3,Boone County                  ,42,42,13118018,0,0,0,0,0,0,0,0,0,42,42,13118018,0,0,0,0,0,0,0,0,0
201804,18,013,2,3,Brown County                  ,12,12,3102158,0,0,0,0,0,0,0,0,0,12,12,3102158,0,0,0,0,0,0,0,0,0
201804,18,019,2,3,Clark County                  ,34,34,8471740,0,0,0,0,0,0,0,0,0,26,26,6822336,0,0,0,0,0,0,0,0,0
201804,18,047,2,3,Franklin County               ,4,4,1410000,0,0,0,0,0,0,0,0,0,4,4,1410000,0,0,0,0,0,0,0,0,0
201804,18,057,2,3,Hamilton County               ,282,282,98418503,0,0,0,0,0,0,0,0,0,282,282,98418503,0,0,0,0,0,0,0,0,0
201804,18,059,2,3,Hancock County                ,44,44,8974115,0,0,0,0,0,0,4,24,3110000,44,44,8974115,0,0,0,0,0,0,4,24,3110000
201804,18,061,2,3,Harrison County               ,10,10,2212519,0,0,0,0,0,0,0,0,0,10,10,2212519,0,0,0,0,0,0,0,0,0
201804,18,063,2,3,Hendricks County              ,88,88,22547477,0,0,0,0,0,0,2,32,2999784,80,80,20712508,0,0,0,0,0,0,2,32,2999784
201804,18,069,2,3,Huntington County             ,5,5,1035139,0,0,0,0,0,0,0,0,0,2,2,339039,0,0,0,0,0,0,0,0,0
201804,18,073,2,3,Jasper County                 ,8,8,1897086,0,0,0,0,0,0,0,0,0,8,8,1897086,0,0,0,0,0,0,0,0,0
201804,18,081,2,3,Johnson County                ,69,69,18385997,0,0,0,0,0,0,0,0,0,66,66,18039290,0,0,0,0,0,0,0,0,0
201804,18,087,2,3,Lagrange County               ,13,13,3175378,0,0,0,0,0,0,0,0,0,13,13,3175378,0,0,0,0,0,0,0,0,0
201804,18,089,2,3,Lake County                   ,121,121,30403535,1,2,225000,0,0,0,0,0,0,112,112,27874799,1,2,225000,0,0,0,0,0,0
201804,18,097,2,3,Marion County                 ,121,121,31250807,5,10,1318430,1,3,577905,1,9,1733715,114,114,29470505,5,10,1318430,1,3,577905,1,9,1733715
201804,18,105,2,3,Monroe County                 ,27,27,6966000,2,4,478303,0,0,0,1,21,2437573,0,0,0,0,0,0,0,0,0,0,0,0
201804,18,109,2,3,Morgan County                 ,12,12,2718137,0,0,0,0,0,0,0,0,0,4,4,633300,0,0,0,0,0,0,0,0,0
201804,18,111,2,3,Newton County                 ,2,2,405672,0,0,0,0,0,0,0,0,0,0,0,0,0,0,0,0,0,0,0,0,0
201804,18,115,2,3,Ohio County                   ,5,5,1126740,1,2,150000,0,0,0,0,0,0,5,5,1126740,1,2,150000,0,0,0,0,0,0
201804,18,119,2,3,Owen County                   ,5,5,1292566,0,0,0,0,0,0,0,0,0,5,5,1292566,0,0,0,0,0,0,0,0,0
201804,18,127,2,3,Porter County                 ,43,43,11342614,0,0,0,0,0,0,1,5,327810,33,33,9856951,0,0,0,0,0,0,0,0,0
201804,18,133,2,3,Putnam County                 ,12,12,2901360,1,2,278179,0,0,0,0,0,0,11,11,2676619,1,2,278179,0,0,0,0,0,0
201804,18,145,2,3,Shelby County                 ,13,13,2337946,0,0,0,0,0,0,0,0,0,13,13,2337946,0,0,0,0,0,0,0,0,0
201804,18,151,2,3,Steuben County                ,12,12,3472462,0,0,0,0,0,0,0,0,0,12,12,3472462,0,0,0,0,0,0,0,0,0
201804,18,157,2,3,Tippecanoe County             ,46,46,10778260,1,2,360000,0,0,0,2,522,93187500,39,39,9908449,0,0,0,0,0,0,2,522,93187500
201804,18,163,2,3,Vanderburgh County            ,25,25,4230031,1,2,80000,0,0,0,0,0,0,25,25,4230031,1,2,80000,0,0,0,0,0,0
201804,18,167,2,3,Vigo County                   ,11,11,891080,1,2,137636,0,0,0,1,13,899516,8,8,332000,0,0,0,0,0,0,0,0,0
201804,18,175,2,3,Washington County             ,4,4,1083704,0,0,0,0,0,0,0,0,0,0,0,0,0,0,0,0,0,0,0,0,0
201804,18,183,2,3,Whitley County                ,33,33,4613762,1,2,100000,0,0,0,1,12,375000,33,33,4613762,1,2,100000,0,0,0,1,12,375000
201804,19,049,2,4,Dallas County                 ,63,63,20131726,0,0,0,0,0,0,0,0,0,61,61,19593455,0,0,0,0,0,0,0,0,0
201804,19,085,2,4,Harrison County               ,0,0,0,0,0,0,0,0,0,0,0,0,0,0,0,0,0,0,0,0,0,0,0,0
201804,19,129,2,4,Mills County                  ,0,0,0,0,0,0,0,0,0,0,0,0,0,0,0,0,0,0,0,0,0,0,0,0
201804,19,153,2,4,Polk County                   ,209,209,56990041,0,0,0,0,0,0,1,10,701432,187,187,54350078,0,0,0,0,0,0,0,0,0
201804,19,181,2,4,Warren County                 ,34,34,9004492,2,4,526600,0,0,0,0,0,0,32,32,8520623,2,4,526600,0,0,0,0,0,0
201804,20,061,2,4,Geary County                  ,0,0,0,0,0,0,0,0,0,0,0,0,0,0,0,0,0,0,0,0,0,0,0,0
201804,20,091,2,4,Johnson County                ,191,191,59554051,1,2,560000,3,11,1669963,2,37,3248737,108,108,30700967,0,0,0,0,0,0,0,0,0
201804,20,103,2,4,Leavenworth County            ,19,19,4161672,0,0,0,0,0,0,0,0,0,19,19,4161672,0,0,0,0,0,0,0,0,0
201804,20,107,2,4,Linn County                   ,5,5,488942,0,0,0,0,0,0,0,0,0,0,0,0,0,0,0,0,0,0,0,0,0
201804,20,121,2,4,Miami County                  ,8,8,2179807,0,0,0,0,0,0,0,0,0,0,0,0,0,0,0,0,0,0,0,0,0
201804,20,209,2,4,Wyandotte County              ,22,22,4534602,0,0,0,0,0,0,3,40,3466454,22,22,4534602,0,0,0,0,0,0,3,40,3466454
201804,21,005,3,6,Anderson County               ,1,1,76800,0,0,0,0,0,0,0,0,0,1,1,76800,0,0,0,0,0,0,0,0,0
201804,21,015,3,6,Boone County                  ,40,40,7578997,0,0,0,0,0,0,2,24,1638965,40,40,7578997,0,0,0,0,0,0,2,24,1638965
201804,21,017,3,6,Bourbon County                ,4,4,1321000,0,0,0,0,0,0,0,0,0,4,4,1321000,0,0,0,0,0,0,0,0,0
201804,21,021,3,6,Boyle County                  ,6,6,1380000,0,0,0,0,0,0,0,0,0,6,6,1380000,0,0,0,0,0,0,0,0,0
201804,21,029,3,6,Bullitt County                ,31,31,7301720,0,0,0,2,7,850000,0,0,0,31,31,7301720,0,0,0,2,7,850000,0,0,0
201804,21,035,3,6,Calloway County               ,2,2,473000,0,0,0,0,0,0,0,0,0,2,2,473000,0,0,0,0,0,0,0,0,0
201804,21,037,3,6,Campbell County               ,14,14,3080112,0,0,0,0,0,0,0,0,0,14,14,3080112,0,0,0,0,0,0,0,0,0
201804,21,045,3,6,Casey County                  ,0,0,0,0,0,0,0,0,0,0,0,0,0,0,0,0,0,0,0,0,0,0,0,0
201804,21,047,3,6,Christian County              ,5,5,672400,3,6,537000,0,0,0,0,0,0,3,3,530000,3,6,537000,0,0,0,0,0,0
201804,21,049,3,6,Clark County                  ,5,5,1062756,0,0,0,0,0,0,1,5,346250,0,0,0,0,0,0,0,0,0,0,0,0
201804,21,067,3,6,Fayette County                ,73,73,11769146,0,0,0,0,0,0,2,68,4979000,0,0,0,0,0,0,0,0,0,0,0,0
201804,21,069,3,6,Fleming County                ,0,0,0,0,0,0,0,0,0,0,0,0,0,0,0,0,0,0,0,0,0,0,0,0
201804,21,077,3,6,Gallatin County               ,4,4,945628,0,0,0,0,0,0,0,0,0,4,4,945628,0,0,0,0,0,0,0,0,0
201804,21,081,3,6,Grant County                  ,8,8,4649000,0,0,0,0,0,0,0,0,0,8,8,4649000,0,0,0,0,0,0,0,0,0
201804,21,091,3,6,Hancock County                ,0,0,0,0,0,0,0,0,0,0,0,0,0,0,0,0,0,0,0,0,0,0,0,0
201804,21,099,3,6,Hart County                   ,5,5,486250,0,0,0,0,0,0,1,5,567738,0,0,0,0,0,0,0,0,0,0,0,0
201804,21,101,3,6,Henderson County              ,2,2,496900,0,0,0,0,0,0,0,0,0,2,2,496900,0,0,0,0,0,0,0,0,0
201804,21,103,3,6,Henry County                  ,1,1,150000,0,0,0,0,0,0,0,0,0,1,1,150000,0,0,0,0,0,0,0,0,0
201804,21,111,3,6,Jefferson County              ,124,124,53881630,0,0,0,0,0,0,30,736,124425260,124,124,53881630,0,0,0,0,0,0,30,736,124425260
201804,21,113,3,6,Jessamine County              ,32,32,9772209,0,0,0,0,0,0,0,0,0,32,32,9772209,0,0,0,0,0,0,0,0,0
201804,21,115,3,6,Johnson County                ,0,0,0,0,0,0,0,0,0,0,0,0,0,0,0,0,0,0,0,0,0,0,0,0
201804,21,117,3,6,Kenton County                 ,40,40,9070178,0,0,0,0,0,0,0,0,0,40,40,9070178,0,0,0,0,0,0,0,0,0
201804,21,121,3,6,Knox County                   ,0,0,0,0,0,0,0,0,0,0,0,0,0,0,0,0,0,0,0,0,0,0,0,0
201804,21,123,3,6,Larue County                  ,3,3,690833,0,0,0,0,0,0,0,0,0,0,0,0,0,0,0,0,0,0,0,0,0
201804,21,137,3,6,Lincoln County                ,4,4,495558,0,0,0,0,0,0,0,0,0,0,0,0,0,0,0,0,0,0,0,0,0
201804,21,145,3,6,McCracken County              ,13,13,3595353,0,0,0,0,0,0,0,0,0,13,13,3595353,0,0,0,0,0,0,0,0,0
201804,21,151,3,6,Madison County                ,17,17,1754309,1,2,112996,0,0,0,1,6,202286,5,5,700000,0,0,0,0,0,0,0,0,0
201804,21,157,3,6,Marshall County               ,7,7,1394760,0,0,0,0,0,0,0,0,0,7,7,1394760,0,0,0,0,0,0,0,0,0
201804,21,161,3,6,Mason County                  ,6,6,620000,0,0,0,0,0,0,0,0,0,6,6,620000,0,0,0,0,0,0,0,0,0
201804,21,163,3,6,Meade County                  ,12,12,1934000,0,0,0,0,0,0,0,0,0,12,12,1934000,0,0,0,0,0,0,0,0,0
201804,21,167,3,6,Mercer County                 ,5,5,861217,0,0,0,0,0,0,0,0,0,0,0,0,0,0,0,0,0,0,0,0,0
201804,21,175,3,6,Morgan County                 ,2,2,150000,0,0,0,0,0,0,0,0,0,0,0,0,0,0,0,0,0,0,0,0,0
201804,21,179,3,6,Nelson County                 ,21,21,4279000,0,0,0,0,0,0,0,0,0,21,21,4279000,0,0,0,0,0,0,0,0,0
201804,21,185,3,6,Oldham County                 ,32,32,9652593,0,0,0,0,0,0,0,0,0,0,0,0,0,0,0,0,0,0,0,0,0
201804,21,191,3,6,Pendleton County              ,0,0,0,0,0,0,0,0,0,0,0,0,0,0,0,0,0,0,0,0,0,0,0,0
201804,21,209,3,6,Scott County                  ,41,41,8155005,23,46,6900000,0,0,0,0,0,0,41,41,8155005,23,46,6900000,0,0,0,0,0,0
201804,21,211,3,6,Shelby County                 ,25,25,7663565,0,0,0,0,0,0,0,0,0,25,25,7663565,0,0,0,0,0,0,0,0,0
201804,21,213,3,6,Simpson County                ,12,12,1243010,0,0,0,0,0,0,0,0,0,12,12,1243010,0,0,0,0,0,0,0,0,0
201804,21,215,3,6,Spencer County                ,18,18,4255324,0,0,0,0,0,0,0,0,0,18,18,4255324,0,0,0,0,0,0,0,0,0
201804,21,221,3,6,Trigg County                  ,1,1,236407,0,0,0,0,0,0,0,0,0,1,1,236407,0,0,0,0,0,0,0,0,0
201804,21,239,3,6,Woodford County               ,5,5,1500000,0,0,0,0,0,0,0,0,0,5,5,1500000,0,0,0,0,0,0,0,0,0
201804,22,005,3,7,Ascension Parish              ,103,103,16037042,0,0,0,0,0,0,0,0,0,0,0,0,0,0,0,0,0,0,0,0,0
201804,22,015,3,7,Bossier Parish                ,73,73,14686146,0,0,0,0,0,0,0,0,0,73,73,14686146,0,0,0,0,0,0,0,0,0
201804,22,017,3,7,Caddo Parish                  ,31,31,7872809,0,0,0,0,0,0,0,0,0,0,0,0,0,0,0,0,0,0,0,0,0
201804,22,031,3,7,De Soto Parish                ,9,9,2316358,0,0,0,0,0,0,0,0,0,9,9,2316358,0,0,0,0,0,0,0,0,0
201804,22,033,3,7,East Baton Rouge Parish       ,132,132,29759655,0,0,0,0,0,0,0,0,0,131,131,29590086,0,0,0,0,0,0,0,0,0
201804,22,037,3,7,East Feliciana Parish         ,4,4,780716,0,0,0,0,0,0,0,0,0,4,4,780716,0,0,0,0,0,0,0,0,0
201804,22,047,3,7,Iberville Parish              ,11,11,2957551,0,0,0,0,0,0,0,0,0,3,3,962000,0,0,0,0,0,0,0,0,0
201804,22,051,3,7,Jefferson Parish              ,47,47,10370805,0,0,0,0,0,0,0,0,0,9,9,2444245,0,0,0,0,0,0,0,0,0
201804,22,055,3,7,Lafayette Parish              ,113,113,23590248,0,0,0,0,0,0,0,0,0,11,11,3351856,0,0,0,0,0,0,0,0,0
201804,22,063,3,7,Livingston Parish             ,83,83,18295867,0,0,0,1,3,232174,0,0,0,7,7,1090000,0,0,0,0,0,0,0,0,0
201804,22,071,3,7,Orleans Parish                ,44,44,9906708,6,12,1268384,0,0,0,1,11,2707558,0,0,0,0,0,0,0,0,0,0,0,0
201804,22,075,3,7,Plaquemines Parish            ,4,4,1014423,0,0,0,0,0,0,0,0,0,0,0,0,0,0,0,0,0,0,0,0,0
201804,22,077,3,7,Pointe Coupee Parish          ,1,1,262000,0,0,0,0,0,0,0,0,0,1,1,262000,0,0,0,0,0,0,0,0,0
201804,22,087,3,7,St. Bernard Parish            ,18,18,2928000,0,0,0,0,0,0,0,0,0,18,18,2928000,0,0,0,0,0,0,0,0,0
201804,22,089,3,7,St. Charles Parish            ,21,21,2639818,0,0,0,0,0,0,0,0,0,21,21,2639818,0,0,0,0,0,0,0,0,0
201804,22,091,3,7,St. Helena Parish             ,3,3,636727,1,2,75000,0,0,0,0,0,0,0,0,0,0,0,0,0,0,0,0,0,0
201804,22,095,3,7,St. John the Baptist Parish   ,5,5,825155,0,0,0,0,0,0,0,0,0,0,0,0,0,0,0,0,0,0,0,0,0
201804,22,099,3,7,St. Martin Parish             ,16,16,2936157,0,0,0,0,0,0,0,0,0,0,0,0,0,0,0,0,0,0,0,0,0
201804,22,103,3,7,St. Tammany Parish            ,110,110,25189292,1,2,380000,0,0,0,0,0,0,104,104,23137812,0,0,0,0,0,0,0,0,0
201804,22,109,3,7,Terrebonne Parish             ,9,9,2393315,0,0,0,0,0,0,0,0,0,9,9,2393315,0,0,0,0,0,0,0,0,0
201804,22,121,3,7,West Baton Rouge Parish       ,11,11,1080432,0,0,0,0,0,0,0,0,0,8,8,694475,0,0,0,0,0,0,0,0,0
201804,22,125,3,7,West Feliciana Parish         ,2,2,1193338,0,0,0,0,0,0,0,0,0,2,2,1193338,0,0,0,0,0,0,0,0,0
201804,23,000,1,1,Maine Unorganized Territory   ,7,7,929602,0,0,0,0,0,0,0,0,0,0,0,0,0,0,0,0,0,0,0,0,0
201804,24,003,3,5,Anne Arundel County           ,146,146,24642620,0,0,0,0,0,0,0,0,0,141,141,23352775,0,0,0,0,0,0,0,0,0
201804,24,005,3,5,Baltimore County              ,83,83,17073278,0,0,0,0,0,0,4,103,7695000,83,83,17073278,0,0,0,0,0,0,4,103,7695000
201804,24,009,3,5,Calvert County                ,20,20,4728138,0,0,0,0,0,0,0,0,0,20,20,4728138,0,0,0,0,0,0,0,0,0
201804,24,013,3,5,Carroll County                ,38,38,9820693,0,0,0,0,0,0,0,0,0,38,38,9820693,0,0,0,0,0,0,0,0,0
201804,24,015,3,5,Cecil County                  ,10,10,2286370,0,0,0,0,0,0,0,0,0,10,10,2286370,0,0,0,0,0,0,0,0,0
201804,24,017,3,5,Charles County                ,62,62,12427000,0,0,0,0,0,0,0,0,0,62,62,12427000,0,0,0,0,0,0,0,0,0
201804,24,021,3,5,Frederick County              ,130,130,32448571,0,0,0,0,0,0,0,0,0,130,130,32448571,0,0,0,0,0,0,0,0,0
201804,24,023,3,5,Garrett County                ,5,5,2211225,0,0,0,0,0,0,0,0,0,5,5,2211225,0,0,0,0,0,0,0,0,0
201804,24,025,3,5,Harford County                ,77,77,14491970,0,0,0,0,0,0,0,0,0,76,76,14354756,0,0,0,0,0,0,0,0,0
201804,24,027,3,5,Howard County                 ,94,94,20244453,0,0,0,0,0,0,0,0,0,94,94,20244453,0,0,0,0,0,0,0,0,0
201804,24,031,3,5,Montgomery County             ,76,76,17959784,0,0,0,0,0,0,0,0,0,76,76,17959784,0,0,0,0,0,0,0,0,0
201804,24,033,3,5,Prince George County          ,254,254,60224132,0,0,0,0,0,0,0,0,0,250,250,59101727,0,0,0,0,0,0,0,0,0
201804,24,035,3,5,Queen Anne County             ,9,9,2127662,0,0,0,0,0,0,0,0,0,9,9,2127662,0,0,0,0,0,0,0,0,0
201804,24,037,3,5,St. Marys County              ,92,92,18447407,0,0,0,0,0,0,0,0,0,92,92,18447407,0,0,0,0,0,0,0,0,0
201804,24,039,3,5,Somerset County               ,3,3,388695,0,0,0,0,0,0,0,0,0,2,2,231000,0,0,0,0,0,0,0,0,0
201804,24,045,3,5,Wicomico County               ,9,9,1440000,0,0,0,0,0,0,0,0,0,8,8,1320360,0,0,0,0,0,0,0,0,0
201804,24,510,3,5,Baltimore (Independent City)  ,11,11,1725000,0,0,0,0,0,0,1,224,23404606,11,11,1725000,0,0,0,0,0,0,1,224,23404606
201804,25,005,1,1,Bristol County                ,58,58,13047644,1,2,278500,0,0,0,2,15,1458333,47,47,11267624,0,0,0,0,0,0,1,10,1000000
201804,25,009,1,1,Essex County                  ,40,40,12294683,5,10,1414589,0,0,0,2,12,2739476,21,21,6664100,2,4,550000,0,0,0,0,0,0
201804,25,017,1,1,Middlesex County              ,134,134,41371830,15,30,4511146,2,6,881521,7,54,9178167,79,79,24578974,13,26,3993740,0,0,0,0,0,0
201804,25,021,1,1,Norfolk County                ,57,57,27135614,2,4,855000,0,0,0,4,23,2427318,41,41,19712995,2,4,855000,0,0,0,1,8,1050000
201804,25,023,1,1,Plymouth County               ,102,102,22358622,0,0,0,0,0,0,1,5,850000,70,70,14702441,0,0,0,0,0,0,0,0,0
201804,25,025,1,1,Suffolk County                ,5,5,1241138,2,4,684476,3,9,2500000,3,18,3495907,4,4,1064082,1,2,458500,3,9,2500000,2,13,2340000
201804,26,000,2,3,Michigan Balance of State     ,5,5,939055,0,0,0,0,0,0,0,0,0,0,0,0,0,0,0,0,0,0,0,0,0
201804,26,019,2,3,Benzie County                 ,7,7,1617429,0,0,0,0,0,0,0,0,0,0,0,0,0,0,0,0,0,0,0,0,0
201804,26,029,2,3,Charlevoix County             ,9,9,2057437,0,0,0,0,0,0,0,0,0,0,0,0,0,0,0,0,0,0,0,0,0
201804,26,089,2,3,Leelanau County               ,13,13,2900409,0,0,0,0,0,0,0,0,0,0,0,0,0,0,0,0,0,0,0,0,0
201804,26,093,2,3,Livingston County             ,66,66,17956566,0,0,0,4,16,3315184,2,15,2532327,64,64,17752423,0,0,0,4,16,3315184,2,15,2532327
201804,26,095,2,3,Luce County                   ,0,0,0,0,0,0,0,0,0,0,0,0,0,0,0,0,0,0,0,0,0,0,0,0
201804,26,099,2,3,Macomb County                 ,193,193,52208811,2,4,634341,0,0,0,0,0,0,192,192,52097700,1,2,451149,0,0,0,0,0,0
201804,26,103,2,3,Marquette County              ,2,2,297500,0,0,0,0,0,0,0,0,0,2,2,297500,0,0,0,0,0,0,0,0,0
201804,26,137,2,3,Otsego County                 ,2,2,162000,0,0,0,0,0,0,0,0,0,0,0,0,0,0,0,0,0,0,0,0,0
201804,26,147,2,3,St. Clair County              ,24,24,4562460,0,0,0,0,0,0,0,0,0,21,21,3867686,0,0,0,0,0,0,0,0,0
201804,26,163,2,3,Wayne County                  ,109,109,32496390,0,0,0,2,8,880700,4,35,4185187,100,100,30153248,0,0,0,2,8,880700,3,18,2951394
201804,27,003,2,4,Anoka County                  ,112,112,29150153,1,2,302264,0,0,0,1,17,2173954,76,76,19418178,0,0,0,0,0,0,0,0,0
201804,27,019,2,4,Carver County                 ,69,69,19238041,0,0,0,0,0,0,0,0,0,65,65,18389796,0,0,0,0,0,0,0,0,0
201804,27,025,2,4,Chisago County                ,25,25,4056243,0,0,0,0,0,0,0,0,0,25,25,4056243,0,0,0,0,0,0,0,0,0
201804,27,027,2,4,Clay County                   ,31,31,7074500,0,0,0,0,0,0,0,0,0,31,31,7074500,0,0,0,0,0,0,0,0,0
201804,27,037,2,4,Dakota County                 ,101,101,29408984,4,8,1750000,0,0,0,0,0,0,76,76,21005531,4,8,1750000,0,0,0,0,0,0
201804,27,053,2,4,Hennepin County               ,165,165,57224175,0,0,0,0,0,0,6,215,28256842,140,140,50234752,0,0,0,0,0,0,5,208,26438657
201804,27,059,2,4,Isanti County                 ,18,18,3250066,0,0,0,0,0,0,0,0,0,9,9,1731538,0,0,0,0,0,0,0,0,0
201804,27,123,2,4,Ramsey County                 ,14,14,4766974,0,0,0,0,0,0,1,51,8585581,14,14,4766974,0,0,0,0,0,0,1,51,8585581
201804,27,139,2,4,Scott County                  ,69,69,20834765,0,0,0,0,0,0,0,0,0,65,65,19778877,0,0,0,0,0,0,0,0,0
201804,27,141,2,4,Sherburne County              ,49,49,11360910,0,0,0,0,0,0,0,0,0,43,43,10223446,0,0,0,0,0,0,0,0,0
201804,27,163,2,4,Washington County             ,75,75,23530817,0,0,0,0,0,0,2,115,11886000,69,69,20814383,0,0,0,0,0,0,2,115,11886000
201804,27,171,2,4,Wright County                 ,79,79,22173140,0,0,0,0,0,0,0,0,0,77,77,21653920,0,0,0,0,0,0,0,0,0
201804,28,033,3,6,DeSoto County                 ,133,133,21919998,0,0,0,0,0,0,0,0,0,88,88,11525690,0,0,0,0,0,0,0,0,0
201804,28,041,3,6,Greene County                 ,0,0,0,0,0,0,0,0,0,0,0,0,0,0,0,0,0,0,0,0,0,0,0,0
201804,28,045,3,6,Hancock County                ,43,43,7555373,2,4,458444,1,3,301084,1,12,1015952,7,7,1889436,1,2,273265,0,0,0,0,0,0
201804,28,047,3,6,Harrison County               ,80,80,12529903,0,0,0,0,0,0,0,0,0,55,55,9265091,0,0,0,0,0,0,0,0,0
201804,28,067,3,6,Jones County                  ,1,1,145793,0,0,0,0,0,0,0,0,0,0,0,0,0,0,0,0,0,0,0,0,0
201804,28,129,3,6,Smith County                  ,0,0,0,0,0,0,0,0,0,0,0,0,0,0,0,0,0,0,0,0,0,0,0,0
201804,28,137,3,6,Tate County                   ,7,7,1671490,0,0,0,0,0,0,0,0,0,7,7,1671490,0,0,0,0,0,0,0,0,0
201804,28,143,3,6,Tunica County                 ,50,50,11820345,0,0,0,0,0,0,0,0,0,50,50,11820345,0,0,0,0,0,0,0,0,0
201804,28,145,3,6,Union County                  ,1,1,175000,0,0,0,0,0,0,0,0,0,1,1,175000,0,0,0,0,0,0,0,0,0
201804,28,149,3,6,Warren County                 ,0,0,0,0,0,0,0,0,0,0,0,0,0,0,0,0,0,0,0,0,0,0,0,0
201804,29,013,2,4,Bates County                  ,0,0,0,0,0,0,0,0,0,0,0,0,0,0,0,0,0,0,0,0,0,0,0,0
201804,29,017,2,4,Bollinger County              ,0,0,0,0,0,0,0,0,0,0,0,0,0,0,0,0,0,0,0,0,0,0,0,0
201804,29,019,2,4,Boone County                  ,67,67,14739744,0,0,0,0,0,0,0,0,0,67,67,14739744,0,0,0,0,0,0,0,0,0
201804,29,049,2,4,Clinton County                ,5,5,838133,0,0,0,0,0,0,0,0,0,2,2,336000,0,0,0,0,0,0,0,0,0
201804,29,065,2,4,Dent County                   ,0,0,0,0,0,0,0,0,0,0,0,0,0,0,0,0,0,0,0,0,0,0,0,0
201804,29,071,2,4,Franklin County               ,65,65,11247152,0,0,0,0,0,0,0,0,0,65,65,11247152,0,0,0,0,0,0,0,0,0
201804,29,095,2,4,Jackson County                ,155,155,35369140,4,8,1000000,0,0,0,8,243,19464669,148,148,33560586,4,8,1000000,0,0,0,8,243,19464669
201804,29,099,2,4,Jefferson County              ,61,61,11581413,0,0,0,0,0,0,0,0,0,57,57,11035505,0,0,0,0,0,0,0,0,0
201804,29,105,2,4,Laclede County                ,5,5,636482,0,0,0,0,0,0,0,0,0,0,0,0,0,0,0,0,0,0,0,0,0
201804,29,107,2,4,Lafayette County              ,5,5,1001320,0,0,0,0,0,0,0,0,0,2,2,310000,0,0,0,0,0,0,0,0,0
201804,29,113,2,4,Lincoln County                ,12,12,2302987,0,0,0,1,3,359288,0,0,0,7,7,1044000,0,0,0,0,0,0,0,0,0
201804,29,165,2,4,Platte County                 ,45,45,10980583,0,0,0,0,0,0,0,0,0,39,39,8857628,0,0,0,0,0,0,0,0,0
201804,29,185,2,4,St. Clair County              ,0,0,0,0,0,0,0,0,0,0,0,0,0,0,0,0,0,0,0,0,0,0,0,0
201804,29,189,2,4,St. Louis County              ,105,105,35042582,0,0,0,0,0,0,2,27,3155997,26,26,9305157,0,0,0,0,0,0,0,0,0
201804,29,219,2,4,Warren County                 ,32,32,7050264,0,0,0,0,0,0,0,0,0,32,32,7050264,0,0,0,0,0,0,0,0,0
201804,29,221,2,4,Washington County             ,0,0,0,0,0,0,0,0,0,0,0,0,0,0,0,0,0,0,0,0,0,0,0,0
201804,29,510,2,4,St. Louis (Independent City)  ,1,1,160000,0,0,0,0,0,0,1,28,3000000,1,1,160000,0,0,0,0,0,0,1,28,3000000
201804,30,033,4,8,Garfield County               ,0,0,0,0,0,0,0,0,0,0,0,0,0,0,0,0,0,0,0,0,0,0,0,0
201804,30,063,4,8,Missoula County               ,39,39,9295394,3,6,552483,0,0,0,0,0,0,39,39,9295394,3,6,552483,0,0,0,0,0,0
201804,30,093,4,8,Silver Bow County             ,7,7,807793,7,14,1225000,7,28,1750000,0,0,0,7,7,807793,7,14,1225000,7,28,1750000,0,0,0
201804,31,001,2,4,Adams County                  ,5,5,1304771,0,0,0,0,0,0,0,0,0,0,0,0,0,0,0,0,0,0,0,0,0
201804,31,025,2,4,Cass County                   ,10,10,1689398,2,4,383724,0,0,0,0,0,0,10,10,1689398,2,4,383724,0,0,0,0,0,0
201804,31,033,2,4,Cheyenne County               ,0,0,0,0,0,0,0,0,0,0,0,0,0,0,0,0,0,0,0,0,0,0,0,0
201804,31,055,2,4,Douglas County                ,139,139,23682982,0,0,0,0,0,0,17,526,32492995,126,126,20613143,0,0,0,0,0,0,17,526,32492995
201804,31,105,2,4,Kimball County                ,0,0,0,0,0,0,0,0,0,0,0,0,0,0,0,0,0,0,0,0,0,0,0,0
201804,31,153,2,4,Sarpy County                  ,103,103,26831556,0,0,0,0,0,0,1,227,13381465,71,71,19024778,0,0,0,0,0,0,1,227,13381465
201804,31,165,2,4,Sioux County                  ,0,0,0,0,0,0,0,0,0,0,0,0,0,0,0,0,0,0,0,0,0,0,0,0
201804,31,177,2,4,Washington County             ,10,10,2488852,0,0,0,0,0,0,0,0,0,10,10,2488852,0,0,0,0,0,0,0,0,0
201804,32,001,4,8,Churchill County              ,6,6,1453025,0,0,0,0,0,0,0,0,0,6,6,1453025,0,0,0,0,0,0,0,0,0
201804,32,003,4,8,Clark County                  ,924,924,231371223,3,6,1049152,0,0,0,0,0,0,924,924,231371223,3,6,1049152,0,0,0,0,0,0
201804,32,005,4,8,Douglas County                ,35,35,15418697,0,0,0,0,0,0,0,0,0,35,35,15418697,0,0,0,0,0,0,0,0,0
201804,32,007,4,8,Elko County                   ,13,13,1941379,0,0,0,0,0,0,0,0,0,13,13,1941379,0,0,0,0,0,0,0,0,0
201804,32,013,4,8,Humboldt County               ,0,0,0,0,0,0,0,0,0,0,0,0,0,0,0,0,0,0,0,0,0,0,0,0
201804,32,015,4,8,Lander County                 ,0,0,0,0,0,0,0,0,0,0,0,0,0,0,0,0,0,0,0,0,0,0,0,0
201804,32,017,4,8,Lincoln County                ,0,0,0,0,0,0,0,0,0,0,0,0,0,0,0,0,0,0,0,0,0,0,0,0
201804,32,019,4,8,Lyon County                   ,21,21,5698824,0,0,0,0,0,0,0,0,0,21,21,5698824,0,0,0,0,0,0,0,0,0
201804,32,021,4,8,Mineral County                ,0,0,0,0,0,0,0,0,0,0,0,0,0,0,0,0,0,0,0,0,0,0,0,0
201804,32,027,4,8,Pershing County               ,0,0,0,0,0,0,0,0,0,0,0,0,0,0,0,0,0,0,0,0,0,0,0,0
201804,32,029,4,8,Storey County                 ,1,1,201908,0,0,0,0,0,0,0,0,0,0,0,0,0,0,0,0,0,0,0,0,0
201804,32,031,4,8,Washoe County                 ,170,170,47752459,1,2,208859,0,0,0,16,299,30992343,135,135,36775595,1,2,208859,0,0,0,16,299,30992343
201804,32,033,4,8,White Pine County             ,1,1,356039,0,0,0,0,0,0,0,0,0,0,0,0,0,0,0,0,0,0,0,0,0
201804,32,510,4,8,Carson City (Independent City),24,24,5736122,0,0,0,0,0,0,1,8,681830,24,24,5736122,0,0,0,0,0,0,1,8,681830
201804,33,015,1,1,Rockingham County             ,54,54,16758807,2,4,816716,0,0,0,1,5,505024,42,42,13738663,1,2,350000,0,0,0,0,0,0
201804,33,017,1,1,Strafford County              ,30,30,5366820,0,0,0,0,0,0,0,0,0,27,27,4896915,0,0,0,0,0,0,0,0,0
201804,34,001,1,2,Atlantic County               ,19,19,3913693,0,0,0,0,0,0,2,20,2493116,16,16,3551441,0,0,0,0,0,0,0,0,0
201804,34,003,1,2,Bergen County                 ,61,61,18469258,9,18,3396389,1,3,995000,4,50,5124679,32,32,10798475,7,14,2841300,1,3,995000,0,0,0
201804,34,005,1,2,Burlington County             ,65,65,9177043,1,2,194429,0,0,0,5,46,4124188,27,27,4761236,0,0,0,0,0,0,1,26,2535079
201804,34,007,1,2,Camden County                 ,17,17,3646462,0,0,0,0,0,0,3,17,1243041,9,9,1919310,0,0,0,0,0,0,0,0,0
201804,34,009,1,2,Cape May County               ,23,23,8793229,3,6,1239800,0,0,0,0,0,0,16,16,6013011,3,6,1239800,0,0,0,0,0,0
201804,34,011,1,2,Cumberland County             ,8,8,969909,0,0,0,0,0,0,0,0,0,3,3,495277,0,0,0,0,0,0,0,0,0
201804,34,013,1,2,Essex County                  ,46,46,7808582,4,8,1003816,1,3,278630,6,234,12931215,25,25,5396816,3,6,889316,0,0,0,3,195,10328270
201804,34,015,1,2,Gloucester County             ,44,44,7566558,0,0,0,0,0,0,1,5,590971,29,29,5979595,0,0,0,0,0,0,0,0,0
201804,34,017,1,2,Hudson County                 ,11,11,1643961,3,6,671200,4,13,1224500,4,86,8978055,10,10,1340300,3,6,671200,4,13,1224500,3,65,4018563
201804,34,019,1,2,Hunterdon County              ,24,24,4421551,0,0,0,0,0,0,1,5,323115,21,21,3944709,0,0,0,0,0,0,0,0,0
201804,34,021,1,2,Mercer County                 ,20,20,3651721,0,0,0,0,0,0,1,8,1128100,20,20,3651721,0,0,0,0,0,0,1,8,1128100
201804,34,023,1,2,Middlesex County              ,62,62,12558968,1,2,320000,0,0,0,10,73,5254733,51,51,10864365,1,2,320000,0,0,0,8,52,4159187
201804,34,025,1,2,Monmouth County               ,83,83,22989565,0,0,0,0,0,0,3,54,3414388,69,69,18671966,0,0,0,0,0,0,3,54,3414388
201804,34,027,1,2,Morris County                 ,50,50,10846516,0,0,0,0,0,0,3,24,3414731,26,26,5155032,0,0,0,0,0,0,1,6,1035000
201804,34,029,1,2,Ocean County                  ,181,181,34225141,1,2,613000,0,0,0,2,81,5010330,171,171,32835323,1,2,613000,0,0,0,1,76,4500000
201804,34,031,1,2,Passaic County                ,5,5,1150206,0,0,0,0,0,0,1,5,227803,1,1,465600,0,0,0,0,0,0,0,0,0
201804,34,033,1,2,Salem County                  ,4,4,660250,0,0,0,0,0,0,0,0,0,3,3,552200,0,0,0,0,0,0,0,0,0
201804,34,035,1,2,Somerset County               ,20,20,4710234,0,0,0,0,0,0,2,10,511088,15,15,4153886,0,0,0,0,0,0,0,0,0
201804,34,037,1,2,Sussex County                 ,12,12,1885757,0,0,0,0,0,0,0,0,0,12,12,1885757,0,0,0,0,0,0,0,0,0
201804,34,039,1,2,Union County                  ,29,29,5985856,6,12,1053900,0,0,0,5,26,1043364,18,18,3982454,6,12,1053900,0,0,0,0,0,0
201804,34,041,1,2,Warren County                 ,3,3,612497,0,0,0,0,0,0,1,5,180544,1,1,209130,0,0,0,0,0,0,0,0,0
201804,35,000,4,8,New Mexico Balance of State   ,34,34,9219128,0,0,0,0,0,0,0,0,0,0,0,0,0,0,0,0,0,0,0,0,0
201804,35,001,4,8,Bernalillo County             ,140,140,30334695,0,0,0,0,0,0,0,0,0,140,140,30334695,0,0,0,0,0,0,0,0,0
201804,35,005,4,8,Chaves County                 ,7,7,1173987,0,0,0,0,0,0,0,0,0,0,0,0,0,0,0,0,0,0,0,0,0
201804,35,007,4,8,Colfax County                 ,2,2,907000,0,0,0,0,0,0,0,0,0,0,0,0,0,0,0,0,0,0,0,0,0
201804,35,009,4,8,Curry County                  ,4,4,1012708,0,0,0,0,0,0,1,5,460938,0,0,0,0,0,0,0,0,0,0,0,0
201804,35,013,4,8,Dona Ana County               ,84,84,18848376,0,0,0,0,0,0,0,0,0,84,84,18848376,0,0,0,0,0,0,0,0,0
201804,35,015,4,8,Eddy County                   ,25,25,6263010,0,0,0,0,0,0,0,0,0,25,25,6263010,0,0,0,0,0,0,0,0,0
201804,35,017,4,8,Grant County                  ,1,1,162507,0,0,0,0,0,0,0,0,0,0,0,0,0,0,0,0,0,0,0,0,0
201804,35,025,4,8,Lea County                    ,9,9,2126926,0,0,0,0,0,0,0,0,0,9,9,2126926,0,0,0,0,0,0,0,0,0
201804,35,027,4,8,Lincoln County                ,7,7,1767530,0,0,0,0,0,0,0,0,0,0,0,0,0,0,0,0,0,0,0,0,0
201804,35,028,4,8,Los Alamos County             ,2,2,581926,0,0,0,0,0,0,0,0,0,0,0,0,0,0,0,0,0,0,0,0,0
201804,35,029,4,8,Luna County                   ,1,1,186608,0,0,0,0,0,0,0,0,0,0,0,0,0,0,0,0,0,0,0,0,0
201804,35,031,4,8,McKinley County               ,0,0,0,0,0,0,0,0,0,0,0,0,0,0,0,0,0,0,0,0,0,0,0,0
201804,35,035,4,8,Otero County                  ,0,0,0,0,0,0,0,0,0,0,0,0,0,0,0,0,0,0,0,0,0,0,0,0
201804,35,041,4,8,Roosevelt County              ,1,1,151019,0,0,0,0,0,0,0,0,0,0,0,0,0,0,0,0,0,0,0,0,0
201804,35,043,4,8,Sandoval County               ,43,43,10100079,0,0,0,0,0,0,1,5,208333,34,34,8165202,0,0,0,0,0,0,0,0,0
201804,35,045,4,8,San Juan County               ,11,11,2591099,2,4,394000,0,0,0,0,0,0,11,11,2591099,2,4,394000,0,0,0,0,0,0
201804,35,047,4,8,San Miguel County             ,0,0,0,0,0,0,0,0,0,0,0,0,0,0,0,0,0,0,0,0,0,0,0,0
201804,35,049,4,8,Santa Fe County               ,25,25,5964441,0,0,0,0,0,0,0,0,0,25,25,5964441,0,0,0,0,0,0,0,0,0
201804,35,051,4,8,Sierra County                 ,0,0,0,0,0,0,0,0,0,0,0,0,0,0,0,0,0,0,0,0,0,0,0,0
201804,35,053,4,8,Socorro County                ,0,0,0,0,0,0,0,0,0,0,0,0,0,0,0,0,0,0,0,0,0,0,0,0
201804,35,055,4,8,Taos County                   ,8,8,877246,0,0,0,0,0,0,0,0,0,0,0,0,0,0,0,0,0,0,0,0,0
201804,35,061,4,8,Valencia County               ,11,11,1192532,0,0,0,0,0,0,0,0,0,0,0,0,0,0,0,0,0,0,0,0,0
201804,36,001,1,2,Albany County                 ,14,14,3206535,1,2,100000,0,0,0,1,5,820253,12,12,2699012,1,2,100000,0,0,0,0,0,0
201804,36,005,1,2,Bronx County                  ,0,0,0,0,0,0,0,0,0,6,255,33189091,0,0,0,0,0,0,0,0,0,6,255,33189091
201804,36,029,1,2,Erie County                   ,78,78,23394857,1,2,322560,0,0,0,3,48,4516853,56,56,15588752,1,2,322560,0,0,0,2,41,2950000
201804,36,047,1,2,Kings County                  ,3,3,798061,10,20,2964386,6,19,2361844,24,293,38134916,3,3,798061,10,20,2964386,6,19,2361844,24,293,38134916
201804,36,051,1,2,Livingston County             ,2,2,300115,0,0,0,0,0,0,1,5,312500,1,1,160000,0,0,0,0,0,0,0,0,0
201804,36,055,1,2,Monroe County                 ,73,73,13889489,1,2,378900,0,0,0,1,6,643371,58,58,11714310,0,0,0,0,0,0,0,0,0
201804,36,059,1,2,Nassau County                 ,80,80,35417216,0,0,0,0,0,0,4,25,16022088,30,30,22226421,0,0,0,0,0,0,2,15,13942630
201804,36,061,1,2,New York County               ,0,0,0,0,0,0,0,0,0,3,38,4945825,0,0,0,0,0,0,0,0,0,3,38,4945825
201804,36,063,1,2,Niagara County                ,12,12,4310255,0,0,0,0,0,0,1,16,1500000,5,5,2585000,0,0,0,0,0,0,1,16,1500000
201804,36,069,1,2,Ontario County                ,29,29,7520678,0,0,0,0,0,0,12,96,14254944,27,27,7245270,0,0,0,0,0,0,12,96,14254944
201804,36,073,1,2,Orleans County                ,2,2,258750,0,0,0,0,0,0,0,0,0,1,1,100000,0,0,0,0,0,0,0,0,0
201804,36,079,1,2,Putnam County                 ,2,2,632267,0,0,0,0,0,0,0,0,0,1,1,425000,0,0,0,0,0,0,0,0,0
201804,36,081,1,2,Queens County                 ,10,10,2660204,11,22,3260825,4,12,1491691,13,274,35662003,10,10,2660204,11,22,3260825,4,12,1491691,13,274,35662003
201804,36,083,1,2,Rensselaer County             ,8,8,2075885,0,0,0,3,12,1120683,0,0,0,5,5,1226100,0,0,0,3,12,1120683,0,0,0
201804,36,085,1,2,Richmond County               ,19,19,5054388,8,16,2371509,0,0,0,0,0,0,19,19,5054388,8,16,2371509,0,0,0,0,0,0
201804,36,087,1,2,Rockland County               ,5,5,1964298,3,6,967003,2,6,1077533,2,10,1410307,3,3,1290000,1,2,449800,1,3,750000,0,0,0
201804,36,091,1,2,Saratoga County               ,69,69,18812039,0,0,0,0,0,0,3,15,1567466,47,47,11782558,0,0,0,0,0,0,0,0,0
201804,36,093,1,2,Schenectady County            ,4,4,555293,0,0,0,0,0,0,0,0,0,1,1,75000,0,0,0,0,0,0,0,0,0
201804,36,095,1,2,Schoharie County              ,2,2,282500,0,0,0,0,0,0,0,0,0,1,1,150000,0,0,0,0,0,0,0,0,0
201804,36,099,1,2,Seneca County                 ,3,3,798061,0,0,0,0,0,0,0,0,0,3,3,798061,0,0,0,0,0,0,0,0,0
201804,36,117,1,2,Wayne County                  ,9,9,1592821,0,0,0,0,0,0,0,0,0,7,7,1221000,0,0,0,0,0,0,0,0,0
201804,36,119,1,2,Westchester County            ,30,30,14203374,2,4,400000,1,3,120000,1,7,1198203,21,21,9951890,2,4,400000,0,0,0,0,0,0
201804,37,007,3,5,Anson County                  ,4,4,599460,0,0,0,0,0,0,0,0,0,0,0,0,0,0,0,0,0,0,0,0,0
201804,37,011,3,5,Avery County                  ,11,11,5557835,0,0,0,2,8,1200000,0,0,0,11,11,5557835,0,0,0,2,8,1200000,0,0,0
201804,37,015,3,5,Bertie County                 ,0,0,0,0,0,0,0,0,0,0,0,0,0,0,0,0,0,0,0,0,0,0,0,0
201804,37,025,3,5,Cabarrus County               ,200,200,35370391,0,0,0,0,0,0,0,0,0,200,200,35370391,0,0,0,0,0,0,0,0,0
201804,37,033,3,5,Caswell County                ,8,8,1685000,0,0,0,0,0,0,0,0,0,8,8,1685000,0,0,0,0,0,0,0,0,0
201804,37,037,3,5,Chatham County                ,56,56,14289603,0,0,0,0,0,0,0,0,0,56,56,14289603,0,0,0,0,0,0,0,0,0
201804,37,051,3,5,Cumberland County             ,52,52,9414054,3,6,1029612,0,0,0,0,0,0,52,52,9414054,3,6,1029612,0,0,0,0,0,0
201804,37,053,3,5,Currituck County              ,45,45,10646714,0,0,0,0,0,0,0,0,0,45,45,10646714,0,0,0,0,0,0,0,0,0
201804,37,059,3,5,Davie County                  ,14,14,3353817,0,0,0,0,0,0,1,10,451183,0,0,0,0,0,0,0,0,0,0,0,0
201804,37,063,3,5,Durham County                 ,188,188,36226291,0,0,0,0,0,0,4,134,10674623,0,0,0,0,0,0,0,0,0,0,0,0
201804,37,069,3,5,Franklin County               ,58,58,10137358,12,24,1945000,0,0,0,0,0,0,58,58,10137358,12,24,1945000,0,0,0,0,0,0
201804,37,071,3,5,Gaston County                 ,128,128,34586401,1,2,219338,0,0,0,1,100,9965916,128,128,34586401,1,2,219338,0,0,0,1,100,9965916
201804,37,081,3,5,Guilford County               ,163,163,37569269,0,0,0,0,0,0,2,66,5320139,163,163,37569269,0,0,0,0,0,0,2,66,5320139
201804,37,089,3,5,Henderson County              ,49,49,10250707,0,0,0,0,0,0,6,120,8200000,49,49,10250707,0,0,0,0,0,0,6,120,8200000
201804,37,093,3,5,Hoke County                   ,31,31,7328614,0,0,0,0,0,0,0,0,0,31,31,7328614,0,0,0,0,0,0,0,0,0
201804,37,097,3,5,Iredell County                ,114,114,33216172,0,0,0,0,0,0,7,150,16357152,114,114,33216172,0,0,0,0,0,0,7,150,16357152
201804,37,101,3,5,Johnston County               ,250,250,42433164,0,0,0,0,0,0,0,0,0,245,245,41563933,0,0,0,0,0,0,0,0,0
201804,37,105,3,5,Lee County                    ,13,13,3150680,0,0,0,0,0,0,0,0,0,13,13,3150680,0,0,0,0,0,0,0,0,0
201804,37,119,3,5,Mecklenburg County            ,551,551,130260205,0,0,0,0,0,0,3,156,24904006,551,551,130260205,0,0,0,0,0,0,3,156,24904006
201804,37,133,3,5,Onslow County                 ,88,88,13181515,2,4,429520,0,0,0,0,0,0,88,88,13181515,2,4,429520,0,0,0,0,0,0
201804,37,135,3,5,Orange County                 ,40,40,11856391,3,6,1051596,0,0,0,2,316,54450000,40,40,11856391,3,6,1051596,0,0,0,2,316,54450000
201804,37,145,3,5,Person County                 ,9,9,1721500,0,0,0,0,0,0,0,0,0,9,9,1721500,0,0,0,0,0,0,0,0,0
201804,37,151,3,5,Randolph County               ,40,40,8383073,10,20,800000,0,0,0,0,0,0,40,40,8383073,10,20,800000,0,0,0,0,0,0
201804,37,157,3,5,Rockingham County             ,13,13,3383166,0,0,0,0,0,0,0,0,0,13,13,3383166,0,0,0,0,0,0,0,0,0
201804,37,179,3,5,Union County                  ,142,142,31741671,0,0,0,0,0,0,0,0,0,142,142,31741671,0,0,0,0,0,0,0,0,0
201804,37,181,3,5,Vance County                  ,0,0,0,0,0,0,0,0,0,0,0,0,0,0,0,0,0,0,0,0,0,0,0,0
201804,37,183,3,5,Wake County                   ,714,714,157804314,1,2,374324,0,0,0,8,441,49809435,652,652,144626974,1,2,374324,0,0,0,8,441,49809435
201804,37,195,3,5,Wilson County                 ,8,8,1492929,0,0,0,0,0,0,0,0,0,8,8,1492929,0,0,0,0,0,0,0,0,0
201804,39,007,2,3,Ashtabula County              ,7,7,1283851,1,2,160841,0,0,0,0,0,0,0,0,0,0,0,0,0,0,0,0,0,0
201804,39,015,2,3,Brown County                  ,4,4,1034053,0,0,0,0,0,0,0,0,0,4,4,1034053,0,0,0,0,0,0,0,0,0
201804,39,017,2,3,Butler County                 ,72,72,15716171,0,0,0,0,0,0,0,0,0,15,15,2402127,0,0,0,0,0,0,0,0,0
201804,39,025,2,3,Clermont County               ,41,41,9738176,0,0,0,2,6,388000,0,0,0,41,41,9738176,0,0,0,2,6,388000,0,0,0
201804,39,041,2,3,Delaware County               ,81,81,21919418,0,0,0,0,0,0,1,12,1472733,76,76,19937800,0,0,0,0,0,0,0,0,0
201804,39,049,2,3,Franklin County               ,124,124,33435280,0,0,0,1,4,180000,3,278,33695000,112,112,29628798,0,0,0,1,4,180000,3,278,33695000
201804,39,055,2,3,Geauga County                 ,12,12,3901505,0,0,0,0,0,0,0,0,0,12,12,3901505,0,0,0,0,0,0,0,0,0
201804,39,085,2,3,Lake County                   ,36,36,6169346,0,0,0,0,0,0,0,0,0,36,36,6169346,0,0,0,0,0,0,0,0,0
201804,39,089,2,3,Licking County                ,25,25,6600798,0,0,0,0,0,0,0,0,0,0,0,0,0,0,0,0,0,0,0,0,0
201804,39,093,2,3,Lorain County                 ,76,76,17889188,1,2,300118,1,4,400000,0,0,0,42,42,10337369,1,2,300118,1,4,400000,0,0,0
201804,39,097,2,3,Madison County                ,8,8,1960566,0,0,0,0,0,0,0,0,0,7,7,1885566,0,0,0,0,0,0,0,0,0
201804,39,103,2,3,Medina County                 ,68,68,18763861,0,0,0,0,0,0,0,0,0,68,68,18763861,0,0,0,0,0,0,0,0,0
201804,39,117,2,3,Morrow County                 ,5,5,783513,0,0,0,0,0,0,0,0,0,5,5,783513,0,0,0,0,0,0,0,0,0
201804,39,159,2,3,Union County                  ,51,51,13184173,0,0,0,0,0,0,0,0,0,51,51,13184173,0,0,0,0,0,0,0,0,0
201804,39,165,2,3,Warren County                 ,91,91,25726408,0,0,0,1,4,920235,1,7,595000,73,73,20997312,0,0,0,1,4,920235,1,7,595000
201804,40,001,3,7,Adair County                  ,0,0,0,0,0,0,0,0,0,0,0,0,0,0,0,0,0,0,0,0,0,0,0,0
201804,40,017,3,7,Canadian County               ,26,26,5679594,1,2,95750,0,0,0,0,0,0,17,17,3699700,0,0,0,0,0,0,0,0,0
201804,40,021,3,7,Cherokee County               ,6,6,787429,1,2,130000,0,0,0,0,0,0,0,0,0,0,0,0,0,0,0,0,0,0
201804,40,027,3,7,Cleveland County              ,95,95,22569809,0,0,0,2,7,595000,0,0,0,95,95,22569809,0,0,0,2,7,595000,0,0,0
201804,40,029,3,7,Coal County                   ,0,0,0,0,0,0,0,0,0,0,0,0,0,0,0,0,0,0,0,0,0,0,0,0
201804,40,037,3,7,Creek County                  ,5,5,1380814,0,0,0,0,0,0,0,0,0,5,5,1380814,0,0,0,0,0,0,0,0,0
201804,40,051,3,7,Grady County                  ,43,43,5097941,0,0,0,0,0,0,0,0,0,36,36,3600000,0,0,0,0,0,0,0,0,0
201804,40,055,3,7,Greer County                  ,0,0,0,0,0,0,0,0,0,0,0,0,0,0,0,0,0,0,0,0,0,0,0,0
201804,40,081,3,7,Lincoln County                ,0,0,0,0,0,0,0,0,0,0,0,0,0,0,0,0,0,0,0,0,0,0,0,0
201804,40,083,3,7,Logan County                  ,2,2,306000,0,0,0,0,0,0,0,0,0,2,2,306000,0,0,0,0,0,0,0,0,0
201804,40,087,3,7,McClain County                ,27,27,5058860,0,0,0,0,0,0,0,0,0,21,21,3702370,0,0,0,0,0,0,0,0,0
201804,40,109,3,7,Oklahoma County               ,378,378,91760894,3,6,598000,0,0,0,0,0,0,354,354,87939465,3,6,598000,0,0,0,0,0,0
201804,40,111,3,7,Okmulgee County               ,2,2,220000,0,0,0,0,0,0,0,0,0,2,2,220000,0,0,0,0,0,0,0,0,0
201804,40,113,3,7,Osage County                  ,10,10,2125000,0,0,0,0,0,0,0,0,0,10,10,2125000,0,0,0,0,0,0,0,0,0
201804,40,117,3,7,Pawnee County                 ,0,0,0,0,0,0,0,0,0,0,0,0,0,0,0,0,0,0,0,0,0,0,0,0
201804,40,131,3,7,Rogers County                 ,38,38,5999838,0,0,0,0,0,0,0,0,0,36,36,5816505,0,0,0,0,0,0,0,0,0
201804,40,143,3,7,Tulsa County                  ,192,192,45414926,0,0,0,1,4,282040,0,0,0,170,170,39799410,0,0,0,1,4,282040,0,0,0
201804,40,145,3,7,Wagoner County                ,27,27,7368358,0,0,0,0,0,0,0,0,0,27,27,7368358,0,0,0,0,0,0,0,0,0
201804,41,000,4,9,Oregon Balance of State       ,14,14,1552974,0,0,0,0,0,0,0,0,0,0,0,0,0,0,0,0,0,0,0,0,0
201804,41,005,4,9,Clackamas County              ,110,110,32733029,0,0,0,0,0,0,2,53,8093351,100,100,27458841,0,0,0,0,0,0,1,47,7220849
201804,41,017,4,9,Deschutes County              ,144,144,38253353,3,6,1189775,0,0,0,0,0,0,113,113,30500111,2,4,796089,0,0,0,0,0,0
201804,41,019,4,9,Douglas County                ,31,31,8000791,0,0,0,0,0,0,0,0,0,31,31,8000791,0,0,0,0,0,0,0,0,0
201804,41,025,4,9,Harney County                 ,0,0,0,0,0,0,0,0,0,0,0,0,0,0,0,0,0,0,0,0,0,0,0,0
201804,41,035,4,9,Klamath County                ,13,13,3392357,0,0,0,0,0,0,0,0,0,13,13,3392357,0,0,0,0,0,0,0,0,0
201804,41,051,4,9,Multnomah County              ,118,118,31462094,6,12,2107041,1,4,285000,9,540,70519954,118,118,31462094,6,12,2107041,1,4,285000,9,540,70519954
201804,41,067,4,9,Washington County             ,87,87,27732894,1,2,282332,0,0,0,5,77,9792596,85,85,27255331,1,2,282332,0,0,0,5,77,9792596
201804,41,071,4,9,Yamhill County                ,28,28,7485213,0,0,0,0,0,0,0,0,0,13,13,3969347,0,0,0,0,0,0,0,0,0
201804,42,001,1,2,Adams County                  ,20,20,4090693,0,0,0,0,0,0,0,0,0,0,0,0,0,0,0,0,0,0,0,0,0
201804,42,017,1,2,Bucks County                  ,85,85,21309414,0,0,0,0,0,0,0,0,0,62,62,16314892,0,0,0,0,0,0,0,0,0
201804,42,029,1,2,Chester County                ,123,123,28775734,0,0,0,1,3,386888,5,241,31183552,109,109,25552826,0,0,0,0,0,0,5,241,31183552
201804,42,037,1,2,Columbia County               ,5,5,1628834,0,0,0,0,0,0,1,64,8434057,3,3,568900,0,0,0,0,0,0,1,64,8434057
201804,42,041,1,2,Cumberland County             ,63,63,14303096,0,0,0,1,4,486620,0,0,0,37,37,7865561,0,0,0,1,4,486620,0,0,0
201804,42,043,1,2,Dauphin County                ,33,33,6092762,0,0,0,0,0,0,6,156,14691055,28,28,4859611,0,0,0,0,0,0,6,156,14691055
201804,42,045,1,2,Delaware County               ,24,24,6700029,0,0,0,2,8,100000,0,0,0,3,3,1005000,0,0,0,2,8,100000,0,0,0
201804,42,055,1,2,Franklin County               ,29,29,5137935,0,0,0,0,0,0,1,5,487529,13,13,2703763,0,0,0,0,0,0,0,0,0
201804,42,065,1,2,Jefferson County              ,4,4,906051,0,0,0,0,0,0,0,0,0,4,4,906051,0,0,0,0,0,0,0,0,0
201804,42,091,1,2,Montgomery County             ,55,55,14959437,1,2,396810,1,4,781120,2,20,2474051,39,39,10916223,1,2,396810,1,4,781120,0,0,0
201804,42,093,1,2,Montour County                ,1,1,240053,0,0,0,0,0,0,0,0,0,0,0,0,0,0,0,0,0,0,0,0,0
201804,42,099,1,2,Perry County                  ,7,7,1770238,0,0,0,0,0,0,0,0,0,0,0,0,0,0,0,0,0,0,0,0,0
201804,42,101,1,2,Philadelphia County           ,63,63,16713388,8,16,2661376,7,22,2772625,6,91,12333416,0,0,0,0,0,0,0,0,0,0,0,0
201804,42,103,1,2,Pike County                   ,10,10,3162512,0,0,0,0,0,0,0,0,0,9,9,2904400,0,0,0,0,0,0,0,0,0
201804,44,001,1,1,Bristol County                ,2,2,406084,0,0,0,0,0,0,0,0,0,0,0,0,0,0,0,0,0,0,0,0,0
201804,44,003,1,1,Kent County                   ,15,15,2260069,5,10,1183745,0,0,0,0,0,0,14,14,1976030,5,10,1183745,0,0,0,0,0,0
201804,44,005,1,1,Newport County                ,15,15,4346401,0,0,0,0,0,0,0,0,0,10,10,3138499,0,0,0,0,0,0,0,0,0
201804,44,007,1,1,Providence County             ,22,22,3885605,1,2,180000,0,0,0,0,0,0,14,14,2748505,0,0,0,0,0,0,0,0,0
201804,44,009,1,1,Washington County             ,21,21,6939412,0,0,0,0,0,0,1,6,400000,12,12,4483215,0,0,0,0,0,0,0,0,0
201804,45,003,3,5,Aiken County                  ,70,70,14416546,0,0,0,0,0,0,0,0,0,70,70,14416546,0,0,0,0,0,0,0,0,0
201804,45,009,3,5,Bamberg County                ,1,1,215000,0,0,0,0,0,0,0,0,0,1,1,215000,0,0,0,0,0,0,0,0,0
201804,45,015,3,5,Berkeley County               ,141,141,38895866,0,0,0,0,0,0,1,38,896499,26,26,8435997,0,0,0,0,0,0,0,0,0
201804,45,017,3,5,Calhoun County                ,1,1,290000,0,0,0,0,0,0,0,0,0,1,1,290000,0,0,0,0,0,0,0,0,0
201804,45,019,3,5,Charleston County             ,232,232,68605202,0,0,0,0,0,0,6,140,10325183,95,95,48567664,0,0,0,0,0,0,0,0,0
201804,45,035,3,5,Dorchester County             ,44,44,15584000,0,0,0,0,0,0,0,0,0,44,44,15584000,0,0,0,0,0,0,0,0,0
201804,45,037,3,5,Edgefield County              ,7,7,1457972,0,0,0,0,0,0,0,0,0,7,7,1457972,0,0,0,0,0,0,0,0,0
201804,45,039,3,5,Fairfield County              ,5,5,1142031,0,0,0,0,0,0,0,0,0,0,0,0,0,0,0,0,0,0,0,0,0
201804,45,045,3,5,Greenville County             ,331,331,167159576,1,2,500000,0,0,0,4,55,2684976,329,329,166835485,1,2,500000,0,0,0,3,50,2508600
201804,45,051,3,5,Horry County                  ,358,358,63728289,0,0,0,0,0,0,2,21,1354075,328,328,56152873,0,0,0,0,0,0,1,16,1104075
201804,45,055,3,5,Kershaw County                ,25,25,3974909,0,0,0,0,0,0,0,0,0,25,25,3974909,0,0,0,0,0,0,0,0,0
201804,45,059,3,5,Laurens County                ,8,8,1467912,0,0,0,0,0,0,0,0,0,8,8,1467912,0,0,0,0,0,0,0,0,0
201804,45,063,3,5,Lexington County              ,159,159,40452059,0,0,0,0,0,0,0,0,0,19,19,4458273,0,0,0,0,0,0,0,0,0
201804,45,077,3,5,Pickens County                ,44,44,12404782,0,0,0,0,0,0,1,21,2565263,22,22,7491097,0,0,0,0,0,0,0,0,0
201804,45,079,3,5,Richland County               ,198,198,28074857,1,2,267117,0,0,0,2,42,2370596,0,0,0,0,0,0,0,0,0,0,0,0
201804,45,081,3,5,Saluda County                 ,4,4,982070,0,0,0,0,0,0,0,0,0,0,0,0,0,0,0,0,0,0,0,0,0
201804,45,085,3,5,Sumter County                 ,22,22,2982892,0,0,0,0,0,0,0,0,0,0,0,0,0,0,0,0,0,0,0,0,0
201804,45,091,3,5,York County                   ,223,223,72798756,0,0,0,0,0,0,2,37,3859826,25,25,6771415,0,0,0,0,0,0,0,0,0
201804,46,007,2,4,Bennett County                ,2,2,130000,0,0,0,0,0,0,0,0,0,2,2,130000,0,0,0,0,0,0,0,0,0
201804,46,055,2,4,Haakon County                 ,0,0,0,0,0,0,0,0,0,0,0,0,0,0,0,0,0,0,0,0,0,0,0,0
201804,46,071,2,4,Jackson County                ,0,0,0,0,0,0,0,0,0,0,0,0,0,0,0,0,0,0,0,0,0,0,0,0
201804,46,111,2,4,Sanborn County                ,0,0,0,0,0,0,0,0,0,0,0,0,0,0,0,0,0,0,0,0,0,0,0,0
201804,47,001,3,6,Anderson County               ,20,20,5325274,0,0,0,0,0,0,0,0,0,20,20,5325274,0,0,0,0,0,0,0,0,0
201804,47,015,3,6,Cannon County                 ,2,2,252380,0,0,0,0,0,0,0,0,0,0,0,0,0,0,0,0,0,0,0,0,0
201804,47,021,3,6,Cheatham County               ,21,21,5956407,0,0,0,0,0,0,0,0,0,21,21,5956407,0,0,0,0,0,0,0,0,0
201804,47,037,3,6,Davidson County               ,309,309,81460723,0,0,0,0,0,0,0,0,0,308,308,80245445,0,0,0,0,0,0,0,0,0
201804,47,043,3,6,Dickson County                ,30,30,5642250,0,0,0,0,0,0,0,0,0,8,8,1359407,0,0,0,0,0,0,0,0,0
201804,47,049,3,6,Fentress County               ,0,0,0,0,0,0,0,0,0,0,0,0,0,0,0,0,0,0,0,0,0,0,0,0
201804,47,081,3,6,Hickman County                ,7,7,1243453,0,0,0,0,0,0,0,0,0,0,0,0,0,0,0,0,0,0,0,0,0
201804,47,093,3,6,Knox County                   ,212,212,43245314,0,0,0,11,44,6010281,6,268,28210546,77,77,14501177,0,0,0,11,44,6010281,4,200,22739374
201804,47,105,3,6,Loudon County                 ,26,26,6105660,0,0,0,0,0,0,0,0,0,22,22,5433006,0,0,0,0,0,0,0,0,0
201804,47,125,3,6,Montgomery County             ,152,152,26050105,0,0,0,2,7,450000,0,0,0,152,152,26050105,0,0,0,2,7,450000,0,0,0
201804,47,139,3,6,Polk County                   ,18,18,3242233,0,0,0,0,0,0,0,0,0,0,0,0,0,0,0,0,0,0,0,0,0
201804,47,149,3,6,Rutherford County             ,323,323,77035019,0,0,0,0,0,0,0,0,0,316,316,75794772,0,0,0,0,0,0,0,0,0
201804,47,153,3,6,Sequatchie County             ,4,4,392000,0,0,0,0,0,0,0,0,0,4,4,392000,0,0,0,0,0,0,0,0,0
201804,47,157,3,6,Shelby County                 ,100,100,25278077,0,0,0,0,0,0,1,86,24390873,100,100,25278077,0,0,0,0,0,0,1,86,24390873
201804,47,159,3,6,Smith County                  ,15,15,2494510,0,0,0,0,0,0,0,0,0,14,14,2296534,0,0,0,0,0,0,0,0,0
201804,47,161,3,6,Stewart County                ,0,0,0,0,0,0,0,0,0,0,0,0,0,0,0,0,0,0,0,0,0,0,0,0
201804,47,165,3,6,Sumner County                 ,123,123,29771739,0,0,0,0,0,0,0,0,0,114,114,27645196,0,0,0,0,0,0,0,0,0
201804,47,167,3,6,Tipton County                 ,20,20,3935677,0,0,0,0,0,0,0,0,0,12,12,2854755,0,0,0,0,0,0,0,0,0
201804,47,169,3,6,Trousdale County              ,5,5,930000,0,0,0,2,8,462000,0,0,0,5,5,930000,0,0,0,2,8,462000,0,0,0
201804,47,173,3,6,Union County                  ,10,10,1500000,0,0,0,0,0,0,0,0,0,10,10,1500000,0,0,0,0,0,0,0,0,0
201804,47,175,3,6,Van Buren County              ,1,1,100000,0,0,0,0,0,0,0,0,0,1,1,100000,0,0,0,0,0,0,0,0,0
201804,47,189,3,6,Wilson County                 ,129,129,33429423,0,0,0,0,0,0,0,0,0,80,80,18746178,0,0,0,0,0,0,0,0,0
201804,48,013,3,7,Atascosa County               ,6,6,1100483,0,0,0,0,0,0,0,0,0,4,4,792400,0,0,0,0,0,0,0,0,0
201804,48,015,3,7,Austin County                 ,2,2,392224,0,0,0,0,0,0,0,0,0,0,0,0,0,0,0,0,0,0,0,0,0
201804,48,019,3,7,Bandera County                ,0,0,0,0,0,0,0,0,0,0,0,0,0,0,0,0,0,0,0,0,0,0,0,0
201804,48,021,3,7,Bastrop County                ,14,14,2237011,0,0,0,0,0,0,0,0,0,10,10,1795626,0,0,0,0,0,0,0,0,0
201804,48,025,3,7,Bee County                    ,1,1,99168,0,0,0,0,0,0,0,0,0,0,0,0,0,0,0,0,0,0,0,0,0
201804,48,027,3,7,Bell County                   ,193,193,38568743,10,20,1220840,0,0,0,0,0,0,193,193,38568743,10,20,1220840,0,0,0,0,0,0
201804,48,029,3,7,Bexar County                  ,329,329,70120318,2,4,159900,0,0,0,1,7,1491694,282,282,64025399,2,4,159900,0,0,0,0,0,0
201804,48,051,3,7,Burleson County               ,0,0,0,0,0,0,0,0,0,0,0,0,0,0,0,0,0,0,0,0,0,0,0,0
201804,48,055,3,7,Caldwell County               ,27,27,4945172,1,2,180000,0,0,0,0,0,0,3,3,192000,0,0,0,0,0,0,0,0,0
201804,48,085,3,7,Collin County                 ,841,841,255834887,0,0,0,0,0,0,2,490,122755250,678,678,191352044,0,0,0,0,0,0,2,490,122755250
201804,48,091,3,7,Comal County                  ,192,192,45450751,0,0,0,0,0,0,0,0,0,190,190,44834856,0,0,0,0,0,0,0,0,0
201804,48,099,3,7,Coryell County                ,14,14,2032409,3,6,434449,0,0,0,0,0,0,2,2,281000,2,4,284360,0,0,0,0,0,0
201804,48,107,3,7,Crosby County                 ,0,0,0,0,0,0,0,0,0,0,0,0,0,0,0,0,0,0,0,0,0,0,0,0
201804,48,113,3,7,Dallas County                 ,340,340,112296201,10,20,5701488,1,4,800000,45,2446,275400502,315,315,99925752,10,20,5701488,1,4,800000,39,2241,261932195
201804,48,119,3,7,Delta County                  ,1,1,236407,0,0,0,0,0,0,0,0,0,1,1,236407,0,0,0,0,0,0,0,0,0
201804,48,135,3,7,Ector County                  ,73,73,14322457,5,10,702270,0,0,0,0,0,0,73,73,14322457,5,10,702270,0,0,0,0,0,0
201804,48,139,3,7,Ellis County                  ,186,186,43400328,1,2,127216,0,0,0,11,249,22212924,130,130,31623210,1,2,127216,0,0,0,10,236,20000000
201804,48,141,3,7,El Paso County                ,233,233,49157944,3,6,581042,5,20,2208685,3,76,8791535,0,0,0,0,0,0,0,0,0,0,0,0
201804,48,157,3,7,Fort Bend County              ,803,803,57622682,0,0,0,0,0,0,1,5,391292,161,161,48961708,0,0,0,0,0,0,0,0,0
201804,48,167,3,7,Galveston County              ,218,218,50509923,0,0,0,0,0,0,0,0,0,182,182,42660006,0,0,0,0,0,0,0,0,0
201804,48,185,3,7,Grimes County                 ,1,1,30000,0,0,0,0,0,0,0,0,0,1,1,30000,0,0,0,0,0,0,0,0,0
201804,48,187,3,7,Guadalupe County              ,85,85,21501971,0,0,0,0,0,0,0,0,0,85,85,21501971,0,0,0,0,0,0,0,0,0
201804,48,193,3,7,Hamilton County               ,1,1,80000,0,0,0,0,0,0,0,0,0,0,0,0,0,0,0,0,0,0,0,0,0
201804,48,195,3,7,Hansford County               ,0,0,0,0,0,0,0,0,0,0,0,0,0,0,0,0,0,0,0,0,0,0,0,0
201804,48,201,3,7,Harris County                 ,1713,1713,326032644,8,16,1914413,2,8,496914,44,1721,183280462,1691,1691,313163987,8,16,1914413,2,8,496914,44,1721,183280462
201804,48,211,3,7,Hemphill County               ,0,0,0,0,0,0,0,0,0,0,0,0,0,0,0,0,0,0,0,0,0,0,0,0
201804,48,215,3,7,Hidalgo County                ,280,280,56306632,7,14,925411,28,109,8619790,4,172,15370861,145,145,29086905,4,8,592296,14,55,2923860,1,104,9400000
201804,48,233,3,7,Hutchinson County             ,0,0,0,0,0,0,0,0,0,0,0,0,0,0,0,0,0,0,0,0,0,0,0,0
201804,48,251,3,7,Johnson County                ,34,34,9585937,0,0,0,0,0,0,0,0,0,30,30,8872821,0,0,0,0,0,0,0,0,0
201804,48,257,3,7,Kaufman County                ,89,89,16335842,0,0,0,0,0,0,24,320,25000000,81,81,14888115,0,0,0,0,0,0,24,320,25000000
201804,48,259,3,7,Kendall County                ,39,39,9604318,0,0,0,0,0,0,0,0,0,39,39,9604318,0,0,0,0,0,0,0,0,0
201804,48,271,3,7,Kinney County                 ,0,0,0,0,0,0,0,0,0,0,0,0,0,0,0,0,0,0,0,0,0,0,0,0
201804,48,281,3,7,Lampasas County               ,0,0,0,0,0,0,0,0,0,0,0,0,0,0,0,0,0,0,0,0,0,0,0,0
201804,48,291,3,7,Liberty County                ,53,53,5728346,0,0,0,0,0,0,0,0,0,9,9,1606425,0,0,0,0,0,0,0,0,0
201804,48,303,3,7,Lubbock County                ,93,93,21667950,0,0,0,0,0,0,0,0,0,92,92,21494950,0,0,0,0,0,0,0,0,0
201804,48,323,3,7,Maverick County               ,5,5,1269547,0,0,0,0,0,0,0,0,0,5,5,1269547,0,0,0,0,0,0,0,0,0
201804,48,325,3,7,Medina County                 ,4,4,709480,0,0,0,0,0,0,0,0,0,2,2,283450,0,0,0,0,0,0,0,0,0
201804,48,329,3,7,Midland County                ,64,64,12538780,0,0,0,0,0,0,0,0,0,64,64,12538780,0,0,0,0,0,0,0,0,0
201804,48,339,3,7,Montgomery County             ,510,510,113558478,0,0,0,4,16,1300940,0,0,0,499,499,111267428,0,0,0,4,16,1300940,0,0,0
201804,48,367,3,7,Parker County                 ,24,24,5666006,0,0,0,0,0,0,0,0,0,20,20,4691192,0,0,0,0,0,0,0,0,0
201804,48,375,3,7,Potter County                 ,45,45,11168834,0,0,0,0,0,0,0,0,0,45,45,11168834,0,0,0,0,0,0,0,0,0
201804,48,383,3,7,Reagan County                 ,0,0,0,0,0,0,0,0,0,0,0,0,0,0,0,0,0,0,0,0,0,0,0,0
201804,48,385,3,7,Real County                   ,0,0,0,0,0,0,0,0,0,0,0,0,0,0,0,0,0,0,0,0,0,0,0,0
201804,48,395,3,7,Robertson County              ,8,8,1891255,0,0,0,0,0,0,0,0,0,8,8,1891255,0,0,0,0,0,0,0,0,0
201804,48,397,3,7,Rockwall County               ,79,79,24974952,0,0,0,0,0,0,0,0,0,50,50,17911691,0,0,0,0,0,0,0,0,0
201804,48,407,3,7,San Jacinto County            ,35,35,7638077,0,0,0,0,0,0,0,0,0,0,0,0,0,0,0,0,0,0,0,0,0
201804,48,411,3,7,San Saba County               ,0,0,0,0,0,0,0,0,0,0,0,0,0,0,0,0,0,0,0,0,0,0,0,0
201804,48,451,3,7,Tom Green County              ,31,31,4865906,0,0,0,0,0,0,0,0,0,31,31,4865906,0,0,0,0,0,0,0,0,0
201804,48,453,3,7,Travis County                 ,907,907,214715584,0,0,0,0,0,0,47,1382,109634467,894,894,210312770,0,0,0,0,0,0,47,1382,109634467
201804,48,473,3,7,Waller County                 ,0,0,0,0,0,0,0,0,0,2,10,221806,0,0,0,0,0,0,0,0,0,0,0,0
201804,48,491,3,7,Williamson County             ,442,442,118301761,1,2,272000,0,0,0,0,0,0,416,416,112134408,1,2,272000,0,0,0,0,0,0
201804,48,493,3,7,Wilson County                 ,5,5,1012512,0,0,0,0,0,0,0,0,0,0,0,0,0,0,0,0,0,0,0,0,0
201804,48,497,3,7,Wise County                   ,7,7,1381869,0,0,0,0,0,0,0,0,0,4,4,690197,0,0,0,0,0,0,0,0,0
201804,49,011,4,8,Davis County                  ,120,120,33041215,1,2,290000,7,24,3091649,2,10,1108475,108,108,29638211,1,2,290000,6,20,2352795,0,0,0
201804,49,023,4,8,Juab County                   ,8,8,2236133,0,0,0,0,0,0,0,0,0,8,8,2236133,0,0,0,0,0,0,0,0,0
201804,49,029,4,8,Morgan County                 ,4,4,1393538,0,0,0,0,0,0,0,0,0,3,3,1088602,0,0,0,0,0,0,0,0,0
201804,49,035,4,8,Salt Lake County              ,444,444,115279430,1,2,361783,2,8,967869,9,135,18706620,321,321,83428035,0,0,0,0,0,0,4,34,5030800
201804,49,039,4,8,Sanpete County                ,4,4,754600,0,0,0,0,0,0,0,0,0,4,4,754600,0,0,0,0,0,0,0,0,0
201804,49,043,4,8,Summit County                 ,20,20,9588275,0,0,0,0,0,0,1,5,854284,11,11,5093482,0,0,0,0,0,0,0,0,0
201804,49,057,4,8,Weber County                  ,98,98,24494403,1,2,280000,8,30,5085961,0,0,0,84,84,20670957,1,2,280000,4,16,2890856,0,0,0
201804,51,003,3,5,Albemarle County              ,59,59,18299584,0,0,0,0,0,0,2,24,2698280,0,0,0,0,0,0,0,0,0,0,0,0
201804,51,007,3,5,Amelia County                 ,4,4,478620,0,0,0,0,0,0,0,0,0,4,4,478620,0,0,0,0,0,0,0,0,0
201804,51,009,3,5,Amherst County                ,7,7,1306755,0,0,0,0,0,0,0,0,0,0,0,0,0,0,0,0,0,0,0,0,0
201804,51,013,3,5,Arlington County              ,23,23,8970488,0,0,0,0,0,0,1,90,15000000,23,23,8970488,0,0,0,0,0,0,1,90,15000000
201804,51,015,3,5,Augusta County                ,10,10,1749271,0,0,0,0,0,0,0,0,0,10,10,1749271,0,0,0,0,0,0,0,0,0
201804,51,019,3,5,Bedford County                ,0,0,0,0,0,0,0,0,0,0,0,0,0,0,0,0,0,0,0,0,0,0,0,0
201804,51,033,3,5,Caroline County               ,9,9,2640000,0,0,0,0,0,0,0,0,0,9,9,2640000,0,0,0,0,0,0,0,0,0
201804,51,036,3,5,Charles City County           ,3,3,487337,0,0,0,0,0,0,0,0,0,0,0,0,0,0,0,0,0,0,0,0,0
201804,51,037,3,5,Charlotte County              ,3,3,707190,0,0,0,0,0,0,0,0,0,3,3,707190,0,0,0,0,0,0,0,0,0
201804,51,041,3,5,Chesterfield County           ,129,129,30496491,2,4,643000,3,10,957000,0,0,0,129,129,30496491,2,4,643000,3,10,957000,0,0,0
201804,51,043,3,5,Clarke County                 ,3,3,1054701,0,0,0,0,0,0,0,0,0,3,3,1054701,0,0,0,0,0,0,0,0,0
201804,51,049,3,5,Cumberland County             ,1,1,223510,0,0,0,0,0,0,0,0,0,1,1,223510,0,0,0,0,0,0,0,0,0
201804,51,051,3,5,Dickenson County              ,0,0,0,0,0,0,0,0,0,0,0,0,0,0,0,0,0,0,0,0,0,0,0,0
201804,51,053,3,5,Dinwiddie County              ,7,7,1007157,0,0,0,0,0,0,0,0,0,0,0,0,0,0,0,0,0,0,0,0,0
201804,51,059,3,5,Fairfax County                ,130,130,30732898,0,0,0,0,0,0,1,16,2544000,130,130,30732898,0,0,0,0,0,0,1,16,2544000
201804,51,061,3,5,Fauquier County               ,33,33,13678495,0,0,0,0,0,0,0,0,0,33,33,13678495,0,0,0,0,0,0,0,0,0
201804,51,069,3,5,Frederick County              ,45,45,11097613,0,0,0,0,0,0,5,25,4994885,45,45,11097613,0,0,0,0,0,0,5,25,4994885
201804,51,073,3,5,Gloucester County             ,17,17,3111240,1,2,260000,1,3,230727,0,0,0,0,0,0,0,0,0,0,0,0,0,0,0
201804,51,075,3,5,Goochland County              ,9,9,2275780,0,0,0,0,0,0,0,0,0,9,9,2275780,0,0,0,0,0,0,0,0,0
201804,51,085,3,5,Hanover County                ,47,47,10126532,0,0,0,0,0,0,0,0,0,47,47,10126532,0,0,0,0,0,0,0,0,0
201804,51,087,3,5,Henrico County                ,66,66,11684931,14,28,962500,0,0,0,0,0,0,66,66,11684931,14,28,962500,0,0,0,0,0,0
201804,51,093,3,5,Isle of Wight County          ,18,18,3497955,0,0,0,0,0,0,0,0,0,0,0,0,0,0,0,0,0,0,0,0,0
201804,51,095,3,5,James City County             ,37,37,9517907,0,0,0,0,0,0,1,10,849000,37,37,9517907,0,0,0,0,0,0,1,10,849000
201804,51,097,3,5,King and Queen County         ,0,0,0,0,0,0,0,0,0,0,0,0,0,0,0,0,0,0,0,0,0,0,0,0
201804,51,099,3,5,King George County            ,13,13,2537327,0,0,0,0,0,0,0,0,0,13,13,2537327,0,0,0,0,0,0,0,0,0
201804,51,107,3,5,Loudoun County                ,260,260,61465796,0,0,0,0,0,0,0,0,0,260,260,61465796,0,0,0,0,0,0,0,0,0
201804,51,109,3,5,Louisa County                 ,26,26,5363527,0,0,0,0,0,0,0,0,0,0,0,0,0,0,0,0,0,0,0,0,0
201804,51,115,3,5,Mathews County                ,3,3,432700,0,0,0,0,0,0,0,0,0,3,3,432700,0,0,0,0,0,0,0,0,0
201804,51,127,3,5,New Kent County               ,29,29,5435231,0,0,0,0,0,0,0,0,0,29,29,5435231,0,0,0,0,0,0,0,0,0
201804,51,139,3,5,Page County                   ,11,11,1132700,0,0,0,0,0,0,0,0,0,11,11,1132700,0,0,0,0,0,0,0,0,0
201804,51,145,3,5,Powhatan County               ,18,18,4255324,0,0,0,0,0,0,0,0,0,18,18,4255324,0,0,0,0,0,0,0,0,0
201804,51,149,3,5,Prince George County          ,6,6,1280400,0,0,0,0,0,0,0,0,0,6,6,1280400,0,0,0,0,0,0,0,0,0
201804,51,153,3,5,Prince William County         ,144,144,26751728,0,0,0,0,0,0,1,13,1308892,0,0,0,0,0,0,0,0,0,0,0,0
201804,51,165,3,5,Rockingham County             ,25,25,8639180,0,0,0,0,0,0,0,0,0,25,25,8639180,0,0,0,0,0,0,0,0,0
201804,51,175,3,5,Southampton County            ,4,4,634119,0,0,0,0,0,0,0,0,0,0,0,0,0,0,0,0,0,0,0,0,0
201804,51,177,3,5,Spotsylvania County           ,68,68,18489653,0,0,0,0,0,0,1,31,2605033,0,0,0,0,0,0,0,0,0,0,0,0
201804,51,179,3,5,Stafford County               ,106,106,26949179,0,0,0,0,0,0,0,0,0,106,106,26949179,0,0,0,0,0,0,0,0,0
201804,51,181,3,5,Surry County                  ,2,2,550656,0,0,0,0,0,0,0,0,0,2,2,550656,0,0,0,0,0,0,0,0,0
201804,51,183,3,5,Sussex County                 ,5,5,389616,0,0,0,0,0,0,0,0,0,5,5,389616,0,0,0,0,0,0,0,0,0
201804,51,187,3,5,Warren County                 ,16,16,4424999,0,0,0,0,0,0,0,0,0,16,16,4424999,0,0,0,0,0,0,0,0,0
201804,51,199,3,5,York County                   ,25,25,5910173,0,0,0,0,0,0,0,0,0,25,25,5910173,0,0,0,0,0,0,0,0,0
201804,51,510,3,5,Alexandria (Independent City) ,3,3,2050000,0,0,0,0,0,0,0,0,0,3,3,2050000,0,0,0,0,0,0,0,0,0
201804,51,540,3,5,Charlottesville (Independent C,9,9,2684089,0,0,0,0,0,0,1,12,4326769,0,0,0,0,0,0,0,0,0,0,0,0
201804,51,550,3,5,Chesapeake(Independent City)  ,124,124,39670400,0,0,0,0,0,0,0,0,0,124,124,39670400,0,0,0,0,0,0,0,0,0
201804,51,570,3,5,Colonial Heights (Independent ,2,2,213530,0,0,0,0,0,0,0,0,0,2,2,213530,0,0,0,0,0,0,0,0,0
201804,51,580,3,5,Covington (Independent City)  ,0,0,0,0,0,0,0,0,0,0,0,0,0,0,0,0,0,0,0,0,0,0,0,0
201804,51,600,3,5,Fairfax (Independent City)    ,0,0,0,0,0,0,0,0,0,0,0,0,0,0,0,0,0,0,0,0,0,0,0,0
201804,51,610,3,5,Falls Church (Independent City,4,4,2465000,0,0,0,0,0,0,0,0,0,4,4,2465000,0,0,0,0,0,0,0,0,0
201804,51,630,3,5,Fredericksburg(Independent Cit,2,2,620000,0,0,0,0,0,0,0,0,0,2,2,620000,0,0,0,0,0,0,0,0,0
201804,51,650,3,5,Hampton (Independent City)    ,17,17,1062069,0,0,0,0,0,0,0,0,0,0,0,0,0,0,0,0,0,0,0,0,0
201804,51,660,3,5,Harrisonburg (Independent City,5,5,923990,0,0,0,0,0,0,0,0,0,0,0,0,0,0,0,0,0,0,0,0,0
201804,51,670,3,5,Hopewell (Independent City)   ,1,1,81000,0,0,0,0,0,0,0,0,0,1,1,81000,0,0,0,0,0,0,0,0,0
201804,51,680,3,5,Lynchburg (Independent City)  ,8,8,1683160,0,0,0,0,0,0,2,52,3771200,8,8,1683160,0,0,0,0,0,0,2,52,3771200
201804,51,683,3,5,Manassas (Independent City)   ,4,4,900610,0,0,0,0,0,0,1,23,1423728,0,0,0,0,0,0,0,0,0,0,0,0
201804,51,685,3,5,Manassas Park (Independent Cit,0,0,0,0,0,0,0,0,0,0,0,0,0,0,0,0,0,0,0,0,0,0,0,0
201804,51,700,3,5,Newport News (Independent City,12,12,1588060,0,0,0,0,0,0,0,0,0,12,12,1588060,0,0,0,0,0,0,0,0,0
201804,51,710,3,5,Norfolk (Independent City)    ,25,25,5910173,0,0,0,0,0,0,0,0,0,25,25,5910173,0,0,0,0,0,0,0,0,0
201804,51,730,3,5,Petersburg (Independent City) ,0,0,0,0,0,0,0,0,0,0,0,0,0,0,0,0,0,0,0,0,0,0,0,0
201804,51,735,3,5,Poquoson (Independent City)   ,5,5,1262620,0,0,0,1,4,671000,0,0,0,5,5,1262620,0,0,0,1,4,671000,0,0,0
201804,51,740,3,5,Portsmouth (Independent City) ,6,6,747000,0,0,0,0,0,0,0,0,0,6,6,747000,0,0,0,0,0,0,0,0,0
201804,51,760,3,5,Richmond (Independent City)   ,18,18,4255324,0,0,0,0,0,0,0,0,0,18,18,4255324,0,0,0,0,0,0,0,0,0
201804,51,800,3,5,Suffolk (Independent City)    ,58,58,13711601,0,0,0,0,0,0,0,0,0,58,58,13711601,0,0,0,0,0,0,0,0,0
201804,51,810,3,5,Virginia Beach (Independent Ci,46,46,10350240,0,0,0,0,0,0,0,0,0,46,46,10350240,0,0,0,0,0,0,0,0,0
201804,51,830,3,5,Williamsburg (Independent City,0,0,0,0,0,0,0,0,0,0,0,0,0,0,0,0,0,0,0,0,0,0,0,0
201804,53,005,4,9,Benton County                 ,81,81,23666459,1,2,375513,0,0,0,1,5,492580,55,55,15868357,1,2,375513,0,0,0,0,0,0
201804,53,011,4,9,Clark County                  ,229,229,65067698,3,6,718747,1,3,607164,2,24,2487902,82,82,15587912,2,4,364077,0,0,0,0,0,0
201804,53,021,4,9,Franklin County               ,62,62,17167452,2,4,347280,0,0,0,1,5,599552,2,2,317931,0,0,0,0,0,0,0,0,0
201804,53,031,4,9,Jefferson County              ,11,11,2545183,0,0,0,0,0,0,0,0,0,11,11,2545183,0,0,0,0,0,0,0,0,0
201804,53,033,4,9,King County                   ,448,448,160490887,16,32,6859242,13,42,7299914,16,770,82093039,337,337,111644558,16,32,6859242,12,39,6799402,12,711,75398222
201804,53,035,4,9,Kitsap County                 ,73,73,25092160,0,0,0,0,0,0,0,0,0,73,73,25092160,0,0,0,0,0,0,0,0,0
201804,53,053,4,9,Pierce County                 ,228,228,68004707,2,4,662041,3,12,2167369,8,372,48704134,225,225,66949116,2,4,662041,3,12,2167369,8,372,48704134
201804,53,055,4,9,San Juan County               ,10,10,2244867,0,0,0,0,0,0,0,0,0,0,0,0,0,0,0,0,0,0,0,0,0
201804,53,059,4,9,Skamania County               ,4,4,1092488,0,0,0,0,0,0,0,0,0,4,4,1092488,0,0,0,0,0,0,0,0,0
201804,53,061,4,9,Snohomish County              ,154,154,43792214,6,12,2590728,0,0,0,16,467,43780427,117,117,31979797,6,12,2590728,0,0,0,16,467,43780427
201804,54,011,3,5,Cabell County                 ,6,6,868810,0,0,0,0,0,0,0,0,0,1,1,50000,0,0,0,0,0,0,0,0,0
201804,54,015,3,5,Clay County                   ,0,0,0,0,0,0,0,0,0,0,0,0,0,0,0,0,0,0,0,0,0,0,0,0
201804,54,019,3,5,Fayette County                ,3,3,324600,0,0,0,0,0,0,0,0,0,0,0,0,0,0,0,0,0,0,0,0,0
201804,54,037,3,5,Jefferson County              ,5,5,1336980,0,0,0,0,0,0,0,0,0,5,5,1336980,0,0,0,0,0,0,0,0,0
201804,54,081,3,5,Raleigh County                ,11,11,1901930,0,0,0,0,0,0,0,0,0,11,11,1901930,0,0,0,0,0,0,0,0,0
201804,55,025,2,3,Dane County                   ,137,137,47252723,3,6,1083863,1,3,453750,7,326,43391333,56,56,24042715,0,0,0,0,0,0,1,96,13360000
201804,55,031,2,3,Douglas County                ,5,5,984500,0,0,0,0,0,0,0,0,0,5,5,984500,0,0,0,0,0,0,0,0,0
201804,55,037,2,3,Florence County               ,2,2,284951,0,0,0,0,0,0,0,0,0,0,0,0,0,0,0,0,0,0,0,0,0
201804,55,049,2,3,Iowa County                   ,5,5,689000,0,0,0,0,0,0,0,0,0,5,5,689000,0,0,0,0,0,0,0,0,0
201804,55,059,2,3,Kenosha County                ,24,24,6017651,0,0,0,0,0,0,0,0,0,19,19,4863082,0,0,0,0,0,0,0,0,0
201804,55,079,2,3,Milwaukee County              ,10,10,3168604,0,0,0,0,0,0,2,72,4110454,5,5,1978197,0,0,0,0,0,0,0,0,0
201804,55,089,2,3,Ozaukee County                ,16,16,5704756,1,2,364000,0,0,0,1,8,1126882,7,7,1659000,1,2,364000,0,0,0,0,0,0
201804,55,093,2,3,Pierce County                 ,10,10,2470527,0,0,0,0,0,0,0,0,0,10,10,2470527,0,0,0,0,0,0,0,0,0
201804,55,109,2,3,St. Croix County              ,35,35,8840933,2,4,476801,0,0,0,0,0,0,25,25,6378287,0,0,0,0,0,0,0,0,0
201804,55,131,2,3,Washington County             ,31,31,9848607,5,10,1245000,0,0,0,0,0,0,19,19,5507712,5,10,1245000,0,0,0,0,0,0
201804,56,029,4,8,Park County                   ,10,10,2359701,1,2,201000,0,0,0,0,0,0,7,7,1831069,0,0,0,0,0,0,0,0,0
201804,56,039,4,8,Teton County                  ,9,9,7360060,0,0,0,0,0,0,0,0,0,7,7,6325000,0,0,0,0,0,0,0,0,0
