Survey,FIPS,FIPS,Region,Division,County,,1-unit,,,2-units,,,3-4 units,,,5+ units,,,1-unit rep,,,2-units rep,,,3-4 units rep,,, 5+units rep
Date,State,County,Code,Code,Name,Bldgs,Units,Value,Bldgs,Units,Value,Bldgs,Units,Value,Bldgs,Units,Value,Bldgs,Units,Value,Bldgs,Units,Value,Bldgs,Units,Value,Bldgs,Units,Value
 
201802,01,001,3,6,Autauga County                ,22,22,7385560,0,0,0,0,0,0,0,0,0,22,22,7385560,0,0,0,0,0,0,0,0,0
201802,01,007,3,6,Bibb County                   ,0,0,0,0,0,0,0,0,0,0,0,0,0,0,0,0,0,0,0,0,0,0,0,0
201802,01,009,3,6,Blount County                 ,1,1,130000,0,0,0,0,0,0,0,0,0,1,1,130000,0,0,0,0,0,0,0,0,0
201802,01,021,3,6,Chilton County                ,0,0,0,0,0,0,0,0,0,0,0,0,0,0,0,0,0,0,0,0,0,0,0,0
201802,01,073,3,6,Jefferson County              ,98,98,26004254,0,0,0,0,0,0,12,142,12015230,87,87,24748466,0,0,0,0,0,0,12,142,12015230
201802,01,081,3,6,Lee County                    ,76,76,20987194,1,2,144250,0,0,0,0,0,0,14,14,3930527,0,0,0,0,0,0,0,0,0
201802,01,083,3,6,Limestone County              ,11,11,2543705,0,0,0,0,0,0,0,0,0,11,11,2543705,0,0,0,0,0,0,0,0,0
201802,01,089,3,6,Madison County                ,192,192,27706409,0,0,0,0,0,0,0,0,0,191,191,27580094,0,0,0,0,0,0,0,0,0
201802,01,113,3,6,Russell County                ,23,23,2946863,0,0,0,0,0,0,0,0,0,23,23,2946863,0,0,0,0,0,0,0,0,0
201802,01,115,3,6,St. Clair County              ,15,15,2692966,0,0,0,0,0,0,0,0,0,11,11,1903469,0,0,0,0,0,0,0,0,0
201802,01,117,3,6,Shelby County                 ,103,103,23212071,0,0,0,0,0,0,1,5,767250,49,49,9908191,0,0,0,0,0,0,0,0,0
201802,01,127,3,6,Walker County                 ,0,0,0,0,0,0,0,0,0,0,0,0,0,0,0,0,0,0,0,0,0,0,0,0
201802,02,013,4,9,Aleutians East Borough        ,0,0,0,0,0,0,0,0,0,0,0,0,0,0,0,0,0,0,0,0,0,0,0,0
201802,02,016,4,9,Aleutians West Census Area    ,0,0,0,0,0,0,0,0,0,0,0,0,0,0,0,0,0,0,0,0,0,0,0,0
201802,02,020,4,9,Anchorage Municipality        ,66,66,20679813,0,0,0,1,4,694374,1,14,2213338,0,0,0,0,0,0,0,0,0,0,0,0
201802,02,050,4,9,Bethel Census Area            ,0,0,0,0,0,0,0,0,0,0,0,0,0,0,0,0,0,0,0,0,0,0,0,0
201802,02,060,4,9,Bristol Bay Borough           ,0,0,0,0,0,0,0,0,0,0,0,0,0,0,0,0,0,0,0,0,0,0,0,0
201802,02,070,4,9,Dillingham Census Area        ,0,0,0,0,0,0,0,0,0,0,0,0,0,0,0,0,0,0,0,0,0,0,0,0
201802,02,090,4,9,Fairbanks North Star Borough  ,0,0,0,0,0,0,0,0,0,0,0,0,0,0,0,0,0,0,0,0,0,0,0,0
201802,02,100,4,9,Haines Borough                ,1,1,278570,0,0,0,0,0,0,0,0,0,0,0,0,0,0,0,0,0,0,0,0,0
201802,02,105,4,9,Hoonah-Angoon Census Area     ,0,0,0,0,0,0,0,0,0,0,0,0,0,0,0,0,0,0,0,0,0,0,0,0
201802,02,110,4,9,Juneau City and Borough       ,1,1,239065,0,0,0,1,3,577672,0,0,0,1,1,239065,0,0,0,1,3,577672,0,0,0
201802,02,122,4,9,Kenai Peninsula Borough       ,5,5,1213849,0,0,0,0,0,0,0,0,0,2,2,555000,0,0,0,0,0,0,0,0,0
201802,02,130,4,9,Ketchikan Gateway Borough     ,0,0,0,1,2,301442,0,0,0,0,0,0,0,0,0,1,2,301442,0,0,0,0,0,0
201802,02,150,4,9,Kodiak Island Borough         ,0,0,0,0,0,0,0,0,0,0,0,0,0,0,0,0,0,0,0,0,0,0,0,0
201802,02,158,4,9,Kusilvak Census Area          ,0,0,0,0,0,0,0,0,0,0,0,0,0,0,0,0,0,0,0,0,0,0,0,0
201802,02,170,4,9,Matanuska-Susitna Borough     ,6,6,1555253,1,2,301442,0,0,0,0,0,0,5,5,1455258,1,2,301442,0,0,0,0,0,0
201802,02,180,4,9,Nome Census Area              ,0,0,0,0,0,0,0,0,0,0,0,0,0,0,0,0,0,0,0,0,0,0,0,0
201802,02,185,4,9,North Slope Borough           ,0,0,0,0,0,0,0,0,0,0,0,0,0,0,0,0,0,0,0,0,0,0,0,0
201802,02,188,4,9,Northwest Arctic Borough      ,0,0,0,0,0,0,0,0,0,0,0,0,0,0,0,0,0,0,0,0,0,0,0,0
201802,02,195,4,9,Petersburg Borough            ,1,1,348917,0,0,0,0,0,0,0,0,0,0,0,0,0,0,0,0,0,0,0,0,0
201802,02,198,4,9,Prince of Wales-Hyder Census A,0,0,0,0,0,0,0,0,0,0,0,0,0,0,0,0,0,0,0,0,0,0,0,0
201802,02,220,4,9,Sitka City and Borough        ,1,1,248107,1,2,724270,0,0,0,0,0,0,0,0,0,0,0,0,0,0,0,0,0,0
201802,02,230,4,9,Skagway Municipality          ,1,1,209000,0,0,0,0,0,0,0,0,0,0,0,0,0,0,0,0,0,0,0,0,0
201802,02,261,4,9,Valdez-Cordova Census Area    ,0,0,0,0,0,0,0,0,0,0,0,0,0,0,0,0,0,0,0,0,0,0,0,0
201802,02,275,4,9,Wrangell City and Borough     ,2,2,325000,0,0,0,0,0,0,0,0,0,2,2,325000,0,0,0,0,0,0,0,0,0
201802,02,282,4,9,Yakutat City and Borough      ,0,0,0,0,0,0,0,0,0,0,0,0,0,0,0,0,0,0,0,0,0,0,0,0
201802,02,290,4,9,Yukon-Koyukuk Census Area     ,0,0,0,0,0,0,0,0,0,0,0,0,0,0,0,0,0,0,0,0,0,0,0,0
201802,04,013,4,8,Maricopa County               ,1240,1240,339067236,9,18,2213614,4,14,2433055,23,748,114485825,1227,1227,335726858,9,18,2213614,4,14,2433055,23,748,114485825
201802,04,019,4,8,Pima County                   ,232,232,65285484,1,2,330471,0,0,0,1,5,427766,34,34,8836538,0,0,0,0,0,0,0,0,0
201802,04,021,4,8,Pinal County                  ,353,353,71121911,1,2,132634,0,0,0,0,0,0,353,353,71121911,1,2,132634,0,0,0,0,0,0
201802,05,013,3,7,Calhoun County                ,0,0,0,0,0,0,0,0,0,0,0,0,0,0,0,0,0,0,0,0,0,0,0,0
201802,05,035,3,7,Crittenden County             ,4,4,725000,0,0,0,0,0,0,0,0,0,4,4,725000,0,0,0,0,0,0,0,0,0
201802,05,045,3,7,Faulkner County               ,20,20,4510544,0,0,0,0,0,0,1,5,187500,2,2,387000,0,0,0,0,0,0,0,0,0
201802,05,053,3,7,Grant County                  ,1,1,152000,0,0,0,0,0,0,0,0,0,0,0,0,0,0,0,0,0,0,0,0,0
201802,05,085,3,7,Lonoke County                 ,27,27,2766530,0,0,0,0,0,0,0,0,0,1,1,274970,0,0,0,0,0,0,0,0,0
201802,05,087,3,7,Madison County                ,0,0,0,0,0,0,0,0,0,0,0,0,0,0,0,0,0,0,0,0,0,0,0,0
201802,05,091,3,7,Miller County                 ,2,2,410000,0,0,0,0,0,0,0,0,0,2,2,410000,0,0,0,0,0,0,0,0,0
201802,05,105,3,7,Perry County                  ,0,0,0,0,0,0,0,0,0,0,0,0,0,0,0,0,0,0,0,0,0,0,0,0
201802,05,119,3,7,Pulaski County                ,60,60,14962756,0,0,0,0,0,0,0,0,0,40,40,11821850,0,0,0,0,0,0,0,0,0
201802,05,129,3,7,Searcy County                 ,0,0,0,0,0,0,0,0,0,0,0,0,0,0,0,0,0,0,0,0,0,0,0,0
201802,05,143,3,7,Washington County             ,111,111,24471393,0,0,0,2,7,1365000,0,0,0,105,105,23101817,0,0,0,2,7,1365000,0,0,0
201802,06,001,4,9,Alameda County                ,170,170,53873043,0,0,0,7,21,4222205,10,311,45118351,63,63,18158518,0,0,0,4,12,1944224,6,256,34166524
201802,06,013,4,9,Contra Costa County           ,110,110,45024692,0,0,0,1,3,141264,1,5,634806,104,104,43636252,0,0,0,0,0,0,0,0,0
201802,06,017,4,9,El Dorado County              ,51,51,20754361,0,0,0,0,0,0,0,0,0,51,51,20754361,0,0,0,0,0,0,0,0,0
201802,06,019,4,9,Fresno County                 ,168,168,47220586,0,0,0,5,19,2556210,7,179,9431349,164,164,46608864,0,0,0,5,19,2556210,7,179,9431349
201802,06,037,4,9,Los Angeles County            ,529,529,191264823,42,84,15287750,3,10,1564107,33,569,110646706,432,432,146984590,41,82,14487750,0,0,0,26,439,91776782
201802,06,041,4,9,Marin County                  ,14,14,12536725,0,0,0,0,0,0,0,0,0,12,12,8780850,0,0,0,0,0,0,0,0,0
201802,06,059,4,9,Orange County                 ,399,399,120958249,48,96,22467963,8,27,6440594,4,64,11591129,353,353,97541644,45,90,20809606,8,27,6440594,2,12,2773497
201802,06,061,4,9,Placer County                 ,109,109,36241068,0,0,0,0,0,0,0,0,0,109,109,36241068,0,0,0,0,0,0,0,0,0
201802,06,063,4,9,Plumas County                 ,2,2,351601,0,0,0,0,0,0,0,0,0,2,2,351601,0,0,0,0,0,0,0,0,0
201802,06,067,4,9,Sacramento County             ,183,183,52379618,0,0,0,0,0,0,2,16,2287213,183,183,52379618,0,0,0,0,0,0,2,16,2287213
201802,06,069,4,9,San Benito County             ,43,43,11169141,0,0,0,0,0,0,0,0,0,0,0,0,0,0,0,0,0,0,0,0,0
201802,06,071,4,9,San Bernardino County         ,252,252,62382877,2,4,714000,0,0,0,2,21,2701515,190,190,43636096,2,4,714000,0,0,0,1,6,769056
201802,06,073,4,9,San Diego County              ,209,209,73484705,8,16,4382524,4,12,1570397,5,358,89852165,199,199,65898333,8,16,4382524,4,12,1570397,4,351,86047817
201802,06,075,4,9,San Francisco County          ,2,2,548069,0,0,0,1,3,630000,2,357,95091493,2,2,548069,0,0,0,1,3,630000,2,357,95091493
201802,06,081,4,9,San Mateo County              ,42,42,27471120,1,2,650000,0,0,0,5,326,80542565,30,30,20052202,0,0,0,0,0,0,2,268,71408000
201802,06,085,4,9,Santa Clara County            ,164,164,63833713,3,6,1538979,0,0,0,4,675,125830077,163,163,63025597,3,6,1538979,0,0,0,4,675,125830077
201802,06,091,4,9,Sierra County                 ,0,0,0,0,0,0,0,0,0,0,0,0,0,0,0,0,0,0,0,0,0,0,0,0
201802,06,113,4,9,Yolo County                   ,3,3,1074089,0,0,0,0,0,0,0,0,0,3,3,1074089,0,0,0,0,0,0,0,0,0
201802,08,001,4,8,Adams County                  ,176,176,49220543,0,0,0,0,0,0,0,0,0,176,176,49220543,0,0,0,0,0,0,0,0,0
201802,08,005,4,8,Arapahoe County               ,161,161,47189302,0,0,0,0,0,0,10,182,17475506,161,161,47189302,0,0,0,0,0,0,10,182,17475506
201802,08,014,4,8,Broomfield County             ,59,59,18118207,0,0,0,0,0,0,0,0,0,59,59,18118207,0,0,0,0,0,0,0,0,0
201802,08,015,4,8,Chaffee County                ,10,10,2648883,0,0,0,0,0,0,0,0,0,0,0,0,0,0,0,0,0,0,0,0,0
201802,08,019,4,8,Clear Creek County            ,0,0,0,0,0,0,0,0,0,0,0,0,0,0,0,0,0,0,0,0,0,0,0,0
201802,08,031,4,8,Denver County                 ,210,210,57547245,0,0,0,0,0,0,8,388,63461000,210,210,57547245,0,0,0,0,0,0,8,388,63461000
201802,08,035,4,8,Douglas County                ,200,200,61598662,0,0,0,0,0,0,8,213,26966389,44,44,14449239,0,0,0,0,0,0,5,141,20156062
201802,08,039,4,8,Elbert County                 ,16,16,4853960,0,0,0,0,0,0,0,0,0,16,16,4853960,0,0,0,0,0,0,0,0,0
201802,08,041,4,8,El Paso County                ,331,331,127800568,0,0,0,0,0,0,10,200,26725110,331,331,127800568,0,0,0,0,0,0,10,200,26725110
201802,08,047,4,8,Gilpin County                 ,1,1,274034,0,0,0,0,0,0,0,0,0,1,1,274034,0,0,0,0,0,0,0,0,0
201802,08,069,4,8,Larimer County                ,92,92,24259102,2,4,696048,0,0,0,1,20,3031278,92,92,24259102,2,4,696048,0,0,0,1,20,3031278
201802,08,077,4,8,Mesa County                   ,53,53,9145471,0,0,0,0,0,0,0,0,0,53,53,9145471,0,0,0,0,0,0,0,0,0
201802,08,093,4,8,Park County                   ,7,7,1944270,0,0,0,0,0,0,0,0,0,7,7,1944270,0,0,0,0,0,0,0,0,0
201802,08,101,4,8,Pueblo County                 ,24,24,4114690,0,0,0,0,0,0,0,0,0,0,0,0,0,0,0,0,0,0,0,0,0
201802,08,119,4,8,Teller County                 ,8,8,2619309,0,0,0,0,0,0,0,0,0,8,8,2619309,0,0,0,0,0,0,0,0,0
201802,09,001,1,1,Fairfield County              ,43,43,26474883,1,2,127200,1,3,1179000,1,5,405268,31,31,13185299,0,0,0,1,3,1179000,0,0,0
201802,09,003,1,1,Hartford County               ,34,34,6279623,0,0,0,0,0,0,1,5,243431,28,28,5440091,0,0,0,0,0,0,0,0,0
201802,09,007,1,1,Middlesex County              ,7,7,2062943,1,2,350000,0,0,0,1,13,1299942,3,3,575400,0,0,0,0,0,0,0,0,0
201802,09,013,1,1,Tolland County                ,8,8,2246581,0,0,0,0,0,0,2,12,1165280,3,3,979162,0,0,0,0,0,0,0,0,0
201802,10,001,3,5,Kent County                   ,94,94,13294677,0,0,0,0,0,0,0,0,0,92,92,13006983,0,0,0,0,0,0,0,0,0
201802,10,003,3,5,New Castle County             ,107,107,8985150,0,0,0,0,0,0,1,7,112000,104,104,8802801,0,0,0,0,0,0,0,0,0
201802,10,005,3,5,Sussex County                 ,212,212,29857864,8,16,2761736,1,4,524130,1,5,691190,212,212,29857864,8,16,2761736,1,4,524130,1,5,691190
201802,11,001,3,5,Washington  DC                ,3,3,693738,1,2,217141,0,0,0,5,270,29084157,3,3,693738,1,2,217141,0,0,0,5,270,29084157
201802,12,003,3,5,Baker County                  ,18,18,3099549,0,0,0,0,0,0,0,0,0,12,12,2054800,0,0,0,0,0,0,0,0,0
201802,12,019,3,5,Clay County                   ,65,65,11953381,0,0,0,0,0,0,0,0,0,52,52,8999277,0,0,0,0,0,0,0,0,0
201802,12,029,3,5,Dixie County                  ,2,2,252647,0,0,0,0,0,0,0,0,0,0,0,0,0,0,0,0,0,0,0,0,0
201802,12,031,3,5,Duval County                  ,277,277,65837149,0,0,0,2,7,854423,24,587,63231113,258,258,59699822,0,0,0,2,7,854423,24,587,63231113
201802,12,033,3,5,Escambia County               ,153,153,35380624,0,0,0,0,0,0,0,0,0,153,153,35380624,0,0,0,0,0,0,0,0,0
201802,12,053,3,5,Hernando County               ,52,52,12429843,0,0,0,0,0,0,0,0,0,52,52,12429843,0,0,0,0,0,0,0,0,0
201802,12,057,3,5,Hillsborough County           ,565,565,184241622,0,0,0,0,0,0,3,80,8349167,565,565,184241622,0,0,0,0,0,0,3,80,8349167
201802,12,067,3,5,Lafayette County              ,1,1,179324,0,0,0,0,0,0,0,0,0,0,0,0,0,0,0,0,0,0,0,0,0
201802,12,071,3,5,Lee County                    ,414,414,92935636,20,40,3880805,4,16,2681881,1,16,2489088,414,414,92935636,20,40,3880805,4,16,2681881,1,16,2489088
201802,12,073,3,5,Leon County                   ,52,52,11796015,0,0,0,0,0,0,1,32,2322125,22,22,6664000,0,0,0,0,0,0,0,0,0
201802,12,081,3,5,Manatee County                ,265,265,59940617,0,0,0,3,12,2332979,1,30,3447508,24,24,5344567,0,0,0,0,0,0,0,0,0
201802,12,086,3,5,Miami-Dade County             ,204,204,54886774,12,24,4587735,1,4,954616,17,201,30461325,189,189,43593400,12,24,4587735,1,4,954616,16,196,22926474
201802,12,089,3,5,Nassau County                 ,90,90,25725254,0,0,0,0,0,0,1,5,1213610,13,13,3514160,0,0,0,0,0,0,0,0,0
201802,12,091,3,5,Okaloosa County               ,58,58,19912713,1,2,238000,1,4,276250,1,5,1203704,48,48,16999490,0,0,0,1,4,276250,0,0,0
201802,12,095,3,5,Orange County                 ,540,540,140506425,7,14,2097646,0,0,0,37,971,108482213,496,496,125045074,7,14,2097646,0,0,0,35,935,104992637
201802,12,097,3,5,Osceola County                ,312,312,86366899,3,6,624294,1,4,659132,4,99,8512314,84,84,22223923,2,4,425366,0,0,0,3,72,5879514
201802,12,101,3,5,Pasco County                  ,219,219,51159962,0,0,0,0,0,0,0,0,0,215,215,50453916,0,0,0,0,0,0,0,0,0
201802,12,103,3,5,Pinellas County               ,82,82,19690576,0,0,0,0,0,0,5,293,26325510,81,81,19271913,0,0,0,0,0,0,5,293,26325510
201802,12,109,3,5,St. Johns County              ,329,329,88567897,0,0,0,2,8,1617822,0,0,0,329,329,88567897,0,0,0,2,8,1617822,0,0,0
201802,12,113,3,5,Santa Rosa County             ,131,131,20266409,0,0,0,0,0,0,0,0,0,131,131,20266409,0,0,0,0,0,0,0,0,0
201802,12,115,3,5,Sarasota County               ,230,230,54013559,1,2,343883,0,0,0,10,394,55848733,197,197,44666191,1,2,343883,0,0,0,10,394,55848733
201802,12,117,3,5,Seminole County               ,95,95,32848091,0,0,0,0,0,0,2,57,3716497,88,88,30805355,0,0,0,0,0,0,0,0,0
201802,12,119,3,5,Sumter County                 ,141,141,37982329,0,0,0,0,0,0,0,0,0,141,141,37982329,0,0,0,0,0,0,0,0,0
201802,12,129,3,5,Wakulla County                ,20,20,3435000,0,0,0,0,0,0,0,0,0,20,20,3435000,0,0,0,0,0,0,0,0,0
201802,12,131,3,5,Walton County                 ,102,102,38786862,0,0,0,6,18,3207384,0,0,0,102,102,38786862,0,0,0,6,18,3207384,0,0,0
201802,12,133,3,5,Washington County             ,4,4,578327,0,0,0,0,0,0,0,0,0,0,0,0,0,0,0,0,0,0,0,0,0
201802,13,007,3,5,Baker County                  ,0,0,0,0,0,0,0,0,0,0,0,0,0,0,0,0,0,0,0,0,0,0,0,0
201802,13,013,3,5,Barrow County                 ,45,45,5135327,0,0,0,0,0,0,0,0,0,22,22,1540000,0,0,0,0,0,0,0,0,0
201802,13,015,3,5,Bartow County                 ,59,59,8075536,0,0,0,0,0,0,0,0,0,59,59,8075536,0,0,0,0,0,0,0,0,0
201802,13,021,3,5,Bibb County                   ,8,8,1342778,0,0,0,0,0,0,0,0,0,0,0,0,0,0,0,0,0,0,0,0,0
201802,13,029,3,5,Bryan County                  ,36,36,7529340,0,0,0,0,0,0,0,0,0,36,36,7529340,0,0,0,0,0,0,0,0,0
201802,13,033,3,5,Burke County                  ,4,4,716018,0,0,0,0,0,0,0,0,0,0,0,0,0,0,0,0,0,0,0,0,0
201802,13,035,3,5,Butts County                  ,5,5,1201000,0,0,0,0,0,0,0,0,0,5,5,1201000,0,0,0,0,0,0,0,0,0
201802,13,045,3,5,Carroll County                ,38,38,7855183,0,0,0,0,0,0,0,0,0,38,38,7855183,0,0,0,0,0,0,0,0,0
201802,13,051,3,5,Chatham County                ,109,109,22788034,0,0,0,0,0,0,1,10,797078,101,101,21744252,0,0,0,0,0,0,0,0,0
201802,13,057,3,5,Cherokee County               ,248,248,60971108,0,0,0,0,0,0,0,0,0,248,248,60971108,0,0,0,0,0,0,0,0,0
201802,13,059,3,5,Clarke County                 ,50,50,8322830,0,0,0,0,0,0,0,0,0,50,50,8322830,0,0,0,0,0,0,0,0,0
201802,13,063,3,5,Clayton County                ,68,68,15334453,0,0,0,0,0,0,0,0,0,68,68,15334453,0,0,0,0,0,0,0,0,0
201802,13,067,3,5,Cobb County                   ,124,124,35198635,2,4,1085870,0,0,0,2,11,2365134,119,119,34244167,2,4,1085870,0,0,0,2,11,2365134
201802,13,073,3,5,Columbia County               ,127,127,23346867,0,0,0,0,0,0,0,0,0,28,28,4560455,0,0,0,0,0,0,0,0,0
201802,13,077,3,5,Coweta County                 ,64,64,20213457,0,0,0,0,0,0,0,0,0,61,61,19499211,0,0,0,0,0,0,0,0,0
201802,13,085,3,5,Dawson County                 ,50,50,8953009,0,0,0,0,0,0,0,0,0,50,50,8953009,0,0,0,0,0,0,0,0,0
201802,13,095,3,5,Dougherty County              ,2,2,296470,0,0,0,1,3,135000,1,5,503634,0,0,0,0,0,0,0,0,0,0,0,0
201802,13,097,3,5,Douglas County                ,21,21,3020392,0,0,0,0,0,0,0,0,0,21,21,3020392,0,0,0,0,0,0,0,0,0
201802,13,111,3,5,Fannin County                 ,21,21,4240882,0,0,0,0,0,0,0,0,0,0,0,0,0,0,0,0,0,0,0,0,0
201802,13,113,3,5,Fayette County                ,32,32,9877036,2,4,800000,0,0,0,0,0,0,29,29,8707910,2,4,800000,0,0,0,0,0,0
201802,13,115,3,5,Floyd County                  ,12,12,2009800,0,0,0,0,0,0,0,0,0,12,12,2009800,0,0,0,0,0,0,0,0,0
201802,13,117,3,5,Forsyth County                ,224,224,32432661,0,0,0,0,0,0,2,460,21740850,224,224,32432661,0,0,0,0,0,0,2,460,21740850
201802,13,121,3,5,Fulton County                 ,341,341,83008656,0,0,0,0,0,0,0,0,0,336,336,82364330,0,0,0,0,0,0,0,0,0
201802,13,127,3,5,Glynn County                  ,43,43,12981184,0,0,0,0,0,0,0,0,0,0,0,0,0,0,0,0,0,0,0,0,0
201802,13,135,3,5,Gwinnett County               ,275,275,64300688,0,0,0,0,0,0,0,0,0,270,270,62878294,0,0,0,0,0,0,0,0,0
201802,13,143,3,5,Haralson County               ,4,4,910989,0,0,0,0,0,0,0,0,0,0,0,0,0,0,0,0,0,0,0,0,0
201802,13,145,3,5,Harris County                 ,18,18,4598620,0,0,0,0,0,0,0,0,0,18,18,4598620,0,0,0,0,0,0,0,0,0
201802,13,149,3,5,Heard County                  ,2,2,462492,0,0,0,0,0,0,0,0,0,2,2,462492,0,0,0,0,0,0,0,0,0
201802,13,151,3,5,Henry County                  ,146,146,31048934,0,0,0,0,0,0,0,0,0,118,118,27242495,0,0,0,0,0,0,0,0,0
201802,13,159,3,5,Jasper County                 ,6,6,803844,0,0,0,0,0,0,0,0,0,0,0,0,0,0,0,0,0,0,0,0,0
201802,13,171,3,5,Lamar County                  ,5,5,552830,0,0,0,0,0,0,0,0,0,5,5,552830,0,0,0,0,0,0,0,0,0
201802,13,177,3,5,Lee County                    ,8,8,957515,0,0,0,0,0,0,0,0,0,8,8,957515,0,0,0,0,0,0,0,0,0
201802,13,179,3,5,Liberty County                ,29,29,7029767,0,0,0,0,0,0,0,0,0,17,17,4794633,0,0,0,0,0,0,0,0,0
201802,13,189,3,5,McDuffie County               ,2,2,552000,0,0,0,0,0,0,0,0,0,2,2,552000,0,0,0,0,0,0,0,0,0
201802,13,199,3,5,Meriwether County             ,6,6,1218730,0,0,0,0,0,0,0,0,0,6,6,1218730,0,0,0,0,0,0,0,0,0
201802,13,201,3,5,Miller County                 ,1,1,158000,0,0,0,0,0,0,0,0,0,1,1,158000,0,0,0,0,0,0,0,0,0
201802,13,207,3,5,Monroe County                 ,10,10,2219045,0,0,0,0,0,0,0,0,0,0,0,0,0,0,0,0,0,0,0,0,0
201802,13,215,3,5,Muscogee County               ,24,24,4604685,0,0,0,1,3,184640,1,6,1493687,0,0,0,0,0,0,0,0,0,0,0,0
201802,13,217,3,5,Newton County                 ,71,71,16337213,0,0,0,0,0,0,0,0,0,71,71,16337213,0,0,0,0,0,0,0,0,0
201802,13,227,3,5,Pickens County                ,7,7,2230500,0,0,0,0,0,0,0,0,0,7,7,2230500,0,0,0,0,0,0,0,0,0
201802,13,231,3,5,Pike County                   ,7,7,1122550,0,0,0,0,0,0,0,0,0,0,0,0,0,0,0,0,0,0,0,0,0
201802,13,235,3,5,Pulaski County                ,0,0,0,0,0,0,0,0,0,0,0,0,0,0,0,0,0,0,0,0,0,0,0,0
201802,13,245,3,5,Richmond County               ,29,29,4444490,0,0,0,0,0,0,1,17,1138267,1,1,160000,0,0,0,0,0,0,0,0,0
201802,13,247,3,5,Rockdale County               ,30,30,6570283,0,0,0,0,0,0,0,0,0,30,30,6570283,0,0,0,0,0,0,0,0,0
201802,13,255,3,5,Spalding County               ,14,14,1625569,0,0,0,0,0,0,0,0,0,14,14,1625569,0,0,0,0,0,0,0,0,0
201802,13,275,3,5,Thomas County                 ,8,8,2017910,0,0,0,0,0,0,1,10,1122327,6,6,1631784,0,0,0,0,0,0,0,0,0
201802,13,291,3,5,Union County                  ,18,18,3360017,0,0,0,0,0,0,0,0,0,18,18,3360017,0,0,0,0,0,0,0,0,0
201802,15,001,4,9,Hawaii County                 ,90,90,25573038,0,0,0,0,0,0,0,0,0,90,90,25573038,0,0,0,0,0,0,0,0,0
201802,15,003,4,9,Honolulu County               ,44,44,16420235,0,0,0,0,0,0,1,485,105200000,44,44,16420235,0,0,0,0,0,0,1,485,105200000
201802,15,007,4,9,Kauai County                  ,35,35,15160341,0,0,0,0,0,0,0,0,0,35,35,15160341,0,0,0,0,0,0,0,0,0
201802,15,009,4,9,Maui County                   ,27,27,9599961,4,8,2036040,0,0,0,2,12,32066184,27,27,9599961,4,8,2036040,0,0,0,2,12,32066184
201802,16,001,4,8,Ada County                    ,308,308,75707321,1,2,353459,1,4,273619,2,48,5681258,246,246,58644576,0,0,0,0,0,0,0,0,0
201802,16,015,4,8,Boise County                  ,3,3,810405,0,0,0,0,0,0,0,0,0,3,3,810405,0,0,0,0,0,0,0,0,0
201802,16,027,4,8,Canyon County                 ,161,161,26998570,1,2,234103,0,0,0,0,0,0,161,161,26998570,1,2,234103,0,0,0,0,0,0
201802,16,045,4,8,Gem County                    ,3,3,423823,0,0,0,0,0,0,1,5,298436,1,1,187283,0,0,0,0,0,0,0,0,0
201802,16,073,4,8,Owyhee County                 ,1,1,158983,0,0,0,0,0,0,0,0,0,0,0,0,0,0,0,0,0,0,0,0,0
201802,17,005,2,3,Bond County                   ,1,1,176208,0,0,0,0,0,0,0,0,0,0,0,0,0,0,0,0,0,0,0,0,0
201802,17,013,2,3,Calhoun County                ,1,1,170000,0,0,0,0,0,0,0,0,0,1,1,170000,0,0,0,0,0,0,0,0,0
201802,17,031,2,3,Cook County                   ,90,90,26277530,6,12,3452100,10,33,4713000,11,123,25235100,77,77,21835348,6,12,3452100,10,33,4713000,11,123,25235100
201802,17,037,2,3,DeKalb County                 ,0,0,0,0,0,0,0,0,0,0,0,0,0,0,0,0,0,0,0,0,0,0,0,0
201802,17,039,2,3,De Witt County                ,0,0,0,0,0,0,0,0,0,0,0,0,0,0,0,0,0,0,0,0,0,0,0,0
201802,17,043,2,3,DuPage County                 ,55,55,20389764,1,2,390000,1,4,500000,2,174,43779197,50,50,18042277,1,2,390000,1,4,500000,1,164,43542000
201802,17,063,2,3,Grundy County                 ,5,5,917182,0,0,0,0,0,0,1,5,256410,5,5,917182,0,0,0,0,0,0,0,0,0
201802,17,083,2,3,Jersey County                 ,0,0,0,0,0,0,0,0,0,0,0,0,0,0,0,0,0,0,0,0,0,0,0,0
201802,17,093,2,3,Kendall County                ,27,27,3120531,0,0,0,0,0,0,0,0,0,23,23,2207820,0,0,0,0,0,0,0,0,0
201802,17,097,2,3,Lake County                   ,29,29,11630477,0,0,0,0,0,0,2,10,2531572,13,13,5610143,0,0,0,0,0,0,0,0,0
201802,17,111,2,3,McHenry County                ,23,23,3937674,0,0,0,0,0,0,0,0,0,19,19,3454276,0,0,0,0,0,0,0,0,0
201802,17,119,2,3,Madison County                ,18,18,4613710,0,0,0,0,0,0,0,0,0,16,16,4184359,0,0,0,0,0,0,0,0,0
201802,17,133,2,3,Monroe County                 ,12,12,3196639,0,0,0,0,0,0,0,0,0,9,9,2487862,0,0,0,0,0,0,0,0,0
201802,17,197,2,3,Will County                   ,69,69,16451634,0,0,0,0,0,0,0,0,0,60,60,14614593,0,0,0,0,0,0,0,0,0
201802,18,003,2,3,Allen County                  ,63,63,16298365,0,0,0,0,0,0,2,10,1160749,63,63,16298365,0,0,0,0,0,0,2,10,1160749
201802,18,011,2,3,Boone County                  ,29,29,9763116,0,0,0,0,0,0,0,0,0,29,29,9763116,0,0,0,0,0,0,0,0,0
201802,18,013,2,3,Brown County                  ,5,5,1293521,0,0,0,0,0,0,0,0,0,5,5,1293521,0,0,0,0,0,0,0,0,0
201802,18,019,2,3,Clark County                  ,22,22,5174507,0,0,0,0,0,0,0,0,0,19,19,4754600,0,0,0,0,0,0,0,0,0
201802,18,047,2,3,Franklin County               ,2,2,900000,0,0,0,0,0,0,0,0,0,2,2,900000,0,0,0,0,0,0,0,0,0
201802,18,057,2,3,Hamilton County               ,177,177,59464510,0,0,0,0,0,0,0,0,0,176,176,59166854,0,0,0,0,0,0,0,0,0
201802,18,059,2,3,Hancock County                ,36,36,8037823,0,0,0,0,0,0,0,0,0,36,36,8037823,0,0,0,0,0,0,0,0,0
201802,18,061,2,3,Harrison County               ,10,10,2180000,0,0,0,0,0,0,0,0,0,10,10,2180000,0,0,0,0,0,0,0,0,0
201802,18,063,2,3,Hendricks County              ,72,72,17935203,1,2,137273,0,0,0,0,0,0,68,68,17058733,0,0,0,0,0,0,0,0,0
201802,18,069,2,3,Huntington County             ,1,1,152310,0,0,0,0,0,0,0,0,0,1,1,152310,0,0,0,0,0,0,0,0,0
201802,18,073,2,3,Jasper County                 ,5,5,1293521,0,0,0,0,0,0,0,0,0,5,5,1293521,0,0,0,0,0,0,0,0,0
201802,18,081,2,3,Johnson County                ,36,36,9191735,0,0,0,0,0,0,0,0,0,34,34,8960597,0,0,0,0,0,0,0,0,0
201802,18,087,2,3,Lagrange County               ,6,6,1300000,0,0,0,0,0,0,0,0,0,6,6,1300000,0,0,0,0,0,0,0,0,0
201802,18,089,2,3,Lake County                   ,82,82,19239806,0,0,0,0,0,0,0,0,0,75,75,18011308,0,0,0,0,0,0,0,0,0
201802,18,097,2,3,Marion County                 ,84,84,21654094,2,4,484592,0,0,0,1,80,9285992,84,84,21654094,2,4,484592,0,0,0,1,80,9285992
201802,18,105,2,3,Monroe County                 ,17,17,4200353,0,0,0,0,0,0,1,8,920274,0,0,0,0,0,0,0,0,0,0,0,0
201802,18,109,2,3,Morgan County                 ,8,8,2064704,0,0,0,0,0,0,0,0,0,8,8,2064704,0,0,0,0,0,0,0,0,0
201802,18,111,2,3,Newton County                 ,1,1,210840,0,0,0,0,0,0,0,0,0,0,0,0,0,0,0,0,0,0,0,0,0
201802,18,115,2,3,Ohio County                   ,1,1,140000,0,0,0,0,0,0,0,0,0,1,1,140000,0,0,0,0,0,0,0,0,0
201802,18,119,2,3,Owen County                   ,2,2,517408,0,0,0,0,0,0,0,0,0,2,2,517408,0,0,0,0,0,0,0,0,0
201802,18,127,2,3,Porter County                 ,26,26,6344779,1,2,376947,0,0,0,0,0,0,20,20,5326368,1,2,376947,0,0,0,0,0,0
201802,18,133,2,3,Putnam County                 ,13,13,3220746,0,0,0,0,0,0,0,0,0,13,13,3220746,0,0,0,0,0,0,0,0,0
201802,18,145,2,3,Shelby County                 ,3,3,467857,1,2,221200,0,0,0,0,0,0,1,1,157000,0,0,0,0,0,0,0,0,0
201802,18,151,2,3,Steuben County                ,6,6,2012800,0,0,0,0,0,0,0,0,0,6,6,2012800,0,0,0,0,0,0,0,0,0
201802,18,157,2,3,Tippecanoe County             ,30,30,6630294,1,2,360000,0,0,0,5,120,13928988,26,26,6134084,0,0,0,0,0,0,5,120,13928988
201802,18,163,2,3,Vanderburgh County            ,10,10,1307201,0,0,0,0,0,0,0,0,0,10,10,1307201,0,0,0,0,0,0,0,0,0
201802,18,167,2,3,Vigo County                   ,1,1,133280,0,0,0,0,0,0,1,12,757250,0,0,0,0,0,0,0,0,0,0,0,0
201802,18,175,2,3,Washington County             ,2,2,329743,0,0,0,0,0,0,0,0,0,0,0,0,0,0,0,0,0,0,0,0,0
201802,18,183,2,3,Whitley County                ,3,3,757716,0,0,0,0,0,0,0,0,0,3,3,757716,0,0,0,0,0,0,0,0,0
201802,19,049,2,4,Dallas County                 ,42,42,11738776,2,4,538468,0,0,0,1,5,460526,42,42,11738776,2,4,538468,0,0,0,0,0,0
201802,19,085,2,4,Harrison County               ,2,2,560000,0,0,0,0,0,0,0,0,0,2,2,560000,0,0,0,0,0,0,0,0,0
201802,19,129,2,4,Mills County                  ,0,0,0,0,0,0,0,0,0,0,0,0,0,0,0,0,0,0,0,0,0,0,0,0
201802,19,153,2,4,Polk County                   ,119,119,29734725,0,0,0,0,0,0,0,0,0,101,101,27344001,0,0,0,0,0,0,0,0,0
201802,19,181,2,4,Warren County                 ,18,18,4339152,0,0,0,0,0,0,0,0,0,17,17,4100325,0,0,0,0,0,0,0,0,0
201802,20,061,2,4,Geary County                  ,0,0,0,0,0,0,0,0,0,0,0,0,0,0,0,0,0,0,0,0,0,0,0,0
201802,20,091,2,4,Johnson County                ,133,133,42466363,0,0,0,2,7,1053280,2,16,2085715,95,95,29425330,0,0,0,1,4,607000,0,0,0
201802,20,103,2,4,Leavenworth County            ,27,27,4857595,0,0,0,0,0,0,0,0,0,27,27,4857595,0,0,0,0,0,0,0,0,0
201802,20,107,2,4,Linn County                   ,3,3,238635,0,0,0,0,0,0,0,0,0,0,0,0,0,0,0,0,0,0,0,0,0
201802,20,121,2,4,Miami County                  ,4,4,1260348,0,0,0,0,0,0,0,0,0,0,0,0,0,0,0,0,0,0,0,0,0
201802,20,209,2,4,Wyandotte County              ,11,11,2140679,0,0,0,0,0,0,0,0,0,11,11,2140679,0,0,0,0,0,0,0,0,0
201802,21,005,3,6,Anderson County               ,2,2,410400,0,0,0,0,0,0,0,0,0,2,2,410400,0,0,0,0,0,0,0,0,0
201802,21,015,3,6,Boone County                  ,34,34,6554771,1,2,338746,0,0,0,0,0,0,34,34,6554771,1,2,338746,0,0,0,0,0,0
201802,21,017,3,6,Bourbon County                ,3,3,282000,0,0,0,0,0,0,0,0,0,3,3,282000,0,0,0,0,0,0,0,0,0
201802,21,021,3,6,Boyle County                  ,1,1,194226,0,0,0,0,0,0,0,0,0,1,1,194226,0,0,0,0,0,0,0,0,0
201802,21,029,3,6,Bullitt County                ,26,26,8764242,0,0,0,0,0,0,0,0,0,26,26,8764242,0,0,0,0,0,0,0,0,0
201802,21,035,3,6,Calloway County               ,2,2,260000,2,4,480000,0,0,0,0,0,0,2,2,260000,2,4,480000,0,0,0,0,0,0
201802,21,037,3,6,Campbell County               ,2,2,654448,0,0,0,0,0,0,0,0,0,2,2,654448,0,0,0,0,0,0,0,0,0
201802,21,045,3,6,Casey County                  ,0,0,0,0,0,0,0,0,0,0,0,0,0,0,0,0,0,0,0,0,0,0,0,0
201802,21,047,3,6,Christian County              ,4,4,682400,0,0,0,0,0,0,0,0,0,2,2,540000,0,0,0,0,0,0,0,0,0
201802,21,049,3,6,Clark County                  ,4,4,871530,0,0,0,0,0,0,1,5,346250,0,0,0,0,0,0,0,0,0,0,0,0
201802,21,067,3,6,Fayette County                ,60,60,9863872,1,2,204889,0,0,0,1,40,3130648,0,0,0,0,0,0,0,0,0,0,0,0
201802,21,069,3,6,Fleming County                ,0,0,0,0,0,0,0,0,0,0,0,0,0,0,0,0,0,0,0,0,0,0,0,0
201802,21,077,3,6,Gallatin County               ,1,1,187321,0,0,0,0,0,0,0,0,0,0,0,0,0,0,0,0,0,0,0,0,0
201802,21,081,3,6,Grant County                  ,3,3,558000,0,0,0,0,0,0,0,0,0,3,3,558000,0,0,0,0,0,0,0,0,0
201802,21,091,3,6,Hancock County                ,1,1,194226,0,0,0,0,0,0,0,0,0,1,1,194226,0,0,0,0,0,0,0,0,0
201802,21,099,3,6,Hart County                   ,4,4,389000,0,0,0,0,0,0,1,5,567738,0,0,0,0,0,0,0,0,0,0,0,0
201802,21,101,3,6,Henderson County              ,1,1,165000,0,0,0,0,0,0,0,0,0,1,1,165000,0,0,0,0,0,0,0,0,0
201802,21,103,3,6,Henry County                  ,2,2,300000,0,0,0,0,0,0,0,0,0,2,2,300000,0,0,0,0,0,0,0,0,0
201802,21,111,3,6,Jefferson County              ,101,101,26531507,0,0,0,0,0,0,2,27,1357500,101,101,26531507,0,0,0,0,0,0,2,27,1357500
201802,21,113,3,6,Jessamine County              ,8,8,2253500,0,0,0,1,3,630000,0,0,0,8,8,2253500,0,0,0,1,3,630000,0,0,0
201802,21,115,3,6,Johnson County                ,0,0,0,0,0,0,0,0,0,0,0,0,0,0,0,0,0,0,0,0,0,0,0,0
201802,21,117,3,6,Kenton County                 ,20,20,4583573,0,0,0,0,0,0,0,0,0,20,20,4583573,0,0,0,0,0,0,0,0,0
201802,21,121,3,6,Knox County                   ,0,0,0,0,0,0,0,0,0,0,0,0,0,0,0,0,0,0,0,0,0,0,0,0
201802,21,123,3,6,Larue County                  ,4,4,924984,0,0,0,0,0,0,0,0,0,4,4,924984,0,0,0,0,0,0,0,0,0
201802,21,137,3,6,Lincoln County                ,2,2,404521,0,0,0,0,0,0,0,0,0,0,0,0,0,0,0,0,0,0,0,0,0
201802,21,145,3,6,McCracken County              ,12,12,1614603,0,0,0,0,0,0,0,0,0,12,12,1614603,0,0,0,0,0,0,0,0,0
201802,21,151,3,6,Madison County                ,16,16,1815652,1,2,112996,0,0,0,0,0,0,6,6,950000,0,0,0,0,0,0,0,0,0
201802,21,157,3,6,Marshall County               ,2,2,397000,0,0,0,0,0,0,0,0,0,2,2,397000,0,0,0,0,0,0,0,0,0
201802,21,161,3,6,Mason County                  ,0,0,0,0,0,0,0,0,0,0,0,0,0,0,0,0,0,0,0,0,0,0,0,0
201802,21,163,3,6,Meade County                  ,7,7,1017604,0,0,0,0,0,0,0,0,0,0,0,0,0,0,0,0,0,0,0,0,0
201802,21,167,3,6,Mercer County                 ,2,2,280000,0,0,0,0,0,0,0,0,0,2,2,280000,0,0,0,0,0,0,0,0,0
201802,21,175,3,6,Morgan County                 ,1,1,75000,0,0,0,0,0,0,0,0,0,0,0,0,0,0,0,0,0,0,0,0,0
201802,21,179,3,6,Nelson County                 ,11,11,1577000,1,2,170000,0,0,0,0,0,0,11,11,1577000,1,2,170000,0,0,0,0,0,0
201802,21,185,3,6,Oldham County                 ,29,29,9065462,0,0,0,0,0,0,0,0,0,0,0,0,0,0,0,0,0,0,0,0,0
201802,21,191,3,6,Pendleton County              ,0,0,0,0,0,0,0,0,0,0,0,0,0,0,0,0,0,0,0,0,0,0,0,0
201802,21,209,3,6,Scott County                  ,18,18,3597434,0,0,0,0,0,0,0,0,0,18,18,3597434,0,0,0,0,0,0,0,0,0
201802,21,211,3,6,Shelby County                 ,13,13,2370445,0,0,0,0,0,0,0,0,0,13,13,2370445,0,0,0,0,0,0,0,0,0
201802,21,213,3,6,Simpson County                ,3,3,399389,0,0,0,0,0,0,0,0,0,3,3,399389,0,0,0,0,0,0,0,0,0
201802,21,215,3,6,Spencer County                ,5,5,1156230,0,0,0,0,0,0,0,0,0,5,5,1156230,0,0,0,0,0,0,0,0,0
201802,21,221,3,6,Trigg County                  ,1,1,231246,0,0,0,0,0,0,0,0,0,1,1,231246,0,0,0,0,0,0,0,0,0
201802,21,225,3,6,Union County                  ,1,1,209366,0,0,0,0,0,0,0,0,0,0,0,0,0,0,0,0,0,0,0,0,0
201802,21,239,3,6,Woodford County               ,2,2,212500,0,0,0,0,0,0,0,0,0,2,2,212500,0,0,0,0,0,0,0,0,0
201802,22,005,3,7,Ascension Parish              ,78,78,13026357,0,0,0,0,0,0,0,0,0,7,7,1450000,0,0,0,0,0,0,0,0,0
201802,22,015,3,7,Bossier Parish                ,40,40,6942042,0,0,0,0,0,0,0,0,0,40,40,6942042,0,0,0,0,0,0,0,0,0
201802,22,017,3,7,Caddo Parish                  ,25,25,7514352,0,0,0,0,0,0,0,0,0,23,23,7201104,0,0,0,0,0,0,0,0,0
201802,22,031,3,7,De Soto Parish                ,9,9,1999181,0,0,0,0,0,0,0,0,0,6,6,1165357,0,0,0,0,0,0,0,0,0
201802,22,033,3,7,East Baton Rouge Parish       ,116,116,29309631,0,0,0,0,0,0,0,0,0,116,116,29309631,0,0,0,0,0,0,0,0,0
201802,22,037,3,7,East Feliciana Parish         ,8,8,1553809,0,0,0,0,0,0,0,0,0,8,8,1553809,0,0,0,0,0,0,0,0,0
201802,22,047,3,7,Iberville Parish              ,8,8,2093547,0,0,0,0,0,0,0,0,0,4,4,1282258,0,0,0,0,0,0,0,0,0
201802,22,051,3,7,Jefferson Parish              ,38,38,8610931,1,2,194633,0,0,0,1,9,905308,2,2,501114,0,0,0,0,0,0,0,0,0
201802,22,055,3,7,Lafayette Parish              ,80,80,16875527,0,0,0,0,0,0,0,0,0,50,50,12821958,0,0,0,0,0,0,0,0,0
201802,22,063,3,7,Livingston Parish             ,64,64,14530515,0,0,0,1,3,232174,0,0,0,1,1,203000,0,0,0,0,0,0,0,0,0
201802,22,071,3,7,Orleans Parish                ,25,25,5422262,2,4,485252,0,0,0,1,15,3692124,0,0,0,0,0,0,0,0,0,0,0,0
201802,22,075,3,7,Plaquemines Parish            ,4,4,1227744,1,2,280000,0,0,0,0,0,0,0,0,0,0,0,0,0,0,0,0,0,0
201802,22,077,3,7,Pointe Coupee Parish          ,2,2,520864,0,0,0,0,0,0,0,0,0,2,2,520864,0,0,0,0,0,0,0,0,0
201802,22,087,3,7,St. Bernard Parish            ,18,18,3234000,0,0,0,0,0,0,0,0,0,18,18,3234000,0,0,0,0,0,0,0,0,0
201802,22,089,3,7,St. Charles Parish            ,14,14,3036000,0,0,0,1,3,570000,0,0,0,14,14,3036000,0,0,0,1,3,570000,0,0,0
201802,22,091,3,7,St. Helena Parish             ,0,0,0,0,0,0,0,0,0,0,0,0,0,0,0,0,0,0,0,0,0,0,0,0
201802,22,095,3,7,St. John the Baptist Parish   ,4,4,639052,0,0,0,0,0,0,0,0,0,0,0,0,0,0,0,0,0,0,0,0,0
201802,22,099,3,7,St. Martin Parish             ,13,13,2563396,0,0,0,0,0,0,0,0,0,1,1,320000,0,0,0,0,0,0,0,0,0
201802,22,103,3,7,St. Tammany Parish            ,92,92,23585944,0,0,0,0,0,0,0,0,0,88,88,22258736,0,0,0,0,0,0,0,0,0
201802,22,109,3,7,Terrebonne Parish             ,2,2,511955,0,0,0,0,0,0,0,0,0,2,2,511955,0,0,0,0,0,0,0,0,0
201802,22,121,3,7,West Baton Rouge Parish       ,42,42,5349676,0,0,0,0,0,0,0,0,0,41,41,5258614,0,0,0,0,0,0,0,0,0
201802,22,125,3,7,West Feliciana Parish         ,4,4,1419681,0,0,0,0,0,0,0,0,0,1,1,200000,0,0,0,0,0,0,0,0,0
201802,23,000,1,1,Maine Unorganized Territory   ,4,4,531201,0,0,0,0,0,0,0,0,0,0,0,0,0,0,0,0,0,0,0,0,0
201802,24,003,3,5,Anne Arundel County           ,188,188,43239560,0,0,0,0,0,0,0,0,0,184,184,42549247,0,0,0,0,0,0,0,0,0
201802,24,005,3,5,Baltimore County              ,82,82,18962164,0,0,0,0,0,0,1,32,3447011,82,82,18962164,0,0,0,0,0,0,1,32,3447011
201802,24,009,3,5,Calvert County                ,16,16,3699934,0,0,0,0,0,0,0,0,0,16,16,3699934,0,0,0,0,0,0,0,0,0
201802,24,013,3,5,Carroll County                ,19,19,4393672,0,0,0,0,0,0,0,0,0,19,19,4393672,0,0,0,0,0,0,0,0,0
201802,24,015,3,5,Cecil County                  ,9,9,2358735,0,0,0,0,0,0,0,0,0,9,9,2358735,0,0,0,0,0,0,0,0,0
201802,24,017,3,5,Charles County                ,68,68,14025316,0,0,0,0,0,0,0,0,0,64,64,13401000,0,0,0,0,0,0,0,0,0
201802,24,021,3,5,Frederick County              ,95,95,24660872,10,20,4082175,0,0,0,0,0,0,95,95,24660872,10,20,4082175,0,0,0,0,0,0
201802,24,023,3,5,Garrett County                ,7,7,3543735,0,0,0,0,0,0,0,0,0,7,7,3543735,0,0,0,0,0,0,0,0,0
201802,24,025,3,5,Harford County                ,35,35,7484885,0,0,0,0,0,0,0,0,0,35,35,7484885,0,0,0,0,0,0,0,0,0
201802,24,027,3,5,Howard County                 ,102,102,23587082,0,0,0,0,0,0,0,0,0,102,102,23587082,0,0,0,0,0,0,0,0,0
201802,24,031,3,5,Montgomery County             ,56,56,12914088,5,10,750000,0,0,0,0,0,0,56,56,12914088,5,10,750000,0,0,0,0,0,0
201802,24,033,3,5,Prince George County          ,175,175,40468034,0,0,0,0,0,0,0,0,0,175,175,40468034,0,0,0,0,0,0,0,0,0
201802,24,035,3,5,Queen Anne County             ,9,9,2109967,0,0,0,0,0,0,0,0,0,9,9,2109967,0,0,0,0,0,0,0,0,0
201802,24,037,3,5,St. Marys County              ,48,48,9098000,0,0,0,0,0,0,0,0,0,48,48,9098000,0,0,0,0,0,0,0,0,0
201802,24,039,3,5,Somerset County               ,1,1,172918,0,0,0,0,0,0,0,0,0,0,0,0,0,0,0,0,0,0,0,0,0
201802,24,045,3,5,Wicomico County               ,7,7,1396534,0,0,0,0,0,0,0,0,0,7,7,1396534,0,0,0,0,0,0,0,0,0
201802,24,510,3,5,Baltimore (Independent City)  ,24,24,4185350,0,0,0,0,0,0,1,41,8418533,0,0,0,0,0,0,0,0,0,0,0,0
201802,25,005,1,1,Bristol County                ,51,51,11027633,5,10,1136300,0,0,0,1,5,597199,29,29,6291100,5,10,1136300,0,0,0,0,0,0
201802,25,009,1,1,Essex County                  ,37,37,11482767,6,12,1981031,0,0,0,1,6,810456,14,14,3961640,0,0,0,0,0,0,0,0,0
201802,25,017,1,1,Middlesex County              ,83,83,27763738,13,26,3842225,2,7,995144,9,109,15724840,31,31,13823720,2,4,769040,0,0,0,1,36,4808680
201802,25,021,1,1,Norfolk County                ,52,52,21374385,0,0,0,1,3,4103134,2,12,1014947,32,32,12447770,0,0,0,0,0,0,0,0,0
201802,25,023,1,1,Plymouth County               ,58,58,13508380,1,2,250000,0,0,0,1,5,428571,21,21,4989353,0,0,0,0,0,0,0,0,0
201802,25,025,1,1,Suffolk County                ,7,7,1776433,5,10,1556203,1,4,850000,7,193,52456000,6,6,1607025,4,8,1350000,1,4,850000,7,193,52456000
201802,26,000,2,3,Michigan Balance of State     ,3,3,561707,0,0,0,0,0,0,0,0,0,0,0,0,0,0,0,0,0,0,0,0,0
201802,26,019,2,3,Benzie County                 ,1,1,187056,0,0,0,0,0,0,0,0,0,1,1,187056,0,0,0,0,0,0,0,0,0
201802,26,029,2,3,Charlevoix County             ,3,3,610990,0,0,0,0,0,0,0,0,0,0,0,0,0,0,0,0,0,0,0,0,0
201802,26,089,2,3,Leelanau County               ,6,6,1402740,0,0,0,0,0,0,0,0,0,6,6,1402740,0,0,0,0,0,0,0,0,0
201802,26,093,2,3,Livingston County             ,35,35,9236318,0,0,0,0,0,0,0,0,0,33,33,9032175,0,0,0,0,0,0,0,0,0
201802,26,095,2,3,Luce County                   ,0,0,0,0,0,0,0,0,0,0,0,0,0,0,0,0,0,0,0,0,0,0,0,0
201802,26,099,2,3,Macomb County                 ,93,93,28495928,5,10,1400000,0,0,0,1,11,1276824,93,93,28495928,5,10,1400000,0,0,0,1,11,1276824
201802,26,103,2,3,Marquette County              ,1,1,330000,0,0,0,0,0,0,0,0,0,1,1,330000,0,0,0,0,0,0,0,0,0
201802,26,137,2,3,Otsego County                 ,1,1,81000,0,0,0,0,0,0,0,0,0,0,0,0,0,0,0,0,0,0,0,0,0
201802,26,147,2,3,St. Clair County              ,10,10,2182927,0,0,0,0,0,0,0,0,0,10,10,2182927,0,0,0,0,0,0,0,0,0
201802,26,163,2,3,Wayne County                  ,62,62,17704487,0,0,0,0,0,0,0,0,0,58,58,17310407,0,0,0,0,0,0,0,0,0
201802,27,003,2,4,Anoka County                  ,62,62,17215313,0,0,0,0,0,0,0,0,0,47,47,13225460,0,0,0,0,0,0,0,0,0
201802,27,019,2,4,Carver County                 ,49,49,13556727,1,2,480350,0,0,0,0,0,0,47,47,13092510,1,2,480350,0,0,0,0,0,0
201802,27,025,2,4,Chisago County                ,9,9,2125933,0,0,0,0,0,0,0,0,0,9,9,2125933,0,0,0,0,0,0,0,0,0
201802,27,027,2,4,Clay County                   ,0,0,0,0,0,0,0,0,0,0,0,0,0,0,0,0,0,0,0,0,0,0,0,0
201802,27,037,2,4,Dakota County                 ,74,74,22614409,0,0,0,0,0,0,0,0,0,60,60,18152922,0,0,0,0,0,0,0,0,0
201802,27,053,2,4,Hennepin County               ,114,114,47788121,0,0,0,0,0,0,3,517,110478300,112,112,46208805,0,0,0,0,0,0,2,505,108358749
201802,27,059,2,4,Isanti County                 ,10,10,2274305,0,0,0,0,0,0,0,0,0,6,6,1613239,0,0,0,0,0,0,0,0,0
201802,27,123,2,4,Ramsey County                 ,10,10,4096720,0,0,0,0,0,0,0,0,0,10,10,4096720,0,0,0,0,0,0,0,0,0
201802,27,139,2,4,Scott County                  ,28,28,9940472,0,0,0,0,0,0,0,0,0,19,19,7009507,0,0,0,0,0,0,0,0,0
201802,27,141,2,4,Sherburne County              ,25,25,5547711,0,0,0,0,0,0,0,0,0,25,25,5547711,0,0,0,0,0,0,0,0,0
201802,27,163,2,4,Washington County             ,44,44,13769320,0,0,0,3,11,1602000,0,0,0,41,41,12408212,0,0,0,3,11,1602000,0,0,0
201802,27,171,2,4,Wright County                 ,46,46,12969302,1,2,500000,0,0,0,0,0,0,41,41,11913212,1,2,500000,0,0,0,0,0,0
201802,28,033,3,6,DeSoto County                 ,66,66,10996820,0,0,0,0,0,0,0,0,0,66,66,10996820,0,0,0,0,0,0,0,0,0
201802,28,041,3,6,Greene County                 ,0,0,0,0,0,0,0,0,0,0,0,0,0,0,0,0,0,0,0,0,0,0,0,0
201802,28,045,3,6,Hancock County                ,33,33,5418453,0,0,0,1,3,301084,1,6,507976,9,9,1745957,0,0,0,0,0,0,0,0,0
201802,28,047,3,6,Harrison County               ,71,71,11197434,1,2,245000,0,0,0,0,0,0,53,53,8587188,0,0,0,0,0,0,0,0,0
201802,28,067,3,6,Jones County                  ,2,2,293569,0,0,0,0,0,0,0,0,0,0,0,0,0,0,0,0,0,0,0,0,0
201802,28,129,3,6,Smith County                  ,0,0,0,0,0,0,0,0,0,0,0,0,0,0,0,0,0,0,0,0,0,0,0,0
201802,28,137,3,6,Tate County                   ,11,11,2463000,0,0,0,0,0,0,0,0,0,11,11,2463000,0,0,0,0,0,0,0,0,0
201802,28,143,3,6,Tunica County                 ,1,1,500000,0,0,0,0,0,0,0,0,0,1,1,500000,0,0,0,0,0,0,0,0,0
201802,28,145,3,6,Union County                  ,1,1,271000,0,0,0,0,0,0,0,0,0,1,1,271000,0,0,0,0,0,0,0,0,0
201802,28,149,3,6,Warren County                 ,0,0,425000,0,0,0,0,0,0,0,0,0,0,0,425000,0,0,0,0,0,0,0,0,0
201802,29,013,2,4,Bates County                  ,0,0,0,0,0,0,0,0,0,0,0,0,0,0,0,0,0,0,0,0,0,0,0,0
201802,29,017,2,4,Bollinger County              ,0,0,0,0,0,0,0,0,0,0,0,0,0,0,0,0,0,0,0,0,0,0,0,0
201802,29,019,2,4,Boone County                  ,38,38,8397381,1,2,426406,0,0,0,0,0,0,38,38,8397381,1,2,426406,0,0,0,0,0,0
201802,29,049,2,4,Clinton County                ,7,7,1350000,0,0,0,0,0,0,0,0,0,7,7,1350000,0,0,0,0,0,0,0,0,0
201802,29,065,2,4,Dent County                   ,0,0,0,0,0,0,0,0,0,0,0,0,0,0,0,0,0,0,0,0,0,0,0,0
201802,29,071,2,4,Franklin County               ,29,29,5646098,0,0,0,0,0,0,0,0,0,18,18,3163654,0,0,0,0,0,0,0,0,0
201802,29,095,2,4,Jackson County                ,232,232,40056194,0,0,0,0,0,0,0,0,0,230,230,39398021,0,0,0,0,0,0,0,0,0
201802,29,099,2,4,Jefferson County              ,33,33,5636981,0,0,0,0,0,0,0,0,0,27,27,4882353,0,0,0,0,0,0,0,0,0
201802,29,105,2,4,Laclede County                ,0,0,0,0,0,0,0,0,0,0,0,0,0,0,0,0,0,0,0,0,0,0,0,0
201802,29,107,2,4,Lafayette County              ,2,2,461164,0,0,0,0,0,0,0,0,0,0,0,0,0,0,0,0,0,0,0,0,0
201802,29,113,2,4,Lincoln County                ,13,13,2501101,0,0,0,0,0,0,0,0,0,7,7,980000,0,0,0,0,0,0,0,0,0
201802,29,165,2,4,Platte County                 ,14,14,4443357,0,0,0,0,0,0,0,0,0,14,14,4443357,0,0,0,0,0,0,0,0,0
201802,29,185,2,4,St. Clair County              ,0,0,0,0,0,0,0,0,0,0,0,0,0,0,0,0,0,0,0,0,0,0,0,0
201802,29,189,2,4,St. Louis County              ,70,70,32023032,0,0,0,0,0,0,1,7,860571,32,32,18477370,0,0,0,0,0,0,0,0,0
201802,29,219,2,4,Warren County                 ,20,20,4683458,0,0,0,0,0,0,0,0,0,20,20,4683458,0,0,0,0,0,0,0,0,0
201802,29,221,2,4,Washington County             ,0,0,0,0,0,0,0,0,0,0,0,0,0,0,0,0,0,0,0,0,0,0,0,0
201802,29,510,2,4,St. Louis (Independent City)  ,6,6,1495000,0,0,0,0,0,0,0,0,0,6,6,1495000,0,0,0,0,0,0,0,0,0
201802,30,033,4,8,Garfield County               ,0,0,0,0,0,0,0,0,0,0,0,0,0,0,0,0,0,0,0,0,0,0,0,0
201802,30,063,4,8,Missoula County               ,23,23,4859036,2,4,511281,0,0,0,1,35,3184822,23,23,4859036,2,4,511281,0,0,0,1,35,3184822
201802,30,093,4,8,Silver Bow County             ,2,2,207931,0,0,0,0,0,0,0,0,0,2,2,207931,0,0,0,0,0,0,0,0,0
201802,31,001,2,4,Adams County                  ,1,1,369913,0,0,0,0,0,0,0,0,0,1,1,369913,0,0,0,0,0,0,0,0,0
201802,31,025,2,4,Cass County                   ,7,7,1369680,0,0,0,0,0,0,0,0,0,7,7,1369680,0,0,0,0,0,0,0,0,0
201802,31,033,2,4,Cheyenne County               ,0,0,0,0,0,0,0,0,0,0,0,0,0,0,0,0,0,0,0,0,0,0,0,0
201802,31,055,2,4,Douglas County                ,111,111,17911996,0,0,0,0,0,0,2,247,12558740,105,105,16513077,0,0,0,0,0,0,2,247,12558740
201802,31,105,2,4,Kimball County                ,0,0,0,0,0,0,0,0,0,0,0,0,0,0,0,0,0,0,0,0,0,0,0,0
201802,31,153,2,4,Sarpy County                  ,61,61,16994189,0,0,0,0,0,0,0,0,0,32,32,9947964,0,0,0,0,0,0,0,0,0
201802,31,165,2,4,Sioux County                  ,0,0,0,0,0,0,0,0,0,0,0,0,0,0,0,0,0,0,0,0,0,0,0,0
201802,31,177,2,4,Washington County             ,3,3,1274937,0,0,0,0,0,0,0,0,0,3,3,1274937,0,0,0,0,0,0,0,0,0
201802,32,001,4,8,Churchill County              ,8,8,1814961,0,0,0,0,0,0,0,0,0,8,8,1814961,0,0,0,0,0,0,0,0,0
201802,32,003,4,8,Clark County                  ,812,812,208903242,0,0,0,6,24,1132563,20,407,22481138,812,812,208903242,0,0,0,6,24,1132563,20,407,22481138
201802,32,005,4,8,Douglas County                ,6,6,2126257,0,0,0,0,0,0,0,0,0,6,6,2126257,0,0,0,0,0,0,0,0,0
201802,32,007,4,8,Elko County                   ,13,13,1891655,0,0,0,0,0,0,0,0,0,12,12,1825655,0,0,0,0,0,0,0,0,0
201802,32,013,4,8,Humboldt County               ,2,2,338786,0,0,0,0,0,0,0,0,0,2,2,338786,0,0,0,0,0,0,0,0,0
201802,32,015,4,8,Lander County                 ,0,0,0,0,0,0,0,0,0,0,0,0,0,0,0,0,0,0,0,0,0,0,0,0
201802,32,017,4,8,Lincoln County                ,1,1,270497,0,0,0,0,0,0,0,0,0,0,0,0,0,0,0,0,0,0,0,0,0
201802,32,019,4,8,Lyon County                   ,23,23,4794591,0,0,0,0,0,0,0,0,0,23,23,4794591,0,0,0,0,0,0,0,0,0
201802,32,021,4,8,Mineral County                ,0,0,0,0,0,0,0,0,0,0,0,0,0,0,0,0,0,0,0,0,0,0,0,0
201802,32,027,4,8,Pershing County               ,0,0,0,0,0,0,0,0,0,0,0,0,0,0,0,0,0,0,0,0,0,0,0,0
201802,32,029,4,8,Storey County                 ,1,1,120172,0,0,0,0,0,0,0,0,0,0,0,0,0,0,0,0,0,0,0,0,0
201802,32,031,4,8,Washoe County                 ,203,203,52493048,1,2,208959,0,0,0,5,68,8182695,175,175,42964592,1,2,208959,0,0,0,5,68,8182695
201802,32,033,4,8,White Pine County             ,0,0,0,0,0,0,0,0,0,0,0,0,0,0,0,0,0,0,0,0,0,0,0,0
201802,32,510,4,8,Carson City (Independent City),18,18,4093198,0,0,0,0,0,0,0,0,0,18,18,4093198,0,0,0,0,0,0,0,0,0
201802,33,015,1,1,Rockingham County             ,51,51,13009800,2,4,400000,1,3,409000,2,12,1618191,36,36,9828937,0,0,0,0,0,0,0,0,0
201802,33,017,1,1,Strafford County              ,18,18,3476838,0,0,0,0,0,0,0,0,0,15,15,3128800,0,0,0,0,0,0,0,0,0
201802,34,001,1,2,Atlantic County               ,14,14,3730246,0,0,0,0,0,0,1,6,878001,12,12,3147171,0,0,0,0,0,0,0,0,0
201802,34,003,1,2,Bergen County                 ,50,50,16122372,14,28,4949652,1,4,1000,6,33,2392006,33,33,11798152,10,20,3648299,1,4,1000,0,0,0
201802,34,005,1,2,Burlington County             ,39,39,5406238,1,2,220409,5,16,515014,3,47,1940089,19,19,2498554,0,0,0,5,16,515014,2,42,1090135
201802,34,007,1,2,Camden County                 ,14,14,2787449,0,0,0,0,0,0,2,25,2250032,7,7,1764850,0,0,0,0,0,0,1,20,1983075
201802,34,009,1,2,Cape May County               ,38,38,15936840,7,14,2584866,1,3,10000,1,20,2670000,38,38,15936840,7,14,2584866,1,3,10000,1,20,2670000
201802,34,011,1,2,Cumberland County             ,9,9,1020869,0,0,0,0,0,0,0,0,0,1,1,140000,0,0,0,0,0,0,0,0,0
201802,34,013,1,2,Essex County                  ,23,23,3229390,1,2,326000,2,7,926976,3,67,4548097,7,7,1772574,1,2,326000,1,3,364608,0,0,0
201802,34,015,1,2,Gloucester County             ,25,25,4360790,0,0,0,0,0,0,0,0,0,13,13,3051551,0,0,0,0,0,0,0,0,0
201802,34,017,1,2,Hudson County                 ,10,10,3697660,15,30,2341750,52,184,39681873,8,122,26947133,5,5,684600,14,28,2129250,50,178,39280450,5,65,14365000
201802,34,019,1,2,Hunterdon County              ,6,6,1975616,0,0,0,0,0,0,2,10,526491,3,3,1001050,0,0,0,0,0,0,0,0,0
201802,34,021,1,2,Mercer County                 ,15,15,2510220,2,4,173829,3,12,1195446,1,9,624119,12,12,1841273,0,0,0,1,4,490000,0,0,0
201802,34,023,1,2,Middlesex County              ,44,44,9307966,1,2,192600,2,7,2994750,6,351,128150791,40,40,8759652,1,2,192600,2,7,2994750,3,335,127612174
201802,34,025,1,2,Monmouth County               ,84,84,18705598,2,4,104000,0,0,0,7,369,19142308,68,68,15875223,2,4,104000,0,0,0,6,318,16829058
201802,34,027,1,2,Morris County                 ,58,58,14205286,0,0,0,0,0,0,9,88,6264650,44,44,10237672,0,0,0,0,0,0,4,52,1740770
201802,34,029,1,2,Ocean County                  ,111,111,23574040,1,2,535000,0,0,0,1,10,800000,107,107,22665916,1,2,535000,0,0,0,1,10,800000
201802,34,031,1,2,Passaic County                ,6,6,1444762,2,4,281550,0,0,0,1,6,1004963,3,3,877600,1,2,73200,0,0,0,0,0,0
201802,34,033,1,2,Salem County                  ,1,1,116500,0,0,0,0,0,0,0,0,0,1,1,116500,0,0,0,0,0,0,0,0,0
201802,34,035,1,2,Somerset County               ,20,20,4831774,1,2,166500,1,4,360000,2,11,563540,17,17,4545120,0,0,0,1,4,360000,0,0,0
201802,34,037,1,2,Sussex County                 ,2,2,352635,0,0,0,0,0,0,2,44,1092000,1,1,100000,0,0,0,0,0,0,2,44,1092000
201802,34,039,1,2,Union County                  ,16,16,4339522,3,6,658375,0,0,0,2,85,2980725,5,5,1608850,2,4,435000,0,0,0,1,80,2478537
201802,34,041,1,2,Warren County                 ,2,2,291871,0,0,0,0,0,0,1,8,350095,0,0,0,0,0,0,0,0,0,0,0,0
201802,35,000,4,8,New Mexico Balance of State   ,28,28,7577709,0,0,0,0,0,0,0,0,0,0,0,0,0,0,0,0,0,0,0,0,0
201802,35,001,4,8,Bernalillo County             ,190,190,43390670,0,0,0,0,0,0,0,0,0,190,190,43390670,0,0,0,0,0,0,0,0,0
201802,35,005,4,8,Chaves County                 ,6,6,1011051,0,0,0,0,0,0,1,10,680556,0,0,0,0,0,0,0,0,0,0,0,0
201802,35,007,4,8,Colfax County                 ,0,0,0,0,0,0,0,0,0,0,0,0,0,0,0,0,0,0,0,0,0,0,0,0
201802,35,009,4,8,Curry County                  ,4,4,985362,0,0,0,0,0,0,1,5,460938,0,0,0,0,0,0,0,0,0,0,0,0
201802,35,013,4,8,Dona Ana County               ,62,62,13381200,0,0,0,0,0,0,0,0,0,62,62,13381200,0,0,0,0,0,0,0,0,0
201802,35,015,4,8,Eddy County                   ,6,6,968000,0,0,0,0,0,0,0,0,0,6,6,968000,0,0,0,0,0,0,0,0,0
201802,35,017,4,8,Grant County                  ,0,0,0,0,0,0,0,0,0,0,0,0,0,0,0,0,0,0,0,0,0,0,0,0
201802,35,025,4,8,Lea County                    ,6,6,1325200,0,0,0,0,0,0,0,0,0,6,6,1325200,0,0,0,0,0,0,0,0,0
201802,35,027,4,8,Lincoln County                ,6,6,1516382,0,0,0,0,0,0,0,0,0,0,0,0,0,0,0,0,0,0,0,0,0
201802,35,028,4,8,Los Alamos County             ,0,0,0,0,0,0,0,0,0,0,0,0,0,0,0,0,0,0,0,0,0,0,0,0
201802,35,029,4,8,Luna County                   ,2,2,354551,0,0,0,0,0,0,0,0,0,1,1,180000,0,0,0,0,0,0,0,0,0
201802,35,031,4,8,McKinley County               ,0,0,0,0,0,0,0,0,0,0,0,0,0,0,0,0,0,0,0,0,0,0,0,0
201802,35,035,4,8,Otero County                  ,0,0,0,0,0,0,0,0,0,0,0,0,0,0,0,0,0,0,0,0,0,0,0,0
201802,35,041,4,8,Roosevelt County              ,1,1,163147,0,0,0,0,0,0,0,0,0,0,0,0,0,0,0,0,0,0,0,0,0
201802,35,043,4,8,Sandoval County               ,72,72,14322129,0,0,0,1,3,251560,1,5,208333,0,0,0,0,0,0,0,0,0,0,0,0
201802,35,045,4,8,San Juan County               ,7,7,1679457,0,0,0,0,0,0,0,0,0,7,7,1679457,0,0,0,0,0,0,0,0,0
201802,35,047,4,8,San Miguel County             ,1,1,140000,0,0,0,0,0,0,0,0,0,0,0,0,0,0,0,0,0,0,0,0,0
201802,35,049,4,8,Santa Fe County               ,11,11,2745119,0,0,0,0,0,0,0,0,0,0,0,0,0,0,0,0,0,0,0,0,0
201802,35,051,4,8,Sierra County                 ,0,0,0,0,0,0,0,0,0,0,0,0,0,0,0,0,0,0,0,0,0,0,0,0
201802,35,053,4,8,Socorro County                ,0,0,0,0,0,0,0,0,0,0,0,0,0,0,0,0,0,0,0,0,0,0,0,0
201802,35,055,4,8,Taos County                   ,6,6,657935,0,0,0,0,0,0,0,0,0,0,0,0,0,0,0,0,0,0,0,0,0
201802,35,061,4,8,Valencia County               ,9,9,975708,0,0,0,0,0,0,0,0,0,0,0,0,0,0,0,0,0,0,0,0,0
201802,36,001,1,2,Albany County                 ,12,12,2927442,0,0,0,0,0,0,1,7,1148354,11,11,2778184,0,0,0,0,0,0,0,0,0
201802,36,005,1,2,Bronx County                  ,1,1,267838,0,0,0,0,0,0,10,589,77462574,1,1,267838,0,0,0,0,0,0,10,589,77462574
201802,36,029,1,2,Erie County                   ,49,49,17959614,6,12,3450000,0,0,0,1,20,4509745,45,45,17197110,6,12,3450000,0,0,0,0,0,0
201802,36,047,1,2,Kings County                  ,6,6,1607025,0,0,0,5,17,2066112,29,338,44452207,6,6,1607025,0,0,0,5,17,2066112,29,338,44452207
201802,36,051,1,2,Livingston County             ,1,1,140115,0,0,0,0,0,0,1,5,250000,0,0,0,0,0,0,0,0,0,0,0,0
201802,36,055,1,2,Monroe County                 ,44,44,10135158,0,0,0,1,4,520000,3,67,2694396,39,39,9473456,0,0,0,1,4,520000,3,67,2694396
201802,36,059,1,2,Nassau County                 ,58,58,16186029,0,0,0,0,0,0,0,0,0,43,43,8960400,0,0,0,0,0,0,0,0,0
201802,36,061,1,2,New York County               ,0,0,0,1,2,270074,0,0,0,3,137,18017611,0,0,0,1,2,270074,0,0,0,3,137,18017611
201802,36,063,1,2,Niagara County                ,6,6,1426215,0,0,0,0,0,0,0,0,0,4,4,1080607,0,0,0,0,0,0,0,0,0
201802,36,069,1,2,Ontario County                ,9,9,2274454,0,0,0,0,0,0,4,32,2677929,8,8,2101679,0,0,0,0,0,0,4,32,2677929
201802,36,073,1,2,Orleans County                ,0,0,0,0,0,0,0,0,0,0,0,0,0,0,0,0,0,0,0,0,0,0,0,0
201802,36,079,1,2,Putnam County                 ,4,4,955096,0,0,0,0,0,0,0,0,0,1,1,322000,0,0,0,0,0,0,0,0,0
201802,36,081,1,2,Queens County                 ,20,20,5356750,13,26,3510957,4,13,1579968,3,45,5918193,20,20,5356750,13,26,3510957,4,13,1579968,3,45,5918193
201802,36,083,1,2,Rensselaer County             ,9,9,2422343,0,0,0,0,0,0,1,5,146970,4,4,914160,0,0,0,0,0,0,0,0,0
201802,36,085,1,2,Richmond County               ,21,21,5624588,13,26,3510957,0,0,0,0,0,0,21,21,5624588,13,26,3510957,0,0,0,0,0,0
201802,36,087,1,2,Rockland County               ,6,6,2075321,3,6,875953,2,7,763286,1,6,696400,4,4,1485000,0,0,0,0,0,0,0,0,0
201802,36,091,1,2,Saratoga County               ,56,56,14454606,1,2,270074,0,0,0,3,21,2460596,43,43,10499593,1,2,270074,0,0,0,0,0,0
201802,36,093,1,2,Schenectady County            ,2,2,244511,0,0,0,0,0,0,0,0,0,0,0,0,0,0,0,0,0,0,0,0,0
201802,36,095,1,2,Schoharie County              ,3,3,562855,0,0,0,0,0,0,0,0,0,0,0,0,0,0,0,0,0,0,0,0,0
201802,36,099,1,2,Seneca County                 ,4,4,764100,0,0,0,0,0,0,0,0,0,4,4,764100,0,0,0,0,0,0,0,0,0
201802,36,117,1,2,Wayne County                  ,6,6,1158241,0,0,0,1,3,179143,0,0,0,3,3,562000,0,0,0,0,0,0,0,0,0
201802,36,119,1,2,Westchester County            ,21,21,9407569,3,6,613574,0,0,0,5,51,8373522,16,16,7502800,0,0,0,0,0,0,0,0,0
201802,37,007,3,5,Anson County                  ,3,3,449595,0,0,0,0,0,0,0,0,0,0,0,0,0,0,0,0,0,0,0,0,0
201802,37,011,3,5,Avery County                  ,6,6,2354800,0,0,0,0,0,0,0,0,0,6,6,2354800,0,0,0,0,0,0,0,0,0
201802,37,015,3,5,Bertie County                 ,2,2,311519,0,0,0,0,0,0,0,0,0,0,0,0,0,0,0,0,0,0,0,0,0
201802,37,025,3,5,Cabarrus County               ,169,169,33641202,0,0,0,0,0,0,0,0,0,169,169,33641202,0,0,0,0,0,0,0,0,0
201802,37,033,3,5,Caswell County                ,5,5,1218884,0,0,0,0,0,0,0,0,0,5,5,1218884,0,0,0,0,0,0,0,0,0
201802,37,037,3,5,Chatham County                ,47,47,13899073,0,0,0,0,0,0,0,0,0,47,47,13899073,0,0,0,0,0,0,0,0,0
201802,37,051,3,5,Cumberland County             ,45,45,8024972,0,0,0,0,0,0,0,0,0,45,45,8024972,0,0,0,0,0,0,0,0,0
201802,37,053,3,5,Currituck County              ,31,31,7386794,0,0,0,0,0,0,0,0,0,31,31,7386794,0,0,0,0,0,0,0,0,0
201802,37,059,3,5,Davie County                  ,11,11,2219939,0,0,0,0,0,0,0,0,0,0,0,0,0,0,0,0,0,0,0,0,0
201802,37,063,3,5,Durham County                 ,159,159,29919287,1,2,169897,0,0,0,3,81,6975510,0,0,0,0,0,0,0,0,0,0,0,0
201802,37,069,3,5,Franklin County               ,64,64,11055527,0,0,0,0,0,0,0,0,0,64,64,11055527,0,0,0,0,0,0,0,0,0
201802,37,071,3,5,Gaston County                 ,129,129,37008614,1,2,466500,0,0,0,0,0,0,129,129,37008614,1,2,466500,0,0,0,0,0,0
201802,37,081,3,5,Guilford County               ,94,94,22488463,0,0,0,0,0,0,1,33,4652687,94,94,22488463,0,0,0,0,0,0,1,33,4652687
201802,37,089,3,5,Henderson County              ,37,37,10131942,0,0,0,0,0,0,0,0,0,37,37,10131942,0,0,0,0,0,0,0,0,0
201802,37,093,3,5,Hoke County                   ,16,16,3699934,0,0,0,0,0,0,0,0,0,16,16,3699934,0,0,0,0,0,0,0,0,0
201802,37,097,3,5,Iredell County                ,124,124,32187615,0,0,0,0,0,0,0,0,0,124,124,32187615,0,0,0,0,0,0,0,0,0
201802,37,101,3,5,Johnston County               ,206,206,33672533,0,0,0,0,0,0,0,0,0,206,206,33672533,0,0,0,0,0,0,0,0,0
201802,37,105,3,5,Lee County                    ,9,9,2022275,0,0,0,0,0,0,0,0,0,9,9,2022275,0,0,0,0,0,0,0,0,0
201802,37,119,3,5,Mecklenburg County            ,506,506,117010429,1,2,258626,0,0,0,22,1033,81608654,506,506,117010429,1,2,258626,0,0,0,22,1033,81608654
201802,37,133,3,5,Onslow County                 ,93,93,13098742,2,4,318960,0,0,0,0,0,0,93,93,13098742,2,4,318960,0,0,0,0,0,0
201802,37,135,3,5,Orange County                 ,28,28,9863312,0,0,0,0,0,0,0,0,0,28,28,9863312,0,0,0,0,0,0,0,0,0
201802,37,145,3,5,Person County                 ,5,5,1398830,0,0,0,0,0,0,0,0,0,5,5,1398830,0,0,0,0,0,0,0,0,0
201802,37,151,3,5,Randolph County               ,34,34,7364808,0,0,0,0,0,0,0,0,0,34,34,7364808,0,0,0,0,0,0,0,0,0
201802,37,157,3,5,Rockingham County             ,24,24,7351233,0,0,0,0,0,0,0,0,0,24,24,7351233,0,0,0,0,0,0,0,0,0
201802,37,179,3,5,Union County                  ,143,143,30507606,0,0,0,0,0,0,0,0,0,143,143,30507606,0,0,0,0,0,0,0,0,0
201802,37,181,3,5,Vance County                  ,1,1,173000,0,0,0,0,0,0,0,0,0,1,1,173000,0,0,0,0,0,0,0,0,0
201802,37,183,3,5,Wake County                   ,641,641,134624650,0,0,0,0,0,0,29,961,102168958,579,579,122226836,0,0,0,0,0,0,29,961,102168958
201802,37,195,3,5,Wilson County                 ,18,18,3787443,0,0,0,0,0,0,0,0,0,18,18,3787443,0,0,0,0,0,0,0,0,0
201802,39,007,2,3,Ashtabula County              ,3,3,550405,0,0,0,0,0,0,0,0,0,0,0,0,0,0,0,0,0,0,0,0,0
201802,39,015,2,3,Brown County                  ,6,6,1552225,0,0,0,0,0,0,0,0,0,6,6,1552225,0,0,0,0,0,0,0,0,0
201802,39,017,2,3,Butler County                 ,46,46,10358484,0,0,0,0,0,0,1,12,1321160,6,6,1021493,0,0,0,0,0,0,0,0,0
201802,39,025,2,3,Clermont County               ,46,46,11577670,0,0,0,0,0,0,0,0,0,46,46,11577670,0,0,0,0,0,0,0,0,0
201802,39,041,2,3,Delaware County               ,108,108,27219406,0,0,0,0,0,0,3,15,827875,93,93,24283278,0,0,0,0,0,0,2,10,450000
201802,39,049,2,3,Franklin County               ,86,86,25306493,3,6,1674000,14,48,6999402,13,260,21376563,86,86,25306493,3,6,1674000,14,48,6999402,13,260,21376563
201802,39,055,2,3,Geauga County                 ,12,12,3677000,0,0,0,0,0,0,0,0,0,12,12,3677000,0,0,0,0,0,0,0,0,0
201802,39,085,2,3,Lake County                   ,21,21,4380850,0,0,0,0,0,0,0,0,0,21,21,4380850,0,0,0,0,0,0,0,0,0
201802,39,089,2,3,Licking County                ,22,22,4409838,0,0,0,0,0,0,0,0,0,22,22,4409838,0,0,0,0,0,0,0,0,0
201802,39,093,2,3,Lorain County                 ,73,73,19833526,2,4,501950,1,3,429255,0,0,0,58,58,16867353,1,2,271350,1,3,429255,0,0,0
201802,39,097,2,3,Madison County                ,23,23,6556891,0,0,0,0,0,0,0,0,0,22,22,6392891,0,0,0,0,0,0,0,0,0
201802,39,103,2,3,Medina County                 ,36,36,7072218,0,0,0,0,0,0,0,0,0,36,36,7072218,0,0,0,0,0,0,0,0,0
201802,39,117,2,3,Morrow County                 ,3,3,498704,0,0,0,0,0,0,0,0,0,3,3,498704,0,0,0,0,0,0,0,0,0
201802,39,159,2,3,Union County                  ,51,51,13193914,0,0,0,0,0,0,0,0,0,51,51,13193914,0,0,0,0,0,0,0,0,0
201802,39,165,2,3,Warren County                 ,88,88,23881623,0,0,0,0,0,0,2,18,2473475,79,79,21607533,0,0,0,0,0,0,2,18,2473475
201802,40,001,3,7,Adair County                  ,0,0,0,0,0,0,0,0,0,0,0,0,0,0,0,0,0,0,0,0,0,0,0,0
201802,40,017,3,7,Canadian County               ,20,20,4178022,0,0,0,0,0,0,0,0,0,8,8,1250990,0,0,0,0,0,0,0,0,0
201802,40,021,3,7,Cherokee County               ,5,5,656191,0,0,0,0,0,0,1,5,244048,0,0,0,0,0,0,0,0,0,0,0,0
201802,40,027,3,7,Cleveland County              ,42,42,9762060,1,2,1150000,0,0,0,0,0,0,42,42,9762060,1,2,1150000,0,0,0,0,0,0
201802,40,029,3,7,Coal County                   ,10,10,100000,0,0,0,0,0,0,0,0,0,10,10,100000,0,0,0,0,0,0,0,0,0
201802,40,037,3,7,Creek County                  ,2,2,400246,0,0,0,0,0,0,0,0,0,2,2,400246,0,0,0,0,0,0,0,0,0
201802,40,051,3,7,Grady County                  ,8,8,1566816,0,0,0,0,0,0,0,0,0,2,2,259000,0,0,0,0,0,0,0,0,0
201802,40,055,3,7,Greer County                  ,0,0,0,0,0,0,0,0,0,0,0,0,0,0,0,0,0,0,0,0,0,0,0,0
201802,40,081,3,7,Lincoln County                ,0,0,0,0,0,0,0,0,0,0,0,0,0,0,0,0,0,0,0,0,0,0,0,0
201802,40,083,3,7,Logan County                  ,0,0,0,0,0,0,0,0,0,0,0,0,0,0,0,0,0,0,0,0,0,0,0,0
201802,40,087,3,7,McClain County                ,26,26,5159683,0,0,0,0,0,0,0,0,0,8,8,1585780,0,0,0,0,0,0,0,0,0
201802,40,109,3,7,Oklahoma County               ,339,339,77228406,3,6,604930,1,4,215000,1,13,917880,62,62,21853895,0,0,0,0,0,0,0,0,0
201802,40,111,3,7,Okmulgee County               ,0,0,0,0,0,0,0,0,0,0,0,0,0,0,0,0,0,0,0,0,0,0,0,0
201802,40,113,3,7,Osage County                  ,4,4,1186340,0,0,0,0,0,0,1,7,452174,4,4,1186340,0,0,0,0,0,0,1,7,452174
201802,40,117,3,7,Pawnee County                 ,0,0,0,0,0,0,0,0,0,0,0,0,0,0,0,0,0,0,0,0,0,0,0,0
201802,40,131,3,7,Rogers County                 ,28,28,6215726,0,0,0,0,0,0,0,0,0,27,27,6112393,0,0,0,0,0,0,0,0,0
201802,40,143,3,7,Tulsa County                  ,131,131,30956827,1,2,204082,0,0,0,0,0,0,117,117,27587253,1,2,204082,0,0,0,0,0,0
201802,40,145,3,7,Wagoner County                ,28,28,5130815,0,0,0,0,0,0,0,0,0,28,28,5130815,0,0,0,0,0,0,0,0,0
201802,41,000,4,9,Oregon Balance of State       ,13,13,1925454,0,0,0,0,0,0,0,0,0,0,0,0,0,0,0,0,0,0,0,0,0
201802,41,005,4,9,Clackamas County              ,72,72,24757976,1,2,240000,1,3,360000,1,16,2326672,60,60,19029283,1,2,240000,1,3,360000,0,0,0
201802,41,017,4,9,Deschutes County              ,160,160,41200849,1,2,148727,0,0,0,0,0,0,135,135,35776620,1,2,148727,0,0,0,0,0,0
201802,41,019,4,9,Douglas County                ,13,13,3101686,1,2,193648,0,0,0,0,0,0,13,13,3101686,1,2,193648,0,0,0,0,0,0
201802,41,025,4,9,Harney County                 ,1,1,247078,0,0,0,0,0,0,0,0,0,0,0,0,0,0,0,0,0,0,0,0,0
201802,41,035,4,9,Klamath County                ,8,8,2126815,0,0,0,0,0,0,0,0,0,8,8,2126815,0,0,0,0,0,0,0,0,0
201802,41,051,4,9,Multnomah County              ,87,87,23871967,20,40,6700775,0,0,0,6,407,48668064,87,87,23871967,20,40,6700775,0,0,0,6,407,48668064
201802,41,067,4,9,Washington County             ,95,95,28509441,2,4,774274,0,0,0,4,73,7431462,92,92,27590804,1,2,455080,0,0,0,4,73,7431462
201802,41,071,4,9,Yamhill County                ,47,47,12684686,0,0,0,0,0,0,0,0,0,35,35,9778897,0,0,0,0,0,0,0,0,0
201802,42,001,1,2,Adams County                  ,5,5,1500000,0,0,0,0,0,0,0,0,0,5,5,1500000,0,0,0,0,0,0,0,0,0
201802,42,017,1,2,Bucks County                  ,58,58,12110802,0,0,0,0,0,0,0,0,0,38,38,7788494,0,0,0,0,0,0,0,0,0
201802,42,029,1,2,Chester County                ,120,120,21137375,0,0,0,0,0,0,0,0,0,98,98,17010645,0,0,0,0,0,0,0,0,0
201802,42,037,1,2,Columbia County               ,1,1,222748,0,0,0,1,3,387224,0,0,0,0,0,0,0,0,0,0,0,0,0,0,0
201802,42,041,1,2,Cumberland County             ,41,41,9482242,0,0,0,0,0,0,1,5,789244,34,34,7790844,0,0,0,0,0,0,0,0,0
201802,42,043,1,2,Dauphin County                ,21,21,4484465,0,0,0,2,8,1389236,0,0,0,11,11,2376607,0,0,0,2,8,1389236,0,0,0
201802,42,045,1,2,Delaware County               ,27,27,6132771,0,0,0,0,0,0,1,5,1879838,10,10,1882703,0,0,0,0,0,0,0,0,0
201802,42,055,1,2,Franklin County               ,20,20,3402507,0,0,0,0,0,0,1,5,487529,13,13,2300675,0,0,0,0,0,0,0,0,0
201802,42,065,1,2,Jefferson County              ,5,5,783260,0,0,0,0,0,0,0,0,0,5,5,783260,0,0,0,0,0,0,0,0,0
201802,42,091,1,2,Montgomery County             ,69,69,14582601,0,0,0,2,8,1067720,3,30,6290333,54,54,10990290,0,0,0,2,8,1067720,2,24,4957000
201802,42,093,1,2,Montour County                ,1,1,385365,0,0,0,0,0,0,0,0,0,1,1,385365,0,0,0,0,0,0,0,0,0
201802,42,099,1,2,Perry County                  ,6,6,1503658,0,0,0,0,0,0,0,0,0,0,0,0,0,0,0,0,0,0,0,0,0
201802,42,101,1,2,Philadelphia County           ,61,61,15933584,12,24,4427481,18,62,6609170,5,116,15369917,0,0,0,0,0,0,0,0,0,0,0,0
201802,42,103,1,2,Pike County                   ,6,6,1485681,0,0,0,0,0,0,0,0,0,3,3,675170,0,0,0,0,0,0,0,0,0
201802,44,001,1,1,Bristol County                ,4,4,1161489,0,0,0,0,0,0,0,0,0,1,1,325000,0,0,0,0,0,0,0,0,0
201802,44,003,1,1,Kent County                   ,5,5,924351,0,0,0,0,0,0,0,0,0,2,2,431875,0,0,0,0,0,0,0,0,0
201802,44,005,1,1,Newport County                ,14,14,3239201,0,0,0,0,0,0,0,0,0,9,9,2040025,0,0,0,0,0,0,0,0,0
201802,44,007,1,1,Providence County             ,20,20,3943140,0,0,0,0,0,0,1,17,1800000,10,10,2173370,0,0,0,0,0,0,1,17,1800000
201802,44,009,1,1,Washington County             ,29,29,6881492,0,0,0,0,0,0,0,0,0,24,24,4728020,0,0,0,0,0,0,0,0,0
201802,45,003,3,5,Aiken County                  ,62,62,14153497,0,0,0,0,0,0,0,0,0,62,62,14153497,0,0,0,0,0,0,0,0,0
201802,45,009,3,5,Bamberg County                ,3,3,528000,0,0,0,0,0,0,0,0,0,3,3,528000,0,0,0,0,0,0,0,0,0
201802,45,015,3,5,Berkeley County               ,122,122,33654348,0,0,0,0,0,0,1,32,754946,15,15,5016640,0,0,0,0,0,0,0,0,0
201802,45,017,3,5,Calhoun County                ,1,1,173000,0,0,0,0,0,0,0,0,0,1,1,173000,0,0,0,0,0,0,0,0,0
201802,45,019,3,5,Charleston County             ,166,166,49570598,0,0,0,0,0,0,2,36,2162489,103,103,39564367,0,0,0,0,0,0,0,0,0
201802,45,035,3,5,Dorchester County             ,44,44,13770500,0,0,0,0,0,0,0,0,0,43,43,13663000,0,0,0,0,0,0,0,0,0
201802,45,037,3,5,Edgefield County              ,5,5,1107575,0,0,0,0,0,0,0,0,0,5,5,1107575,0,0,0,0,0,0,0,0,0
201802,45,039,3,5,Fairfield County              ,4,4,841238,0,0,0,0,0,0,0,0,0,0,0,0,0,0,0,0,0,0,0,0,0
201802,45,045,3,5,Greenville County             ,347,347,161787790,0,0,0,0,0,0,0,0,0,345,345,161471326,0,0,0,0,0,0,0,0,0
201802,45,051,3,5,Horry County                  ,376,376,69145488,0,0,0,0,0,0,0,0,0,352,352,63051102,0,0,0,0,0,0,0,0,0
201802,45,055,3,5,Kershaw County                ,23,23,3126452,0,0,0,0,0,0,0,0,0,23,23,3126452,0,0,0,0,0,0,0,0,0
201802,45,059,3,5,Laurens County                ,12,12,2312755,0,0,0,0,0,0,0,0,0,11,11,2205479,0,0,0,0,0,0,0,0,0
201802,45,063,3,5,Lexington County              ,157,157,39583762,0,0,0,0,0,0,1,15,1468007,22,22,4711269,0,0,0,0,0,0,0,0,0
201802,45,077,3,5,Pickens County                ,37,37,6483070,0,0,0,0,0,0,1,25,3289313,28,28,5055088,0,0,0,0,0,0,0,0,0
201802,45,079,3,5,Richland County               ,158,158,22047896,0,0,0,0,0,0,1,25,1411069,0,0,0,0,0,0,0,0,0,0,0,0
201802,45,081,3,5,Saluda County                 ,4,4,858847,0,0,0,0,0,0,0,0,0,0,0,0,0,0,0,0,0,0,0,0,0
201802,45,085,3,5,Sumter County                 ,21,21,3070833,0,0,0,0,0,0,0,0,0,0,0,0,0,0,0,0,0,0,0,0,0
201802,45,091,3,5,York County                   ,194,194,62786344,0,0,0,0,0,0,2,29,3046213,34,34,9738598,0,0,0,0,0,0,0,0,0
201802,46,007,2,4,Bennett County                ,0,0,0,0,0,0,0,0,0,0,0,0,0,0,0,0,0,0,0,0,0,0,0,0
201802,46,055,2,4,Haakon County                 ,0,0,0,0,0,0,0,0,0,0,0,0,0,0,0,0,0,0,0,0,0,0,0,0
201802,46,071,2,4,Jackson County                ,0,0,0,0,0,0,0,0,0,0,0,0,0,0,0,0,0,0,0,0,0,0,0,0
201802,46,111,2,4,Sanborn County                ,0,0,0,0,0,0,0,0,0,0,0,0,0,0,0,0,0,0,0,0,0,0,0,0
201802,47,001,3,6,Anderson County               ,9,9,1313830,0,0,0,0,0,0,0,0,0,9,9,1313830,0,0,0,0,0,0,0,0,0
201802,47,015,3,6,Cannon County                 ,1,1,126190,0,0,0,0,0,0,0,0,0,0,0,0,0,0,0,0,0,0,0,0,0
201802,47,021,3,6,Cheatham County               ,16,16,3525646,0,0,0,0,0,0,0,0,0,16,16,3525646,0,0,0,0,0,0,0,0,0
201802,47,037,3,6,Davidson County               ,313,313,74159744,0,0,0,0,0,0,1,14,1508067,313,313,74159744,0,0,0,0,0,0,1,14,1508067
201802,47,043,3,6,Dickson County                ,24,24,5273417,0,0,0,0,0,0,0,0,0,23,23,5048019,0,0,0,0,0,0,0,0,0
201802,47,049,3,6,Fentress County               ,0,0,0,0,0,0,0,0,0,0,0,0,0,0,0,0,0,0,0,0,0,0,0,0
201802,47,081,3,6,Hickman County                ,5,5,898828,0,0,0,0,0,0,0,0,0,0,0,0,0,0,0,0,0,0,0,0,0
201802,47,093,3,6,Knox County                   ,122,122,27543379,0,0,0,0,0,0,0,0,0,21,21,7262760,0,0,0,0,0,0,0,0,0
201802,47,105,3,6,Loudon County                 ,29,29,7946063,0,0,0,0,0,0,0,0,0,25,25,7257940,0,0,0,0,0,0,0,0,0
201802,47,125,3,6,Montgomery County             ,132,132,21489925,0,0,0,2,7,420000,0,0,0,132,132,21489925,0,0,0,2,7,420000,0,0,0
201802,47,139,3,6,Polk County                   ,15,15,2701861,0,0,0,0,0,0,0,0,0,0,0,0,0,0,0,0,0,0,0,0,0
201802,47,149,3,6,Rutherford County             ,229,229,52985598,2,4,319406,0,0,0,1,5,464943,191,191,47503841,2,4,319406,0,0,0,0,0,0
201802,47,153,3,6,Sequatchie County             ,1,1,120000,0,0,0,0,0,0,0,0,0,1,1,120000,0,0,0,0,0,0,0,0,0
201802,47,157,3,6,Shelby County                 ,84,84,20657549,0,0,0,0,0,0,0,0,0,84,84,20657549,0,0,0,0,0,0,0,0,0
201802,47,159,3,6,Smith County                  ,3,3,404857,0,0,0,0,0,0,0,0,0,1,1,20000,0,0,0,0,0,0,0,0,0
201802,47,161,3,6,Stewart County                ,1,1,113000,0,0,0,0,0,0,0,0,0,0,0,0,0,0,0,0,0,0,0,0,0
201802,47,165,3,6,Sumner County                 ,114,114,25630322,0,0,0,0,0,0,0,0,0,114,114,25630322,0,0,0,0,0,0,0,0,0
201802,47,167,3,6,Tipton County                 ,8,8,1210760,0,0,0,0,0,0,0,0,0,2,2,329420,0,0,0,0,0,0,0,0,0
201802,47,169,3,6,Trousdale County              ,5,5,747000,0,0,0,0,0,0,0,0,0,5,5,747000,0,0,0,0,0,0,0,0,0
201802,47,173,3,6,Union County                  ,4,4,905000,0,0,0,0,0,0,0,0,0,4,4,905000,0,0,0,0,0,0,0,0,0
201802,47,175,3,6,Van Buren County              ,0,0,0,0,0,0,0,0,0,0,0,0,0,0,0,0,0,0,0,0,0,0,0,0
201802,47,189,3,6,Wilson County                 ,96,96,24663065,0,0,0,0,0,0,1,6,654059,57,57,13384957,0,0,0,0,0,0,0,0,0
201802,48,013,3,7,Atascosa County               ,2,2,348649,0,0,0,0,0,0,0,0,0,1,1,176400,0,0,0,0,0,0,0,0,0
201802,48,015,3,7,Austin County                 ,2,2,384408,0,0,0,0,0,0,0,0,0,1,1,200000,0,0,0,0,0,0,0,0,0
201802,48,019,3,7,Bandera County                ,0,0,0,0,0,0,0,0,0,0,0,0,0,0,0,0,0,0,0,0,0,0,0,0
201802,48,021,3,7,Bastrop County                ,13,13,1429970,1,2,174000,0,0,0,0,0,0,1,1,75000,0,0,0,0,0,0,0,0,0
201802,48,025,3,7,Bee County                    ,1,1,114764,0,0,0,0,0,0,0,0,0,0,0,0,0,0,0,0,0,0,0,0,0
201802,48,027,3,7,Bell County                   ,127,127,23387984,9,18,1271988,0,0,0,1,6,500000,116,116,21164057,7,14,1158850,0,0,0,0,0,0
201802,48,029,3,7,Bexar County                  ,317,317,74575547,3,6,521040,4,13,978847,1,5,1065496,278,278,69477473,3,6,521040,3,10,978847,0,0,0
201802,48,051,3,7,Burleson County               ,1,1,176300,0,0,0,0,0,0,0,0,0,1,1,176300,0,0,0,0,0,0,0,0,0
201802,48,055,3,7,Caldwell County               ,29,29,4822882,1,2,116640,0,0,0,0,0,0,3,3,370800,0,0,0,0,0,0,0,0,0
201802,48,085,3,7,Collin County                 ,793,793,198857239,0,0,0,0,0,0,5,98,4106781,700,700,161833369,0,0,0,0,0,0,4,93,3356878
201802,48,091,3,7,Comal County                  ,132,132,30516276,0,0,0,0,0,0,0,0,0,131,131,30219174,0,0,0,0,0,0,0,0,0
201802,48,099,3,7,Coryell County                ,17,17,2417584,0,0,0,0,0,0,0,0,0,4,4,560000,0,0,0,0,0,0,0,0,0
201802,48,107,3,7,Crosby County                 ,1,1,67000,0,0,0,0,0,0,0,0,0,0,0,0,0,0,0,0,0,0,0,0,0
201802,48,113,3,7,Dallas County                 ,338,338,103691395,17,34,8801622,1,4,953168,13,130,16354338,305,305,95934334,17,34,8801622,1,4,953168,11,75,10720796
201802,48,119,3,7,Delta County                  ,0,0,0,0,0,0,0,0,0,0,0,0,0,0,0,0,0,0,0,0,0,0,0,0
201802,48,135,3,7,Ector County                  ,83,83,16300831,0,0,0,0,0,0,0,0,0,83,83,16300831,0,0,0,0,0,0,0,0,0
201802,48,139,3,7,Ellis County                  ,113,113,24143702,2,4,434282,0,0,0,12,152,11713265,74,74,16933651,2,4,434282,0,0,0,12,152,11713265
201802,48,141,3,7,El Paso County                ,191,191,40098399,6,12,1110006,2,8,788311,4,34,4882750,175,175,37345148,6,12,1110006,2,8,788311,4,34,4882750
201802,48,157,3,7,Fort Bend County              ,845,845,100577048,0,0,0,0,0,0,1,7,547809,123,123,33467519,0,0,0,0,0,0,0,0,0
201802,48,167,3,7,Galveston County              ,204,204,52099128,0,0,0,0,0,0,0,0,0,144,144,34800993,0,0,0,0,0,0,0,0,0
201802,48,185,3,7,Grimes County                 ,3,3,306056,0,0,0,0,0,0,0,0,0,0,0,0,0,0,0,0,0,0,0,0,0
201802,48,187,3,7,Guadalupe County              ,64,64,15239193,0,0,0,0,0,0,0,0,0,64,64,15239193,0,0,0,0,0,0,0,0,0
201802,48,193,3,7,Hamilton County               ,1,1,80000,0,0,0,0,0,0,0,0,0,0,0,0,0,0,0,0,0,0,0,0,0
201802,48,195,3,7,Hansford County               ,0,0,0,0,0,0,0,0,0,0,0,0,0,0,0,0,0,0,0,0,0,0,0,0
201802,48,201,3,7,Harris County                 ,1348,1348,282519878,9,18,3723057,0,0,0,14,339,28624450,1328,1328,270881282,9,18,3723057,0,0,0,14,339,28624450
201802,48,211,3,7,Hemphill County               ,0,0,0,0,0,0,0,0,0,0,0,0,0,0,0,0,0,0,0,0,0,0,0,0
201802,48,215,3,7,Hidalgo County                ,215,215,39711606,3,6,508321,16,64,7281382,1,8,320000,193,193,37564845,3,6,508321,16,64,7281382,1,8,320000
201802,48,233,3,7,Hutchinson County             ,0,0,0,0,0,0,0,0,0,0,0,0,0,0,0,0,0,0,0,0,0,0,0,0
201802,48,251,3,7,Johnson County                ,71,71,14466795,1,2,325000,0,0,0,0,0,0,71,71,14466795,1,2,325000,0,0,0,0,0,0
201802,48,257,3,7,Kaufman County                ,66,66,13309922,0,0,0,0,0,0,0,0,0,54,54,11224564,0,0,0,0,0,0,0,0,0
201802,48,259,3,7,Kendall County                ,24,24,6344509,0,0,0,0,0,0,0,0,0,24,24,6344509,0,0,0,0,0,0,0,0,0
201802,48,271,3,7,Kinney County                 ,0,0,0,0,0,0,0,0,0,0,0,0,0,0,0,0,0,0,0,0,0,0,0,0
201802,48,281,3,7,Lampasas County               ,4,4,540082,0,0,0,0,0,0,0,0,0,0,0,0,0,0,0,0,0,0,0,0,0
201802,48,291,3,7,Liberty County                ,37,37,5386054,1,2,132500,0,0,0,0,0,0,2,2,300000,1,2,132500,0,0,0,0,0,0
201802,48,303,3,7,Lubbock County                ,119,119,25035577,3,6,858900,0,0,0,0,0,0,119,119,25035577,3,6,858900,0,0,0,0,0,0
201802,48,323,3,7,Maverick County               ,2,2,574942,2,4,221962,0,0,0,0,0,0,2,2,574942,2,4,221962,0,0,0,0,0,0
201802,48,325,3,7,Medina County                 ,2,2,330858,0,0,0,0,0,0,0,0,0,1,1,124300,0,0,0,0,0,0,0,0,0
201802,48,329,3,7,Midland County                ,91,91,17635786,0,0,0,0,0,0,0,0,0,91,91,17635786,0,0,0,0,0,0,0,0,0
201802,48,339,3,7,Montgomery County             ,557,557,127398285,0,0,0,0,0,0,0,0,0,549,549,125722938,0,0,0,0,0,0,0,0,0
201802,48,367,3,7,Parker County                 ,35,35,8517710,0,0,0,0,0,0,0,0,0,17,17,4884472,0,0,0,0,0,0,0,0,0
201802,48,375,3,7,Potter County                 ,49,49,12271275,0,0,0,0,0,0,0,0,0,49,49,12271275,0,0,0,0,0,0,0,0,0
201802,48,383,3,7,Reagan County                 ,0,0,0,0,0,0,0,0,0,0,0,0,0,0,0,0,0,0,0,0,0,0,0,0
201802,48,385,3,7,Real County                   ,0,0,0,0,0,0,0,0,0,0,0,0,0,0,0,0,0,0,0,0,0,0,0,0
201802,48,395,3,7,Robertson County              ,9,9,2081213,0,0,0,0,0,0,0,0,0,9,9,2081213,0,0,0,0,0,0,0,0,0
201802,48,397,3,7,Rockwall County               ,159,159,46912294,0,0,0,0,0,0,0,0,0,131,131,39081139,0,0,0,0,0,0,0,0,0
201802,48,407,3,7,San Jacinto County            ,20,20,4624918,0,0,0,0,0,0,0,0,0,20,20,4624918,0,0,0,0,0,0,0,0,0
201802,48,411,3,7,San Saba County               ,0,0,0,0,0,0,0,0,0,0,0,0,0,0,0,0,0,0,0,0,0,0,0,0
201802,48,451,3,7,Tom Green County              ,17,17,4228120,0,0,0,0,0,0,0,0,0,17,17,4228120,0,0,0,0,0,0,0,0,0
201802,48,453,3,7,Travis County                 ,709,709,159375174,12,24,4154072,0,0,0,30,734,76897513,673,673,147380347,12,24,4154072,0,0,0,30,734,76897513
201802,48,473,3,7,Waller County                 ,9,9,757255,0,0,0,0,0,0,1,5,110903,9,9,757255,0,0,0,0,0,0,0,0,0
201802,48,491,3,7,Williamson County             ,280,280,82362438,12,24,2502840,0,0,0,1,38,3015452,200,200,64593735,12,24,2502840,0,0,0,0,0,0
201802,48,493,3,7,Wilson County                 ,4,4,816780,0,0,0,0,0,0,0,0,0,0,0,0,0,0,0,0,0,0,0,0,0
201802,48,497,3,7,Wise County                   ,13,13,2814083,0,0,0,0,0,0,0,0,0,12,12,2669750,0,0,0,0,0,0,0,0,0
201802,49,011,4,8,Davis County                  ,86,86,21985350,0,0,0,0,0,0,1,8,950000,49,49,12770241,0,0,0,0,0,0,1,8,950000
201802,49,023,4,8,Juab County                   ,4,4,1152985,0,0,0,0,0,0,0,0,0,4,4,1152985,0,0,0,0,0,0,0,0,0
201802,49,029,4,8,Morgan County                 ,8,8,2941730,0,0,0,0,0,0,0,0,0,0,0,0,0,0,0,0,0,0,0,0,0
201802,49,035,4,8,Salt Lake County              ,429,429,99624358,1,2,333395,6,22,4158806,11,422,45566323,319,319,71740249,0,0,0,6,22,4158806,5,148,13022000
201802,49,039,4,8,Sanpete County                ,1,1,206065,0,0,0,0,0,0,0,0,0,1,1,206065,0,0,0,0,0,0,0,0,0
201802,49,043,4,8,Summit County                 ,13,13,5652060,0,0,0,0,0,0,1,6,1025141,4,4,1878781,0,0,0,0,0,0,0,0,0
201802,49,057,4,8,Weber County                  ,57,57,14378858,0,0,0,4,15,1150103,0,0,0,51,51,12912354,0,0,0,3,12,797143,0,0,0
201802,51,003,3,5,Albemarle County              ,46,46,14835116,0,0,0,0,0,0,1,13,1338583,0,0,0,0,0,0,0,0,0,0,0,0
201802,51,007,3,5,Amelia County                 ,0,0,0,0,0,0,0,0,0,0,0,0,0,0,0,0,0,0,0,0,0,0,0,0
201802,51,009,3,5,Amherst County                ,6,6,1130373,0,0,0,0,0,0,0,0,0,6,6,1130373,0,0,0,0,0,0,0,0,0
201802,51,013,3,5,Arlington County              ,15,15,6680000,0,0,0,0,0,0,2,695,115767400,15,15,6680000,0,0,0,0,0,0,2,695,115767400
201802,51,015,3,5,Augusta County                ,10,10,1241000,0,0,0,0,0,0,0,0,0,10,10,1241000,0,0,0,0,0,0,0,0,0
201802,51,019,3,5,Bedford County                ,0,0,0,0,0,0,1,3,550000,0,0,0,0,0,0,0,0,0,1,3,550000,0,0,0
201802,51,033,3,5,Caroline County               ,7,7,1275648,0,0,0,0,0,0,0,0,0,7,7,1275648,0,0,0,0,0,0,0,0,0
201802,51,036,3,5,Charles City County           ,2,2,367353,0,0,0,0,0,0,0,0,0,0,0,0,0,0,0,0,0,0,0,0,0
201802,51,037,3,5,Charlotte County              ,0,0,0,0,0,0,0,0,0,0,0,0,0,0,0,0,0,0,0,0,0,0,0,0
201802,51,041,3,5,Chesterfield County           ,104,104,24049574,0,0,0,2,8,739491,1,14,1680000,104,104,24049574,0,0,0,2,8,739491,1,14,1680000
201802,51,043,3,5,Clarke County                 ,4,4,1485131,0,0,0,0,0,0,0,0,0,4,4,1485131,0,0,0,0,0,0,0,0,0
201802,51,049,3,5,Cumberland County             ,2,2,155000,0,0,0,0,0,0,0,0,0,2,2,155000,0,0,0,0,0,0,0,0,0
201802,51,051,3,5,Dickenson County              ,0,0,0,0,0,0,0,0,0,0,0,0,0,0,0,0,0,0,0,0,0,0,0,0
201802,51,053,3,5,Dinwiddie County              ,5,5,95353,0,0,0,0,0,0,0,0,0,0,0,0,0,0,0,0,0,0,0,0,0
201802,51,059,3,5,Fairfax County                ,72,72,16649705,0,0,0,0,0,0,2,304,32746607,72,72,16649705,0,0,0,0,0,0,2,304,32746607
201802,51,061,3,5,Fauquier County               ,25,25,7595078,0,0,0,0,0,0,0,0,0,25,25,7595078,0,0,0,0,0,0,0,0,0
201802,51,069,3,5,Frederick County              ,41,41,10154350,1,2,400000,0,0,0,5,26,3132000,41,41,10154350,1,2,400000,0,0,0,5,26,3132000
201802,51,073,3,5,Gloucester County             ,15,15,3029861,1,2,260000,1,3,248724,0,0,0,0,0,0,0,0,0,0,0,0,0,0,0
201802,51,075,3,5,Goochland County              ,13,13,3954830,0,0,0,0,0,0,0,0,0,13,13,3954830,0,0,0,0,0,0,0,0,0
201802,51,085,3,5,Hanover County                ,44,44,11266970,0,0,0,0,0,0,0,0,0,44,44,11266970,0,0,0,0,0,0,0,0,0
201802,51,087,3,5,Henrico County                ,84,84,15631144,0,0,0,0,0,0,0,0,0,84,84,15631144,0,0,0,0,0,0,0,0,0
201802,51,093,3,5,Isle of Wight County          ,15,15,2966015,0,0,0,0,0,0,0,0,0,0,0,0,0,0,0,0,0,0,0,0,0
201802,51,095,3,5,James City County             ,19,19,4548585,0,0,0,1,4,467830,0,0,0,19,19,4548585,0,0,0,1,4,467830,0,0,0
201802,51,097,3,5,King and Queen County         ,3,3,372356,0,0,0,0,0,0,0,0,0,3,3,372356,0,0,0,0,0,0,0,0,0
201802,51,099,3,5,King George County            ,8,8,1901053,0,0,0,0,0,0,0,0,0,0,0,0,0,0,0,0,0,0,0,0,0
201802,51,107,3,5,Loudoun County                ,154,154,35611870,0,0,0,0,0,0,2,128,3000000,154,154,35611870,0,0,0,0,0,0,2,128,3000000
201802,51,109,3,5,Louisa County                 ,21,21,3981253,0,0,0,0,0,0,0,0,0,0,0,0,0,0,0,0,0,0,0,0,0
201802,51,115,3,5,Mathews County                ,1,1,236000,0,0,0,0,0,0,0,0,0,1,1,236000,0,0,0,0,0,0,0,0,0
201802,51,127,3,5,New Kent County               ,17,17,3215348,0,0,0,0,0,0,0,0,0,17,17,3215348,0,0,0,0,0,0,0,0,0
201802,51,139,3,5,Page County                   ,3,3,257600,0,0,0,0,0,0,0,0,0,3,3,257600,0,0,0,0,0,0,0,0,0
201802,51,145,3,5,Powhatan County               ,27,27,6243639,0,0,0,0,0,0,0,0,0,27,27,6243639,0,0,0,0,0,0,0,0,0
201802,51,149,3,5,Prince George County          ,3,3,378400,0,0,0,0,0,0,0,0,0,3,3,378400,0,0,0,0,0,0,0,0,0
201802,51,153,3,5,Prince William County         ,109,109,19842384,0,0,0,0,0,0,2,43,4177067,0,0,0,0,0,0,0,0,0,0,0,0
201802,51,165,3,5,Rockingham County             ,35,35,8837400,0,0,0,0,0,0,0,0,0,35,35,8837400,0,0,0,0,0,0,0,0,0
201802,51,175,3,5,Southampton County            ,3,3,441889,0,0,0,0,0,0,0,0,0,0,0,0,0,0,0,0,0,0,0,0,0
201802,51,177,3,5,Spotsylvania County           ,43,43,12002909,0,0,0,0,0,0,4,120,8270000,43,43,12002909,0,0,0,0,0,0,4,120,8270000
201802,51,179,3,5,Stafford County               ,116,116,26590906,0,0,0,0,0,0,0,0,0,116,116,26590906,0,0,0,0,0,0,0,0,0
201802,51,181,3,5,Surry County                  ,2,2,469000,0,0,0,0,0,0,0,0,0,2,2,469000,0,0,0,0,0,0,0,0,0
201802,51,183,3,5,Sussex County                 ,4,4,494940,0,0,0,0,0,0,0,0,0,4,4,494940,0,0,0,0,0,0,0,0,0
201802,51,187,3,5,Warren County                 ,17,17,3774000,0,0,0,0,0,0,0,0,0,17,17,3774000,0,0,0,0,0,0,0,0,0
201802,51,199,3,5,York County                   ,8,8,1329017,0,0,0,0,0,0,2,10,900000,8,8,1329017,0,0,0,0,0,0,2,10,900000
201802,51,510,3,5,Alexandria (Independent City) ,3,3,693738,0,0,0,0,0,0,0,0,0,3,3,693738,0,0,0,0,0,0,0,0,0
201802,51,540,3,5,Charlottesville (Independent C,7,7,1571777,0,0,0,0,0,0,1,8,1182846,0,0,0,0,0,0,0,0,0,0,0,0
201802,51,550,3,5,Chesapeake(Independent City)  ,68,68,20241700,0,0,0,0,0,0,0,0,0,68,68,20241700,0,0,0,0,0,0,0,0,0
201802,51,570,3,5,Colonial Heights (Independent ,3,3,398000,0,0,0,0,0,0,0,0,0,3,3,398000,0,0,0,0,0,0,0,0,0
201802,51,580,3,5,Covington (Independent City)  ,0,0,0,0,0,0,0,0,0,0,0,0,0,0,0,0,0,0,0,0,0,0,0,0
201802,51,600,3,5,Fairfax (Independent City)    ,1,1,400000,0,0,0,0,0,0,0,0,0,1,1,400000,0,0,0,0,0,0,0,0,0
201802,51,610,3,5,Falls Church (Independent City,1,1,530000,0,0,0,0,0,0,0,0,0,1,1,530000,0,0,0,0,0,0,0,0,0
201802,51,630,3,5,Fredericksburg(Independent Cit,9,9,1715400,0,0,0,0,0,0,0,0,0,9,9,1715400,0,0,0,0,0,0,0,0,0
201802,51,650,3,5,Hampton (Independent City)    ,14,14,865715,0,0,0,0,0,0,0,0,0,0,0,0,0,0,0,0,0,0,0,0,0
201802,51,660,3,5,Harrisonburg (Independent City,11,11,1961722,0,0,0,0,0,0,0,0,0,0,0,0,0,0,0,0,0,0,0,0,0
201802,51,670,3,5,Hopewell (Independent City)   ,4,4,362547,0,0,0,0,0,0,0,0,0,0,0,0,0,0,0,0,0,0,0,0,0
201802,51,680,3,5,Lynchburg (Independent City)  ,5,5,1181875,0,0,0,0,0,0,0,0,0,5,5,1181875,0,0,0,0,0,0,0,0,0
201802,51,683,3,5,Manassas (Independent City)   ,14,14,1973129,0,0,0,0,0,0,0,0,0,0,0,0,0,0,0,0,0,0,0,0,0
201802,51,685,3,5,Manassas Park (Independent Cit,0,0,0,0,0,0,0,0,0,0,0,0,0,0,0,0,0,0,0,0,0,0,0,0
201802,51,700,3,5,Newport News (Independent City,13,13,2221335,0,0,0,0,0,0,0,0,0,13,13,2221335,0,0,0,0,0,0,0,0,0
201802,51,710,3,5,Norfolk (Independent City)    ,29,29,6706131,0,0,0,0,0,0,0,0,0,29,29,6706131,0,0,0,0,0,0,0,0,0
201802,51,730,3,5,Petersburg (Independent City) ,0,0,0,0,0,0,0,0,0,0,0,0,0,0,0,0,0,0,0,0,0,0,0,0
201802,51,735,3,5,Poquoson (Independent City)   ,0,0,0,0,0,0,0,0,0,0,0,0,0,0,0,0,0,0,0,0,0,0,0,0
201802,51,740,3,5,Portsmouth (Independent City) ,11,11,1370000,0,0,0,0,0,0,0,0,0,11,11,1370000,0,0,0,0,0,0,0,0,0
201802,51,760,3,5,Richmond (Independent City)   ,58,58,13412263,0,0,0,0,0,0,0,0,0,58,58,13412263,0,0,0,0,0,0,0,0,0
201802,51,800,3,5,Suffolk (Independent City)    ,35,35,8093607,0,0,0,0,0,0,0,0,0,35,35,8093607,0,0,0,0,0,0,0,0,0
201802,51,810,3,5,Virginia Beach (Independent Ci,69,69,11817552,0,0,0,0,0,0,0,0,0,69,69,11817552,0,0,0,0,0,0,0,0,0
201802,51,830,3,5,Williamsburg (Independent City,0,0,0,0,0,0,0,0,0,0,0,0,0,0,0,0,0,0,0,0,0,0,0,0
201802,53,005,4,9,Benton County                 ,76,76,23773212,0,0,0,0,0,0,2,24,2194475,21,21,7593741,0,0,0,0,0,0,0,0,0
201802,53,011,4,9,Clark County                  ,211,211,61773545,4,8,616531,1,3,352317,2,21,2206928,53,53,13951515,4,8,616531,0,0,0,0,0,0
201802,53,021,4,9,Franklin County               ,43,43,11709076,2,4,675589,0,0,0,0,0,0,8,8,3131401,0,0,0,0,0,0,0,0,0
201802,53,031,4,9,Jefferson County              ,13,13,2283862,1,2,302414,0,0,0,0,0,0,6,6,1205833,0,0,0,0,0,0,0,0,0
201802,53,033,4,9,King County                   ,357,357,135424650,15,30,6819892,16,56,11895793,27,644,94768221,280,280,101896884,14,28,6190392,15,53,10695793,24,570,85419282
201802,53,035,4,9,Kitsap County                 ,86,86,24789398,0,0,0,0,0,0,1,107,26606369,86,86,24789398,0,0,0,0,0,0,1,107,26606369
201802,53,053,4,9,Pierce County                 ,198,198,60855736,4,8,1164667,1,4,664555,1,136,19932357,194,194,59508679,4,8,1164667,1,4,664555,1,136,19932357
201802,53,055,4,9,San Juan County               ,9,9,1770195,0,0,0,0,0,0,0,0,0,9,9,1770195,0,0,0,0,0,0,0,0,0
201802,53,059,4,9,Skamania County               ,2,2,999544,0,0,0,0,0,0,0,0,0,2,2,999544,0,0,0,0,0,0,0,0,0
201802,53,061,4,9,Snohomish County              ,164,164,44868744,3,6,1262944,0,0,0,3,37,4413622,127,127,34408268,3,6,1262944,0,0,0,3,37,4413622
201802,54,011,3,5,Cabell County                 ,4,4,965610,0,0,0,0,0,0,0,0,0,0,0,0,0,0,0,0,0,0,0,0,0
201802,54,015,3,5,Clay County                   ,1,1,25000,0,0,0,0,0,0,0,0,0,1,1,25000,0,0,0,0,0,0,0,0,0
201802,54,019,3,5,Fayette County                ,0,0,0,0,0,0,0,0,0,0,0,0,0,0,0,0,0,0,0,0,0,0,0,0
201802,54,037,3,5,Jefferson County              ,11,11,3279464,0,0,0,0,0,0,0,0,0,0,0,0,0,0,0,0,0,0,0,0,0
201802,54,081,3,5,Raleigh County                ,3,3,488880,0,0,0,0,0,0,0,0,0,3,3,488880,0,0,0,0,0,0,0,0,0
201802,55,025,2,3,Dane County                   ,88,88,28279027,2,4,743462,5,18,2026765,6,153,21676196,64,64,21382273,1,2,485000,4,15,1705000,4,133,20172500
201802,55,031,2,3,Douglas County                ,0,0,0,0,0,0,0,0,0,0,0,0,0,0,0,0,0,0,0,0,0,0,0,0
201802,55,037,2,3,Florence County               ,0,0,0,0,0,0,0,0,0,0,0,0,0,0,0,0,0,0,0,0,0,0,0,0
201802,55,049,2,3,Iowa County                   ,2,2,730000,0,0,0,0,0,0,0,0,0,2,2,730000,0,0,0,0,0,0,0,0,0
201802,55,059,2,3,Kenosha County                ,11,11,2837667,0,0,0,0,0,0,1,13,463316,8,8,2177750,0,0,0,0,0,0,0,0,0
201802,55,079,2,3,Milwaukee County              ,24,24,6480421,0,0,0,0,0,0,0,0,0,24,24,6480421,0,0,0,0,0,0,0,0,0
201802,55,089,2,3,Ozaukee County                ,14,14,4729345,0,0,0,0,0,0,1,5,377778,8,8,2274600,0,0,0,0,0,0,0,0,0
201802,55,093,2,3,Pierce County                 ,2,2,1450000,0,0,0,0,0,0,0,0,0,2,2,1450000,0,0,0,0,0,0,0,0,0
201802,55,109,2,3,St. Croix County              ,22,22,7006853,0,0,0,0,0,0,0,0,0,21,21,6667645,0,0,0,0,0,0,0,0,0
201802,55,131,2,3,Washington County             ,21,21,5522325,1,2,344000,0,0,0,0,0,0,15,15,3495500,1,2,344000,0,0,0,0,0,0
201802,56,029,4,8,Park County                   ,9,9,1464103,0,0,0,0,0,0,0,0,0,9,9,1464103,0,0,0,0,0,0,0,0,0
201802,56,039,4,8,Teton County                  ,21,21,14939712,0,0,0,0,0,0,0,0,0,20,20,14373440,0,0,0,0,0,0,0,0,0
