Survey,FIPS,FIPS,Region,Division,County,,1-unit,,,2-units,,,3-4 units,,,5+ units,,,1-unit rep,,,2-units rep,,,3-4 units rep,,, 5+units rep
Date,State,County,Code,Code,Name,Bldgs,Units,Value,Bldgs,Units,Value,Bldgs,Units,Value,Bldgs,Units,Value,Bldgs,Units,Value,Bldgs,Units,Value,Bldgs,Units,Value,Bldgs,Units,Value
 
201806,01,001,3,6,Autauga County                ,15,15,4059709,0,0,0,0,0,0,0,0,0,15,15,4059709,0,0,0,0,0,0,0,0,0
201806,01,007,3,6,Bibb County                   ,1,1,255129,0,0,0,0,0,0,0,0,0,0,0,0,0,0,0,0,0,0,0,0,0
201806,01,009,3,6,Blount County                 ,0,0,0,0,0,0,0,0,0,0,0,0,0,0,0,0,0,0,0,0,0,0,0,0
201806,01,021,3,6,Chilton County                ,4,4,445105,0,0,0,0,0,0,0,0,0,3,3,280676,0,0,0,0,0,0,0,0,0
201806,01,073,3,6,Jefferson County              ,151,151,40093174,1,2,107950,0,0,0,0,0,0,79,79,22827499,0,0,0,0,0,0,0,0,0
201806,01,081,3,6,Lee County                    ,92,92,25025767,1,2,210669,0,0,0,1,35,9151276,35,35,8669756,0,0,0,0,0,0,0,0,0
201806,01,083,3,6,Limestone County              ,7,7,1568150,0,0,0,0,0,0,0,0,0,7,7,1568150,0,0,0,0,0,0,0,0,0
201806,01,089,3,6,Madison County                ,251,251,41967774,0,0,0,0,0,0,0,0,0,247,247,41076822,0,0,0,0,0,0,0,0,0
201806,01,113,3,6,Russell County                ,8,8,1112760,0,0,0,0,0,0,0,0,0,8,8,1112760,0,0,0,0,0,0,0,0,0
201806,01,115,3,6,St. Clair County              ,12,12,2549055,0,0,0,0,0,0,0,0,0,10,10,2171834,0,0,0,0,0,0,0,0,0
201806,01,117,3,6,Shelby County                 ,94,94,21373332,0,0,0,0,0,0,0,0,0,53,53,10881269,0,0,0,0,0,0,0,0,0
201806,01,127,3,6,Walker County                 ,1,1,207778,0,0,0,0,0,0,0,0,0,0,0,0,0,0,0,0,0,0,0,0,0
201806,02,013,4,9,Aleutians East Borough        ,0,0,0,0,0,0,0,0,0,0,0,0,0,0,0,0,0,0,0,0,0,0,0,0
201806,02,016,4,9,Aleutians West Census Area    ,1,1,98118,0,0,0,0,0,0,0,0,0,0,0,0,0,0,0,0,0,0,0,0,0
201806,02,020,4,9,Anchorage Municipality        ,82,82,25686472,0,0,0,2,6,1042370,1,15,2371433,0,0,0,0,0,0,0,0,0,0,0,0
201806,02,050,4,9,Bethel Census Area            ,0,0,0,0,0,0,0,0,0,0,0,0,0,0,0,0,0,0,0,0,0,0,0,0
201806,02,060,4,9,Bristol Bay Borough           ,0,0,0,0,0,0,0,0,0,0,0,0,0,0,0,0,0,0,0,0,0,0,0,0
201806,02,070,4,9,Dillingham Census Area        ,0,0,0,0,0,0,0,0,0,0,0,0,0,0,0,0,0,0,0,0,0,0,0,0
201806,02,090,4,9,Fairbanks North Star Borough  ,1,1,264286,0,0,0,0,0,0,0,0,0,0,0,0,0,0,0,0,0,0,0,0,0
201806,02,100,4,9,Haines Borough                ,2,2,556850,0,0,0,0,0,0,0,0,0,0,0,0,0,0,0,0,0,0,0,0,0
201806,02,105,4,9,Hoonah-Angoon Census Area     ,0,0,0,0,0,0,0,0,0,0,0,0,0,0,0,0,0,0,0,0,0,0,0,0
201806,02,110,4,9,Juneau City and Borough       ,12,12,2080153,0,0,0,0,0,0,0,0,0,12,12,2080153,0,0,0,0,0,0,0,0,0
201806,02,122,4,9,Kenai Peninsula Borough       ,14,14,2251202,1,2,400000,0,0,0,0,0,0,10,10,1380000,1,2,400000,0,0,0,0,0,0
201806,02,130,4,9,Ketchikan Gateway Borough     ,4,4,1140713,3,6,1034290,0,0,0,0,0,0,4,4,1140713,3,6,1034290,0,0,0,0,0,0
201806,02,150,4,9,Kodiak Island Borough         ,3,3,469243,0,0,0,1,4,499861,0,0,0,3,3,469243,0,0,0,1,4,499861,0,0,0
201806,02,158,4,9,Kusilvak Census Area          ,0,0,0,0,0,0,0,0,0,0,0,0,0,0,0,0,0,0,0,0,0,0,0,0
201806,02,170,4,9,Matanuska-Susitna Borough     ,11,11,2317523,2,4,689527,0,0,0,1,42,6000000,11,11,2317523,2,4,689527,0,0,0,1,42,6000000
201806,02,180,4,9,Nome Census Area              ,0,0,0,0,0,0,0,0,0,0,0,0,0,0,0,0,0,0,0,0,0,0,0,0
201806,02,185,4,9,North Slope Borough           ,0,0,0,0,0,0,0,0,0,0,0,0,0,0,0,0,0,0,0,0,0,0,0,0
201806,02,188,4,9,Northwest Arctic Borough      ,1,1,460000,0,0,0,0,0,0,0,0,0,0,0,0,0,0,0,0,0,0,0,0,0
201806,02,195,4,9,Petersburg Borough            ,1,1,155636,0,0,0,0,0,0,0,0,0,0,0,0,0,0,0,0,0,0,0,0,0
201806,02,198,4,9,Prince of Wales-Hyder Census A,0,0,0,1,2,354708,0,0,0,0,0,0,0,0,0,0,0,0,0,0,0,0,0,0
201806,02,220,4,9,Sitka City and Borough        ,2,2,427828,0,0,0,0,0,0,0,0,0,0,0,0,0,0,0,0,0,0,0,0,0
201806,02,230,4,9,Skagway Municipality          ,0,0,0,0,0,0,0,0,0,0,0,0,0,0,0,0,0,0,0,0,0,0,0,0
201806,02,261,4,9,Valdez-Cordova Census Area    ,4,4,1313664,0,0,0,0,0,0,0,0,0,2,2,340000,0,0,0,0,0,0,0,0,0
201806,02,275,4,9,Wrangell City and Borough     ,2,2,180000,0,0,0,0,0,0,0,0,0,2,2,180000,0,0,0,0,0,0,0,0,0
201806,02,282,4,9,Yakutat City and Borough      ,0,0,0,0,0,0,0,0,0,0,0,0,0,0,0,0,0,0,0,0,0,0,0,0
201806,02,290,4,9,Yukon-Koyukuk Census Area     ,0,0,0,0,0,0,0,0,0,0,0,0,0,0,0,0,0,0,0,0,0,0,0,0
201806,04,013,4,8,Maricopa County               ,1956,1956,528903869,21,42,3642580,1,3,758136,7,192,25613928,1956,1956,528903869,21,42,3642580,1,3,758136,7,192,25613928
201806,04,019,4,8,Pima County                   ,321,321,87556105,5,10,1267828,4,16,2196744,8,105,14888016,167,167,44706882,2,4,551368,4,16,2196744,0,0,0
201806,04,021,4,8,Pinal County                  ,351,351,69496799,26,52,3287258,0,0,0,0,0,0,339,339,67301165,26,52,3287258,0,0,0,0,0,0
201806,05,013,3,7,Calhoun County                ,0,0,0,0,0,0,0,0,0,0,0,0,0,0,0,0,0,0,0,0,0,0,0,0
201806,05,035,3,7,Crittenden County             ,4,4,1153850,0,0,0,0,0,0,0,0,0,3,3,992900,0,0,0,0,0,0,0,0,0
201806,05,045,3,7,Faulkner County               ,30,30,6827404,0,0,0,0,0,0,1,9,237758,8,8,1897825,0,0,0,0,0,0,0,0,0
201806,05,053,3,7,Grant County                  ,2,2,301111,1,2,100000,0,0,0,0,0,0,0,0,0,0,0,0,0,0,0,0,0,0
201806,05,085,3,7,Lonoke County                 ,66,66,12104978,0,0,0,0,0,0,0,0,0,43,43,10142683,0,0,0,0,0,0,0,0,0
201806,05,087,3,7,Madison County                ,1,1,160000,0,0,0,0,0,0,0,0,0,1,1,160000,0,0,0,0,0,0,0,0,0
201806,05,091,3,7,Miller County                 ,2,2,456853,0,0,0,0,0,0,0,0,0,0,0,0,0,0,0,0,0,0,0,0,0
201806,05,105,3,7,Perry County                  ,1,1,58000,0,0,0,0,0,0,0,0,0,1,1,58000,0,0,0,0,0,0,0,0,0
201806,05,119,3,7,Pulaski County                ,73,73,18022946,0,0,0,0,0,0,0,0,0,73,73,18022946,0,0,0,0,0,0,0,0,0
201806,05,129,3,7,Searcy County                 ,0,0,0,0,0,0,0,0,0,0,0,0,0,0,0,0,0,0,0,0,0,0,0,0
201806,05,143,3,7,Washington County             ,236,236,61656944,1,2,153388,0,0,0,0,0,0,214,214,58819840,0,0,0,0,0,0,0,0,0
201806,06,001,4,9,Alameda County                ,134,134,58562538,0,0,0,3,10,2159363,7,421,14511359,102,102,49208603,0,0,0,3,10,2159363,4,381,7214316
201806,06,013,4,9,Contra Costa County           ,127,127,37323990,0,0,0,4,13,3263146,4,23,5515788,126,126,37134158,0,0,0,4,13,3263146,2,11,2960818
201806,06,017,4,9,El Dorado County              ,80,80,30726779,0,0,0,0,0,0,0,0,0,2,2,607135,0,0,0,0,0,0,0,0,0
201806,06,019,4,9,Fresno County                 ,200,200,55996752,4,8,1698546,0,0,0,6,58,5741509,115,115,33193829,0,0,0,0,0,0,0,0,0
201806,06,037,4,9,Los Angeles County            ,564,564,215198464,52,104,20517573,4,12,2651571,54,3763,846631065,481,481,166889764,49,98,19007257,1,3,878045,49,3725,840496736
201806,06,041,4,9,Marin County                  ,11,11,7229352,0,0,0,0,0,0,0,0,0,9,9,5410476,0,0,0,0,0,0,0,0,0
201806,06,059,4,9,Orange County                 ,354,354,104116354,14,28,7971354,22,77,16154452,8,158,27587325,280,280,75178023,10,20,5647651,22,77,16154452,4,88,13276462
201806,06,061,4,9,Placer County                 ,185,185,73364545,0,0,0,0,0,0,0,0,0,184,184,72791083,0,0,0,0,0,0,0,0,0
201806,06,063,4,9,Plumas County                 ,6,6,1353690,0,0,0,0,0,0,0,0,0,6,6,1353690,0,0,0,0,0,0,0,0,0
201806,06,067,4,9,Sacramento County             ,477,477,119754668,0,0,0,0,0,0,2,115,12011753,475,475,119276624,0,0,0,0,0,0,2,115,12011753
201806,06,069,4,9,San Benito County             ,32,32,8262744,0,0,0,0,0,0,0,0,0,27,27,6711409,0,0,0,0,0,0,0,0,0
201806,06,071,4,9,San Bernardino County         ,413,413,99592163,0,0,0,0,0,0,6,45,8768529,383,383,91949206,0,0,0,0,0,0,4,33,7597538
201806,06,073,4,9,San Diego County              ,260,260,75538954,7,14,2095282,7,27,4716026,56,1134,195417904,249,249,69404096,7,14,2095282,6,24,4367585,54,1107,191282322
201806,06,075,4,9,San Francisco County          ,1,1,269793,0,0,0,1,3,462863,5,215,33031545,1,1,269793,0,0,0,1,3,462863,5,215,33031545
201806,06,081,4,9,San Mateo County              ,33,33,26120691,0,0,0,0,0,0,5,79,14803649,8,8,11474020,0,0,0,0,0,0,1,6,2100000
201806,06,085,4,9,Santa Clara County            ,115,115,51267608,0,0,0,3,11,3029538,10,268,41831614,78,78,39004460,0,0,0,1,3,848000,7,168,26741898
201806,06,091,4,9,Sierra County                 ,1,1,265299,0,0,0,0,0,0,0,0,0,1,1,265299,0,0,0,0,0,0,0,0,0
201806,06,113,4,9,Yolo County                   ,27,27,8075565,0,0,0,0,0,0,0,0,0,27,27,8075565,0,0,0,0,0,0,0,0,0
201806,08,001,4,8,Adams County                  ,234,234,64147041,2,4,837225,0,0,0,1,12,2107649,234,234,64147041,2,4,837225,0,0,0,1,12,2107649
201806,08,005,4,8,Arapahoe County               ,154,154,40692648,0,0,0,2,6,1257375,0,0,0,136,136,36802978,0,0,0,2,6,1257375,0,0,0
201806,08,014,4,8,Broomfield County             ,59,59,17918975,0,0,0,0,0,0,0,0,0,59,59,17918975,0,0,0,0,0,0,0,0,0
201806,08,015,4,8,Chaffee County                ,16,16,4239110,1,2,323962,1,3,549700,0,0,0,0,0,0,0,0,0,0,0,0,0,0,0
201806,08,019,4,8,Clear Creek County            ,2,2,674325,0,0,0,0,0,0,0,0,0,0,0,0,0,0,0,0,0,0,0,0,0
201806,08,031,4,8,Denver County                 ,218,218,58814806,0,0,0,0,0,0,1,26,6200000,218,218,58814806,0,0,0,0,0,0,1,26,6200000
201806,08,035,4,8,Douglas County                ,267,267,77393280,0,0,0,0,0,0,13,84,3940565,261,261,75348039,0,0,0,0,0,0,13,84,3940565
201806,08,039,4,8,Elbert County                 ,11,11,3025407,0,0,0,0,0,0,0,0,0,10,10,2864977,0,0,0,0,0,0,0,0,0
201806,08,041,4,8,El Paso County                ,409,409,158582034,0,0,0,3,12,1855068,7,146,20309682,409,409,158582034,0,0,0,3,12,1855068,7,146,20309682
201806,08,047,4,8,Gilpin County                 ,3,3,837319,0,0,0,0,0,0,0,0,0,0,0,0,0,0,0,0,0,0,0,0,0
201806,08,059,4,8,Jefferson County              ,116,116,33796797,8,16,2402598,11,39,4373988,2,144,9564140,113,113,32908866,8,16,2402598,11,39,4373988,2,144,9564140
201806,08,069,4,8,Larimer County                ,164,164,45477814,4,8,1051800,0,0,0,2,60,4967388,164,164,45477814,4,8,1051800,0,0,0,2,60,4967388
201806,08,077,4,8,Mesa County                   ,65,65,9241376,0,0,0,0,0,0,0,0,0,65,65,9241376,0,0,0,0,0,0,0,0,0
201806,08,093,4,8,Park County                   ,22,22,6246006,0,0,0,0,0,0,0,0,0,22,22,6246006,0,0,0,0,0,0,0,0,0
201806,08,101,4,8,Pueblo County                 ,40,40,6722666,0,0,0,0,0,0,0,0,0,40,40,6722666,0,0,0,0,0,0,0,0,0
201806,08,119,4,8,Teller County                 ,14,14,4046924,0,0,0,0,0,0,0,0,0,14,14,4046924,0,0,0,0,0,0,0,0,0
201806,09,001,1,1,Fairfield County              ,73,73,54958196,1,2,900000,2,6,1026000,1,8,4888889,45,45,28910862,1,2,900000,2,6,1026000,0,0,0
201806,09,003,1,1,Hartford County               ,49,49,9002472,0,0,0,0,0,0,5,49,4896995,43,43,7702327,0,0,0,0,0,0,3,36,4428000
201806,09,007,1,1,Middlesex County              ,12,12,3319155,0,0,0,0,0,0,1,5,446138,9,9,2477000,0,0,0,0,0,0,0,0,0
201806,09,013,1,1,Tolland County                ,24,24,5252197,0,0,0,0,0,0,2,14,1344747,16,16,3438254,0,0,0,0,0,0,0,0,0
201806,10,001,3,5,Kent County                   ,114,114,17101696,2,4,811080,0,0,0,0,0,0,112,112,16748929,2,4,811080,0,0,0,0,0,0
201806,10,003,3,5,New Castle County             ,112,112,9748035,0,0,0,0,0,0,2,13,393000,108,108,9363508,0,0,0,0,0,0,0,0,0
201806,10,005,3,5,Sussex County                 ,219,219,33335532,5,10,874555,5,17,1450257,0,0,0,219,219,33335532,5,10,874555,5,17,1450257,0,0,0
201806,11,001,3,5,Washington  DC                ,8,8,1891255,2,4,485966,1,3,390032,6,784,85759567,8,8,1891255,2,4,485966,1,3,390032,6,784,85759567
201806,12,003,3,5,Baker County                  ,6,6,1105041,0,0,0,0,0,0,0,0,0,1,1,100000,0,0,0,0,0,0,0,0,0
201806,12,019,3,5,Clay County                   ,90,90,20797518,0,0,0,0,0,0,0,0,0,77,77,17647833,0,0,0,0,0,0,0,0,0
201806,12,029,3,5,Dixie County                  ,3,3,378970,0,0,0,0,0,0,0,0,0,0,0,0,0,0,0,0,0,0,0,0,0
201806,12,031,3,5,Duval County                  ,360,360,88113094,0,0,0,0,0,0,2,75,8204040,350,350,83886180,0,0,0,0,0,0,2,75,8204040
201806,12,033,3,5,Escambia County               ,120,120,28368829,0,0,0,0,0,0,0,0,0,120,120,28368829,0,0,0,0,0,0,0,0,0
201806,12,053,3,5,Hernando County               ,103,103,21182442,0,0,0,0,0,0,0,0,0,103,103,21182442,0,0,0,0,0,0,0,0,0
201806,12,057,3,5,Hillsborough County           ,699,699,235356898,0,0,0,1,4,1700000,2,10,2247420,699,699,235356898,0,0,0,1,4,1700000,2,10,2247420
201806,12,067,3,5,Lafayette County              ,1,1,68173,0,0,0,0,0,0,0,0,0,1,1,68173,0,0,0,0,0,0,0,0,0
201806,12,071,3,5,Lee County                    ,560,560,118387220,27,54,5879025,6,24,4348098,8,355,58014559,560,560,118387220,27,54,5879025,6,24,4348098,8,355,58014559
201806,12,073,3,5,Leon County                   ,70,70,16399443,0,0,0,0,0,0,4,111,14664323,32,32,9689239,0,0,0,0,0,0,0,0,0
201806,12,081,3,5,Manatee County                ,303,303,64790253,0,0,0,1,4,545992,2,53,4192073,29,29,5176625,0,0,0,0,0,0,0,0,0
201806,12,086,3,5,Miami-Dade County             ,314,314,134484884,9,18,2542411,1,3,390032,13,1769,357562482,277,277,119952925,9,18,2542411,1,3,390032,11,1686,344519686
201806,12,089,3,5,Nassau County                 ,114,114,33042556,0,0,0,0,0,0,0,0,0,113,113,32936428,0,0,0,0,0,0,0,0,0
201806,12,091,3,5,Okaloosa County               ,78,78,26578559,0,0,0,0,0,0,0,0,0,78,78,26578559,0,0,0,0,0,0,0,0,0
201806,12,095,3,5,Orange County                 ,744,744,195962133,12,24,3087036,0,0,0,5,267,22139744,706,706,184602921,12,24,3087036,0,0,0,5,267,22139744
201806,12,097,3,5,Osceola County                ,408,408,99713069,0,0,0,0,0,0,3,44,3338499,408,408,99713069,0,0,0,0,0,0,3,44,3338499
201806,12,101,3,5,Pasco County                  ,351,351,69917814,1,2,280000,0,0,0,2,11,585170,350,350,69823096,0,0,0,0,0,0,1,6,153920
201806,12,103,3,5,Pinellas County               ,108,108,32477333,1,2,233102,1,3,505157,2,38,4691311,100,100,29501614,0,0,0,0,0,0,0,0,0
201806,12,109,3,5,St. Johns County              ,502,502,134104957,0,0,0,2,8,1347040,0,0,0,502,502,134104957,0,0,0,2,8,1347040,0,0,0
201806,12,113,3,5,Santa Rosa County             ,153,153,25615384,0,0,0,0,0,0,0,0,0,153,153,25615384,0,0,0,0,0,0,0,0,0
201806,12,115,3,5,Sarasota County               ,266,266,61893684,0,0,0,2,7,1516359,10,99,12497806,134,134,27071612,0,0,0,0,0,0,10,99,12497806
201806,12,117,3,5,Seminole County               ,155,155,48560267,0,0,0,1,4,637350,7,320,31198943,147,147,45939380,0,0,0,1,4,637350,5,280,28048181
201806,12,119,3,5,Sumter County                 ,170,170,47265879,0,0,0,0,0,0,0,0,0,170,170,47265879,0,0,0,0,0,0,0,0,0
201806,12,129,3,5,Wakulla County                ,26,26,4258305,0,0,0,0,0,0,0,0,0,26,26,4258305,0,0,0,0,0,0,0,0,0
201806,12,131,3,5,Walton County                 ,91,91,32571047,0,0,0,1,4,492899,0,0,0,91,91,32571047,0,0,0,1,4,492899,0,0,0
201806,12,133,3,5,Washington County             ,4,4,554952,0,0,0,0,0,0,0,0,0,0,0,0,0,0,0,0,0,0,0,0,0
201806,13,007,3,5,Baker County                  ,0,0,0,0,0,0,0,0,0,0,0,0,0,0,0,0,0,0,0,0,0,0,0,0
201806,13,013,3,5,Barrow County                 ,55,55,7345670,0,0,0,0,0,0,1,12,858114,0,0,0,0,0,0,0,0,0,0,0,0
201806,13,015,3,5,Bartow County                 ,40,40,8198542,0,0,0,0,0,0,0,0,0,40,40,8198542,0,0,0,0,0,0,0,0,0
201806,13,021,3,5,Bibb County                   ,10,10,1591281,0,0,0,0,0,0,0,0,0,0,0,0,0,0,0,0,0,0,0,0,0
201806,13,029,3,5,Bryan County                  ,41,41,8837997,0,0,0,0,0,0,0,0,0,41,41,8837997,0,0,0,0,0,0,0,0,0
201806,13,033,3,5,Burke County                  ,6,6,1067049,0,0,0,0,0,0,0,0,0,0,0,0,0,0,0,0,0,0,0,0,0
201806,13,035,3,5,Butts County                  ,8,8,1477000,0,0,0,0,0,0,0,0,0,8,8,1477000,0,0,0,0,0,0,0,0,0
201806,13,045,3,5,Carroll County                ,51,51,12121959,0,0,0,0,0,0,0,0,0,51,51,12121959,0,0,0,0,0,0,0,0,0
201806,13,051,3,5,Chatham County                ,78,78,17607725,0,0,0,0,0,0,0,0,0,17,17,3818239,0,0,0,0,0,0,0,0,0
201806,13,057,3,5,Cherokee County               ,185,185,48235524,0,0,0,0,0,0,0,0,0,185,185,48235524,0,0,0,0,0,0,0,0,0
201806,13,059,3,5,Clarke County                 ,37,37,7007256,0,0,0,0,0,0,0,0,0,37,37,7007256,0,0,0,0,0,0,0,0,0
201806,13,063,3,5,Clayton County                ,71,71,16647613,0,0,0,0,0,0,0,0,0,70,70,16548483,0,0,0,0,0,0,0,0,0
201806,13,067,3,5,Cobb County                   ,144,144,39070731,0,0,0,3,11,2220963,2,13,1933699,144,144,39070731,0,0,0,3,11,2220963,2,13,1933699
201806,13,073,3,5,Columbia County               ,127,127,22879914,0,0,0,0,0,0,0,0,0,16,16,2560268,0,0,0,0,0,0,0,0,0
201806,13,077,3,5,Coweta County                 ,75,75,24511671,0,0,0,0,0,0,0,0,0,72,72,23778189,0,0,0,0,0,0,0,0,0
201806,13,085,3,5,Dawson County                 ,33,33,6482176,0,0,0,0,0,0,0,0,0,33,33,6482176,0,0,0,0,0,0,0,0,0
201806,13,095,3,5,Dougherty County              ,4,4,545341,0,0,0,0,0,0,0,0,0,0,0,0,0,0,0,0,0,0,0,0,0
201806,13,097,3,5,Douglas County                ,49,49,6222866,0,0,0,0,0,0,0,0,0,49,49,6222866,0,0,0,0,0,0,0,0,0
201806,13,111,3,5,Fannin County                 ,15,15,2927685,0,0,0,0,0,0,1,12,1034148,15,15,2927685,0,0,0,0,0,0,1,12,1034148
201806,13,113,3,5,Fayette County                ,35,35,9125812,0,0,0,0,0,0,0,0,0,30,30,7188790,0,0,0,0,0,0,0,0,0
201806,13,115,3,5,Floyd County                  ,14,14,2329458,0,0,0,0,0,0,0,0,0,14,14,2329458,0,0,0,0,0,0,0,0,0
201806,13,117,3,5,Forsyth County                ,219,219,31306820,0,0,0,0,0,0,0,0,0,219,219,31306820,0,0,0,0,0,0,0,0,0
201806,13,121,3,5,Fulton County                 ,472,472,120625430,0,0,0,0,0,0,3,29,1850000,438,438,110949355,0,0,0,0,0,0,3,29,1850000
201806,13,127,3,5,Glynn County                  ,54,54,15778846,0,0,0,0,0,0,0,0,0,0,0,0,0,0,0,0,0,0,0,0,0
201806,13,135,3,5,Gwinnett County               ,323,323,77227521,0,0,0,0,0,0,0,0,0,315,315,74887806,0,0,0,0,0,0,0,0,0
201806,13,143,3,5,Haralson County               ,5,5,1144203,0,0,0,0,0,0,0,0,0,0,0,0,0,0,0,0,0,0,0,0,0
201806,13,145,3,5,Harris County                 ,19,19,4367155,0,0,0,0,0,0,0,0,0,19,19,4367155,0,0,0,0,0,0,0,0,0
201806,13,149,3,5,Heard County                  ,3,3,709221,0,0,0,0,0,0,0,0,0,3,3,709221,0,0,0,0,0,0,0,0,0
201806,13,151,3,5,Henry County                  ,199,199,42882888,0,0,0,0,0,0,0,0,0,158,158,37478292,0,0,0,0,0,0,0,0,0
201806,13,159,3,5,Jasper County                 ,7,7,937818,0,0,0,0,0,0,0,0,0,0,0,0,0,0,0,0,0,0,0,0,0
201806,13,171,3,5,Lamar County                  ,8,8,920745,0,0,0,0,0,0,0,0,0,8,8,920745,0,0,0,0,0,0,0,0,0
201806,13,177,3,5,Lee County                    ,14,14,1491780,0,0,0,0,0,0,0,0,0,14,14,1491780,0,0,0,0,0,0,0,0,0
201806,13,179,3,5,Liberty County                ,18,18,3455157,0,0,0,0,0,0,0,0,0,18,18,3455157,0,0,0,0,0,0,0,0,0
201806,13,189,3,5,McDuffie County               ,3,3,552400,0,0,0,0,0,0,0,0,0,0,0,0,0,0,0,0,0,0,0,0,0
201806,13,199,3,5,Meriwether County             ,4,4,945628,0,0,0,0,0,0,0,0,0,4,4,945628,0,0,0,0,0,0,0,0,0
201806,13,201,3,5,Miller County                 ,0,0,0,0,0,0,0,0,0,0,0,0,0,0,0,0,0,0,0,0,0,0,0,0
201806,13,207,3,5,Monroe County                 ,13,13,2930341,0,0,0,0,0,0,0,0,0,0,0,0,0,0,0,0,0,0,0,0,0
201806,13,215,3,5,Muscogee County               ,31,31,6053725,0,0,0,1,3,184640,2,13,2277700,0,0,0,0,0,0,0,0,0,0,0,0
201806,13,217,3,5,Newton County                 ,46,46,10698866,0,0,0,0,0,0,0,0,0,46,46,10698866,0,0,0,0,0,0,0,0,0
201806,13,227,3,5,Pickens County                ,9,9,2353442,0,0,0,0,0,0,0,0,0,9,9,2353442,0,0,0,0,0,0,0,0,0
201806,13,231,3,5,Pike County                   ,9,9,1765588,0,0,0,0,0,0,0,0,0,0,0,0,0,0,0,0,0,0,0,0,0
201806,13,235,3,5,Pulaski County                ,2,2,425000,0,0,0,0,0,0,0,0,0,2,2,425000,0,0,0,0,0,0,0,0,0
201806,13,245,3,5,Richmond County               ,39,39,6400005,0,0,0,0,0,0,1,25,1435983,1,1,155000,0,0,0,0,0,0,0,0,0
201806,13,247,3,5,Rockdale County               ,16,16,3782510,0,0,0,0,0,0,0,0,0,16,16,3782510,0,0,0,0,0,0,0,0,0
201806,13,255,3,5,Spalding County               ,24,24,2735700,0,0,0,0,0,0,0,0,0,24,24,2735700,0,0,0,0,0,0,0,0,0
201806,13,275,3,5,Thomas County                 ,6,6,1197536,0,0,0,0,0,0,0,0,0,3,3,640938,0,0,0,0,0,0,0,0,0
201806,13,291,3,5,Union County                  ,23,23,6811054,0,0,0,0,0,0,0,0,0,23,23,6811054,0,0,0,0,0,0,0,0,0
201806,15,001,4,9,Hawaii County                 ,66,66,22370598,0,0,0,0,0,0,0,0,0,66,66,22370598,0,0,0,0,0,0,0,0,0
201806,15,003,4,9,Honolulu County               ,65,65,29379978,0,0,0,0,0,0,1,154,31000000,65,65,29379978,0,0,0,0,0,0,1,154,31000000
201806,15,007,4,9,Kauai County                  ,11,11,4953719,0,0,0,3,12,3006800,21,126,22883000,11,11,4953719,0,0,0,3,12,3006800,21,126,22883000
201806,15,009,4,9,Maui County                   ,28,28,22487466,1,2,508610,0,0,0,0,0,0,28,28,22487466,1,2,508610,0,0,0,0,0,0
201806,16,001,4,8,Ada County                    ,475,475,123393406,1,2,434261,0,0,0,3,72,5753681,422,422,110422453,1,2,434261,0,0,0,3,72,5753681
201806,16,015,4,8,Boise County                  ,14,14,3619296,0,0,0,0,0,0,0,0,0,14,14,3619296,0,0,0,0,0,0,0,0,0
201806,16,027,4,8,Canyon County                 ,207,207,30270843,1,2,136228,4,16,991186,1,50,5650000,206,206,30042343,1,2,136228,4,16,991186,1,50,5650000
201806,16,045,4,8,Gem County                    ,7,7,1031042,0,0,0,0,0,0,0,0,0,7,7,1031042,0,0,0,0,0,0,0,0,0
201806,16,073,4,8,Owyhee County                 ,4,4,744306,0,0,0,0,0,0,0,0,0,2,2,353939,0,0,0,0,0,0,0,0,0
201806,17,005,2,3,Bond County                   ,0,0,0,0,0,0,0,0,0,0,0,0,0,0,0,0,0,0,0,0,0,0,0,0
201806,17,013,2,3,Calhoun County                ,1,1,200000,0,0,0,0,0,0,0,0,0,1,1,200000,0,0,0,0,0,0,0,0,0
201806,17,031,2,3,Cook County                   ,133,133,41419776,4,8,2616100,11,34,8672900,18,698,51304402,95,95,31932343,4,8,2616100,11,34,8672900,17,669,47559078
201806,17,037,2,3,DeKalb County                 ,8,8,2149152,0,0,0,1,3,279000,0,0,0,8,8,2149152,0,0,0,1,3,279000,0,0,0
201806,17,039,2,3,De Witt County                ,1,1,100000,0,0,0,0,0,0,0,0,0,1,1,100000,0,0,0,0,0,0,0,0,0
201806,17,043,2,3,DuPage County                 ,97,97,42079267,3,6,979400,1,4,632700,3,21,1754941,91,91,39320209,3,6,979400,1,4,632700,2,11,1517744
201806,17,063,2,3,Grundy County                 ,5,5,1025263,0,0,0,0,0,0,1,8,410256,3,3,614000,0,0,0,0,0,0,0,0,0
201806,17,083,2,3,Jersey County                 ,6,6,1037616,0,0,0,0,0,0,0,0,0,5,5,882007,0,0,0,0,0,0,0,0,0
201806,17,093,2,3,Kendall County                ,41,41,7738092,0,0,0,0,0,0,0,0,0,36,36,6603239,0,0,0,0,0,0,0,0,0
201806,17,097,2,3,Lake County                   ,49,49,22897163,1,2,83333,0,0,0,2,14,1961253,34,34,15821655,0,0,0,0,0,0,0,0,0
201806,17,111,2,3,McHenry County                ,29,29,5267725,0,0,0,1,3,443333,0,0,0,19,19,3073224,0,0,0,0,0,0,0,0,0
201806,17,119,2,3,Madison County                ,27,27,7684560,0,0,0,0,0,0,1,5,508029,24,24,7070383,0,0,0,0,0,0,0,0,0
201806,17,133,2,3,Monroe County                 ,10,10,2225825,0,0,0,0,0,0,1,5,432000,6,6,1325553,0,0,0,0,0,0,0,0,0
201806,17,197,2,3,Will County                   ,131,131,39710198,0,0,0,1,4,400000,0,0,0,114,114,36120657,0,0,0,1,4,400000,0,0,0
201806,18,003,2,3,Allen County                  ,95,95,24558754,0,0,0,0,0,0,4,32,4771710,95,95,24558754,0,0,0,0,0,0,4,32,4771710
201806,18,011,2,3,Boone County                  ,43,43,17511300,2,4,400000,0,0,0,0,0,0,43,43,17511300,2,4,400000,0,0,0,0,0,0
201806,18,013,2,3,Brown County                  ,8,8,2068106,0,0,0,0,0,0,0,0,0,8,8,2068106,0,0,0,0,0,0,0,0,0
201806,18,019,2,3,Clark County                  ,30,30,7423636,0,0,0,0,0,0,0,0,0,28,28,6820238,0,0,0,0,0,0,0,0,0
201806,18,047,2,3,Franklin County               ,6,6,1070000,0,0,0,0,0,0,0,0,0,6,6,1070000,0,0,0,0,0,0,0,0,0
201806,18,057,2,3,Hamilton County               ,244,244,81248745,1,2,355080,0,0,0,0,0,0,239,239,79872454,1,2,355080,0,0,0,0,0,0
201806,18,059,2,3,Hancock County                ,78,78,17732150,0,0,0,0,0,0,0,0,0,78,78,17732150,0,0,0,0,0,0,0,0,0
201806,18,061,2,3,Harrison County               ,8,8,1907000,0,0,0,0,0,0,0,0,0,8,8,1907000,0,0,0,0,0,0,0,0,0
201806,18,063,2,3,Hendricks County              ,83,83,20431689,4,8,662771,0,0,0,1,22,1523871,34,34,8779172,3,6,345000,0,0,0,0,0,0
201806,18,069,2,3,Huntington County             ,3,3,954315,0,0,0,0,0,0,0,0,0,3,3,954315,0,0,0,0,0,0,0,0,0
201806,18,073,2,3,Jasper County                 ,10,10,2604042,0,0,0,0,0,0,0,0,0,10,10,2604042,0,0,0,0,0,0,0,0,0
201806,18,081,2,3,Johnson County                ,119,119,30471313,0,0,0,0,0,0,0,0,0,115,115,30009037,0,0,0,0,0,0,0,0,0
201806,18,087,2,3,Lagrange County               ,15,15,3150000,0,0,0,0,0,0,0,0,0,15,15,3150000,0,0,0,0,0,0,0,0,0
201806,18,089,2,3,Lake County                   ,117,117,32304044,3,6,600000,1,3,630000,0,0,0,106,106,29530366,3,6,600000,1,3,630000,0,0,0
201806,18,097,2,3,Marion County                 ,100,100,25219462,2,4,588242,1,3,650000,1,38,6339499,14,14,3050000,0,0,0,0,0,0,0,0,0
201806,18,105,2,3,Monroe County                 ,0,0,0,2,4,556358,0,0,0,2,33,3778203,0,0,0,2,4,556358,0,0,0,2,33,3778203
201806,18,109,2,3,Morgan County                 ,23,23,6847551,0,0,0,0,0,0,0,0,0,21,21,6331970,0,0,0,0,0,0,0,0,0
201806,18,111,2,3,Newton County                 ,1,1,202836,0,0,0,0,0,0,0,0,0,0,0,0,0,0,0,0,0,0,0,0,0
201806,18,115,2,3,Ohio County                   ,1,1,90000,0,0,0,0,0,0,0,0,0,1,1,90000,0,0,0,0,0,0,0,0,0
201806,18,119,2,3,Owen County                   ,5,5,1119427,0,0,0,0,0,0,0,0,0,0,0,0,0,0,0,0,0,0,0,0,0
201806,18,127,2,3,Porter County                 ,46,46,12928131,0,0,0,0,0,0,1,12,1357462,38,38,11714263,0,0,0,0,0,0,1,12,1357462
201806,18,133,2,3,Putnam County                 ,12,12,2538074,0,0,0,0,0,0,0,0,0,5,5,810000,0,0,0,0,0,0,0,0,0
201806,18,145,2,3,Shelby County                 ,10,10,1723891,0,0,0,0,0,0,0,0,0,10,10,1723891,0,0,0,0,0,0,0,0,0
201806,18,151,2,3,Steuben County                ,11,11,4764582,0,0,0,0,0,0,0,0,0,11,11,4764582,0,0,0,0,0,0,0,0,0
201806,18,157,2,3,Tippecanoe County             ,45,45,10457182,1,2,360000,0,0,0,0,0,0,1,1,25000,0,0,0,0,0,0,0,0,0
201806,18,163,2,3,Vanderburgh County            ,31,31,5189784,1,2,160000,0,0,0,0,0,0,31,31,5189784,1,2,160000,0,0,0,0,0,0
201806,18,167,2,3,Vigo County                   ,3,3,672720,1,2,137636,0,0,0,1,10,691935,1,1,300000,0,0,0,0,0,0,0,0,0
201806,18,175,2,3,Washington County             ,4,4,1083704,0,0,0,0,0,0,0,0,0,0,0,0,0,0,0,0,0,0,0,0,0
201806,18,183,2,3,Whitley County                ,12,12,2554200,0,0,0,0,0,0,0,0,0,12,12,2554200,0,0,0,0,0,0,0,0,0
201806,19,049,2,4,Dallas County                 ,39,39,11744736,0,0,0,0,0,0,0,0,0,39,39,11744736,0,0,0,0,0,0,0,0,0
201806,19,085,2,4,Harrison County               ,3,3,825000,0,0,0,0,0,0,0,0,0,2,2,600000,0,0,0,0,0,0,0,0,0
201806,19,129,2,4,Mills County                  ,0,0,0,0,0,0,0,0,0,0,0,0,0,0,0,0,0,0,0,0,0,0,0,0
201806,19,153,2,4,Polk County                   ,209,209,55578754,0,0,0,0,0,0,5,353,41382596,169,169,48288243,0,0,0,0,0,0,3,276,32396326
201806,19,181,2,4,Warren County                 ,34,34,9251898,0,0,0,0,0,0,0,0,0,32,32,8768029,0,0,0,0,0,0,0,0,0
201806,20,061,2,4,Geary County                  ,1,1,131208,0,0,0,0,0,0,0,0,0,0,0,0,0,0,0,0,0,0,0,0,0
201806,20,091,2,4,Johnson County                ,171,171,64371718,2,4,1044000,3,12,1826943,2,27,2367049,95,95,38432097,2,4,1044000,0,0,0,0,0,0
201806,20,103,2,4,Leavenworth County            ,39,39,7435016,0,0,0,0,0,0,0,0,0,39,39,7435016,0,0,0,0,0,0,0,0,0
201806,20,107,2,4,Linn County                   ,4,4,396442,0,0,0,0,0,0,0,0,0,0,0,0,0,0,0,0,0,0,0,0,0
201806,20,121,2,4,Miami County                  ,8,8,2367972,0,0,0,1,4,460000,0,0,0,2,2,550500,0,0,0,1,4,460000,0,0,0
201806,20,209,2,4,Wyandotte County              ,21,21,4321204,4,8,858628,0,0,0,0,0,0,21,21,4321204,4,8,858628,0,0,0,0,0,0
201806,21,005,3,6,Anderson County               ,12,12,2032856,0,0,0,0,0,0,0,0,0,12,12,2032856,0,0,0,0,0,0,0,0,0
201806,21,015,3,6,Boone County                  ,57,57,10025796,0,0,0,0,0,0,2,16,1357680,57,57,10025796,0,0,0,0,0,0,2,16,1357680
201806,21,017,3,6,Bourbon County                ,5,5,1122161,1,2,157000,0,0,0,0,0,0,0,0,0,0,0,0,0,0,0,0,0,0
201806,21,021,3,6,Boyle County                  ,3,3,475900,1,2,150000,0,0,0,0,0,0,3,3,475900,1,2,150000,0,0,0,0,0,0
201806,21,029,3,6,Bullitt County                ,34,34,7846479,0,0,0,1,4,560000,0,0,0,34,34,7846479,0,0,0,1,4,560000,0,0,0
201806,21,035,3,6,Calloway County               ,4,4,803000,0,0,0,0,0,0,0,0,0,4,4,803000,0,0,0,0,0,0,0,0,0
201806,21,037,3,6,Campbell County               ,14,14,2837801,0,0,0,0,0,0,1,6,518000,14,14,2837801,0,0,0,0,0,0,1,6,518000
201806,21,045,3,6,Casey County                  ,0,0,0,0,0,0,0,0,0,0,0,0,0,0,0,0,0,0,0,0,0,0,0,0
201806,21,047,3,6,Christian County              ,4,4,767400,0,0,0,0,0,0,0,0,0,2,2,625000,0,0,0,0,0,0,0,0,0
201806,21,049,3,6,Clark County                  ,4,4,850205,0,0,0,0,0,0,1,5,346250,0,0,0,0,0,0,0,0,0,0,0,0
201806,21,067,3,6,Fayette County                ,75,75,12091588,0,0,0,0,0,0,1,57,4173574,0,0,0,0,0,0,0,0,0,0,0,0
201806,21,069,3,6,Fleming County                ,0,0,0,0,0,0,0,0,0,0,0,0,0,0,0,0,0,0,0,0,0,0,0,0
201806,21,077,3,6,Gallatin County               ,3,3,709221,0,0,0,0,0,0,0,0,0,3,3,709221,0,0,0,0,0,0,0,0,0
201806,21,081,3,6,Grant County                  ,5,5,823942,0,0,0,0,0,0,0,0,0,0,0,0,0,0,0,0,0,0,0,0,0
201806,21,091,3,6,Hancock County                ,0,0,0,0,0,0,0,0,0,0,0,0,0,0,0,0,0,0,0,0,0,0,0,0
201806,21,099,3,6,Hart County                   ,5,5,486250,0,0,0,0,0,0,1,8,908381,0,0,0,0,0,0,0,0,0,0,0,0
201806,21,101,3,6,Henderson County              ,4,4,729000,0,0,0,0,0,0,0,0,0,4,4,729000,0,0,0,0,0,0,0,0,0
201806,21,103,3,6,Henry County                  ,3,3,503348,0,0,0,0,0,0,0,0,0,0,0,0,0,0,0,0,0,0,0,0,0
201806,21,111,3,6,Jefferson County              ,94,94,32471289,1,2,75000,3,12,96875,0,0,0,94,94,32471289,1,2,75000,3,12,96875,0,0,0
201806,21,113,3,6,Jessamine County              ,19,19,5827191,0,0,0,0,0,0,0,0,0,6,6,3955000,0,0,0,0,0,0,0,0,0
201806,21,115,3,6,Johnson County                ,1,1,207000,0,0,0,0,0,0,0,0,0,1,1,207000,0,0,0,0,0,0,0,0,0
201806,21,117,3,6,Kenton County                 ,23,23,6430941,0,0,0,0,0,0,3,20,1800000,23,23,6430941,0,0,0,0,0,0,3,20,1800000
201806,21,121,3,6,Knox County                   ,0,0,0,0,0,0,0,0,0,0,0,0,0,0,0,0,0,0,0,0,0,0,0,0
201806,21,123,3,6,Larue County                  ,5,5,1182035,0,0,0,0,0,0,0,0,0,5,5,1182035,0,0,0,0,0,0,0,0,0
201806,21,137,3,6,Lincoln County                ,5,5,619448,0,0,0,0,0,0,0,0,0,0,0,0,0,0,0,0,0,0,0,0,0
201806,21,145,3,6,McCracken County              ,8,8,1984254,0,0,0,0,0,0,0,0,0,8,8,1984254,0,0,0,0,0,0,0,0,0
201806,21,151,3,6,Madison County                ,20,20,1892168,7,14,880996,0,0,0,1,5,168572,7,7,750000,6,12,768000,0,0,0,0,0,0
201806,21,157,3,6,Marshall County               ,12,12,3132000,0,0,0,0,0,0,0,0,0,12,12,3132000,0,0,0,0,0,0,0,0,0
201806,21,161,3,6,Mason County                  ,0,0,0,0,0,0,0,0,0,0,0,0,0,0,0,0,0,0,0,0,0,0,0,0
201806,21,163,3,6,Meade County                  ,4,4,705000,0,0,0,0,0,0,0,0,0,4,4,705000,0,0,0,0,0,0,0,0,0
201806,21,167,3,6,Mercer County                 ,5,5,861217,0,0,0,0,0,0,0,0,0,0,0,0,0,0,0,0,0,0,0,0,0
201806,21,175,3,6,Morgan County                 ,2,2,150000,0,0,0,0,0,0,0,0,0,0,0,0,0,0,0,0,0,0,0,0,0
201806,21,179,3,6,Nelson County                 ,17,17,2939900,3,6,410000,0,0,0,0,0,0,17,17,2939900,3,6,410000,0,0,0,0,0,0
201806,21,185,3,6,Oldham County                 ,32,32,9652593,0,0,0,0,0,0,0,0,0,0,0,0,0,0,0,0,0,0,0,0,0
201806,21,191,3,6,Pendleton County              ,0,0,0,0,0,0,0,0,0,0,0,0,0,0,0,0,0,0,0,0,0,0,0,0
201806,21,209,3,6,Scott County                  ,17,17,3888415,0,0,0,0,0,0,0,0,0,17,17,3888415,0,0,0,0,0,0,0,0,0
201806,21,211,3,6,Shelby County                 ,25,25,5417785,0,0,0,0,0,0,0,0,0,25,25,5417785,0,0,0,0,0,0,0,0,0
201806,21,213,3,6,Simpson County                ,7,7,1073170,0,0,0,0,0,0,0,0,0,7,7,1073170,0,0,0,0,0,0,0,0,0
201806,21,215,3,6,Spencer County                ,13,13,3073290,0,0,0,0,0,0,0,0,0,13,13,3073290,0,0,0,0,0,0,0,0,0
201806,21,221,3,6,Trigg County                  ,0,0,0,0,0,0,0,0,0,0,0,0,0,0,0,0,0,0,0,0,0,0,0,0
201806,21,239,3,6,Woodford County               ,8,8,1141780,0,0,0,0,0,0,1,24,1500000,8,8,1141780,0,0,0,0,0,0,1,24,1500000
201806,22,005,3,7,Ascension Parish              ,108,108,16954378,0,0,0,0,0,0,0,0,0,9,9,1701460,0,0,0,0,0,0,0,0,0
201806,22,015,3,7,Bossier Parish                ,45,45,12005628,0,0,0,0,0,0,0,0,0,45,45,12005628,0,0,0,0,0,0,0,0,0
201806,22,017,3,7,Caddo Parish                  ,30,30,7789800,0,0,0,0,0,0,0,0,0,0,0,0,0,0,0,0,0,0,0,0,0
201806,22,031,3,7,De Soto Parish                ,9,9,2065895,0,0,0,0,0,0,0,0,0,9,9,2065895,0,0,0,0,0,0,0,0,0
201806,22,033,3,7,East Baton Rouge Parish       ,94,94,22360113,0,0,0,0,0,0,0,0,0,93,93,22190544,0,0,0,0,0,0,0,0,0
201806,22,037,3,7,East Feliciana Parish         ,3,3,585537,0,0,0,0,0,0,0,0,0,3,3,585537,0,0,0,0,0,0,0,0,0
201806,22,047,3,7,Iberville Parish              ,10,10,2772343,0,0,0,0,0,0,0,0,0,2,2,704000,0,0,0,0,0,0,0,0,0
201806,22,051,3,7,Jefferson Parish              ,48,48,11792253,0,0,0,0,0,0,0,0,0,12,12,4487743,0,0,0,0,0,0,0,0,0
201806,22,055,3,7,Lafayette Parish              ,115,115,23364798,0,0,0,0,0,0,0,0,0,11,11,2676641,0,0,0,0,0,0,0,0,0
201806,22,063,3,7,Livingston Parish             ,77,77,17431960,0,0,0,0,0,0,0,0,0,0,0,0,0,0,0,0,0,0,0,0,0
201806,22,071,3,7,Orleans Parish                ,45,45,10131860,4,8,845589,0,0,0,1,9,2215274,0,0,0,0,0,0,0,0,0,0,0,0
201806,22,075,3,7,Plaquemines Parish            ,4,4,1014423,0,0,0,0,0,0,0,0,0,0,0,0,0,0,0,0,0,0,0,0,0
201806,22,077,3,7,Pointe Coupee Parish          ,2,2,574656,0,0,0,0,0,0,0,0,0,2,2,574656,0,0,0,0,0,0,0,0,0
201806,22,087,3,7,St. Bernard Parish            ,12,12,2688000,0,0,0,0,0,0,0,0,0,12,12,2688000,0,0,0,0,0,0,0,0,0
201806,22,089,3,7,St. Charles Parish            ,13,13,2770416,0,0,0,0,0,0,0,0,0,0,0,0,0,0,0,0,0,0,0,0,0
201806,22,091,3,7,St. Helena Parish             ,4,4,705756,0,0,0,0,0,0,0,0,0,0,0,0,0,0,0,0,0,0,0,0,0
201806,22,095,3,7,St. John the Baptist Parish   ,5,5,825155,0,0,0,0,0,0,0,0,0,0,0,0,0,0,0,0,0,0,0,0,0
201806,22,099,3,7,St. Martin Parish             ,17,17,3118604,0,0,0,0,0,0,0,0,0,0,0,0,0,0,0,0,0,0,0,0,0
201806,22,103,3,7,St. Tammany Parish            ,166,166,34831099,1,2,380000,0,0,0,0,0,0,153,153,31338542,0,0,0,0,0,0,0,0,0
201806,22,109,3,7,Terrebonne Parish             ,9,9,1758120,1,2,500000,0,0,0,0,0,0,9,9,1758120,1,2,500000,0,0,0,0,0,0
201806,22,121,3,7,West Baton Rouge Parish       ,12,12,2246750,0,0,0,0,0,0,1,72,867162,11,11,2155688,0,0,0,0,0,0,1,72,867162
201806,22,125,3,7,West Feliciana Parish         ,4,4,1632379,0,0,0,0,0,0,1,5,942755,0,0,0,0,0,0,0,0,0,0,0,0
201806,23,000,1,1,Maine Unorganized Territory   ,9,9,1195202,0,0,0,0,0,0,0,0,0,0,0,0,0,0,0,0,0,0,0,0,0
201806,24,003,3,5,Anne Arundel County           ,220,220,38745396,0,0,0,0,0,0,0,0,0,216,216,37713520,0,0,0,0,0,0,0,0,0
201806,24,005,3,5,Baltimore County              ,102,102,27719000,0,0,0,0,0,0,0,0,0,102,102,27719000,0,0,0,0,0,0,0,0,0
201806,24,009,3,5,Calvert County                ,14,14,3309697,0,0,0,0,0,0,0,0,0,14,14,3309697,0,0,0,0,0,0,0,0,0
201806,24,013,3,5,Carroll County                ,27,27,7643634,0,0,0,0,0,0,0,0,0,27,27,7643634,0,0,0,0,0,0,0,0,0
201806,24,015,3,5,Cecil County                  ,17,17,3685003,0,0,0,0,0,0,0,0,0,17,17,3685003,0,0,0,0,0,0,0,0,0
201806,24,017,3,5,Charles County                ,77,77,16016000,0,0,0,0,0,0,0,0,0,77,77,16016000,0,0,0,0,0,0,0,0,0
201806,24,021,3,5,Frederick County              ,167,167,45033913,0,0,0,5,18,2808592,0,0,0,167,167,45033913,0,0,0,5,18,2808592,0,0,0
201806,24,023,3,5,Garrett County                ,9,9,4738000,0,0,0,0,0,0,0,0,0,9,9,4738000,0,0,0,0,0,0,0,0,0
201806,24,025,3,5,Harford County                ,100,100,20819450,0,0,0,0,0,0,0,0,0,98,98,20545021,0,0,0,0,0,0,0,0,0
201806,24,027,3,5,Howard County                 ,69,69,19172216,0,0,0,0,0,0,1,16,2000000,69,69,19172216,0,0,0,0,0,0,1,16,2000000
201806,24,031,3,5,Montgomery County             ,95,95,21811567,2,4,266667,0,0,0,0,0,0,92,92,21321466,0,0,0,0,0,0,0,0,0
201806,24,033,3,5,Prince George County          ,189,189,44857683,0,0,0,0,0,0,0,0,0,185,185,43735278,0,0,0,0,0,0,0,0,0
201806,24,035,3,5,Queen Anne County             ,21,21,4120000,0,0,0,0,0,0,0,0,0,21,21,4120000,0,0,0,0,0,0,0,0,0
201806,24,037,3,5,St. Marys County              ,77,77,14317000,0,0,0,0,0,0,0,0,0,77,77,14317000,0,0,0,0,0,0,0,0,0
201806,24,039,3,5,Somerset County               ,1,1,157695,0,0,0,0,0,0,0,0,0,0,0,0,0,0,0,0,0,0,0,0,0
201806,24,045,3,5,Wicomico County               ,15,15,4026720,1,2,354850,0,0,0,0,0,0,14,14,3907080,1,2,354850,0,0,0,0,0,0
201806,24,510,3,5,Baltimore (Independent City)  ,7,7,1228000,0,0,0,0,0,0,1,29,9000000,7,7,1228000,0,0,0,0,0,0,1,29,9000000
201806,25,005,1,1,Bristol County                ,63,63,13341141,0,0,0,0,0,0,1,5,610700,27,27,6309678,0,0,0,0,0,0,0,0,0
201806,25,009,1,1,Essex County                  ,58,58,18870179,4,8,1715102,1,3,640000,2,21,4578406,38,38,12593701,0,0,0,1,3,640000,0,0,0
201806,25,017,1,1,Middlesex County              ,139,139,43804795,5,10,1648154,2,8,1669949,8,318,40703379,71,71,23211821,0,0,0,1,4,1057000,3,240,26423943
201806,25,021,1,1,Norfolk County                ,54,54,22221090,2,4,1085000,0,0,0,3,21,1812368,33,33,13282312,2,4,1085000,0,0,0,0,0,0
201806,25,023,1,1,Plymouth County               ,91,91,22972013,1,2,250000,1,3,381171,1,8,1148098,56,56,15064868,0,0,0,0,0,0,0,0,0
201806,25,025,1,1,Suffolk County                ,2,2,443076,3,6,875976,9,28,4400000,7,440,70176677,1,1,266020,2,4,650000,9,28,4400000,5,429,67778630
201806,26,000,2,3,Michigan Balance of State     ,7,7,1314678,0,0,0,0,0,0,0,0,0,0,0,0,0,0,0,0,0,0,0,0,0
201806,26,019,2,3,Benzie County                 ,1,1,155984,0,0,0,0,0,0,0,0,0,1,1,155984,0,0,0,0,0,0,0,0,0
201806,26,029,2,3,Charlevoix County             ,11,11,2514645,0,0,0,0,0,0,0,0,0,0,0,0,0,0,0,0,0,0,0,0,0
201806,26,079,2,3,Kalkaska County               ,10,10,1550300,0,0,0,0,0,0,0,0,0,10,10,1550300,0,0,0,0,0,0,0,0,0
201806,26,089,2,3,Leelanau County               ,16,16,3569734,0,0,0,0,0,0,0,0,0,0,0,0,0,0,0,0,0,0,0,0,0
201806,26,093,2,3,Livingston County             ,62,62,18585409,0,0,0,2,8,1570024,0,0,0,60,60,18381266,0,0,0,2,8,1570024,0,0,0
201806,26,095,2,3,Luce County                   ,1,1,190743,0,0,0,0,0,0,0,0,0,0,0,0,0,0,0,0,0,0,0,0,0
201806,26,099,2,3,Macomb County                 ,136,136,43739152,0,0,0,0,0,0,1,36,5073342,135,135,43639152,0,0,0,0,0,0,1,36,5073342
201806,26,103,2,3,Marquette County              ,16,16,3480512,0,0,0,0,0,0,0,0,0,16,16,3480512,0,0,0,0,0,0,0,0,0
201806,26,137,2,3,Otsego County                 ,2,2,162000,0,0,0,0,0,0,0,0,0,0,0,0,0,0,0,0,0,0,0,0,0
201806,26,147,2,3,St. Clair County              ,34,34,6647565,0,0,0,0,0,0,0,0,0,31,31,6142234,0,0,0,0,0,0,0,0,0
201806,26,163,2,3,Wayne County                  ,106,106,30702022,0,0,0,0,0,0,0,0,0,91,91,28057263,0,0,0,0,0,0,0,0,0
201806,27,003,2,4,Anoka County                  ,88,88,23409572,0,0,0,0,0,0,1,12,1534556,57,57,15066584,0,0,0,0,0,0,0,0,0
201806,27,019,2,4,Carver County                 ,53,53,16074445,0,0,0,0,0,0,2,251,38500000,50,50,15438261,0,0,0,0,0,0,2,251,38500000
201806,27,025,2,4,Chisago County                ,30,30,5401307,0,0,0,0,0,0,0,0,0,30,30,5401307,0,0,0,0,0,0,0,0,0
201806,27,027,2,4,Clay County                   ,34,34,6750000,0,0,0,0,0,0,1,33,4500000,34,34,6750000,0,0,0,0,0,0,1,33,4500000
201806,27,037,2,4,Dakota County                 ,120,120,34606487,1,2,377100,0,0,0,0,0,0,98,98,27517049,1,2,377100,0,0,0,0,0,0
201806,27,053,2,4,Hennepin County               ,135,135,52698695,2,4,816361,0,0,0,5,326,55596820,110,110,42593002,2,4,816361,0,0,0,5,326,55596820
201806,27,059,2,4,Isanti County                 ,22,22,4235848,0,0,0,0,0,0,0,0,0,5,5,1092170,0,0,0,0,0,0,0,0,0
201806,27,123,2,4,Ramsey County                 ,10,10,3560288,0,0,0,0,0,0,2,362,67679000,10,10,3560288,0,0,0,0,0,0,2,362,67679000
201806,27,139,2,4,Scott County                  ,65,65,21423224,0,0,0,0,0,0,0,0,0,63,63,20908537,0,0,0,0,0,0,0,0,0
201806,27,141,2,4,Sherburne County              ,58,58,12954668,0,0,0,0,0,0,0,0,0,57,57,12812723,0,0,0,0,0,0,0,0,0
201806,27,163,2,4,Washington County             ,112,112,33195794,0,0,0,0,0,0,0,0,0,100,100,28588107,0,0,0,0,0,0,0,0,0
201806,27,171,2,4,Wright County                 ,107,107,27336207,1,2,322500,0,0,0,0,0,0,101,101,25960088,1,2,322500,0,0,0,0,0,0
201806,28,033,3,6,DeSoto County                 ,160,160,26452130,0,0,0,0,0,0,0,0,0,153,153,25836017,0,0,0,0,0,0,0,0,0
201806,28,041,3,6,Greene County                 ,0,0,0,0,0,0,0,0,0,0,0,0,0,0,0,0,0,0,0,0,0,0,0,0
201806,28,045,3,6,Hancock County                ,42,42,6918021,1,2,185179,1,4,401445,1,5,423313,6,6,1252084,0,0,0,0,0,0,0,0,0
201806,28,047,3,6,Harrison County               ,108,108,17424620,0,0,0,0,0,0,0,0,0,83,83,14124409,0,0,0,0,0,0,0,0,0
201806,28,067,3,6,Jones County                  ,0,0,0,0,0,0,0,0,0,0,0,0,0,0,0,0,0,0,0,0,0,0,0,0
201806,28,129,3,6,Smith County                  ,0,0,0,0,0,0,0,0,0,0,0,0,0,0,0,0,0,0,0,0,0,0,0,0
201806,28,137,3,6,Tate County                   ,19,19,4143760,0,0,0,0,0,0,0,0,0,19,19,4143760,0,0,0,0,0,0,0,0,0
201806,28,143,3,6,Tunica County                 ,2,2,210000,0,0,0,0,0,0,0,0,0,2,2,210000,0,0,0,0,0,0,0,0,0
201806,28,145,3,6,Union County                  ,0,0,0,0,0,0,0,0,0,0,0,0,0,0,0,0,0,0,0,0,0,0,0,0
201806,28,149,3,6,Warren County                 ,2,2,300000,0,0,0,0,0,0,0,0,0,2,2,300000,0,0,0,0,0,0,0,0,0
201806,29,013,2,4,Bates County                  ,0,0,0,0,0,0,0,0,0,0,0,0,0,0,0,0,0,0,0,0,0,0,0,0
201806,29,017,2,4,Bollinger County              ,0,0,0,0,0,0,0,0,0,0,0,0,0,0,0,0,0,0,0,0,0,0,0,0
201806,29,019,2,4,Boone County                  ,58,58,12095795,0,0,0,0,0,0,0,0,0,58,58,12095795,0,0,0,0,0,0,0,0,0
201806,29,049,2,4,Clinton County                ,6,6,1077000,0,0,0,0,0,0,0,0,0,6,6,1077000,0,0,0,0,0,0,0,0,0
201806,29,065,2,4,Dent County                   ,0,0,0,0,0,0,0,0,0,0,0,0,0,0,0,0,0,0,0,0,0,0,0,0
201806,29,071,2,4,Franklin County               ,64,64,9127260,0,0,0,0,0,0,0,0,0,63,63,8959510,0,0,0,0,0,0,0,0,0
201806,29,095,2,4,Jackson County                ,205,205,38738710,3,6,702000,10,39,7672061,5,371,32762534,201,201,37698611,3,6,702000,10,39,7672061,5,371,32762534
201806,29,099,2,4,Jefferson County              ,60,60,12764568,0,0,0,0,0,0,0,0,0,51,51,11333494,0,0,0,0,0,0,0,0,0
201806,29,105,2,4,Laclede County                ,6,6,763779,0,0,0,0,0,0,0,0,0,0,0,0,0,0,0,0,0,0,0,0,0
201806,29,107,2,4,Lafayette County              ,3,3,590880,0,0,0,0,0,0,0,0,0,1,1,130000,0,0,0,0,0,0,0,0,0
201806,29,113,2,4,Lincoln County                ,14,14,2520987,0,0,0,0,0,0,0,0,0,9,9,1262000,0,0,0,0,0,0,0,0,0
201806,29,165,2,4,Platte County                 ,19,19,5272298,0,0,0,0,0,0,0,0,0,12,12,2788692,0,0,0,0,0,0,0,0,0
201806,29,185,2,4,St. Clair County              ,0,0,0,0,0,0,0,0,0,0,0,0,0,0,0,0,0,0,0,0,0,0,0,0
201806,29,189,2,4,St. Louis County              ,102,102,39499716,0,0,0,0,0,0,2,18,2105189,38,38,17777164,0,0,0,0,0,0,0,0,0
201806,29,219,2,4,Warren County                 ,24,24,5696652,0,0,0,0,0,0,0,0,0,24,24,5696652,0,0,0,0,0,0,0,0,0
201806,29,221,2,4,Washington County             ,0,0,0,0,0,0,0,0,0,0,0,0,0,0,0,0,0,0,0,0,0,0,0,0
201806,29,510,2,4,St. Louis (Independent City)  ,10,10,2010000,0,0,0,0,0,0,0,0,0,10,10,2010000,0,0,0,0,0,0,0,0,0
201806,30,033,4,8,Garfield County               ,0,0,0,0,0,0,0,0,0,0,0,0,0,0,0,0,0,0,0,0,0,0,0,0
201806,30,063,4,8,Missoula County               ,42,42,8840544,2,4,632915,3,12,974151,0,0,0,42,42,8840544,2,4,632915,3,12,974151,0,0,0
201806,30,093,4,8,Silver Bow County             ,8,8,888564,0,0,0,0,0,0,0,0,0,8,8,888564,0,0,0,0,0,0,0,0,0
201806,31,001,2,4,Adams County                  ,2,2,446288,0,0,0,0,0,0,0,0,0,1,1,161288,0,0,0,0,0,0,0,0,0
201806,31,025,2,4,Cass County                   ,8,8,1218693,0,0,0,0,0,0,0,0,0,8,8,1218693,0,0,0,0,0,0,0,0,0
201806,31,033,2,4,Cheyenne County               ,0,0,0,0,0,0,0,0,0,0,0,0,0,0,0,0,0,0,0,0,0,0,0,0
201806,31,055,2,4,Douglas County                ,158,158,24799001,0,0,0,0,0,0,1,15,1116649,145,145,21729162,0,0,0,0,0,0,1,15,1116649
201806,31,105,2,4,Kimball County                ,0,0,0,0,0,0,0,0,0,0,0,0,0,0,0,0,0,0,0,0,0,0,0,0
201806,31,153,2,4,Sarpy County                  ,84,84,22025418,0,0,0,0,0,0,0,0,0,13,13,3299766,0,0,0,0,0,0,0,0,0
201806,31,165,2,4,Sioux County                  ,0,0,0,0,0,0,0,0,0,0,0,0,0,0,0,0,0,0,0,0,0,0,0,0
201806,31,177,2,4,Washington County             ,7,7,2204410,0,0,0,0,0,0,0,0,0,7,7,2204410,0,0,0,0,0,0,0,0,0
201806,32,001,4,8,Churchill County              ,5,5,1049382,0,0,0,0,0,0,0,0,0,5,5,1049382,0,0,0,0,0,0,0,0,0
201806,32,003,4,8,Clark County                  ,794,794,199504187,0,0,0,0,0,0,1,24,1590638,794,794,199504187,0,0,0,0,0,0,1,24,1590638
201806,32,005,4,8,Douglas County                ,21,21,8379830,0,0,0,0,0,0,0,0,0,0,0,0,0,0,0,0,0,0,0,0,0
201806,32,007,4,8,Elko County                   ,11,11,1493144,0,0,0,0,0,0,0,0,0,11,11,1493144,0,0,0,0,0,0,0,0,0
201806,32,013,4,8,Humboldt County               ,2,2,278027,0,0,0,0,0,0,0,0,0,1,1,177000,0,0,0,0,0,0,0,0,0
201806,32,015,4,8,Lander County                 ,0,0,0,0,0,0,0,0,0,0,0,0,0,0,0,0,0,0,0,0,0,0,0,0
201806,32,017,4,8,Lincoln County                ,1,1,273137,0,0,0,0,0,0,0,0,0,0,0,0,0,0,0,0,0,0,0,0,0
201806,32,019,4,8,Lyon County                   ,26,26,6477518,0,0,0,0,0,0,0,0,0,26,26,6477518,0,0,0,0,0,0,0,0,0
201806,32,021,4,8,Mineral County                ,0,0,0,0,0,0,0,0,0,0,0,0,0,0,0,0,0,0,0,0,0,0,0,0
201806,32,027,4,8,Pershing County               ,0,0,0,0,0,0,0,0,0,0,0,0,0,0,0,0,0,0,0,0,0,0,0,0
201806,32,029,4,8,Storey County                 ,1,1,201908,0,0,0,0,0,0,0,0,0,0,0,0,0,0,0,0,0,0,0,0,0
201806,32,031,4,8,Washoe County                 ,189,189,51609867,0,0,0,0,0,0,3,72,7044000,153,153,40319378,0,0,0,0,0,0,3,72,7044000
201806,32,033,4,8,White Pine County             ,0,0,0,0,0,0,0,0,0,0,0,0,0,0,0,0,0,0,0,0,0,0,0,0
201806,32,510,4,8,Carson City (Independent City),17,17,4416821,0,0,0,0,0,0,0,0,0,17,17,4416821,0,0,0,0,0,0,0,0,0
201806,33,015,1,1,Rockingham County             ,61,61,19031639,5,10,1402877,3,10,1170153,6,94,12809387,53,53,16745801,4,8,1202877,2,7,870153,5,89,12134752
201806,33,017,1,1,Strafford County              ,44,44,9191066,1,2,355200,0,0,0,3,18,1422821,33,33,7002974,0,0,0,0,0,0,2,12,864200
201806,34,001,1,2,Atlantic County               ,38,38,10858327,0,0,0,0,0,0,2,49,6031393,34,34,10011487,0,0,0,0,0,0,0,0,0
201806,34,003,1,2,Bergen County                 ,73,73,27944202,8,16,2520220,0,0,0,5,30,3880154,53,53,21065495,8,16,2520220,0,0,0,0,0,0
201806,34,005,1,2,Burlington County             ,67,67,8905533,3,6,488857,0,0,0,3,17,1743562,15,15,2294901,0,0,0,0,0,0,1,6,695280
201806,34,007,1,2,Camden County                 ,27,27,3300302,0,0,0,0,0,0,1,8,427132,23,23,2840101,0,0,0,0,0,0,0,0,0
201806,34,009,1,2,Cape May County               ,48,48,15528044,3,6,185650,0,0,0,0,0,0,42,42,14168930,3,6,185650,0,0,0,0,0,0
201806,34,011,1,2,Cumberland County             ,5,5,470523,0,0,0,0,0,0,0,0,0,5,5,470523,0,0,0,0,0,0,0,0,0
201806,34,013,1,2,Essex County                  ,38,38,6617433,0,0,0,2,7,518430,6,117,10032009,12,12,3355100,0,0,0,1,4,239800,1,20,1223640
201806,34,015,1,2,Gloucester County             ,52,52,6330148,0,0,0,0,0,0,2,28,2196532,38,38,4802996,0,0,0,0,0,0,0,0,0
201806,34,017,1,2,Hudson County                 ,29,29,2208881,9,18,2121000,3,12,1491691,7,305,468867798,28,28,1905220,9,18,2121000,3,12,1491691,5,243,455261250
201806,34,019,1,2,Hunterdon County              ,31,31,6282217,1,2,233200,0,0,0,2,13,648547,30,30,6208155,0,0,0,0,0,0,0,0,0
201806,34,021,1,2,Mercer County                 ,24,24,6866911,1,2,10960,4,14,403017,2,10,1500,22,22,5358728,1,2,10960,0,0,0,2,10,1500
201806,34,023,1,2,Middlesex County              ,78,78,13562092,0,0,0,0,0,0,6,490,23786980,70,70,12468763,0,0,0,0,0,0,3,468,21910311
201806,34,025,1,2,Monmouth County               ,67,67,25654822,0,0,0,0,0,0,12,125,8910977,31,31,13208941,0,0,0,0,0,0,9,106,8451778
201806,34,027,1,2,Morris County                 ,92,92,18423786,0,0,0,1,3,510000,5,82,5889461,70,70,14358535,0,0,0,1,3,510000,1,24,210000
201806,34,029,1,2,Ocean County                  ,174,174,30276533,0,0,0,0,0,0,1,8,816528,136,136,25860983,0,0,0,0,0,0,0,0,0
201806,34,031,1,2,Passaic County                ,7,7,1448923,3,6,498447,0,0,0,4,27,1897294,3,3,602652,2,4,337701,0,0,0,1,5,221000
201806,34,033,1,2,Salem County                  ,8,8,1233241,0,0,0,0,0,0,0,0,0,8,8,1233241,0,0,0,0,0,0,0,0,0
201806,34,035,1,2,Somerset County               ,53,53,12965745,0,0,0,2,7,12906001,3,197,16035747,42,42,11090731,0,0,0,2,7,12906001,2,188,15443000
201806,34,037,1,2,Sussex County                 ,18,18,2898567,0,0,0,0,0,0,0,0,0,17,17,2619700,0,0,0,0,0,0,0,0,0
201806,34,039,1,2,Union County                  ,52,52,5372366,7,14,1183250,1,3,372923,5,300,9043562,38,38,2087140,7,14,1183250,1,3,372923,3,288,8313635
201806,34,041,1,2,Warren County                 ,6,6,852001,0,0,0,0,0,0,0,0,0,6,6,852001,0,0,0,0,0,0,0,0,0
201806,35,000,4,8,New Mexico Balance of State   ,46,46,12472937,0,0,0,0,0,0,0,0,0,0,0,0,0,0,0,0,0,0,0,0,0
201806,35,001,4,8,Bernalillo County             ,131,131,28926407,1,2,167125,0,0,0,1,17,1677198,19,19,7318135,1,2,167125,0,0,0,0,0,0
201806,35,005,4,8,Chaves County                 ,8,8,1355457,0,0,0,0,0,0,0,0,0,0,0,0,0,0,0,0,0,0,0,0,0
201806,35,007,4,8,Colfax County                 ,3,3,1360500,0,0,0,0,0,0,0,0,0,0,0,0,0,0,0,0,0,0,0,0,0
201806,35,009,4,8,Curry County                  ,6,6,1519062,1,2,285889,0,0,0,1,5,460938,0,0,0,0,0,0,0,0,0,0,0,0
201806,35,013,4,8,Dona Ana County               ,67,67,14802244,0,0,0,0,0,0,0,0,0,67,67,14802244,0,0,0,0,0,0,0,0,0
201806,35,015,4,8,Eddy County                   ,21,21,4417905,0,0,0,0,0,0,0,0,0,21,21,4417905,0,0,0,0,0,0,0,0,0
201806,35,017,4,8,Grant County                  ,1,1,162507,0,0,0,0,0,0,0,0,0,0,0,0,0,0,0,0,0,0,0,0,0
201806,35,025,4,8,Lea County                    ,29,29,6890456,0,0,0,0,0,0,0,0,0,29,29,6890456,0,0,0,0,0,0,0,0,0
201806,35,027,4,8,Lincoln County                ,9,9,2272539,0,0,0,0,0,0,0,0,0,0,0,0,0,0,0,0,0,0,0,0,0
201806,35,028,4,8,Los Alamos County             ,0,0,0,0,0,0,0,0,0,0,0,0,0,0,0,0,0,0,0,0,0,0,0,0
201806,35,029,4,8,Luna County                   ,1,1,270000,0,0,0,0,0,0,0,0,0,1,1,270000,0,0,0,0,0,0,0,0,0
201806,35,031,4,8,McKinley County               ,2,2,388000,0,0,0,0,0,0,0,0,0,0,0,0,0,0,0,0,0,0,0,0,0
201806,35,035,4,8,Otero County                  ,0,0,0,0,0,0,0,0,0,0,0,0,0,0,0,0,0,0,0,0,0,0,0,0
201806,35,041,4,8,Roosevelt County              ,2,2,302038,0,0,0,0,0,0,0,0,0,0,0,0,0,0,0,0,0,0,0,0,0
201806,35,043,4,8,Sandoval County               ,82,82,16792963,0,0,0,0,0,0,1,6,250000,69,69,13592520,0,0,0,0,0,0,0,0,0
201806,35,045,4,8,San Juan County               ,3,3,842143,0,0,0,0,0,0,0,0,0,3,3,842143,0,0,0,0,0,0,0,0,0
201806,35,047,4,8,San Miguel County             ,0,0,0,0,0,0,0,0,0,0,0,0,0,0,0,0,0,0,0,0,0,0,0,0
201806,35,049,4,8,Santa Fe County               ,33,33,9125635,0,0,0,0,0,0,0,0,0,33,33,9125635,0,0,0,0,0,0,0,0,0
201806,35,051,4,8,Sierra County                 ,0,0,0,0,0,0,0,0,0,0,0,0,0,0,0,0,0,0,0,0,0,0,0,0
201806,35,053,4,8,Socorro County                ,1,1,179333,0,0,0,0,0,0,0,0,0,0,0,0,0,0,0,0,0,0,0,0,0
201806,35,055,4,8,Taos County                   ,16,16,2153937,0,0,0,0,0,0,0,0,0,5,5,947723,0,0,0,0,0,0,0,0,0
201806,35,061,4,8,Valencia County               ,4,4,720396,0,0,0,0,0,0,0,0,0,4,4,720396,0,0,0,0,0,0,0,0,0
201806,36,001,1,2,Albany County                 ,35,35,8758922,0,0,0,0,0,0,2,78,122640506,34,34,8557649,0,0,0,0,0,0,1,68,121000000
201806,36,005,1,2,Bronx County                  ,0,0,0,4,8,1185754,2,6,745846,9,862,112192142,0,0,0,4,8,1185754,2,6,745846,9,862,112192142
201806,36,029,1,2,Erie County                   ,72,72,20051427,0,0,0,0,0,0,2,29,5900560,59,59,16706660,0,0,0,0,0,0,1,8,1200000
201806,36,047,1,2,Kings County                  ,1,1,266020,6,12,1778632,11,35,4350766,24,415,54013618,1,1,266020,6,12,1778632,11,35,4350766,24,415,54013618
201806,36,051,1,2,Livingston County             ,2,2,285115,0,0,0,0,0,0,2,10,464286,0,0,0,0,0,0,0,0,0,0,0,0
201806,36,055,1,2,Monroe County                 ,81,81,16680011,0,0,0,1,4,434000,3,35,3161199,61,61,13345305,0,0,0,1,4,434000,2,21,1660000
201806,36,059,1,2,Nassau County                 ,85,85,27458392,0,0,0,0,0,0,4,98,24813159,8,8,4195625,0,0,0,0,0,0,2,66,20498200
201806,36,061,1,2,New York County               ,0,0,0,0,0,0,0,0,0,2,36,4685519,0,0,0,0,0,0,0,0,0,2,36,4685519
201806,36,063,1,2,Niagara County                ,20,20,4298399,0,0,0,0,0,0,0,0,0,18,18,3924217,0,0,0,0,0,0,0,0,0
201806,36,069,1,2,Ontario County                ,24,24,10923576,0,0,0,0,0,0,1,5,437500,10,10,6715000,0,0,0,0,0,0,0,0,0
201806,36,073,1,2,Orleans County                ,1,1,30000,0,0,0,0,0,0,0,0,0,1,1,30000,0,0,0,0,0,0,0,0,0
201806,36,079,1,2,Putnam County                 ,3,3,832267,0,0,0,0,0,0,0,0,0,2,2,625000,0,0,0,0,0,0,0,0,0
201806,36,081,1,2,Queens County                 ,14,14,3724286,5,10,1482193,0,0,0,6,221,28763879,14,14,3724286,5,10,1482193,0,0,0,6,221,28763879
201806,36,083,1,2,Rensselaer County             ,11,11,2899677,0,0,0,0,0,0,0,0,0,8,8,2000000,0,0,0,0,0,0,0,0,0
201806,36,085,1,2,Richmond County               ,26,26,6916531,25,50,7410965,0,0,0,0,0,0,26,26,6916531,25,50,7410965,0,0,0,0,0,0
201806,36,087,1,2,Rockland County               ,14,14,5578485,3,6,875953,1,4,436711,3,20,3091953,6,6,3325000,0,0,0,0,0,0,0,0,0
201806,36,091,1,2,Saratoga County               ,64,64,19163107,0,0,0,0,0,0,2,14,1248506,45,45,12387224,0,0,0,0,0,0,0,0,0
201806,36,093,1,2,Schenectady County            ,10,10,1762187,0,0,0,0,0,0,4,96,10500000,7,7,1268044,0,0,0,0,0,0,4,96,10500000
201806,36,095,1,2,Schoharie County              ,3,3,1318000,0,0,0,0,0,0,0,0,0,3,3,1318000,0,0,0,0,0,0,0,0,0
201806,36,099,1,2,Seneca County                 ,11,11,634700,0,0,0,0,0,0,0,0,0,11,11,634700,0,0,0,0,0,0,0,0,0
201806,36,103,1,2,Suffolk County                ,60,60,42700470,1,2,223102,0,0,0,0,0,0,50,50,33956059,0,0,0,0,0,0,0,0,0
201806,36,117,1,2,Wayne County                  ,9,9,2289250,0,0,0,1,3,100000,0,0,0,8,8,2089000,0,0,0,0,0,0,0,0,0
201806,36,119,1,2,Westchester County            ,21,21,17915144,1,2,776905,0,0,0,3,46,5690212,12,12,12545841,1,2,776905,0,0,0,0,0,0
201806,37,007,3,5,Anson County                  ,4,4,599460,0,0,0,0,0,0,0,0,0,0,0,0,0,0,0,0,0,0,0,0,0
201806,37,011,3,5,Avery County                  ,15,15,7397771,1,2,85000,0,0,0,0,0,0,15,15,7397771,1,2,85000,0,0,0,0,0,0
201806,37,015,3,5,Bertie County                 ,0,0,0,0,0,0,0,0,0,0,0,0,0,0,0,0,0,0,0,0,0,0,0,0
201806,37,025,3,5,Cabarrus County               ,258,258,36010667,0,0,0,0,0,0,0,0,0,258,258,36010667,0,0,0,0,0,0,0,0,0
201806,37,033,3,5,Caswell County                ,1,1,333784,0,0,0,0,0,0,0,0,0,1,1,333784,0,0,0,0,0,0,0,0,0
201806,37,037,3,5,Chatham County                ,81,81,25567372,0,0,0,0,0,0,0,0,0,81,81,25567372,0,0,0,0,0,0,0,0,0
201806,37,051,3,5,Cumberland County             ,53,53,10252682,0,0,0,0,0,0,0,0,0,53,53,10252682,0,0,0,0,0,0,0,0,0
201806,37,053,3,5,Currituck County              ,43,43,9592913,0,0,0,0,0,0,0,0,0,43,43,9592913,0,0,0,0,0,0,0,0,0
201806,37,059,3,5,Davie County                  ,14,14,3353817,0,0,0,0,0,0,1,8,360946,0,0,0,0,0,0,0,0,0,0,0,0
201806,37,063,3,5,Durham County                 ,191,191,36791854,0,0,0,0,0,0,3,113,9001734,0,0,0,0,0,0,0,0,0,0,0,0
201806,37,069,3,5,Franklin County               ,67,67,10460885,3,6,390000,0,0,0,0,0,0,67,67,10460885,3,6,390000,0,0,0,0,0,0
201806,37,071,3,5,Gaston County                 ,83,83,19915294,0,0,0,0,0,0,1,58,7583906,83,83,19915294,0,0,0,0,0,0,1,58,7583906
201806,37,081,3,5,Guilford County               ,104,104,25295392,0,0,0,0,0,0,1,12,700000,104,104,25295392,0,0,0,0,0,0,1,12,700000
201806,37,089,3,5,Henderson County              ,39,39,9951700,0,0,0,0,0,0,0,0,0,39,39,9951700,0,0,0,0,0,0,0,0,0
201806,37,093,3,5,Hoke County                   ,16,16,3782510,0,0,0,0,0,0,0,0,0,16,16,3782510,0,0,0,0,0,0,0,0,0
201806,37,097,3,5,Iredell County                ,97,97,27259907,0,0,0,0,0,0,0,0,0,97,97,27259907,0,0,0,0,0,0,0,0,0
201806,37,101,3,5,Johnston County               ,210,210,35551787,0,0,0,0,0,0,0,0,0,208,208,35254979,0,0,0,0,0,0,0,0,0
201806,37,105,3,5,Lee County                    ,13,13,2508780,0,0,0,0,0,0,0,0,0,13,13,2508780,0,0,0,0,0,0,0,0,0
201806,37,119,3,5,Mecklenburg County            ,397,397,93853542,0,0,0,1,4,942001,6,202,21118479,397,397,93853542,0,0,0,1,4,942001,6,202,21118479
201806,37,133,3,5,Onslow County                 ,66,66,10955261,2,4,275000,0,0,0,0,0,0,66,66,10955261,2,4,275000,0,0,0,0,0,0
201806,37,135,3,5,Orange County                 ,38,38,13621821,1,2,270849,0,0,0,2,328,33800000,38,38,13621821,1,2,270849,0,0,0,2,328,33800000
201806,37,145,3,5,Person County                 ,15,15,3634238,0,0,0,0,0,0,0,0,0,15,15,3634238,0,0,0,0,0,0,0,0,0
201806,37,151,3,5,Randolph County               ,38,38,6947421,1,2,125000,0,0,0,0,0,0,38,38,6947421,1,2,125000,0,0,0,0,0,0
201806,37,157,3,5,Rockingham County             ,19,19,1019885,0,0,0,0,0,0,0,0,0,19,19,1019885,0,0,0,0,0,0,0,0,0
201806,37,179,3,5,Union County                  ,146,146,30542386,0,0,0,0,0,0,0,0,0,146,146,30542386,0,0,0,0,0,0,0,0,0
201806,37,181,3,5,Vance County                  ,2,2,465000,0,0,0,0,0,0,0,0,0,2,2,465000,0,0,0,0,0,0,0,0,0
201806,37,183,3,5,Wake County                   ,848,848,185393915,0,0,0,0,0,0,4,71,9628261,759,759,166835456,0,0,0,0,0,0,4,71,9628261
201806,37,195,3,5,Wilson County                 ,19,19,3596790,0,0,0,0,0,0,0,0,0,19,19,3596790,0,0,0,0,0,0,0,0,0
201806,39,007,2,3,Ashtabula County              ,9,9,1650665,1,2,160841,0,0,0,0,0,0,0,0,0,0,0,0,0,0,0,0,0,0
201806,39,015,2,3,Brown County                  ,7,7,1810930,0,0,0,0,0,0,0,0,0,0,0,0,0,0,0,0,0,0,0,0,0
201806,39,017,2,3,Butler County                 ,80,80,16004952,0,0,0,0,0,0,0,0,0,73,73,14608404,0,0,0,0,0,0,0,0,0
201806,39,025,2,3,Clermont County               ,34,34,8449107,0,0,0,1,4,343700,0,0,0,34,34,8449107,0,0,0,1,4,343700,0,0,0
201806,39,041,2,3,Delaware County               ,127,127,33230331,0,0,0,0,0,0,2,13,1206822,113,113,28301349,0,0,0,0,0,0,1,5,225000
201806,39,049,2,3,Franklin County               ,160,160,46741240,0,0,0,3,12,860000,1,5,225000,152,152,43976571,0,0,0,3,12,860000,0,0,0
201806,39,055,2,3,Geauga County                 ,19,19,6454743,0,0,0,0,0,0,0,0,0,19,19,6454743,0,0,0,0,0,0,0,0,0
201806,39,085,2,3,Lake County                   ,52,52,12742810,0,0,0,0,0,0,0,0,0,46,46,11697468,0,0,0,0,0,0,0,0,0
201806,39,089,2,3,Licking County                ,24,24,6336766,0,0,0,0,0,0,0,0,0,0,0,0,0,0,0,0,0,0,0,0,0
201806,39,093,2,3,Lorain County                 ,74,74,16658084,1,2,243025,5,19,2067682,2,10,760000,41,41,9251367,0,0,0,4,16,1440000,2,10,760000
201806,39,097,2,3,Madison County                ,12,12,3362316,0,0,0,0,0,0,0,0,0,12,12,3362316,0,0,0,0,0,0,0,0,0
201806,39,103,2,3,Medina County                 ,97,97,18563055,0,0,0,0,0,0,3,38,2774000,97,97,18563055,0,0,0,0,0,0,3,38,2774000
201806,39,117,2,3,Morrow County                 ,5,5,130000,0,0,0,0,0,0,0,0,0,1,1,70000,0,0,0,0,0,0,0,0,0
201806,39,159,2,3,Union County                  ,64,64,16544845,0,0,0,0,0,0,0,0,0,64,64,16544845,0,0,0,0,0,0,0,0,0
201806,39,165,2,3,Warren County                 ,138,138,38579428,0,0,0,0,0,0,0,0,0,138,138,38579428,0,0,0,0,0,0,0,0,0
201806,40,001,3,7,Adair County                  ,0,0,0,0,0,0,0,0,0,0,0,0,0,0,0,0,0,0,0,0,0,0,0,0
201806,40,017,3,7,Canadian County               ,33,33,6784916,1,2,95750,0,0,0,0,0,0,18,18,3410314,0,0,0,0,0,0,0,0,0
201806,40,021,3,7,Cherokee County               ,6,6,787429,0,0,0,0,0,0,1,5,244048,0,0,0,0,0,0,0,0,0,0,0,0
201806,40,027,3,7,Cleveland County              ,55,55,14236209,0,0,0,0,0,0,0,0,0,55,55,14236209,0,0,0,0,0,0,0,0,0
201806,40,029,3,7,Coal County                   ,0,0,0,0,0,0,0,0,0,0,0,0,0,0,0,0,0,0,0,0,0,0,0,0
201806,40,037,3,7,Creek County                  ,5,5,1149100,0,0,0,0,0,0,0,0,0,5,5,1149100,0,0,0,0,0,0,0,0,0
201806,40,051,3,7,Grady County                  ,10,10,1917941,1,2,140000,0,0,0,0,0,0,3,3,420000,1,2,140000,0,0,0,0,0,0
201806,40,055,3,7,Greer County                  ,0,0,0,0,0,0,0,0,0,0,0,0,0,0,0,0,0,0,0,0,0,0,0,0
201806,40,081,3,7,Lincoln County                ,0,0,0,0,0,0,0,0,0,0,0,0,0,0,0,0,0,0,0,0,0,0,0,0
201806,40,083,3,7,Logan County                  ,0,0,0,0,0,0,0,0,0,0,0,0,0,0,0,0,0,0,0,0,0,0,0,0
201806,40,087,3,7,McClain County                ,39,39,7700370,0,0,0,0,0,0,0,0,0,17,17,3225730,0,0,0,0,0,0,0,0,0
201806,40,109,3,7,Oklahoma County               ,344,344,76997642,6,12,1228000,0,0,0,0,0,0,320,320,73083069,6,12,1228000,0,0,0,0,0,0
201806,40,111,3,7,Okmulgee County               ,0,0,0,0,0,0,0,0,0,0,0,0,0,0,0,0,0,0,0,0,0,0,0,0
201806,40,113,3,7,Osage County                  ,8,8,1879266,0,0,0,0,0,0,0,0,0,8,8,1879266,0,0,0,0,0,0,0,0,0
201806,40,117,3,7,Pawnee County                 ,0,0,0,0,0,0,0,0,0,0,0,0,0,0,0,0,0,0,0,0,0,0,0,0
201806,40,131,3,7,Rogers County                 ,27,27,3512965,1,2,150000,0,0,0,0,0,0,26,26,3409632,1,2,150000,0,0,0,0,0,0
201806,40,143,3,7,Tulsa County                  ,167,167,36243927,1,2,238312,0,0,0,0,0,0,145,145,30628411,1,2,238312,0,0,0,0,0,0
201806,40,145,3,7,Wagoner County                ,28,28,5045448,0,0,0,0,0,0,0,0,0,28,28,5045448,0,0,0,0,0,0,0,0,0
201806,41,000,4,9,Oregon Balance of State       ,19,19,2107608,0,0,0,0,0,0,0,0,0,0,0,0,0,0,0,0,0,0,0,0,0
201806,41,005,4,9,Clackamas County              ,107,107,30537398,1,2,354754,0,0,0,2,24,4357346,96,96,24735791,1,2,354754,0,0,0,1,16,3194010
201806,41,017,4,9,Deschutes County              ,150,150,41406175,2,4,767506,0,0,0,1,5,332500,118,118,33402829,1,2,373820,0,0,0,0,0,0
201806,41,019,4,9,Douglas County                ,29,29,7860364,0,0,0,0,0,0,0,0,0,29,29,7860364,0,0,0,0,0,0,0,0,0
201806,41,025,4,9,Harney County                 ,2,2,450275,0,0,0,0,0,0,0,0,0,0,0,0,0,0,0,0,0,0,0,0,0
201806,41,035,4,9,Klamath County                ,14,14,4080976,0,0,0,0,0,0,0,0,0,14,14,4080976,0,0,0,0,0,0,0,0,0
201806,41,051,4,9,Multnomah County              ,120,120,32966200,14,28,5711724,0,0,0,7,191,15837507,120,120,32966200,14,28,5711724,0,0,0,7,191,15837507
201806,41,067,4,9,Washington County             ,99,99,28379090,1,2,348578,0,0,0,3,44,5590752,97,97,27901527,1,2,348578,0,0,0,3,44,5590752
201806,41,071,4,9,Yamhill County                ,31,31,8856237,0,0,0,0,0,0,0,0,0,14,14,4862892,0,0,0,0,0,0,0,0,0
201806,42,001,1,2,Adams County                  ,21,21,5500740,0,0,0,0,0,0,0,0,0,21,21,5500740,0,0,0,0,0,0,0,0,0
201806,42,017,1,2,Bucks County                  ,88,88,21651269,0,0,0,1,4,368000,3,15,1519543,57,57,14714339,0,0,0,1,4,368000,3,15,1519543
201806,42,029,1,2,Chester County                ,125,125,25898712,0,0,0,0,0,0,1,6,766175,92,92,19012323,0,0,0,0,0,0,1,6,766175
201806,42,037,1,2,Columbia County               ,7,7,1984343,0,0,0,0,0,0,1,5,447917,4,4,652293,0,0,0,0,0,0,0,0,0
201806,42,041,1,2,Cumberland County             ,81,81,14937974,0,0,0,1,3,303000,0,0,0,75,75,13964141,0,0,0,1,3,303000,0,0,0
201806,42,043,1,2,Dauphin County                ,31,31,8314095,0,0,0,2,6,908480,1,8,800000,26,26,7132031,0,0,0,2,6,908480,1,8,800000
201806,42,045,1,2,Delaware County               ,37,37,14601791,0,0,0,1,4,700000,0,0,0,17,17,9780536,0,0,0,1,4,700000,0,0,0
201806,42,055,1,2,Franklin County               ,30,30,4677955,0,0,0,0,0,0,1,5,487529,24,24,3897051,0,0,0,0,0,0,0,0,0
201806,42,065,1,2,Jefferson County              ,4,4,457000,0,0,0,0,0,0,0,0,0,4,4,457000,0,0,0,0,0,0,0,0,0
201806,42,091,1,2,Montgomery County             ,96,96,20782424,1,2,392410,1,4,748320,4,127,18364860,67,67,14487204,1,2,392410,1,4,748320,2,89,13645340
201806,42,093,1,2,Montour County                ,3,3,761265,0,0,0,0,0,0,0,0,0,0,0,0,0,0,0,0,0,0,0,0,0
201806,42,099,1,2,Perry County                  ,10,10,2499784,0,0,0,0,0,0,0,0,0,0,0,0,0,0,0,0,0,0,0,0,0
201806,42,101,1,2,Philadelphia County           ,33,33,8778673,19,38,5632333,9,29,3604920,16,184,23948207,33,33,8778673,19,38,5632333,9,29,3604920,16,184,23948207
201806,42,103,1,2,Pike County                   ,5,5,965000,0,0,0,0,0,0,0,0,0,4,4,672000,0,0,0,0,0,0,0,0,0
201806,44,001,1,1,Bristol County                ,6,6,1522346,0,0,0,0,0,0,0,0,0,3,3,616000,0,0,0,0,0,0,0,0,0
201806,44,003,1,1,Kent County                   ,7,7,1210748,2,4,455150,0,0,0,0,0,0,1,1,160000,1,2,208150,0,0,0,0,0,0
201806,44,005,1,1,Newport County                ,8,8,5910140,0,0,0,0,0,0,0,0,0,8,8,5910140,0,0,0,0,0,0,0,0,0
201806,44,007,1,1,Providence County             ,23,23,4708484,3,6,840060,0,0,0,0,0,0,9,9,2314904,3,6,840060,0,0,0,0,0,0
201806,44,009,1,1,Washington County             ,24,24,5775297,0,0,0,0,0,0,1,10,666667,10,10,2398220,0,0,0,0,0,0,0,0,0
201806,45,003,3,5,Aiken County                  ,69,69,15207227,0,0,0,0,0,0,0,0,0,58,58,12796425,0,0,0,0,0,0,0,0,0
201806,45,009,3,5,Bamberg County                ,1,1,200000,0,0,0,0,0,0,0,0,0,1,1,200000,0,0,0,0,0,0,0,0,0
201806,45,015,3,5,Berkeley County               ,210,210,57380877,0,0,0,0,0,0,1,32,754947,200,200,54084485,0,0,0,0,0,0,0,0,0
201806,45,017,3,5,Calhoun County                ,2,2,295569,0,0,0,0,0,0,0,0,0,0,0,0,0,0,0,0,0,0,0,0,0
201806,45,019,3,5,Charleston County             ,267,267,71025448,0,0,0,0,0,0,6,204,24352499,50,50,17954195,0,0,0,0,0,0,0,0,0
201806,45,035,3,5,Dorchester County             ,107,107,27201240,0,0,0,0,0,0,0,0,0,107,107,27201240,0,0,0,0,0,0,0,0,0
201806,45,037,3,5,Edgefield County              ,3,3,729000,0,0,0,0,0,0,0,0,0,3,3,729000,0,0,0,0,0,0,0,0,0
201806,45,039,3,5,Fairfield County              ,5,5,1142031,0,0,0,0,0,0,0,0,0,0,0,0,0,0,0,0,0,0,0,0,0
201806,45,045,3,5,Greenville County             ,312,312,78976675,0,0,0,0,0,0,3,260,25971811,310,310,78652584,0,0,0,0,0,0,2,255,25795435
201806,45,051,3,5,Horry County                  ,375,375,70091218,0,0,0,1,4,634821,1,5,546936,345,345,62515802,0,0,0,1,4,634821,1,5,546936
201806,45,055,3,5,Kershaw County                ,21,21,3382261,0,0,0,0,0,0,0,0,0,21,21,3382261,0,0,0,0,0,0,0,0,0
201806,45,059,3,5,Laurens County                ,34,34,4513539,0,0,0,0,0,0,0,0,0,34,34,4513539,0,0,0,0,0,0,0,0,0
201806,45,063,3,5,Lexington County              ,162,162,40567228,0,0,0,0,0,0,0,0,0,19,19,4040649,0,0,0,0,0,0,0,0,0
201806,45,077,3,5,Pickens County                ,59,59,13443723,0,0,0,0,0,0,2,17,2076641,44,44,10032479,0,0,0,0,0,0,0,0,0
201806,45,079,3,5,Richland County               ,198,198,27697935,0,0,0,0,0,0,2,35,1975497,31,31,6530765,0,0,0,0,0,0,0,0,0
201806,45,081,3,5,Saluda County                 ,4,4,982070,0,0,0,0,0,0,0,0,0,0,0,0,0,0,0,0,0,0,0,0,0
201806,45,085,3,5,Sumter County                 ,22,22,2982892,0,0,0,0,0,0,0,0,0,0,0,0,0,0,0,0,0,0,0,0,0
201806,45,091,3,5,York County                   ,241,241,77211493,0,0,0,0,0,0,2,31,3235441,59,59,16786055,0,0,0,0,0,0,0,0,0
201806,46,007,2,4,Bennett County                ,0,0,0,0,0,0,0,0,0,0,0,0,0,0,0,0,0,0,0,0,0,0,0,0
201806,46,055,2,4,Haakon County                 ,0,0,0,0,0,0,0,0,0,0,0,0,0,0,0,0,0,0,0,0,0,0,0,0
201806,46,071,2,4,Jackson County                ,0,0,0,0,0,0,0,0,0,0,0,0,0,0,0,0,0,0,0,0,0,0,0,0
201806,46,111,2,4,Sanborn County                ,1,1,150000,0,0,0,0,0,0,0,0,0,1,1,150000,0,0,0,0,0,0,0,0,0
201806,47,001,3,6,Anderson County               ,11,11,2600633,0,0,0,0,0,0,0,0,0,11,11,2600633,0,0,0,0,0,0,0,0,0
201806,47,015,3,6,Cannon County                 ,2,2,252380,0,0,0,0,0,0,0,0,0,0,0,0,0,0,0,0,0,0,0,0,0
201806,47,021,3,6,Cheatham County               ,48,48,8035025,0,0,0,0,0,0,0,0,0,48,48,8035025,0,0,0,0,0,0,0,0,0
201806,47,037,3,6,Davidson County               ,305,305,75584502,0,0,0,0,0,0,1,420,45942625,305,305,75584502,0,0,0,0,0,0,1,420,45942625
201806,47,043,3,6,Dickson County                ,37,37,8009552,0,0,0,0,0,0,0,0,0,14,14,3532221,0,0,0,0,0,0,0,0,0
201806,47,049,3,6,Fentress County               ,0,0,0,0,0,0,0,0,0,0,0,0,0,0,0,0,0,0,0,0,0,0,0,0
201806,47,081,3,6,Hickman County                ,11,11,1902548,0,0,0,0,0,0,0,0,0,11,11,1902548,0,0,0,0,0,0,0,0,0
201806,47,093,3,6,Knox County                   ,177,177,36494382,0,0,0,0,0,0,2,57,4586129,40,40,7324406,0,0,0,0,0,0,0,0,0
201806,47,105,3,6,Loudon County                 ,33,33,8704428,0,0,0,0,0,0,0,0,0,29,29,8031774,0,0,0,0,0,0,0,0,0
201806,47,125,3,6,Montgomery County             ,153,153,24182458,0,0,0,1,4,210000,2,12,480000,153,153,24182458,0,0,0,1,4,210000,2,12,480000
201806,47,139,3,6,Polk County                   ,18,18,3242233,0,0,0,0,0,0,0,0,0,0,0,0,0,0,0,0,0,0,0,0,0
201806,47,149,3,6,Rutherford County             ,199,199,45613170,0,0,0,0,0,0,1,13,887517,167,167,40712371,0,0,0,0,0,0,0,0,0
201806,47,153,3,6,Sequatchie County             ,0,0,0,0,0,0,0,0,0,0,0,0,0,0,0,0,0,0,0,0,0,0,0,0
201806,47,157,3,6,Shelby County                 ,97,97,26990760,0,0,0,0,0,0,2,16,3000000,97,97,26990760,0,0,0,0,0,0,2,16,3000000
201806,47,159,3,6,Smith County                  ,8,8,1636407,0,0,0,0,0,0,0,0,0,8,8,1636407,0,0,0,0,0,0,0,0,0
201806,47,161,3,6,Stewart County                ,0,0,0,0,0,0,0,0,0,0,0,0,0,0,0,0,0,0,0,0,0,0,0,0
201806,47,165,3,6,Sumner County                 ,133,133,30656491,0,0,0,0,0,0,3,103,5518892,83,83,19138728,0,0,0,0,0,0,0,0,0
201806,47,167,3,6,Tipton County                 ,23,23,4636955,0,0,0,0,0,0,0,0,0,16,16,3707786,0,0,0,0,0,0,0,0,0
201806,47,169,3,6,Trousdale County              ,18,18,2346000,0,0,0,4,16,576000,0,0,0,18,18,2346000,0,0,0,4,16,576000,0,0,0
201806,47,173,3,6,Union County                  ,5,5,844118,0,0,0,0,0,0,0,0,0,4,4,760000,0,0,0,0,0,0,0,0,0
201806,47,175,3,6,Van Buren County              ,1,1,188250,0,0,0,0,0,0,0,0,0,0,0,0,0,0,0,0,0,0,0,0,0
201806,47,189,3,6,Wilson County                 ,132,132,34715160,0,0,0,0,0,0,0,0,0,81,81,19432599,0,0,0,0,0,0,0,0,0
201806,48,013,3,7,Atascosa County               ,2,2,308083,0,0,0,0,0,0,0,0,0,0,0,0,0,0,0,0,0,0,0,0,0
201806,48,015,3,7,Austin County                 ,3,3,561265,0,0,0,0,0,0,0,0,0,0,0,0,0,0,0,0,0,0,0,0,0
201806,48,019,3,7,Bandera County                ,0,0,0,0,0,0,0,0,0,0,0,0,0,0,0,0,0,0,0,0,0,0,0,0
201806,48,021,3,7,Bastrop County                ,19,19,2396093,0,0,0,0,0,0,0,0,0,19,19,2396093,0,0,0,0,0,0,0,0,0
201806,48,025,3,7,Bee County                    ,1,1,99168,0,0,0,0,0,0,0,0,0,0,0,0,0,0,0,0,0,0,0,0,0
201806,48,027,3,7,Bell County                   ,142,142,20711983,7,14,1357888,0,0,0,0,0,0,126,126,16701402,5,10,999600,0,0,0,0,0,0
201806,48,029,3,7,Bexar County                  ,399,399,78811662,7,14,1443050,0,0,0,20,364,32130677,349,349,71936867,7,14,1443050,0,0,0,19,358,30852082
201806,48,051,3,7,Burleson County               ,0,0,0,0,0,0,0,0,0,0,0,0,0,0,0,0,0,0,0,0,0,0,0,0
201806,48,055,3,7,Caldwell County               ,24,24,4782587,0,0,0,0,0,0,0,0,0,0,0,0,0,0,0,0,0,0,0,0,0
201806,48,085,3,7,Collin County                 ,922,922,280546992,0,0,0,0,0,0,2,544,61500000,763,763,219416047,0,0,0,0,0,0,2,544,61500000
201806,48,091,3,7,Comal County                  ,215,215,42189022,2,4,346276,0,0,0,0,0,0,213,213,41573127,2,4,346276,0,0,0,0,0,0
201806,48,099,3,7,Coryell County                ,15,15,2260360,2,4,270000,0,0,0,1,8,400000,2,2,363000,2,4,270000,0,0,0,1,8,400000
201806,48,107,3,7,Crosby County                 ,0,0,0,0,0,0,0,0,0,0,0,0,0,0,0,0,0,0,0,0,0,0,0,0
201806,48,113,3,7,Dallas County                 ,411,411,128152549,6,12,3619428,4,14,1392570,16,1688,151677917,400,400,120225820,6,12,3619428,4,14,1392570,14,1627,147790129
201806,48,119,3,7,Delta County                  ,0,0,0,0,0,0,0,0,0,0,0,0,0,0,0,0,0,0,0,0,0,0,0,0
201806,48,135,3,7,Ector County                  ,50,50,9424692,0,0,0,0,0,0,0,0,0,0,0,0,0,0,0,0,0,0,0,0,0
201806,48,139,3,7,Ellis County                  ,191,191,42757910,0,0,0,0,0,0,1,11,1872474,126,126,29309338,0,0,0,0,0,0,0,0,0
201806,48,141,3,7,El Paso County                ,236,236,49891179,2,4,387361,4,14,1546079,3,65,7519076,0,0,0,0,0,0,0,0,0,0,0,0
201806,48,157,3,7,Fort Bend County              ,753,753,41765749,1,2,229540,0,0,0,1,5,391292,42,42,16555991,0,0,0,0,0,0,0,0,0
201806,48,167,3,7,Galveston County              ,179,179,42904108,0,0,0,0,0,0,0,0,0,165,165,39815210,0,0,0,0,0,0,0,0,0
201806,48,185,3,7,Grimes County                 ,5,5,542135,0,0,0,0,0,0,0,0,0,0,0,0,0,0,0,0,0,0,0,0,0
201806,48,187,3,7,Guadalupe County              ,103,103,24241960,0,0,0,0,0,0,0,0,0,103,103,24241960,0,0,0,0,0,0,0,0,0
201806,48,193,3,7,Hamilton County               ,0,0,0,0,0,0,0,0,0,0,0,0,0,0,0,0,0,0,0,0,0,0,0,0
201806,48,195,3,7,Hansford County               ,0,0,0,0,0,0,0,0,0,0,0,0,0,0,0,0,0,0,0,0,0,0,0,0
201806,48,201,3,7,Harris County                 ,1710,1710,367281384,10,20,1826495,0,0,0,57,2867,275899679,1671,1671,355159987,10,20,1826495,0,0,0,57,2867,275899679
201806,48,211,3,7,Hemphill County               ,0,0,0,0,0,0,0,0,0,0,0,0,0,0,0,0,0,0,0,0,0,0,0,0
201806,48,215,3,7,Hidalgo County                ,332,332,64467290,7,14,1078527,26,103,4520216,4,75,4464456,286,286,59317132,6,12,978576,26,103,4520216,2,47,2526148
201806,48,233,3,7,Hutchinson County             ,0,0,0,0,0,0,0,0,0,0,0,0,0,0,0,0,0,0,0,0,0,0,0,0
201806,48,251,3,7,Johnson County                ,117,117,20711681,0,0,0,0,0,0,0,0,0,88,88,13102435,0,0,0,0,0,0,0,0,0
201806,48,257,3,7,Kaufman County                ,125,125,24172588,0,0,0,0,0,0,0,0,0,117,117,22619154,0,0,0,0,0,0,0,0,0
201806,48,259,3,7,Kendall County                ,33,33,8813850,0,0,0,0,0,0,0,0,0,0,0,0,0,0,0,0,0,0,0,0,0
201806,48,271,3,7,Kinney County                 ,0,0,0,0,0,0,0,0,0,0,0,0,0,0,0,0,0,0,0,0,0,0,0,0
201806,48,281,3,7,Lampasas County               ,0,0,0,0,0,0,0,0,0,0,0,0,0,0,0,0,0,0,0,0,0,0,0,0
201806,48,291,3,7,Liberty County                ,56,56,5724392,0,0,0,0,0,0,0,0,0,4,4,596400,0,0,0,0,0,0,0,0,0
201806,48,303,3,7,Lubbock County                ,147,147,32387811,1,2,244745,0,0,0,8,74,8135329,0,0,0,0,0,0,0,0,0,0,0,0
201806,48,323,3,7,Maverick County               ,7,7,1717406,0,0,0,0,0,0,0,0,0,7,7,1717406,0,0,0,0,0,0,0,0,0
201806,48,325,3,7,Medina County                 ,2,2,426030,0,0,0,0,0,0,0,0,0,0,0,0,0,0,0,0,0,0,0,0,0
201806,48,329,3,7,Midland County                ,74,74,14594950,0,0,0,0,0,0,0,0,0,74,74,14594950,0,0,0,0,0,0,0,0,0
201806,48,339,3,7,Montgomery County             ,636,636,126887037,5,10,1125000,0,0,0,0,0,0,623,623,124183931,5,10,1125000,0,0,0,0,0,0
201806,48,367,3,7,Parker County                 ,39,39,7705435,0,0,0,0,0,0,0,0,0,8,8,1730134,0,0,0,0,0,0,0,0,0
201806,48,375,3,7,Potter County                 ,42,42,9708201,0,0,0,0,0,0,0,0,0,42,42,9708201,0,0,0,0,0,0,0,0,0
201806,48,383,3,7,Reagan County                 ,0,0,0,0,0,0,0,0,0,0,0,0,0,0,0,0,0,0,0,0,0,0,0,0
201806,48,385,3,7,Real County                   ,0,0,0,0,0,0,0,0,0,0,0,0,0,0,0,0,0,0,0,0,0,0,0,0
201806,48,395,3,7,Robertson County              ,5,5,975895,0,0,0,0,0,0,0,0,0,5,5,975895,0,0,0,0,0,0,0,0,0
201806,48,397,3,7,Rockwall County               ,120,120,38210555,0,0,0,0,0,0,0,0,0,92,92,31378540,0,0,0,0,0,0,0,0,0
201806,48,407,3,7,San Jacinto County            ,36,36,7856308,0,0,0,0,0,0,0,0,0,0,0,0,0,0,0,0,0,0,0,0,0
201806,48,411,3,7,San Saba County               ,0,0,0,0,0,0,0,0,0,0,0,0,0,0,0,0,0,0,0,0,0,0,0,0
201806,48,451,3,7,Tom Green County              ,20,20,5248900,0,0,0,0,0,0,0,0,0,20,20,5248900,0,0,0,0,0,0,0,0,0
201806,48,453,3,7,Travis County                 ,854,854,212938198,2,4,760000,3,10,5502000,31,934,54097765,812,812,199913956,2,4,760000,3,10,5502000,31,934,54097765
201806,48,473,3,7,Waller County                 ,0,0,0,0,0,0,1,3,450000,1,5,110903,0,0,0,0,0,0,0,0,0,0,0,0
201806,48,491,3,7,Williamson County             ,556,556,156424156,0,0,0,0,0,0,30,278,31447160,527,527,149776551,0,0,0,0,0,0,30,278,31447160
201806,48,493,3,7,Wilson County                 ,5,5,1012512,0,0,0,0,0,0,0,0,0,0,0,0,0,0,0,0,0,0,0,0,0
201806,48,497,3,7,Wise County                   ,9,9,1380273,1,2,218000,0,0,0,0,0,0,9,9,1380273,1,2,218000,0,0,0,0,0,0
201806,49,011,4,8,Davis County                  ,201,201,47617631,0,0,0,1,3,554141,0,0,0,188,188,43962397,0,0,0,0,0,0,0,0,0
201806,49,023,4,8,Juab County                   ,7,7,2156286,0,0,0,2,8,600930,0,0,0,5,5,1675886,0,0,0,2,8,600930,0,0,0
201806,49,029,4,8,Morgan County                 ,6,6,3138485,0,0,0,0,0,0,0,0,0,5,5,2833549,0,0,0,0,0,0,0,0,0
201806,49,035,4,8,Salt Lake County              ,445,445,118914963,5,10,1617139,5,17,2423976,12,267,32199617,322,322,86773398,2,4,781818,1,4,420000,6,126,13549000
201806,49,039,4,8,Sanpete County                ,12,12,2236716,0,0,0,0,0,0,0,0,0,12,12,2236716,0,0,0,0,0,0,0,0,0
201806,49,043,4,8,Summit County                 ,38,38,13588516,0,0,0,0,0,0,1,6,1025141,25,25,7038696,0,0,0,0,0,0,0,0,0
201806,49,057,4,8,Weber County                  ,87,87,22255093,0,0,0,10,37,4788070,3,17,1915646,74,74,18710556,0,0,0,6,21,2279379,3,17,1915646
201806,51,003,3,5,Albemarle County              ,59,59,18299584,0,0,0,0,0,0,1,20,2248566,0,0,0,0,0,0,0,0,0,0,0,0
201806,51,007,3,5,Amelia County                 ,2,2,272160,0,0,0,0,0,0,0,0,0,2,2,272160,0,0,0,0,0,0,0,0,0
201806,51,009,3,5,Amherst County                ,6,6,1059500,0,0,0,0,0,0,0,0,0,6,6,1059500,0,0,0,0,0,0,0,0,0
201806,51,013,3,5,Arlington County              ,28,28,14550000,0,0,0,0,0,0,0,0,0,28,28,14550000,0,0,0,0,0,0,0,0,0
201806,51,015,3,5,Augusta County                ,16,16,3459000,0,0,0,0,0,0,0,0,0,16,16,3459000,0,0,0,0,0,0,0,0,0
201806,51,019,3,5,Bedford County                ,17,17,4408268,0,0,0,1,3,630000,0,0,0,0,0,0,0,0,0,0,0,0,0,0,0
201806,51,033,3,5,Caroline County               ,10,10,1962847,0,0,0,0,0,0,0,0,0,0,0,0,0,0,0,0,0,0,0,0,0
201806,51,036,3,5,Charles City County           ,2,2,324892,0,0,0,0,0,0,0,0,0,0,0,0,0,0,0,0,0,0,0,0,0
201806,51,037,3,5,Charlotte County              ,2,2,165000,0,0,0,0,0,0,0,0,0,2,2,165000,0,0,0,0,0,0,0,0,0
201806,51,041,3,5,Chesterfield County           ,165,165,32204535,0,0,0,1,4,459923,3,29,3047508,165,165,32204535,0,0,0,1,4,459923,3,29,3047508
201806,51,043,3,5,Clarke County                 ,4,4,1328695,0,0,0,0,0,0,0,0,0,4,4,1328695,0,0,0,0,0,0,0,0,0
201806,51,049,3,5,Cumberland County             ,3,3,496469,0,0,0,0,0,0,0,0,0,3,3,496469,0,0,0,0,0,0,0,0,0
201806,51,051,3,5,Dickenson County              ,0,0,0,0,0,0,0,0,0,0,0,0,0,0,0,0,0,0,0,0,0,0,0,0
201806,51,053,3,5,Dinwiddie County              ,8,8,1151036,0,0,0,0,0,0,0,0,0,0,0,0,0,0,0,0,0,0,0,0,0
201806,51,059,3,5,Fairfax County                ,100,100,23640691,0,0,0,0,0,0,1,21,3182000,100,100,23640691,0,0,0,0,0,0,1,21,3182000
201806,51,061,3,5,Fauquier County               ,36,36,14521790,0,0,0,0,0,0,0,0,0,36,36,14521790,0,0,0,0,0,0,0,0,0
201806,51,069,3,5,Frederick County              ,43,43,10422799,0,0,0,0,0,0,4,22,3334000,43,43,10422799,0,0,0,0,0,0,4,22,3334000
201806,51,073,3,5,Gloucester County             ,17,17,3111240,0,0,0,0,0,0,0,0,0,0,0,0,0,0,0,0,0,0,0,0,0
201806,51,075,3,5,Goochland County              ,16,16,4032718,0,0,0,0,0,0,0,0,0,16,16,4032718,0,0,0,0,0,0,0,0,0
201806,51,085,3,5,Hanover County                ,42,42,9842506,0,0,0,0,0,0,0,0,0,42,42,9842506,0,0,0,0,0,0,0,0,0
201806,51,087,3,5,Henrico County                ,98,98,15134278,20,40,1375000,0,0,0,0,0,0,98,98,15134278,20,40,1375000,0,0,0,0,0,0
201806,51,093,3,5,Isle of Wight County          ,18,18,3497955,0,0,0,0,0,0,0,0,0,0,0,0,0,0,0,0,0,0,0,0,0
201806,51,095,3,5,James City County             ,58,58,12880621,0,0,0,0,0,0,0,0,0,58,58,12880621,0,0,0,0,0,0,0,0,0
201806,51,097,3,5,King and Queen County         ,1,1,42000,0,0,0,0,0,0,0,0,0,1,1,42000,0,0,0,0,0,0,0,0,0
201806,51,099,3,5,King George County            ,16,16,3122864,0,0,0,0,0,0,0,0,0,16,16,3122864,0,0,0,0,0,0,0,0,0
201806,51,107,3,5,Loudoun County                ,255,255,51243631,0,0,0,0,0,0,1,28,3000000,255,255,51243631,0,0,0,0,0,0,1,28,3000000
201806,51,109,3,5,Louisa County                 ,28,28,5776106,0,0,0,0,0,0,0,0,0,0,0,0,0,0,0,0,0,0,0,0,0
201806,51,115,3,5,Mathews County                ,1,1,263000,0,0,0,0,0,0,0,0,0,1,1,263000,0,0,0,0,0,0,0,0,0
201806,51,127,3,5,New Kent County               ,24,24,4684296,0,0,0,0,0,0,0,0,0,24,24,4684296,0,0,0,0,0,0,0,0,0
201806,51,139,3,5,Page County                   ,4,4,692650,0,0,0,0,0,0,0,0,0,4,4,692650,0,0,0,0,0,0,0,0,0
201806,51,145,3,5,Powhatan County               ,17,17,4033740,0,0,0,0,0,0,0,0,0,17,17,4033740,0,0,0,0,0,0,0,0,0
201806,51,149,3,5,Prince George County          ,8,8,1215651,0,0,0,0,0,0,0,0,0,8,8,1215651,0,0,0,0,0,0,0,0,0
201806,51,153,3,5,Prince William County         ,98,98,19484500,0,0,0,0,0,0,0,0,0,98,98,19484500,0,0,0,0,0,0,0,0,0
201806,51,165,3,5,Rockingham County             ,39,39,7890682,0,0,0,0,0,0,0,0,0,0,0,0,0,0,0,0,0,0,0,0,0
201806,51,175,3,5,Southampton County            ,1,1,170000,0,0,0,0,0,0,0,0,0,1,1,170000,0,0,0,0,0,0,0,0,0
201806,51,177,3,5,Spotsylvania County           ,69,69,18761559,0,0,0,0,0,0,1,28,2352933,0,0,0,0,0,0,0,0,0,0,0,0
201806,51,179,3,5,Stafford County               ,123,123,25813541,0,0,0,0,0,0,0,0,0,0,0,0,0,0,0,0,0,0,0,0,0
201806,51,181,3,5,Surry County                  ,3,3,507909,0,0,0,0,0,0,0,0,0,0,0,0,0,0,0,0,0,0,0,0,0
201806,51,183,3,5,Sussex County                 ,1,1,90000,0,0,0,0,0,0,0,0,0,1,1,90000,0,0,0,0,0,0,0,0,0
201806,51,187,3,5,Warren County                 ,12,12,2850625,0,0,0,0,0,0,0,0,0,12,12,2850625,0,0,0,0,0,0,0,0,0
201806,51,199,3,5,York County                   ,29,29,6855800,0,0,0,0,0,0,0,0,0,29,29,6855800,0,0,0,0,0,0,0,0,0
201806,51,510,3,5,Alexandria (Independent City) ,2,2,19000,0,0,0,0,0,0,0,0,0,2,2,19000,0,0,0,0,0,0,0,0,0
201806,51,540,3,5,Charlottesville (Independent C,9,9,2684089,0,0,0,0,0,0,1,10,3605641,0,0,0,0,0,0,0,0,0,0,0,0
201806,51,550,3,5,Chesapeake(Independent City)  ,101,101,33111875,0,0,0,0,0,0,0,0,0,101,101,33111875,0,0,0,0,0,0,0,0,0
201806,51,570,3,5,Colonial Heights (Independent ,0,0,0,0,0,0,0,0,0,0,0,0,0,0,0,0,0,0,0,0,0,0,0,0
201806,51,580,3,5,Covington (Independent City)  ,0,0,0,0,0,0,0,0,0,0,0,0,0,0,0,0,0,0,0,0,0,0,0,0
201806,51,600,3,5,Fairfax (Independent City)    ,1,1,255924,0,0,0,0,0,0,0,0,0,1,1,255924,0,0,0,0,0,0,0,0,0
201806,51,610,3,5,Falls Church (Independent City,2,2,850000,0,0,0,0,0,0,0,0,0,2,2,850000,0,0,0,0,0,0,0,0,0
201806,51,630,3,5,Fredericksburg(Independent Cit,1,1,170000,0,0,0,0,0,0,6,369,31053135,1,1,170000,0,0,0,0,0,0,6,369,31053135
201806,51,650,3,5,Hampton (Independent City)    ,17,17,1062069,0,0,0,0,0,0,0,0,0,0,0,0,0,0,0,0,0,0,0,0,0
201806,51,660,3,5,Harrisonburg (Independent City,0,0,0,0,0,0,0,0,0,0,0,0,0,0,0,0,0,0,0,0,0,0,0,0
201806,51,670,3,5,Hopewell (Independent City)   ,5,5,457399,0,0,0,0,0,0,0,0,0,0,0,0,0,0,0,0,0,0,0,0,0
201806,51,680,3,5,Lynchburg (Independent City)  ,3,3,549895,0,0,0,0,0,0,0,0,0,3,3,549895,0,0,0,0,0,0,0,0,0
201806,51,683,3,5,Manassas (Independent City)   ,4,4,900610,0,0,0,0,0,0,1,19,1176123,0,0,0,0,0,0,0,0,0,0,0,0
201806,51,685,3,5,Manassas Park (Independent Cit,0,0,0,0,0,0,0,0,0,0,0,0,0,0,0,0,0,0,0,0,0,0,0,0
201806,51,700,3,5,Newport News (Independent City,21,21,3639240,0,0,0,0,0,0,0,0,0,21,21,3639240,0,0,0,0,0,0,0,0,0
201806,51,710,3,5,Norfolk (Independent City)    ,23,23,5437359,0,0,0,0,0,0,0,0,0,23,23,5437359,0,0,0,0,0,0,0,0,0
201806,51,730,3,5,Petersburg (Independent City) ,1,1,109518,0,0,0,0,0,0,0,0,0,1,1,109518,0,0,0,0,0,0,0,0,0
201806,51,735,3,5,Poquoson (Independent City)   ,9,9,2388000,0,0,0,0,0,0,0,0,0,9,9,2388000,0,0,0,0,0,0,0,0,0
201806,51,740,3,5,Portsmouth (Independent City) ,17,17,2948967,0,0,0,0,0,0,0,0,0,17,17,2948967,0,0,0,0,0,0,0,0,0
201806,51,760,3,5,Richmond (Independent City)   ,23,23,4489117,0,0,0,0,0,0,0,0,0,23,23,4489117,0,0,0,0,0,0,0,0,0
201806,51,800,3,5,Suffolk (Independent City)    ,58,58,13711601,0,0,0,0,0,0,0,0,0,58,58,13711601,0,0,0,0,0,0,0,0,0
201806,51,810,3,5,Virginia Beach (Independent Ci,44,44,7536975,0,0,0,0,0,0,18,245,13810005,44,44,7536975,0,0,0,0,0,0,18,245,13810005
201806,51,830,3,5,Williamsburg (Independent City,5,5,484240,0,0,0,0,0,0,0,0,0,5,5,484240,0,0,0,0,0,0,0,0,0
201806,53,005,4,9,Benton County                 ,75,75,21738578,0,0,0,0,0,0,2,16,1603435,24,24,7182139,0,0,0,0,0,0,0,0,0
201806,53,011,4,9,Clark County                  ,238,238,71260777,1,2,354670,1,3,280202,4,94,7364435,93,93,22192022,0,0,0,1,3,280202,3,76,5545340
201806,53,021,4,9,Franklin County               ,62,62,17384363,3,6,520919,0,0,0,0,0,0,14,14,5141945,0,0,0,0,0,0,0,0,0
201806,53,031,4,9,Jefferson County              ,18,18,3814961,0,0,0,0,0,0,0,0,0,4,4,475849,0,0,0,0,0,0,0,0,0
201806,53,033,4,9,King County                   ,356,356,137908828,10,20,3930891,21,68,11373320,20,856,104696335,252,252,91269996,10,20,3930891,21,68,11373320,18,821,100681661
201806,53,035,4,9,Kitsap County                 ,93,93,33590645,2,4,692288,0,0,0,0,0,0,93,93,33590645,2,4,692288,0,0,0,0,0,0
201806,53,053,4,9,Pierce County                 ,249,249,77216287,2,4,708252,0,0,0,16,607,74824911,248,248,76856187,2,4,708252,0,0,0,16,607,74824911
201806,53,055,4,9,San Juan County               ,23,23,3470606,0,0,0,0,0,0,0,0,0,23,23,3470606,0,0,0,0,0,0,0,0,0
201806,53,059,4,9,Skamania County               ,5,5,1224861,0,0,0,0,0,0,0,0,0,1,1,325000,0,0,0,0,0,0,0,0,0
201806,53,061,4,9,Snohomish County              ,199,199,63845649,5,10,1931099,0,0,0,4,58,4650239,133,133,44818155,3,6,1227501,0,0,0,2,48,3895634
201806,54,011,3,5,Cabell County                 ,8,8,3397194,1,2,343500,2,8,254000,1,6,177000,3,3,2578384,0,0,0,2,8,254000,1,6,177000
201806,54,015,3,5,Clay County                   ,2,2,50000,0,0,0,0,0,0,0,0,0,2,2,50000,0,0,0,0,0,0,0,0,0
201806,54,019,3,5,Fayette County                ,3,3,347400,0,0,0,0,0,0,0,0,0,1,1,131000,0,0,0,0,0,0,0,0,0
201806,54,037,3,5,Jefferson County              ,26,26,8011008,0,0,0,0,0,0,1,6,1200000,22,22,6967653,0,0,0,0,0,0,1,6,1200000
201806,54,081,3,5,Raleigh County                ,3,3,767153,0,0,0,0,0,0,0,0,0,2,2,638452,0,0,0,0,0,0,0,0,0
201806,55,025,2,3,Dane County                   ,105,105,35167980,12,24,3614358,2,7,997000,6,361,48998638,84,84,29762209,12,24,3614358,1,4,550000,4,317,44528000
201806,55,031,2,3,Douglas County                ,7,7,2009900,0,0,0,0,0,0,0,0,0,7,7,2009900,0,0,0,0,0,0,0,0,0
201806,55,037,2,3,Florence County               ,2,2,284951,0,0,0,0,0,0,0,0,0,0,0,0,0,0,0,0,0,0,0,0,0
201806,55,049,2,3,Iowa County                   ,9,9,2614000,0,0,0,0,0,0,0,0,0,9,9,2614000,0,0,0,0,0,0,0,0,0
201806,55,059,2,3,Kenosha County                ,25,25,8367770,0,0,0,0,0,0,0,0,0,20,20,7056845,0,0,0,0,0,0,0,0,0
201806,55,079,2,3,Milwaukee County              ,9,9,2548148,1,2,458000,0,0,0,2,203,33000000,9,9,2548148,1,2,458000,0,0,0,2,203,33000000
201806,55,089,2,3,Ozaukee County                ,20,20,7505119,1,2,365660,0,0,0,1,6,845161,7,7,2313588,1,2,365660,0,0,0,0,0,0
201806,55,093,2,3,Pierce County                 ,16,16,3547117,0,0,0,0,0,0,0,0,0,16,16,3547117,0,0,0,0,0,0,0,0,0
201806,55,109,2,3,St. Croix County              ,41,41,12093439,4,8,1010201,0,0,0,0,0,0,33,33,10217702,1,2,295000,0,0,0,0,0,0
201806,55,131,2,3,Washington County             ,44,44,13170297,5,10,1320000,0,0,0,0,0,0,32,32,8901852,5,10,1320000,0,0,0,0,0,0
201806,56,029,4,8,Park County                   ,9,9,2346069,0,0,0,0,0,0,0,0,0,9,9,2346069,0,0,0,0,0,0,0,0,0
201806,56,039,4,8,Teton County                  ,25,25,21634514,1,2,623319,0,0,0,0,0,0,22,22,20081924,0,0,0,0,0,0,0,0,0
