Survey,FIPS,FIPS,Region,Division,County,,1-unit,,,2-units,,,3-4 units,,,5+ units,,,1-unit rep,,,2-units rep,,,3-4 units rep,,, 5+units rep
Date,State,County,Code,Code,Name,Bldgs,Units,Value,Bldgs,Units,Value,Bldgs,Units,Value,Bldgs,Units,Value,Bldgs,Units,Value,Bldgs,Units,Value,Bldgs,Units,Value,Bldgs,Units,Value
 
201803,01,001,3,6,Autauga County                ,10,10,3826875,0,0,0,0,0,0,0,0,0,10,10,3826875,0,0,0,0,0,0,0,0,0
201803,01,007,3,6,Bibb County                   ,1,1,235594,0,0,0,0,0,0,0,0,0,0,0,0,0,0,0,0,0,0,0,0,0
201803,01,009,3,6,Blount County                 ,1,1,283191,0,0,0,0,0,0,0,0,0,1,1,283191,0,0,0,0,0,0,0,0,0
201803,01,021,3,6,Chilton County                ,1,1,100000,0,0,0,0,0,0,5,56,5676300,1,1,100000,0,0,0,0,0,0,5,56,5676300
201803,01,073,3,6,Jefferson County              ,121,121,38044122,0,0,0,0,0,0,0,0,0,84,84,31514868,0,0,0,0,0,0,0,0,0
201803,01,081,3,6,Lee County                    ,91,91,24762794,1,2,144250,0,0,0,0,0,0,39,39,9727288,0,0,0,0,0,0,0,0,0
201803,01,083,3,6,Limestone County              ,12,12,2774951,0,0,0,0,0,0,0,0,0,12,12,2774951,0,0,0,0,0,0,0,0,0
201803,01,089,3,6,Madison County                ,200,200,34531410,0,0,0,8,32,3905933,0,0,0,200,200,34531410,0,0,0,8,32,3905933,0,0,0
201803,01,113,3,6,Russell County                ,18,18,2892349,0,0,0,0,0,0,0,0,0,18,18,2892349,0,0,0,0,0,0,0,0,0
201803,01,115,3,6,St. Clair County              ,7,7,1355184,0,0,0,0,0,0,0,0,0,2,2,371246,0,0,0,0,0,0,0,0,0
201803,01,117,3,6,Shelby County                 ,87,87,21490345,0,0,0,0,0,0,1,6,920700,42,42,9797278,0,0,0,0,0,0,0,0,0
201803,01,127,3,6,Walker County                 ,0,0,0,0,0,0,0,0,0,0,0,0,0,0,0,0,0,0,0,0,0,0,0,0
201803,02,013,4,9,Aleutians East Borough        ,0,0,0,0,0,0,0,0,0,0,0,0,0,0,0,0,0,0,0,0,0,0,0,0
201803,02,016,4,9,Aleutians West Census Area    ,0,0,0,0,0,0,0,0,0,0,0,0,0,0,0,0,0,0,0,0,0,0,0,0
201803,02,020,4,9,Anchorage Municipality        ,82,82,25693101,0,0,0,1,4,694374,2,19,3003816,0,0,0,0,0,0,0,0,0,0,0,0
201803,02,050,4,9,Bethel Census Area            ,0,0,0,0,0,0,0,0,0,0,0,0,0,0,0,0,0,0,0,0,0,0,0,0
201803,02,060,4,9,Bristol Bay Borough           ,1,1,160000,0,0,0,0,0,0,0,0,0,1,1,160000,0,0,0,0,0,0,0,0,0
201803,02,070,4,9,Dillingham Census Area        ,0,0,0,0,0,0,0,0,0,0,0,0,0,0,0,0,0,0,0,0,0,0,0,0
201803,02,090,4,9,Fairbanks North Star Borough  ,0,0,0,0,0,0,0,0,0,0,0,0,0,0,0,0,0,0,0,0,0,0,0,0
201803,02,100,4,9,Haines Borough                ,1,1,278570,0,0,0,0,0,0,0,0,0,0,0,0,0,0,0,0,0,0,0,0,0
201803,02,105,4,9,Hoonah-Angoon Census Area     ,0,0,0,0,0,0,0,0,0,0,0,0,0,0,0,0,0,0,0,0,0,0,0,0
201803,02,110,4,9,Juneau City and Borough       ,1,1,152048,0,0,0,0,0,0,0,0,0,1,1,152048,0,0,0,0,0,0,0,0,0
201803,02,122,4,9,Kenai Peninsula Borough       ,12,12,3075829,0,0,0,0,0,0,0,0,0,7,7,1979000,0,0,0,0,0,0,0,0,0
201803,02,130,4,9,Ketchikan Gateway Borough     ,6,6,1746310,0,0,0,0,0,0,0,0,0,6,6,1746310,0,0,0,0,0,0,0,0,0
201803,02,150,4,9,Kodiak Island Borough         ,0,0,0,0,0,0,0,0,0,0,0,0,0,0,0,0,0,0,0,0,0,0,0,0
201803,02,158,4,9,Kusilvak Census Area          ,0,0,0,0,0,0,0,0,0,0,0,0,0,0,0,0,0,0,0,0,0,0,0,0
201803,02,170,4,9,Matanuska-Susitna Borough     ,3,3,882100,1,2,301442,0,0,0,0,0,0,3,3,882100,1,2,301442,0,0,0,0,0,0
201803,02,180,4,9,Nome Census Area              ,0,0,0,0,0,0,0,0,0,0,0,0,0,0,0,0,0,0,0,0,0,0,0,0
201803,02,185,4,9,North Slope Borough           ,1,1,274034,1,2,354010,0,0,0,0,0,0,1,1,274034,1,2,354010,0,0,0,0,0,0
201803,02,188,4,9,Northwest Arctic Borough      ,1,1,525000,0,0,0,0,0,0,0,0,0,0,0,0,0,0,0,0,0,0,0,0,0
201803,02,195,4,9,Petersburg Borough            ,0,0,0,0,0,0,0,0,0,0,0,0,0,0,0,0,0,0,0,0,0,0,0,0
201803,02,198,4,9,Prince of Wales-Hyder Census A,0,0,0,0,0,0,0,0,0,0,0,0,0,0,0,0,0,0,0,0,0,0,0,0
201803,02,220,4,9,Sitka City and Borough        ,1,1,248107,1,2,724270,0,0,0,0,0,0,0,0,0,0,0,0,0,0,0,0,0,0
201803,02,230,4,9,Skagway Municipality          ,1,1,209000,0,0,0,0,0,0,0,0,0,0,0,0,0,0,0,0,0,0,0,0,0
201803,02,261,4,9,Valdez-Cordova Census Area    ,1,1,200000,0,0,0,0,0,0,0,0,0,1,1,200000,0,0,0,0,0,0,0,0,0
201803,02,275,4,9,Wrangell City and Borough     ,0,0,0,0,0,0,0,0,0,0,0,0,0,0,0,0,0,0,0,0,0,0,0,0
201803,02,282,4,9,Yakutat City and Borough      ,0,0,0,0,0,0,0,0,0,0,0,0,0,0,0,0,0,0,0,0,0,0,0,0
201803,02,290,4,9,Yukon-Koyukuk Census Area     ,0,0,0,0,0,0,0,0,0,0,0,0,0,0,0,0,0,0,0,0,0,0,0,0
201803,04,013,4,8,Maricopa County               ,1558,1558,427530096,5,10,3158823,10,30,3791458,16,370,45045141,1543,1543,423599425,5,10,3158823,10,30,3791458,16,370,45045141
201803,04,019,4,8,Pima County                   ,293,293,79351615,1,2,330471,0,0,0,1,5,427766,144,144,39214189,0,0,0,0,0,0,0,0,0
201803,04,021,4,8,Pinal County                  ,385,385,75778159,12,24,1638185,0,0,0,0,0,0,385,385,75778159,12,24,1638185,0,0,0,0,0,0
201803,05,013,3,7,Calhoun County                ,0,0,0,0,0,0,0,0,0,0,0,0,0,0,0,0,0,0,0,0,0,0,0,0
201803,05,035,3,7,Crittenden County             ,9,9,1638237,0,0,0,0,0,0,0,0,0,5,5,995000,0,0,0,0,0,0,0,0,0
201803,05,045,3,7,Faulkner County               ,27,27,5884659,1,2,152889,0,0,0,1,5,187500,5,5,846000,0,0,0,0,0,0,0,0,0
201803,05,053,3,7,Grant County                  ,1,1,152000,0,0,0,0,0,0,0,0,0,0,0,0,0,0,0,0,0,0,0,0,0
201803,05,085,3,7,Lonoke County                 ,34,34,4672504,0,0,0,0,0,0,0,0,0,12,12,2774951,0,0,0,0,0,0,0,0,0
201803,05,087,3,7,Madison County                ,0,0,0,0,0,0,0,0,0,0,0,0,0,0,0,0,0,0,0,0,0,0,0,0
201803,05,091,3,7,Miller County                 ,4,4,596427,0,0,0,0,0,0,0,0,0,0,0,0,0,0,0,0,0,0,0,0,0
201803,05,105,3,7,Perry County                  ,0,0,0,0,0,0,0,0,0,0,0,0,0,0,0,0,0,0,0,0,0,0,0,0
201803,05,119,3,7,Pulaski County                ,92,92,20720787,0,0,0,0,0,0,0,0,0,92,92,20720787,0,0,0,0,0,0,0,0,0
201803,05,129,3,7,Searcy County                 ,0,0,0,0,0,0,0,0,0,0,0,0,0,0,0,0,0,0,0,0,0,0,0,0
201803,05,143,3,7,Washington County             ,226,226,49737204,0,0,0,0,0,0,0,0,0,226,226,49737204,0,0,0,0,0,0,0,0,0
201803,06,001,4,9,Alameda County                ,201,201,68569925,0,0,0,4,12,3665444,12,881,158772572,168,168,58520256,0,0,0,3,9,2808733,8,818,146572880
201803,06,013,4,9,Contra Costa County           ,196,196,66800581,1,2,100000,0,0,0,5,601,125953619,172,172,61194568,1,2,100000,0,0,0,4,576,122529843
201803,06,017,4,9,El Dorado County              ,36,36,13035656,0,0,0,0,0,0,0,0,0,36,36,13035656,0,0,0,0,0,0,0,0,0
201803,06,019,4,9,Fresno County                 ,283,283,77844008,1,2,231556,3,11,1192215,2,24,1817307,158,158,42839381,0,0,0,1,4,37630,0,0,0
201803,06,037,4,9,Los Angeles County            ,653,653,240560695,52,104,19643661,9,30,6402928,50,1519,379722856,565,565,203877609,52,104,19643661,7,23,5106095,42,1403,360656664
201803,06,041,4,9,Marin County                  ,7,7,4383204,0,0,0,0,0,0,0,0,0,2,2,315000,0,0,0,0,0,0,0,0,0
201803,06,059,4,9,Orange County                 ,446,446,137478717,13,26,5996730,10,32,7171766,9,276,52639767,355,355,101678030,9,18,3985143,10,32,7171766,4,132,33471599
201803,06,061,4,9,Placer County                 ,205,205,59560463,0,0,0,0,0,0,0,0,0,203,203,58906655,0,0,0,0,0,0,0,0,0
201803,06,063,4,9,Plumas County                 ,2,2,554695,0,0,0,0,0,0,0,0,0,2,2,554695,0,0,0,0,0,0,0,0,0
201803,06,067,4,9,Sacramento County             ,373,373,99340488,4,8,1568964,1,3,350000,5,33,5073664,373,373,99340488,4,8,1568964,1,3,350000,5,33,5073664
201803,06,069,4,9,San Benito County             ,51,51,13168277,0,0,0,0,0,0,0,0,0,0,0,0,0,0,0,0,0,0,0,0,0
201803,06,071,4,9,San Bernardino County         ,349,349,81628372,0,0,0,1,3,418312,9,70,8506227,276,276,59893982,0,0,0,1,3,418312,8,48,5671954
201803,06,073,4,9,San Diego County              ,305,305,107367481,0,0,0,22,75,15686269,21,530,93086994,293,293,98170044,0,0,0,22,75,15686269,19,510,86252658
201803,06,075,4,9,San Francisco County          ,1,1,274034,2,4,1452000,1,4,648075,2,22,4800000,1,1,274034,2,4,1452000,1,4,648075,2,22,4800000
201803,06,081,4,9,San Mateo County              ,28,28,25889828,1,2,366032,0,0,0,5,88,14818315,13,13,16658231,1,2,366032,0,0,0,0,0,0
201803,06,085,4,9,Santa Clara County            ,169,169,53872673,1,2,486369,3,10,2060630,8,464,61717862,155,155,48560942,1,2,486369,2,6,1024164,7,425,55827317
201803,06,091,4,9,Sierra County                 ,0,0,0,0,0,0,0,0,0,0,0,0,0,0,0,0,0,0,0,0,0,0,0,0
201803,06,113,4,9,Yolo County                   ,16,16,4877494,0,0,0,0,0,0,3,39,4491131,16,16,4877494,0,0,0,0,0,0,3,39,4491131
201803,08,001,4,8,Adams County                  ,200,200,57639671,0,0,0,0,0,0,0,0,0,200,200,57639671,0,0,0,0,0,0,0,0,0
201803,08,005,4,8,Arapahoe County               ,233,233,70102146,3,6,1116752,1,4,566080,3,322,45638992,233,233,70102146,3,6,1116752,1,4,566080,3,322,45638992
201803,08,014,4,8,Broomfield County             ,43,43,14373695,0,0,0,0,0,0,0,0,0,43,43,14373695,0,0,0,0,0,0,0,0,0
201803,08,015,4,8,Chaffee County                ,12,12,3178659,0,0,0,0,0,0,0,0,0,0,0,0,0,0,0,0,0,0,0,0,0
201803,08,019,4,8,Clear Creek County            ,1,1,333828,0,0,0,0,0,0,0,0,0,0,0,0,0,0,0,0,0,0,0,0,0
201803,08,031,4,8,Denver County                 ,203,203,55629004,0,0,0,0,0,0,22,1772,289936529,203,203,55629004,0,0,0,0,0,0,22,1772,289936529
201803,08,035,4,8,Douglas County                ,260,260,80248853,0,0,0,1,3,518902,2,10,1417360,252,252,77064674,0,0,0,0,0,0,2,10,1417360
201803,08,039,4,8,Elbert County                 ,24,24,8074194,0,0,0,0,0,0,0,0,0,24,24,8074194,0,0,0,0,0,0,0,0,0
201803,08,041,4,8,El Paso County                ,406,406,154224728,0,0,0,3,12,1307577,3,206,37553934,406,406,154224728,0,0,0,3,12,1307577,3,206,37553934
201803,08,047,4,8,Gilpin County                 ,6,6,1644207,0,0,0,0,0,0,0,0,0,6,6,1644207,0,0,0,0,0,0,0,0,0
201803,08,059,4,8,Jefferson County              ,98,98,28159918,0,0,0,0,0,0,1,69,19575000,94,94,26953672,0,0,0,0,0,0,1,69,19575000
201803,08,069,4,8,Larimer County                ,156,156,42130570,1,2,780692,1,4,481304,3,81,13165020,156,156,42130570,1,2,780692,1,4,481304,3,81,13165020
201803,08,077,4,8,Mesa County                   ,80,80,12633622,0,0,0,0,0,0,0,0,0,80,80,12633622,0,0,0,0,0,0,0,0,0
201803,08,093,4,8,Park County                   ,12,12,2580505,0,0,0,0,0,0,0,0,0,12,12,2580505,0,0,0,0,0,0,0,0,0
201803,08,101,4,8,Pueblo County                 ,63,63,6896201,0,0,0,0,0,0,0,0,0,63,63,6896201,0,0,0,0,0,0,0,0,0
201803,08,119,4,8,Teller County                 ,9,9,3198390,0,0,0,0,0,0,0,0,0,8,8,3148390,0,0,0,0,0,0,0,0,0
201803,09,001,1,1,Fairfield County              ,69,69,38627765,1,2,583200,0,0,0,3,36,5209487,51,51,26457588,1,2,583200,0,0,0,2,30,4723165
201803,09,003,1,1,Hartford County               ,36,36,7700542,0,0,0,1,4,400000,3,53,4143431,30,30,6831627,0,0,0,1,4,400000,2,48,3900000
201803,09,007,1,1,Middlesex County              ,5,5,1230114,0,0,0,0,0,0,0,0,0,3,3,857000,0,0,0,0,0,0,0,0,0
201803,09,013,1,1,Tolland County                ,9,9,2278780,1,2,152400,0,0,0,2,15,1401694,4,4,1144123,0,0,0,0,0,0,0,0,0
201803,10,001,3,5,Kent County                   ,134,134,19974849,0,0,0,0,0,0,0,0,0,131,131,19695670,0,0,0,0,0,0,0,0,0
201803,10,003,3,5,New Castle County             ,90,90,8727904,0,0,0,0,0,0,1,8,128000,82,82,7510222,0,0,0,0,0,0,0,0,0
201803,10,005,3,5,Sussex County                 ,221,221,30134022,4,8,1592994,6,24,3062790,3,22,2236092,221,221,30134022,4,8,1592994,6,24,3062790,3,22,2236092
201803,11,001,3,5,Washington  DC                ,10,10,2312459,0,0,0,0,0,0,5,349,37593966,10,10,2312459,0,0,0,0,0,0,5,349,37593966
201803,12,003,3,5,Baker County                  ,8,8,1381450,0,0,0,0,0,0,0,0,0,2,2,336701,0,0,0,0,0,0,0,0,0
201803,12,019,3,5,Clay County                   ,106,106,21682475,0,0,0,0,0,0,0,0,0,91,91,18273894,0,0,0,0,0,0,0,0,0
201803,12,029,3,5,Dixie County                  ,3,3,378970,0,0,0,0,0,0,0,0,0,0,0,0,0,0,0,0,0,0,0,0,0
201803,12,031,3,5,Duval County                  ,322,322,75788147,0,0,0,0,0,0,0,0,0,312,312,72607992,0,0,0,0,0,0,0,0,0
201803,12,033,3,5,Escambia County               ,74,74,17112197,0,0,0,0,0,0,0,0,0,74,74,17112197,0,0,0,0,0,0,0,0,0
201803,12,053,3,5,Hernando County               ,72,72,13067276,0,0,0,0,0,0,0,0,0,72,72,13067276,0,0,0,0,0,0,0,0,0
201803,12,057,3,5,Hillsborough County           ,582,582,198814365,1,2,400000,0,0,0,4,24,4495553,582,582,198814365,1,2,400000,0,0,0,4,24,4495553
201803,12,067,3,5,Lafayette County              ,1,1,179324,0,0,0,0,0,0,0,0,0,0,0,0,0,0,0,0,0,0,0,0,0
201803,12,071,3,5,Lee County                    ,457,457,109310421,22,44,5723420,2,8,2213145,2,26,2915148,457,457,109310421,22,44,5723420,2,8,2213145,2,26,2915148
201803,12,073,3,5,Leon County                   ,81,81,11727331,0,0,0,0,0,0,1,43,3120356,46,46,5739980,0,0,0,0,0,0,0,0,0
201803,12,081,3,5,Manatee County                ,303,303,68042175,1,2,565249,4,15,2916224,10,233,19952994,23,23,3841990,0,0,0,0,0,0,8,192,15241400
201803,12,086,3,5,Miami-Dade County             ,197,197,63540682,10,20,3486785,0,0,0,16,836,174871775,186,186,55006799,10,20,3486785,0,0,0,15,831,167336924
201803,12,089,3,5,Nassau County                 ,71,71,22225030,0,0,0,0,0,0,0,0,0,71,71,22225030,0,0,0,0,0,0,0,0,0
201803,12,091,3,5,Okaloosa County               ,87,87,29515162,0,0,0,0,0,0,0,0,0,81,81,28516947,0,0,0,0,0,0,0,0,0
201803,12,095,3,5,Orange County                 ,617,617,165986276,12,24,3149891,2,8,831948,19,759,87393957,617,617,165986276,12,24,3149891,2,8,831948,19,759,87393957
201803,12,097,3,5,Osceola County                ,438,438,116203305,4,8,850732,3,12,936942,9,86,7311774,175,175,42213819,4,8,850732,3,12,936942,8,48,3606352
201803,12,101,3,5,Pasco County                  ,289,289,67107812,0,0,0,2,7,313806,2,13,280695,288,288,67013094,0,0,0,2,7,313806,2,13,280695
201803,12,103,3,5,Pinellas County               ,89,89,30091979,2,4,641256,0,0,0,3,41,5025706,82,82,27379981,2,4,641256,0,0,0,0,0,0
201803,12,109,3,5,St. Johns County              ,347,347,96541127,0,0,0,2,8,1490391,4,258,21862139,347,347,96541127,0,0,0,2,8,1490391,4,258,21862139
201803,12,113,3,5,Santa Rosa County             ,157,157,23769059,0,0,0,0,0,0,0,0,0,157,157,23769059,0,0,0,0,0,0,0,0,0
201803,12,115,3,5,Sarasota County               ,309,309,67822459,0,0,0,2,8,1837534,1,5,108333,271,271,57058824,0,0,0,1,4,897690,0,0,0
201803,12,117,3,5,Seminole County               ,127,127,39214988,0,0,0,0,0,0,2,42,2724031,120,120,37025766,0,0,0,0,0,0,0,0,0
201803,12,119,3,5,Sumter County                 ,187,187,49069366,0,0,0,0,0,0,0,0,0,187,187,49069366,0,0,0,0,0,0,0,0,0
201803,12,129,3,5,Wakulla County                ,18,18,3494000,0,0,0,0,0,0,0,0,0,18,18,3494000,0,0,0,0,0,0,0,0,0
201803,12,131,3,5,Walton County                 ,127,127,56631981,0,0,0,34,102,18175176,0,0,0,127,127,56631981,0,0,0,34,102,18175176,0,0,0
201803,12,133,3,5,Washington County             ,4,4,578327,0,0,0,0,0,0,0,0,0,0,0,0,0,0,0,0,0,0,0,0,0
201803,13,007,3,5,Baker County                  ,0,0,0,0,0,0,0,0,0,0,0,0,0,0,0,0,0,0,0,0,0,0,0,0
201803,13,013,3,5,Barrow County                 ,42,42,5967324,0,0,0,0,0,0,0,0,0,1,1,125000,0,0,0,0,0,0,0,0,0
201803,13,015,3,5,Bartow County                 ,68,68,10768012,0,0,0,0,0,0,0,0,0,68,68,10768012,0,0,0,0,0,0,0,0,0
201803,13,021,3,5,Bibb County                   ,10,10,1678472,0,0,0,0,0,0,0,0,0,0,0,0,0,0,0,0,0,0,0,0,0
201803,13,029,3,5,Bryan County                  ,38,38,7989656,0,0,0,0,0,0,0,0,0,25,25,5027518,0,0,0,0,0,0,0,0,0
201803,13,033,3,5,Burke County                  ,5,5,895023,0,0,0,0,0,0,0,0,0,0,0,0,0,0,0,0,0,0,0,0,0
201803,13,035,3,5,Butts County                  ,4,4,2058720,0,0,0,0,0,0,0,0,0,4,4,2058720,0,0,0,0,0,0,0,0,0
201803,13,045,3,5,Carroll County                ,42,42,9316159,0,0,0,0,0,0,0,0,0,42,42,9316159,0,0,0,0,0,0,0,0,0
201803,13,051,3,5,Chatham County                ,76,76,18773742,0,0,0,0,0,0,0,0,0,25,25,5567804,0,0,0,0,0,0,0,0,0
201803,13,057,3,5,Cherokee County               ,205,205,54283587,0,0,0,0,0,0,0,0,0,205,205,54283587,0,0,0,0,0,0,0,0,0
201803,13,059,3,5,Clarke County                 ,43,43,7238877,0,0,0,0,0,0,4,124,6647543,43,43,7238877,0,0,0,0,0,0,4,124,6647543
201803,13,063,3,5,Clayton County                ,27,27,6243639,0,0,0,0,0,0,0,0,0,27,27,6243639,0,0,0,0,0,0,0,0,0
201803,13,067,3,5,Cobb County                   ,120,120,34456207,1,2,364872,1,4,695142,7,50,10236092,114,114,33310846,1,2,364872,1,4,695142,7,50,10236092
201803,13,073,3,5,Columbia County               ,160,160,29494207,0,0,0,0,0,0,0,0,0,46,46,7861369,0,0,0,0,0,0,0,0,0
201803,13,077,3,5,Coweta County                 ,62,62,21839371,0,0,0,0,0,0,21,458,40763879,58,58,20866593,0,0,0,0,0,0,21,458,40763879
201803,13,085,3,5,Dawson County                 ,39,39,7037340,0,0,0,0,0,0,0,0,0,39,39,7037340,0,0,0,0,0,0,0,0,0
201803,13,095,3,5,Dougherty County              ,3,3,444705,0,0,0,0,0,0,1,5,503634,0,0,0,0,0,0,0,0,0,0,0,0
201803,13,097,3,5,Douglas County                ,34,34,5557783,0,0,0,0,0,0,0,0,0,34,34,5557783,0,0,0,0,0,0,0,0,0
201803,13,111,3,5,Fannin County                 ,27,27,5244105,1,2,156766,0,0,0,1,6,509173,27,27,5244105,1,2,156766,0,0,0,1,6,509173
201803,13,113,3,5,Fayette County                ,36,36,10251603,0,0,0,0,0,0,0,0,0,32,32,8692768,0,0,0,0,0,0,0,0,0
201803,13,115,3,5,Floyd County                  ,13,13,1811168,0,0,0,1,4,288000,0,0,0,13,13,1811168,0,0,0,1,4,288000,0,0,0
201803,13,117,3,5,Forsyth County                ,281,281,40569680,0,0,0,0,0,0,6,269,14916790,281,281,40569680,0,0,0,0,0,0,6,269,14916790
201803,13,121,3,5,Fulton County                 ,453,453,132408904,0,0,0,0,0,0,3,96,10341034,447,447,131635713,0,0,0,0,0,0,3,96,10341034
201803,13,127,3,5,Glynn County                  ,50,50,15094400,0,0,0,0,0,0,0,0,0,0,0,0,0,0,0,0,0,0,0,0,0
201803,13,135,3,5,Gwinnett County               ,401,401,93852570,0,0,0,0,0,0,0,0,0,392,392,91260400,0,0,0,0,0,0,0,0,0
201803,13,143,3,5,Haralson County               ,5,5,1138737,0,0,0,0,0,0,0,0,0,0,0,0,0,0,0,0,0,0,0,0,0
201803,13,145,3,5,Harris County                 ,18,18,3875300,0,0,0,0,0,0,0,0,0,18,18,3875300,0,0,0,0,0,0,0,0,0
201803,13,149,3,5,Heard County                  ,1,1,231246,0,0,0,0,0,0,0,0,0,1,1,231246,0,0,0,0,0,0,0,0,0
201803,13,151,3,5,Henry County                  ,122,122,20992830,0,0,0,0,0,0,0,0,0,90,90,16642614,0,0,0,0,0,0,0,0,0
201803,13,159,3,5,Jasper County                 ,6,6,803844,0,0,0,0,0,0,0,0,0,0,0,0,0,0,0,0,0,0,0,0,0
201803,13,171,3,5,Lamar County                  ,3,3,413985,0,0,0,0,0,0,0,0,0,3,3,413985,0,0,0,0,0,0,0,0,0
201803,13,177,3,5,Lee County                    ,13,13,1608906,0,0,0,0,0,0,0,0,0,0,0,0,0,0,0,0,0,0,0,0,0
201803,13,179,3,5,Liberty County                ,33,33,8018614,0,0,0,0,0,0,0,0,0,33,33,8018614,0,0,0,0,0,0,0,0,0
201803,13,189,3,5,McDuffie County               ,2,2,284957,0,0,0,0,0,0,0,0,0,0,0,0,0,0,0,0,0,0,0,0,0
201803,13,199,3,5,Meriwether County             ,3,3,682798,0,0,0,0,0,0,0,0,0,0,0,0,0,0,0,0,0,0,0,0,0
201803,13,201,3,5,Miller County                 ,0,0,0,0,0,0,0,0,0,0,0,0,0,0,0,0,0,0,0,0,0,0,0,0
201803,13,207,3,5,Monroe County                 ,11,11,2440950,0,0,0,0,0,0,0,0,0,0,0,0,0,0,0,0,0,0,0,0,0
201803,13,215,3,5,Muscogee County               ,28,28,5372133,0,0,0,1,3,184640,2,10,2489478,0,0,0,0,0,0,0,0,0,0,0,0
201803,13,217,3,5,Newton County                 ,49,49,10994820,0,0,0,0,0,0,0,0,0,49,49,10994820,0,0,0,0,0,0,0,0,0
201803,13,227,3,5,Pickens County                ,12,12,3470000,0,0,0,0,0,0,0,0,0,12,12,3470000,0,0,0,0,0,0,0,0,0
201803,13,231,3,5,Pike County                   ,8,8,1298017,0,0,0,0,0,0,0,0,0,0,0,0,0,0,0,0,0,0,0,0,0
201803,13,235,3,5,Pulaski County                ,0,0,0,0,0,0,0,0,0,0,0,0,0,0,0,0,0,0,0,0,0,0,0,0
201803,13,245,3,5,Richmond County               ,35,35,5646560,0,0,0,0,0,0,1,23,1540009,3,3,750000,0,0,0,0,0,0,0,0,0
201803,13,247,3,5,Rockdale County               ,27,27,5435659,0,0,0,0,0,0,0,0,0,27,27,5435659,0,0,0,0,0,0,0,0,0
201803,13,255,3,5,Spalding County               ,20,20,2426149,0,0,0,0,0,0,0,0,0,0,0,0,0,0,0,0,0,0,0,0,0
201803,13,275,3,5,Thomas County                 ,15,15,2973727,0,0,0,0,0,0,1,12,1346793,13,13,2587601,0,0,0,0,0,0,0,0,0
201803,13,291,3,5,Union County                  ,16,16,4254000,0,0,0,0,0,0,0,0,0,16,16,4254000,0,0,0,0,0,0,0,0,0
201803,15,001,4,9,Hawaii County                 ,102,102,31245156,0,0,0,0,0,0,0,0,0,102,102,31245156,0,0,0,0,0,0,0,0,0
201803,15,003,4,9,Honolulu County               ,96,96,38913672,0,0,0,0,0,0,2,88,32354476,0,0,0,0,0,0,0,0,0,0,0,0
201803,15,007,4,9,Kauai County                  ,25,25,16649595,0,0,0,0,0,0,0,0,0,25,25,16649595,0,0,0,0,0,0,0,0,0
201803,15,009,4,9,Maui County                   ,38,38,12297689,3,6,1768820,0,0,0,0,0,0,38,38,12297689,3,6,1768820,0,0,0,0,0,0
201803,16,001,4,8,Ada County                    ,435,435,116437550,1,2,353459,2,8,547238,6,280,28559638,358,358,95246722,0,0,0,0,0,0,4,212,20511189
201803,16,015,4,8,Boise County                  ,7,7,2256849,0,0,0,0,0,0,0,0,0,7,7,2256849,0,0,0,0,0,0,0,0,0
201803,16,027,4,8,Canyon County                 ,157,157,24410418,0,0,0,7,28,1663690,1,32,2393458,101,101,16223419,0,0,0,3,12,627480,0,0,0
201803,16,045,4,8,Gem County                    ,11,11,1605651,0,0,0,0,0,0,0,0,0,9,9,1369111,0,0,0,0,0,0,0,0,0
201803,16,073,4,8,Owyhee County                 ,6,6,1033797,0,0,0,0,0,0,0,0,0,5,5,874814,0,0,0,0,0,0,0,0,0
201803,17,005,2,3,Bond County                   ,1,1,176208,0,0,0,0,0,0,0,0,0,0,0,0,0,0,0,0,0,0,0,0,0
201803,17,013,2,3,Calhoun County                ,2,2,265000,0,0,0,0,0,0,0,0,0,2,2,265000,0,0,0,0,0,0,0,0,0
201803,17,031,2,3,Cook County                   ,147,147,47859697,3,6,1715200,14,43,10021022,21,333,82821350,120,120,41286006,3,6,1715200,13,40,9573480,21,333,82821350
201803,17,037,2,3,DeKalb County                 ,10,10,2354000,0,0,0,0,0,0,0,0,0,10,10,2354000,0,0,0,0,0,0,0,0,0
201803,17,039,2,3,De Witt County                ,2,2,460000,0,0,0,0,0,0,0,0,0,2,2,460000,0,0,0,0,0,0,0,0,0
201803,17,043,2,3,DuPage County                 ,92,92,35404606,2,4,700000,1,4,500000,2,28,1358053,86,86,32544715,2,4,700000,1,4,500000,1,5,812500
201803,17,063,2,3,Grundy County                 ,6,6,1515549,0,0,0,0,0,0,1,10,512820,5,5,1355000,0,0,0,0,0,0,0,0,0
201803,17,083,2,3,Jersey County                 ,3,3,424885,0,0,0,0,0,0,0,0,0,1,1,113667,0,0,0,0,0,0,0,0,0
201803,17,093,2,3,Kendall County                ,25,25,5256888,0,0,0,0,0,0,0,0,0,20,20,4116000,0,0,0,0,0,0,0,0,0
201803,17,097,2,3,Lake County                   ,53,53,18527650,1,2,83333,0,0,0,2,14,3638872,40,40,13132582,0,0,0,0,0,0,0,0,0
201803,17,111,2,3,McHenry County                ,26,26,4878539,0,0,0,0,0,0,0,0,0,22,22,4514952,0,0,0,0,0,0,0,0,0
201803,17,119,2,3,Madison County                ,36,36,10132784,0,0,0,0,0,0,0,0,0,32,32,9071854,0,0,0,0,0,0,0,0,0
201803,17,133,2,3,Monroe County                 ,10,10,2310293,1,2,242296,0,0,0,0,0,0,10,10,2310293,1,2,242296,0,0,0,0,0,0
201803,17,197,2,3,Will County                   ,132,132,34148386,4,8,966000,4,16,2698598,1,5,1015625,120,120,31650124,4,8,966000,4,16,2698598,0,0,0
201803,18,003,2,3,Allen County                  ,90,90,23283378,4,8,300000,0,0,0,0,0,0,90,90,23283378,4,8,300000,0,0,0,0,0,0
201803,18,011,2,3,Boone County                  ,67,67,23048341,1,2,200000,0,0,0,0,0,0,67,67,23048341,1,2,200000,0,0,0,0,0,0
201803,18,013,2,3,Brown County                  ,6,6,1552225,0,0,0,0,0,0,0,0,0,6,6,1552225,0,0,0,0,0,0,0,0,0
201803,18,019,2,3,Clark County                  ,54,54,14207209,0,0,0,0,0,0,0,0,0,50,50,13359976,0,0,0,0,0,0,0,0,0
201803,18,047,2,3,Franklin County               ,4,4,584700,0,0,0,0,0,0,0,0,0,4,4,584700,0,0,0,0,0,0,0,0,0
201803,18,057,2,3,Hamilton County               ,294,294,97156354,2,4,641118,0,0,0,1,5,1251000,293,293,96586930,2,4,641118,0,0,0,1,5,1251000
201803,18,059,2,3,Hancock County                ,45,45,9190278,0,0,0,0,0,0,0,0,0,45,45,9190278,0,0,0,0,0,0,0,0,0
201803,18,061,2,3,Harrison County               ,6,6,1072500,0,0,0,0,0,0,0,0,0,6,6,1072500,0,0,0,0,0,0,0,0,0
201803,18,063,2,3,Hendricks County              ,64,64,15491030,0,0,0,4,14,2100000,3,24,1008000,47,47,12219786,0,0,0,4,14,2100000,3,24,1008000
201803,18,069,2,3,Huntington County             ,4,4,632670,0,0,0,0,0,0,0,0,0,4,4,632670,0,0,0,0,0,0,0,0,0
201803,18,073,2,3,Jasper County                 ,10,10,1953373,0,0,0,0,0,0,0,0,0,10,10,1953373,0,0,0,0,0,0,0,0,0
201803,18,081,2,3,Johnson County                ,65,65,18997342,1,2,623000,0,0,0,0,0,0,62,62,18650635,1,2,623000,0,0,0,0,0,0
201803,18,087,2,3,Lagrange County               ,20,20,4682000,0,0,0,0,0,0,0,0,0,20,20,4682000,0,0,0,0,0,0,0,0,0
201803,18,089,2,3,Lake County                   ,116,116,29845552,1,2,200000,1,3,630000,0,0,0,109,109,28719249,1,2,200000,1,3,630000,0,0,0
201803,18,097,2,3,Marion County                 ,112,112,28513220,1,2,250000,0,0,0,2,118,13696838,112,112,28513220,1,2,250000,0,0,0,2,118,13696838
201803,18,105,2,3,Monroe County                 ,24,24,5929910,1,2,238186,0,0,0,1,13,1495445,0,0,0,0,0,0,0,0,0,0,0,0
201803,18,109,2,3,Morgan County                 ,13,13,3191833,0,0,0,0,0,0,0,0,0,7,7,1790000,0,0,0,0,0,0,0,0,0
201803,18,111,2,3,Newton County                 ,1,1,210840,0,0,0,0,0,0,0,0,0,0,0,0,0,0,0,0,0,0,0,0,0
201803,18,115,2,3,Ohio County                   ,5,5,1024500,0,0,0,0,0,0,0,0,0,5,5,1024500,0,0,0,0,0,0,0,0,0
201803,18,119,2,3,Owen County                   ,8,8,2069634,0,0,0,0,0,0,0,0,0,8,8,2069634,0,0,0,0,0,0,0,0,0
201803,18,127,2,3,Porter County                 ,48,48,17394060,3,6,863031,0,0,0,1,5,382240,38,38,15769150,3,6,863031,0,0,0,0,0,0
201803,18,133,2,3,Putnam County                 ,10,10,2587042,0,0,0,0,0,0,0,0,0,10,10,2587042,0,0,0,0,0,0,0,0,0
201803,18,145,2,3,Shelby County                 ,6,6,1528230,0,0,0,0,0,0,0,0,0,6,6,1528230,0,0,0,0,0,0,0,0,0
201803,18,151,2,3,Steuben County                ,15,15,3087859,2,4,480000,0,0,0,0,0,0,15,15,3087859,2,4,480000,0,0,0,0,0,0
201803,18,157,2,3,Tippecanoe County             ,40,40,8192242,1,2,360000,0,0,0,4,486,68788478,5,5,78000,0,0,0,0,0,0,4,486,68788478
201803,18,163,2,3,Vanderburgh County            ,18,18,2727663,0,0,0,0,0,0,0,0,0,18,18,2727663,0,0,0,0,0,0,0,0,0
201803,18,167,2,3,Vigo County                   ,2,2,266560,1,2,172727,0,0,0,1,25,1577604,0,0,0,0,0,0,0,0,0,0,0,0
201803,18,175,2,3,Washington County             ,3,3,494615,0,0,0,0,0,0,0,0,0,0,0,0,0,0,0,0,0,0,0,0,0
201803,18,183,2,3,Whitley County                ,10,10,1682500,0,0,0,0,0,0,1,35,3240000,10,10,1682500,0,0,0,0,0,0,1,35,3240000
201803,19,049,2,4,Dallas County                 ,65,65,18958972,0,0,0,0,0,0,1,5,460526,63,63,18436164,0,0,0,0,0,0,0,0,0
201803,19,085,2,4,Harrison County               ,2,2,508704,0,0,0,0,0,0,0,0,0,1,1,258704,0,0,0,0,0,0,0,0,0
201803,19,129,2,4,Mills County                  ,1,1,180000,0,0,0,0,0,0,0,0,0,1,1,180000,0,0,0,0,0,0,0,0,0
201803,19,153,2,4,Polk County                   ,253,253,61621424,0,0,0,0,0,0,2,106,8987576,253,253,61621424,0,0,0,0,0,0,2,106,8987576
201803,19,181,2,4,Warren County                 ,35,35,10448016,0,0,0,0,0,0,0,0,0,34,34,10209189,0,0,0,0,0,0,0,0,0
201803,20,061,2,4,Geary County                  ,0,0,0,0,0,0,0,0,0,0,0,0,0,0,0,0,0,0,0,0,0,0,0,0
201803,20,091,2,4,Johnson County                ,169,169,55271659,4,8,1806000,3,11,1911139,3,190,16582395,100,100,32641845,3,6,1566000,2,8,1464859,1,157,12271317
201803,20,103,2,4,Leavenworth County            ,22,22,3377709,0,0,0,0,0,0,0,0,0,22,22,3377709,0,0,0,0,0,0,0,0,0
201803,20,107,2,4,Linn County                   ,4,4,302725,0,0,0,0,0,0,0,0,0,0,0,0,0,0,0,0,0,0,0,0,0
201803,20,121,2,4,Miami County                  ,12,12,2834209,0,0,0,0,0,0,0,0,0,2,2,330000,0,0,0,0,0,0,0,0,0
201803,20,209,2,4,Wyandotte County              ,24,24,3984100,0,0,0,0,0,0,0,0,0,24,24,3984100,0,0,0,0,0,0,0,0,0
201803,21,005,3,6,Anderson County               ,10,10,2283515,0,0,0,0,0,0,0,0,0,10,10,2283515,0,0,0,0,0,0,0,0,0
201803,21,015,3,6,Boone County                  ,57,57,10733739,0,0,0,0,0,0,9,92,8250000,57,57,10733739,0,0,0,0,0,0,9,92,8250000
201803,21,017,3,6,Bourbon County                ,4,4,1559513,0,0,0,0,0,0,0,0,0,4,4,1559513,0,0,0,0,0,0,0,0,0
201803,21,021,3,6,Boyle County                  ,2,2,388452,0,0,0,0,0,0,0,0,0,2,2,388452,0,0,0,0,0,0,0,0,0
201803,21,029,3,6,Bullitt County                ,51,51,11803488,0,0,0,0,0,0,0,0,0,51,51,11803488,0,0,0,0,0,0,0,0,0
201803,21,035,3,6,Calloway County               ,1,1,232000,0,0,0,4,14,573750,0,0,0,1,1,232000,0,0,0,4,14,573750,0,0,0
201803,21,037,3,6,Campbell County               ,15,15,3829989,0,0,0,0,0,0,0,0,0,15,15,3829989,0,0,0,0,0,0,0,0,0
201803,21,045,3,6,Casey County                  ,0,0,0,0,0,0,0,0,0,0,0,0,0,0,0,0,0,0,0,0,0,0,0,0
201803,21,047,3,6,Christian County              ,5,5,667400,0,0,0,1,4,270000,0,0,0,3,3,525000,0,0,0,1,4,270000,0,0,0
201803,21,049,3,6,Clark County                  ,5,5,1089413,1,2,400000,0,0,0,1,8,554000,0,0,0,0,0,0,0,0,0,0,0,0
201803,21,067,3,6,Fayette County                ,70,70,11507850,0,0,0,0,0,0,1,55,4304641,0,0,0,0,0,0,0,0,0,0,0,0
201803,21,069,3,6,Fleming County                ,0,0,0,0,0,0,0,0,0,0,0,0,0,0,0,0,0,0,0,0,0,0,0,0
201803,21,077,3,6,Gallatin County               ,1,1,187321,0,0,0,0,0,0,0,0,0,0,0,0,0,0,0,0,0,0,0,0,0
201803,21,081,3,6,Grant County                  ,8,8,1439000,0,0,0,0,0,0,0,0,0,8,8,1439000,0,0,0,0,0,0,0,0,0
201803,21,091,3,6,Hancock County                ,4,4,776904,0,0,0,0,0,0,0,0,0,4,4,776904,0,0,0,0,0,0,0,0,0
201803,21,099,3,6,Hart County                   ,5,5,486250,0,0,0,0,0,0,1,5,567738,0,0,0,0,0,0,0,0,0,0,0,0
201803,21,101,3,6,Henderson County              ,4,4,441850,0,0,0,0,0,0,0,0,0,4,4,441850,0,0,0,0,0,0,0,0,0
201803,21,103,3,6,Henry County                  ,1,1,197480,0,0,0,0,0,0,0,0,0,1,1,197480,0,0,0,0,0,0,0,0,0
201803,21,111,3,6,Jefferson County              ,111,111,31580105,0,0,0,0,0,0,4,80,8000000,111,111,31580105,0,0,0,0,0,0,4,80,8000000
201803,21,113,3,6,Jessamine County              ,26,26,6309795,0,0,0,0,0,0,0,0,0,16,16,4142000,0,0,0,0,0,0,0,0,0
201803,21,115,3,6,Johnson County                ,0,0,0,0,0,0,0,0,0,0,0,0,0,0,0,0,0,0,0,0,0,0,0,0
201803,21,117,3,6,Kenton County                 ,21,21,4921308,0,0,0,0,0,0,0,0,0,21,21,4921308,0,0,0,0,0,0,0,0,0
201803,21,121,3,6,Knox County                   ,0,0,0,0,0,0,0,0,0,0,0,0,0,0,0,0,0,0,0,0,0,0,0,0
201803,21,123,3,6,Larue County                  ,1,1,231246,0,0,0,0,0,0,0,0,0,1,1,231246,0,0,0,0,0,0,0,0,0
201803,21,137,3,6,Lincoln County                ,2,2,404521,0,0,0,0,0,0,0,0,0,0,0,0,0,0,0,0,0,0,0,0,0
201803,21,145,3,6,McCracken County              ,4,4,1342603,0,0,0,0,0,0,0,0,0,4,4,1342603,0,0,0,0,0,0,0,0,0
201803,21,151,3,6,Madison County                ,24,24,2500347,3,6,372996,0,0,0,1,5,168572,11,11,1375000,2,4,260000,0,0,0,0,0,0
201803,21,157,3,6,Marshall County               ,4,4,965000,0,0,0,0,0,0,0,0,0,4,4,965000,0,0,0,0,0,0,0,0,0
201803,21,161,3,6,Mason County                  ,4,4,705000,0,0,0,0,0,0,0,0,0,4,4,705000,0,0,0,0,0,0,0,0,0
201803,21,163,3,6,Meade County                  ,6,6,1369500,0,0,0,0,0,0,0,0,0,6,6,1369500,0,0,0,0,0,0,0,0,0
201803,21,167,3,6,Mercer County                 ,4,4,663882,0,0,0,0,0,0,0,0,0,0,0,0,0,0,0,0,0,0,0,0,0
201803,21,175,3,6,Morgan County                 ,2,2,150000,0,0,0,0,0,0,0,0,0,0,0,0,0,0,0,0,0,0,0,0,0
201803,21,179,3,6,Nelson County                 ,16,16,2686307,0,0,0,0,0,0,0,0,0,0,0,0,0,0,0,0,0,0,0,0,0
201803,21,185,3,6,Oldham County                 ,33,33,10315870,1,2,98833,0,0,0,0,0,0,0,0,0,0,0,0,0,0,0,0,0,0
201803,21,191,3,6,Pendleton County              ,0,0,0,0,0,0,0,0,0,0,0,0,0,0,0,0,0,0,0,0,0,0,0,0
201803,21,209,3,6,Scott County                  ,35,35,7909761,0,0,0,0,0,0,0,0,0,35,35,7909761,0,0,0,0,0,0,0,0,0
201803,21,211,3,6,Shelby County                 ,17,17,4026029,0,0,0,0,0,0,0,0,0,17,17,4026029,0,0,0,0,0,0,0,0,0
201803,21,213,3,6,Simpson County                ,1,1,150180,0,0,0,0,0,0,0,0,0,1,1,150180,0,0,0,0,0,0,0,0,0
201803,21,215,3,6,Spencer County                ,10,10,2312459,0,0,0,0,0,0,0,0,0,10,10,2312459,0,0,0,0,0,0,0,0,0
201803,21,221,3,6,Trigg County                  ,0,0,0,0,0,0,0,0,0,0,0,0,0,0,0,0,0,0,0,0,0,0,0,0
201803,21,239,3,6,Woodford County               ,3,3,478000,0,0,0,0,0,0,0,0,0,3,3,478000,0,0,0,0,0,0,0,0,0
201803,22,005,3,7,Ascension Parish              ,92,92,15080424,0,0,0,0,0,0,0,0,0,9,9,1547500,0,0,0,0,0,0,0,0,0
201803,22,015,3,7,Bossier Parish                ,53,53,9776480,0,0,0,0,0,0,0,0,0,53,53,9776480,0,0,0,0,0,0,0,0,0
201803,22,017,3,7,Caddo Parish                  ,27,27,8809374,0,0,0,0,0,0,0,0,0,26,26,8652750,0,0,0,0,0,0,0,0,0
201803,22,031,3,7,De Soto Parish                ,12,12,3177357,0,0,0,0,0,0,0,0,0,12,12,3177357,0,0,0,0,0,0,0,0,0
201803,22,033,3,7,East Baton Rouge Parish       ,133,133,31756247,4,8,859248,0,0,0,1,48,5381000,132,132,31619818,4,8,859248,0,0,0,1,48,5381000
201803,22,037,3,7,East Feliciana Parish         ,2,2,388452,0,0,0,0,0,0,0,0,0,2,2,388452,0,0,0,0,0,0,0,0,0
201803,22,047,3,7,Iberville Parish              ,9,9,2030976,0,0,0,0,0,0,0,0,0,1,1,338000,0,0,0,0,0,0,0,0,0
201803,22,051,3,7,Jefferson Parish              ,47,47,10136021,0,0,0,1,3,140754,1,6,603539,10,10,2224741,0,0,0,0,0,0,0,0,0
201803,22,055,3,7,Lafayette Parish              ,118,118,24726185,0,0,0,1,3,750000,0,0,0,21,21,6535350,0,0,0,0,0,0,0,0,0
201803,22,063,3,7,Livingston Parish             ,73,73,16534158,0,0,0,1,3,232174,0,0,0,1,1,165000,0,0,0,0,0,0,0,0,0
201803,22,071,3,7,Orleans Parish                ,29,29,6289824,4,8,970504,0,0,0,1,20,4922832,0,0,0,0,0,0,0,0,0,0,0,0
201803,22,075,3,7,Plaquemines Parish            ,6,6,1841616,0,0,0,0,0,0,0,0,0,0,0,0,0,0,0,0,0,0,0,0,0
201803,22,077,3,7,Pointe Coupee Parish          ,3,3,683798,0,0,0,0,0,0,0,0,0,3,3,683798,0,0,0,0,0,0,0,0,0
201803,22,087,3,7,St. Bernard Parish            ,15,15,2628580,0,0,0,0,0,0,0,0,0,15,15,2628580,0,0,0,0,0,0,0,0,0
201803,22,089,3,7,St. Charles Parish            ,15,15,3468689,0,0,0,0,0,0,0,0,0,15,15,3468689,0,0,0,0,0,0,0,0,0
201803,22,091,3,7,St. Helena Parish             ,0,0,0,0,0,0,0,0,0,0,0,0,0,0,0,0,0,0,0,0,0,0,0,0
201803,22,095,3,7,St. John the Baptist Parish   ,4,4,639052,0,0,0,0,0,0,0,0,0,0,0,0,0,0,0,0,0,0,0,0,0
201803,22,099,3,7,St. Martin Parish             ,16,16,3182171,0,0,0,0,0,0,0,0,0,0,0,0,0,0,0,0,0,0,0,0,0
201803,22,103,3,7,St. Tammany Parish            ,158,158,38484185,0,0,0,0,0,0,0,0,0,153,153,36813227,0,0,0,0,0,0,0,0,0
201803,22,109,3,7,Terrebonne Parish             ,13,13,3267005,0,0,0,0,0,0,0,0,0,13,13,3267005,0,0,0,0,0,0,0,0,0
201803,22,121,3,7,West Baton Rouge Parish       ,11,11,2307602,0,0,0,0,0,0,0,0,0,9,9,2125478,0,0,0,0,0,0,0,0,0
201803,22,125,3,7,West Feliciana Parish         ,3,3,1614866,0,0,0,0,0,0,0,0,0,3,3,1614866,0,0,0,0,0,0,0,0,0
201803,23,000,1,1,Maine Unorganized Territory   ,4,4,531201,0,0,0,0,0,0,0,0,0,0,0,0,0,0,0,0,0,0,0,0,0
201803,24,003,3,5,Anne Arundel County           ,186,186,32761280,0,0,0,0,0,0,0,0,0,182,182,32070967,0,0,0,0,0,0,0,0,0
201803,24,005,3,5,Baltimore County              ,68,68,14789875,0,0,0,0,0,0,1,371,85000000,68,68,14789875,0,0,0,0,0,0,1,371,85000000
201803,24,009,3,5,Calvert County                ,14,14,3237443,0,0,0,0,0,0,0,0,0,14,14,3237443,0,0,0,0,0,0,0,0,0
201803,24,013,3,5,Carroll County                ,25,25,6221462,0,0,0,0,0,0,0,0,0,25,25,6221462,0,0,0,0,0,0,0,0,0
201803,24,015,3,5,Cecil County                  ,14,14,3937900,0,0,0,0,0,0,0,0,0,14,14,3937900,0,0,0,0,0,0,0,0,0
201803,24,017,3,5,Charles County                ,51,51,11489316,0,0,0,0,0,0,0,0,0,47,47,10865000,0,0,0,0,0,0,0,0,0
201803,24,021,3,5,Frederick County              ,97,97,22430853,2,4,434282,0,0,0,5,64,1200000,97,97,22430853,2,4,434282,0,0,0,5,64,1200000
201803,24,023,3,5,Garrett County                ,10,10,3783542,0,0,0,0,0,0,0,0,0,10,10,3783542,0,0,0,0,0,0,0,0,0
201803,24,025,3,5,Harford County                ,85,85,15156565,0,0,0,0,0,0,1,16,1312500,80,80,13499585,0,0,0,0,0,0,0,0,0
201803,24,027,3,5,Howard County                 ,47,47,10720477,0,0,0,0,0,0,2,80,9200000,47,47,10720477,0,0,0,0,0,0,2,80,9200000
201803,24,031,3,5,Montgomery County             ,87,87,19635838,1,2,239000,0,0,0,5,300,55250000,80,80,18499672,0,0,0,0,0,0,5,300,55250000
201803,24,033,3,5,Prince George County          ,179,179,41436048,0,0,0,0,0,0,1,84,20750368,178,178,41161771,0,0,0,0,0,0,1,84,20750368
201803,24,035,3,5,Queen Anne County             ,11,11,3368810,0,0,0,0,0,0,0,0,0,1,1,252500,0,0,0,0,0,0,0,0,0
201803,24,037,3,5,St. Marys County              ,88,88,18711407,0,0,0,0,0,0,0,0,0,88,88,18711407,0,0,0,0,0,0,0,0,0
201803,24,039,3,5,Somerset County               ,3,3,470000,0,0,0,0,0,0,0,0,0,3,3,470000,0,0,0,0,0,0,0,0,0
201803,24,045,3,5,Wicomico County               ,9,9,2077004,0,0,0,0,0,0,0,0,0,8,8,1920004,0,0,0,0,0,0,0,0,0
201803,24,510,3,5,Baltimore (Independent City)  ,1,1,300000,0,0,0,0,0,0,0,0,0,1,1,300000,0,0,0,0,0,0,0,0,0
201803,25,005,1,1,Bristol County                ,55,55,11130199,0,0,0,0,0,0,0,0,0,40,40,8661630,0,0,0,0,0,0,0,0,0
201803,25,009,1,1,Essex County                  ,58,58,19662226,2,4,860833,1,3,542000,4,70,9635472,37,37,12533086,1,2,400000,1,3,542000,1,48,6214000
201803,25,017,1,1,Middlesex County              ,138,138,40644741,7,14,1751284,2,7,995144,7,133,21064484,84,84,26216250,0,0,0,0,0,0,1,37,5950125
201803,25,021,1,1,Norfolk County                ,70,70,32203362,0,0,0,0,0,0,7,122,24062825,42,42,20299538,0,0,0,0,0,0,3,70,17415100
201803,25,023,1,1,Plymouth County               ,75,75,18116661,1,2,250000,0,0,0,2,14,2410510,40,40,9330122,0,0,0,0,0,0,1,6,1776667
201803,25,025,1,1,Suffolk County                ,7,7,1686096,3,6,921203,1,4,750000,4,318,42619227,5,5,1339188,2,4,715000,1,4,750000,3,310,40769776
201803,26,000,2,3,Michigan Balance of State     ,5,5,936179,0,0,0,0,0,0,0,0,0,0,0,0,0,0,0,0,0,0,0,0,0
201803,26,019,2,3,Benzie County                 ,1,1,142296,0,0,0,0,0,0,0,0,0,1,1,142296,0,0,0,0,0,0,0,0,0
201803,26,029,2,3,Charlevoix County             ,5,5,1018317,0,0,0,0,0,0,0,0,0,0,0,0,0,0,0,0,0,0,0,0,0
201803,26,089,2,3,Leelanau County               ,9,9,1977345,0,0,0,0,0,0,0,0,0,9,9,1977345,0,0,0,0,0,0,0,0,0
201803,26,093,2,3,Livingston County             ,47,47,13892658,0,0,0,0,0,0,0,0,0,44,44,13586443,0,0,0,0,0,0,0,0,0
201803,26,095,2,3,Luce County                   ,0,0,0,0,0,0,0,0,0,0,0,0,0,0,0,0,0,0,0,0,0,0,0,0
201803,26,099,2,3,Macomb County                 ,202,202,56259167,2,4,436190,1,3,195000,6,74,11629068,200,200,55957603,0,0,0,0,0,0,6,74,11629068
201803,26,103,2,3,Marquette County              ,1,1,650000,0,0,0,0,0,0,0,0,0,1,1,650000,0,0,0,0,0,0,0,0,0
201803,26,137,2,3,Otsego County                 ,1,1,81000,0,0,0,0,0,0,0,0,0,0,0,0,0,0,0,0,0,0,0,0,0
201803,26,147,2,3,St. Clair County              ,22,22,3878148,0,0,0,0,0,0,0,0,0,18,18,3202706,0,0,0,0,0,0,0,0,0
201803,26,163,2,3,Wayne County                  ,80,80,19830080,0,0,0,2,8,1046196,6,113,24833666,66,66,16353213,0,0,0,2,8,1046196,6,113,24833666
201803,27,003,2,4,Anoka County                  ,72,72,21750794,0,0,0,0,0,0,0,0,0,61,61,18777464,0,0,0,0,0,0,0,0,0
201803,27,019,2,4,Carver County                 ,38,38,13846219,0,0,0,0,0,0,0,0,0,35,35,13149893,0,0,0,0,0,0,0,0,0
201803,27,025,2,4,Chisago County                ,20,20,3326374,0,0,0,0,0,0,0,0,0,19,19,3023569,0,0,0,0,0,0,0,0,0
201803,27,027,2,4,Clay County                   ,6,6,1666000,0,0,0,0,0,0,0,0,0,6,6,1666000,0,0,0,0,0,0,0,0,0
201803,27,037,2,4,Dakota County                 ,102,102,30687006,0,0,0,0,0,0,0,0,0,79,79,23138194,0,0,0,0,0,0,0,0,0
201803,27,053,2,4,Hennepin County               ,150,150,55457124,0,0,0,3,12,3308957,5,479,111723545,132,132,44412293,0,0,0,3,12,3308957,3,462,108711517
201803,27,059,2,4,Isanti County                 ,13,13,2374240,0,0,0,0,0,0,0,0,0,7,7,1382641,0,0,0,0,0,0,0,0,0
201803,27,123,2,4,Ramsey County                 ,8,8,2788931,0,0,0,0,0,0,0,0,0,8,8,2788931,0,0,0,0,0,0,0,0,0
201803,27,139,2,4,Scott County                  ,50,50,15079085,0,0,0,0,0,0,0,0,0,48,48,14493673,0,0,0,0,0,0,0,0,0
201803,27,141,2,4,Sherburne County              ,36,36,8561527,0,0,0,0,0,0,0,0,0,36,36,8561527,0,0,0,0,0,0,0,0,0
201803,27,163,2,4,Washington County             ,68,68,21747444,0,0,0,1,4,687313,1,216,27193000,62,62,19025229,0,0,0,1,4,687313,1,216,27193000
201803,27,171,2,4,Wright County                 ,68,68,17631593,1,2,500000,0,0,0,0,0,0,66,66,17193808,1,2,500000,0,0,0,0,0,0
201803,28,033,3,6,DeSoto County                 ,119,119,20611980,0,0,0,0,0,0,0,0,0,119,119,20611980,0,0,0,0,0,0,0,0,0
201803,28,041,3,6,Greene County                 ,0,0,0,0,0,0,0,0,0,0,0,0,0,0,0,0,0,0,0,0,0,0,0,0
201803,28,045,3,6,Hancock County                ,40,40,6981209,0,0,0,0,0,0,1,9,761964,7,7,1732181,0,0,0,0,0,0,0,0,0
201803,28,047,3,6,Harrison County               ,79,79,23674335,1,2,245000,0,0,0,0,0,0,67,67,22311123,0,0,0,0,0,0,0,0,0
201803,28,067,3,6,Jones County                  ,2,2,293569,0,0,0,0,0,0,0,0,0,0,0,0,0,0,0,0,0,0,0,0,0
201803,28,129,3,6,Smith County                  ,0,0,0,0,0,0,0,0,0,0,0,0,0,0,0,0,0,0,0,0,0,0,0,0
201803,28,137,3,6,Tate County                   ,14,14,1704000,0,0,0,0,0,0,0,0,0,14,14,1704000,0,0,0,0,0,0,0,0,0
201803,28,143,3,6,Tunica County                 ,3,3,424960,0,0,0,0,0,0,0,0,0,3,3,424960,0,0,0,0,0,0,0,0,0
201803,28,145,3,6,Union County                  ,2,2,180000,0,0,0,0,0,0,0,0,0,2,2,180000,0,0,0,0,0,0,0,0,0
201803,28,149,3,6,Warren County                 ,0,0,0,0,0,0,0,0,0,0,0,0,0,0,0,0,0,0,0,0,0,0,0,0
201803,29,013,2,4,Bates County                  ,0,0,0,0,0,0,0,0,0,0,0,0,0,0,0,0,0,0,0,0,0,0,0,0
201803,29,017,2,4,Bollinger County              ,0,0,0,0,0,0,0,0,0,0,0,0,0,0,0,0,0,0,0,0,0,0,0,0
201803,29,019,2,4,Boone County                  ,66,66,17530394,0,0,0,0,0,0,0,0,0,66,66,17530394,0,0,0,0,0,0,0,0,0
201803,29,049,2,4,Clinton County                ,5,5,903384,0,0,0,0,0,0,0,0,0,2,2,317000,0,0,0,0,0,0,0,0,0
201803,29,065,2,4,Dent County                   ,0,0,0,0,0,0,0,0,0,0,0,0,0,0,0,0,0,0,0,0,0,0,0,0
201803,29,071,2,4,Franklin County               ,38,38,8239241,1,2,415612,0,0,0,0,0,0,38,38,8239241,1,2,415612,0,0,0,0,0,0
201803,29,095,2,4,Jackson County                ,193,193,45037992,18,36,4560264,4,16,1360000,1,5,425000,190,190,44468594,18,36,4560264,4,16,1360000,1,5,425000
201803,29,099,2,4,Jefferson County              ,60,60,10551626,0,0,0,0,0,0,0,0,0,55,55,9961642,0,0,0,0,0,0,0,0,0
201803,29,105,2,4,Laclede County                ,1,1,237385,0,0,0,0,0,0,0,0,0,0,0,0,0,0,0,0,0,0,0,0,0
201803,29,107,2,4,Lafayette County              ,3,3,691745,0,0,0,0,0,0,0,0,0,0,0,0,0,0,0,0,0,0,0,0,0
201803,29,113,2,4,Lincoln County                ,14,14,3025134,0,0,0,0,0,0,0,0,0,6,6,997000,0,0,0,0,0,0,0,0,0
201803,29,165,2,4,Platte County                 ,41,41,10471731,0,0,0,0,0,0,1,7,460185,41,41,10471731,0,0,0,0,0,0,0,0,0
201803,29,185,2,4,St. Clair County              ,0,0,0,0,0,0,0,0,0,0,0,0,0,0,0,0,0,0,0,0,0,0,0,0
201803,29,189,2,4,St. Louis County              ,91,91,35785321,0,0,0,0,0,0,2,20,2301026,31,31,14649055,0,0,0,0,0,0,0,0,0
201803,29,219,2,4,Warren County                 ,40,40,8384203,0,0,0,0,0,0,0,0,0,40,40,8384203,0,0,0,0,0,0,0,0,0
201803,29,221,2,4,Washington County             ,0,0,0,0,0,0,0,0,0,0,0,0,0,0,0,0,0,0,0,0,0,0,0,0
201803,29,510,2,4,St. Louis (Independent City)  ,16,16,3035140,0,0,0,0,0,0,2,440,27700312,16,16,3035140,0,0,0,0,0,0,2,440,27700312
201803,30,033,4,8,Garfield County               ,0,0,0,0,0,0,0,0,0,0,0,0,0,0,0,0,0,0,0,0,0,0,0,0
201803,30,063,4,8,Missoula County               ,51,51,12229474,0,0,0,0,0,0,0,0,0,51,51,12229474,0,0,0,0,0,0,0,0,0
201803,30,093,4,8,Silver Bow County             ,3,3,400919,0,0,0,0,0,0,0,0,0,3,3,400919,0,0,0,0,0,0,0,0,0
201803,31,001,2,4,Adams County                  ,5,5,999332,0,0,0,0,0,0,0,0,0,4,4,802017,0,0,0,0,0,0,0,0,0
201803,31,025,2,4,Cass County                   ,13,13,2078561,0,0,0,0,0,0,0,0,0,13,13,2078561,0,0,0,0,0,0,0,0,0
201803,31,033,2,4,Cheyenne County               ,0,0,0,0,0,0,0,0,0,0,0,0,0,0,0,0,0,0,0,0,0,0,0,0
201803,31,055,2,4,Douglas County                ,125,125,18598805,0,0,0,0,0,0,0,0,0,117,117,16733580,0,0,0,0,0,0,0,0,0
201803,31,105,2,4,Kimball County                ,0,0,0,0,0,0,0,0,0,0,0,0,0,0,0,0,0,0,0,0,0,0,0,0
201803,31,153,2,4,Sarpy County                  ,94,94,24733733,0,0,0,0,0,0,1,7,842595,22,22,5715665,0,0,0,0,0,0,0,0,0
201803,31,165,2,4,Sioux County                  ,0,0,0,0,0,0,0,0,0,0,0,0,0,0,0,0,0,0,0,0,0,0,0,0
201803,31,177,2,4,Washington County             ,9,9,2782052,0,0,0,0,0,0,0,0,0,9,9,2782052,0,0,0,0,0,0,0,0,0
201803,32,001,4,8,Churchill County              ,5,5,1219873,0,0,0,0,0,0,0,0,0,5,5,1219873,0,0,0,0,0,0,0,0,0
201803,32,003,4,8,Clark County                  ,1052,1052,267100825,9,18,1178144,2,6,723312,5,271,17034150,1052,1052,267100825,9,18,1178144,2,6,723312,5,271,17034150
201803,32,005,4,8,Douglas County                ,12,12,4921388,0,0,0,0,0,0,0,0,0,12,12,4921388,0,0,0,0,0,0,0,0,0
201803,32,007,4,8,Elko County                   ,15,15,2548964,0,0,0,0,0,0,0,0,0,15,15,2548964,0,0,0,0,0,0,0,0,0
201803,32,013,4,8,Humboldt County               ,1,1,169328,0,0,0,0,0,0,0,0,0,0,0,0,0,0,0,0,0,0,0,0,0
201803,32,015,4,8,Lander County                 ,1,1,147000,0,0,0,0,0,0,0,0,0,1,1,147000,0,0,0,0,0,0,0,0,0
201803,32,017,4,8,Lincoln County                ,2,2,540993,0,0,0,0,0,0,0,0,0,0,0,0,0,0,0,0,0,0,0,0,0
201803,32,019,4,8,Lyon County                   ,25,25,5848992,0,0,0,0,0,0,0,0,0,25,25,5848992,0,0,0,0,0,0,0,0,0
201803,32,021,4,8,Mineral County                ,0,0,0,0,0,0,0,0,0,0,0,0,0,0,0,0,0,0,0,0,0,0,0,0
201803,32,027,4,8,Pershing County               ,0,0,0,0,0,0,0,0,0,0,0,0,0,0,0,0,0,0,0,0,0,0,0,0
201803,32,029,4,8,Storey County                 ,1,1,120172,0,0,0,0,0,0,0,0,0,0,0,0,0,0,0,0,0,0,0,0,0
201803,32,031,4,8,Washoe County                 ,138,138,36043698,0,0,0,0,0,0,2,16,2093839,138,138,36043698,0,0,0,0,0,0,2,16,2093839
201803,32,033,4,8,White Pine County             ,0,0,0,0,0,0,0,0,0,0,0,0,0,0,0,0,0,0,0,0,0,0,0,0
201803,32,510,4,8,Carson City (Independent City),14,14,3696572,0,0,0,0,0,0,0,0,0,14,14,3696572,0,0,0,0,0,0,0,0,0
201803,33,015,1,1,Rockingham County             ,82,82,19710148,7,14,998000,2,7,658400,1,5,674635,69,69,17214991,7,14,998000,1,4,440000,0,0,0
201803,33,017,1,1,Strafford County              ,21,21,4814520,0,0,0,0,0,0,0,0,0,12,12,3147686,0,0,0,0,0,0,0,0,0
201803,34,001,1,2,Atlantic County               ,21,21,6156562,0,0,0,0,0,0,3,70,4562107,17,17,5746147,0,0,0,0,0,0,1,32,732226
201803,34,003,1,2,Bergen County                 ,66,66,21156078,7,14,2772196,1,3,555000,8,411,36068966,46,46,14462333,5,10,2125750,1,3,555000,2,330,32878000
201803,34,005,1,2,Burlington County             ,51,51,8162694,0,0,0,0,0,0,2,10,891367,24,24,4408166,0,0,0,0,0,0,0,0,0
201803,34,007,1,2,Camden County                 ,19,19,4503296,1,2,21475,0,0,0,3,49,3084795,10,10,2938250,1,2,21475,0,0,0,2,40,2604272
201803,34,009,1,2,Cape May County               ,29,29,13747793,5,10,1000400,0,0,0,1,22,6631000,25,25,12800040,5,10,1000400,0,0,0,1,22,6631000
201803,34,011,1,2,Cumberland County             ,14,14,1562372,0,0,0,0,0,0,0,0,0,5,5,637000,0,0,0,0,0,0,0,0,0
201803,34,013,1,2,Essex County                  ,34,34,5417937,0,0,0,0,0,0,5,131,8309485,15,15,3858250,0,0,0,0,0,0,2,78,5066000
201803,34,015,1,2,Gloucester County             ,37,37,4770921,0,0,0,0,0,0,0,0,0,22,22,3156339,0,0,0,0,0,0,0,0,0
201803,34,017,1,2,Hudson County                 ,89,89,3324847,9,18,1839300,2,8,793100,2,35,3521096,88,88,2851701,9,18,1839300,2,8,793100,1,8,790000
201803,34,019,1,2,Hunterdon County              ,21,21,4187126,1,2,233200,0,0,0,2,14,737087,20,20,4116405,0,0,0,0,0,0,0,0,0
201803,34,021,1,2,Mercer County                 ,11,11,2537574,1,2,86914,1,3,264542,0,0,0,5,5,711939,0,0,0,0,0,0,0,0,0
201803,34,023,1,2,Middlesex County              ,65,65,10804965,0,0,0,1,4,940000,6,94,4082781,56,56,9402000,0,0,0,1,4,940000,3,57,2323001
201803,34,025,1,2,Monmouth County               ,63,63,18559811,1,2,367209,0,0,0,5,90,1218105,51,51,14138401,0,0,0,0,0,0,4,85,1128980
201803,34,027,1,2,Morris County                 ,46,46,14102264,0,0,0,0,0,0,9,89,10119603,32,32,9385546,0,0,0,0,0,0,5,42,3146600
201803,34,029,1,2,Ocean County                  ,148,148,32342128,0,0,0,0,0,0,1,12,457130,104,104,25556117,0,0,0,0,0,0,0,0,0
201803,34,031,1,2,Passaic County                ,5,5,1070711,2,4,384500,0,0,0,2,53,1257549,3,3,650000,2,4,384500,0,0,0,1,48,646500
201803,34,033,1,2,Salem County                  ,5,5,1224900,0,0,0,0,0,0,0,0,0,5,5,1224900,0,0,0,0,0,0,0,0,0
201803,34,035,1,2,Somerset County               ,14,14,2651451,1,2,166500,14,49,14,4,27,1672067,3,3,835401,0,0,0,14,49,14,0,0,0
201803,34,037,1,2,Sussex County                 ,6,6,1532736,0,0,0,0,0,0,0,0,0,5,5,1280101,0,0,0,0,0,0,0,0,0
201803,34,039,1,2,Union County                  ,30,30,5471089,10,20,1332110,0,0,0,4,293,25511669,13,13,1310904,9,18,1108735,0,0,0,2,282,25022500
201803,34,041,1,2,Warren County                 ,2,2,600600,0,0,0,0,0,0,0,0,0,1,1,200600,0,0,0,0,0,0,0,0,0
201803,35,000,4,8,New Mexico Balance of State   ,36,36,9742769,0,0,0,0,0,0,0,0,0,0,0,0,0,0,0,0,0,0,0,0,0
201803,35,001,4,8,Bernalillo County             ,159,159,32288900,0,0,0,0,0,0,0,0,0,159,159,32288900,0,0,0,0,0,0,0,0,0
201803,35,005,4,8,Chaves County                 ,15,15,2600364,0,0,0,0,0,0,0,0,0,13,13,2229274,0,0,0,0,0,0,0,0,0
201803,35,007,4,8,Colfax County                 ,1,1,451667,0,0,0,0,0,0,0,0,0,0,0,0,0,0,0,0,0,0,0,0,0
201803,35,009,4,8,Curry County                  ,4,4,985362,0,0,0,0,0,0,1,7,645312,0,0,0,0,0,0,0,0,0,0,0,0
201803,35,013,4,8,Dona Ana County               ,76,76,15645816,1,2,78720,0,0,0,6,48,4500000,76,76,15645816,1,2,78720,0,0,0,6,48,4500000
201803,35,015,4,8,Eddy County                   ,25,25,4854000,0,0,0,0,0,0,15,106,8000000,25,25,4854000,0,0,0,0,0,0,15,106,8000000
201803,35,017,4,8,Grant County                  ,1,1,154827,0,0,0,0,0,0,0,0,0,0,0,0,0,0,0,0,0,0,0,0,0
201803,35,025,4,8,Lea County                    ,7,7,1314939,0,0,0,0,0,0,0,0,0,7,7,1314939,0,0,0,0,0,0,0,0,0
201803,35,027,4,8,Lincoln County                ,7,7,1769112,0,0,0,0,0,0,0,0,0,0,0,0,0,0,0,0,0,0,0,0,0
201803,35,028,4,8,Los Alamos County             ,1,1,356068,0,0,0,0,0,0,0,0,0,0,0,0,0,0,0,0,0,0,0,0,0
201803,35,029,4,8,Luna County                   ,1,1,174551,0,0,0,0,0,0,0,0,0,0,0,0,0,0,0,0,0,0,0,0,0
201803,35,031,4,8,McKinley County               ,0,0,0,0,0,0,0,0,0,0,0,0,0,0,0,0,0,0,0,0,0,0,0,0
201803,35,035,4,8,Otero County                  ,0,0,0,0,0,0,0,0,0,0,0,0,0,0,0,0,0,0,0,0,0,0,0,0
201803,35,041,4,8,Roosevelt County              ,2,2,326294,0,0,0,0,0,0,0,0,0,0,0,0,0,0,0,0,0,0,0,0,0
201803,35,043,4,8,Sandoval County               ,67,67,15220732,0,0,0,0,0,0,1,8,333333,55,55,12368218,0,0,0,0,0,0,0,0,0
201803,35,045,4,8,San Juan County               ,11,11,2728828,0,0,0,0,0,0,0,0,0,11,11,2728828,0,0,0,0,0,0,0,0,0
201803,35,047,4,8,San Miguel County             ,0,0,0,0,0,0,0,0,0,0,0,0,0,0,0,0,0,0,0,0,0,0,0,0
201803,35,049,4,8,Santa Fe County               ,24,24,5701264,0,0,0,0,0,0,0,0,0,24,24,5701264,0,0,0,0,0,0,0,0,0
201803,35,051,4,8,Sierra County                 ,0,0,0,0,0,0,0,0,0,0,0,0,0,0,0,0,0,0,0,0,0,0,0,0
201803,35,053,4,8,Socorro County                ,0,0,0,0,0,0,0,0,0,0,0,0,0,0,0,0,0,0,0,0,0,0,0,0
201803,35,055,4,8,Taos County                   ,9,9,986902,0,0,0,0,0,0,0,0,0,0,0,0,0,0,0,0,0,0,0,0,0
201803,35,061,4,8,Valencia County               ,18,18,2321036,0,0,0,0,0,0,0,0,0,18,18,2321036,0,0,0,0,0,0,0,0,0
201803,36,001,1,2,Albany County                 ,17,17,3382568,0,0,0,1,3,0,1,9,1476456,15,15,3032037,0,0,0,0,0,0,0,0,0
201803,36,005,1,2,Bronx County                  ,0,0,0,4,8,1080294,0,0,0,4,221,29064905,0,0,0,4,8,1080294,0,0,0,4,221,29064905
201803,36,029,1,2,Erie County                   ,77,77,21121235,1,2,140000,0,0,0,1,30,6764618,72,72,20129935,1,2,140000,0,0,0,0,0,0
201803,36,047,1,2,Kings County                  ,7,7,1874862,5,10,1350368,4,14,1701504,32,1142,150190594,7,7,1874862,5,10,1350368,4,14,1701504,32,1142,150190594
201803,36,051,1,2,Livingston County             ,3,3,395615,0,0,0,0,0,0,10,71,5592786,0,0,0,0,0,0,0,0,0,7,56,4816000
201803,36,055,1,2,Monroe County                 ,58,58,14733810,3,6,225000,0,0,0,1,7,187359,41,41,10199219,3,6,225000,0,0,0,0,0,0
201803,36,059,1,2,Nassau County                 ,41,41,18987378,0,0,0,0,0,0,0,0,0,12,12,10756350,0,0,0,0,0,0,0,0,0
201803,36,061,1,2,New York County               ,0,0,0,1,2,270074,0,0,0,7,934,122835389,0,0,0,1,2,270074,0,0,0,7,934,122835389
201803,36,063,1,2,Niagara County                ,16,16,3892459,0,0,0,0,0,0,0,0,0,12,12,3121286,0,0,0,0,0,0,0,0,0
201803,36,069,1,2,Ontario County                ,24,24,6427434,0,0,0,2,8,402400,2,10,566143,10,10,2470000,0,0,0,0,0,0,0,0,0
201803,36,073,1,2,Orleans County                ,1,1,20000,0,0,0,0,0,0,0,0,0,1,1,20000,0,0,0,0,0,0,0,0,0
201803,36,079,1,2,Putnam County                 ,7,7,1625128,0,0,0,1,3,670449,0,0,0,5,5,1132936,0,0,0,0,0,0,0,0,0
201803,36,081,1,2,Queens County                 ,9,9,2410538,9,18,2430662,6,23,2795328,6,270,35509160,9,9,2410538,9,18,2430662,6,23,2795328,6,270,35509160
201803,36,083,1,2,Rensselaer County             ,8,8,2394800,0,0,0,2,8,777538,1,5,146970,3,3,700000,0,0,0,0,0,0,0,0,0
201803,36,085,1,2,Richmond County               ,9,9,2410538,8,16,2160589,0,0,0,0,0,0,9,9,2410538,8,16,2160589,0,0,0,0,0,0
201803,36,087,1,2,Rockland County               ,9,9,2267081,2,4,658601,1,4,436163,1,10,1160666,7,7,1697000,1,2,400000,0,0,0,0,0,0
201803,36,091,1,2,Saratoga County               ,46,46,13484204,2,4,593418,1,3,390000,3,25,2672406,28,28,8140862,1,2,225000,0,0,0,0,0,0
201803,36,093,1,2,Schenectady County            ,3,3,403022,0,0,0,0,0,0,0,0,0,0,0,0,0,0,0,0,0,0,0,0,0
201803,36,095,1,2,Schoharie County              ,1,1,109000,0,0,0,0,0,0,0,0,0,0,0,0,0,0,0,0,0,0,0,0,0
201803,36,099,1,2,Seneca County                 ,2,2,476000,0,0,0,0,0,0,0,0,0,2,2,476000,0,0,0,0,0,0,0,0,0
201803,36,117,1,2,Wayne County                  ,8,8,1702071,0,0,0,0,0,0,0,0,0,6,6,1329000,0,0,0,0,0,0,0,0,0
201803,36,119,1,2,Westchester County            ,30,30,11235539,2,4,413574,0,0,0,3,62,10112312,23,23,8613225,0,0,0,0,0,0,0,0,0
201803,37,007,3,5,Anson County                  ,4,4,599460,0,0,0,0,0,0,0,0,0,0,0,0,0,0,0,0,0,0,0,0,0
201803,37,011,3,5,Avery County                  ,4,4,4689950,0,0,0,0,0,0,0,0,0,4,4,4689950,0,0,0,0,0,0,0,0,0
201803,37,015,3,5,Bertie County                 ,1,1,22900,0,0,0,0,0,0,0,0,0,1,1,22900,0,0,0,0,0,0,0,0,0
201803,37,025,3,5,Cabarrus County               ,166,166,30657765,0,0,0,0,0,0,0,0,0,166,166,30657765,0,0,0,0,0,0,0,0,0
201803,37,033,3,5,Caswell County                ,3,3,568845,0,0,0,0,0,0,0,0,0,3,3,568845,0,0,0,0,0,0,0,0,0
201803,37,037,3,5,Chatham County                ,55,55,14098603,0,0,0,0,0,0,0,0,0,55,55,14098603,0,0,0,0,0,0,0,0,0
201803,37,051,3,5,Cumberland County             ,48,48,10280061,0,0,0,0,0,0,0,0,0,48,48,10280061,0,0,0,0,0,0,0,0,0
201803,37,053,3,5,Currituck County              ,46,46,10933841,0,0,0,0,0,0,0,0,0,46,46,10933841,0,0,0,0,0,0,0,0,0
201803,37,059,3,5,Davie County                  ,13,13,2623564,0,0,0,0,0,0,0,0,0,0,0,0,0,0,0,0,0,0,0,0,0
201803,37,063,3,5,Durham County                 ,183,183,34393473,1,2,169897,0,0,0,5,108,9300680,0,0,0,0,0,0,0,0,0,0,0,0
201803,37,069,3,5,Franklin County               ,57,57,8885008,0,0,0,0,0,0,0,0,0,57,57,8885008,0,0,0,0,0,0,0,0,0
201803,37,071,3,5,Gaston County                 ,97,97,27495720,0,0,0,0,0,0,0,0,0,97,97,27495720,0,0,0,0,0,0,0,0,0
201803,37,081,3,5,Guilford County               ,149,149,37741522,0,0,0,0,0,0,0,0,0,149,149,37741522,0,0,0,0,0,0,0,0,0
201803,37,089,3,5,Henderson County              ,53,53,12738971,0,0,0,0,0,0,0,0,0,53,53,12738971,0,0,0,0,0,0,0,0,0
201803,37,093,3,5,Hoke County                   ,23,23,5318656,0,0,0,0,0,0,0,0,0,23,23,5318656,0,0,0,0,0,0,0,0,0
201803,37,097,3,5,Iredell County                ,149,149,39515551,1,2,243514,0,0,0,0,0,0,149,149,39515551,1,2,243514,0,0,0,0,0,0
201803,37,101,3,5,Johnston County               ,255,255,42826184,0,0,0,0,0,0,0,0,0,255,255,42826184,0,0,0,0,0,0,0,0,0
201803,37,105,3,5,Lee County                    ,12,12,2342865,0,0,0,0,0,0,0,0,0,12,12,2342865,0,0,0,0,0,0,0,0,0
201803,37,119,3,5,Mecklenburg County            ,479,479,110766789,2,4,576000,0,0,0,3,364,39209753,479,479,110766789,2,4,576000,0,0,0,3,364,39209753
201803,37,133,3,5,Onslow County                 ,93,93,14980840,0,0,0,0,0,0,0,0,0,93,93,14980840,0,0,0,0,0,0,0,0,0
201803,37,135,3,5,Orange County                 ,64,64,18542183,0,0,0,0,0,0,0,0,0,33,33,8992479,0,0,0,0,0,0,0,0,0
201803,37,145,3,5,Person County                 ,15,15,3010414,0,0,0,0,0,0,0,0,0,15,15,3010414,0,0,0,0,0,0,0,0,0
201803,37,151,3,5,Randolph County               ,17,17,3180384,0,0,0,0,0,0,0,0,0,17,17,3180384,0,0,0,0,0,0,0,0,0
201803,37,157,3,5,Rockingham County             ,20,20,4152852,0,0,0,0,0,0,0,0,0,19,19,3939192,0,0,0,0,0,0,0,0,0
201803,37,179,3,5,Union County                  ,197,197,42713624,0,0,0,0,0,0,0,0,0,197,197,42713624,0,0,0,0,0,0,0,0,0
201803,37,181,3,5,Vance County                  ,0,0,0,0,0,0,0,0,0,0,0,0,0,0,0,0,0,0,0,0,0,0,0,0
201803,37,183,3,5,Wake County                   ,723,723,159620539,1,2,117200,0,0,0,17,353,32527740,717,717,158707957,1,2,117200,0,0,0,17,353,32527740
201803,37,195,3,5,Wilson County                 ,11,11,1964475,0,0,0,0,0,0,0,0,0,11,11,1964475,0,0,0,0,0,0,0,0,0
201803,39,007,2,3,Ashtabula County              ,6,6,1100810,1,2,161044,0,0,0,0,0,0,0,0,0,0,0,0,0,0,0,0,0,0
201803,39,015,2,3,Brown County                  ,13,13,3363155,0,0,0,0,0,0,0,0,0,13,13,3363155,0,0,0,0,0,0,0,0,0
201803,39,017,2,3,Butler County                 ,69,69,14853822,1,2,220000,0,0,0,1,24,2642319,14,14,1927948,1,2,220000,0,0,0,0,0,0
201803,39,025,2,3,Clermont County               ,39,39,7480925,1,2,280000,5,18,866963,5,32,1168794,39,39,7480925,1,2,280000,5,18,866963,5,32,1168794
201803,39,041,2,3,Delaware County               ,120,120,29727308,0,0,0,0,0,0,1,9,680175,96,96,24829581,0,0,0,0,0,0,0,0,0
201803,39,049,2,3,Franklin County               ,108,108,45401288,0,0,0,1,4,180000,3,86,10000000,108,108,45401288,0,0,0,1,4,180000,3,86,10000000
201803,39,055,2,3,Geauga County                 ,9,9,1914001,0,0,0,0,0,0,0,0,0,9,9,1914001,0,0,0,0,0,0,0,0,0
201803,39,085,2,3,Lake County                   ,30,30,7580352,0,0,0,0,0,0,0,0,0,28,28,7247844,0,0,0,0,0,0,0,0,0
201803,39,089,2,3,Licking County                ,28,28,7003288,0,0,0,0,0,0,0,0,0,1,1,258704,0,0,0,0,0,0,0,0,0
201803,39,093,2,3,Lorain County                 ,65,65,16749129,0,0,0,1,4,808000,0,0,0,44,44,12593302,0,0,0,1,4,808000,0,0,0
201803,39,097,2,3,Madison County                ,4,4,845408,0,0,0,0,0,0,0,0,0,2,2,517408,0,0,0,0,0,0,0,0,0
201803,39,103,2,3,Medina County                 ,58,58,14466312,1,2,90000,0,0,0,0,0,0,58,58,14466312,1,2,90000,0,0,0,0,0,0
201803,39,117,2,3,Morrow County                 ,9,9,1512624,0,0,0,0,0,0,0,0,0,9,9,1512624,0,0,0,0,0,0,0,0,0
201803,39,159,2,3,Union County                  ,47,47,12159098,0,0,0,0,0,0,0,0,0,47,47,12159098,0,0,0,0,0,0,0,0,0
201803,39,165,2,3,Warren County                 ,96,96,25920267,0,0,0,1,4,968523,2,16,2649291,83,83,22635471,0,0,0,1,4,968523,2,16,2649291
201803,40,001,3,7,Adair County                  ,0,0,0,0,0,0,0,0,0,0,0,0,0,0,0,0,0,0,0,0,0,0,0,0
201803,40,017,3,7,Canadian County               ,22,22,4968435,3,6,390000,0,0,0,0,0,0,15,15,3364056,3,6,390000,0,0,0,0,0,0
201803,40,021,3,7,Cherokee County               ,5,5,656191,0,0,0,0,0,0,0,0,0,0,0,0,0,0,0,0,0,0,0,0,0
201803,40,027,3,7,Cleveland County              ,51,51,11597629,0,0,0,0,0,0,0,0,0,51,51,11597629,0,0,0,0,0,0,0,0,0
201803,40,029,3,7,Coal County                   ,0,0,0,0,0,0,0,0,0,0,0,0,0,0,0,0,0,0,0,0,0,0,0,0
201803,40,037,3,7,Creek County                  ,6,6,1031246,0,0,0,0,0,0,0,0,0,6,6,1031246,0,0,0,0,0,0,0,0,0
201803,40,051,3,7,Grady County                  ,10,10,2055786,0,0,0,0,0,0,0,0,0,3,3,530000,0,0,0,0,0,0,0,0,0
201803,40,055,3,7,Greer County                  ,0,0,0,0,0,0,0,0,0,0,0,0,0,0,0,0,0,0,0,0,0,0,0,0
201803,40,081,3,7,Lincoln County                ,1,1,231246,0,0,0,0,0,0,0,0,0,1,1,231246,0,0,0,0,0,0,0,0,0
201803,40,083,3,7,Logan County                  ,0,0,0,1,2,100000,0,0,0,0,0,0,0,0,0,1,2,100000,0,0,0,0,0,0
201803,40,087,3,7,McClain County                ,28,28,5164115,0,0,0,0,0,0,0,0,0,22,22,3801560,0,0,0,0,0,0,0,0,0
201803,40,109,3,7,Oklahoma County               ,337,337,78922918,22,44,5805091,0,0,0,0,0,0,326,326,77178217,22,44,5805091,0,0,0,0,0,0
201803,40,111,3,7,Okmulgee County               ,1,1,140000,0,0,0,0,0,0,0,0,0,1,1,140000,0,0,0,0,0,0,0,0,0
201803,40,113,3,7,Osage County                  ,19,19,3482000,0,0,0,0,0,0,0,0,0,19,19,3482000,0,0,0,0,0,0,0,0,0
201803,40,117,3,7,Pawnee County                 ,0,0,0,0,0,0,0,0,0,0,0,0,0,0,0,0,0,0,0,0,0,0,0,0
201803,40,131,3,7,Rogers County                 ,60,60,11405816,0,0,0,0,0,0,0,0,0,59,59,11302483,0,0,0,0,0,0,0,0,0
201803,40,143,3,7,Tulsa County                  ,179,179,41712643,0,0,0,0,0,0,0,0,0,178,178,41649643,0,0,0,0,0,0,0,0,0
201803,40,145,3,7,Wagoner County                ,31,31,6333185,0,0,0,2,8,470000,0,0,0,31,31,6333185,0,0,0,2,8,470000,0,0,0
201803,41,000,4,9,Oregon Balance of State       ,16,16,2369790,0,0,0,0,0,0,0,0,0,0,0,0,0,0,0,0,0,0,0,0,0
201803,41,005,4,9,Clackamas County              ,117,117,35965872,0,0,0,0,0,0,2,30,4603526,105,105,30322367,0,0,0,0,0,0,1,8,1404352
201803,41,017,4,9,Deschutes County              ,120,120,29721800,0,0,0,0,0,0,0,0,0,89,89,22995756,0,0,0,0,0,0,0,0,0
201803,41,019,4,9,Douglas County                ,20,20,5310409,0,0,0,0,0,0,0,0,0,20,20,5310409,0,0,0,0,0,0,0,0,0
201803,41,025,4,9,Harney County                 ,1,1,247078,0,0,0,0,0,0,0,0,0,0,0,0,0,0,0,0,0,0,0,0,0
201803,41,035,4,9,Klamath County                ,13,13,2849740,0,0,0,0,0,0,0,0,0,13,13,2849740,0,0,0,0,0,0,0,0,0
201803,41,051,4,9,Multnomah County              ,92,92,25011800,10,20,3667851,0,0,0,13,677,72486527,92,92,25011800,10,20,3667851,0,0,0,13,677,72486527
201803,41,067,4,9,Washington County             ,89,89,27710228,1,2,319194,1,4,715009,6,79,7557399,86,86,26791591,0,0,0,1,4,715009,6,79,7557399
201803,41,071,4,9,Yamhill County                ,31,31,8245798,1,2,309906,0,0,0,0,0,0,9,9,2668064,1,2,309906,0,0,0,0,0,0
201803,42,001,1,2,Adams County                  ,16,16,3958688,0,0,0,0,0,0,0,0,0,16,16,3958688,0,0,0,0,0,0,0,0,0
201803,42,017,1,2,Bucks County                  ,69,69,15968856,0,0,0,0,0,0,1,12,1439276,40,40,9339634,0,0,0,0,0,0,1,12,1439276
201803,42,029,1,2,Chester County                ,102,102,18060964,0,0,0,0,0,0,0,0,0,90,90,15192968,0,0,0,0,0,0,0,0,0
201803,42,037,1,2,Columbia County               ,4,4,1171669,0,0,0,0,0,0,0,0,0,2,2,687165,0,0,0,0,0,0,0,0,0
201803,42,041,1,2,Cumberland County             ,82,82,14252331,0,0,0,0,0,0,3,19,2672515,61,61,10442751,0,0,0,0,0,0,3,19,2672515
201803,42,043,1,2,Dauphin County                ,35,35,7736190,0,0,0,0,0,0,1,5,1197320,24,24,5578026,0,0,0,0,0,0,1,5,1197320
201803,42,045,1,2,Delaware County               ,36,36,8266980,0,0,0,2,8,180000,0,0,0,12,12,1491465,0,0,0,2,8,180000,0,0,0
201803,42,055,1,2,Franklin County               ,50,50,9191599,0,0,0,0,0,0,1,5,487529,37,37,6908838,0,0,0,0,0,0,0,0,0
201803,42,065,1,2,Jefferson County              ,0,0,0,0,0,0,0,0,0,0,0,0,0,0,0,0,0,0,0,0,0,0,0,0
201803,42,091,1,2,Montgomery County             ,93,93,19469093,0,0,0,1,4,443450,4,263,47412624,77,77,15294412,0,0,0,1,4,443450,3,252,44968180
201803,42,093,1,2,Montour County                ,2,2,577788,0,0,0,0,0,0,1,5,674635,1,1,316033,0,0,0,0,0,0,0,0,0
201803,42,099,1,2,Perry County                  ,8,8,2027168,0,0,0,0,0,0,0,0,0,0,0,0,0,0,0,0,0,0,0,0,0
201803,42,101,1,2,Philadelphia County           ,48,48,12856200,7,14,5497320,12,38,3915800,15,169,29515000,48,48,12856200,7,14,5497320,12,38,3915800,15,169,29515000
201803,42,103,1,2,Pike County                   ,8,8,1833511,0,0,0,0,0,0,0,0,0,6,6,1310000,0,0,0,0,0,0,0,0,0
201803,44,001,1,1,Bristol County                ,3,3,681289,1,2,318000,0,0,0,0,0,0,1,1,150000,1,2,318000,0,0,0,0,0,0
201803,44,003,1,1,Kent County                   ,23,23,3580593,1,2,240915,1,3,426950,0,0,0,20,20,3088117,1,2,240915,1,3,426950,0,0,0
201803,44,005,1,1,Newport County                ,14,14,3192462,0,0,0,0,0,0,0,0,0,12,12,2784050,0,0,0,0,0,0,0,0,0
201803,44,007,1,1,Providence County             ,18,18,2570559,1,2,339710,0,0,0,1,17,1800000,8,8,1342578,1,2,339710,0,0,0,1,17,1800000
201803,44,009,1,1,Washington County             ,27,27,7574984,0,0,0,0,0,0,1,7,123958,17,17,4029470,0,0,0,0,0,0,0,0,0
201803,45,003,3,5,Aiken County                  ,80,80,17699186,0,0,0,0,0,0,0,0,0,80,80,17699186,0,0,0,0,0,0,0,0,0
201803,45,009,3,5,Bamberg County                ,0,0,0,0,0,0,0,0,0,0,0,0,0,0,0,0,0,0,0,0,0,0,0,0
201803,45,015,3,5,Berkeley County               ,149,149,41179640,0,0,0,0,0,0,1,41,967275,26,26,8292364,0,0,0,0,0,0,0,0,0
201803,45,017,3,5,Calhoun County                ,5,5,584479,0,0,0,0,0,0,0,0,0,5,5,584479,0,0,0,0,0,0,0,0,0
201803,45,019,3,5,Charleston County             ,267,267,72839302,1,2,340186,0,0,0,4,112,8541993,42,42,20832077,0,0,0,0,0,0,0,0,0
201803,45,035,3,5,Dorchester County             ,49,49,14369792,0,0,0,0,0,0,0,0,0,49,49,14369792,0,0,0,0,0,0,0,0,0
201803,45,037,3,5,Edgefield County              ,13,13,2958450,0,0,0,0,0,0,0,0,0,13,13,2958450,0,0,0,0,0,0,0,0,0
201803,45,039,3,5,Fairfield County              ,5,5,1051548,0,0,0,0,0,0,0,0,0,0,0,0,0,0,0,0,0,0,0,0,0
201803,45,045,3,5,Greenville County             ,359,359,175304868,0,0,0,0,0,0,0,0,0,323,323,169778646,0,0,0,0,0,0,0,0,0
201803,45,051,3,5,Horry County                  ,347,347,63406414,0,0,0,1,3,146250,17,293,22165531,282,282,51364622,0,0,0,0,0,0,17,293,22165531
201803,45,055,3,5,Kershaw County                ,31,31,4887553,0,0,0,0,0,0,0,0,0,31,31,4887553,0,0,0,0,0,0,0,0,0
201803,45,059,3,5,Laurens County                ,13,13,2094979,0,0,0,0,0,0,0,0,0,12,12,1987703,0,0,0,0,0,0,0,0,0
201803,45,063,3,5,Lexington County              ,174,174,45049465,0,0,0,0,0,0,1,20,1957343,21,21,5255831,0,0,0,0,0,0,0,0,0
201803,45,077,3,5,Pickens County                ,47,47,16382550,0,0,0,0,0,0,1,34,4473466,37,37,14732131,0,0,0,0,0,0,0,0,0
201803,45,079,3,5,Richland County               ,183,183,25090408,0,0,0,0,0,0,2,34,1919054,2,2,286000,0,0,0,0,0,0,0,0,0
201803,45,081,3,5,Saluda County                 ,4,4,858847,0,0,0,0,0,0,0,0,0,0,0,0,0,0,0,0,0,0,0,0,0
201803,45,085,3,5,Sumter County                 ,26,26,3801984,0,0,0,0,0,0,0,0,0,0,0,0,0,0,0,0,0,0,0,0,0
201803,45,091,3,5,York County                   ,218,218,70540556,0,0,0,0,0,0,2,39,4105756,46,46,14425705,0,0,0,0,0,0,0,0,0
201803,46,007,2,4,Bennett County                ,0,0,0,0,0,0,0,0,0,0,0,0,0,0,0,0,0,0,0,0,0,0,0,0
201803,46,055,2,4,Haakon County                 ,0,0,0,0,0,0,0,0,0,0,0,0,0,0,0,0,0,0,0,0,0,0,0,0
201803,46,071,2,4,Jackson County                ,0,0,0,1,2,242296,0,0,0,0,0,0,0,0,0,1,2,242296,0,0,0,0,0,0
201803,46,111,2,4,Sanborn County                ,0,0,0,0,0,0,0,0,0,0,0,0,0,0,0,0,0,0,0,0,0,0,0,0
201803,47,001,3,6,Anderson County               ,16,16,2933474,0,0,0,0,0,0,0,0,0,15,15,2491807,0,0,0,0,0,0,0,0,0
201803,47,015,3,6,Cannon County                 ,1,1,126190,0,0,0,0,0,0,0,0,0,0,0,0,0,0,0,0,0,0,0,0,0
201803,47,021,3,6,Cheatham County               ,15,15,2992246,0,0,0,0,0,0,0,0,0,15,15,2992246,0,0,0,0,0,0,0,0,0
201803,47,037,3,6,Davidson County               ,272,272,64544762,0,0,0,0,0,0,4,241,25960303,272,272,64544762,0,0,0,0,0,0,4,241,25960303
201803,47,043,3,6,Dickson County                ,28,28,5286738,0,0,0,0,0,0,0,0,0,10,10,1887783,0,0,0,0,0,0,0,0,0
201803,47,049,3,6,Fentress County               ,0,0,0,0,0,0,0,0,0,0,0,0,0,0,0,0,0,0,0,0,0,0,0,0
201803,47,081,3,6,Hickman County                ,7,7,1128594,0,0,0,0,0,0,0,0,0,1,1,50000,0,0,0,0,0,0,0,0,0
201803,47,093,3,6,Knox County                   ,156,156,32557039,0,0,0,0,0,0,0,0,0,40,40,9264447,0,0,0,0,0,0,0,0,0
201803,47,105,3,6,Loudon County                 ,45,45,9480467,0,0,0,0,0,0,0,0,0,40,40,8620313,0,0,0,0,0,0,0,0,0
201803,47,125,3,6,Montgomery County             ,167,167,24868425,0,0,0,2,8,400000,0,0,0,167,167,24868425,0,0,0,2,8,400000,0,0,0
201803,47,139,3,6,Polk County                   ,17,17,3062109,0,0,0,0,0,0,0,0,0,0,0,0,0,0,0,0,0,0,0,0,0
201803,47,149,3,6,Rutherford County             ,313,313,69823929,0,0,0,0,0,0,1,5,464943,268,268,63329382,0,0,0,0,0,0,0,0,0
201803,47,153,3,6,Sequatchie County             ,0,0,0,0,0,0,0,0,0,0,0,0,0,0,0,0,0,0,0,0,0,0,0,0
201803,47,157,3,6,Shelby County                 ,77,77,19080018,0,0,0,0,0,0,0,0,0,77,77,19080018,0,0,0,0,0,0,0,0,0
201803,47,159,3,6,Smith County                  ,5,5,879857,0,0,0,0,0,0,0,0,0,4,4,652000,0,0,0,0,0,0,0,0,0
201803,47,161,3,6,Stewart County                ,1,1,113000,0,0,0,0,0,0,0,0,0,0,0,0,0,0,0,0,0,0,0,0,0
201803,47,165,3,6,Sumner County                 ,99,99,25427044,0,0,0,0,0,0,0,0,0,93,93,24331725,0,0,0,0,0,0,0,0,0
201803,47,167,3,6,Tipton County                 ,10,10,1421167,0,0,0,0,0,0,0,0,0,4,4,628563,0,0,0,0,0,0,0,0,0
201803,47,169,3,6,Trousdale County              ,5,5,878000,0,0,0,2,8,462000,0,0,0,5,5,878000,0,0,0,2,8,462000,0,0,0
201803,47,173,3,6,Union County                  ,13,13,1970000,0,0,0,0,0,0,0,0,0,13,13,1970000,0,0,0,0,0,0,0,0,0
201803,47,175,3,6,Van Buren County              ,0,0,0,0,0,0,0,0,0,0,0,0,0,0,0,0,0,0,0,0,0,0,0,0
201803,47,189,3,6,Wilson County                 ,119,119,34423640,0,0,0,0,0,0,1,9,981088,75,75,21699621,0,0,0,0,0,0,0,0,0
201803,48,013,3,7,Atascosa County               ,1,1,172249,0,0,0,0,0,0,0,0,0,0,0,0,0,0,0,0,0,0,0,0,0
201803,48,015,3,7,Austin County                 ,2,2,385482,0,0,0,0,0,0,0,0,0,0,0,0,0,0,0,0,0,0,0,0,0
201803,48,019,3,7,Bandera County                ,0,0,0,0,0,0,0,0,0,0,0,0,0,0,0,0,0,0,0,0,0,0,0,0
201803,48,021,3,7,Bastrop County                ,11,11,1341631,1,2,174000,0,0,0,0,0,0,4,4,372675,0,0,0,0,0,0,0,0,0
201803,48,025,3,7,Bee County                    ,1,1,50000,0,0,0,0,0,0,0,0,0,1,1,50000,0,0,0,0,0,0,0,0,0
201803,48,027,3,7,Bell County                   ,182,182,35699469,5,10,805700,0,0,0,1,5,396770,179,179,35257209,5,10,805700,0,0,0,0,0,0
201803,48,029,3,7,Bexar County                  ,429,429,85588611,11,22,705600,0,0,0,5,25,3403925,383,383,79588521,11,22,705600,0,0,0,3,15,1272933
201803,48,051,3,7,Burleson County               ,1,1,215000,0,0,0,0,0,0,0,0,0,1,1,215000,0,0,0,0,0,0,0,0,0
201803,48,055,3,7,Caldwell County               ,32,32,5422032,1,2,116640,0,0,0,0,0,0,2,2,261000,0,0,0,0,0,0,0,0,0
201803,48,085,3,7,Collin County                 ,751,751,227165096,0,0,0,0,0,0,1,5,749903,637,637,180950164,0,0,0,0,0,0,0,0,0
201803,48,091,3,7,Comal County                  ,220,220,47918288,0,0,0,0,0,0,0,0,0,220,220,47918288,0,0,0,0,0,0,0,0,0
201803,48,099,3,7,Coryell County                ,14,14,2000475,0,0,0,0,0,0,0,0,0,0,0,0,0,0,0,0,0,0,0,0,0
201803,48,107,3,7,Crosby County                 ,1,1,67000,0,0,0,0,0,0,0,0,0,0,0,0,0,0,0,0,0,0,0,0,0
201803,48,113,3,7,Dallas County                 ,486,486,143835531,9,18,1954267,8,30,5111488,41,1214,131315207,481,481,139818001,9,18,1954267,7,27,3295631,40,1148,124538932
201803,48,119,3,7,Delta County                  ,2,2,462492,0,0,0,0,0,0,0,0,0,2,2,462492,0,0,0,0,0,0,0,0,0
201803,48,135,3,7,Ector County                  ,46,46,8795330,0,0,0,0,0,0,0,0,0,0,0,0,0,0,0,0,0,0,0,0,0
201803,48,139,3,7,Ellis County                  ,175,175,40143048,2,4,406560,0,0,0,0,0,0,124,124,30324896,2,4,406560,0,0,0,0,0,0
201803,48,141,3,7,El Paso County                ,229,229,56484478,4,8,783784,2,8,724491,7,55,7819506,0,0,0,0,0,0,0,0,0,0,0,0
201803,48,157,3,7,Fort Bend County              ,1048,1048,138690324,2,4,917535,0,0,0,3,39,3458578,156,156,44252279,2,4,917535,0,0,0,0,0,0
201803,48,167,3,7,Galveston County              ,192,192,48987793,0,0,0,0,0,0,0,0,0,167,167,42472139,0,0,0,0,0,0,0,0,0
201803,48,185,3,7,Grimes County                 ,3,3,350556,0,0,0,0,0,0,0,0,0,3,3,350556,0,0,0,0,0,0,0,0,0
201803,48,187,3,7,Guadalupe County              ,77,77,18641758,4,8,890516,0,0,0,0,0,0,77,77,18641758,4,8,890516,0,0,0,0,0,0
201803,48,193,3,7,Hamilton County               ,1,1,80000,0,0,0,0,0,0,0,0,0,0,0,0,0,0,0,0,0,0,0,0,0
201803,48,195,3,7,Hansford County               ,0,0,0,0,0,0,0,0,0,0,0,0,0,0,0,0,0,0,0,0,0,0,0,0
201803,48,201,3,7,Harris County                 ,1570,1570,314507312,6,12,1042361,2,8,491668,7,568,96286948,1551,1551,302529627,4,8,780088,0,0,0,7,568,96286948
201803,48,211,3,7,Hemphill County               ,0,0,0,0,0,0,0,0,0,0,0,0,0,0,0,0,0,0,0,0,0,0,0,0
201803,48,215,3,7,Hidalgo County                ,246,246,43115414,5,10,624031,14,56,3848556,1,42,3286719,160,160,29024630,2,4,280968,8,32,2386282,0,0,0
201803,48,233,3,7,Hutchinson County             ,0,0,0,0,0,0,0,0,0,0,0,0,0,0,0,0,0,0,0,0,0,0,0,0
201803,48,251,3,7,Johnson County                ,53,53,13260153,1,2,350000,0,0,0,0,0,0,53,53,13260153,1,2,350000,0,0,0,0,0,0
201803,48,257,3,7,Kaufman County                ,46,46,10504767,1,2,80000,0,0,0,0,0,0,41,41,9671758,0,0,0,0,0,0,0,0,0
201803,48,259,3,7,Kendall County                ,32,32,8033180,0,0,0,0,0,0,0,0,0,32,32,8033180,0,0,0,0,0,0,0,0,0
201803,48,271,3,7,Kinney County                 ,0,0,0,0,0,0,0,0,0,0,0,0,0,0,0,0,0,0,0,0,0,0,0,0
201803,48,281,3,7,Lampasas County               ,4,4,540082,0,0,0,0,0,0,0,0,0,0,0,0,0,0,0,0,0,0,0,0,0
201803,48,291,3,7,Liberty County                ,60,60,9013098,0,0,0,0,0,0,0,0,0,13,13,2187970,0,0,0,0,0,0,0,0,0
201803,48,303,3,7,Lubbock County                ,131,131,29834052,4,8,978979,1,4,535500,6,88,10083111,6,6,1177000,0,0,0,0,0,0,0,0,0
201803,48,323,3,7,Maverick County               ,6,6,1421635,0,0,0,0,0,0,0,0,0,6,6,1421635,0,0,0,0,0,0,0,0,0
201803,48,325,3,7,Medina County                 ,0,0,0,0,0,0,0,0,0,0,0,0,0,0,0,0,0,0,0,0,0,0,0,0
201803,48,329,3,7,Midland County                ,123,123,24057533,0,0,0,0,0,0,0,0,0,123,123,24057533,0,0,0,0,0,0,0,0,0
201803,48,339,3,7,Montgomery County             ,709,709,143275248,0,0,0,0,0,0,0,0,0,700,700,141748786,0,0,0,0,0,0,0,0,0
201803,48,367,3,7,Parker County                 ,32,32,6477468,0,0,0,0,0,0,13,293,25598435,30,30,6126098,0,0,0,0,0,0,12,288,25072065
201803,48,375,3,7,Potter County                 ,42,42,10852210,0,0,0,0,0,0,0,0,0,42,42,10852210,0,0,0,0,0,0,0,0,0
201803,48,383,3,7,Reagan County                 ,0,0,0,0,0,0,0,0,0,0,0,0,0,0,0,0,0,0,0,0,0,0,0,0
201803,48,385,3,7,Real County                   ,0,0,0,0,0,0,0,0,0,0,0,0,0,0,0,0,0,0,0,0,0,0,0,0
201803,48,395,3,7,Robertson County              ,10,10,2312459,0,0,0,0,0,0,0,0,0,10,10,2312459,0,0,0,0,0,0,0,0,0
201803,48,397,3,7,Rockwall County               ,85,85,26203782,0,0,0,0,0,0,0,0,0,66,66,22369396,0,0,0,0,0,0,0,0,0
201803,48,407,3,7,San Jacinto County            ,31,31,7168623,0,0,0,0,0,0,0,0,0,31,31,7168623,0,0,0,0,0,0,0,0,0
201803,48,411,3,7,San Saba County               ,0,0,0,0,0,0,0,0,0,0,0,0,0,0,0,0,0,0,0,0,0,0,0,0
201803,48,451,3,7,Tom Green County              ,20,20,3185099,0,0,0,0,0,0,0,0,0,20,20,3185099,0,0,0,0,0,0,0,0,0
201803,48,453,3,7,Travis County                 ,798,798,183676656,1,2,260000,0,0,0,39,1156,105438566,764,764,172964147,1,2,260000,0,0,0,39,1156,105438566
201803,48,473,3,7,Waller County                 ,1,1,225000,0,0,0,0,0,0,1,5,110903,1,1,225000,0,0,0,0,0,0,0,0,0
201803,48,491,3,7,Williamson County             ,399,399,106303181,0,0,0,0,0,0,0,0,0,383,383,103228918,0,0,0,0,0,0,0,0,0
201803,48,493,3,7,Wilson County                 ,6,6,1215201,0,0,0,0,0,0,0,0,0,1,1,194226,0,0,0,0,0,0,0,0,0
201803,48,497,3,7,Wise County                   ,4,4,720830,0,0,0,0,0,0,0,0,0,1,1,111000,0,0,0,0,0,0,0,0,0
201803,49,011,4,8,Davis County                  ,121,121,30513035,2,4,590000,4,16,2172000,0,0,0,117,117,28829397,2,4,590000,4,16,2172000,0,0,0
201803,49,023,4,8,Juab County                   ,8,8,2255415,0,0,0,0,0,0,0,0,0,7,7,1981883,0,0,0,0,0,0,0,0,0
201803,49,029,4,8,Morgan County                 ,4,4,2006758,0,0,0,0,0,0,0,0,0,3,3,1701822,0,0,0,0,0,0,0,0,0
201803,49,035,4,8,Salt Lake County              ,428,428,107215002,3,6,1101734,6,20,2935324,14,475,57977152,197,197,51334479,2,4,810000,3,10,1969822,7,82,12560738
201803,49,039,4,8,Sanpete County                ,4,4,1107725,0,0,0,0,0,0,0,0,0,4,4,1107725,0,0,0,0,0,0,0,0,0
201803,49,043,4,8,Summit County                 ,24,24,9375314,0,0,0,0,0,0,1,5,854284,13,13,4574521,0,0,0,0,0,0,0,0,0
201803,49,057,4,8,Weber County                  ,92,92,23964377,0,0,0,1,4,637965,2,10,1598171,82,82,21155150,0,0,0,0,0,0,1,5,798568
201803,51,003,3,5,Albemarle County              ,54,54,17415137,0,0,0,0,0,0,2,15,1544519,0,0,0,0,0,0,0,0,0,0,0,0
201803,51,007,3,5,Amelia County                 ,4,4,904770,0,0,0,0,0,0,0,0,0,4,4,904770,0,0,0,0,0,0,0,0,0
201803,51,009,3,5,Amherst County                ,5,5,925608,0,0,0,0,0,0,0,0,0,0,0,0,0,0,0,0,0,0,0,0,0
201803,51,013,3,5,Arlington County              ,35,35,9582472,2,4,970833,0,0,0,1,125,20147652,0,0,0,0,0,0,0,0,0,0,0,0
201803,51,015,3,5,Augusta County                ,16,16,2553510,0,0,0,0,0,0,0,0,0,16,16,2553510,0,0,0,0,0,0,0,0,0
201803,51,019,3,5,Bedford County                ,4,4,1068000,0,0,0,0,0,0,1,5,300000,4,4,1068000,0,0,0,0,0,0,1,5,300000
201803,51,033,3,5,Caroline County               ,13,13,3664289,0,0,0,0,0,0,0,0,0,13,13,3664289,0,0,0,0,0,0,0,0,0
201803,51,036,3,5,Charles City County           ,1,1,244600,0,0,0,0,0,0,0,0,0,1,1,244600,0,0,0,0,0,0,0,0,0
201803,51,037,3,5,Charlotte County              ,2,2,401000,0,0,0,0,0,0,0,0,0,2,2,401000,0,0,0,0,0,0,0,0,0
201803,51,041,3,5,Chesterfield County           ,132,132,25637844,0,0,0,3,11,1230340,4,23,1951830,132,132,25637844,0,0,0,3,11,1230340,4,23,1951830
201803,51,043,3,5,Clarke County                 ,6,6,1947154,0,0,0,0,0,0,0,0,0,6,6,1947154,0,0,0,0,0,0,0,0,0
201803,51,049,3,5,Cumberland County             ,2,2,233000,0,0,0,0,0,0,0,0,0,2,2,233000,0,0,0,0,0,0,0,0,0
201803,51,051,3,5,Dickenson County              ,0,0,0,0,0,0,0,0,0,0,0,0,0,0,0,0,0,0,0,0,0,0,0,0
201803,51,053,3,5,Dinwiddie County              ,6,6,114424,0,0,0,0,0,0,0,0,0,0,0,0,0,0,0,0,0,0,0,0,0
201803,51,059,3,5,Fairfax County                ,92,92,21274623,0,0,0,0,0,0,2,28,3935200,92,92,21274623,0,0,0,0,0,0,2,28,3935200
201803,51,061,3,5,Fauquier County               ,38,38,13287372,0,0,0,0,0,0,0,0,0,38,38,13287372,0,0,0,0,0,0,0,0,0
201803,51,069,3,5,Frederick County              ,44,44,10356448,0,0,0,0,0,0,1,5,637000,44,44,10356448,0,0,0,0,0,0,1,5,637000
201803,51,073,3,5,Gloucester County             ,17,17,3433842,0,0,0,1,3,248724,0,0,0,0,0,0,0,0,0,0,0,0,0,0,0
201803,51,075,3,5,Goochland County              ,25,25,7292232,0,0,0,0,0,0,0,0,0,25,25,7292232,0,0,0,0,0,0,0,0,0
201803,51,085,3,5,Hanover County                ,32,32,7952992,0,0,0,0,0,0,0,0,0,32,32,7952992,0,0,0,0,0,0,0,0,0
201803,51,087,3,5,Henrico County                ,121,121,19121895,0,0,0,0,0,0,0,0,0,121,121,19121895,0,0,0,0,0,0,0,0,0
201803,51,093,3,5,Isle of Wight County          ,17,17,3361484,0,0,0,0,0,0,0,0,0,0,0,0,0,0,0,0,0,0,0,0,0
201803,51,095,3,5,James City County             ,38,38,9686165,0,0,0,0,0,0,1,10,766000,38,38,9686165,0,0,0,0,0,0,1,10,766000
201803,51,097,3,5,King and Queen County         ,0,0,0,0,0,0,0,0,0,0,0,0,0,0,0,0,0,0,0,0,0,0,0,0
201803,51,099,3,5,King George County            ,10,10,2376316,0,0,0,0,0,0,0,0,0,0,0,0,0,0,0,0,0,0,0,0,0
201803,51,107,3,5,Loudoun County                ,300,300,69373772,0,0,0,0,0,0,2,36,3877888,300,300,69373772,0,0,0,0,0,0,2,36,3877888
201803,51,109,3,5,Louisa County                 ,26,26,4929170,0,0,0,0,0,0,0,0,0,0,0,0,0,0,0,0,0,0,0,0,0
201803,51,115,3,5,Mathews County                ,2,2,434996,0,0,0,0,0,0,0,0,0,2,2,434996,0,0,0,0,0,0,0,0,0
201803,51,127,3,5,New Kent County               ,21,21,4856164,0,0,0,0,0,0,0,0,0,21,21,4856164,0,0,0,0,0,0,0,0,0
201803,51,139,3,5,Page County                   ,3,3,388878,0,0,0,0,0,0,0,0,0,3,3,388878,0,0,0,0,0,0,0,0,0
201803,51,145,3,5,Powhatan County               ,24,24,5102197,0,0,0,0,0,0,0,0,0,24,24,5102197,0,0,0,0,0,0,0,0,0
201803,51,149,3,5,Prince George County          ,13,13,2107150,0,0,0,0,0,0,0,0,0,13,13,2107150,0,0,0,0,0,0,0,0,0
201803,51,153,3,5,Prince William County         ,126,126,22937068,0,0,0,0,0,0,3,58,5634183,0,0,0,0,0,0,0,0,0,0,0,0
201803,51,165,3,5,Rockingham County             ,48,48,14058000,0,0,0,0,0,0,0,0,0,48,48,14058000,0,0,0,0,0,0,0,0,0
201803,51,175,3,5,Southampton County            ,4,4,589186,0,0,0,0,0,0,0,0,0,0,0,0,0,0,0,0,0,0,0,0,0
201803,51,177,3,5,Spotsylvania County           ,65,65,17474285,0,0,0,0,0,0,0,0,0,65,65,17474285,0,0,0,0,0,0,0,0,0
201803,51,179,3,5,Stafford County               ,74,74,17626256,0,0,0,0,0,0,0,0,0,74,74,17626256,0,0,0,0,0,0,0,0,0
201803,51,181,3,5,Surry County                  ,1,1,300000,0,0,0,0,0,0,0,0,0,1,1,300000,0,0,0,0,0,0,0,0,0
201803,51,183,3,5,Sussex County                 ,2,2,458922,0,0,0,0,0,0,0,0,0,2,2,458922,0,0,0,0,0,0,0,0,0
201803,51,187,3,5,Warren County                 ,15,15,3948456,0,0,0,0,0,0,0,0,0,15,15,3948456,0,0,0,0,0,0,0,0,0
201803,51,199,3,5,York County                   ,22,22,3150224,0,0,0,0,0,0,0,0,0,22,22,3150224,0,0,0,0,0,0,0,0,0
201803,51,510,3,5,Alexandria (Independent City) ,8,8,3138000,0,0,0,0,0,0,0,0,0,8,8,3138000,0,0,0,0,0,0,0,0,0
201803,51,540,3,5,Charlottesville (Independent C,8,8,1796317,0,0,0,0,0,0,1,9,1330702,0,0,0,0,0,0,0,0,0,0,0,0
201803,51,550,3,5,Chesapeake(Independent City)  ,103,103,31733500,0,0,0,0,0,0,4,113,84560378,103,103,31733500,0,0,0,0,0,0,4,113,84560378
201803,51,570,3,5,Colonial Heights (Independent ,3,3,289800,0,0,0,0,0,0,0,0,0,3,3,289800,0,0,0,0,0,0,0,0,0
201803,51,580,3,5,Covington (Independent City)  ,1,1,99999,0,0,0,0,0,0,0,0,0,1,1,99999,0,0,0,0,0,0,0,0,0
201803,51,600,3,5,Fairfax (Independent City)    ,1,1,300000,0,0,0,0,0,0,0,0,0,1,1,300000,0,0,0,0,0,0,0,0,0
201803,51,610,3,5,Falls Church (Independent City,14,14,7030000,0,0,0,0,0,0,0,0,0,14,14,7030000,0,0,0,0,0,0,0,0,0
201803,51,630,3,5,Fredericksburg(Independent Cit,7,7,1582300,0,0,0,0,0,0,1,10,703471,0,0,0,0,0,0,0,0,0,0,0,0
201803,51,650,3,5,Hampton (Independent City)    ,15,15,927552,0,0,0,0,0,0,0,0,0,0,0,0,0,0,0,0,0,0,0,0,0
201803,51,660,3,5,Harrisonburg (Independent City,10,10,1843000,0,0,0,0,0,0,0,0,0,10,10,1843000,0,0,0,0,0,0,0,0,0
201803,51,670,3,5,Hopewell (Independent City)   ,5,5,453184,0,0,0,0,0,0,0,0,0,0,0,0,0,0,0,0,0,0,0,0,0
201803,51,680,3,5,Lynchburg (Independent City)  ,7,7,2294701,0,0,0,0,0,0,0,0,0,7,7,2294701,0,0,0,0,0,0,0,0,0
201803,51,683,3,5,Manassas (Independent City)   ,15,15,2114067,0,0,0,0,0,0,0,0,0,0,0,0,0,0,0,0,0,0,0,0,0
201803,51,685,3,5,Manassas Park (Independent Cit,0,0,0,0,0,0,0,0,0,0,0,0,0,0,0,0,0,0,0,0,0,0,0,0
201803,51,700,3,5,Newport News (Independent City,6,6,1245380,0,0,0,0,0,0,0,0,0,6,6,1245380,0,0,0,0,0,0,0,0,0
201803,51,710,3,5,Norfolk (Independent City)    ,61,61,14106000,0,0,0,0,0,0,0,0,0,61,61,14106000,0,0,0,0,0,0,0,0,0
201803,51,730,3,5,Petersburg (Independent City) ,0,0,0,0,0,0,0,0,0,0,0,0,0,0,0,0,0,0,0,0,0,0,0,0
201803,51,735,3,5,Poquoson (Independent City)   ,0,0,0,0,0,0,0,0,0,0,0,0,0,0,0,0,0,0,0,0,0,0,0,0
201803,51,740,3,5,Portsmouth (Independent City) ,18,18,2309380,0,0,0,0,0,0,0,0,0,18,18,2309380,0,0,0,0,0,0,0,0,0
201803,51,760,3,5,Richmond (Independent City)   ,15,15,3468689,0,0,0,0,0,0,1,237,18171692,15,15,3468689,0,0,0,0,0,0,1,237,18171692
201803,51,800,3,5,Suffolk (Independent City)    ,44,44,10174820,0,0,0,0,0,0,0,0,0,44,44,10174820,0,0,0,0,0,0,0,0,0
201803,51,810,3,5,Virginia Beach (Independent Ci,44,44,9545140,0,0,0,0,0,0,0,0,0,44,44,9545140,0,0,0,0,0,0,0,0,0
201803,51,830,3,5,Williamsburg (Independent City,5,5,1138175,0,0,0,0,0,0,0,0,0,5,5,1138175,0,0,0,0,0,0,0,0,0
201803,53,005,4,9,Benton County                 ,114,114,34521900,0,0,0,0,0,0,1,26,2448540,55,55,16160637,0,0,0,0,0,0,0,0,0
201803,53,011,4,9,Clark County                  ,266,266,72497451,1,2,77228,0,0,0,3,52,4249823,76,76,14875662,1,2,77228,0,0,0,1,24,1311728
201803,53,021,4,9,Franklin County               ,52,52,13616406,2,4,675589,0,0,0,0,0,0,8,8,2833043,0,0,0,0,0,0,0,0,0
201803,53,031,4,9,Jefferson County              ,13,13,2888925,0,0,0,0,0,0,0,0,0,13,13,2888925,0,0,0,0,0,0,0,0,0
201803,53,033,4,9,King County                   ,448,448,172717025,19,38,8766632,13,41,7100401,21,1886,263890681,341,341,127273158,18,36,8137132,13,41,7100401,17,1760,248768326
201803,53,035,4,9,Kitsap County                 ,91,91,28170565,1,2,279125,0,0,0,0,0,0,91,91,28170565,1,2,279125,0,0,0,0,0,0
201803,53,053,4,9,Pierce County                 ,255,255,75467200,3,6,1140092,6,24,3990152,2,21,2443843,250,250,73886281,3,6,1140092,6,24,3990152,2,21,2443843
201803,53,055,4,9,San Juan County               ,13,13,2907700,0,0,0,0,0,0,0,0,0,0,0,0,0,0,0,0,0,0,0,0,0
201803,53,059,4,9,Skamania County               ,2,2,476073,0,0,0,0,0,0,0,0,0,2,2,476073,0,0,0,0,0,0,0,0,0
201803,53,061,4,9,Snohomish County              ,174,174,51051221,6,12,2698763,1,3,538207,4,70,3433256,135,135,39971238,5,10,2253488,1,3,538207,3,65,2814748
201803,54,011,3,5,Cabell County                 ,6,6,1282012,1,2,146000,0,0,0,0,0,0,1,1,75000,0,0,0,0,0,0,0,0,0
201803,54,015,3,5,Clay County                   ,0,0,0,0,0,0,0,0,0,0,0,0,0,0,0,0,0,0,0,0,0,0,0,0
201803,54,019,3,5,Fayette County                ,3,3,325680,0,0,0,0,0,0,0,0,0,0,0,0,0,0,0,0,0,0,0,0,0
201803,54,037,3,5,Jefferson County              ,17,17,4866890,0,0,0,0,0,0,0,0,0,17,17,4866890,0,0,0,0,0,0,0,0,0
201803,54,081,3,5,Raleigh County                ,0,0,0,0,0,0,0,0,0,0,0,0,0,0,0,0,0,0,0,0,0,0,0,0
201803,55,025,2,3,Dane County                   ,121,121,39796534,3,6,943462,2,6,768765,4,155,25652630,103,103,34344888,1,2,305000,0,0,0,2,112,22463800
201803,55,031,2,3,Douglas County                ,6,6,1251632,0,0,0,0,0,0,0,0,0,6,6,1251632,0,0,0,0,0,0,0,0,0
201803,55,037,2,3,Florence County               ,3,3,348600,0,0,0,0,0,0,0,0,0,3,3,348600,0,0,0,0,0,0,0,0,0
201803,55,049,2,3,Iowa County                   ,8,8,1865000,0,0,0,0,0,0,0,0,0,8,8,1865000,0,0,0,0,0,0,0,0,0
201803,55,059,2,3,Kenosha County                ,15,15,4228010,0,0,0,0,0,0,1,28,997912,12,12,3500511,0,0,0,0,0,0,0,0,0
201803,55,079,2,3,Milwaukee County              ,4,4,1213344,1,2,402000,0,0,0,0,0,0,4,4,1213344,1,2,402000,0,0,0,0,0,0
201803,55,089,2,3,Ozaukee County                ,19,19,7000929,0,0,0,0,0,0,1,6,453333,9,9,2545644,0,0,0,0,0,0,0,0,0
201803,55,093,2,3,Pierce County                 ,12,12,4416000,0,0,0,0,0,0,0,0,0,11,11,4211000,0,0,0,0,0,0,0,0,0
201803,55,109,2,3,St. Croix County              ,42,42,9784974,3,6,857000,0,0,0,0,0,0,39,39,8877167,3,6,857000,0,0,0,0,0,0
201803,55,131,2,3,Washington County             ,30,30,8908881,4,8,980000,0,0,0,0,0,0,14,14,3691112,4,8,980000,0,0,0,0,0,0
201803,56,029,4,8,Park County                   ,10,10,2334360,0,0,0,0,0,0,0,0,0,5,5,1455258,0,0,0,0,0,0,0,0,0
201803,56,039,4,8,Teton County                  ,20,20,42902144,0,0,0,0,0,0,1,5,1040398,18,18,41769600,0,0,0,0,0,0,0,0,0
