Survey,FIPS,FIPS,Region,Division,County,,1-unit,,,2-units,,,3-4 units,,,5+ units,,,1-unit rep,,,2-units rep,,,3-4 units rep,,, 5+units rep
Date,State,County,Code,Code,Name,Bldgs,Units,Value,Bldgs,Units,Value,Bldgs,Units,Value,Bldgs,Units,Value,Bldgs,Units,Value,Bldgs,Units,Value,Bldgs,Units,Value,Bldgs,Units,Value
 
201812,01,001,3,6,Autauga County                ,5,5,1611883,0,0,0,0,0,0,0,0,0,5,5,1611883,0,0,0,0,0,0,0,0,0
201812,01,007,3,6,Bibb County                   ,1,1,255129,0,0,0,0,0,0,0,0,0,0,0,0,0,0,0,0,0,0,0,0,0
201812,01,009,3,6,Blount County                 ,1,1,244798,0,0,0,0,0,0,0,0,0,0,0,0,0,0,0,0,0,0,0,0,0
201812,01,021,3,6,Chilton County                ,3,3,559429,0,0,0,0,0,0,0,0,0,2,2,395000,0,0,0,0,0,0,0,0,0
201812,01,073,3,6,Jefferson County              ,101,101,31774665,0,0,0,0,0,0,0,0,0,71,71,25712295,0,0,0,0,0,0,0,0,0
201812,01,081,3,6,Lee County                    ,61,61,17607247,1,2,346428,1,4,500000,0,0,0,61,61,17607247,1,2,346428,1,4,500000,0,0,0
201812,01,083,3,6,Limestone County              ,0,0,0,0,0,0,0,0,0,0,0,0,0,0,0,0,0,0,0,0,0,0,0,0
201812,01,089,3,6,Madison County                ,166,166,24774756,0,0,0,0,0,0,0,0,0,124,124,16957470,0,0,0,0,0,0,0,0,0
201812,01,113,3,6,Russell County                ,24,24,3096056,0,0,0,0,0,0,0,0,0,24,24,3096056,0,0,0,0,0,0,0,0,0
201812,01,115,3,6,St. Clair County              ,26,26,3508410,0,0,0,0,0,0,0,0,0,26,26,3508410,0,0,0,0,0,0,0,0,0
201812,01,117,3,6,Shelby County                 ,67,67,14826287,0,0,0,0,0,0,0,0,0,18,18,2784065,0,0,0,0,0,0,0,0,0
201812,01,127,3,6,Walker County                 ,0,0,0,0,0,0,0,0,0,0,0,0,0,0,0,0,0,0,0,0,0,0,0,0
201812,02,013,4,9,Aleutians East Borough        ,0,0,0,0,0,0,0,0,0,0,0,0,0,0,0,0,0,0,0,0,0,0,0,0
201812,02,016,4,9,Aleutians West Census Area    ,1,1,98118,0,0,0,0,0,0,0,0,0,0,0,0,0,0,0,0,0,0,0,0,0
201812,02,020,4,9,Anchorage Municipality        ,58,58,18168480,0,0,0,1,4,694913,2,19,3003816,0,0,0,0,0,0,0,0,0,0,0,0
201812,02,050,4,9,Bethel Census Area            ,0,0,0,0,0,0,0,0,0,0,0,0,0,0,0,0,0,0,0,0,0,0,0,0
201812,02,060,4,9,Bristol Bay Borough           ,0,0,0,0,0,0,0,0,0,0,0,0,0,0,0,0,0,0,0,0,0,0,0,0
201812,02,070,4,9,Dillingham Census Area        ,0,0,0,0,0,0,0,0,0,0,0,0,0,0,0,0,0,0,0,0,0,0,0,0
201812,02,090,4,9,Fairbanks North Star Borough  ,0,0,0,0,0,0,0,0,0,0,0,0,0,0,0,0,0,0,0,0,0,0,0,0
201812,02,100,4,9,Haines Borough                ,0,0,0,0,0,0,0,0,0,0,0,0,0,0,0,0,0,0,0,0,0,0,0,0
201812,02,105,4,9,Hoonah-Angoon Census Area     ,0,0,0,0,0,0,0,0,0,0,0,0,0,0,0,0,0,0,0,0,0,0,0,0
201812,02,110,4,9,Juneau City and Borough       ,1,1,73451,0,0,0,0,0,0,0,0,0,1,1,73451,0,0,0,0,0,0,0,0,0
201812,02,122,4,9,Kenai Peninsula Borough       ,5,5,1015265,0,0,0,0,0,0,0,0,0,0,0,0,0,0,0,0,0,0,0,0,0
201812,02,130,4,9,Ketchikan Gateway Borough     ,4,4,1140713,1,2,344763,0,0,0,0,0,0,4,4,1140713,1,2,344763,0,0,0,0,0,0
201812,02,150,4,9,Kodiak Island Borough         ,0,0,0,1,2,382040,0,0,0,1,5,1034803,0,0,0,0,0,0,0,0,0,0,0,0
201812,02,158,4,9,Kusilvak Census Area          ,0,0,0,0,0,0,0,0,0,0,0,0,0,0,0,0,0,0,0,0,0,0,0,0
201812,02,170,4,9,Matanuska-Susitna Borough     ,1,1,252280,16,32,5516214,0,0,0,0,0,0,0,0,0,16,32,5516214,0,0,0,0,0,0
201812,02,180,4,9,Nome Census Area              ,0,0,0,0,0,0,0,0,0,0,0,0,0,0,0,0,0,0,0,0,0,0,0,0
201812,02,185,4,9,North Slope Borough           ,0,0,0,0,0,0,0,0,0,0,0,0,0,0,0,0,0,0,0,0,0,0,0,0
201812,02,188,4,9,Northwest Arctic Borough      ,1,1,460000,0,0,0,0,0,0,0,0,0,0,0,0,0,0,0,0,0,0,0,0,0
201812,02,195,4,9,Petersburg Borough            ,0,0,0,0,0,0,0,0,0,0,0,0,0,0,0,0,0,0,0,0,0,0,0,0
201812,02,198,4,9,Prince of Wales-Hyder Census A,0,0,0,0,0,0,0,0,0,0,0,0,0,0,0,0,0,0,0,0,0,0,0,0
201812,02,220,4,9,Sitka City and Borough        ,1,1,213914,0,0,0,0,0,0,0,0,0,0,0,0,0,0,0,0,0,0,0,0,0
201812,02,230,4,9,Skagway Municipality          ,0,0,0,0,0,0,0,0,0,0,0,0,0,0,0,0,0,0,0,0,0,0,0,0
201812,02,261,4,9,Valdez-Cordova Census Area    ,0,0,0,0,0,0,0,0,0,0,0,0,0,0,0,0,0,0,0,0,0,0,0,0
201812,02,275,4,9,Wrangell City and Borough     ,0,0,0,0,0,0,0,0,0,0,0,0,0,0,0,0,0,0,0,0,0,0,0,0
201812,02,282,4,9,Yakutat City and Borough      ,0,0,0,0,0,0,0,0,0,0,0,0,0,0,0,0,0,0,0,0,0,0,0,0
201812,02,290,4,9,Yukon-Koyukuk Census Area     ,0,0,0,0,0,0,0,0,0,0,0,0,0,0,0,0,0,0,0,0,0,0,0,0
201812,04,013,4,8,Maricopa County               ,2038,2038,595418927,9,18,3553456,0,0,0,7,98,17175025,2027,2027,591985780,8,16,3312742,0,0,0,6,30,6206075
201812,04,019,4,8,Pima County                   ,194,194,53705721,2,4,477640,0,0,0,12,172,24399735,28,28,7754046,0,0,0,0,0,0,0,0,0
201812,04,021,4,8,Pinal County                  ,316,316,60955835,0,0,0,0,0,0,0,0,0,291,291,53849833,0,0,0,0,0,0,0,0,0
201812,05,013,3,7,Calhoun County                ,0,0,0,0,0,0,0,0,0,0,0,0,0,0,0,0,0,0,0,0,0,0,0,0
201812,05,035,3,7,Crittenden County             ,3,3,675000,0,0,0,0,0,0,0,0,0,3,3,675000,0,0,0,0,0,0,0,0,0
201812,05,043,3,7,Drew County                   ,0,0,0,0,0,0,0,0,0,0,0,0,0,0,0,0,0,0,0,0,0,0,0,0
201812,05,045,3,7,Faulkner County               ,21,21,4296184,1,2,151241,0,0,0,1,11,290593,7,7,1022000,0,0,0,0,0,0,0,0,0
201812,05,053,3,7,Grant County                  ,1,1,150556,1,2,100000,0,0,0,0,0,0,0,0,0,0,0,0,0,0,0,0,0,0
201812,05,085,3,7,Lonoke County                 ,22,22,1965107,0,0,0,0,0,0,0,0,0,5,5,514900,0,0,0,0,0,0,0,0,0
201812,05,087,3,7,Madison County                ,0,0,0,0,0,0,0,0,0,0,0,0,0,0,0,0,0,0,0,0,0,0,0,0
201812,05,091,3,7,Miller County                 ,2,2,456853,0,0,0,0,0,0,0,0,0,0,0,0,0,0,0,0,0,0,0,0,0
201812,05,105,3,7,Perry County                  ,0,0,0,0,0,0,0,0,0,0,0,0,0,0,0,0,0,0,0,0,0,0,0,0
201812,05,119,3,7,Pulaski County                ,44,44,9601798,0,0,0,0,0,0,0,0,0,44,44,9601798,0,0,0,0,0,0,0,0,0
201812,05,129,3,7,Searcy County                 ,0,0,0,0,0,0,0,0,0,0,0,0,0,0,0,0,0,0,0,0,0,0,0,0
201812,05,143,3,7,Washington County             ,91,91,25749653,0,0,0,1,3,150000,0,0,0,90,90,25210494,0,0,0,1,3,150000,0,0,0
201812,06,001,4,9,Alameda County                ,136,136,44022817,0,0,0,2,6,1422718,12,457,143054996,72,72,24848807,0,0,0,0,0,0,4,262,97144834
201812,06,013,4,9,Contra Costa County           ,75,75,23727133,0,0,0,0,0,0,3,24,4678557,70,70,21106549,0,0,0,0,0,0,0,0,0
201812,06,017,4,9,El Dorado County              ,35,35,10404486,0,0,0,0,0,0,0,0,0,35,35,10404486,0,0,0,0,0,0,0,0,0
201812,06,019,4,9,Fresno County                 ,121,121,37949271,4,8,1349179,0,0,0,8,80,8456405,66,66,22584810,1,2,75270,0,0,0,0,0,0
201812,06,037,4,9,Los Angeles County            ,438,438,148780245,79,158,32271450,4,14,2056254,43,1548,231305628,378,378,116452878,79,158,32271450,4,14,2056254,37,1482,222586522
201812,06,041,4,9,Marin County                  ,12,12,6007446,0,0,0,0,0,0,0,0,0,10,10,4957818,0,0,0,0,0,0,0,0,0
201812,06,059,4,9,Orange County                 ,267,267,78285390,3,6,1567087,4,14,2228600,7,122,21693308,214,214,58333443,0,0,0,4,14,2228600,3,20,3060267
201812,06,061,4,9,Placer County                 ,76,76,25600384,0,0,0,0,0,0,0,0,0,73,73,24621229,0,0,0,0,0,0,0,0,0
201812,06,063,4,9,Plumas County                 ,1,1,265913,0,0,0,0,0,0,0,0,0,1,1,265913,0,0,0,0,0,0,0,0,0
201812,06,067,4,9,Sacramento County             ,229,229,59799856,0,0,0,0,0,0,0,0,0,228,228,59560834,0,0,0,0,0,0,0,0,0
201812,06,069,4,9,San Benito County             ,44,44,16204673,0,0,0,0,0,0,0,0,0,40,40,14963605,0,0,0,0,0,0,0,0,0
201812,06,071,4,9,San Bernardino County         ,216,216,60343244,6,12,2426168,7,26,2375049,9,77,9723434,186,186,52031331,6,12,2426168,7,26,2375049,8,68,9226882
201812,06,073,4,9,San Diego County              ,166,166,51429033,3,6,1032563,5,18,3720018,25,343,45468324,160,160,47789732,3,6,1032563,4,15,3264375,23,319,40793475
201812,06,075,4,9,San Francisco County          ,6,6,1618756,1,2,349717,3,9,1388590,18,2127,326781844,6,6,1618756,1,2,349717,3,9,1388590,18,2127,326781844
201812,06,081,4,9,San Mateo County              ,12,12,13848901,0,0,0,0,0,0,3,55,9221088,4,4,8687700,0,0,0,0,0,0,0,0,0
201812,06,085,4,9,Santa Clara County            ,113,113,43309269,1,2,115000,1,4,1236670,11,1340,204216831,91,91,35294833,0,0,0,0,0,0,7,1051,161322917
201812,06,091,4,9,Sierra County                 ,0,0,0,0,0,0,0,0,0,0,0,0,0,0,0,0,0,0,0,0,0,0,0,0
201812,06,113,4,9,Yolo County                   ,24,24,5903373,0,0,0,0,0,0,0,0,0,24,24,5903373,0,0,0,0,0,0,0,0,0
201812,08,001,4,8,Adams County                  ,140,140,34248536,1,2,434896,0,0,0,4,84,12905348,139,139,33919799,1,2,434896,0,0,0,4,84,12905348
201812,08,005,4,8,Arapahoe County               ,123,123,28700910,0,0,0,1,3,722505,4,138,15502081,121,121,28485946,0,0,0,1,3,722505,4,138,15502081
201812,08,014,4,8,Broomfield County             ,46,46,16054758,0,0,0,0,0,0,0,0,0,46,46,16054758,0,0,0,0,0,0,0,0,0
201812,08,015,4,8,Chaffee County                ,7,7,1854610,0,0,0,0,0,0,0,0,0,0,0,0,0,0,0,0,0,0,0,0,0
201812,08,019,4,8,Clear Creek County            ,1,1,337163,0,0,0,0,0,0,0,0,0,0,0,0,0,0,0,0,0,0,0,0,0
201812,08,031,4,8,Denver County                 ,149,149,40199110,0,0,0,0,0,0,11,793,121832629,149,149,40199110,0,0,0,0,0,0,11,793,121832629
201812,08,035,4,8,Douglas County                ,154,154,50854564,0,0,0,0,0,0,14,356,30516226,150,150,49491070,0,0,0,0,0,0,14,356,30516226
201812,08,039,4,8,Elbert County                 ,17,17,5245831,0,0,0,0,0,0,0,0,0,17,17,5245831,0,0,0,0,0,0,0,0,0
201812,08,041,4,8,El Paso County                ,108,108,44026358,0,0,0,0,0,0,1,5,750000,108,108,44026358,0,0,0,0,0,0,1,5,750000
201812,08,047,4,8,Gilpin County                 ,0,0,0,0,0,0,0,0,0,0,0,0,0,0,0,0,0,0,0,0,0,0,0,0
201812,08,059,4,8,Jefferson County              ,70,70,24047951,1,2,260750,1,3,788896,1,71,10030015,53,53,19256895,0,0,0,1,3,788896,0,0,0
201812,08,069,4,8,Larimer County                ,117,117,30590203,1,2,308600,0,0,0,5,335,71773496,86,86,24097605,1,2,308600,0,0,0,5,335,71773496
201812,08,077,4,8,Mesa County                   ,41,41,7132123,0,0,0,0,0,0,0,0,0,41,41,7132123,0,0,0,0,0,0,0,0,0
201812,08,093,4,8,Park County                   ,2,2,760293,0,0,0,0,0,0,0,0,0,2,2,760293,0,0,0,0,0,0,0,0,0
201812,08,101,4,8,Pueblo County                 ,39,39,6473199,0,0,0,0,0,0,0,0,0,39,39,6473199,0,0,0,0,0,0,0,0,0
201812,08,119,4,8,Teller County                 ,8,8,1970796,0,0,0,0,0,0,0,0,0,8,8,1970796,0,0,0,0,0,0,0,0,0
201812,09,001,1,1,Fairfield County              ,52,52,37065636,1,2,120000,0,0,0,2,104,27935889,32,32,16553681,1,2,120000,0,0,0,1,96,23047000
201812,09,003,1,1,Hartford County               ,31,31,5997860,0,0,0,0,0,0,5,101,8457510,22,22,3703599,0,0,0,0,0,0,1,80,6772500
201812,09,007,1,1,Middlesex County              ,10,10,3227713,0,0,0,0,0,0,0,0,0,7,7,2630240,0,0,0,0,0,0,0,0,0
201812,09,013,1,1,Tolland County                ,12,12,2441092,0,0,0,0,0,0,2,10,993879,7,7,1362000,0,0,0,0,0,0,0,0,0
201812,10,001,3,5,Kent County                   ,94,94,15352782,0,0,0,1,3,677135,1,5,487486,93,93,15136369,0,0,0,1,3,677135,0,0,0
201812,10,003,3,5,New Castle County             ,91,91,8326793,0,0,0,0,0,0,5,43,2311842,11,11,1130476,0,0,0,0,0,0,0,0,0
201812,10,005,3,5,Sussex County                 ,232,232,33232473,7,14,1608935,0,0,0,3,18,1765192,232,232,33232473,7,14,1608935,0,0,0,3,18,1765192
201812,11,001,3,5,Washington  DC                ,8,8,1891255,1,2,242983,0,0,0,7,627,68585776,8,8,1891255,1,2,242983,0,0,0,7,627,68585776
201812,12,003,3,5,Baker County                  ,4,4,703025,0,0,0,0,0,0,0,0,0,1,1,100000,0,0,0,0,0,0,0,0,0
201812,12,019,3,5,Clay County                   ,25,25,5262410,0,0,0,0,0,0,0,0,0,25,25,5262410,0,0,0,0,0,0,0,0,0
201812,12,029,3,5,Dixie County                  ,2,2,252647,0,0,0,0,0,0,0,0,0,0,0,0,0,0,0,0,0,0,0,0,0
201812,12,031,3,5,Duval County                  ,280,280,67517515,3,6,728950,2,6,780064,22,565,61803770,280,280,67517515,3,6,728950,2,6,780064,22,565,61803770
201812,12,033,3,5,Escambia County               ,96,96,22695063,0,0,0,0,0,0,0,0,0,96,96,22695063,0,0,0,0,0,0,0,0,0
201812,12,053,3,5,Hernando County               ,64,64,13396885,0,0,0,0,0,0,0,0,0,64,64,13396885,0,0,0,0,0,0,0,0,0
201812,12,057,3,5,Hillsborough County           ,550,550,114931741,0,0,0,0,0,0,1,204,45000000,550,550,114931741,0,0,0,0,0,0,1,204,45000000
201812,12,067,3,5,Lafayette County              ,0,0,0,0,0,0,0,0,0,0,0,0,0,0,0,0,0,0,0,0,0,0,0,0
201812,12,071,3,5,Lee County                    ,485,485,113108280,18,36,4164260,2,8,2228000,8,192,28762032,485,485,113108280,18,36,4164260,2,8,2228000,8,192,28762032
201812,12,073,3,5,Leon County                   ,40,40,8005382,0,0,0,0,0,0,4,127,16778099,0,0,0,0,0,0,0,0,0,0,0,0
201812,12,081,3,5,Manatee County                ,194,194,43673391,1,2,75000,1,4,545992,6,150,9610591,10,10,3631636,0,0,0,0,0,0,3,90,4864848
201812,12,086,3,5,Miami-Dade County             ,167,167,36826787,9,18,3212774,0,0,0,20,857,86773324,145,145,29953920,9,18,3212774,0,0,0,17,717,65657733
201812,12,089,3,5,Nassau County                 ,65,65,19466689,0,0,0,0,0,0,0,0,0,54,54,16513020,0,0,0,0,0,0,0,0,0
201812,12,091,3,5,Okaloosa County               ,56,56,18052540,0,0,0,0,0,0,0,0,0,53,53,17501358,0,0,0,0,0,0,0,0,0
201812,12,095,3,5,Orange County                 ,519,519,153227026,5,10,1901288,0,0,0,32,1625,214911332,493,493,145454934,5,10,1901288,0,0,0,32,1625,214911332
201812,12,097,3,5,Osceola County                ,318,318,84149276,0,0,0,0,0,0,2,110,12032592,318,318,84149276,0,0,0,0,0,0,2,110,12032592
201812,12,101,3,5,Pasco County                  ,217,217,43998698,3,6,698014,0,0,0,3,19,913766,216,216,43903980,3,6,698014,0,0,0,2,14,482516
201812,12,103,3,5,Pinellas County               ,56,56,13471990,0,0,0,1,4,691200,4,23,4580020,53,53,12310432,0,0,0,1,4,691200,4,23,4580020
201812,12,109,3,5,St. Johns County              ,277,277,76771034,0,0,0,0,0,0,0,0,0,277,277,76771034,0,0,0,0,0,0,0,0,0
201812,12,113,3,5,Santa Rosa County             ,113,113,20015340,0,0,0,0,0,0,0,0,0,113,113,20015340,0,0,0,0,0,0,0,0,0
201812,12,115,3,5,Sarasota County               ,263,263,74551434,0,0,0,1,4,758801,1,74,8094653,248,248,70264790,0,0,0,0,0,0,1,74,8094653
201812,12,117,3,5,Seminole County               ,70,70,26194100,0,0,0,0,0,0,4,323,31349256,67,67,25414535,0,0,0,0,0,0,3,290,28553135
201812,12,119,3,5,Sumter County                 ,195,195,51249824,0,0,0,0,0,0,0,0,0,195,195,51249824,0,0,0,0,0,0,0,0,0
201812,12,129,3,5,Wakulla County                ,19,19,4491731,0,0,0,0,0,0,0,0,0,19,19,4491731,0,0,0,0,0,0,0,0,0
201812,12,131,3,5,Walton County                 ,55,55,33810715,0,0,0,0,0,0,6,82,30659381,55,55,33810715,0,0,0,0,0,0,6,82,30659381
201812,12,133,3,5,Washington County             ,2,2,277476,0,0,0,0,0,0,0,0,0,0,0,0,0,0,0,0,0,0,0,0,0
201812,13,007,3,5,Baker County                  ,0,0,0,0,0,0,0,0,0,0,0,0,0,0,0,0,0,0,0,0,0,0,0,0
201812,13,013,3,5,Barrow County                 ,28,28,3599237,0,0,0,0,0,0,1,15,1072643,11,11,1669315,0,0,0,0,0,0,0,0,0
201812,13,015,3,5,Bartow County                 ,28,28,7029489,0,0,0,0,0,0,0,0,0,27,27,6860203,0,0,0,0,0,0,0,0,0
201812,13,021,3,5,Bibb County                   ,7,7,1113897,0,0,0,0,0,0,0,0,0,0,0,0,0,0,0,0,0,0,0,0,0
201812,13,029,3,5,Bryan County                  ,26,26,1678700,0,0,0,0,0,0,0,0,0,26,26,1678700,0,0,0,0,0,0,0,0,0
201812,13,033,3,5,Burke County                  ,2,2,354821,0,0,0,0,0,0,0,0,0,0,0,0,0,0,0,0,0,0,0,0,0
201812,13,035,3,5,Butts County                  ,7,7,1538000,0,0,0,0,0,0,0,0,0,7,7,1538000,0,0,0,0,0,0,0,0,0
201812,13,045,3,5,Carroll County                ,14,14,3591927,0,0,0,0,0,0,0,0,0,11,11,3206546,0,0,0,0,0,0,0,0,0
201812,13,051,3,5,Chatham County                ,92,92,19902903,2,4,584800,0,0,0,1,6,748160,91,91,19747653,2,4,584800,0,0,0,1,6,748160
201812,13,057,3,5,Cherokee County               ,139,139,33461984,0,0,0,0,0,0,0,0,0,139,139,33461984,0,0,0,0,0,0,0,0,0
201812,13,059,3,5,Clarke County                 ,12,12,2881915,0,0,0,0,0,0,9,110,8309618,12,12,2881915,0,0,0,0,0,0,9,110,8309618
201812,13,063,3,5,Clayton County                ,46,46,10813901,0,0,0,0,0,0,0,0,0,46,46,10813901,0,0,0,0,0,0,0,0,0
201812,13,067,3,5,Cobb County                   ,97,97,27418849,0,0,0,1,4,899085,6,208,38580061,86,86,25353117,0,0,0,1,4,899085,6,208,38580061
201812,13,073,3,5,Columbia County               ,68,68,13986515,0,0,0,0,0,0,0,0,0,68,68,13986515,0,0,0,0,0,0,0,0,0
201812,13,077,3,5,Coweta County                 ,42,42,13939967,0,0,0,0,0,0,0,0,0,18,18,7473893,0,0,0,0,0,0,0,0,0
201812,13,085,3,5,Dawson County                 ,12,12,3309410,0,0,0,0,0,0,0,0,0,0,0,0,0,0,0,0,0,0,0,0,0
201812,13,095,3,5,Dougherty County              ,2,2,272670,0,0,0,0,0,0,1,5,503634,0,0,0,0,0,0,0,0,0,0,0,0
201812,13,097,3,5,Douglas County                ,12,12,1382957,0,0,0,0,0,0,0,0,0,12,12,1382957,0,0,0,0,0,0,0,0,0
201812,13,111,3,5,Fannin County                 ,18,18,3513222,0,0,0,0,0,0,0,0,0,18,18,3513222,0,0,0,0,0,0,0,0,0
201812,13,113,3,5,Fayette County                ,37,37,9562723,0,0,0,0,0,0,0,0,0,10,10,2530350,0,0,0,0,0,0,0,0,0
201812,13,115,3,5,Floyd County                  ,13,13,2590300,0,0,0,0,0,0,0,0,0,13,13,2590300,0,0,0,0,0,0,0,0,0
201812,13,117,3,5,Forsyth County                ,136,136,17934480,0,0,0,0,0,0,0,0,0,136,136,17934480,0,0,0,0,0,0,0,0,0
201812,13,121,3,5,Fulton County                 ,322,322,63586633,1,2,415000,0,0,0,2,288,44958300,318,318,63166098,1,2,415000,0,0,0,2,288,44958300
201812,13,127,3,5,Glynn County                  ,36,36,10519230,0,0,0,0,0,0,0,0,0,0,0,0,0,0,0,0,0,0,0,0,0
201812,13,135,3,5,Gwinnett County               ,74,74,20398977,0,0,0,0,0,0,0,0,0,69,69,18943462,0,0,0,0,0,0,0,0,0
201812,13,143,3,5,Haralson County               ,4,4,915362,0,0,0,0,0,0,0,0,0,0,0,0,0,0,0,0,0,0,0,0,0
201812,13,145,3,5,Harris County                 ,16,16,4537205,0,0,0,0,0,0,0,0,0,16,16,4537205,0,0,0,0,0,0,0,0,0
201812,13,149,3,5,Heard County                  ,1,1,100000,0,0,0,0,0,0,0,0,0,1,1,100000,0,0,0,0,0,0,0,0,0
201812,13,151,3,5,Henry County                  ,124,124,24854285,0,0,0,0,0,0,0,0,0,96,96,21163341,0,0,0,0,0,0,0,0,0
201812,13,159,3,5,Jasper County                 ,5,5,669870,0,0,0,0,0,0,0,0,0,0,0,0,0,0,0,0,0,0,0,0,0
201812,13,171,3,5,Lamar County                  ,2,2,264700,0,0,0,0,0,0,0,0,0,0,0,0,0,0,0,0,0,0,0,0,0
201812,13,177,3,5,Lee County                    ,3,3,416135,0,0,0,0,0,0,0,0,0,3,3,416135,0,0,0,0,0,0,0,0,0
201812,13,179,3,5,Liberty County                ,22,22,5108770,0,0,0,0,0,0,0,0,0,22,22,5108770,0,0,0,0,0,0,0,0,0
201812,13,189,3,5,McDuffie County               ,0,0,0,0,0,0,0,0,0,0,0,0,0,0,0,0,0,0,0,0,0,0,0,0
201812,13,199,3,5,Meriwether County             ,3,3,693045,0,0,0,0,0,0,0,0,0,0,0,0,0,0,0,0,0,0,0,0,0
201812,13,201,3,5,Miller County                 ,0,0,0,0,0,0,0,0,0,0,0,0,0,0,0,0,0,0,0,0,0,0,0,0
201812,13,207,3,5,Monroe County                 ,9,9,2028698,0,0,0,0,0,0,0,0,0,0,0,0,0,0,0,0,0,0,0,0,0
201812,13,215,3,5,Muscogee County               ,22,22,4296192,0,0,0,0,0,0,1,11,1927284,0,0,0,0,0,0,0,0,0,0,0,0
201812,13,217,3,5,Newton County                 ,19,19,2673570,0,0,0,0,0,0,0,0,0,19,19,2673570,0,0,0,0,0,0,0,0,0
201812,13,227,3,5,Pickens County                ,9,9,2116867,0,0,0,0,0,0,0,0,0,0,0,0,0,0,0,0,0,0,0,0,0
201812,13,231,3,5,Pike County                   ,6,6,1177059,0,0,0,0,0,0,0,0,0,0,0,0,0,0,0,0,0,0,0,0,0
201812,13,235,3,5,Pulaski County                ,0,0,0,0,0,0,0,0,0,0,0,0,0,0,0,0,0,0,0,0,0,0,0,0
201812,13,245,3,5,Richmond County               ,27,27,4402898,1,2,180000,0,0,0,1,27,1550861,1,1,130000,0,0,0,0,0,0,0,0,0
201812,13,247,3,5,Rockdale County               ,4,4,945628,0,0,0,0,0,0,0,0,0,4,4,945628,0,0,0,0,0,0,0,0,0
201812,13,255,3,5,Spalding County               ,19,19,2553349,0,0,0,0,0,0,0,0,0,19,19,2553349,0,0,0,0,0,0,0,0,0
201812,13,275,3,5,Thomas County                 ,5,5,731065,0,0,0,0,0,0,0,0,0,3,3,360000,0,0,0,0,0,0,0,0,0
201812,13,291,3,5,Union County                  ,7,7,1891536,0,0,0,0,0,0,0,0,0,7,7,1891536,0,0,0,0,0,0,0,0,0
201812,15,001,4,9,Hawaii County                 ,70,70,17661227,0,0,0,0,0,0,0,0,0,70,70,17661227,0,0,0,0,0,0,0,0,0
201812,15,003,4,9,Honolulu County               ,90,90,33072008,0,0,0,0,0,0,1,14,1600000,90,90,33072008,0,0,0,0,0,0,1,14,1600000
201812,15,007,4,9,Kauai County                  ,11,11,5304065,1,2,764622,0,0,0,1,5,2235956,0,0,0,0,0,0,0,0,0,0,0,0
201812,15,009,4,9,Maui County                   ,30,30,11831870,0,0,0,0,0,0,0,0,0,30,30,11831870,0,0,0,0,0,0,0,0,0
201812,16,001,4,8,Ada County                    ,303,303,73603056,0,0,0,1,4,378000,4,177,23489775,265,265,64303128,0,0,0,1,4,378000,4,177,23489775
201812,16,015,4,8,Boise County                  ,1,1,785701,0,0,0,0,0,0,0,0,0,1,1,785701,0,0,0,0,0,0,0,0,0
201812,16,027,4,8,Canyon County                 ,152,152,22673897,1,2,140979,0,0,0,0,0,0,151,151,22445397,1,2,140979,0,0,0,0,0,0
201812,16,045,4,8,Gem County                    ,4,4,524948,0,0,0,0,0,0,0,0,0,2,2,287931,0,0,0,0,0,0,0,0,0
201812,16,073,4,8,Owyhee County                 ,1,1,188123,0,0,0,0,0,0,0,0,0,0,0,0,0,0,0,0,0,0,0,0,0
201812,17,005,2,3,Bond County                   ,1,1,176208,0,0,0,0,0,0,0,0,0,0,0,0,0,0,0,0,0,0,0,0,0
201812,17,013,2,3,Calhoun County                ,0,0,0,0,0,0,0,0,0,0,0,0,0,0,0,0,0,0,0,0,0,0,0,0
201812,17,031,2,3,Cook County                   ,60,60,22463342,3,6,1046358,9,27,3994755,14,400,59532530,46,46,18663689,3,6,1046358,9,27,3994755,13,390,57507402
201812,17,037,2,3,DeKalb County                 ,9,9,2767683,0,0,0,0,0,0,0,0,0,9,9,2767683,0,0,0,0,0,0,0,0,0
201812,17,039,2,3,De Witt County                ,2,2,558513,0,0,0,0,0,0,0,0,0,2,2,558513,0,0,0,0,0,0,0,0,0
201812,17,043,2,3,DuPage County                 ,53,53,23982379,2,4,780000,0,0,0,1,5,118598,39,39,17781238,2,4,780000,0,0,0,0,0,0
201812,17,063,2,3,Grundy County                 ,2,2,450714,0,0,0,0,0,0,1,5,256410,1,1,200000,0,0,0,0,0,0,0,0,0
201812,17,083,2,3,Jersey County                 ,0,0,0,0,0,0,0,0,0,0,0,0,0,0,0,0,0,0,0,0,0,0,0,0
201812,17,093,2,3,Kendall County                ,14,14,2654777,0,0,0,0,0,0,0,0,0,11,11,1973865,0,0,0,0,0,0,0,0,0
201812,17,097,2,3,Lake County                   ,39,39,17367735,1,2,83333,0,0,0,3,15,2446186,25,25,11069666,0,0,0,0,0,0,0,0,0
201812,17,111,2,3,McHenry County                ,33,33,6192090,0,0,0,0,0,0,0,0,0,29,29,5484010,0,0,0,0,0,0,0,0,0
201812,17,119,2,3,Madison County                ,21,21,4780300,0,0,0,1,4,360000,0,0,0,17,17,3930543,0,0,0,1,4,360000,0,0,0
201812,17,133,2,3,Monroe County                 ,7,7,1761162,0,0,0,0,0,0,1,5,432000,5,5,1311026,0,0,0,0,0,0,0,0,0
201812,17,197,2,3,Will County                   ,51,51,13344908,0,0,0,0,0,0,2,40,4661170,41,41,10549896,0,0,0,0,0,0,2,40,4661170
201812,18,003,2,3,Allen County                  ,78,78,20164030,0,0,0,0,0,0,2,10,1144910,78,78,20164030,0,0,0,0,0,0,2,10,1144910
201812,18,011,2,3,Boone County                  ,19,19,5838660,0,0,0,0,0,0,0,0,0,17,17,5367300,0,0,0,0,0,0,0,0,0
201812,18,013,2,3,Brown County                  ,5,5,1292566,0,0,0,0,0,0,0,0,0,5,5,1292566,0,0,0,0,0,0,0,0,0
201812,18,019,2,3,Clark County                  ,18,18,9151421,0,0,0,0,0,0,0,0,0,15,15,8552000,0,0,0,0,0,0,0,0,0
201812,18,047,2,3,Franklin County               ,2,2,512000,0,0,0,0,0,0,0,0,0,2,2,512000,0,0,0,0,0,0,0,0,0
201812,18,057,2,3,Hamilton County               ,143,143,48079476,0,0,0,0,0,0,0,0,0,140,140,47253701,0,0,0,0,0,0,0,0,0
201812,18,059,2,3,Hancock County                ,28,28,6704402,0,0,0,0,0,0,0,0,0,28,28,6704402,0,0,0,0,0,0,0,0,0
201812,18,061,2,3,Harrison County               ,6,6,1479000,0,0,0,0,0,0,0,0,0,6,6,1479000,0,0,0,0,0,0,0,0,0
201812,18,063,2,3,Hendricks County              ,47,47,12095268,0,0,0,0,0,0,0,0,0,45,45,11648555,0,0,0,0,0,0,0,0,0
201812,18,069,2,3,Huntington County             ,3,3,572176,0,0,0,0,0,0,0,0,0,2,2,377991,0,0,0,0,0,0,0,0,0
201812,18,073,2,3,Jasper County                 ,3,3,667026,0,0,0,0,0,0,0,0,0,2,2,517026,0,0,0,0,0,0,0,0,0
201812,18,081,2,3,Johnson County                ,73,73,21103683,1,2,580000,0,0,0,0,0,0,71,71,20892400,1,2,580000,0,0,0,0,0,0
201812,18,087,2,3,Lagrange County               ,9,9,1583000,0,0,0,0,0,0,0,0,0,9,9,1583000,0,0,0,0,0,0,0,0,0
201812,18,089,2,3,Lake County                   ,74,74,17761841,0,0,0,0,0,0,0,0,0,71,71,17147030,0,0,0,0,0,0,0,0,0
201812,18,097,2,3,Marion County                 ,107,107,27071320,3,6,834538,0,0,0,1,12,1373892,107,107,27071320,3,6,834538,0,0,0,1,12,1373892
201812,18,105,2,3,Monroe County                 ,13,13,3354000,1,2,239151,0,0,0,1,8,928599,0,0,0,0,0,0,0,0,0,0,0,0
201812,18,109,2,3,Morgan County                 ,19,19,3842053,0,0,0,0,0,0,0,0,0,15,15,2799635,0,0,0,0,0,0,0,0,0
201812,18,111,2,3,Newton County                 ,1,1,202836,0,0,0,0,0,0,0,0,0,0,0,0,0,0,0,0,0,0,0,0,0
201812,18,115,2,3,Ohio County                   ,1,1,106000,0,0,0,0,0,0,0,0,0,1,1,106000,0,0,0,0,0,0,0,0,0
201812,18,119,2,3,Owen County                   ,3,3,671656,0,0,0,0,0,0,0,0,0,0,0,0,0,0,0,0,0,0,0,0,0
201812,18,127,2,3,Porter County                 ,16,16,4459607,0,0,0,0,0,0,0,0,0,10,10,3358914,0,0,0,0,0,0,0,0,0
201812,18,133,2,3,Putnam County                 ,7,7,1494053,0,0,0,0,0,0,0,0,0,7,7,1494053,0,0,0,0,0,0,0,0,0
201812,18,145,2,3,Shelby County                 ,7,7,1564108,0,0,0,0,0,0,0,0,0,7,7,1564108,0,0,0,0,0,0,0,0,0
201812,18,151,2,3,Steuben County                ,11,11,3006786,0,0,0,0,0,0,0,0,0,11,11,3006786,0,0,0,0,0,0,0,0,0
201812,18,157,2,3,Tippecanoe County             ,25,25,5936337,0,0,0,0,0,0,1,5,488722,2,2,380000,0,0,0,0,0,0,0,0,0
201812,18,163,2,3,Vanderburgh County            ,22,22,3896501,1,2,100000,0,0,0,0,0,0,22,22,3896501,1,2,100000,0,0,0,0,0,0
201812,18,167,2,3,Vigo County                   ,1,1,186360,1,2,137636,0,0,0,1,5,345968,0,0,0,0,0,0,0,0,0,0,0,0
201812,18,175,2,3,Washington County             ,29,29,6418704,0,0,0,0,0,0,0,0,0,28,28,6160000,0,0,0,0,0,0,0,0,0
201812,18,183,2,3,Whitley County                ,8,8,1949000,0,0,0,0,0,0,0,0,0,8,8,1949000,0,0,0,0,0,0,0,0,0
201812,19,049,2,4,Dallas County                 ,21,21,5764885,0,0,0,0,0,0,0,0,0,21,21,5764885,0,0,0,0,0,0,0,0,0
201812,19,085,2,4,Harrison County               ,0,0,0,0,0,0,0,0,0,0,0,0,0,0,0,0,0,0,0,0,0,0,0,0
201812,19,129,2,4,Mills County                  ,0,0,0,0,0,0,0,0,0,0,0,0,0,0,0,0,0,0,0,0,0,0,0,0
201812,19,153,2,4,Polk County                   ,134,134,36344597,1,2,425287,0,0,0,1,5,350716,122,122,34829799,1,2,425287,0,0,0,0,0,0
201812,19,181,2,4,Warren County                 ,6,6,1633775,0,0,0,0,0,0,0,0,0,5,5,1391840,0,0,0,0,0,0,0,0,0
201812,20,061,2,4,Geary County                  ,1,1,131208,0,0,0,0,0,0,0,0,0,0,0,0,0,0,0,0,0,0,0,0,0
201812,20,091,2,4,Johnson County                ,100,100,35392656,0,0,0,0,0,0,3,23,2627898,41,41,15807374,0,0,0,0,0,0,0,0,0
201812,20,103,2,4,Leavenworth County            ,23,23,4995011,0,0,0,0,0,0,0,0,0,23,23,4995011,0,0,0,0,0,0,0,0,0
201812,20,107,2,4,Linn County                   ,2,2,162500,0,0,0,0,0,0,0,0,0,1,1,70000,0,0,0,0,0,0,0,0,0
201812,20,121,2,4,Miami County                  ,4,4,1068736,0,0,0,0,0,0,0,0,0,1,1,160000,0,0,0,0,0,0,0,0,0
201812,20,209,2,4,Wyandotte County              ,3,3,929331,0,0,0,0,0,0,0,0,0,3,3,929331,0,0,0,0,0,0,0,0,0
201812,21,005,3,6,Anderson County               ,6,6,1171074,0,0,0,0,0,0,0,0,0,6,6,1171074,0,0,0,0,0,0,0,0,0
201812,21,015,3,6,Boone County                  ,20,20,3107859,0,0,0,0,0,0,0,0,0,20,20,3107859,0,0,0,0,0,0,0,0,0
201812,21,017,3,6,Bourbon County                ,2,2,752000,0,0,0,0,0,0,0,0,0,2,2,752000,0,0,0,0,0,0,0,0,0
201812,21,021,3,6,Boyle County                  ,0,0,0,0,0,0,0,0,0,0,0,0,0,0,0,0,0,0,0,0,0,0,0,0
201812,21,029,3,6,Bullitt County                ,22,22,4879791,0,0,0,0,0,0,0,0,0,22,22,4879791,0,0,0,0,0,0,0,0,0
201812,21,035,3,6,Calloway County               ,0,0,0,0,0,0,0,0,0,0,0,0,0,0,0,0,0,0,0,0,0,0,0,0
201812,21,037,3,6,Campbell County               ,13,13,4725584,0,0,0,0,0,0,0,0,0,13,13,4725584,0,0,0,0,0,0,0,0,0
201812,21,045,3,6,Casey County                  ,0,0,0,0,0,0,0,0,0,0,0,0,0,0,0,0,0,0,0,0,0,0,0,0
201812,21,047,3,6,Christian County              ,4,4,591200,0,0,0,0,0,0,0,0,0,3,3,520000,0,0,0,0,0,0,0,0,0
201812,21,049,3,6,Clark County                  ,3,3,637654,0,0,0,0,0,0,1,5,346250,0,0,0,0,0,0,0,0,0,0,0,0
201812,21,067,3,6,Fayette County                ,50,50,8061059,1,2,204889,0,0,0,1,66,4832559,0,0,0,0,0,0,0,0,0,0,0,0
201812,21,069,3,6,Fleming County                ,0,0,0,0,0,0,0,0,0,0,0,0,0,0,0,0,0,0,0,0,0,0,0,0
201812,21,077,3,6,Gallatin County               ,1,1,172521,0,0,0,0,0,0,0,0,0,0,0,0,0,0,0,0,0,0,0,0,0
201812,21,081,3,6,Grant County                  ,7,7,2165000,0,0,0,0,0,0,0,0,0,7,7,2165000,0,0,0,0,0,0,0,0,0
201812,21,091,3,6,Hancock County                ,0,0,0,0,0,0,0,0,0,0,0,0,0,0,0,0,0,0,0,0,0,0,0,0
201812,21,099,3,6,Hart County                   ,4,4,389000,0,0,0,0,0,0,1,5,567738,0,0,0,0,0,0,0,0,0,0,0,0
201812,21,101,3,6,Henderson County              ,3,3,788714,0,0,0,0,0,0,0,0,0,2,2,574000,0,0,0,0,0,0,0,0,0
201812,21,103,3,6,Henry County                  ,2,2,52500,0,0,0,0,0,0,0,0,0,2,2,52500,0,0,0,0,0,0,0,0,0
201812,21,111,3,6,Jefferson County              ,72,72,23719028,0,0,0,0,0,0,12,240,9056250,72,72,23719028,0,0,0,0,0,0,12,240,9056250
201812,21,113,3,6,Jessamine County              ,11,11,2146132,0,0,0,0,0,0,0,0,0,2,2,850000,0,0,0,0,0,0,0,0,0
201812,21,115,3,6,Johnson County                ,0,0,0,0,0,0,0,0,0,0,0,0,0,0,0,0,0,0,0,0,0,0,0,0
201812,21,117,3,6,Kenton County                 ,10,10,2342899,0,0,0,0,0,0,0,0,0,10,10,2342899,0,0,0,0,0,0,0,0,0
201812,21,121,3,6,Knox County                   ,0,0,0,0,0,0,0,0,0,0,0,0,0,0,0,0,0,0,0,0,0,0,0,0
201812,21,123,3,6,Larue County                  ,1,1,236407,0,0,0,0,0,0,0,0,0,1,1,236407,0,0,0,0,0,0,0,0,0
201812,21,137,3,6,Lincoln County                ,3,3,371669,0,0,0,0,0,0,0,0,0,0,0,0,0,0,0,0,0,0,0,0,0
201812,21,145,3,6,McCracken County              ,7,7,1608534,0,0,0,0,0,0,1,5,472115,0,0,0,0,0,0,0,0,0,0,0,0
201812,21,151,3,6,Madison County                ,11,11,1077873,1,2,112996,0,0,0,1,5,168572,3,3,375000,0,0,0,0,0,0,0,0,0
201812,21,157,3,6,Marshall County               ,6,6,1296000,0,0,0,0,0,0,0,0,0,6,6,1296000,0,0,0,0,0,0,0,0,0
201812,21,161,3,6,Mason County                  ,0,0,0,0,0,0,0,0,0,0,0,0,0,0,0,0,0,0,0,0,0,0,0,0
201812,21,163,3,6,Meade County                  ,1,1,325000,0,0,0,0,0,0,0,0,0,1,1,325000,0,0,0,0,0,0,0,0,0
201812,21,167,3,6,Mercer County                 ,3,3,516730,0,0,0,0,0,0,0,0,0,0,0,0,0,0,0,0,0,0,0,0,0
201812,21,175,3,6,Morgan County                 ,1,1,75000,0,0,0,0,0,0,0,0,0,0,0,0,0,0,0,0,0,0,0,0,0
201812,21,179,3,6,Nelson County                 ,5,5,565000,0,0,0,2,8,900000,0,0,0,5,5,565000,0,0,0,2,8,900000,0,0,0
201812,21,185,3,6,Oldham County                 ,22,22,6636158,0,0,0,0,0,0,0,0,0,0,0,0,0,0,0,0,0,0,0,0,0
201812,21,191,3,6,Pendleton County              ,0,0,0,0,0,0,0,0,0,0,0,0,0,0,0,0,0,0,0,0,0,0,0,0
201812,21,209,3,6,Scott County                  ,26,26,4613987,1,2,210000,1,4,720000,0,0,0,26,26,4613987,1,2,210000,1,4,720000,0,0,0
201812,21,211,3,6,Shelby County                 ,6,6,1176006,0,0,0,0,0,0,0,0,0,6,6,1176006,0,0,0,0,0,0,0,0,0
201812,21,213,3,6,Simpson County                ,6,6,784700,0,0,0,0,0,0,0,0,0,6,6,784700,0,0,0,0,0,0,0,0,0
201812,21,215,3,6,Spencer County                ,6,6,1418441,0,0,0,0,0,0,0,0,0,6,6,1418441,0,0,0,0,0,0,0,0,0
201812,21,221,3,6,Trigg County                  ,0,0,0,0,0,0,0,0,0,0,0,0,0,0,0,0,0,0,0,0,0,0,0,0
201812,21,239,3,6,Woodford County               ,7,7,1328443,0,0,0,0,0,0,0,0,0,0,0,0,0,0,0,0,0,0,0,0,0
201812,22,005,3,7,Ascension Parish              ,82,82,11186570,0,0,0,0,0,0,0,0,0,77,77,10276350,0,0,0,0,0,0,0,0,0
201812,22,015,3,7,Bossier Parish                ,45,45,7180442,0,0,0,0,0,0,0,0,0,45,45,7180442,0,0,0,0,0,0,0,0,0
201812,22,017,3,7,Caddo Parish                  ,20,20,5193200,0,0,0,0,0,0,0,0,0,0,0,0,0,0,0,0,0,0,0,0,0
201812,22,031,3,7,De Soto Parish                ,3,3,776358,0,0,0,0,0,0,0,0,0,3,3,776358,0,0,0,0,0,0,0,0,0
201812,22,033,3,7,East Baton Rouge Parish       ,80,80,20600993,0,0,0,0,0,0,0,0,0,80,80,20600993,0,0,0,0,0,0,0,0,0
201812,22,037,3,7,East Feliciana Parish         ,3,3,585537,0,0,0,0,0,0,0,0,0,3,3,585537,0,0,0,0,0,0,0,0,0
201812,22,047,3,7,Iberville Parish              ,5,5,1229022,0,0,0,0,0,0,0,0,0,0,0,0,0,0,0,0,0,0,0,0,0
201812,22,051,3,7,Jefferson Parish              ,34,34,9828690,0,0,0,0,0,0,0,0,0,32,32,9206640,0,0,0,0,0,0,0,0,0
201812,22,055,3,7,Lafayette Parish              ,91,91,19325494,0,0,0,0,0,0,0,0,0,21,21,5332167,0,0,0,0,0,0,0,0,0
201812,22,063,3,7,Livingston Parish             ,78,78,15308952,0,0,0,0,0,0,0,0,0,75,75,14606087,0,0,0,0,0,0,0,0,0
201812,22,071,3,7,Orleans Parish                ,30,30,6754574,4,8,845589,0,0,0,1,12,2953699,0,0,0,0,0,0,0,0,0,0,0,0
201812,22,075,3,7,Plaquemines Parish            ,0,0,0,0,0,0,0,0,0,0,0,0,0,0,0,0,0,0,0,0,0,0,0,0
201812,22,077,3,7,Pointe Coupee Parish          ,0,0,0,0,0,0,0,0,0,0,0,0,0,0,0,0,0,0,0,0,0,0,0,0
201812,22,087,3,7,St. Bernard Parish            ,9,9,2170000,0,0,0,0,0,0,0,0,0,9,9,2170000,0,0,0,0,0,0,0,0,0
201812,22,089,3,7,St. Charles Parish            ,17,17,3515200,0,0,0,0,0,0,0,0,0,17,17,3515200,0,0,0,0,0,0,0,0,0
201812,22,091,3,7,St. Helena Parish             ,3,3,529317,0,0,0,0,0,0,0,0,0,0,0,0,0,0,0,0,0,0,0,0,0
201812,22,095,3,7,St. John the Baptist Parish   ,3,3,495093,0,0,0,0,0,0,0,0,0,0,0,0,0,0,0,0,0,0,0,0,0
201812,22,099,3,7,St. Martin Parish             ,11,11,1960233,0,0,0,0,0,0,0,0,0,1,1,135765,0,0,0,0,0,0,0,0,0
201812,22,103,3,7,St. Tammany Parish            ,107,107,27223486,0,0,0,0,0,0,0,0,0,103,103,25880419,0,0,0,0,0,0,0,0,0
201812,22,109,3,7,Terrebonne Parish             ,10,10,3813630,0,0,0,0,0,0,0,0,0,10,10,3813630,0,0,0,0,0,0,0,0,0
201812,22,121,3,7,West Baton Rouge Parish       ,15,15,2277244,0,0,0,0,0,0,0,0,0,3,3,325000,0,0,0,0,0,0,0,0,0
201812,22,125,3,7,West Feliciana Parish         ,3,3,1224284,0,0,0,0,0,0,0,0,0,0,0,0,0,0,0,0,0,0,0,0,0
201812,23,000,1,1,Maine Unorganized Territory   ,3,3,398401,0,0,0,0,0,0,0,0,0,0,0,0,0,0,0,0,0,0,0,0,0
201812,24,003,3,5,Anne Arundel County           ,123,123,20099763,0,0,0,0,0,0,0,0,0,123,123,20099763,0,0,0,0,0,0,0,0,0
201812,24,005,3,5,Baltimore County              ,63,63,15885999,0,0,0,0,0,0,1,248,39461539,63,63,15885999,0,0,0,0,0,0,1,248,39461539
201812,24,009,3,5,Calvert County                ,25,25,5910173,0,0,0,0,0,0,0,0,0,25,25,5910173,0,0,0,0,0,0,0,0,0
201812,24,013,3,5,Carroll County                ,22,22,5252606,0,0,0,0,0,0,0,0,0,22,22,5252606,0,0,0,0,0,0,0,0,0
201812,24,015,3,5,Cecil County                  ,14,14,3180454,0,0,0,0,0,0,0,0,0,14,14,3180454,0,0,0,0,0,0,0,0,0
201812,24,017,3,5,Charles County                ,33,33,8913103,0,0,0,0,0,0,0,0,0,30,30,8482000,0,0,0,0,0,0,0,0,0
201812,24,021,3,5,Frederick County              ,118,118,27931790,0,0,0,0,0,0,1,27,3431444,118,118,27931790,0,0,0,0,0,0,1,27,3431444
201812,24,023,3,5,Garrett County                ,3,3,1495000,0,0,0,0,0,0,0,0,0,3,3,1495000,0,0,0,0,0,0,0,0,0
201812,24,025,3,5,Harford County                ,71,71,12796540,0,0,0,0,0,0,0,0,0,70,70,12659326,0,0,0,0,0,0,0,0,0
201812,24,027,3,5,Howard County                 ,45,45,11027150,0,0,0,0,0,0,2,90,10620094,45,45,11027150,0,0,0,0,0,0,2,90,10620094
201812,24,031,3,5,Montgomery County             ,49,49,11551452,1,2,133333,0,0,0,2,96,14874925,47,47,11224718,0,0,0,0,0,0,2,96,14874925
201812,24,033,3,5,Prince George County          ,166,166,39331935,0,0,0,0,0,0,1,11,1203259,164,164,38770733,0,0,0,0,0,0,1,11,1203259
201812,24,035,3,5,Queen Anne County             ,4,4,849000,0,0,0,0,0,0,0,0,0,4,4,849000,0,0,0,0,0,0,0,0,0
201812,24,037,3,5,St. Marys County              ,29,29,5356900,0,0,0,0,0,0,0,0,0,29,29,5356900,0,0,0,0,0,0,0,0,0
201812,24,039,3,5,Somerset County               ,1,1,157695,0,0,0,0,0,0,0,0,0,0,0,0,0,0,0,0,0,0,0,0,0
201812,24,045,3,5,Wicomico County               ,10,10,1833279,0,0,0,0,0,0,1,6,516122,3,3,590304,0,0,0,0,0,0,1,6,516122
201812,24,510,3,5,Baltimore (Independent City)  ,1,1,175000,0,0,0,0,0,0,0,0,0,1,1,175000,0,0,0,0,0,0,0,0,0
201812,25,005,1,1,Bristol County                ,47,47,10253832,1,2,278500,0,0,0,1,5,610700,9,9,2531000,0,0,0,0,0,0,0,0,0
201812,25,009,1,1,Essex County                  ,53,53,15202750,2,4,619889,0,0,0,2,17,2538421,39,39,10600179,0,0,0,0,0,0,0,0,0
201812,25,017,1,1,Middlesex County              ,98,98,31958064,5,10,1517312,1,3,600000,10,227,29267629,45,45,14435971,0,0,0,0,0,0,3,130,14132396
201812,25,021,1,1,Norfolk County                ,59,59,40389791,2,4,703439,0,0,0,2,15,7922412,37,37,32712286,2,4,703439,0,0,0,0,0,6660970
201812,25,023,1,1,Plymouth County               ,77,77,17570748,1,2,306400,3,9,1141015,4,26,3651074,16,16,4261105,0,0,0,2,6,750000,1,10,1300000
201812,25,025,1,1,Suffolk County                ,13,13,3458265,6,12,1708169,14,47,5842457,22,442,58595147,13,13,3458265,5,10,1482193,14,47,5842457,20,430,55965918
201812,26,000,2,3,Michigan Balance of State     ,2,2,375622,0,0,0,0,0,0,0,0,0,0,0,0,0,0,0,0,0,0,0,0,0
201812,26,019,2,3,Benzie County                 ,5,5,984366,0,0,0,0,0,0,0,0,0,5,5,984366,0,0,0,0,0,0,0,0,0
201812,26,029,2,3,Charlevoix County             ,4,4,914416,0,0,0,0,0,0,0,0,0,0,0,0,0,0,0,0,0,0,0,0,0
201812,26,089,2,3,Leelanau County               ,16,16,3292340,0,0,0,0,0,0,0,0,0,16,16,3292340,0,0,0,0,0,0,0,0,0
201812,26,093,2,3,Livingston County             ,26,26,7604093,0,0,0,0,0,0,0,0,0,25,25,7345580,0,0,0,0,0,0,0,0,0
201812,26,095,2,3,Luce County                   ,0,0,0,0,0,0,0,0,0,0,0,0,0,0,0,0,0,0,0,0,0,0,0,0
201812,26,099,2,3,Macomb County                 ,49,49,16160905,0,0,0,0,0,0,0,0,0,49,49,16160905,0,0,0,0,0,0,0,0,0
201812,26,103,2,3,Marquette County              ,0,0,0,0,0,0,0,0,0,0,0,0,0,0,0,0,0,0,0,0,0,0,0,0
201812,26,137,2,3,Otsego County                 ,1,1,81000,0,0,0,0,0,0,0,0,0,0,0,0,0,0,0,0,0,0,0,0,0
201812,26,147,2,3,St. Clair County              ,7,7,995367,0,0,0,0,0,0,0,0,0,5,5,651300,0,0,0,0,0,0,0,0,0
201812,26,163,2,3,Wayne County                  ,31,31,9783024,0,0,0,3,12,1687048,2,17,2368012,22,22,8498013,0,0,0,3,12,1687048,1,10,1859980
201812,27,003,2,4,Anoka County                  ,60,60,16728901,0,0,0,0,0,0,1,5,639398,50,50,13960229,0,0,0,0,0,0,0,0,0
201812,27,019,2,4,Carver County                 ,38,38,12156001,1,2,522000,0,0,0,0,0,0,31,31,10490213,1,2,522000,0,0,0,0,0,0
201812,27,025,2,4,Chisago County                ,6,6,880716,0,0,0,0,0,0,0,0,0,6,6,880716,0,0,0,0,0,0,0,0,0
201812,27,027,2,4,Clay County                   ,2,2,544900,0,0,0,0,0,0,1,8,966667,1,1,269900,0,0,0,0,0,0,1,8,966667
201812,27,037,2,4,Dakota County                 ,78,78,23845532,0,0,0,0,0,0,0,0,0,64,64,18908348,0,0,0,0,0,0,0,0,0
201812,27,053,2,4,Hennepin County               ,137,137,51929711,2,4,780000,2,7,1499960,4,306,58479840,123,123,47084322,2,4,780000,2,7,1499960,4,306,58479840
201812,27,059,2,4,Isanti County                 ,10,10,1827084,0,0,0,0,0,0,0,0,0,10,10,1827084,0,0,0,0,0,0,0,0,0
201812,27,123,2,4,Ramsey County                 ,10,10,3896344,0,0,0,0,0,0,1,8,1267121,8,8,3381364,0,0,0,0,0,0,0,0,0
201812,27,139,2,4,Scott County                  ,48,48,15169487,0,0,0,1,4,642000,0,0,0,48,48,15169487,0,0,0,1,4,642000,0,0,0
201812,27,141,2,4,Sherburne County              ,8,8,1618732,0,0,0,0,0,0,0,0,0,8,8,1618732,0,0,0,0,0,0,0,0,0
201812,27,163,2,4,Washington County             ,47,47,15191783,0,0,0,0,0,0,0,0,0,41,41,13160321,0,0,0,0,0,0,0,0,0
201812,27,171,2,4,Wright County                 ,45,45,12986348,0,0,0,0,0,0,0,0,0,43,43,12564026,0,0,0,0,0,0,0,0,0
201812,28,033,3,6,DeSoto County                 ,84,84,20989091,0,0,0,0,0,0,0,0,0,56,56,17308667,0,0,0,0,0,0,0,0,0
201812,28,041,3,6,Greene County                 ,0,0,0,0,0,0,0,0,0,0,0,0,0,0,0,0,0,0,0,0,0,0,0,0
201812,28,045,3,6,Hancock County                ,30,30,5053024,0,0,0,1,3,301084,2,13,1100615,6,6,1289838,0,0,0,0,0,0,0,0,0
201812,28,047,3,6,Harrison County               ,73,73,11516789,0,0,0,0,0,0,0,0,0,65,65,10607981,0,0,0,0,0,0,0,0,0
201812,28,067,3,6,Jones County                  ,1,1,173265,0,0,0,0,0,0,0,0,0,1,1,173265,0,0,0,0,0,0,0,0,0
201812,28,129,3,6,Smith County                  ,0,0,0,0,0,0,0,0,0,0,0,0,0,0,0,0,0,0,0,0,0,0,0,0
201812,28,137,3,6,Tate County                   ,7,7,1195081,0,0,0,0,0,0,0,0,0,0,0,0,0,0,0,0,0,0,0,0,0
201812,28,143,3,6,Tunica County                 ,0,0,0,0,0,0,0,0,0,0,0,0,0,0,0,0,0,0,0,0,0,0,0,0
201812,28,145,3,6,Union County                  ,0,0,0,0,0,0,0,0,0,0,0,0,0,0,0,0,0,0,0,0,0,0,0,0
201812,28,149,3,6,Warren County                 ,0,0,0,0,0,0,0,0,0,0,0,0,0,0,0,0,0,0,0,0,0,0,0,0
201812,29,013,2,4,Bates County                  ,0,0,0,0,0,0,0,0,0,0,0,0,0,0,0,0,0,0,0,0,0,0,0,0
201812,29,017,2,4,Bollinger County              ,0,0,0,0,0,0,0,0,0,0,0,0,0,0,0,0,0,0,0,0,0,0,0,0
201812,29,019,2,4,Boone County                  ,22,22,5309571,0,0,0,0,0,0,0,0,0,22,22,5309571,0,0,0,0,0,0,0,0,0
201812,29,049,2,4,Clinton County                ,2,2,334756,0,0,0,0,0,0,0,0,0,0,0,0,0,0,0,0,0,0,0,0,0
201812,29,065,2,4,Dent County                   ,0,0,0,0,0,0,0,0,0,0,0,0,0,0,0,0,0,0,0,0,0,0,0,0
201812,29,071,2,4,Franklin County               ,28,28,5961067,0,0,0,0,0,0,0,0,0,28,28,5961067,0,0,0,0,0,0,0,0,0
201812,29,095,2,4,Jackson County                ,87,87,19164714,0,0,0,0,0,0,0,0,0,83,83,18050123,0,0,0,0,0,0,0,0,0
201812,29,099,2,4,Jefferson County              ,52,52,11109202,0,0,0,0,0,0,0,0,0,49,49,10614340,0,0,0,0,0,0,0,0,0
201812,29,105,2,4,Laclede County                ,0,0,0,0,0,0,0,0,0,0,0,0,0,0,0,0,0,0,0,0,0,0,0,0
201812,29,107,2,4,Lafayette County              ,2,2,460880,0,0,0,0,0,0,0,0,0,0,0,0,0,0,0,0,0,0,0,0,0
201812,29,113,2,4,Lincoln County                ,7,7,728595,0,0,0,0,0,0,0,0,0,5,5,225000,0,0,0,0,0,0,0,0,0
201812,29,165,2,4,Platte County                 ,17,17,4783592,0,0,0,0,0,0,0,0,0,6,6,1849000,0,0,0,0,0,0,0,0,0
201812,29,185,2,4,St. Clair County              ,0,0,0,0,0,0,0,0,0,0,0,0,0,0,0,0,0,0,0,0,0,0,0,0
201812,29,189,2,4,St. Louis County              ,60,60,26990704,0,0,0,0,0,0,0,0,0,53,53,22427413,0,0,0,0,0,0,0,0,0
201812,29,219,2,4,Warren County                 ,10,10,2553098,0,0,0,0,0,0,0,0,0,9,9,2295536,0,0,0,0,0,0,0,0,0
201812,29,221,2,4,Washington County             ,0,0,0,0,0,0,0,0,0,0,0,0,0,0,0,0,0,0,0,0,0,0,0,0
201812,29,510,2,4,St. Louis (Independent City)  ,5,5,1069322,0,0,0,0,0,0,0,0,0,5,5,1069322,0,0,0,0,0,0,0,0,0
201812,30,013,4,8,Cascade County                ,4,4,1235535,0,0,0,0,0,0,1,12,968000,4,4,1235535,0,0,0,0,0,0,1,12,968000
201812,30,033,4,8,Garfield County               ,0,0,0,0,0,0,0,0,0,0,0,0,0,0,0,0,0,0,0,0,0,0,0,0
201812,30,063,4,8,Missoula County               ,19,19,4721459,2,4,424424,1,4,84360,0,0,0,19,19,4721459,2,4,424424,1,4,84360,0,0,0
201812,30,093,4,8,Silver Bow County             ,2,2,128426,0,0,0,0,0,0,0,0,0,2,2,128426,0,0,0,0,0,0,0,0,0
201812,31,001,2,4,Adams County                  ,1,1,285000,0,0,0,0,0,0,0,0,0,0,0,0,0,0,0,0,0,0,0,0,0
201812,31,025,2,4,Cass County                   ,5,5,834704,0,0,0,0,0,0,0,0,0,0,0,0,0,0,0,0,0,0,0,0,0
201812,31,033,2,4,Cheyenne County               ,1,1,345000,0,0,0,0,0,0,0,0,0,1,1,345000,0,0,0,0,0,0,0,0,0
201812,31,055,2,4,Douglas County                ,44,44,7417897,0,0,0,0,0,0,1,149,7093629,38,38,6001048,0,0,0,0,0,0,1,149,7093629
201812,31,105,2,4,Kimball County                ,0,0,0,0,0,0,0,0,0,0,0,0,0,0,0,0,0,0,0,0,0,0,0,0
201812,31,153,2,4,Sarpy County                  ,49,49,13526138,0,0,0,0,0,0,0,0,0,27,27,7377702,0,0,0,0,0,0,0,0,0
201812,31,165,2,4,Sioux County                  ,0,0,0,0,0,0,0,0,0,0,0,0,0,0,0,0,0,0,0,0,0,0,0,0
201812,31,177,2,4,Washington County             ,7,7,2027125,0,0,0,0,0,0,0,0,0,7,7,2027125,0,0,0,0,0,0,0,0,0
201812,32,001,4,8,Churchill County              ,4,4,805927,0,0,0,0,0,0,0,0,0,4,4,805927,0,0,0,0,0,0,0,0,0
201812,32,003,4,8,Clark County                  ,466,466,102993005,0,0,0,6,18,2471034,2,12,1447506,466,466,102993005,0,0,0,6,18,2471034,2,12,1447506
201812,32,005,4,8,Douglas County                ,7,7,2482242,0,0,0,0,0,0,0,0,0,7,7,2482242,0,0,0,0,0,0,0,0,0
201812,32,007,4,8,Elko County                   ,9,9,1678144,0,0,0,0,0,0,0,0,0,9,9,1678144,0,0,0,0,0,0,0,0,0
201812,32,013,4,8,Humboldt County               ,1,1,140244,0,0,0,0,0,0,0,0,0,0,0,0,0,0,0,0,0,0,0,0,0
201812,32,015,4,8,Lander County                 ,0,0,0,0,0,0,0,0,0,0,0,0,0,0,0,0,0,0,0,0,0,0,0,0
201812,32,017,4,8,Lincoln County                ,0,0,0,0,0,0,0,0,0,0,0,0,0,0,0,0,0,0,0,0,0,0,0,0
201812,32,019,4,8,Lyon County                   ,35,35,9036944,0,0,0,0,0,0,0,0,0,35,35,9036944,0,0,0,0,0,0,0,0,0
201812,32,021,4,8,Mineral County                ,0,0,0,0,0,0,0,0,0,0,0,0,0,0,0,0,0,0,0,0,0,0,0,0
201812,32,027,4,8,Pershing County               ,1,1,65670,0,0,0,0,0,0,0,0,0,0,0,0,0,0,0,0,0,0,0,0,0
201812,32,029,4,8,Storey County                 ,0,0,0,0,0,0,0,0,0,0,0,0,0,0,0,0,0,0,0,0,0,0,0,0
201812,32,031,4,8,Washoe County                 ,169,169,46989698,0,0,0,0,0,0,30,357,37866371,169,169,46989698,0,0,0,0,0,0,30,357,37866371
201812,32,033,4,8,White Pine County             ,0,0,0,0,0,0,0,0,0,0,0,0,0,0,0,0,0,0,0,0,0,0,0,0
201812,32,510,4,8,Carson City (Independent City),11,11,2865241,0,0,0,0,0,0,3,50,5014664,11,11,2865241,0,0,0,0,0,0,3,50,5014664
201812,33,015,1,1,Rockingham County             ,28,28,8010776,3,6,654300,1,4,400000,1,5,492136,15,15,4769298,1,2,254300,0,0,0,0,0,0
201812,33,017,1,1,Strafford County              ,15,15,2693542,0,0,0,0,0,0,1,8,600000,13,13,2227070,0,0,0,0,0,0,1,8,600000
201812,34,001,1,2,Atlantic County               ,31,31,7367405,0,0,0,0,0,0,2,41,5062052,28,28,6776805,0,0,0,0,0,0,0,0,0
201812,34,003,1,2,Bergen County                 ,57,57,16949912,8,16,2764906,0,0,0,9,112,9935896,27,27,8337100,6,12,2146500,0,0,0,1,5,200000
201812,34,005,1,2,Burlington County             ,40,40,4454280,0,0,0,0,0,0,4,24,2390793,13,13,2163094,0,0,0,0,0,0,0,0,48000
201812,34,007,1,2,Camden County                 ,14,14,2227555,0,0,0,0,0,0,11,74,1029832,9,9,1687156,0,0,0,0,0,0,10,66,602700
201812,34,009,1,2,Cape May County               ,41,41,12954006,4,8,991550,0,0,0,0,0,0,38,38,12298689,4,8,991550,0,0,0,0,0,0
201812,34,011,1,2,Cumberland County             ,5,5,504669,0,0,0,0,0,0,0,0,0,1,1,133000,0,0,0,0,0,0,0,0,0
201812,34,013,1,2,Essex County                  ,36,36,5243141,1,2,201850,2,6,852701,8,189,20778317,17,17,3114352,0,0,0,1,3,7000,2,101,13145483
201812,34,015,1,2,Gloucester County             ,31,31,3488526,0,0,0,0,0,0,1,5,590971,27,27,3060557,0,0,0,0,0,0,0,0,0
201812,34,017,1,2,Hudson County                 ,17,17,2502300,5,10,1228500,1,3,350000,5,123,12330397,16,16,2257000,5,10,1228500,1,3,350000,4,105,8967200
201812,34,019,1,2,Hunterdon County              ,12,12,2452317,1,2,233200,0,0,0,2,12,607868,11,11,2378255,0,0,0,0,0,0,0,0,0
201812,34,021,1,2,Mercer County                 ,10,10,2854784,0,0,0,5,18,518164,1,5,2892,8,8,1346601,0,0,0,0,0,0,0,0,0
201812,34,023,1,2,Middlesex County              ,58,58,12117358,0,0,0,0,0,0,2,34,2516963,48,48,10310739,0,0,0,0,0,0,0,0,0
201812,34,025,1,2,Monmouth County               ,54,54,16202862,0,0,0,0,0,0,2,20,1547645,34,34,9626848,0,0,0,0,0,0,0,0,0
201812,34,027,1,2,Morris County                 ,54,54,11938854,1,2,250000,4,15,490801,7,145,14655955,43,43,9305280,1,2,250000,1,3,3500,5,135,13846000
201812,34,029,1,2,Ocean County                  ,127,127,33208168,1,2,314200,0,0,0,1,24,2518000,125,125,32785799,1,2,314200,0,0,0,1,24,2518000
201812,34,031,1,2,Passaic County                ,3,3,896982,0,0,0,0,0,0,5,68,5386929,2,2,688790,0,0,0,0,0,0,2,42,3229000
201812,34,033,1,2,Salem County                  ,1,1,104000,0,0,0,0,0,0,0,0,0,1,1,104000,0,0,0,0,0,0,0,0,0
201812,34,035,1,2,Somerset County               ,19,19,8750374,0,0,0,0,0,0,3,22,1496799,8,8,4661000,0,0,0,0,0,0,0,0,0
201812,34,037,1,2,Sussex County                 ,7,7,1292117,12,24,1900000,0,0,0,0,0,0,6,6,1013250,12,24,1900000,0,0,0,0,0,0
201812,34,039,1,2,Union County                  ,30,30,4432385,9,18,1495500,0,0,0,3,19,1096221,23,23,3131550,9,18,1495500,0,0,0,0,0,0
201812,34,041,1,2,Warren County                 ,4,4,718942,0,0,0,0,0,0,1,7,252761,2,2,315575,0,0,0,0,0,0,0,0,0
201812,35,000,4,8,New Mexico Balance of State   ,21,21,5694167,0,0,0,0,0,0,0,0,0,0,0,0,0,0,0,0,0,0,0,0,0
201812,35,001,4,8,Bernalillo County             ,89,89,18632001,0,0,0,0,0,0,1,18,1775857,9,9,3197521,0,0,0,0,0,0,0,0,0
201812,35,005,4,8,Chaves County                 ,3,3,533317,0,0,0,0,0,0,0,0,0,2,2,400000,0,0,0,0,0,0,0,0,0
201812,35,009,4,8,Curry County                  ,3,3,759531,0,0,0,0,0,0,1,5,460938,0,0,0,0,0,0,0,0,0,0,0,0
201812,35,013,4,8,Dona Ana County               ,65,65,14266898,0,0,0,0,0,0,0,0,0,55,55,11397795,0,0,0,0,0,0,0,0,0
201812,35,015,4,8,Eddy County                   ,9,9,2381291,0,0,0,0,0,0,0,0,0,9,9,2381291,0,0,0,0,0,0,0,0,0
201812,35,017,4,8,Grant County                  ,0,0,0,0,0,0,0,0,0,0,0,0,0,0,0,0,0,0,0,0,0,0,0,0
201812,35,025,4,8,Lea County                    ,11,11,2327826,0,0,0,0,0,0,0,0,0,11,11,2327826,0,0,0,0,0,0,0,0,0
201812,35,027,4,8,Lincoln County                ,8,8,4072230,0,0,0,0,0,0,0,0,0,8,8,4072230,0,0,0,0,0,0,0,0,0
201812,35,028,4,8,Los Alamos County             ,1,1,290963,0,0,0,1,3,337500,0,0,0,0,0,0,0,0,0,0,0,0,0,0,0
201812,35,029,4,8,Luna County                   ,1,1,186608,0,0,0,0,0,0,0,0,0,0,0,0,0,0,0,0,0,0,0,0,0
201812,35,031,4,8,McKinley County               ,0,0,0,0,0,0,0,0,0,0,0,0,0,0,0,0,0,0,0,0,0,0,0,0
201812,35,035,4,8,Otero County                  ,0,0,0,0,0,0,0,0,0,0,0,0,0,0,0,0,0,0,0,0,0,0,0,0
201812,35,041,4,8,Roosevelt County              ,1,1,151019,0,0,0,0,0,0,0,0,0,0,0,0,0,0,0,0,0,0,0,0,0
201812,35,043,4,8,Sandoval County               ,48,48,10606887,0,0,0,0,0,0,1,7,291666,0,0,0,0,0,0,0,0,0,0,0,0
201812,35,045,4,8,San Juan County               ,8,8,1423682,0,0,0,0,0,0,0,0,0,4,4,672470,0,0,0,0,0,0,0,0,0
201812,35,047,4,8,San Miguel County             ,0,0,0,0,0,0,0,0,0,0,0,0,0,0,0,0,0,0,0,0,0,0,0,0
201812,35,049,4,8,Santa Fe County               ,10,10,1734824,0,0,0,0,0,0,5,25,1957000,10,10,1734824,0,0,0,0,0,0,5,25,1957000
201812,35,051,4,8,Sierra County                 ,0,0,0,0,0,0,0,0,0,0,0,0,0,0,0,0,0,0,0,0,0,0,0,0
201812,35,055,4,8,Taos County                   ,5,5,548279,0,0,0,0,0,0,0,0,0,0,0,0,0,0,0,0,0,0,0,0,0
201812,35,061,4,8,Valencia County               ,8,8,1460044,0,0,0,0,0,0,0,0,0,8,8,1460044,0,0,0,0,0,0,0,0,0
201812,36,001,1,2,Albany County                 ,7,7,1646143,0,0,0,0,0,0,1,8,1312405,6,6,1444870,0,0,0,0,0,0,0,0,0
201812,36,005,1,2,Bronx County                  ,0,0,0,6,12,1778632,0,0,0,7,237,30846331,0,0,0,6,12,1778632,0,0,0,7,237,30846331
201812,36,029,1,2,Erie County                   ,48,48,11069084,1,2,238613,0,0,0,1,19,4252887,31,31,6894677,1,2,238613,0,0,0,0,0,0
201812,36,047,1,2,Kings County                  ,5,5,1330102,3,6,889316,18,58,7209841,27,1652,215013246,5,5,1330102,3,6,889316,18,58,7209841,27,1652,215013246
201812,36,051,1,2,Livingston County             ,3,3,498500,0,0,0,0,0,0,1,5,250000,0,0,0,0,0,0,0,0,0,0,0,0
201812,36,055,1,2,Monroe County                 ,44,44,9471989,0,0,0,1,3,385934,1,12,1286742,29,29,7220042,0,0,0,0,0,0,0,0,0
201812,36,059,1,2,Nassau County                 ,46,46,18132758,1,2,302667,0,0,0,2,25,3162521,28,28,9798620,0,0,0,0,0,0,0,0,0
201812,36,061,1,2,New York County               ,0,0,0,0,0,0,0,0,0,5,297,38655529,0,0,0,0,0,0,0,0,0,5,297,38655529
201812,36,063,1,2,Niagara County                ,4,4,498682,0,0,0,0,0,0,1,5,416667,1,1,50000,0,0,0,0,0,0,0,0,0
201812,36,069,1,2,Ontario County                ,14,14,3737970,0,0,0,1,3,78000,0,0,0,11,11,2989860,0,0,0,0,0,0,0,0,0
201812,36,073,1,2,Orleans County                ,0,0,0,0,0,0,0,0,0,0,0,0,0,0,0,0,0,0,0,0,0,0,0,0
201812,36,079,1,2,Putnam County                 ,2,2,627267,0,0,0,0,0,0,0,0,0,1,1,420000,0,0,0,0,0,0,0,0,0
201812,36,081,1,2,Queens County                 ,3,3,798061,10,20,2964386,4,13,1615999,4,48,6247358,3,3,798061,10,20,2964386,4,13,1615999,4,48,6247358
201812,36,083,1,2,Rensselaer County             ,7,7,1773203,0,0,0,0,0,0,0,0,0,2,2,550900,0,0,0,0,0,0,0,0,0
201812,36,085,1,2,Richmond County               ,17,17,4522347,9,18,2667947,0,0,0,0,0,0,17,17,4522347,9,18,2667947,0,0,0,0,0,0
201812,36,087,1,2,Rockland County               ,2,2,507168,3,6,875953,1,4,436711,2,15,2187075,0,0,0,0,0,0,0,0,0,0,0,0
201812,36,091,1,2,Saratoga County               ,37,37,9910335,0,0,0,1,3,487500,1,6,251100,31,31,7960963,0,0,0,0,0,0,0,0,0
201812,36,093,1,2,Schenectady County            ,5,5,1001114,0,0,0,0,0,0,0,0,0,3,3,700000,0,0,0,0,0,0,0,0,0
201812,36,095,1,2,Schoharie County              ,5,5,730838,0,0,0,0,0,0,0,0,0,3,3,360000,0,0,0,0,0,0,0,0,0
201812,36,099,1,2,Seneca County                 ,4,4,988805,0,0,0,0,0,0,0,0,0,4,4,988805,0,0,0,0,0,0,0,0,0
201812,36,103,1,2,Suffolk County                ,59,59,30398333,0,0,0,0,0,0,0,0,0,52,52,26545913,0,0,0,0,0,0,0,0,0
201812,36,117,1,2,Wayne County                  ,5,5,887550,0,0,0,0,0,0,0,0,0,4,4,687300,0,0,0,0,0,0,0,0,0
201812,36,119,1,2,Westchester County            ,18,18,9244949,2,4,1038000,0,0,0,3,44,5469908,13,13,6372620,2,4,1038000,0,0,0,0,0,0
201812,37,007,3,5,Anson County                  ,3,3,449595,0,0,0,0,0,0,0,0,0,0,0,0,0,0,0,0,0,0,0,0,0
201812,37,011,3,5,Avery County                  ,6,6,2859505,0,0,0,1,4,600000,0,0,0,6,6,2859505,0,0,0,1,4,600000,0,0,0
201812,37,015,3,5,Bertie County                 ,2,2,343685,0,0,0,0,0,0,0,0,0,2,2,343685,0,0,0,0,0,0,0,0,0
201812,37,025,3,5,Cabarrus County               ,88,88,16373733,0,0,0,0,0,0,1,60,5904024,88,88,16373733,0,0,0,0,0,0,1,60,5904024
201812,37,033,3,5,Caswell County                ,2,2,370826,0,0,0,0,0,0,0,0,0,0,0,0,0,0,0,0,0,0,0,0,0
201812,37,037,3,5,Chatham County                ,43,43,13357738,0,0,0,0,0,0,0,0,0,41,41,13157643,0,0,0,0,0,0,0,0,0
201812,37,051,3,5,Cumberland County             ,28,28,5437476,0,0,0,0,0,0,0,0,0,28,28,5437476,0,0,0,0,0,0,0,0,0
201812,37,053,3,5,Currituck County              ,34,34,7496527,0,0,0,0,0,0,0,0,0,34,34,7496527,0,0,0,0,0,0,0,0,0
201812,37,059,3,5,Davie County                  ,10,10,2395584,0,0,0,0,0,0,1,9,406065,0,0,0,0,0,0,0,0,0,0,0,0
201812,37,063,3,5,Durham County                 ,129,129,24842104,0,0,0,0,0,0,4,131,10435639,0,0,0,0,0,0,0,0,0,0,0,0
201812,37,069,3,5,Franklin County               ,39,39,7294773,0,0,0,0,0,0,0,0,0,39,39,7294773,0,0,0,0,0,0,0,0,0
201812,37,071,3,5,Gaston County                 ,120,120,28945263,0,0,0,0,0,0,0,0,0,120,120,28945263,0,0,0,0,0,0,0,0,0
201812,37,077,3,5,Granville County              ,15,15,3954344,0,0,0,0,0,0,0,0,0,15,15,3954344,0,0,0,0,0,0,0,0,0
201812,37,081,3,5,Guilford County               ,85,85,22944672,0,0,0,0,0,0,0,0,0,65,65,20353902,0,0,0,0,0,0,0,0,0
201812,37,089,3,5,Henderson County              ,24,24,7275636,0,0,0,0,0,0,0,0,0,24,24,7275636,0,0,0,0,0,0,0,0,0
201812,37,093,3,5,Hoke County                   ,22,22,5200952,0,0,0,0,0,0,0,0,0,22,22,5200952,0,0,0,0,0,0,0,0,0
201812,37,097,3,5,Iredell County                ,66,66,17691111,0,0,0,0,0,0,1,16,1721764,66,66,17691111,0,0,0,0,0,0,1,16,1721764
201812,37,101,3,5,Johnston County               ,151,151,26532767,0,0,0,0,0,0,0,0,0,109,109,20683731,0,0,0,0,0,0,0,0,0
201812,37,119,3,5,Mecklenburg County            ,445,445,105201073,2,4,490000,1,4,411501,49,1739,192385659,445,445,105201073,2,4,490000,1,4,411501,49,1739,192385659
201812,37,133,3,5,Onslow County                 ,83,83,11300700,0,0,0,0,0,0,0,0,0,73,73,9767337,0,0,0,0,0,0,0,0,0
201812,37,135,3,5,Orange County                 ,23,23,7590135,0,0,0,0,0,0,0,0,0,23,23,7590135,0,0,0,0,0,0,0,0,0
201812,37,145,3,5,Person County                 ,4,4,894500,0,0,0,0,0,0,0,0,0,4,4,894500,0,0,0,0,0,0,0,0,0
201812,37,151,3,5,Randolph County               ,11,11,3628597,0,0,0,0,0,0,0,0,0,11,11,3628597,0,0,0,0,0,0,0,0,0
201812,37,157,3,5,Rockingham County             ,10,10,2644043,0,0,0,0,0,0,0,0,0,10,10,2644043,0,0,0,0,0,0,0,0,0
201812,37,179,3,5,Union County                  ,90,90,18183515,0,0,0,0,0,0,0,0,0,90,90,18183515,0,0,0,0,0,0,0,0,0
201812,37,181,3,5,Vance County                  ,2,2,333549,0,0,0,0,0,0,0,0,0,2,2,333549,0,0,0,0,0,0,0,0,0
201812,37,183,3,5,Wake County                   ,488,488,118728777,0,0,0,0,0,0,0,0,0,488,488,118728777,0,0,0,0,0,0,0,0,0
201812,37,195,3,5,Wilson County                 ,22,22,3675454,0,0,0,0,0,0,0,0,0,22,22,3675454,0,0,0,0,0,0,0,0,0
201812,39,007,2,3,Ashtabula County              ,2,2,473000,1,2,220000,0,0,0,0,0,0,2,2,473000,1,2,220000,0,0,0,0,0,0
201812,39,015,2,3,Brown County                  ,10,10,2585132,0,0,0,0,0,0,0,0,0,10,10,2585132,0,0,0,0,0,0,0,0,0
201812,39,017,2,3,Butler County                 ,33,33,7970046,0,0,0,0,0,0,0,0,0,26,26,6723731,0,0,0,0,0,0,0,0,0
201812,39,025,2,3,Clermont County               ,33,33,6626291,0,0,0,0,0,0,0,0,0,33,33,6626291,0,0,0,0,0,0,0,0,0
201812,39,041,2,3,Delaware County               ,32,32,9190188,0,0,0,0,0,0,1,5,613639,27,27,7552763,0,0,0,0,0,0,0,0,0
201812,39,049,2,3,Franklin County               ,61,61,22666251,2,4,628200,0,0,0,3,16,2755000,56,56,21007792,2,4,628200,0,0,0,2,11,2530000
201812,39,055,2,3,Geauga County                 ,8,8,3548000,0,0,0,0,0,0,0,0,0,8,8,3548000,0,0,0,0,0,0,0,0,0
201812,39,085,2,3,Lake County                   ,20,20,4959320,0,0,0,0,0,0,0,0,0,20,20,4959320,0,0,0,0,0,0,0,0,0
201812,39,089,2,3,Licking County                ,4,4,950135,0,0,0,0,0,0,0,0,0,4,4,950135,0,0,0,0,0,0,0,0,0
201812,39,093,2,3,Lorain County                 ,62,62,12425613,2,4,637000,1,3,465000,0,0,0,59,59,11882725,2,4,637000,1,3,465000,0,0,0
201812,39,097,2,3,Madison County                ,3,3,740376,0,0,0,0,0,0,0,0,0,1,1,311000,0,0,0,0,0,0,0,0,0
201812,39,103,2,3,Medina County                 ,10,10,1563045,0,0,0,0,0,0,0,0,0,10,10,1563045,0,0,0,0,0,0,0,0,0
201812,39,117,2,3,Morrow County                 ,3,3,288513,0,0,0,0,0,0,0,0,0,1,1,258513,0,0,0,0,0,0,0,0,0
201812,39,159,2,3,Union County                  ,25,25,7299640,0,0,0,0,0,0,0,0,0,25,25,7299640,0,0,0,0,0,0,0,0,0
201812,39,165,2,3,Warren County                 ,68,68,18473764,0,0,0,0,0,0,2,104,11733552,59,59,16109216,0,0,0,0,0,0,2,104,11733552
201812,40,001,3,7,Adair County                  ,1,1,177418,0,0,0,0,0,0,0,0,0,0,0,0,0,0,0,0,0,0,0,0,0
201812,40,017,3,7,Canadian County               ,33,33,7719175,3,6,390000,0,0,0,0,0,0,33,33,7719175,3,6,390000,0,0,0,0,0,0
201812,40,021,3,7,Cherokee County               ,4,4,524953,0,0,0,0,0,0,0,0,0,0,0,0,0,0,0,0,0,0,0,0,0
201812,40,027,3,7,Cleveland County              ,39,39,10760385,0,0,0,0,0,0,0,0,0,35,35,10221785,0,0,0,0,0,0,0,0,0
201812,40,029,3,7,Coal County                   ,0,0,0,0,0,0,0,0,0,0,0,0,0,0,0,0,0,0,0,0,0,0,0,0
201812,40,037,3,7,Creek County                  ,3,3,731494,0,0,0,0,0,0,0,0,0,0,0,0,0,0,0,0,0,0,0,0,0
201812,40,051,3,7,Grady County                  ,2,2,472814,0,0,0,0,0,0,0,0,0,2,2,472814,0,0,0,0,0,0,0,0,0
201812,40,055,3,7,Greer County                  ,0,0,0,0,0,0,0,0,0,0,0,0,0,0,0,0,0,0,0,0,0,0,0,0
201812,40,081,3,7,Lincoln County                ,1,1,236407,0,0,0,0,0,0,0,0,0,1,1,236407,0,0,0,0,0,0,0,0,0
201812,40,083,3,7,Logan County                  ,2,2,389880,0,0,0,0,0,0,0,0,0,2,2,389880,0,0,0,0,0,0,0,0,0
201812,40,087,3,7,McClain County                ,26,26,5316698,0,0,0,0,0,0,0,0,0,10,10,2073760,0,0,0,0,0,0,0,0,0
201812,40,109,3,7,Oklahoma County               ,255,255,60923798,6,12,900000,1,4,300000,0,0,0,252,252,60469014,6,12,900000,1,4,300000,0,0,0
201812,40,111,3,7,Okmulgee County               ,0,0,0,0,0,0,0,0,0,0,0,0,0,0,0,0,0,0,0,0,0,0,0,0
201812,40,113,3,7,Osage County                  ,5,5,785260,0,0,0,0,0,0,0,0,0,5,5,785260,0,0,0,0,0,0,0,0,0
201812,40,117,3,7,Pawnee County                 ,1,1,227500,0,0,0,0,0,0,0,0,0,0,0,0,0,0,0,0,0,0,0,0,0
201812,40,131,3,7,Rogers County                 ,36,36,7249252,0,0,0,0,0,0,0,0,0,36,36,7249252,0,0,0,0,0,0,0,0,0
201812,40,143,3,7,Tulsa County                  ,113,113,25618491,0,0,0,0,0,0,0,0,0,102,102,24035756,0,0,0,0,0,0,0,0,0
201812,40,145,3,7,Wagoner County                ,25,25,5102000,0,0,0,0,0,0,0,0,0,25,25,5102000,0,0,0,0,0,0,0,0,0
201812,41,000,4,9,Oregon Balance of State       ,9,9,998341,0,0,0,0,0,0,0,0,0,0,0,0,0,0,0,0,0,0,0,0,0
201812,41,005,4,9,Clackamas County              ,91,91,25779887,0,0,0,0,0,0,1,12,1745004,83,83,21793440,0,0,0,0,0,0,0,0,0
201812,41,017,4,9,Deschutes County              ,109,109,26709762,2,4,390734,1,3,541400,0,0,0,86,86,20957357,2,4,390734,1,3,541400,0,0,0
201812,41,019,4,9,Douglas County                ,13,13,3473252,1,2,340856,0,0,0,0,0,0,13,13,3473252,1,2,340856,0,0,0,0,0,0
201812,41,025,4,9,Harney County                 ,0,0,0,0,0,0,0,0,0,0,0,0,0,0,0,0,0,0,0,0,0,0,0,0
201812,41,035,4,9,Klamath County                ,4,4,1114928,0,0,0,0,0,0,0,0,0,4,4,1114928,0,0,0,0,0,0,0,0,0
201812,41,051,4,9,Multnomah County              ,89,89,24252091,10,20,4027464,3,10,1115974,8,639,103441135,89,89,24252091,10,20,4027464,3,10,1115974,8,639,103441135
201812,41,067,4,9,Washington County             ,92,92,27288601,0,0,0,0,0,0,0,0,0,91,91,27049820,0,0,0,0,0,0,0,0,0
201812,41,071,4,9,Yamhill County                ,23,23,7604164,0,0,0,0,0,0,0,0,0,0,0,0,0,0,0,0,0,0,0,0,0
201812,42,001,1,2,Adams County                  ,8,8,1658244,0,0,0,0,0,0,0,0,0,8,8,1658244,0,0,0,0,0,0,0,0,0
201812,42,017,1,2,Bucks County                  ,48,48,10804370,0,0,0,0,0,0,0,0,0,24,24,5580138,0,0,0,0,0,0,0,0,0
201812,42,029,1,2,Chester County                ,96,96,21162292,0,0,0,0,0,0,0,0,0,75,75,16951811,0,0,0,0,0,0,0,0,0
201812,42,037,1,2,Columbia County               ,2,2,447100,0,0,0,0,0,0,0,0,0,0,0,0,0,0,0,0,0,0,0,0,0
201812,42,041,1,2,Cumberland County             ,40,40,7430823,0,0,0,0,0,0,2,20,1772400,37,37,6936978,0,0,0,0,0,0,2,20,1772400
201812,42,043,1,2,Dauphin County                ,23,23,5982242,0,0,0,1,3,449370,0,0,0,18,18,4842522,0,0,0,1,3,449370,0,0,0
201812,42,045,1,2,Delaware County               ,21,21,6089951,0,0,0,0,0,0,0,0,0,6,6,2208134,0,0,0,0,0,0,0,0,0
201812,42,055,1,2,Franklin County               ,13,13,2141086,0,0,0,0,0,0,1,5,487529,3,3,586020,0,0,0,0,0,0,0,0,0
201812,42,091,1,2,Montgomery County             ,81,81,18714534,1,2,200000,4,16,2462000,3,39,5304710,61,61,14593361,0,0,0,4,16,2462000,2,11,1788333
201812,42,093,1,2,Montour County                ,1,1,260606,0,0,0,0,0,0,0,0,0,0,0,0,0,0,0,0,0,0,0,0,0
201812,42,099,1,2,Perry County                  ,6,6,1567074,0,0,0,0,0,0,0,0,0,0,0,0,0,0,0,0,0,0,0,0,0
201812,42,101,1,2,Philadelphia County           ,64,64,17025306,27,54,8003842,18,57,7085533,8,100,13015330,64,64,17025306,27,54,8003842,18,57,7085533,8,100,13015330
201812,42,103,1,2,Pike County                   ,5,5,1151662,0,0,0,0,0,0,0,0,0,4,4,893550,0,0,0,0,0,0,0,0,0
201812,44,001,1,1,Bristol County                ,4,4,1050144,0,0,0,0,0,0,0,0,0,3,3,549882,0,0,0,0,0,0,0,0,0
201812,44,003,1,1,Kent County                   ,8,8,1333760,2,4,454915,0,0,0,0,0,0,4,4,770700,2,4,454915,0,0,0,0,0,0
201812,44,005,1,1,Newport County                ,7,7,1945184,0,0,0,0,0,0,0,0,0,4,4,1122041,0,0,0,0,0,0,0,0,0
201812,44,007,1,1,Providence County             ,22,22,3775545,1,2,180000,0,0,0,0,0,0,7,7,1096340,0,0,0,0,0,0,0,0,0
201812,44,009,1,1,Washington County             ,17,17,4824242,0,0,0,0,0,0,0,0,0,13,13,3518155,0,0,0,0,0,0,0,0,0
201812,45,003,3,5,Aiken County                  ,63,63,12808687,0,0,0,0,0,0,1,8,642857,56,56,11274540,0,0,0,0,0,0,0,0,0
201812,45,009,3,5,Bamberg County                ,1,1,300000,0,0,0,0,0,0,0,0,0,1,1,300000,0,0,0,0,0,0,0,0,0
201812,45,015,3,5,Berkeley County               ,100,100,30379720,2,4,1218366,0,0,0,15,364,47387956,81,81,26926976,2,4,1218366,0,0,0,15,364,47387956
201812,45,017,3,5,Calhoun County                ,2,2,295569,0,0,0,0,0,0,0,0,0,0,0,0,0,0,0,0,0,0,0,0,0
201812,45,019,3,5,Charleston County             ,179,179,61722113,0,0,0,0,0,0,4,134,19736899,73,73,30787925,0,0,0,0,0,0,0,0,0
201812,45,035,3,5,Dorchester County             ,37,37,10407500,0,0,0,0,0,0,0,0,0,37,37,10407500,0,0,0,0,0,0,0,0,0
201812,45,037,3,5,Edgefield County              ,18,18,4096303,0,0,0,0,0,0,0,0,0,18,18,4096303,0,0,0,0,0,0,0,0,0
201812,45,039,3,5,Fairfield County              ,4,4,1198540,0,0,0,0,0,0,0,0,0,4,4,1198540,0,0,0,0,0,0,0,0,0
201812,45,045,3,5,Greenville County             ,231,231,54368986,1,2,500000,2,6,713771,2,49,3449882,220,220,52334693,1,2,500000,1,3,500000,0,0,0
201812,45,051,3,5,Horry County                  ,259,259,18776871,0,0,0,0,0,0,1,5,1050000,239,239,13726593,0,0,0,0,0,0,1,5,1050000
201812,45,055,3,5,Kershaw County                ,16,16,2422085,0,0,0,0,0,0,0,0,0,16,16,2422085,0,0,0,0,0,0,0,0,0
201812,45,059,3,5,Laurens County                ,12,12,1259692,0,0,0,0,0,0,0,0,0,12,12,1259692,0,0,0,0,0,0,0,0,0
201812,45,063,3,5,Lexington County              ,124,124,31167759,0,0,0,0,0,0,0,0,0,28,28,6486306,0,0,0,0,0,0,0,0,0
201812,45,077,3,5,Pickens County                ,36,36,12604838,0,0,0,0,0,0,1,19,2320952,26,26,10268271,0,0,0,0,0,0,0,0,0
201812,45,079,3,5,Richland County               ,134,134,18311529,0,0,0,0,0,0,2,40,2257710,21,21,4035679,0,0,0,0,0,0,0,0,0
201812,45,081,3,5,Saluda County                 ,3,3,736552,0,0,0,0,0,0,0,0,0,0,0,0,0,0,0,0,0,0,0,0,0
201812,45,085,3,5,Sumter County                 ,15,15,2033790,0,0,0,0,0,0,0,0,0,0,0,0,0,0,0,0,0,0,0,0,0
201812,45,091,3,5,York County                   ,180,180,57763471,0,0,0,0,0,0,3,43,5067556,44,44,12401063,0,0,0,0,0,0,1,6,1207730
201812,46,007,2,4,Bennett County                ,0,0,0,0,0,0,0,0,0,0,0,0,0,0,0,0,0,0,0,0,0,0,0,0
201812,46,055,2,4,Haakon County                 ,0,0,0,0,0,0,0,0,0,0,0,0,0,0,0,0,0,0,0,0,0,0,0,0
201812,46,071,2,4,Jackson County                ,0,0,0,0,0,0,0,0,0,0,0,0,0,0,0,0,0,0,0,0,0,0,0,0
201812,46,111,2,4,Sanborn County                ,0,0,0,0,0,0,0,0,0,0,0,0,0,0,0,0,0,0,0,0,0,0,0,0
201812,47,001,3,6,Anderson County               ,15,15,2981137,0,0,0,0,0,0,0,0,0,15,15,2981137,0,0,0,0,0,0,0,0,0
201812,47,015,3,6,Cannon County                 ,0,0,0,0,0,0,0,0,0,0,0,0,0,0,0,0,0,0,0,0,0,0,0,0
201812,47,021,3,6,Cheatham County               ,21,21,4421358,0,0,0,0,0,0,0,0,0,16,16,3779295,0,0,0,0,0,0,0,0,0
201812,47,037,3,6,Davidson County               ,337,337,81255787,0,0,0,1,3,390032,4,98,10719946,337,337,81255787,0,0,0,1,3,390032,4,98,10719946
201812,47,043,3,6,Dickson County                ,18,18,3523237,0,0,0,0,0,0,0,0,0,3,3,601814,0,0,0,0,0,0,0,0,0
201812,47,049,3,6,Fentress County               ,0,0,0,0,0,0,0,0,0,0,0,0,0,0,0,0,0,0,0,0,0,0,0,0
201812,47,081,3,6,Hickman County                ,5,5,888181,0,0,0,0,0,0,0,0,0,0,0,0,0,0,0,0,0,0,0,0,0
201812,47,093,3,6,Knox County                   ,104,104,22646323,2,4,590000,0,0,0,2,66,5310255,11,11,2844807,2,4,590000,0,0,0,0,0,0
201812,47,105,3,6,Loudon County                 ,31,31,8371232,0,0,0,0,0,0,0,0,0,28,28,7866742,0,0,0,0,0,0,0,0,0
201812,47,125,3,6,Montgomery County             ,76,76,12473734,0,0,0,2,8,556000,0,0,0,29,29,4116325,0,0,0,2,8,556000,0,0,0
201812,47,139,3,6,Polk County                   ,13,13,2341613,0,0,0,0,0,0,0,0,0,0,0,0,0,0,0,0,0,0,0,0,0
201812,47,149,3,6,Rutherford County             ,183,183,45656069,1,2,200000,0,0,0,2,26,2055788,162,162,42427424,1,2,200000,0,0,0,1,12,1100000
201812,47,153,3,6,Sequatchie County             ,1,1,100000,0,0,0,0,0,0,0,0,0,1,1,100000,0,0,0,0,0,0,0,0,0
201812,47,157,3,6,Shelby County                 ,5,5,1639800,0,0,0,0,0,0,0,0,0,5,5,1639800,0,0,0,0,0,0,0,0,0
201812,47,159,3,6,Smith County                  ,0,0,0,0,0,0,0,0,0,0,0,0,0,0,0,0,0,0,0,0,0,0,0,0
201812,47,161,3,6,Stewart County                ,0,0,0,0,0,0,0,0,0,0,0,0,0,0,0,0,0,0,0,0,0,0,0,0
201812,47,165,3,6,Sumner County                 ,58,58,16295501,0,0,0,0,0,0,0,0,0,57,57,16172501,0,0,0,0,0,0,0,0,0
201812,47,167,3,6,Tipton County                 ,10,10,1741939,0,0,0,0,0,0,0,0,0,2,2,455030,0,0,0,0,0,0,0,0,0
201812,47,169,3,6,Trousdale County              ,3,3,356000,0,0,0,0,0,0,0,0,0,3,3,356000,0,0,0,0,0,0,0,0,0
201812,47,173,3,6,Union County                  ,6,6,1200000,0,0,0,0,0,0,0,0,0,6,6,1200000,0,0,0,0,0,0,0,0,0
201812,47,175,3,6,Van Buren County              ,1,1,188250,0,0,0,0,0,0,0,0,0,0,0,0,0,0,0,0,0,0,0,0,0
201812,47,189,3,6,Wilson County                 ,65,65,20700165,0,0,0,0,0,0,0,0,0,31,31,10511791,0,0,0,0,0,0,0,0,0
201812,48,013,3,7,Atascosa County               ,4,4,523646,0,0,0,0,0,0,0,0,0,3,3,347230,0,0,0,0,0,0,0,0,0
201812,48,015,3,7,Austin County                 ,1,1,180745,0,0,0,0,0,0,0,0,0,0,0,0,0,0,0,0,0,0,0,0,0
201812,48,019,3,7,Bandera County                ,0,0,0,0,0,0,0,0,0,0,0,0,0,0,0,0,0,0,0,0,0,0,0,0
201812,48,021,3,7,Bastrop County                ,3,3,389620,0,0,0,0,0,0,0,0,0,3,3,389620,0,0,0,0,0,0,0,0,0
201812,48,025,3,7,Bee County                    ,0,0,0,0,0,0,0,0,0,0,0,0,0,0,0,0,0,0,0,0,0,0,0,0
201812,48,027,3,7,Bell County                   ,121,121,26938624,1,2,193413,0,0,0,0,0,0,111,111,24664381,0,0,0,0,0,0,0,0,0
201812,48,029,3,7,Bexar County                  ,238,238,50398151,1,2,183266,2,7,608927,17,406,35360357,34,34,11759823,0,0,0,0,0,0,0,0,0
201812,48,051,3,7,Burleson County               ,1,1,110000,0,0,0,0,0,0,0,0,0,1,1,110000,0,0,0,0,0,0,0,0,0
201812,48,055,3,7,Caldwell County               ,18,18,3402082,0,0,0,0,0,0,0,0,0,1,1,50000,0,0,0,0,0,0,0,0,0
201812,48,085,3,7,Collin County                 ,554,554,177024303,0,0,0,1,4,660000,8,1148,133109866,447,447,135643419,0,0,0,1,4,660000,8,1148,133109866
201812,48,091,3,7,Comal County                  ,122,122,23876659,0,0,0,0,0,0,0,0,0,122,122,23876659,0,0,0,0,0,0,0,0,0
201812,48,099,3,7,Coryell County                ,5,5,658068,0,0,0,0,0,0,0,0,0,5,5,658068,0,0,0,0,0,0,0,0,0
201812,48,107,3,7,Crosby County                 ,0,0,0,0,0,0,0,0,0,0,0,0,0,0,0,0,0,0,0,0,0,0,0,0
201812,48,113,3,7,Dallas County                 ,253,253,78883460,7,14,1700882,2,7,800000,19,836,67958397,233,233,69107251,7,14,1700882,2,7,800000,16,610,47107053
201812,48,119,3,7,Delta County                  ,0,0,0,0,0,0,0,0,0,0,0,0,0,0,0,0,0,0,0,0,0,0,0,0
201812,48,135,3,7,Ector County                  ,34,34,6408791,0,0,0,0,0,0,0,0,0,0,0,0,0,0,0,0,0,0,0,0,0
201812,48,139,3,7,Ellis County                  ,128,128,28490671,1,2,242983,0,0,0,1,12,2042699,76,76,16150602,1,2,242983,0,0,0,0,0,0
201812,48,141,3,7,El Paso County                ,116,116,28043392,4,8,1064287,0,0,0,8,146,18273733,92,92,24362845,3,6,977834,0,0,0,8,146,18273733
201812,48,157,3,7,Fort Bend County              ,565,565,47244052,0,0,0,0,0,0,1,5,391292,114,114,35102522,0,0,0,0,0,0,0,0,0
201812,48,167,3,7,Galveston County              ,129,129,27552728,0,0,0,0,0,0,0,0,0,43,43,11882593,0,0,0,0,0,0,0,0,0
201812,48,185,3,7,Grimes County                 ,3,3,325281,0,0,0,0,0,0,0,0,0,0,0,0,0,0,0,0,0,0,0,0,0
201812,48,187,3,7,Guadalupe County              ,67,67,14196755,0,0,0,0,0,0,0,0,0,65,65,13662158,0,0,0,0,0,0,0,0,0
201812,48,193,3,7,Hamilton County               ,0,0,0,0,0,0,0,0,0,0,0,0,0,0,0,0,0,0,0,0,0,0,0,0
201812,48,195,3,7,Hansford County               ,0,0,0,0,0,0,0,0,0,0,0,0,0,0,0,0,0,0,0,0,0,0,0,0
201812,48,201,3,7,Harris County                 ,1030,1030,210229505,8,16,1943866,0,0,0,64,2651,269859305,1002,1002,200142093,8,16,1943866,0,0,0,64,2651,269859305
201812,48,211,3,7,Hemphill County               ,0,0,0,0,0,0,0,0,0,0,0,0,0,0,0,0,0,0,0,0,0,0,0,0
201812,48,215,3,7,Hidalgo County                ,183,183,30595929,2,4,326192,11,40,5200424,1,130,14220336,164,164,28085299,2,4,326192,11,40,5200424,1,130,14220336
201812,48,233,3,7,Hutchinson County             ,0,0,0,0,0,0,0,0,0,0,0,0,0,0,0,0,0,0,0,0,0,0,0,0
201812,48,251,3,7,Johnson County                ,44,44,9962412,0,0,0,0,0,0,0,0,0,16,16,3524551,0,0,0,0,0,0,0,0,0
201812,48,257,3,7,Kaufman County                ,31,31,6070554,0,0,0,0,0,0,0,0,0,23,23,4831051,0,0,0,0,0,0,0,0,0
201812,48,259,3,7,Kendall County                ,22,22,5875900,0,0,0,0,0,0,0,0,0,0,0,0,0,0,0,0,0,0,0,0,0
201812,48,271,3,7,Kinney County                 ,0,0,0,0,0,0,0,0,0,0,0,0,0,0,0,0,0,0,0,0,0,0,0,0
201812,48,281,3,7,Lampasas County               ,0,0,0,0,0,0,0,0,0,0,0,0,0,0,0,0,0,0,0,0,0,0,0,0
201812,48,291,3,7,Liberty County                ,55,55,7692178,0,0,0,0,0,0,0,0,0,50,50,7040470,0,0,0,0,0,0,0,0,0
201812,48,303,3,7,Lubbock County                ,108,108,26641930,0,0,0,0,0,0,0,0,0,108,108,26641930,0,0,0,0,0,0,0,0,0
201812,48,323,3,7,Maverick County               ,4,4,931389,0,0,0,0,0,0,0,0,0,0,0,0,0,0,0,0,0,0,0,0,0
201812,48,325,3,7,Medina County                 ,1,1,213015,0,0,0,0,0,0,0,0,0,0,0,0,0,0,0,0,0,0,0,0,0
201812,48,329,3,7,Midland County                ,98,98,59089740,0,0,0,0,0,0,0,0,0,98,98,59089740,0,0,0,0,0,0,0,0,0
201812,48,339,3,7,Montgomery County             ,507,507,40036427,17,34,4006341,0,0,0,10,266,27775097,500,500,38861154,17,34,4006341,0,0,0,10,266,27775097
201812,48,367,3,7,Parker County                 ,36,36,8263953,0,0,0,0,0,0,0,0,0,17,17,4334140,0,0,0,0,0,0,0,0,0
201812,48,375,3,7,Potter County                 ,30,30,7088190,0,0,0,0,0,0,0,0,0,30,30,7088190,0,0,0,0,0,0,0,0,0
201812,48,383,3,7,Reagan County                 ,0,0,0,0,0,0,0,0,0,0,0,0,0,0,0,0,0,0,0,0,0,0,0,0
201812,48,385,3,7,Real County                   ,0,0,0,0,0,0,0,0,0,0,0,0,0,0,0,0,0,0,0,0,0,0,0,0
201812,48,395,3,7,Robertson County              ,2,2,390358,0,0,0,0,0,0,0,0,0,2,2,390358,0,0,0,0,0,0,0,0,0
201812,48,397,3,7,Rockwall County               ,75,75,25053517,0,0,0,0,0,0,0,0,0,62,62,21802968,0,0,0,0,0,0,0,0,0
201812,48,407,3,7,San Jacinto County            ,24,24,5237538,0,0,0,0,0,0,0,0,0,0,0,0,0,0,0,0,0,0,0,0,0
201812,48,411,3,7,San Saba County               ,0,0,0,0,0,0,0,0,0,0,0,0,0,0,0,0,0,0,0,0,0,0,0,0
201812,48,451,3,7,Tom Green County              ,28,28,5951000,0,0,0,0,0,0,0,0,0,28,28,5951000,0,0,0,0,0,0,0,0,0
201812,48,453,3,7,Travis County                 ,672,672,168889513,0,0,0,0,0,0,26,949,82117543,629,629,157430229,0,0,0,0,0,0,26,949,82117543
201812,48,473,3,7,Waller County                 ,2,2,174684,0,0,0,0,0,0,1,6,133083,0,0,0,0,0,0,0,0,0,0,0,0
201812,48,491,3,7,Williamson County             ,272,272,73410832,0,0,0,0,0,0,7,360,37763041,253,253,68927354,0,0,0,0,0,0,7,360,37763041
201812,48,493,3,7,Wilson County                 ,5,5,992509,0,0,0,0,0,0,0,0,0,0,0,0,0,0,0,0,0,0,0,0,0
201812,48,497,3,7,Wise County                   ,3,3,786000,0,0,0,1,3,275000,0,0,0,3,3,786000,0,0,0,1,3,275000,0,0,0
201812,49,011,4,8,Davis County                  ,114,114,25788410,0,0,0,3,10,1541778,3,23,2752061,112,112,24907714,0,0,0,3,10,1541778,3,23,2752061
201812,49,023,4,8,Juab County                   ,3,3,979002,0,0,0,0,0,0,0,0,0,2,2,644470,0,0,0,0,0,0,0,0,0
201812,49,029,4,8,Morgan County                 ,3,3,1085693,0,0,0,0,0,0,0,0,0,2,2,780757,0,0,0,0,0,0,0,0,0
201812,49,035,4,8,Salt Lake County              ,373,373,81605912,2,4,462806,5,18,2641889,16,393,39570717,178,178,32670325,0,0,0,1,4,275000,11,261,22699677
201812,49,039,4,8,Sanpete County                ,3,3,466471,0,0,0,0,0,0,0,0,0,0,0,0,0,0,0,0,0,0,0,0,0
201812,49,043,4,8,Summit County                 ,15,15,5696422,0,0,0,0,0,0,1,7,1195998,9,9,2742900,0,0,0,0,0,0,0,0,0
201812,49,057,4,8,Weber County                  ,50,50,12147949,1,2,290105,0,0,0,0,0,0,26,26,6399227,0,0,0,0,0,0,0,0,0
201812,51,003,3,5,Albemarle County              ,41,41,12716660,0,0,0,0,0,0,1,23,2585851,0,0,0,0,0,0,0,0,0,0,0,0
201812,51,007,3,5,Amelia County                 ,4,4,715430,0,0,0,0,0,0,0,0,0,0,0,0,0,0,0,0,0,0,0,0,0
201812,51,009,3,5,Amherst County                ,4,4,853493,0,0,0,0,0,0,0,0,0,4,4,853493,0,0,0,0,0,0,0,0,0
201812,51,013,3,5,Arlington County              ,10,10,4195000,0,0,0,0,0,0,0,0,0,10,10,4195000,0,0,0,0,0,0,0,0,0
201812,51,015,3,5,Augusta County                ,8,8,1217000,0,0,0,2,8,720000,0,0,0,8,8,1217000,0,0,0,2,8,720000,0,0,0
201812,51,019,3,5,Bedford County                ,11,11,2852409,0,0,0,0,0,0,0,0,0,0,0,0,0,0,0,0,0,0,0,0,0
201812,51,033,3,5,Caroline County               ,2,2,190000,0,0,0,0,0,0,0,0,0,2,2,190000,0,0,0,0,0,0,0,0,0
201812,51,036,3,5,Charles City County           ,2,2,324892,0,0,0,0,0,0,0,0,0,0,0,0,0,0,0,0,0,0,0,0,0
201812,51,037,3,5,Charlotte County              ,1,1,216042,0,0,0,0,0,0,0,0,0,0,0,0,0,0,0,0,0,0,0,0,0
201812,51,041,3,5,Chesterfield County           ,103,103,20103437,0,0,0,1,4,391200,2,13,1680017,103,103,20103437,0,0,0,1,4,391200,2,13,1680017
201812,51,043,3,5,Clarke County                 ,3,3,528881,0,0,0,0,0,0,0,0,0,3,3,528881,0,0,0,0,0,0,0,0,0
201812,51,049,3,5,Cumberland County             ,2,2,210000,0,0,0,0,0,0,0,0,0,2,2,210000,0,0,0,0,0,0,0,0,0
201812,51,051,3,5,Dickenson County              ,0,0,0,0,0,0,0,0,0,0,0,0,0,0,0,0,0,0,0,0,0,0,0,0
201812,51,053,3,5,Dinwiddie County              ,5,5,719398,0,0,0,0,0,0,0,0,0,0,0,0,0,0,0,0,0,0,0,0,0
201812,51,059,3,5,Fairfax County                ,75,75,17730518,0,0,0,0,0,0,0,0,0,75,75,17730518,0,0,0,0,0,0,0,0,0
201812,51,061,3,5,Fauquier County               ,16,16,7713390,0,0,0,0,0,0,0,0,0,16,16,7713390,0,0,0,0,0,0,0,0,0
201812,51,069,3,5,Frederick County              ,31,31,7581978,0,0,0,3,12,1815777,1,5,756573,31,31,7581978,0,0,0,3,12,1815777,1,5,756573
201812,51,073,3,5,Gloucester County             ,4,4,839800,0,0,0,0,0,0,0,0,0,4,4,839800,0,0,0,0,0,0,0,0,0
201812,51,075,3,5,Goochland County              ,13,13,4696217,0,0,0,0,0,0,0,0,0,13,13,4696217,0,0,0,0,0,0,0,0,0
201812,51,085,3,5,Hanover County                ,35,35,6831265,0,0,0,0,0,0,0,0,0,35,35,6831265,0,0,0,0,0,0,0,0,0
201812,51,087,3,5,Henrico County                ,60,60,6494892,0,0,0,0,0,0,0,0,0,60,60,6494892,0,0,0,0,0,0,0,0,0
201812,51,093,3,5,Isle of Wight County          ,13,13,2526301,0,0,0,0,0,0,1,5,200577,0,0,0,0,0,0,0,0,0,0,0,0
201812,51,095,3,5,James City County             ,30,30,7092207,0,0,0,0,0,0,0,0,0,30,30,7092207,0,0,0,0,0,0,0,0,0
201812,51,097,3,5,King and Queen County         ,1,1,148418,0,0,0,0,0,0,0,0,0,0,0,0,0,0,0,0,0,0,0,0,0
201812,51,099,3,5,King George County            ,3,3,585537,0,0,0,0,0,0,0,0,0,3,3,585537,0,0,0,0,0,0,0,0,0
201812,51,107,3,5,Loudoun County                ,183,183,43262464,3,6,600000,0,0,0,3,73,214036,183,183,43262464,3,6,600000,0,0,0,3,73,214036
201812,51,109,3,5,Louisa County                 ,20,20,3758393,0,0,0,0,0,0,0,0,0,20,20,3758393,0,0,0,0,0,0,0,0,0
201812,51,115,3,5,Mathews County                ,0,0,0,0,0,0,0,0,0,0,0,0,0,0,0,0,0,0,0,0,0,0,0,0
201812,51,127,3,5,New Kent County               ,20,20,3883895,0,0,0,0,0,0,0,0,0,0,0,0,0,0,0,0,0,0,0,0,0
201812,51,139,3,5,Page County                   ,6,6,458800,0,0,0,0,0,0,0,0,0,6,6,458800,0,0,0,0,0,0,0,0,0
201812,51,145,3,5,Powhatan County               ,0,0,0,0,0,0,0,0,0,0,0,0,0,0,0,0,0,0,0,0,0,0,0,0
201812,51,149,3,5,Prince George County          ,5,5,450000,0,0,0,0,0,0,0,0,0,5,5,450000,0,0,0,0,0,0,0,0,0
201812,51,153,3,5,Prince William County         ,126,126,29787270,0,0,0,0,0,0,0,0,0,126,126,29787270,0,0,0,0,0,0,0,0,0
201812,51,165,3,5,Rockingham County             ,15,15,6643625,0,0,0,0,0,0,0,0,0,15,15,6643625,0,0,0,0,0,0,0,0,0
201812,51,175,3,5,Southampton County            ,3,3,475589,0,0,0,0,0,0,0,0,0,0,0,0,0,0,0,0,0,0,0,0,0
201812,51,177,3,5,Spotsylvania County           ,33,33,8478497,0,0,0,0,0,0,4,96,10569611,33,33,8478497,0,0,0,0,0,0,4,96,10569611
201812,51,179,3,5,Stafford County               ,71,71,18283983,0,0,0,0,0,0,0,0,0,71,71,18283983,0,0,0,0,0,0,0,0,0
201812,51,181,3,5,Surry County                  ,2,2,338606,0,0,0,0,0,0,0,0,0,0,0,0,0,0,0,0,0,0,0,0,0
201812,51,183,3,5,Sussex County                 ,2,2,250000,0,0,0,0,0,0,0,0,0,2,2,250000,0,0,0,0,0,0,0,0,0
201812,51,187,3,5,Warren County                 ,8,8,2161868,0,0,0,0,0,0,0,0,0,8,8,2161868,0,0,0,0,0,0,0,0,0
201812,51,199,3,5,York County                   ,24,24,4805890,1,2,280000,0,0,0,0,0,0,24,24,4805890,1,2,280000,0,0,0,0,0,0
201812,51,510,3,5,Alexandria (Independent City) ,45,45,562100,0,0,0,0,0,0,0,0,0,45,45,562100,0,0,0,0,0,0,0,0,0
201812,51,540,3,5,Charlottesville (Independent C,6,6,1789392,0,0,0,0,0,0,1,11,3966205,0,0,0,0,0,0,0,0,0,0,0,0
201812,51,550,3,5,Chesapeake(Independent City)  ,0,0,0,0,0,0,0,0,0,0,0,0,0,0,0,0,0,0,0,0,0,0,0,0
201812,51,570,3,5,Colonial Heights (Independent ,0,0,0,0,0,0,0,0,0,0,0,0,0,0,0,0,0,0,0,0,0,0,0,0
201812,51,580,3,5,Covington (Independent City)  ,0,0,0,0,0,0,0,0,0,0,0,0,0,0,0,0,0,0,0,0,0,0,0,0
201812,51,600,3,5,Fairfax (Independent City)    ,2,2,360294,0,0,0,0,0,0,1,5,600000,0,0,0,0,0,0,0,0,0,0,0,0
201812,51,610,3,5,Falls Church (Independent City,4,4,1213000,0,0,0,0,0,0,0,0,0,4,4,1213000,0,0,0,0,0,0,0,0,0
201812,51,630,3,5,Fredericksburg(Independent Cit,0,0,0,0,0,0,0,0,0,0,0,0,0,0,0,0,0,0,0,0,0,0,0,0
201812,51,650,3,5,Hampton (Independent City)    ,12,12,749696,0,0,0,0,0,0,0,0,0,0,0,0,0,0,0,0,0,0,0,0,0
201812,51,660,3,5,Harrisonburg (Independent City,3,3,694000,0,0,0,0,0,0,0,0,0,3,3,694000,0,0,0,0,0,0,0,0,0
201812,51,670,3,5,Hopewell (Independent City)   ,3,3,274439,0,0,0,0,0,0,0,0,0,0,0,0,0,0,0,0,0,0,0,0,0
201812,51,680,3,5,Lynchburg (Independent City)  ,2,2,479045,0,0,0,0,0,0,0,0,0,2,2,479045,0,0,0,0,0,0,0,0,0
201812,51,683,3,5,Manassas (Independent City)   ,0,0,0,0,0,0,0,0,0,0,0,0,0,0,0,0,0,0,0,0,0,0,0,0
201812,51,685,3,5,Manassas Park (Independent Cit,0,0,0,0,0,0,0,0,0,0,0,0,0,0,0,0,0,0,0,0,0,0,0,0
201812,51,700,3,5,Newport News (Independent City,4,4,578467,0,0,0,0,0,0,0,0,0,4,4,578467,0,0,0,0,0,0,0,0,0
201812,51,710,3,5,Norfolk (Independent City)    ,29,29,3531700,1,2,77000,0,0,0,1,20,1674352,0,0,0,0,0,0,0,0,0,0,0,0
201812,51,730,3,5,Petersburg (Independent City) ,0,0,0,0,0,0,0,0,0,0,0,0,0,0,0,0,0,0,0,0,0,0,0,0
201812,51,735,3,5,Poquoson (Independent City)   ,1,1,200000,0,0,0,0,0,0,0,0,0,1,1,200000,0,0,0,0,0,0,0,0,0
201812,51,740,3,5,Portsmouth (Independent City) ,3,3,345000,0,0,0,0,0,0,0,0,0,3,3,345000,0,0,0,0,0,0,0,0,0
201812,51,760,3,5,Richmond (Independent City)   ,19,19,3708401,0,0,0,0,0,0,0,0,0,19,19,3708401,0,0,0,0,0,0,0,0,0
201812,51,800,3,5,Suffolk (Independent City)    ,0,0,0,0,0,0,0,0,0,0,0,0,0,0,0,0,0,0,0,0,0,0,0,0
201812,51,810,3,5,Virginia Beach (Independent Ci,32,32,9827445,0,0,0,0,0,0,0,0,0,32,32,9827445,0,0,0,0,0,0,0,0,0
201812,51,830,3,5,Williamsburg (Independent City,1,1,509600,0,0,0,0,0,0,0,0,0,1,1,509600,0,0,0,0,0,0,0,0,0
201812,53,005,4,9,Benton County                 ,70,70,21076286,2,4,758350,0,0,0,0,0,0,53,53,15735068,2,4,758350,0,0,0,0,0,0
201812,53,011,4,9,Clark County                  ,162,162,49302618,1,2,217545,0,0,0,5,82,7634165,53,53,12601966,1,2,217545,0,0,0,2,48,4120045
201812,53,021,4,9,Franklin County               ,48,48,12885727,2,4,347280,0,0,0,1,5,599552,13,13,3958964,0,0,0,0,0,0,0,0,0
201812,53,031,4,9,Jefferson County              ,10,10,2165876,0,0,0,0,0,0,0,0,0,0,0,0,0,0,0,0,0,0,0,0,0
201812,53,033,4,9,King County                   ,230,230,93592422,18,36,7377774,13,47,9138207,22,1135,90494957,117,117,45564453,18,36,7377774,12,44,8637695,20,1092,86100967
201812,53,035,4,9,Kitsap County                 ,54,54,15898264,1,2,366617,0,0,0,0,0,0,46,46,13909445,1,2,366617,0,0,0,0,0,0
201812,53,053,4,9,Pierce County                 ,151,151,46862478,5,10,1764435,2,8,1234302,5,326,52300473,149,149,46269523,5,10,1764435,2,8,1234302,5,326,52300473
201812,53,055,4,9,San Juan County               ,7,7,1351435,0,0,0,0,0,0,0,0,0,7,7,1351435,0,0,0,0,0,0,0,0,0
201812,53,059,4,9,Skamania County               ,3,3,674896,0,0,0,0,0,0,0,0,0,0,0,0,0,0,0,0,0,0,0,0,0
201812,53,061,4,9,Snohomish County              ,188,188,54249982,1,2,351799,2,6,1002184,0,0,0,153,153,44719937,0,0,0,1,3,532504,0,0,0
201812,54,011,3,5,Cabell County                 ,4,4,655048,0,0,0,1,3,198750,0,0,0,0,0,0,0,0,0,0,0,0,0,0,0
201812,54,015,3,5,Clay County                   ,0,0,0,0,0,0,0,0,0,0,0,0,0,0,0,0,0,0,0,0,0,0,0,0
201812,54,019,3,5,Fayette County                ,1,1,108200,0,0,0,0,0,0,0,0,0,0,0,0,0,0,0,0,0,0,0,0,0
201812,54,037,3,5,Jefferson County              ,11,11,2791677,0,0,0,0,0,0,0,0,0,9,9,2270000,0,0,0,0,0,0,0,0,0
201812,54,081,3,5,Raleigh County                ,4,4,811307,0,0,0,0,0,0,0,0,0,0,0,0,0,0,0,0,0,0,0,0,0
201812,55,025,2,3,Dane County                   ,99,99,32559208,6,12,2076393,1,4,600000,3,76,37618278,74,74,24407213,5,10,1716478,1,4,600000,1,50,35000000
201812,55,031,2,3,Douglas County                ,2,2,530000,0,0,0,0,0,0,0,0,0,2,2,530000,0,0,0,0,0,0,0,0,0
201812,55,037,2,3,Florence County               ,0,0,0,0,0,0,0,0,0,0,0,0,0,0,0,0,0,0,0,0,0,0,0,0
201812,55,049,2,3,Iowa County                   ,1,1,510000,0,0,0,0,0,0,0,0,0,1,1,510000,0,0,0,0,0,0,0,0,0
201812,55,059,2,3,Kenosha County                ,16,16,5478709,0,0,0,0,0,0,0,0,0,16,16,5478709,0,0,0,0,0,0,0,0,0
201812,55,079,2,3,Milwaukee County              ,12,12,3484710,0,0,0,0,0,0,1,8,915928,11,11,3249065,0,0,0,0,0,0,1,8,915928
201812,55,089,2,3,Ozaukee County                ,14,14,4872257,0,0,0,0,0,0,1,5,704301,8,8,2404614,0,0,0,0,0,0,0,0,0
201812,55,093,2,3,Pierce County                 ,3,3,655000,0,0,0,0,0,0,0,0,0,3,3,655000,0,0,0,0,0,0,0,0,0
201812,55,109,2,3,St. Croix County              ,28,28,6919434,1,2,210000,0,0,0,0,0,0,24,24,5856201,0,0,0,0,0,0,0,0,0
201812,55,131,2,3,Washington County             ,17,17,4665826,0,0,0,0,0,0,0,0,0,13,13,3334264,0,0,0,0,0,0,0,0,0
201812,56,029,4,8,Park County                   ,8,8,2063490,1,2,201000,0,0,0,0,0,0,6,6,1711069,0,0,0,0,0,0,0,0,0
201812,56,039,4,8,Teton County                  ,7,7,14774829,0,0,0,0,0,0,0,0,0,6,6,14257299,0,0,0,0,0,0,0,0,0
