Survey,FIPS,FIPS,Region,Division,County,,1-unit,,,2-units,,,3-4 units,,,5+ units,,,1-unit rep,,,2-units rep,,,3-4 units rep,,, 5+units rep
Date,State,County,Code,Code,Name,Bldgs,Units,Value,Bldgs,Units,Value,Bldgs,Units,Value,Bldgs,Units,Value,Bldgs,Units,Value,Bldgs,Units,Value,Bldgs,Units,Value,Bldgs,Units,Value
 
201801,01,001,3,6,Autauga County                ,18,18,5370434,0,0,0,0,0,0,0,0,0,18,18,5370434,0,0,0,0,0,0,0,0,0
201801,01,007,3,6,Bibb County                   ,1,1,235594,0,0,0,0,0,0,0,0,0,0,0,0,0,0,0,0,0,0,0,0,0
201801,01,009,3,6,Blount County                 ,1,1,208100,0,0,0,0,0,0,0,0,0,0,0,0,0,0,0,0,0,0,0,0,0
201801,01,021,3,6,Chilton County                ,6,6,733000,0,0,0,0,0,0,0,0,0,6,6,733000,0,0,0,0,0,0,0,0,0
201801,01,073,3,6,Jefferson County              ,114,114,33403108,0,0,0,0,0,0,2,45,6043442,93,93,30187873,0,0,0,0,0,0,0,0,0
201801,01,081,3,6,Lee County                    ,86,86,23963015,1,2,144250,0,0,0,1,5,475000,23,23,6617203,0,0,0,0,0,0,0,0,0
201801,01,083,3,6,Limestone County              ,5,5,1121474,0,0,0,0,0,0,0,0,0,5,5,1121474,0,0,0,0,0,0,0,0,0
201801,01,089,3,6,Madison County                ,173,173,24225105,0,0,0,0,0,0,0,0,0,173,173,24225105,0,0,0,0,0,0,0,0,0
201801,01,113,3,6,Russell County                ,7,7,1219170,0,0,0,0,0,0,0,0,0,7,7,1219170,0,0,0,0,0,0,0,0,0
201801,01,115,3,6,St. Clair County              ,7,7,1275913,0,0,0,0,0,0,0,0,0,4,4,707280,0,0,0,0,0,0,0,0,0
201801,01,117,3,6,Shelby County                 ,73,73,17301306,0,0,0,0,0,0,1,6,920700,17,17,3724983,0,0,0,0,0,0,0,0,0
201801,01,127,3,6,Walker County                 ,0,0,0,0,0,0,0,0,0,0,0,0,0,0,0,0,0,0,0,0,0,0,0,0
201801,02,013,4,9,Aleutians East Borough        ,0,0,0,0,0,0,0,0,0,0,0,0,0,0,0,0,0,0,0,0,0,0,0,0
201801,02,016,4,9,Aleutians West Census Area    ,0,0,0,0,0,0,0,0,0,0,0,0,0,0,0,0,0,0,0,0,0,0,0,0
201801,02,020,4,9,Anchorage Municipality        ,67,67,20993144,0,0,0,1,3,520780,1,14,2213338,0,0,0,0,0,0,0,0,0,0,0,0
201801,02,050,4,9,Bethel Census Area            ,0,0,0,0,0,0,0,0,0,0,0,0,0,0,0,0,0,0,0,0,0,0,0,0
201801,02,060,4,9,Bristol Bay Borough           ,0,0,0,0,0,0,0,0,0,0,0,0,0,0,0,0,0,0,0,0,0,0,0,0
201801,02,070,4,9,Dillingham Census Area        ,0,0,0,0,0,0,0,0,0,0,0,0,0,0,0,0,0,0,0,0,0,0,0,0
201801,02,090,4,9,Fairbanks North Star Borough  ,0,0,0,0,0,0,0,0,0,0,0,0,0,0,0,0,0,0,0,0,0,0,0,0
201801,02,100,4,9,Haines Borough                ,1,1,278570,0,0,0,0,0,0,0,0,0,0,0,0,0,0,0,0,0,0,0,0,0
201801,02,105,4,9,Hoonah-Angoon Census Area     ,0,0,0,0,0,0,0,0,0,0,0,0,0,0,0,0,0,0,0,0,0,0,0,0
201801,02,110,4,9,Juneau City and Borough       ,6,6,1114432,0,0,0,0,0,0,0,0,0,6,6,1114432,0,0,0,0,0,0,0,0,0
201801,02,122,4,9,Kenai Peninsula Borough       ,4,4,934463,0,0,0,0,0,0,0,0,0,0,0,0,0,0,0,0,0,0,0,0,0
201801,02,130,4,9,Ketchikan Gateway Borough     ,3,3,592494,0,0,0,0,0,0,0,0,0,3,3,592494,0,0,0,0,0,0,0,0,0
201801,02,150,4,9,Kodiak Island Borough         ,0,0,0,1,2,407185,0,0,0,0,0,0,0,0,0,1,2,407185,0,0,0,0,0,0
201801,02,158,4,9,Kusilvak Census Area          ,0,0,0,0,0,0,0,0,0,0,0,0,0,0,0,0,0,0,0,0,0,0,0,0
201801,02,170,4,9,Matanuska-Susitna Borough     ,7,7,1861648,0,0,0,0,0,0,0,0,0,7,7,1861648,0,0,0,0,0,0,0,0,0
201801,02,180,4,9,Nome Census Area              ,0,0,0,0,0,0,0,0,0,0,0,0,0,0,0,0,0,0,0,0,0,0,0,0
201801,02,185,4,9,North Slope Borough           ,1,1,272831,0,0,0,0,0,0,0,0,0,0,0,0,0,0,0,0,0,0,0,0,0
201801,02,188,4,9,Northwest Arctic Borough      ,0,0,0,0,0,0,0,0,0,0,0,0,0,0,0,0,0,0,0,0,0,0,0,0
201801,02,195,4,9,Petersburg Borough            ,0,0,0,0,0,0,0,0,0,0,0,0,0,0,0,0,0,0,0,0,0,0,0,0
201801,02,198,4,9,Prince of Wales-Hyder Census A,0,0,0,0,0,0,0,0,0,0,0,0,0,0,0,0,0,0,0,0,0,0,0,0
201801,02,220,4,9,Sitka City and Borough        ,1,1,248107,1,2,724270,0,0,0,0,0,0,0,0,0,0,0,0,0,0,0,0,0,0
201801,02,230,4,9,Skagway Municipality          ,0,0,0,0,0,0,0,0,0,0,0,0,0,0,0,0,0,0,0,0,0,0,0,0
201801,02,261,4,9,Valdez-Cordova Census Area    ,0,0,0,0,0,0,0,0,0,0,0,0,0,0,0,0,0,0,0,0,0,0,0,0
201801,02,275,4,9,Wrangell City and Borough     ,0,0,0,0,0,0,0,0,0,0,0,0,0,0,0,0,0,0,0,0,0,0,0,0
201801,02,282,4,9,Yakutat City and Borough      ,0,0,0,0,0,0,0,0,0,0,0,0,0,0,0,0,0,0,0,0,0,0,0,0
201801,02,290,4,9,Yukon-Koyukuk Census Area     ,0,0,0,0,0,0,0,0,0,0,0,0,0,0,0,0,0,0,0,0,0,0,0,0
201801,04,013,4,8,Maricopa County               ,1332,1332,351550356,15,30,4083255,4,15,2727572,8,1251,44632530,1325,1325,344096928,15,30,4083255,4,15,2727572,7,1246,43876308
201801,04,019,4,8,Pima County                   ,234,234,66730650,0,0,0,1,4,286000,1,5,427766,32,32,9190594,0,0,0,1,4,286000,0,0,0
201801,04,021,4,8,Pinal County                  ,281,281,59039301,2,4,330960,0,0,0,0,0,0,264,264,53362286,2,4,330960,0,0,0,0,0,0
201801,05,013,3,7,Calhoun County                ,0,0,0,0,0,0,0,0,0,0,0,0,0,0,0,0,0,0,0,0,0,0,0,0
201801,05,035,3,7,Crittenden County             ,3,3,315000,0,0,0,0,0,0,0,0,0,3,3,315000,0,0,0,0,0,0,0,0,0
201801,05,045,3,7,Faulkner County               ,24,24,5113630,2,4,305778,0,0,0,1,5,187500,5,5,761000,0,0,0,0,0,0,0,0,0
201801,05,053,3,7,Grant County                  ,1,1,152000,0,0,0,0,0,0,0,0,0,0,0,0,0,0,0,0,0,0,0,0,0
201801,05,085,3,7,Lonoke County                 ,34,34,5107482,0,0,0,0,0,0,0,0,0,15,15,3468689,0,0,0,0,0,0,0,0,0
201801,05,087,3,7,Madison County                ,0,0,0,0,0,0,0,0,0,0,0,0,0,0,0,0,0,0,0,0,0,0,0,0
201801,05,091,3,7,Miller County                 ,4,4,596427,0,0,0,0,0,0,0,0,0,0,0,0,0,0,0,0,0,0,0,0,0
201801,05,105,3,7,Perry County                  ,0,0,0,0,0,0,0,0,0,0,0,0,0,0,0,0,0,0,0,0,0,0,0,0
201801,05,119,3,7,Pulaski County                ,61,61,13187802,0,0,0,0,0,0,0,0,0,40,40,9889851,0,0,0,0,0,0,0,0,0
201801,05,129,3,7,Searcy County                 ,0,0,0,0,0,0,0,0,0,0,0,0,0,0,0,0,0,0,0,0,0,0,0,0
201801,05,143,3,7,Washington County             ,103,103,22669686,2,4,798000,0,0,0,0,0,0,103,103,22669686,2,4,798000,0,0,0,0,0,0
201801,06,001,4,9,Alameda County                ,132,132,42765407,0,0,0,0,0,0,8,480,18239265,47,47,14307400,0,0,0,0,0,0,4,414,4966498
201801,06,013,4,9,Contra Costa County           ,99,99,37382721,0,0,0,2,7,588352,3,65,6020896,88,88,35162085,0,0,0,1,3,400000,2,60,5093825
201801,06,017,4,9,El Dorado County              ,56,56,22508331,0,0,0,0,0,0,0,0,0,53,53,20868874,0,0,0,0,0,0,0,0,0
201801,06,019,4,9,Fresno County                 ,167,167,48224307,0,0,0,0,0,0,2,16,2300379,152,152,45387282,0,0,0,0,0,0,2,16,2300379
201801,06,037,4,9,Los Angeles County            ,370,370,147913302,50,100,19575952,5,16,2462345,31,1151,186896848,308,308,118732951,50,100,19575952,4,12,1969488,26,1001,165107988
201801,06,041,4,9,Marin County                  ,7,7,2991225,0,0,0,0,0,0,1,48,6600000,6,6,2329600,0,0,0,0,0,0,1,48,6600000
201801,06,059,4,9,Orange County                 ,281,281,89509115,11,22,5262985,8,28,5634994,14,518,80523552,227,227,67954875,9,18,3929628,8,28,5634994,11,430,68200043
201801,06,061,4,9,Placer County                 ,197,197,66212596,0,0,0,0,0,0,0,0,0,195,195,65558788,0,0,0,0,0,0,0,0,0
201801,06,063,4,9,Plumas County                 ,1,1,412589,0,0,0,0,0,0,0,0,0,1,1,412589,0,0,0,0,0,0,0,0,0
201801,06,067,4,9,Sacramento County             ,272,272,68230029,0,0,0,0,0,0,5,215,18901421,272,272,68230029,0,0,0,0,0,0,5,215,18901421
201801,06,069,4,9,San Benito County             ,38,38,10100092,1,2,631259,0,0,0,0,0,0,38,38,10100092,1,2,631259,0,0,0,0,0,0
201801,06,071,4,9,San Bernardino County         ,324,324,77482259,0,0,0,0,0,0,6,54,6438078,292,292,68288787,0,0,0,0,0,0,6,54,6438078
201801,06,073,4,9,San Diego County              ,421,421,150044437,12,24,5708265,22,79,15291958,20,742,120971748,411,411,142458065,12,24,5708265,22,79,15291958,19,735,117167400
201801,06,075,4,9,San Francisco County          ,6,6,1644207,0,0,0,0,0,0,1,12,4622191,6,6,1644207,0,0,0,0,0,0,1,12,4622191
201801,06,081,4,9,San Mateo County              ,24,24,12657062,2,4,1100000,0,0,0,6,49,8820739,9,9,3416500,1,2,600000,0,0,0,1,8,400000
201801,06,085,4,9,Santa Clara County            ,256,256,81946627,0,0,0,2,7,1709597,5,98,17137884,200,200,61222659,0,0,0,0,0,0,2,27,11193760
201801,06,091,4,9,Sierra County                 ,1,1,120000,0,0,0,0,0,0,0,0,0,1,1,120000,0,0,0,0,0,0,0,0,0
201801,06,113,4,9,Yolo County                   ,18,18,5119371,0,0,0,1,4,500000,0,0,0,18,18,5119371,0,0,0,1,4,500000,0,0,0
201801,08,001,4,8,Adams County                  ,163,163,46104987,0,0,0,0,0,0,5,142,15207189,163,163,46104987,0,0,0,0,0,0,5,142,15207189
201801,08,005,4,8,Arapahoe County               ,200,200,52701468,0,0,0,2,6,865191,7,226,28840806,197,197,52323332,0,0,0,2,6,865191,7,226,28840806
201801,08,014,4,8,Broomfield County             ,41,41,16355972,0,0,0,0,0,0,4,198,27699012,41,41,16355972,0,0,0,0,0,0,4,198,27699012
201801,08,015,4,8,Chaffee County                ,8,8,2119106,0,0,0,0,0,0,0,0,0,0,0,0,0,0,0,0,0,0,0,0,0
201801,08,019,4,8,Clear Creek County            ,0,0,0,0,0,0,0,0,0,0,0,0,0,0,0,0,0,0,0,0,0,0,0,0
201801,08,031,4,8,Denver County                 ,208,208,56999176,1,2,150000,0,0,0,6,532,76961158,208,208,56999176,1,2,150000,0,0,0,6,532,76961158
201801,08,035,4,8,Douglas County                ,203,203,61915476,0,0,0,1,3,518902,3,43,6169242,196,196,59129319,0,0,0,0,0,0,3,43,6169242
201801,08,039,4,8,Elbert County                 ,23,23,7839385,0,0,0,0,0,0,0,0,0,23,23,7839385,0,0,0,0,0,0,0,0,0
201801,08,041,4,8,El Paso County                ,295,295,120536164,1,2,351651,0,0,0,0,0,0,295,295,120536164,1,2,351651,0,0,0,0,0,0
201801,08,047,4,8,Gilpin County                 ,3,3,822104,0,0,0,0,0,0,0,0,0,3,3,822104,0,0,0,0,0,0,0,0,0
201801,08,069,4,8,Larimer County                ,121,121,31790604,3,6,1113246,1,3,1049180,4,61,6529594,109,109,29087041,3,6,1113246,1,3,1049180,3,51,5601469
201801,08,077,4,8,Mesa County                   ,70,70,10839471,0,0,0,0,0,0,0,0,0,70,70,10839471,0,0,0,0,0,0,0,0,0
201801,08,093,4,8,Park County                   ,6,6,1386823,0,0,0,0,0,0,0,0,0,6,6,1386823,0,0,0,0,0,0,0,0,0
201801,08,101,4,8,Pueblo County                 ,46,46,6667263,0,0,0,0,0,0,0,0,0,46,46,6667263,0,0,0,0,0,0,0,0,0
201801,08,119,4,8,Teller County                 ,19,19,5737119,0,0,0,0,0,0,0,0,0,19,19,5737119,0,0,0,0,0,0,0,0,0
201801,09,001,1,1,Fairfield County              ,59,59,35057822,1,2,374040,0,0,0,2,16,955268,50,50,25336692,1,2,374040,0,0,0,1,11,550000
201801,09,003,1,1,Hartford County               ,18,18,3607057,0,0,0,1,4,112000,2,127,8243431,13,13,2613286,0,0,0,1,4,112000,1,122,8000000
201801,09,007,1,1,Middlesex County              ,8,8,5024887,0,0,0,0,0,0,1,14,1399938,5,5,4253242,0,0,0,0,0,0,0,0,0
201801,09,013,1,1,Tolland County                ,4,4,804071,0,0,0,0,0,0,2,12,1165280,1,1,210000,0,0,0,0,0,0,0,0,0
201801,10,001,3,5,Kent County                   ,107,107,16031993,0,0,0,0,0,0,0,0,0,105,105,15744299,0,0,0,0,0,0,0,0,0
201801,10,003,3,5,New Castle County             ,107,107,9585106,0,0,0,0,0,0,5,51,3853454,4,4,924984,0,0,0,0,0,0,0,0,0
201801,10,005,3,5,Sussex County                 ,220,220,32903773,6,12,1782670,1,4,544003,0,0,0,220,220,32903773,6,12,1782670,1,4,544003,0,0,0
201801,11,001,3,5,Washington  DC                ,21,21,4856164,0,0,0,0,0,0,2,66,7109461,21,21,4856164,0,0,0,0,0,0,2,66,7109461
201801,12,003,3,5,Baker County                  ,18,18,2911092,0,0,0,0,0,0,0,0,0,18,18,2911092,0,0,0,0,0,0,0,0,0
201801,12,019,3,5,Clay County                   ,130,130,25415036,0,0,0,0,0,0,0,0,0,116,116,22233694,0,0,0,0,0,0,0,0,0
201801,12,029,3,5,Dixie County                  ,3,3,378970,0,0,0,0,0,0,0,0,0,0,0,0,0,0,0,0,0,0,0,0,0
201801,12,031,3,5,Duval County                  ,280,280,66993442,4,8,868563,0,0,0,5,104,11202787,259,259,60211444,4,8,868563,0,0,0,5,104,11202787
201801,12,033,3,5,Escambia County               ,74,74,16468793,0,0,0,0,0,0,0,0,0,74,74,16468793,0,0,0,0,0,0,0,0,0
201801,12,053,3,5,Hernando County               ,60,60,11069643,0,0,0,0,0,0,1,14,1626915,2,2,563790,0,0,0,0,0,0,0,0,0
201801,12,057,3,5,Hillsborough County           ,821,821,263629077,1,2,600000,0,0,0,13,330,64293913,821,821,263629077,1,2,600000,0,0,0,13,330,64293913
201801,12,067,3,5,Lafayette County              ,0,0,0,0,0,0,0,0,0,0,0,0,0,0,0,0,0,0,0,0,0,0,0,0
201801,12,071,3,5,Lee County                    ,466,466,108593494,11,22,2750670,4,16,3554374,5,46,6298220,466,466,108593494,11,22,2750670,4,16,3554374,5,46,6298220
201801,12,073,3,5,Leon County                   ,56,56,12094769,0,0,0,0,0,0,1,46,3338055,25,25,6791687,0,0,0,0,0,0,0,0,0
201801,12,081,3,5,Manatee County                ,274,274,55740829,1,2,100000,0,0,0,4,121,13333822,273,273,55593162,1,2,100000,0,0,0,4,121,13333822
201801,12,086,3,5,Miami-Dade County             ,201,201,145460387,4,8,1847005,21,80,7646174,20,1307,208388774,150,150,127633883,4,8,1847005,21,80,7646174,18,1296,198792926
201801,12,089,3,5,Nassau County                 ,119,119,36164840,0,0,0,0,0,0,0,0,0,119,119,36164840,0,0,0,0,0,0,0,0,0
201801,12,091,3,5,Okaloosa County               ,56,56,18960380,0,0,0,0,0,0,0,0,0,56,56,18960380,0,0,0,0,0,0,0,0,0
201801,12,095,3,5,Orange County                 ,538,538,143033261,6,12,1907965,1,3,551507,23,307,36350440,456,456,109945257,6,12,1907965,1,3,551507,21,262,32054954
201801,12,097,3,5,Osceola County                ,333,333,79319097,4,8,828902,0,0,0,7,240,22427214,252,252,60185591,4,8,828902,0,0,0,7,240,22427214
201801,12,101,3,5,Pasco County                  ,314,314,73675974,1,2,280000,0,0,0,2,16,823610,313,313,73581256,0,0,0,0,0,0,1,11,392360
201801,12,103,3,5,Pinellas County               ,67,67,20432490,4,8,1185530,0,0,0,0,0,0,59,59,18417652,4,8,1185530,0,0,0,0,0,0
201801,12,109,3,5,St. Johns County              ,348,348,93467200,0,0,0,1,4,947009,14,517,24628756,348,348,93467200,0,0,0,1,4,947009,14,517,24628756
201801,12,113,3,5,Santa Rosa County             ,104,104,19530985,0,0,0,0,0,0,0,0,0,104,104,19530985,0,0,0,0,0,0,0,0,0
201801,12,115,3,5,Sarasota County               ,282,282,84063134,1,2,382636,1,4,1010077,3,20,8147524,280,280,82340625,1,2,382636,1,4,1010077,3,20,8147524
201801,12,117,3,5,Seminole County               ,110,110,34216228,0,0,0,0,0,0,2,49,3178037,104,104,32339752,0,0,0,0,0,0,0,0,0
201801,12,119,3,5,Sumter County                 ,114,114,35708617,0,0,0,0,0,0,0,0,0,114,114,35708617,0,0,0,0,0,0,0,0,0
201801,12,129,3,5,Wakulla County                ,16,16,2855613,0,0,0,0,0,0,0,0,0,16,16,2855613,0,0,0,0,0,0,0,0,0
201801,12,131,3,5,Walton County                 ,108,108,41548557,0,0,0,0,0,0,0,0,0,108,108,41548557,0,0,0,0,0,0,0,0,0
201801,12,133,3,5,Washington County             ,4,4,578327,0,0,0,0,0,0,0,0,0,0,0,0,0,0,0,0,0,0,0,0,0
201801,13,007,3,5,Baker County                  ,0,0,0,0,0,0,0,0,0,0,0,0,0,0,0,0,0,0,0,0,0,0,0,0
201801,13,013,3,5,Barrow County                 ,35,35,4968430,0,0,0,0,0,0,0,0,0,0,0,0,0,0,0,0,0,0,0,0,0
201801,13,015,3,5,Bartow County                 ,51,51,6753854,0,0,0,0,0,0,0,0,0,33,33,3990976,0,0,0,0,0,0,0,0,0
201801,13,021,3,5,Bibb County                   ,8,8,1342778,0,0,0,0,0,0,0,0,0,0,0,0,0,0,0,0,0,0,0,0,0
201801,13,029,3,5,Bryan County                  ,75,75,16749024,0,0,0,0,0,0,7,84,9048405,75,75,16749024,0,0,0,0,0,0,7,84,9048405
201801,13,033,3,5,Burke County                  ,4,4,716018,0,0,0,0,0,0,0,0,0,0,0,0,0,0,0,0,0,0,0,0,0
201801,13,035,3,5,Butts County                  ,12,12,1600000,0,0,0,0,0,0,0,0,0,12,12,1600000,0,0,0,0,0,0,0,0,0
201801,13,045,3,5,Carroll County                ,66,66,16916425,0,0,0,0,0,0,0,0,0,66,66,16916425,0,0,0,0,0,0,0,0,0
201801,13,051,3,5,Chatham County                ,73,73,13721056,0,0,0,0,0,0,1,13,1036201,19,19,766000,0,0,0,0,0,0,0,0,0
201801,13,057,3,5,Cherokee County               ,156,156,48280885,0,0,0,0,0,0,18,308,17759464,156,156,48280885,0,0,0,0,0,0,18,308,17759464
201801,13,059,3,5,Clarke County                 ,11,11,2141993,0,0,0,0,0,0,0,0,0,0,0,0,0,0,0,0,0,0,0,0,0
201801,13,063,3,5,Clayton County                ,11,11,2543705,0,0,0,0,0,0,0,0,0,11,11,2543705,0,0,0,0,0,0,0,0,0
201801,13,067,3,5,Cobb County                   ,116,116,29974329,0,0,0,2,6,1654563,3,15,3785249,116,116,29974329,0,0,0,2,6,1654563,3,15,3785249
201801,13,073,3,5,Columbia County               ,136,136,24784867,0,0,0,0,0,0,0,0,0,34,34,5429170,0,0,0,0,0,0,0,0,0
201801,13,077,3,5,Coweta County                 ,51,51,16691308,0,0,0,0,0,0,0,0,0,48,48,15961724,0,0,0,0,0,0,0,0,0
201801,13,085,3,5,Dawson County                 ,26,26,4192491,0,0,0,0,0,0,0,0,0,26,26,4192491,0,0,0,0,0,0,0,0,0
201801,13,095,3,5,Dougherty County              ,3,3,444705,0,0,0,0,0,0,1,5,503634,0,0,0,0,0,0,0,0,0,0,0,0
201801,13,097,3,5,Douglas County                ,36,36,5081041,0,0,0,0,0,0,0,0,0,36,36,5081041,0,0,0,0,0,0,0,0,0
201801,13,111,3,5,Fannin County                 ,18,18,3496070,0,0,0,0,0,0,0,0,0,18,18,3496070,0,0,0,0,0,0,0,0,0
201801,13,113,3,5,Fayette County                ,43,43,14919969,0,0,0,0,0,0,0,0,0,39,39,13361134,0,0,0,0,0,0,0,0,0
201801,13,115,3,5,Floyd County                  ,7,7,1053000,0,0,0,0,0,0,0,0,0,7,7,1053000,0,0,0,0,0,0,0,0,0
201801,13,117,3,5,Forsyth County                ,250,250,34962894,0,0,0,0,0,0,0,0,0,250,250,34962894,0,0,0,0,0,0,0,0,0
201801,13,121,3,5,Fulton County                 ,305,305,79873161,1,2,490000,0,0,0,3,591,83796253,275,275,69086139,1,2,490000,0,0,0,3,591,83796253
201801,13,127,3,5,Glynn County                  ,45,45,13584960,0,0,0,0,0,0,0,0,0,0,0,0,0,0,0,0,0,0,0,0,0
201801,13,135,3,5,Gwinnett County               ,282,282,69535025,16,32,3200000,0,0,0,0,0,0,278,278,68397110,16,32,3200000,0,0,0,0,0,0
201801,13,143,3,5,Haralson County               ,3,3,683242,0,0,0,0,0,0,0,0,0,0,0,0,0,0,0,0,0,0,0,0,0
201801,13,145,3,5,Harris County                 ,25,25,6288230,0,0,0,0,0,0,0,0,0,25,25,6288230,0,0,0,0,0,0,0,0,0
201801,13,149,3,5,Heard County                  ,0,0,0,0,0,0,0,0,0,0,0,0,0,0,0,0,0,0,0,0,0,0,0,0
201801,13,151,3,5,Henry County                  ,187,187,35639363,0,0,0,0,0,0,0,0,0,158,158,31696980,0,0,0,0,0,0,0,0,0
201801,13,159,3,5,Jasper County                 ,6,6,803844,0,0,0,0,0,0,0,0,0,0,0,0,0,0,0,0,0,0,0,0,0
201801,13,171,3,5,Lamar County                  ,4,4,468901,0,0,0,0,0,0,0,0,0,0,0,0,0,0,0,0,0,0,0,0,0
201801,13,177,3,5,Lee County                    ,11,11,1361382,0,0,0,0,0,0,0,0,0,0,0,0,0,0,0,0,0,0,0,0,0
201801,13,179,3,5,Liberty County                ,29,29,5900647,0,0,0,0,0,0,0,0,0,17,17,3665513,0,0,0,0,0,0,0,0,0
201801,13,189,3,5,McDuffie County               ,2,2,284957,0,0,0,0,0,0,0,0,0,0,0,0,0,0,0,0,0,0,0,0,0
201801,13,199,3,5,Meriwether County             ,4,4,778738,0,0,0,0,0,0,0,0,0,3,3,693738,0,0,0,0,0,0,0,0,0
201801,13,201,3,5,Miller County                 ,1,1,150000,0,0,0,0,0,0,0,0,0,1,1,150000,0,0,0,0,0,0,0,0,0
201801,13,207,3,5,Monroe County                 ,10,10,2219045,0,0,0,0,0,0,0,0,0,0,0,0,0,0,0,0,0,0,0,0,0
201801,13,215,3,5,Muscogee County               ,24,24,4604685,0,0,0,1,3,184640,1,8,1991583,0,0,0,0,0,0,0,0,0,0,0,0
201801,13,217,3,5,Newton County                 ,61,61,14109754,0,0,0,0,0,0,0,0,0,61,61,14109754,0,0,0,0,0,0,0,0,0
201801,13,227,3,5,Pickens County                ,11,11,2875709,0,0,0,0,0,0,0,0,0,0,0,0,0,0,0,0,0,0,0,0,0
201801,13,231,3,5,Pike County                   ,6,6,1052800,0,0,0,0,0,0,0,0,0,0,0,0,0,0,0,0,0,0,0,0,0
201801,13,235,3,5,Pulaski County                ,2,2,220000,0,0,0,0,0,0,0,0,0,2,2,220000,0,0,0,0,0,0,0,0,0
201801,13,245,3,5,Richmond County               ,30,30,4609091,0,0,0,0,0,0,1,24,1606966,0,0,0,0,0,0,0,0,0,0,0,0
201801,13,247,3,5,Rockdale County               ,21,21,4545285,0,0,0,0,0,0,0,0,0,21,21,4545285,0,0,0,0,0,0,0,0,0
201801,13,255,3,5,Spalding County               ,11,11,1338904,0,0,0,0,0,0,0,0,0,11,11,1338904,0,0,0,0,0,0,0,0,0
201801,13,275,3,5,Thomas County                 ,7,7,1214790,0,0,0,0,0,0,1,14,1571258,5,5,828664,0,0,0,0,0,0,0,0,0
201801,13,291,3,5,Union County                  ,22,22,5014681,0,0,0,0,0,0,0,0,0,22,22,5014681,0,0,0,0,0,0,0,0,0
201801,15,001,4,9,Hawaii County                 ,114,114,41092227,0,0,0,0,0,0,0,0,0,114,114,41092227,0,0,0,0,0,0,0,0,0
201801,15,003,4,9,Honolulu County               ,71,71,19562120,0,0,0,0,0,0,0,0,0,71,71,19562120,0,0,0,0,0,0,0,0,0
201801,15,007,4,9,Kauai County                  ,11,11,4977133,1,2,789120,0,0,0,0,0,0,11,11,4977133,1,2,789120,0,0,0,0,0,0
201801,15,009,4,9,Maui County                   ,24,24,7258860,1,2,2000000,0,0,0,0,0,0,24,24,7258860,1,2,2000000,0,0,0,0,0,0
201801,16,001,4,8,Ada County                    ,343,343,85580729,0,0,0,6,24,1062086,0,0,0,343,343,85580729,0,0,0,6,24,1062086,0,0,0
201801,16,015,4,8,Boise County                  ,1,1,189444,0,0,0,0,0,0,0,0,0,1,1,189444,0,0,0,0,0,0,0,0,0
201801,16,027,4,8,Canyon County                 ,168,168,22944935,1,2,60000,0,0,0,0,0,0,117,117,15978392,1,2,60000,0,0,0,0,0,0
201801,16,045,4,8,Gem County                    ,4,4,650320,0,0,0,0,0,0,0,0,0,4,4,650320,0,0,0,0,0,0,0,0,0
201801,16,073,4,8,Owyhee County                 ,1,1,158983,0,0,0,0,0,0,0,0,0,0,0,0,0,0,0,0,0,0,0,0,0
201801,17,005,2,3,Bond County                   ,1,1,176208,0,0,0,0,0,0,0,0,0,0,0,0,0,0,0,0,0,0,0,0,0
201801,17,013,2,3,Calhoun County                ,0,0,0,0,0,0,0,0,0,0,0,0,0,0,0,0,0,0,0,0,0,0,0,0
201801,17,031,2,3,Cook County                   ,72,72,28892824,2,4,873900,4,12,1375000,10,211,55643700,61,61,24150837,2,4,873900,4,12,1375000,10,211,55643700
201801,17,037,2,3,DeKalb County                 ,4,4,870000,0,0,0,0,0,0,0,0,0,4,4,870000,0,0,0,0,0,0,0,0,0
201801,17,039,2,3,De Witt County                ,0,0,0,0,0,0,0,0,0,0,0,0,0,0,0,0,0,0,0,0,0,0,0,0
201801,17,043,2,3,DuPage County                 ,51,51,24294304,0,0,0,0,0,0,2,16,1063229,48,48,22611468,0,0,0,0,0,0,1,6,826032
201801,17,063,2,3,Grundy County                 ,0,0,0,0,0,0,0,0,0,1,5,256410,0,0,0,0,0,0,0,0,0,0,0,0
201801,17,083,2,3,Jersey County                 ,1,1,143820,0,0,0,0,0,0,0,0,0,1,1,143820,0,0,0,0,0,0,0,0,0
201801,17,093,2,3,Kendall County                ,20,20,4239961,0,0,0,0,0,0,0,0,0,17,17,3555428,0,0,0,0,0,0,0,0,0
201801,17,097,2,3,Lake County                   ,26,26,9843805,1,2,83333,0,0,0,2,10,2531572,14,14,4429488,0,0,0,0,0,0,0,0,0
201801,17,111,2,3,McHenry County                ,14,14,2826354,0,0,0,0,0,0,0,0,0,11,11,2433852,0,0,0,0,0,0,0,0,0
201801,17,119,2,3,Madison County                ,18,18,5950514,0,0,0,0,0,0,0,0,0,17,17,5735839,0,0,0,0,0,0,0,0,0
201801,17,133,2,3,Monroe County                 ,8,8,1948472,0,0,0,0,0,0,0,0,0,6,6,1475954,0,0,0,0,0,0,0,0,0
201801,17,197,2,3,Will County                   ,70,70,18353949,4,8,1194500,1,4,454000,0,0,0,65,65,17251914,4,8,1194500,1,4,454000,0,0,0
201801,18,003,2,3,Allen County                  ,60,60,14762782,10,20,2450000,0,0,0,0,0,0,60,60,14762782,10,20,2450000,0,0,0,0,0,0
201801,18,011,2,3,Boone County                  ,29,29,8970200,0,0,0,0,0,0,0,0,0,29,29,8970200,0,0,0,0,0,0,0,0,0
201801,18,013,2,3,Brown County                  ,3,3,776113,0,0,0,0,0,0,0,0,0,3,3,776113,0,0,0,0,0,0,0,0,0
201801,18,019,2,3,Clark County                  ,19,19,4728836,0,0,0,0,0,0,0,0,0,16,16,4308929,0,0,0,0,0,0,0,0,0
201801,18,047,2,3,Franklin County               ,1,1,150000,0,0,0,0,0,0,0,0,0,1,1,150000,0,0,0,0,0,0,0,0,0
201801,18,057,2,3,Hamilton County               ,193,193,70363146,2,4,738175,0,0,0,0,0,0,193,193,70363146,2,4,738175,0,0,0,0,0,0
201801,18,059,2,3,Hancock County                ,38,38,8120692,1,2,325000,0,0,0,0,0,0,38,38,8120692,1,2,325000,0,0,0,0,0,0
201801,18,061,2,3,Harrison County               ,6,6,1552225,0,0,0,0,0,0,0,0,0,6,6,1552225,0,0,0,0,0,0,0,0,0
201801,18,063,2,3,Hendricks County              ,55,55,8845329,0,0,0,0,0,0,1,13,1077309,37,37,4895689,0,0,0,0,0,0,0,0,0
201801,18,069,2,3,Huntington County             ,6,6,1152246,0,0,0,0,0,0,0,0,0,6,6,1152246,0,0,0,0,0,0,0,0,0
201801,18,073,2,3,Jasper County                 ,2,2,558704,0,0,0,0,0,0,0,0,0,2,2,558704,0,0,0,0,0,0,0,0,0
201801,18,081,2,3,Johnson County                ,37,37,8397670,0,0,0,0,0,0,0,0,0,35,35,8166532,0,0,0,0,0,0,0,0,0
201801,18,087,2,3,Lagrange County               ,1,1,136000,0,0,0,0,0,0,0,0,0,1,1,136000,0,0,0,0,0,0,0,0,0
201801,18,089,2,3,Lake County                   ,55,55,12755512,1,2,468008,0,0,0,0,0,0,51,51,12129895,1,2,468008,0,0,0,0,0,0
201801,18,097,2,3,Marion County                 ,58,58,14054579,3,6,835033,0,0,0,1,38,4910276,10,10,1980632,0,0,0,0,0,0,0,0,0
201801,18,105,2,3,Monroe County                 ,9,9,2328338,5,10,1211481,0,0,0,0,0,0,9,9,2328338,5,10,1211481,0,0,0,0,0,0
201801,18,109,2,3,Morgan County                 ,5,5,607253,0,0,0,0,0,0,0,0,0,5,5,607253,0,0,0,0,0,0,0,0,0
201801,18,111,2,3,Newton County                 ,1,1,210840,0,0,0,0,0,0,0,0,0,0,0,0,0,0,0,0,0,0,0,0,0
201801,18,115,2,3,Ohio County                   ,0,0,0,0,0,0,0,0,0,0,0,0,0,0,0,0,0,0,0,0,0,0,0,0
201801,18,119,2,3,Owen County                   ,0,0,0,0,0,0,0,0,0,0,0,0,0,0,0,0,0,0,0,0,0,0,0,0
201801,18,127,2,3,Porter County                 ,23,23,7039271,0,0,0,0,0,0,0,0,0,18,18,6190595,0,0,0,0,0,0,0,0,0
201801,18,133,2,3,Putnam County                 ,4,4,1034817,0,0,0,0,0,0,0,0,0,4,4,1034817,0,0,0,0,0,0,0,0,0
201801,18,145,2,3,Shelby County                 ,4,4,687436,0,0,0,0,0,0,0,0,0,4,4,687436,0,0,0,0,0,0,0,0,0
201801,18,151,2,3,Steuben County                ,4,4,959900,1,2,308000,0,0,0,0,0,0,4,4,959900,1,2,308000,0,0,0,0,0,0
201801,18,157,2,3,Tippecanoe County             ,23,23,5324783,1,2,360000,0,0,0,0,0,0,0,0,0,0,0,0,0,0,0,0,0,0
201801,18,163,2,3,Vanderburgh County            ,18,18,3012197,1,2,230000,0,0,0,0,0,0,18,18,3012197,1,2,230000,0,0,0,0,0,0
201801,18,167,2,3,Vigo County                   ,1,1,133280,1,2,172727,0,0,0,1,12,757250,0,0,0,0,0,0,0,0,0,0,0,0
201801,18,175,2,3,Washington County             ,1,1,164872,0,0,0,0,0,0,0,0,0,0,0,0,0,0,0,0,0,0,0,0,0
201801,18,183,2,3,Whitley County                ,3,3,475700,0,0,0,0,0,0,0,0,0,3,3,475700,0,0,0,0,0,0,0,0,0
201801,19,049,2,4,Dallas County                 ,8,8,1988629,0,0,0,0,0,0,1,5,460526,6,6,1552225,0,0,0,0,0,0,0,0,0
201801,19,085,2,4,Harrison County               ,2,2,530000,0,0,0,0,0,0,0,0,0,1,1,275000,0,0,0,0,0,0,0,0,0
201801,19,129,2,4,Mills County                  ,0,0,0,0,0,0,0,0,0,0,0,0,0,0,0,0,0,0,0,0,0,0,0,0
201801,19,153,2,4,Polk County                   ,87,87,20922044,0,0,0,0,0,0,3,96,11168689,87,87,20922044,0,0,0,0,0,0,3,96,11168689
201801,19,181,2,4,Warren County                 ,8,8,2421920,0,0,0,0,0,0,0,0,0,7,7,2183093,0,0,0,0,0,0,0,0,0
201801,20,091,2,4,Johnson County                ,116,116,41483812,3,6,1003000,15,51,8205915,2,17,2225363,82,82,29801749,3,6,1003000,14,48,7759635,0,0,0
201801,20,103,2,4,Leavenworth County            ,15,15,3110071,0,0,0,0,0,0,0,0,0,11,11,2102052,0,0,0,0,0,0,0,0,0
201801,20,107,2,4,Linn County                   ,2,2,128180,0,0,0,0,0,0,0,0,0,0,0,0,0,0,0,0,0,0,0,0,0
201801,20,121,2,4,Miami County                  ,6,6,1605648,0,0,0,0,0,0,0,0,0,2,2,345300,0,0,0,0,0,0,0,0,0
201801,20,209,2,4,Wyandotte County              ,11,11,2053870,0,0,0,0,0,0,0,0,0,11,11,2053870,0,0,0,0,0,0,0,0,0
201801,21,005,3,6,Anderson County               ,4,4,632532,0,0,0,0,0,0,0,0,0,4,4,632532,0,0,0,0,0,0,0,0,0
201801,21,015,3,6,Boone County                  ,27,27,5693651,0,0,0,0,0,0,0,0,0,27,27,5693651,0,0,0,0,0,0,0,0,0
201801,21,017,3,6,Bourbon County                ,3,3,1057500,0,0,0,0,0,0,0,0,0,3,3,1057500,0,0,0,0,0,0,0,0,0
201801,21,021,3,6,Boyle County                  ,2,2,388452,0,0,0,0,0,0,0,0,0,2,2,388452,0,0,0,0,0,0,0,0,0
201801,21,029,3,6,Bullitt County                ,26,26,5268441,0,0,0,0,0,0,0,0,0,26,26,5268441,0,0,0,0,0,0,0,0,0
201801,21,035,3,6,Calloway County               ,0,0,0,0,0,0,0,0,0,0,0,0,0,0,0,0,0,0,0,0,0,0,0,0
201801,21,037,3,6,Campbell County               ,12,12,2661231,0,0,0,0,0,0,0,0,0,12,12,2661231,0,0,0,0,0,0,0,0,0
201801,21,045,3,6,Casey County                  ,0,0,0,0,0,0,0,0,0,0,0,0,0,0,0,0,0,0,0,0,0,0,0,0
201801,21,047,3,6,Christian County              ,4,4,477400,0,0,0,0,0,0,0,0,0,2,2,335000,0,0,0,0,0,0,0,0,0
201801,21,049,3,6,Clark County                  ,5,5,1089413,0,0,0,0,0,0,1,6,415500,0,0,0,0,0,0,0,0,0,0,0,0
201801,21,067,3,6,Fayette County                ,62,62,10192667,1,2,204889,0,0,0,2,59,4617706,0,0,0,0,0,0,0,0,0,0,0,0
201801,21,069,3,6,Fleming County                ,0,0,0,0,0,0,0,0,0,0,0,0,0,0,0,0,0,0,0,0,0,0,0,0
201801,21,077,3,6,Gallatin County               ,0,0,0,0,0,0,0,0,0,0,0,0,0,0,0,0,0,0,0,0,0,0,0,0
201801,21,081,3,6,Grant County                  ,1,1,10000,0,0,0,0,0,0,0,0,0,1,1,10000,0,0,0,0,0,0,0,0,0
201801,21,091,3,6,Hancock County                ,0,0,0,0,0,0,0,0,0,0,0,0,0,0,0,0,0,0,0,0,0,0,0,0
201801,21,099,3,6,Hart County                   ,4,4,389000,0,0,0,0,0,0,1,5,567738,0,0,0,0,0,0,0,0,0,0,0,0
201801,21,101,3,6,Henderson County              ,1,1,120000,0,0,0,0,0,0,0,0,0,1,1,120000,0,0,0,0,0,0,0,0,0
201801,21,103,3,6,Henry County                  ,1,1,175000,0,0,0,0,0,0,0,0,0,1,1,175000,0,0,0,0,0,0,0,0,0
201801,21,111,3,6,Jefferson County              ,87,87,25195525,1,2,337500,0,0,0,1,8,225000,87,87,25195525,1,2,337500,0,0,0,1,8,225000
201801,21,113,3,6,Jessamine County              ,9,9,2231330,0,0,0,0,0,0,0,0,0,9,9,2231330,0,0,0,0,0,0,0,0,0
201801,21,115,3,6,Johnson County                ,0,0,0,0,0,0,0,0,0,0,0,0,0,0,0,0,0,0,0,0,0,0,0,0
201801,21,117,3,6,Kenton County                 ,21,21,5977661,0,0,0,0,0,0,0,0,0,21,21,5977661,0,0,0,0,0,0,0,0,0
201801,21,121,3,6,Knox County                   ,0,0,0,0,0,0,0,0,0,0,0,0,0,0,0,0,0,0,0,0,0,0,0,0
201801,21,123,3,6,Larue County                  ,1,1,231246,0,0,0,0,0,0,0,0,0,1,1,231246,0,0,0,0,0,0,0,0,0
201801,21,137,3,6,Lincoln County                ,2,2,404521,0,0,0,0,0,0,0,0,0,0,0,0,0,0,0,0,0,0,0,0,0
201801,21,145,3,6,McCracken County              ,5,5,1628766,0,0,0,0,0,0,0,0,0,5,5,1628766,0,0,0,0,0,0,0,0,0
201801,21,151,3,6,Madison County                ,18,18,1647217,1,2,112996,0,0,0,3,18,662144,7,7,695000,0,0,0,0,0,0,1,8,325000
201801,21,157,3,6,Marshall County               ,5,5,961096,1,2,158000,0,0,0,0,0,0,5,5,961096,1,2,158000,0,0,0,0,0,0
201801,21,161,3,6,Mason County                  ,0,0,0,0,0,0,0,0,0,0,0,0,0,0,0,0,0,0,0,0,0,0,0,0
201801,21,163,3,6,Meade County                  ,0,0,0,0,0,0,0,0,0,0,0,0,0,0,0,0,0,0,0,0,0,0,0,0
201801,21,167,3,6,Mercer County                 ,3,3,497912,0,0,0,0,0,0,0,0,0,0,0,0,0,0,0,0,0,0,0,0,0
201801,21,175,3,6,Morgan County                 ,1,1,75000,0,0,0,0,0,0,0,0,0,0,0,0,0,0,0,0,0,0,0,0,0
201801,21,179,3,6,Nelson County                 ,6,6,975000,0,0,0,0,0,0,0,0,0,6,6,975000,0,0,0,0,0,0,0,0,0
201801,21,185,3,6,Oldham County                 ,29,29,9065462,0,0,0,0,0,0,0,0,0,0,0,0,0,0,0,0,0,0,0,0,0
201801,21,191,3,6,Pendleton County              ,0,0,0,0,0,0,0,0,0,0,0,0,0,0,0,0,0,0,0,0,0,0,0,0
201801,21,209,3,6,Scott County                  ,28,28,4638240,0,0,0,0,0,0,4,108,7405596,28,28,4638240,0,0,0,0,0,0,4,108,7405596
201801,21,211,3,6,Shelby County                 ,27,27,5009117,0,0,0,0,0,0,0,0,0,27,27,5009117,0,0,0,0,0,0,0,0,0
201801,21,213,3,6,Simpson County                ,1,1,129000,0,0,0,0,0,0,0,0,0,1,1,129000,0,0,0,0,0,0,0,0,0
201801,21,215,3,6,Spencer County                ,4,4,924984,0,0,0,0,0,0,0,0,0,4,4,924984,0,0,0,0,0,0,0,0,0
201801,21,221,3,6,Trigg County                  ,0,0,0,0,0,0,0,0,0,0,0,0,0,0,0,0,0,0,0,0,0,0,0,0
201801,21,225,3,6,Union County                  ,1,1,209366,0,0,0,0,0,0,0,0,0,0,0,0,0,0,0,0,0,0,0,0,0
201801,21,239,3,6,Woodford County               ,5,5,1612000,0,0,0,0,0,0,1,30,1700000,5,5,1612000,0,0,0,0,0,0,1,30,1700000
201801,22,005,3,7,Ascension Parish              ,79,79,12892449,0,0,0,0,0,0,0,0,0,5,5,826950,0,0,0,0,0,0,0,0,0
201801,22,015,3,7,Bossier Parish                ,53,53,11038547,0,0,0,0,0,0,0,0,0,53,53,11038547,0,0,0,0,0,0,0,0,0
201801,22,017,3,7,Caddo Parish                  ,21,21,6079087,0,0,0,0,0,0,0,0,0,19,19,5765839,0,0,0,0,0,0,0,0,0
201801,22,031,3,7,De Soto Parish                ,10,10,2657678,0,0,0,0,0,0,0,0,0,10,10,2657678,0,0,0,0,0,0,0,0,0
201801,22,033,3,7,East Baton Rouge Parish       ,96,96,24629304,1,2,236000,0,0,0,0,0,0,96,96,24629304,1,2,236000,0,0,0,0,0,0
201801,22,037,3,7,East Feliciana Parish         ,5,5,971130,0,0,0,0,0,0,0,0,0,5,5,971130,0,0,0,0,0,0,0,0,0
201801,22,047,3,7,Iberville Parish              ,12,12,2871790,0,0,0,0,0,0,0,0,0,10,10,2419213,0,0,0,0,0,0,0,0,0
201801,22,051,3,7,Jefferson Parish              ,39,39,9031544,1,2,152981,0,0,0,1,12,1207078,1,1,530000,0,0,0,0,0,0,0,0,0
201801,22,055,3,7,Lafayette Parish              ,86,86,17528249,0,0,0,0,0,0,0,0,0,55,55,13332396,0,0,0,0,0,0,0,0,0
201801,22,063,3,7,Livingston Parish             ,65,65,14754364,0,0,0,1,3,232174,0,0,0,1,1,200000,0,0,0,0,0,0,0,0,0
201801,22,071,3,7,Orleans Parish                ,26,26,5639153,5,10,1213131,1,3,490108,1,19,4676690,0,0,0,0,0,0,0,0,0,0,0,0
201801,22,075,3,7,Plaquemines Parish            ,5,5,1534680,0,0,0,0,0,0,0,0,0,0,0,0,0,0,0,0,0,0,0,0,0
201801,22,077,3,7,Pointe Coupee Parish          ,7,7,1492728,0,0,0,0,0,0,0,0,0,7,7,1492728,0,0,0,0,0,0,0,0,0
201801,22,087,3,7,St. Bernard Parish            ,16,16,2243760,0,0,0,0,0,0,0,0,0,16,16,2243760,0,0,0,0,0,0,0,0,0
201801,22,089,3,7,St. Charles Parish            ,8,8,1138452,0,0,0,0,0,0,0,0,0,8,8,1138452,0,0,0,0,0,0,0,0,0
201801,22,091,3,7,St. Helena Parish             ,0,0,0,0,0,0,0,0,0,0,0,0,0,0,0,0,0,0,0,0,0,0,0,0
201801,22,095,3,7,St. John the Baptist Parish   ,4,4,639052,0,0,0,0,0,0,0,0,0,0,0,0,0,0,0,0,0,0,0,0,0
201801,22,099,3,7,St. Martin Parish             ,10,10,2188938,0,0,0,0,0,0,0,0,0,10,10,2188938,0,0,0,0,0,0,0,0,0
201801,22,103,3,7,St. Tammany Parish            ,120,120,30885802,2,4,576000,0,0,0,0,0,0,115,115,29166611,2,4,576000,0,0,0,0,0,0
201801,22,109,3,7,Terrebonne Parish             ,16,16,5198725,7,14,760000,0,0,0,0,0,0,16,16,5198725,7,14,760000,0,0,0,0,0,0
201801,22,121,3,7,West Baton Rouge Parish       ,15,15,3283732,0,0,0,0,0,0,0,0,0,14,14,3192670,0,0,0,0,0,0,0,0,0
201801,22,125,3,7,West Feliciana Parish         ,2,2,1440277,0,0,0,0,0,0,0,0,0,2,2,1440277,0,0,0,0,0,0,0,0,0
201801,23,000,1,1,Maine Unorganized Territory   ,2,2,265600,0,0,0,0,0,0,0,0,0,0,0,0,0,0,0,0,0,0,0,0,0
201801,24,003,3,5,Anne Arundel County           ,148,148,33989723,0,0,0,0,0,0,1,10,249592,144,144,33299410,0,0,0,0,0,0,1,10,249592
201801,24,005,3,5,Baltimore County              ,75,75,17343443,0,0,0,0,0,0,0,0,0,75,75,17343443,0,0,0,0,0,0,0,0,0
201801,24,009,3,5,Calvert County                ,14,14,3237443,0,0,0,0,0,0,0,0,0,14,14,3237443,0,0,0,0,0,0,0,0,0
201801,24,013,3,5,Carroll County                ,23,23,5318656,0,0,0,0,0,0,0,0,0,23,23,5318656,0,0,0,0,0,0,0,0,0
201801,24,015,3,5,Cecil County                  ,4,4,845990,0,0,0,0,0,0,0,0,0,4,4,845990,0,0,0,0,0,0,0,0,0
201801,24,017,3,5,Charles County                ,52,52,11450237,0,0,0,0,0,0,2,48,4167942,49,49,10982000,0,0,0,0,0,0,2,48,4167942
201801,24,021,3,5,Frederick County              ,130,130,33973241,0,0,0,0,0,0,0,0,0,130,130,33973241,0,0,0,0,0,0,0,0,0
201801,24,023,3,5,Garrett County                ,2,2,195000,0,0,0,0,0,0,0,0,0,2,2,195000,0,0,0,0,0,0,0,0,0
201801,24,025,3,5,Harford County                ,36,36,7621131,0,0,0,0,0,0,0,0,0,36,36,7621131,0,0,0,0,0,0,0,0,0
201801,24,027,3,5,Howard County                 ,76,76,17574689,0,0,0,0,0,0,1,258,27791528,76,76,17574689,0,0,0,0,0,0,1,258,27791528
201801,24,031,3,5,Montgomery County             ,104,104,24047738,0,0,0,0,0,0,0,0,0,104,104,24047738,0,0,0,0,0,0,0,0,0
201801,24,033,3,5,Prince George County          ,140,140,32460490,0,0,0,0,0,0,0,0,0,138,138,31911935,0,0,0,0,0,0,0,0,0
201801,24,035,3,5,Queen Anne County             ,10,10,1949900,0,0,0,0,0,0,0,0,0,10,10,1949900,0,0,0,0,0,0,0,0,0
201801,24,037,3,5,St. Marys County              ,97,97,20864000,0,0,0,0,0,0,0,0,0,97,97,20864000,0,0,0,0,0,0,0,0,0
201801,24,039,3,5,Somerset County               ,1,1,62500,0,0,0,0,0,0,0,0,0,1,1,62500,0,0,0,0,0,0,0,0,0
201801,24,045,3,5,Wicomico County               ,9,9,1195390,0,0,0,0,0,0,0,0,0,8,8,1038390,0,0,0,0,0,0,0,0,0
201801,24,510,3,5,Baltimore (Independent City)  ,25,25,4359740,1,2,75000,0,0,0,2,59,12114475,0,0,0,0,0,0,0,0,0,0,0,0
201801,25,005,1,1,Bristol County                ,41,41,8410827,2,4,235000,0,0,0,2,33,3049754,25,25,4983162,2,4,235000,0,0,0,0,0,0
201801,25,009,1,1,Essex County                  ,27,27,7801493,5,10,1395833,0,0,0,1,6,810456,14,14,3774070,3,6,760000,0,0,0,0,0,0
201801,25,017,1,1,Middlesex County              ,84,84,23355798,8,16,2636595,2,6,911514,5,80,12207182,50,50,14109400,2,4,652000,0,0,0,1,32,6000000
201801,25,021,1,1,Norfolk County                ,43,43,52929590,3,6,1555720,1,4,1200000,11,341,51959698,37,37,50486588,3,6,1555720,1,4,1200000,9,326,50640318
201801,25,023,1,1,Plymouth County               ,82,82,21580162,0,0,0,0,0,0,1,77,25600363,63,63,16957820,0,0,0,0,0,0,1,77,25600363
201801,25,025,1,1,Suffolk County                ,2,2,535675,4,8,1140000,2,7,2465000,11,380,101164143,2,2,535675,4,8,1140000,2,7,2465000,10,375,100008236
201801,26,000,2,3,Michigan Balance of State     ,2,2,374471,0,0,0,0,0,0,0,0,0,0,0,0,0,0,0,0,0,0,0,0,0
201801,26,019,2,3,Benzie County                 ,1,1,252520,0,0,0,0,0,0,0,0,0,1,1,252520,0,0,0,0,0,0,0,0,0
201801,26,029,2,3,Charlevoix County             ,2,2,407327,0,0,0,0,0,0,0,0,0,0,0,0,0,0,0,0,0,0,0,0,0
201801,26,089,2,3,Leelanau County               ,15,15,3016018,0,0,0,0,0,0,0,0,0,15,15,3016018,0,0,0,0,0,0,0,0,0
201801,26,093,2,3,Livingston County             ,34,34,10449742,0,0,0,0,0,0,0,0,0,33,33,10347670,0,0,0,0,0,0,0,0,0
201801,26,095,2,3,Luce County                   ,0,0,0,0,0,0,0,0,0,0,0,0,0,0,0,0,0,0,0,0,0,0,0,0
201801,26,099,2,3,Macomb County                 ,54,54,14910849,1,2,218095,0,0,0,1,80,8151167,53,53,14760067,0,0,0,0,0,0,1,80,8151167
201801,26,103,2,3,Marquette County              ,0,0,0,0,0,0,0,0,0,0,0,0,0,0,0,0,0,0,0,0,0,0,0,0
201801,26,137,2,3,Otsego County                 ,0,0,0,0,0,0,0,0,0,0,0,0,0,0,0,0,0,0,0,0,0,0,0,0
201801,26,147,2,3,St. Clair County              ,8,8,1237371,0,0,0,0,0,0,0,0,0,6,6,850000,0,0,0,0,0,0,0,0,0
201801,26,163,2,3,Wayne County                  ,84,84,24905770,0,0,0,0,0,0,1,5,1300000,75,75,23224289,0,0,0,0,0,0,1,5,1300000
201801,27,003,2,4,Anoka County                  ,49,49,13757554,0,0,0,0,0,0,0,0,0,44,44,12395525,0,0,0,0,0,0,0,0,0
201801,27,019,2,4,Carver County                 ,27,27,7987539,0,0,0,0,0,0,0,0,0,26,26,7794219,0,0,0,0,0,0,0,0,0
201801,27,025,2,4,Chisago County                ,7,7,1567649,0,0,0,0,0,0,0,0,0,7,7,1567649,0,0,0,0,0,0,0,0,0
201801,27,027,2,4,Clay County                   ,0,0,0,0,0,0,0,0,0,1,12,1000000,0,0,0,0,0,0,0,0,0,1,12,1000000
201801,27,037,2,4,Dakota County                 ,76,76,16529118,0,0,0,1,3,786000,1,32,2429000,67,67,13531684,0,0,0,1,3,786000,1,32,2429000
201801,27,053,2,4,Hennepin County               ,126,126,49190050,1,2,198376,2,8,1735650,6,692,112364398,115,115,42880198,1,2,198376,2,8,1735650,6,692,112364398
201801,27,059,2,4,Isanti County                 ,9,9,1549207,0,0,0,0,0,0,0,0,0,5,5,888141,0,0,0,0,0,0,0,0,0
201801,27,123,2,4,Ramsey County                 ,12,12,3893393,0,0,0,0,0,0,1,34,3057004,7,7,2614115,0,0,0,0,0,0,0,0,0
201801,27,139,2,4,Scott County                  ,58,58,22011176,0,0,0,0,0,0,0,0,0,55,55,21147235,0,0,0,0,0,0,0,0,0
201801,27,141,2,4,Sherburne County              ,13,13,2901572,0,0,0,0,0,0,0,0,0,13,13,2901572,0,0,0,0,0,0,0,0,0
201801,27,163,2,4,Washington County             ,56,56,18742603,0,0,0,0,0,0,1,91,15123022,53,53,17381495,0,0,0,0,0,0,1,91,15123022
201801,27,171,2,4,Wright County                 ,49,49,14062952,0,0,0,0,0,0,0,0,0,46,46,13309931,0,0,0,0,0,0,0,0,0
201801,28,033,3,6,DeSoto County                 ,79,79,13826049,0,0,0,0,0,0,0,0,0,79,79,13826049,0,0,0,0,0,0,0,0,0
201801,28,041,3,6,Greene County                 ,0,0,0,0,0,0,0,0,0,0,0,0,0,0,0,0,0,0,0,0,0,0,0,0
201801,28,045,3,6,Hancock County                ,35,35,5693848,0,0,0,1,4,401445,1,8,677302,6,6,1056903,0,0,0,0,0,0,0,0,0
201801,28,047,3,6,Harrison County               ,79,79,12558552,0,0,0,0,0,0,0,0,0,69,69,11422542,0,0,0,0,0,0,0,0,0
201801,28,067,3,6,Jones County                  ,2,2,293569,0,0,0,0,0,0,0,0,0,0,0,0,0,0,0,0,0,0,0,0,0
201801,28,137,3,6,Tate County                   ,5,5,1048000,0,0,0,0,0,0,0,0,0,5,5,1048000,0,0,0,0,0,0,0,0,0
201801,28,143,3,6,Tunica County                 ,2,2,160640,0,0,0,0,0,0,0,0,0,0,0,0,0,0,0,0,0,0,0,0,0
201801,28,145,3,6,Union County                  ,1,1,155000,0,0,0,0,0,0,0,0,0,1,1,155000,0,0,0,0,0,0,0,0,0
201801,28,149,3,6,Warren County                 ,0,0,0,0,0,0,0,0,0,0,0,0,0,0,0,0,0,0,0,0,0,0,0,0
201801,29,013,2,4,Bates County                  ,0,0,0,0,0,0,0,0,0,0,0,0,0,0,0,0,0,0,0,0,0,0,0,0
201801,29,017,2,4,Bollinger County              ,0,0,0,0,0,0,0,0,0,0,0,0,0,0,0,0,0,0,0,0,0,0,0,0
201801,29,019,2,4,Boone County                  ,17,17,3450109,0,0,0,0,0,0,0,0,0,17,17,3450109,0,0,0,0,0,0,0,0,0
201801,29,049,2,4,Clinton County                ,2,2,390923,0,0,0,0,0,0,0,0,0,0,0,0,0,0,0,0,0,0,0,0,0
201801,29,065,2,4,Dent County                   ,0,0,0,0,0,0,0,0,0,0,0,0,0,0,0,0,0,0,0,0,0,0,0,0
201801,29,071,2,4,Franklin County               ,49,49,5962600,1,2,260000,0,0,0,0,0,0,38,38,3494597,1,2,260000,0,0,0,0,0,0
201801,29,095,2,4,Jackson County                ,105,105,27825142,12,24,3224992,6,24,2040000,0,0,0,102,102,26938354,12,24,3224992,6,24,2040000,0,0,0
201801,29,099,2,4,Jefferson County              ,50,50,8580949,0,0,0,0,0,0,0,0,0,47,47,8221757,0,0,0,0,0,0,0,0,0
201801,29,105,2,4,Laclede County                ,0,0,0,0,0,0,0,0,0,0,0,0,0,0,0,0,0,0,0,0,0,0,0,0
201801,29,107,2,4,Lafayette County              ,2,2,461164,0,0,0,0,0,0,0,0,0,0,0,0,0,0,0,0,0,0,0,0,0
201801,29,113,2,4,Lincoln County                ,9,9,1846584,0,0,0,0,0,0,0,0,0,4,4,579000,0,0,0,0,0,0,0,0,0
201801,29,165,2,4,Platte County                 ,31,31,7560947,0,0,0,0,0,0,0,0,0,31,31,7560947,0,0,0,0,0,0,0,0,0
201801,29,185,2,4,St. Clair County              ,0,0,0,0,0,0,0,0,0,0,0,0,0,0,0,0,0,0,0,0,0,0,0,0
201801,29,189,2,4,St. Louis County              ,64,64,23452009,0,0,0,0,0,0,1,8,983510,27,27,10209987,0,0,0,0,0,0,0,0,0
201801,29,219,2,4,Warren County                 ,12,12,2752637,0,0,0,0,0,0,0,0,0,12,12,2752637,0,0,0,0,0,0,0,0,0
201801,29,221,2,4,Washington County             ,0,0,0,0,0,0,0,0,0,0,0,0,0,0,0,0,0,0,0,0,0,0,0,0
201801,29,510,2,4,St. Louis (Independent City)  ,33,33,5057100,0,0,0,0,0,0,1,28,375000,33,33,5057100,0,0,0,0,0,0,1,28,375000
201801,30,033,4,8,Garfield County               ,0,0,0,0,0,0,0,0,0,0,0,0,0,0,0,0,0,0,0,0,0,0,0,0
201801,30,063,4,8,Missoula County               ,19,19,4991950,2,4,562893,0,0,0,0,0,0,19,19,4991950,2,4,562893,0,0,0,0,0,0
201801,30,093,4,8,Silver Bow County             ,0,0,0,0,0,0,0,0,0,0,0,0,0,0,0,0,0,0,0,0,0,0,0,0
201801,31,001,2,4,Adams County                  ,0,0,0,0,0,0,0,0,0,0,0,0,0,0,0,0,0,0,0,0,0,0,0,0
201801,31,025,2,4,Cass County                   ,2,2,329942,0,0,0,0,0,0,0,0,0,2,2,329942,0,0,0,0,0,0,0,0,0
201801,31,033,2,4,Cheyenne County               ,0,0,0,0,0,0,0,0,0,0,0,0,0,0,0,0,0,0,0,0,0,0,0,0
201801,31,055,2,4,Douglas County                ,87,87,13468973,0,0,0,0,0,0,2,18,1631508,87,87,13468973,0,0,0,0,0,0,2,18,1631508
201801,31,105,2,4,Kimball County                ,0,0,0,0,0,0,0,0,0,0,0,0,0,0,0,0,0,0,0,0,0,0,0,0
201801,31,153,2,4,Sarpy County                  ,76,76,20192582,0,0,0,0,0,0,0,0,0,69,69,18560304,0,0,0,0,0,0,0,0,0
201801,31,165,2,4,Sioux County                  ,0,0,0,0,0,0,0,0,0,0,0,0,0,0,0,0,0,0,0,0,0,0,0,0
201801,31,177,2,4,Washington County             ,1,1,421156,0,0,0,0,0,0,0,0,0,1,1,421156,0,0,0,0,0,0,0,0,0
201801,32,001,4,8,Churchill County              ,7,7,1362485,0,0,0,0,0,0,0,0,0,7,7,1362485,0,0,0,0,0,0,0,0,0
201801,32,003,4,8,Clark County                  ,827,827,197148125,0,0,0,0,0,0,5,62,4591872,827,827,197148125,0,0,0,0,0,0,5,62,4591872
201801,32,005,4,8,Douglas County                ,10,10,3750841,0,0,0,0,0,0,0,0,0,10,10,3750841,0,0,0,0,0,0,0,0,0
201801,32,007,4,8,Elko County                   ,12,12,1641661,0,0,0,0,0,0,0,0,0,12,12,1641661,0,0,0,0,0,0,0,0,0
201801,32,013,4,8,Humboldt County               ,1,1,169328,0,0,0,0,0,0,0,0,0,0,0,0,0,0,0,0,0,0,0,0,0
201801,32,015,4,8,Lander County                 ,1,1,184231,0,0,0,0,0,0,0,0,0,1,1,184231,0,0,0,0,0,0,0,0,0
201801,32,017,4,8,Lincoln County                ,0,0,0,0,0,0,0,0,0,0,0,0,0,0,0,0,0,0,0,0,0,0,0,0
201801,32,019,4,8,Lyon County                   ,38,38,8797280,0,0,0,0,0,0,0,0,0,38,38,8797280,0,0,0,0,0,0,0,0,0
201801,32,021,4,8,Mineral County                ,0,0,0,0,0,0,0,0,0,0,0,0,0,0,0,0,0,0,0,0,0,0,0,0
201801,32,027,4,8,Pershing County               ,0,0,0,0,0,0,0,0,0,0,0,0,0,0,0,0,0,0,0,0,0,0,0,0
201801,32,029,4,8,Storey County                 ,2,2,240343,0,0,0,0,0,0,0,0,0,0,0,0,0,0,0,0,0,0,0,0,0
201801,32,031,4,8,Washoe County                 ,176,176,43514265,3,6,636617,1,4,393008,2,35,4597777,131,131,33651823,3,6,636617,1,4,393008,0,0,0
201801,32,033,4,8,White Pine County             ,0,0,0,0,0,0,0,0,0,0,0,0,0,0,0,0,0,0,0,0,0,0,0,0
201801,32,510,4,8,Carson City (Independent City),8,8,2085629,0,0,0,0,0,0,0,0,0,8,8,2085629,0,0,0,0,0,0,0,0,0
201801,33,015,1,1,Rockingham County             ,19,19,5175528,8,16,1600000,0,0,0,4,176,16378616,15,15,4248964,8,16,1600000,0,0,0,4,176,16378616
201801,33,017,1,1,Strafford County              ,20,20,3329234,0,0,0,0,0,0,0,0,0,17,17,2907152,0,0,0,0,0,0,0,0,0
201801,34,001,1,2,Atlantic County               ,20,20,8148423,0,0,0,0,0,0,2,28,2737431,17,17,7803148,0,0,0,0,0,0,0,0,0
201801,34,003,1,2,Bergen County                 ,50,50,18696803,7,14,1388135,0,0,0,7,70,2726713,34,34,13574215,5,10,811500,0,0,0,2,10,433500
201801,34,005,1,2,Burlington County             ,54,54,8609075,1,2,220409,0,0,0,2,15,1404321,30,30,4843770,0,0,0,0,0,0,1,10,978100
201801,34,007,1,2,Camden County                 ,8,8,1201680,0,0,0,0,0,0,1,9,480523,3,3,309800,0,0,0,0,0,0,0,0,0
201801,34,009,1,2,Cape May County               ,28,28,8447315,6,12,2838400,1,3,10000,0,0,0,25,25,7664086,6,12,2838400,1,3,10000,0,0,0
201801,34,011,1,2,Cumberland County             ,6,6,565599,0,0,0,0,0,0,0,0,0,0,0,0,0,0,0,0,0,0,0,0,0
201801,34,013,1,2,Essex County                  ,20,20,3589213,1,2,367744,2,7,452226,5,82,5623826,5,5,1736899,1,2,367744,1,4,30450,0,0,0
201801,34,015,1,2,Gloucester County             ,34,34,4965979,1,2,1200,0,0,0,1,6,814000,25,25,3998251,1,2,1200,0,0,0,1,6,814000
201801,34,017,1,2,Hudson County                 ,9,9,2710851,11,22,1426500,4,14,2957534,7,171,21098324,9,9,2710851,11,22,1426500,3,11,2703950,3,80,11586727
201801,34,019,1,2,Hunterdon County              ,17,17,3273249,0,0,0,0,0,0,2,10,526491,15,15,2969816,0,0,0,0,0,0,0,0,0
201801,34,021,1,2,Mercer County                 ,16,16,3193902,1,2,86914,1,4,352723,1,10,693465,12,12,2336566,0,0,0,0,0,0,0,0,0
201801,34,023,1,2,Middlesex County              ,72,72,16281813,0,0,0,1,4,448964,1,24,1613000,60,60,14156172,0,0,0,1,4,448964,1,24,1613000
201801,34,025,1,2,Monmouth County               ,69,69,20992866,1,2,367209,0,0,0,2,60,2615893,57,57,18596814,0,0,0,0,0,0,0,0,0
201801,34,027,1,2,Morris County                 ,47,47,10870147,0,0,0,0,0,0,5,46,5617376,33,33,6767007,0,0,0,0,0,0,1,12,985000
201801,34,029,1,2,Ocean County                  ,171,171,34371066,0,0,0,0,0,0,1,38,3085000,168,168,33678593,0,0,0,0,0,0,1,38,3085000
201801,34,031,1,2,Passaic County                ,6,6,1562794,2,4,106100,0,0,0,1,6,1004963,1,1,373275,2,4,106100,0,0,0,0,0,0
201801,34,033,1,2,Salem County                  ,1,1,100965,0,0,0,0,0,0,0,0,0,0,0,0,0,0,0,0,0,0,0,0,0
201801,34,035,1,2,Somerset County               ,21,21,3600656,0,0,0,0,0,0,2,16,1060686,14,14,2584120,0,0,0,0,0,0,0,0,0
201801,34,037,1,2,Sussex County                 ,17,17,3298635,0,0,0,0,0,0,0,0,0,16,16,3046000,0,0,0,0,0,0,0,0,0
201801,34,039,1,2,Union County                  ,29,29,6069235,13,26,2441375,0,0,0,3,100,8349680,23,23,5243200,12,24,2218000,0,0,0,1,90,7896112
201801,34,041,1,2,Warren County                 ,4,4,1111317,0,0,0,0,0,0,0,0,0,4,4,1111317,0,0,0,0,0,0,0,0,0
201801,35,000,4,8,New Mexico Balance of State   ,24,24,6495179,0,0,0,0,0,0,0,0,0,0,0,0,0,0,0,0,0,0,0,0,0
201801,35,001,4,8,Bernalillo County             ,135,135,30319137,0,0,0,0,0,0,0,0,0,135,135,30319137,0,0,0,0,0,0,0,0,0
201801,35,005,4,8,Chaves County                 ,3,3,601379,0,0,0,0,0,0,0,0,0,2,2,415834,0,0,0,0,0,0,0,0,0
201801,35,007,4,8,Colfax County                 ,1,1,451667,0,0,0,0,0,0,0,0,0,0,0,0,0,0,0,0,0,0,0,0,0
201801,35,009,4,8,Curry County                  ,3,3,739022,0,0,0,0,0,0,1,5,460938,0,0,0,0,0,0,0,0,0,0,0,0
201801,35,013,4,8,Dona Ana County               ,89,89,18941082,0,0,0,0,0,0,0,0,0,74,74,16204094,0,0,0,0,0,0,0,0,0
201801,35,015,4,8,Eddy County                   ,13,13,2285798,0,0,0,0,0,0,0,0,0,13,13,2285798,0,0,0,0,0,0,0,0,0
201801,35,017,4,8,Grant County                  ,0,0,0,0,0,0,0,0,0,0,0,0,0,0,0,0,0,0,0,0,0,0,0,0
201801,35,025,4,8,Lea County                    ,14,14,2786910,0,0,0,0,0,0,0,0,0,14,14,2786910,0,0,0,0,0,0,0,0,0
201801,35,027,4,8,Lincoln County                ,5,5,1263652,0,0,0,0,0,0,0,0,0,0,0,0,0,0,0,0,0,0,0,0,0
201801,35,028,4,8,Los Alamos County             ,0,0,0,0,0,0,0,0,0,0,0,0,0,0,0,0,0,0,0,0,0,0,0,0
201801,35,029,4,8,Luna County                   ,1,1,174551,0,0,0,0,0,0,0,0,0,0,0,0,0,0,0,0,0,0,0,0,0
201801,35,031,4,8,McKinley County               ,1,1,185200,0,0,0,0,0,0,0,0,0,0,0,0,0,0,0,0,0,0,0,0,0
201801,35,035,4,8,Otero County                  ,0,0,0,0,0,0,0,0,0,0,0,0,0,0,0,0,0,0,0,0,0,0,0,0
201801,35,041,4,8,Roosevelt County              ,2,2,326294,0,0,0,0,0,0,0,0,0,0,0,0,0,0,0,0,0,0,0,0,0
201801,35,043,4,8,Sandoval County               ,60,60,13015811,0,0,0,0,0,0,1,5,208333,51,51,10808256,0,0,0,0,0,0,0,0,0
201801,35,045,4,8,San Juan County               ,6,6,1485258,0,0,0,0,0,0,0,0,0,1,1,184485,0,0,0,0,0,0,0,0,0
201801,35,047,4,8,San Miguel County             ,0,0,0,0,0,0,0,0,0,0,0,0,0,0,0,0,0,0,0,0,0,0,0,0
201801,35,049,4,8,Santa Fe County               ,11,11,2745119,0,0,0,0,0,0,0,0,0,0,0,0,0,0,0,0,0,0,0,0,0
201801,35,051,4,8,Sierra County                 ,0,0,0,0,0,0,0,0,0,0,0,0,0,0,0,0,0,0,0,0,0,0,0,0
201801,35,053,4,8,Socorro County                ,0,0,0,0,0,0,0,0,0,0,0,0,0,0,0,0,0,0,0,0,0,0,0,0
201801,35,055,4,8,Taos County                   ,6,6,657935,0,0,0,0,0,0,0,0,0,0,0,0,0,0,0,0,0,0,0,0,0
201801,35,061,4,8,Valencia County               ,9,9,975708,0,0,0,0,0,0,0,0,0,0,0,0,0,0,0,0,0,0,0,0,0
201801,36,001,1,2,Albany County                 ,16,16,3760424,0,0,0,2,8,1200000,1,7,1148354,15,15,3611166,0,0,0,2,8,1200000,0,0,0
201801,36,005,1,2,Bronx County                  ,0,0,0,5,10,1350368,0,0,0,11,633,83249252,0,0,0,5,10,1350368,0,0,0,11,633,83249252
201801,36,029,1,2,Erie County                   ,40,40,13081429,0,0,0,0,0,0,1,22,4960720,38,38,12753085,0,0,0,0,0,0,0,0,0
201801,36,047,1,2,Kings County                  ,8,8,2142700,3,6,810221,3,9,1093824,10,180,23672773,8,8,2142700,3,6,810221,3,9,1093824,10,180,23672773
201801,36,051,1,2,Livingston County             ,2,2,285115,0,0,0,0,0,0,0,0,0,0,0,0,0,0,0,0,0,0,0,0,0
201801,36,055,1,2,Monroe County                 ,34,34,8176112,0,0,0,1,4,520000,0,0,0,28,28,7367630,0,0,0,1,4,520000,0,0,0
201801,36,059,1,2,Nassau County                 ,35,35,18278852,1,2,296000,0,0,0,0,0,0,9,9,8446743,0,0,0,0,0,0,0,0,0
201801,36,061,1,2,New York County               ,0,0,0,0,0,0,0,0,0,6,251,33010367,0,0,0,0,0,0,0,0,0,6,251,33010367
201801,36,063,1,2,Niagara County                ,2,2,405000,0,0,0,0,0,0,0,0,0,2,2,405000,0,0,0,0,0,0,0,0,0
201801,36,069,1,2,Ontario County                ,19,19,5366974,0,0,0,1,4,298400,1,5,462143,8,8,2080000,0,0,0,0,0,0,0,0,0
201801,36,073,1,2,Orleans County                ,0,0,0,0,0,0,0,0,0,0,0,0,0,0,0,0,0,0,0,0,0,0,0,0
201801,36,079,1,2,Putnam County                 ,1,1,246096,0,0,0,0,0,0,0,0,0,0,0,0,0,0,0,0,0,0,0,0,0
201801,36,081,1,2,Queens County                 ,19,19,5088912,9,18,2430662,3,9,1093824,5,324,42610992,19,19,5088912,9,18,2430662,3,9,1093824,5,324,42610992
201801,36,083,1,2,Rensselaer County             ,5,5,1421183,0,0,0,0,0,0,1,5,146970,1,1,100000,0,0,0,0,0,0,0,0,0
201801,36,085,1,2,Richmond County               ,26,26,6963775,17,34,4591251,0,0,0,0,0,0,26,26,6963775,17,34,4591251,0,0,0,0,0,0
201801,36,087,1,2,Rockland County               ,5,5,1282541,2,4,603601,2,6,810337,1,6,696400,2,2,500000,0,0,0,0,0,0,0,0,0
201801,36,091,1,2,Saratoga County               ,43,43,12936797,1,2,264105,3,10,1368993,5,46,5136862,26,26,7962680,0,0,0,1,4,620000,3,33,4340008
201801,36,093,1,2,Schenectady County            ,1,1,156658,0,0,0,0,0,0,0,0,0,0,0,0,0,0,0,0,0,0,0,0,0
201801,36,095,1,2,Schoharie County              ,0,0,0,0,0,0,0,0,0,0,0,0,0,0,0,0,0,0,0,0,0,0,0,0
201801,36,099,1,2,Seneca County                 ,2,2,267000,0,0,0,0,0,0,0,0,0,2,2,267000,0,0,0,0,0,0,0,0,0
201801,36,117,1,2,Wayne County                  ,6,6,731779,0,0,0,0,0,0,0,0,0,6,6,731779,0,0,0,0,0,0,0,0,0
201801,36,119,1,2,Westchester County            ,33,33,16525869,1,2,270000,1,3,120000,3,105,14628593,26,26,13621256,0,0,0,0,0,0,1,76,8371425
201801,37,007,3,5,Anson County                  ,3,3,449595,0,0,0,0,0,0,0,0,0,0,0,0,0,0,0,0,0,0,0,0,0
201801,37,011,3,5,Avery County                  ,2,2,410582,0,0,0,0,0,0,0,0,0,2,2,410582,0,0,0,0,0,0,0,0,0
201801,37,015,3,5,Bertie County                 ,2,2,311519,0,0,0,0,0,0,0,0,0,0,0,0,0,0,0,0,0,0,0,0,0
201801,37,025,3,5,Cabarrus County               ,126,126,21291452,0,0,0,0,0,0,0,0,0,126,126,21291452,0,0,0,0,0,0,0,0,0
201801,37,033,3,5,Caswell County                ,7,7,1225475,0,0,0,0,0,0,0,0,0,7,7,1225475,0,0,0,0,0,0,0,0,0
201801,37,037,3,5,Chatham County                ,59,59,18623829,0,0,0,0,0,0,0,0,0,59,59,18623829,0,0,0,0,0,0,0,0,0
201801,37,051,3,5,Cumberland County             ,42,42,7412782,0,0,0,0,0,0,0,0,0,42,42,7412782,0,0,0,0,0,0,0,0,0
201801,37,053,3,5,Currituck County              ,23,23,5671735,0,0,0,0,0,0,0,0,0,23,23,5671735,0,0,0,0,0,0,0,0,0
201801,37,059,3,5,Davie County                  ,11,11,2219939,0,0,0,0,0,0,0,0,0,0,0,0,0,0,0,0,0,0,0,0,0
201801,37,063,3,5,Durham County                 ,163,163,30654402,1,2,169897,0,0,0,4,115,9903502,0,0,0,0,0,0,0,0,0,0,0,0
201801,37,069,3,5,Franklin County               ,51,51,8644209,0,0,0,0,0,0,0,0,0,51,51,8644209,0,0,0,0,0,0,0,0,0
201801,37,071,3,5,Gaston County                 ,63,63,16378369,0,0,0,0,0,0,0,0,0,63,63,16378369,0,0,0,0,0,0,0,0,0
201801,37,081,3,5,Guilford County               ,169,169,26778241,0,0,0,0,0,0,0,0,0,169,169,26778241,0,0,0,0,0,0,0,0,0
201801,37,089,3,5,Henderson County              ,47,47,12563426,0,0,0,0,0,0,1,42,7306740,47,47,12563426,0,0,0,0,0,0,1,42,7306740
201801,37,093,3,5,Hoke County                   ,15,15,3468689,0,0,0,0,0,0,0,0,0,15,15,3468689,0,0,0,0,0,0,0,0,0
201801,37,097,3,5,Iredell County                ,84,84,22608375,0,0,0,0,0,0,0,0,0,84,84,22608375,0,0,0,0,0,0,0,0,0
201801,37,101,3,5,Johnston County               ,161,161,27812967,2,4,500000,1,4,413000,0,0,0,161,161,27812967,2,4,500000,1,4,413000,0,0,0
201801,37,105,3,5,Lee County                    ,8,8,1624895,0,0,0,0,0,0,0,0,0,8,8,1624895,0,0,0,0,0,0,0,0,0
201801,37,119,3,5,Mecklenburg County            ,538,538,124410298,9,18,1163253,0,0,0,27,1588,75701584,538,538,124410298,9,18,1163253,0,0,0,27,1588,75701584
201801,37,133,3,5,Onslow County                 ,74,74,12020328,0,0,0,0,0,0,0,0,0,74,74,12020328,0,0,0,0,0,0,0,0,0
201801,37,135,3,5,Orange County                 ,40,40,12369153,0,0,0,0,0,0,0,0,0,40,40,12369153,0,0,0,0,0,0,0,0,0
201801,37,145,3,5,Person County                 ,5,5,669780,0,0,0,0,0,0,0,0,0,5,5,669780,0,0,0,0,0,0,0,0,0
201801,37,151,3,5,Randolph County               ,15,15,3263447,0,0,0,0,0,0,0,0,0,15,15,3263447,0,0,0,0,0,0,0,0,0
201801,37,157,3,5,Rockingham County             ,14,14,3644680,0,0,0,0,0,0,0,0,0,14,14,3644680,0,0,0,0,0,0,0,0,0
201801,37,179,3,5,Union County                  ,176,176,39280410,0,0,0,0,0,0,0,0,0,176,176,39280410,0,0,0,0,0,0,0,0,0
201801,37,181,3,5,Vance County                  ,9,9,1307374,0,0,0,0,0,0,0,0,0,9,9,1307374,0,0,0,0,0,0,0,0,0
201801,37,183,3,5,Wake County                   ,681,681,142154690,0,0,0,0,0,0,2,200,24483507,613,613,128796426,0,0,0,0,0,0,2,200,24483507
201801,37,195,3,5,Wilson County                 ,24,24,3020655,0,0,0,0,0,0,0,0,0,24,24,3020655,0,0,0,0,0,0,0,0,0
201801,39,007,2,3,Ashtabula County              ,3,3,550405,0,0,0,0,0,0,0,0,0,0,0,0,0,0,0,0,0,0,0,0,0
201801,39,015,2,3,Brown County                  ,1,1,258704,0,0,0,0,0,0,0,0,0,1,1,258704,0,0,0,0,0,0,0,0,0
201801,39,017,2,3,Butler County                 ,41,41,8179274,0,0,0,0,0,0,0,0,0,41,41,8179274,0,0,0,0,0,0,0,0,0
201801,39,025,2,3,Clermont County               ,31,31,6827105,0,0,0,0,0,0,0,0,0,31,31,6827105,0,0,0,0,0,0,0,0,0
201801,39,041,2,3,Delaware County               ,107,107,26234302,1,2,242296,0,0,0,2,10,495000,107,107,26234302,1,2,242296,0,0,0,2,10,495000
201801,39,049,2,3,Franklin County               ,97,97,30636906,14,28,4206000,4,15,1560000,5,284,32965271,97,97,30636906,14,28,4206000,4,15,1560000,5,284,32965271
201801,39,055,2,3,Geauga County                 ,3,3,1900000,0,0,0,0,0,0,0,0,0,3,3,1900000,0,0,0,0,0,0,0,0,0
201801,39,085,2,3,Lake County                   ,24,24,6424742,0,0,0,0,0,0,0,0,0,24,24,6424742,0,0,0,0,0,0,0,0,0
201801,39,089,2,3,Licking County                ,15,15,4137899,0,0,0,0,0,0,0,0,0,15,15,4137899,0,0,0,0,0,0,0,0,0
201801,39,093,2,3,Lorain County                 ,44,44,9157687,0,0,0,2,8,720000,1,5,203218,25,25,5692341,0,0,0,2,8,720000,0,0,0
201801,39,097,2,3,Madison County                ,4,4,846164,0,0,0,0,0,0,0,0,0,3,3,682164,0,0,0,0,0,0,0,0,0
201801,39,103,2,3,Medina County                 ,30,30,7588047,0,0,0,0,0,0,0,0,0,30,30,7588047,0,0,0,0,0,0,0,0,0
201801,39,117,2,3,Morrow County                 ,2,2,170000,0,0,0,0,0,0,0,0,0,1,1,100000,0,0,0,0,0,0,0,0,0
201801,39,159,2,3,Union County                  ,24,24,6208901,0,0,0,0,0,0,0,0,0,24,24,6208901,0,0,0,0,0,0,0,0,0
201801,39,165,2,3,Warren County                 ,101,101,29293492,1,2,360184,0,0,0,2,104,7739064,101,101,29293492,1,2,360184,0,0,0,2,104,7739064
201801,40,001,3,7,Adair County                  ,2,2,385287,0,0,0,0,0,0,0,0,0,0,0,0,0,0,0,0,0,0,0,0,0
201801,40,017,3,7,Canadian County               ,26,26,5655058,24,48,4036976,1,4,352000,0,0,0,19,19,3844566,24,48,4036976,1,4,352000,0,0,0
201801,40,021,3,7,Cherokee County               ,4,4,524953,0,0,0,0,0,0,0,0,0,0,0,0,0,0,0,0,0,0,0,0,0
201801,40,027,3,7,Cleveland County              ,41,41,8921005,2,4,230000,0,0,0,0,0,0,41,41,8921005,2,4,230000,0,0,0,0,0,0
201801,40,029,3,7,Coal County                   ,0,0,0,0,0,0,0,0,0,0,0,0,0,0,0,0,0,0,0,0,0,0,0,0
201801,40,037,3,7,Creek County                  ,8,8,1018000,0,0,0,0,0,0,0,0,0,8,8,1018000,0,0,0,0,0,0,0,0,0
201801,40,051,3,7,Grady County                  ,7,7,1525786,0,0,0,0,0,0,0,0,0,0,0,0,0,0,0,0,0,0,0,0,0
201801,40,055,3,7,Greer County                  ,0,0,0,0,0,0,0,0,0,0,0,0,0,0,0,0,0,0,0,0,0,0,0,0
201801,40,081,3,7,Lincoln County                ,0,0,0,0,0,0,0,0,0,0,0,0,0,0,0,0,0,0,0,0,0,0,0,0
201801,40,083,3,7,Logan County                  ,0,0,0,0,0,0,0,0,0,0,0,0,0,0,0,0,0,0,0,0,0,0,0,0
201801,40,087,3,7,McClain County                ,29,29,6057169,4,8,1000000,0,0,0,0,0,0,13,13,2846870,4,8,1000000,0,0,0,0,0,0
201801,40,109,3,7,Oklahoma County               ,359,359,85070032,7,14,1610976,0,0,0,2,18,1270910,80,80,28727396,2,4,602760,0,0,0,0,0,0
201801,40,111,3,7,Okmulgee County               ,1,1,160000,0,0,0,0,0,0,0,0,0,1,1,160000,0,0,0,0,0,0,0,0,0
201801,40,113,3,7,Osage County                  ,10,10,3554638,0,0,0,0,0,0,0,0,0,10,10,3554638,0,0,0,0,0,0,0,0,0
201801,40,117,3,7,Pawnee County                 ,1,1,165000,0,0,0,0,0,0,0,0,0,1,1,165000,0,0,0,0,0,0,0,0,0
201801,40,131,3,7,Rogers County                 ,24,24,6128819,1,2,145000,0,0,0,0,0,0,23,23,6025486,1,2,145000,0,0,0,0,0,0
201801,40,143,3,7,Tulsa County                  ,134,134,33046008,0,0,0,0,0,0,0,0,0,133,133,32983008,0,0,0,0,0,0,0,0,0
201801,40,145,3,7,Wagoner County                ,33,33,6232943,0,0,0,0,0,0,0,0,0,33,33,6232943,0,0,0,0,0,0,0,0,0
201801,41,000,4,9,Oregon Balance of State       ,7,7,1443651,0,0,0,0,0,0,0,0,0,7,7,1443651,0,0,0,0,0,0,0,0,0
201801,41,005,4,9,Clackamas County              ,118,118,36623057,0,0,0,0,0,0,8,68,8901840,88,88,25794097,0,0,0,0,0,0,7,52,6575168
201801,41,017,4,9,Deschutes County              ,151,151,38823889,0,0,0,0,0,0,0,0,0,125,125,33182691,0,0,0,0,0,0,0,0,0
201801,41,019,4,9,Douglas County                ,16,16,3936732,0,0,0,0,0,0,0,0,0,16,16,3936732,0,0,0,0,0,0,0,0,0
201801,41,025,4,9,Harney County                 ,1,1,247078,0,0,0,0,0,0,0,0,0,0,0,0,0,0,0,0,0,0,0,0,0
201801,41,035,4,9,Klamath County                ,7,7,1633091,0,0,0,0,0,0,0,0,0,7,7,1633091,0,0,0,0,0,0,0,0,0
201801,41,051,4,9,Multnomah County              ,88,88,24331805,9,18,3353695,0,0,0,9,802,130879694,87,87,24133733,9,18,3353695,0,0,0,9,802,130879694
201801,41,067,4,9,Washington County             ,123,123,35328975,0,0,0,0,0,0,4,69,8292183,113,113,32727623,0,0,0,0,0,0,4,69,8292183
201801,41,071,4,9,Yamhill County                ,30,30,7068266,0,0,0,0,0,0,0,0,0,22,22,5187837,0,0,0,0,0,0,0,0,0
201801,42,001,1,2,Adams County                  ,15,15,3539844,0,0,0,0,0,0,0,0,0,15,15,3539844,0,0,0,0,0,0,0,0,0
201801,42,017,1,2,Bucks County                  ,52,52,13410274,0,0,0,0,0,0,0,0,0,34,34,9263902,0,0,0,0,0,0,0,0,0
201801,42,029,1,2,Chester County                ,66,66,12418419,0,0,0,0,0,0,0,0,0,50,50,8313206,0,0,0,0,0,0,0,0,0
201801,42,037,1,2,Columbia County               ,4,4,891703,0,0,0,0,0,0,0,0,0,1,1,200250,0,0,0,0,0,0,0,0,0
201801,42,041,1,2,Cumberland County             ,57,57,13207186,0,0,0,0,0,0,1,6,947093,50,50,11155157,0,0,0,0,0,0,0,0,0
201801,42,043,1,2,Dauphin County                ,48,48,4854267,0,0,0,3,11,1843050,0,0,0,40,40,3117911,0,0,0,3,11,1843050,0,0,0
201801,42,045,1,2,Delaware County               ,31,31,8902095,0,0,0,0,0,0,0,0,0,18,18,5525288,0,0,0,0,0,0,0,0,0
201801,42,055,1,2,Franklin County               ,23,23,4094509,0,0,0,0,0,0,1,5,487529,17,17,3120808,0,0,0,0,0,0,0,0,0
201801,42,065,1,2,Jefferson County              ,0,0,0,0,0,0,0,0,0,0,0,0,0,0,0,0,0,0,0,0,0,0,0,0
201801,42,091,1,2,Montgomery County             ,74,74,14780335,0,0,0,3,10,1213420,3,78,5937864,61,61,11782646,0,0,0,3,10,1213420,1,8,1052123
201801,42,093,1,2,Montour County                ,1,1,107484,0,0,0,0,0,0,1,12,600000,1,1,107484,0,0,0,0,0,0,1,12,600000
201801,42,099,1,2,Perry County                  ,5,5,1308778,0,0,0,0,0,0,0,0,0,0,0,0,0,0,0,0,0,0,0,0,0
201801,42,101,1,2,Philadelphia County           ,55,55,14366346,6,12,2213740,9,30,3197986,5,125,16562410,0,0,0,0,0,0,0,0,0,0,0,0
201801,42,103,1,2,Pike County                   ,1,1,154845,0,0,0,0,0,0,0,0,0,1,1,154845,0,0,0,0,0,0,0,0,0
201801,44,001,1,1,Bristol County                ,2,2,570845,0,0,0,0,0,0,0,0,0,0,0,0,0,0,0,0,0,0,0,0,0
201801,44,003,1,1,Kent County                   ,8,8,1267966,0,0,0,0,0,0,0,0,0,7,7,1015230,0,0,0,0,0,0,0,0,0
201801,44,005,1,1,Newport County                ,12,12,4315956,0,0,0,0,0,0,0,0,0,8,8,3417838,0,0,0,0,0,0,0,0,0
201801,44,007,1,1,Providence County             ,23,23,4544844,0,0,0,0,0,0,0,0,0,20,20,4177335,0,0,0,0,0,0,0,0,0
201801,44,009,1,1,Washington County             ,11,11,3772785,0,0,0,1,3,429150,0,0,0,7,7,1846280,0,0,0,0,0,0,0,0,0
201801,45,003,3,5,Aiken County                  ,84,84,15560284,0,0,0,0,0,0,0,0,0,72,72,13714467,0,0,0,0,0,0,0,0,0
201801,45,009,3,5,Bamberg County                ,0,0,0,0,0,0,0,0,0,0,0,0,0,0,0,0,0,0,0,0,0,0,0,0
201801,45,015,3,5,Berkeley County               ,125,125,34900754,0,0,0,0,0,0,1,44,1038051,96,96,28509062,0,0,0,0,0,0,0,0,0
201801,45,017,3,5,Calhoun County                ,2,2,850000,0,0,0,0,0,0,0,0,0,2,2,850000,0,0,0,0,0,0,0,0,0
201801,45,019,3,5,Charleston County             ,184,184,57828697,0,0,0,0,0,0,3,72,4536835,73,73,41842031,0,0,0,0,0,0,0,0,0
201801,45,035,3,5,Dorchester County             ,56,56,15807600,0,0,0,0,0,0,0,0,0,56,56,15807600,0,0,0,0,0,0,0,0,0
201801,45,037,3,5,Edgefield County              ,16,16,3834878,0,0,0,0,0,0,0,0,0,16,16,3834878,0,0,0,0,0,0,0,0,0
201801,45,039,3,5,Fairfield County              ,5,5,1051548,0,0,0,0,0,0,0,0,0,0,0,0,0,0,0,0,0,0,0,0,0
201801,45,045,3,5,Greenville County             ,267,267,130971798,0,0,0,0,0,0,0,0,0,235,235,126058488,0,0,0,0,0,0,0,0,0
201801,45,051,3,5,Horry County                  ,364,364,65598657,0,0,0,0,0,0,2,16,1200280,339,339,59250339,0,0,0,0,0,0,1,11,604209
201801,45,055,3,5,Kershaw County                ,19,19,2238764,0,0,0,0,0,0,0,0,0,19,19,2238764,0,0,0,0,0,0,0,0,0
201801,45,059,3,5,Laurens County                ,11,11,2035047,0,0,0,0,0,0,0,0,0,11,11,2035047,0,0,0,0,0,0,0,0,0
201801,45,063,3,5,Lexington County              ,153,153,39553774,0,0,0,0,0,0,0,0,0,152,152,39434099,0,0,0,0,0,0,0,0,0
201801,45,077,3,5,Pickens County                ,22,22,4114500,0,0,0,0,0,0,1,36,4736611,12,12,2521476,0,0,0,0,0,0,0,0,0
201801,45,079,3,5,Richland County               ,161,161,22144966,0,0,0,0,0,0,2,31,1749725,0,0,0,0,0,0,0,0,0,0,0,0
201801,45,081,3,5,Saluda County                 ,4,4,858847,0,0,0,0,0,0,0,0,0,0,0,0,0,0,0,0,0,0,0,0,0
201801,45,085,3,5,Sumter County                 ,25,25,3085283,0,0,0,0,0,0,0,0,0,25,25,3085283,0,0,0,0,0,0,0,0,0
201801,45,091,3,5,York County                   ,183,183,59722407,0,0,0,0,0,0,2,39,4124657,18,18,5048539,0,0,0,0,0,0,0,0,0
201801,46,007,2,4,Bennett County                ,0,0,0,0,0,0,0,0,0,0,0,0,0,0,0,0,0,0,0,0,0,0,0,0
201801,46,055,2,4,Haakon County                 ,0,0,0,0,0,0,0,0,0,0,0,0,0,0,0,0,0,0,0,0,0,0,0,0
201801,46,071,2,4,Jackson County                ,0,0,0,0,0,0,0,0,0,0,0,0,0,0,0,0,0,0,0,0,0,0,0,0
201801,46,111,2,4,Sanborn County                ,1,1,100000,0,0,0,0,0,0,0,0,0,1,1,100000,0,0,0,0,0,0,0,0,0
201801,47,001,3,6,Anderson County               ,8,8,1398185,0,0,0,0,0,0,0,0,0,8,8,1398185,0,0,0,0,0,0,0,0,0
201801,47,015,3,6,Cannon County                 ,1,1,126190,0,0,0,0,0,0,0,0,0,0,0,0,0,0,0,0,0,0,0,0,0
201801,47,021,3,6,Cheatham County               ,35,35,4634900,0,0,0,0,0,0,0,0,0,35,35,4634900,0,0,0,0,0,0,0,0,0
201801,47,037,3,6,Davidson County               ,326,326,78567712,0,0,0,1,4,488242,2,24,1094139,324,324,76689954,0,0,0,1,4,488242,2,24,1094139
201801,47,043,3,6,Dickson County                ,13,13,2871162,0,0,0,0,0,0,0,0,0,12,12,2645764,0,0,0,0,0,0,0,0,0
201801,47,049,3,6,Fentress County               ,0,0,0,0,0,0,0,0,0,0,0,0,0,0,0,0,0,0,0,0,0,0,0,0
201801,47,081,3,6,Hickman County                ,3,3,631522,0,0,0,0,0,0,0,0,0,3,3,631522,0,0,0,0,0,0,0,0,0
201801,47,093,3,6,Knox County                   ,209,209,29239888,0,0,0,0,0,0,0,0,0,209,209,29239888,0,0,0,0,0,0,0,0,0
201801,47,105,3,6,Loudon County                 ,42,42,10038747,0,0,0,0,0,0,0,0,0,38,38,9350624,0,0,0,0,0,0,0,0,0
201801,47,125,3,6,Montgomery County             ,84,84,13802785,2,4,220000,2,8,400000,0,0,0,84,84,13802785,2,4,220000,2,8,400000,0,0,0
201801,47,139,3,6,Polk County                   ,15,15,2701861,0,0,0,0,0,0,0,0,0,0,0,0,0,0,0,0,0,0,0,0,0
201801,47,149,3,6,Rutherford County             ,167,167,39836974,0,0,0,0,0,0,12,302,39614000,161,161,38773905,0,0,0,0,0,0,12,302,39614000
201801,47,153,3,6,Sequatchie County             ,0,0,0,0,0,0,0,0,0,0,0,0,0,0,0,0,0,0,0,0,0,0,0,0
201801,47,157,3,6,Shelby County                 ,67,67,18170139,0,0,0,0,0,0,1,25,2873000,67,67,18170139,0,0,0,0,0,0,1,25,2873000
201801,47,159,3,6,Smith County                  ,5,5,742857,0,0,0,0,0,0,0,0,0,4,4,515000,0,0,0,0,0,0,0,0,0
201801,47,161,3,6,Stewart County                ,1,1,113000,0,0,0,0,0,0,0,0,0,0,0,0,0,0,0,0,0,0,0,0,0
201801,47,165,3,6,Sumner County                 ,85,85,26221714,0,0,0,0,0,0,4,22,826190,85,85,26221714,0,0,0,0,0,0,4,22,826190
201801,47,167,3,6,Tipton County                 ,11,11,1827997,0,0,0,0,0,0,0,0,0,4,4,814556,0,0,0,0,0,0,0,0,0
201801,47,169,3,6,Trousdale County              ,2,2,472000,0,0,0,0,0,0,0,0,0,2,2,472000,0,0,0,0,0,0,0,0,0
201801,47,173,3,6,Union County                  ,6,6,863333,0,0,0,0,0,0,0,0,0,4,4,710000,0,0,0,0,0,0,0,0,0
201801,47,175,3,6,Van Buren County              ,0,0,0,0,0,0,0,0,0,0,0,0,0,0,0,0,0,0,0,0,0,0,0,0
201801,47,189,3,6,Wilson County                 ,122,122,30881901,1,2,650000,0,0,0,5,81,5685088,83,83,19603793,1,2,650000,0,0,0,4,72,4704000
201801,48,013,3,7,Atascosa County               ,6,6,1056775,0,0,0,0,0,0,0,0,0,4,4,766990,0,0,0,0,0,0,0,0,0
201801,48,015,3,7,Austin County                 ,1,1,207662,0,0,0,0,0,0,0,0,0,1,1,207662,0,0,0,0,0,0,0,0,0
201801,48,019,3,7,Bandera County                ,0,0,0,0,0,0,0,0,0,0,0,0,0,0,0,0,0,0,0,0,0,0,0,0
201801,48,021,3,7,Bastrop County                ,13,13,1494181,1,2,174000,0,0,0,0,0,0,6,6,525225,0,0,0,0,0,0,0,0,0
201801,48,025,3,7,Bee County                    ,0,0,0,0,0,0,0,0,0,0,0,0,0,0,0,0,0,0,0,0,0,0,0,0
201801,48,027,3,7,Bell County                   ,119,119,22032616,8,16,1263750,0,0,0,0,0,0,112,112,20658440,8,16,1263750,0,0,0,0,0,0
201801,48,029,3,7,Bexar County                  ,344,344,76529462,0,0,0,0,0,0,29,148,16680087,302,302,70930457,0,0,0,0,0,0,28,141,15188393
201801,48,051,3,7,Burleson County               ,0,0,0,0,0,0,0,0,0,0,0,0,0,0,0,0,0,0,0,0,0,0,0,0
201801,48,055,3,7,Caldwell County               ,27,27,4642711,0,0,0,0,0,0,0,0,0,0,0,0,0,0,0,0,0,0,0,0,0
201801,48,085,3,7,Collin County                 ,967,967,275717122,3,6,918912,0,0,0,9,125,6970983,881,881,242413769,3,6,918912,0,0,0,8,120,6221080
201801,48,091,3,7,Comal County                  ,173,173,39894482,0,0,0,0,0,0,0,0,0,173,173,39894482,0,0,0,0,0,0,0,0,0
201801,48,099,3,7,Coryell County                ,17,17,2382584,0,0,0,0,0,0,0,0,0,4,4,525000,0,0,0,0,0,0,0,0,0
201801,48,107,3,7,Crosby County                 ,1,1,67000,0,0,0,0,0,0,0,0,0,0,0,0,0,0,0,0,0,0,0,0,0
201801,48,113,3,7,Dallas County                 ,401,401,139076545,5,10,1085704,62,248,30270979,25,825,72164832,396,396,135862225,5,10,1085704,62,248,30270979,25,825,72164832
201801,48,119,3,7,Delta County                  ,0,0,0,0,0,0,0,0,0,0,0,0,0,0,0,0,0,0,0,0,0,0,0,0
201801,48,135,3,7,Ector County                  ,42,42,8030519,0,0,0,0,0,0,0,0,0,0,0,0,0,0,0,0,0,0,0,0,0
201801,48,139,3,7,Ellis County                  ,162,162,34541151,1,2,217141,0,0,0,0,0,0,118,118,26080453,1,2,217141,0,0,0,0,0,0
201801,48,141,3,7,El Paso County                ,195,195,36239150,3,6,505834,1,4,929165,7,117,21987957,186,186,34188439,3,6,505834,1,4,929165,7,117,21987957
201801,48,157,3,7,Fort Bend County              ,870,870,112781768,2,4,648532,0,0,0,3,40,3550853,115,115,37275138,1,2,464370,0,0,0,0,0,0
201801,48,167,3,7,Galveston County              ,122,122,31685129,0,0,0,0,0,0,0,0,0,101,101,24531792,0,0,0,0,0,0,0,0,0
201801,48,185,3,7,Grimes County                 ,0,0,0,0,0,0,0,0,0,0,0,0,0,0,0,0,0,0,0,0,0,0,0,0
201801,48,187,3,7,Guadalupe County              ,72,72,17083345,0,0,0,0,0,0,0,0,0,72,72,17083345,0,0,0,0,0,0,0,0,0
201801,48,193,3,7,Hamilton County               ,1,1,80000,0,0,0,0,0,0,0,0,0,0,0,0,0,0,0,0,0,0,0,0,0
201801,48,195,3,7,Hansford County               ,0,0,0,0,0,0,0,0,0,0,0,0,0,0,0,0,0,0,0,0,0,0,0,0
201801,48,201,3,7,Harris County                 ,1437,1437,280880755,4,8,1529776,17,68,10404385,16,499,36411893,1417,1417,272238121,4,8,1529776,17,68,10404385,16,499,36411893
201801,48,211,3,7,Hemphill County               ,0,0,0,0,0,0,0,0,0,0,0,0,0,0,0,0,0,0,0,0,0,0,0,0
201801,48,215,3,7,Hidalgo County                ,252,252,40809291,12,24,1585391,17,65,4195636,2,71,5720208,151,151,25717797,5,10,664328,5,20,1485537,0,0,0
201801,48,233,3,7,Hutchinson County             ,0,0,0,0,0,0,0,0,0,1,5,396770,0,0,0,0,0,0,0,0,0,0,0,0
201801,48,251,3,7,Johnson County                ,60,60,12425829,0,0,0,0,0,0,0,0,0,57,57,12141917,0,0,0,0,0,0,0,0,0
201801,48,257,3,7,Kaufman County                ,110,110,21012964,0,0,0,0,0,0,0,0,0,102,102,19635467,0,0,0,0,0,0,0,0,0
201801,48,259,3,7,Kendall County                ,30,30,7201598,0,0,0,0,0,0,0,0,0,30,30,7201598,0,0,0,0,0,0,0,0,0
201801,48,271,3,7,Kinney County                 ,0,0,0,0,0,0,0,0,0,0,0,0,0,0,0,0,0,0,0,0,0,0,0,0
201801,48,281,3,7,Lampasas County               ,4,4,855500,0,0,0,0,0,0,0,0,0,4,4,855500,0,0,0,0,0,0,0,0,0
201801,48,291,3,7,Liberty County                ,65,65,9806553,0,0,0,0,0,0,0,0,0,64,64,9592829,0,0,0,0,0,0,0,0,0
201801,48,303,3,7,Lubbock County                ,118,118,27371149,7,14,1721135,1,4,535500,8,107,12218509,3,3,816170,0,0,0,0,0,0,0,0,0
201801,48,323,3,7,Maverick County               ,5,5,610078,1,2,312118,0,0,0,0,0,0,0,0,0,0,0,0,0,0,0,0,0,0
201801,48,325,3,7,Medina County                 ,3,3,756558,0,0,0,0,0,0,0,0,0,2,2,550000,0,0,0,0,0,0,0,0,0
201801,48,329,3,7,Midland County                ,74,74,16076231,0,0,0,0,0,0,0,0,0,74,74,16076231,0,0,0,0,0,0,0,0,0
201801,48,339,3,7,Montgomery County             ,400,400,96110064,0,0,0,0,0,0,0,0,0,394,394,94841460,0,0,0,0,0,0,0,0,0
201801,48,367,3,7,Parker County                 ,32,32,7914294,0,0,0,0,0,0,1,5,526370,31,31,7606106,0,0,0,0,0,0,0,0,0
201801,48,375,3,7,Potter County                 ,63,63,15001035,0,0,0,0,0,0,1,101,11428192,63,63,15001035,0,0,0,0,0,0,1,101,11428192
201801,48,383,3,7,Reagan County                 ,1,1,204195,0,0,0,0,0,0,0,0,0,0,0,0,0,0,0,0,0,0,0,0,0
201801,48,385,3,7,Real County                   ,0,0,0,0,0,0,0,0,0,0,0,0,0,0,0,0,0,0,0,0,0,0,0,0
201801,48,395,3,7,Robertson County              ,4,4,612492,0,0,0,0,0,0,0,0,0,4,4,612492,0,0,0,0,0,0,0,0,0
201801,48,397,3,7,Rockwall County               ,128,128,40826896,0,0,0,0,0,0,0,0,0,99,99,30491136,0,0,0,0,0,0,0,0,0
201801,48,407,3,7,San Jacinto County            ,20,20,4624918,0,0,0,0,0,0,0,0,0,20,20,4624918,0,0,0,0,0,0,0,0,0
201801,48,411,3,7,San Saba County               ,0,0,0,0,0,0,0,0,0,0,0,0,0,0,0,0,0,0,0,0,0,0,0,0
201801,48,451,3,7,Tom Green County              ,18,18,4445000,0,0,0,0,0,0,0,0,0,18,18,4445000,0,0,0,0,0,0,0,0,0
201801,48,453,3,7,Travis County                 ,721,721,163677030,1,2,142084,1,3,828400,29,994,103637399,687,687,152205223,0,0,0,1,3,828400,29,994,103637399
201801,48,473,3,7,Waller County                 ,12,12,1032635,0,0,0,0,0,0,1,6,133083,12,12,1032635,0,0,0,0,0,0,0,0,0
201801,48,491,3,7,Williamson County             ,294,294,78693953,5,10,1046100,1,4,304515,0,0,0,280,280,75962661,5,10,1046100,1,4,304515,0,0,0
201801,48,493,3,7,Wilson County                 ,5,5,1020975,0,0,0,0,0,0,0,0,0,0,0,0,0,0,0,0,0,0,0,0,0
201801,48,497,3,7,Wise County                   ,7,7,1240333,0,0,0,0,0,0,0,0,0,6,6,1096000,0,0,0,0,0,0,0,0,0
201801,49,011,4,8,Davis County                  ,108,108,30488501,1,2,521060,1,4,530432,1,7,850000,103,103,28335236,0,0,0,1,4,530432,1,7,850000
201801,49,023,4,8,Juab County                   ,5,5,1294295,0,0,0,0,0,0,0,0,0,0,0,0,0,0,0,0,0,0,0,0,0
201801,49,029,4,8,Morgan County                 ,3,3,1131211,0,0,0,0,0,0,0,0,0,2,2,826275,0,0,0,0,0,0,0,0,0
201801,49,035,4,8,Salt Lake County              ,371,371,116026546,4,8,1715265,9,33,4401650,14,465,59219560,293,293,95738771,3,6,1190000,7,27,4024148,9,193,26870531
201801,49,039,4,8,Sanpete County                ,0,0,0,0,0,0,0,0,0,0,0,0,0,0,0,0,0,0,0,0,0,0,0,0
201801,49,043,4,8,Summit County                 ,9,9,3884030,0,0,0,1,3,841530,1,7,1195997,3,3,801489,0,0,0,0,0,0,0,0,0
201801,49,057,4,8,Weber County                  ,66,66,15123138,0,0,0,4,16,2715294,0,0,0,53,53,11653670,0,0,0,3,12,2077329,0,0,0
201801,51,003,3,5,Albemarle County              ,48,48,15480122,0,0,0,0,0,0,1,17,1750455,0,0,0,0,0,0,0,0,0,0,0,0
201801,51,007,3,5,Amelia County                 ,4,4,709920,0,0,0,0,0,0,0,0,0,4,4,709920,0,0,0,0,0,0,0,0,0
201801,51,009,3,5,Amherst County                ,4,4,740487,0,0,0,0,0,0,0,0,0,0,0,0,0,0,0,0,0,0,0,0,0
201801,51,013,3,5,Arlington County              ,31,31,8487332,3,6,1456250,0,0,0,1,133,21437102,0,0,0,0,0,0,0,0,0,0,0,0
201801,51,015,3,5,Augusta County                ,16,16,4957320,0,0,0,0,0,0,0,0,0,16,16,4957320,0,0,0,0,0,0,0,0,0
201801,51,019,3,5,Bedford County                ,0,0,0,0,0,0,0,0,0,2,10,700000,0,0,0,0,0,0,0,0,0,2,10,700000
201801,51,033,3,5,Caroline County               ,10,10,1917447,0,0,0,0,0,0,0,0,0,0,0,0,0,0,0,0,0,0,0,0,0
201801,51,036,3,5,Charles City County           ,2,2,367353,0,0,0,0,0,0,0,0,0,0,0,0,0,0,0,0,0,0,0,0,0
201801,51,037,3,5,Charlotte County              ,1,1,161539,0,0,0,0,0,0,0,0,0,0,0,0,0,0,0,0,0,0,0,0,0
201801,51,041,3,5,Chesterfield County           ,97,97,22430853,0,0,0,2,7,999999,0,0,0,97,97,22430853,0,0,0,2,7,999999,0,0,0
201801,51,043,3,5,Clarke County                 ,0,0,0,0,0,0,0,0,0,0,0,0,0,0,0,0,0,0,0,0,0,0,0,0
201801,51,049,3,5,Cumberland County             ,4,4,546095,0,0,0,0,0,0,0,0,0,4,4,546095,0,0,0,0,0,0,0,0,0
201801,51,051,3,5,Dickenson County              ,1,1,200000,0,0,0,0,0,0,0,0,0,1,1,200000,0,0,0,0,0,0,0,0,0
201801,51,053,3,5,Dinwiddie County              ,5,5,95353,0,0,0,0,0,0,0,0,0,0,0,0,0,0,0,0,0,0,0,0,0
201801,51,059,3,5,Fairfax County                ,87,87,20146148,0,0,0,0,0,0,0,0,0,87,87,20146148,0,0,0,0,0,0,0,0,0
201801,51,061,3,5,Fauquier County               ,19,19,7415827,0,0,0,0,0,0,0,0,0,19,19,7415827,0,0,0,0,0,0,0,0,0
201801,51,069,3,5,Frederick County              ,37,37,8961810,0,0,0,4,14,1540000,1,16,900000,37,37,8961810,0,0,0,4,14,1540000,1,16,900000
201801,51,073,3,5,Gloucester County             ,15,15,3029861,0,0,0,1,4,331632,0,0,0,0,0,0,0,0,0,0,0,0,0,0,0
201801,51,075,3,5,Goochland County              ,17,17,4302364,0,0,0,0,0,0,0,0,0,17,17,4302364,0,0,0,0,0,0,0,0,0
201801,51,085,3,5,Hanover County                ,39,39,6967549,0,0,0,0,0,0,0,0,0,39,39,6967549,0,0,0,0,0,0,0,0,0
201801,51,087,3,5,Henrico County                ,90,90,17636133,16,32,1100000,0,0,0,1,148,9384923,90,90,17636133,16,32,1100000,0,0,0,1,148,9384923
201801,51,093,3,5,Isle of Wight County          ,16,16,3163749,0,0,0,0,0,0,0,0,0,0,0,0,0,0,0,0,0,0,0,0,0
201801,51,095,3,5,James City County             ,21,21,4037700,4,8,1026000,1,3,605000,1,10,849000,21,21,4037700,4,8,1026000,1,3,605000,1,10,849000
201801,51,097,3,5,King and Queen County         ,1,1,164000,0,0,0,0,0,0,0,0,0,1,1,164000,0,0,0,0,0,0,0,0,0
201801,51,099,3,5,King George County            ,8,8,1849967,0,0,0,0,0,0,0,0,0,8,8,1849967,0,0,0,0,0,0,0,0,0
201801,51,107,3,5,Loudoun County                ,234,234,54111542,0,0,0,0,0,0,4,52,440000,234,234,54111542,0,0,0,0,0,0,4,52,440000
201801,51,109,3,5,Louisa County                 ,19,19,3806835,0,0,0,0,0,0,0,0,0,19,19,3806835,0,0,0,0,0,0,0,0,0
201801,51,115,3,5,Mathews County                ,0,0,0,0,0,0,0,0,0,0,0,0,0,0,0,0,0,0,0,0,0,0,0,0
201801,51,127,3,5,New Kent County               ,24,24,4366956,0,0,0,0,0,0,0,0,0,24,24,4366956,0,0,0,0,0,0,0,0,0
201801,51,139,3,5,Page County                   ,3,3,540000,0,0,0,0,0,0,0,0,0,3,3,540000,0,0,0,0,0,0,0,0,0
201801,51,145,3,5,Powhatan County               ,12,12,2915000,0,0,0,0,0,0,0,0,0,12,12,2915000,0,0,0,0,0,0,0,0,0
201801,51,149,3,5,Prince George County          ,6,6,809200,0,0,0,0,0,0,0,0,0,6,6,809200,0,0,0,0,0,0,0,0,0
201801,51,153,3,5,Prince William County         ,131,131,25388600,0,0,0,0,0,0,0,0,0,131,131,25388600,0,0,0,0,0,0,0,0,0
201801,51,165,3,5,Rockingham County             ,41,41,7645880,0,0,0,0,0,0,0,0,0,41,41,7645880,0,0,0,0,0,0,0,0,0
201801,51,175,3,5,Southampton County            ,3,3,441889,0,0,0,0,0,0,0,0,0,0,0,0,0,0,0,0,0,0,0,0,0
201801,51,177,3,5,Spotsylvania County           ,60,60,14842886,0,0,0,0,0,0,0,0,0,60,60,14842886,0,0,0,0,0,0,0,0,0
201801,51,179,3,5,Stafford County               ,124,124,28512324,0,0,0,0,0,0,0,0,0,124,124,28512324,0,0,0,0,0,0,0,0,0
201801,51,181,3,5,Surry County                  ,2,2,566000,0,0,0,0,0,0,0,0,0,2,2,566000,0,0,0,0,0,0,0,0,0
201801,51,183,3,5,Sussex County                 ,1,1,141418,0,0,0,0,0,0,0,0,0,1,1,141418,0,0,0,0,0,0,0,0,0
201801,51,187,3,5,Warren County                 ,16,16,3153000,0,0,0,0,0,0,0,0,0,16,16,3153000,0,0,0,0,0,0,0,0,0
201801,51,199,3,5,York County                   ,10,10,2202831,0,0,0,0,0,0,3,153,12000000,10,10,2202831,0,0,0,0,0,0,3,153,12000000
201801,51,510,3,5,Alexandria (Independent City) ,24,24,7612800,0,0,0,0,0,0,0,0,0,24,24,7612800,0,0,0,0,0,0,0,0,0
201801,51,540,3,5,Charlottesville (Independent C,7,7,1571777,0,0,0,0,0,0,1,10,1478558,0,0,0,0,0,0,0,0,0,0,0,0
201801,51,550,3,5,Chesapeake(Independent City)  ,80,80,24816868,0,0,0,0,0,0,0,0,0,80,80,24816868,0,0,0,0,0,0,0,0,0
201801,51,570,3,5,Colonial Heights (Independent ,1,1,305000,0,0,0,0,0,0,0,0,0,1,1,305000,0,0,0,0,0,0,0,0,0
201801,51,580,3,5,Covington (Independent City)  ,0,0,0,0,0,0,0,0,0,0,0,0,0,0,0,0,0,0,0,0,0,0,0,0
201801,51,600,3,5,Fairfax (Independent City)    ,1,1,256886,0,0,0,0,0,0,0,0,0,1,1,256886,0,0,0,0,0,0,0,0,0
201801,51,610,3,5,Falls Church (Independent City,4,4,1850000,0,0,0,0,0,0,0,0,0,4,4,1850000,0,0,0,0,0,0,0,0,0
201801,51,630,3,5,Fredericksburg(Independent Cit,6,6,807000,0,0,0,0,0,0,0,0,0,6,6,807000,0,0,0,0,0,0,0,0,0
201801,51,650,3,5,Hampton (Independent City)    ,14,14,865715,0,0,0,0,0,0,0,0,0,0,0,0,0,0,0,0,0,0,0,0,0
201801,51,660,3,5,Harrisonburg (Independent City,12,12,2140060,0,0,0,0,0,0,0,0,0,0,0,0,0,0,0,0,0,0,0,0,0
201801,51,670,3,5,Hopewell (Independent City)   ,4,4,362547,0,0,0,0,0,0,0,0,0,0,0,0,0,0,0,0,0,0,0,0,0
201801,51,680,3,5,Lynchburg (Independent City)  ,3,3,750000,0,0,0,0,0,0,0,0,0,3,3,750000,0,0,0,0,0,0,0,0,0
201801,51,683,3,5,Manassas (Independent City)   ,13,13,1832191,0,0,0,0,0,0,0,0,0,0,0,0,0,0,0,0,0,0,0,0,0
201801,51,685,3,5,Manassas Park (Independent Cit,0,0,0,0,0,0,0,0,0,0,0,0,0,0,0,0,0,0,0,0,0,0,0,0
201801,51,700,3,5,Newport News (Independent City,12,12,1119439,0,0,0,0,0,0,1,12,472173,0,0,0,0,0,0,0,0,0,0,0,0
201801,51,710,3,5,Norfolk (Independent City)    ,37,37,4565600,0,0,0,0,0,0,0,0,0,37,37,4565600,0,0,0,0,0,0,0,0,0
201801,51,730,3,5,Petersburg (Independent City) ,1,1,94828,0,0,0,0,0,0,1,5,206447,0,0,0,0,0,0,0,0,0,0,0,0
201801,51,735,3,5,Poquoson (Independent City)   ,0,0,0,0,0,0,0,0,0,1,6,655588,0,0,0,0,0,0,0,0,0,1,6,655588
201801,51,740,3,5,Portsmouth (Independent City) ,15,15,1710000,0,0,0,0,0,0,0,0,0,15,15,1710000,0,0,0,0,0,0,0,0,0
201801,51,760,3,5,Richmond (Independent City)   ,25,25,5781148,0,0,0,0,0,0,0,0,0,25,25,5781148,0,0,0,0,0,0,0,0,0
201801,51,800,3,5,Suffolk (Independent City)    ,55,55,12718525,0,0,0,0,0,0,0,0,0,55,55,12718525,0,0,0,0,0,0,0,0,0
201801,51,810,3,5,Virginia Beach (Independent Ci,34,34,8007772,0,0,0,0,0,0,0,0,0,34,34,8007772,0,0,0,0,0,0,0,0,0
201801,51,830,3,5,Williamsburg (Independent City,2,2,203030,0,0,0,0,0,0,0,0,0,2,2,203030,0,0,0,0,0,0,0,0,0
201801,53,005,4,9,Benton County                 ,60,60,19047784,2,4,650501,0,0,0,1,19,1789318,34,34,10604685,1,2,385000,0,0,0,0,0,0
201801,53,011,4,9,Clark County                  ,203,203,55673544,0,0,0,0,0,0,3,45,3877419,49,49,8913616,0,0,0,0,0,0,1,24,1670491
201801,53,021,4,9,Franklin County               ,46,46,11573987,1,2,337795,0,0,0,0,0,0,1,1,161814,0,0,0,0,0,0,0,0,0
201801,53,031,4,9,Jefferson County              ,13,13,2760950,0,0,0,0,0,0,0,0,0,13,13,2760950,0,0,0,0,0,0,0,0,0
201801,53,033,4,9,King County                   ,369,369,143519408,17,34,7237529,6,22,3592610,12,335,36824174,276,276,104349725,16,32,6608029,6,22,3592610,8,243,25787500
201801,53,035,4,9,Kitsap County                 ,69,69,21881793,3,6,819720,0,0,0,0,0,0,69,69,21881793,3,6,819720,0,0,0,0,0,0
201801,53,053,4,9,Pierce County                 ,228,228,64470899,2,4,732663,2,7,1232298,7,258,29651281,228,228,64470899,2,4,732663,2,7,1232298,7,258,29651281
201801,53,055,4,9,San Juan County               ,7,7,1637594,1,2,216000,0,0,0,0,0,0,0,0,0,1,2,216000,0,0,0,0,0,0
201801,53,059,4,9,Skamania County               ,1,1,19692,0,0,0,0,0,0,0,0,0,1,1,19692,0,0,0,0,0,0,0,0,0
201801,53,061,4,9,Snohomish County              ,213,213,60594079,3,6,1314924,0,0,0,1,6,884602,212,212,60327988,3,6,1314924,0,0,0,1,6,884602
201801,54,011,3,5,Cabell County                 ,1,1,100000,0,0,0,0,0,0,0,0,0,1,1,100000,0,0,0,0,0,0,0,0,0
201801,54,015,3,5,Clay County                   ,10,10,250000,0,0,0,0,0,0,0,0,0,10,10,250000,0,0,0,0,0,0,0,0,0
201801,54,019,3,5,Fayette County                ,0,0,0,0,0,0,0,0,0,0,0,0,0,0,0,0,0,0,0,0,0,0,0,0
201801,54,037,3,5,Jefferson County              ,13,13,2898705,0,0,0,0,0,0,0,0,0,13,13,2898705,0,0,0,0,0,0,0,0,0
201801,54,081,3,5,Raleigh County                ,3,3,585000,0,0,0,0,0,0,0,0,0,3,3,585000,0,0,0,0,0,0,0,0,0
201801,55,025,2,3,Dane County                   ,98,98,34179612,5,10,1992253,2,7,1019652,4,100,13049197,68,68,25978429,3,6,1151523,1,4,400000,0,0,0
201801,55,031,2,3,Douglas County                ,2,2,659000,0,0,0,0,0,0,0,0,0,2,2,659000,0,0,0,0,0,0,0,0,0
201801,55,037,2,3,Florence County               ,0,0,0,0,0,0,0,0,0,0,0,0,0,0,0,0,0,0,0,0,0,0,0,0
201801,55,049,2,3,Iowa County                   ,0,0,0,0,0,0,0,0,0,0,0,0,0,0,0,0,0,0,0,0,0,0,0,0
201801,55,059,2,3,Kenosha County                ,12,12,4332677,0,0,0,0,0,0,0,0,0,11,11,4210677,0,0,0,0,0,0,0,0,0
201801,55,079,2,3,Milwaukee County              ,7,7,1963774,2,4,648000,0,0,0,0,0,0,6,6,1740300,1,2,285000,0,0,0,0,0,0
201801,55,089,2,3,Ozaukee County                ,9,9,3545297,1,2,389900,1,3,980000,1,5,377778,4,4,1042850,1,2,389900,1,3,980000,0,0,0
201801,55,093,2,3,Pierce County                 ,7,7,1274610,0,0,0,0,0,0,0,0,0,7,7,1274610,0,0,0,0,0,0,0,0,0
201801,55,109,2,3,St. Croix County              ,17,17,4932826,1,2,290000,0,0,0,1,36,5300000,17,17,4932826,1,2,290000,0,0,0,1,36,5300000
201801,55,131,2,3,Washington County             ,23,23,6490565,0,0,0,0,0,0,0,0,0,17,17,4250383,0,0,0,0,0,0,0,0,0
201801,56,029,4,8,Park County                   ,5,5,1454207,0,0,0,0,0,0,0,0,0,5,5,1454207,0,0,0,0,0,0,0,0,0
201801,56,039,4,8,Teton County                  ,10,10,16374630,0,0,0,0,0,0,0,0,0,0,0,0,0,0,0,0,0,0,0,0,0
