Survey,FIPS,FIPS,Region,Division,County,,1-unit,,,2-units,,,3-4 units,,,5+ units,,,1-unit rep,,,2-units rep,,,3-4 units rep,,, 5+units rep
Date,State,County,Code,Code,Name,Bldgs,Units,Value,Bldgs,Units,Value,Bldgs,Units,Value,Bldgs,Units,Value,Bldgs,Units,Value,Bldgs,Units,Value,Bldgs,Units,Value,Bldgs,Units,Value
 
201903,01,001,3,6,Autauga County                ,31,31,9415589,0,0,0,0,0,0,0,0,0,31,31,9415589,0,0,0,0,0,0,0,0,0
201903,01,007,3,6,Bibb County                   ,2,2,700000,0,0,0,0,0,0,0,0,0,2,2,700000,0,0,0,0,0,0,0,0,0
201903,01,009,3,6,Blount County                 ,2,2,489597,0,0,0,0,0,0,0,0,0,0,0,0,0,0,0,0,0,0,0,0,0
201903,01,021,3,6,Chilton County                ,2,2,181332,0,0,0,0,0,0,0,0,0,2,2,181332,0,0,0,0,0,0,0,0,0
201903,01,073,3,6,Jefferson County              ,138,138,45227013,0,0,0,0,0,0,0,0,0,105,105,38167722,0,0,0,0,0,0,0,0,0
201903,01,081,3,6,Lee County                    ,87,87,25377644,1,2,210669,0,0,0,1,30,7843951,34,34,10169423,0,0,0,0,0,0,0,0,0
201903,01,083,3,6,Limestone County              ,37,37,8369242,0,0,0,0,0,0,0,0,0,37,37,8369242,0,0,0,0,0,0,0,0,0
201903,01,089,3,6,Madison County                ,272,272,40547207,0,0,0,0,0,0,0,0,0,272,272,40547207,0,0,0,0,0,0,0,0,0
201903,01,113,3,6,Russell County                ,9,9,1509559,0,0,0,0,0,0,0,0,0,9,9,1509559,0,0,0,0,0,0,0,0,0
201903,01,115,3,6,St. Clair County              ,15,15,2835832,0,0,0,0,0,0,0,0,0,14,14,2614968,0,0,0,0,0,0,0,0,0
201903,01,117,3,6,Shelby County                 ,103,103,22692269,0,0,0,0,0,0,0,0,0,46,46,8956530,0,0,0,0,0,0,0,0,0
201903,01,127,3,6,Walker County                 ,3,3,800000,0,0,0,0,0,0,0,0,0,3,3,800000,0,0,0,0,0,0,0,0,0
201903,02,013,4,9,Aleutians East Borough        ,0,0,0,0,0,0,0,0,0,0,0,0,0,0,0,0,0,0,0,0,0,0,0,0
201903,02,016,4,9,Aleutians West Census Area    ,1,1,98118,0,0,0,0,0,0,0,0,0,0,0,0,0,0,0,0,0,0,0,0,0
201903,02,020,4,9,Anchorage Municipality        ,67,67,20987727,0,0,0,1,4,694913,1,13,2055242,0,0,0,0,0,0,0,0,0,0,0,0
201903,02,050,4,9,Bethel Census Area            ,0,0,0,0,0,0,0,0,0,0,0,0,0,0,0,0,0,0,0,0,0,0,0,0
201903,02,060,4,9,Bristol Bay Borough           ,0,0,0,0,0,0,0,0,0,0,0,0,0,0,0,0,0,0,0,0,0,0,0,0
201903,02,070,4,9,Dillingham Census Area        ,0,0,0,0,0,0,0,0,0,0,0,0,0,0,0,0,0,0,0,0,0,0,0,0
201903,02,090,4,9,Fairbanks North Star Borough  ,1,1,384146,0,0,0,0,0,0,0,0,0,1,1,384146,0,0,0,0,0,0,0,0,0
201903,02,100,4,9,Haines Borough                ,1,1,278425,0,0,0,0,0,0,0,0,0,0,0,0,0,0,0,0,0,0,0,0,0
201903,02,105,4,9,Hoonah-Angoon Census Area     ,1,1,33382,0,0,0,0,0,0,0,0,0,1,1,33382,0,0,0,0,0,0,0,0,0
201903,02,110,4,9,Juneau City and Borough       ,5,5,718877,0,0,0,0,0,0,0,0,0,5,5,718877,0,0,0,0,0,0,0,0,0
201903,02,122,4,9,Kenai Peninsula Borough       ,6,6,2033481,0,0,0,1,4,800000,0,0,0,5,5,1820000,0,0,0,1,4,800000,0,0,0
201903,02,130,4,9,Ketchikan Gateway Borough     ,2,2,570356,0,0,0,0,0,0,0,0,0,2,2,570356,0,0,0,0,0,0,0,0,0
201903,02,150,4,9,Kodiak Island Borough         ,1,1,471932,0,0,0,0,0,0,0,0,0,1,1,471932,0,0,0,0,0,0,0,0,0
201903,02,158,4,9,Kusilvak Census Area          ,0,0,0,0,0,0,0,0,0,0,0,0,0,0,0,0,0,0,0,0,0,0,0,0
201903,02,170,4,9,Matanuska-Susitna Borough     ,3,3,736950,1,2,344763,0,0,0,0,0,0,3,3,736950,1,2,344763,0,0,0,0,0,0
201903,02,180,4,9,Nome Census Area              ,0,0,0,0,0,0,0,0,0,0,0,0,0,0,0,0,0,0,0,0,0,0,0,0
201903,02,185,4,9,North Slope Borough           ,0,0,0,0,0,0,0,0,0,0,0,0,0,0,0,0,0,0,0,0,0,0,0,0
201903,02,188,4,9,Northwest Arctic Borough      ,0,0,0,0,0,0,0,0,0,0,0,0,0,0,0,0,0,0,0,0,0,0,0,0
201903,02,195,4,9,Petersburg Borough            ,1,1,155636,0,0,0,0,0,0,0,0,0,0,0,0,0,0,0,0,0,0,0,0,0
201903,02,198,4,9,Prince of Wales-Hyder Census A,0,0,0,1,2,344763,0,0,0,0,0,0,0,0,0,1,2,344763,0,0,0,0,0,0
201903,02,220,4,9,Sitka City and Borough        ,1,1,213914,0,0,0,0,0,0,0,0,0,0,0,0,0,0,0,0,0,0,0,0,0
201903,02,230,4,9,Skagway Municipality          ,0,0,0,1,2,258333,0,0,0,0,0,0,0,0,0,0,0,0,0,0,0,0,0,0
201903,02,261,4,9,Valdez-Cordova Census Area    ,2,2,428000,0,0,0,0,0,0,0,0,0,2,2,428000,0,0,0,0,0,0,0,0,0
201903,02,275,4,9,Wrangell City and Borough     ,1,1,4500,0,0,0,0,0,0,0,0,0,1,1,4500,0,0,0,0,0,0,0,0,0
201903,02,282,4,9,Yakutat City and Borough      ,0,0,0,0,0,0,0,0,0,0,0,0,0,0,0,0,0,0,0,0,0,0,0,0
201903,02,290,4,9,Yukon-Koyukuk Census Area     ,0,0,0,0,0,0,0,0,0,0,0,0,0,0,0,0,0,0,0,0,0,0,0,0
201903,04,013,4,8,Maricopa County               ,1771,1771,500521924,2,4,880494,6,21,8580579,17,769,111046129,1577,1577,443647081,2,4,880494,6,21,8580579,12,663,95050719
201903,04,019,4,8,Pima County                   ,270,270,77005369,2,4,477640,0,0,0,7,98,13895481,116,116,33860681,0,0,0,0,0,0,0,0,0
201903,04,021,4,8,Pinal County                  ,316,316,63475807,10,20,1246285,0,0,0,0,0,0,217,217,38383319,10,20,1246285,0,0,0,0,0,0
201903,05,013,3,7,Calhoun County                ,0,0,0,0,0,0,0,0,0,0,0,0,0,0,0,0,0,0,0,0,0,0,0,0
201903,05,035,3,7,Crittenden County             ,5,5,1030700,0,0,0,0,0,0,0,0,0,5,5,1030700,0,0,0,0,0,0,0,0,0
201903,05,043,3,7,Drew County                   ,0,0,0,0,0,0,0,0,0,0,0,0,0,0,0,0,0,0,0,0,0,0,0,0
201903,05,045,3,7,Faulkner County               ,19,19,4354665,1,2,151241,0,0,0,1,8,211340,1,1,145000,0,0,0,0,0,0,0,0,0
201903,05,053,3,7,Grant County                  ,2,2,301111,0,0,0,0,0,0,0,0,0,0,0,0,0,0,0,0,0,0,0,0,0
201903,05,085,3,7,Lonoke County                 ,35,35,3409160,0,0,0,0,0,0,0,0,0,13,13,1530800,0,0,0,0,0,0,0,0,0
201903,05,087,3,7,Madison County                ,2,2,320000,0,0,0,0,0,0,0,0,0,2,2,320000,0,0,0,0,0,0,0,0,0
201903,05,091,3,7,Miller County                 ,2,2,135000,0,0,0,0,0,0,0,0,0,2,2,135000,0,0,0,0,0,0,0,0,0
201903,05,105,3,7,Perry County                  ,0,0,0,0,0,0,0,0,0,0,0,0,0,0,0,0,0,0,0,0,0,0,0,0
201903,05,119,3,7,Pulaski County                ,69,69,12890780,1,2,100000,0,0,0,0,0,0,69,69,12890780,1,2,100000,0,0,0,0,0,0
201903,05,129,3,7,Searcy County                 ,0,0,0,0,0,0,0,0,0,0,0,0,0,0,0,0,0,0,0,0,0,0,0,0
201903,05,143,3,7,Washington County             ,110,110,30238757,6,12,3118125,1,3,180933,0,0,0,91,91,27499459,5,10,2964737,0,0,0,0,0,0
201903,06,001,4,9,Alameda County                ,125,125,44790526,0,0,0,1,3,856711,18,570,118974730,68,68,26327215,0,0,0,0,0,0,14,531,112078185
201903,06,013,4,9,Contra Costa County           ,119,119,30643154,2,4,1500000,1,3,141264,2,11,1844330,118,118,30406699,2,4,1500000,0,0,0,0,0,0
201903,06,017,4,9,El Dorado County              ,63,63,21146080,0,0,0,0,0,0,0,0,0,63,63,21146080,0,0,0,0,0,0,0,0,0
201903,06,019,4,9,Fresno County                 ,127,127,40295974,4,8,1698546,31,93,5406757,6,52,5147560,64,64,22667526,0,0,0,30,90,5282435,0,0,0
201903,06,037,4,9,Los Angeles County            ,516,516,175319296,61,122,23621470,5,15,3313016,61,1132,221691008,433,433,126701559,59,118,22543682,2,6,1260000,53,1046,205442140
201903,06,041,4,9,Marin County                  ,8,8,4553520,0,0,0,0,0,0,0,0,0,3,3,543000,0,0,0,0,0,0,0,0,0
201903,06,059,4,9,Orange County                 ,235,235,74187150,3,6,1637613,2,6,1374060,16,386,55045051,196,196,57770032,1,2,304256,2,6,1374060,13,334,45806418
201903,06,061,4,9,Placer County                 ,130,130,46090279,0,0,0,0,0,0,2,65,3339909,130,130,46090279,0,0,0,0,0,0,2,65,3339909
201903,06,063,4,9,Plumas County                 ,3,3,564726,0,0,0,0,0,0,0,0,0,3,3,564726,0,0,0,0,0,0,0,0,0
201903,06,067,4,9,Sacramento County             ,410,410,115929014,6,12,1333864,1,4,500000,0,0,0,409,409,115689992,6,12,1333864,1,4,500000,0,0,0
201903,06,069,4,9,San Benito County             ,45,45,11191892,0,0,0,0,0,0,0,0,0,2,2,834515,0,0,0,0,0,0,0,0,0
201903,06,071,4,9,San Bernardino County         ,243,243,64615403,0,0,0,1,3,316508,4,33,3289279,223,223,60061562,0,0,0,1,3,316508,3,26,2903072
201903,06,073,4,9,San Diego County              ,257,257,96673564,8,16,2534600,16,59,9596635,12,159,18010270,249,249,94598230,7,14,2273314,14,53,8792551,9,133,13762727
201903,06,075,4,9,San Francisco County          ,2,2,539585,0,0,0,1,4,900000,2,140,41672122,2,2,539585,0,0,0,1,4,900000,2,140,41672122
201903,06,081,4,9,San Mateo County              ,19,19,17887989,0,0,0,0,0,0,2,150,23045264,12,12,13094750,0,0,0,0,0,0,2,150,23045264
201903,06,085,4,9,Santa Clara County            ,155,155,58195542,3,6,1941767,0,0,0,16,419,59124634,134,134,52274406,3,6,1941767,0,0,0,13,218,29289159
201903,06,091,4,9,Sierra County                 ,0,0,0,0,0,0,0,0,0,0,0,0,0,0,0,0,0,0,0,0,0,0,0,0
201903,06,113,4,9,Yolo County                   ,28,28,8470661,0,0,0,0,0,0,1,40,8116945,27,27,7989789,0,0,0,0,0,0,1,40,8116945
201903,08,001,4,8,Adams County                  ,158,158,44843480,1,2,402327,1,3,462863,4,98,30802165,158,158,44843480,1,2,402327,1,3,462863,4,98,30802165
201903,08,005,4,8,Arapahoe County               ,132,132,47802762,0,0,0,1,3,345345,2,54,6400000,128,128,45689556,0,0,0,0,0,0,2,54,6400000
201903,08,014,4,8,Broomfield County             ,23,23,6561097,0,0,0,0,0,0,0,0,0,23,23,6561097,0,0,0,0,0,0,0,0,0
201903,08,015,4,8,Chaffee County                ,10,10,2649443,0,0,0,1,3,549700,0,0,0,0,0,0,0,0,0,0,0,0,0,0,0
201903,08,019,4,8,Clear Creek County            ,2,2,505954,0,0,0,0,0,0,1,5,727085,0,0,0,0,0,0,0,0,0,0,0,0
201903,08,031,4,8,Denver County                 ,145,145,39119940,0,0,0,0,0,0,4,621,99630620,145,145,39119940,0,0,0,0,0,0,4,621,99630620
201903,08,035,4,8,Douglas County                ,220,220,68382301,0,0,0,0,0,0,0,0,0,215,215,66677934,0,0,0,0,0,0,0,0,0
201903,08,039,4,8,Elbert County                 ,12,12,2989363,0,0,0,0,0,0,0,0,0,12,12,2989363,0,0,0,0,0,0,0,0,0
201903,08,041,4,8,El Paso County                ,289,289,112716980,0,0,0,7,28,3617242,7,320,35058749,289,289,112716980,0,0,0,7,28,3617242,7,320,35058749
201903,08,047,4,8,Gilpin County                 ,2,2,539585,0,0,0,0,0,0,0,0,0,2,2,539585,0,0,0,0,0,0,0,0,0
201903,08,059,4,8,Jefferson County              ,54,54,16540455,0,0,0,0,0,0,0,0,0,54,54,16540455,0,0,0,0,0,0,0,0,0
201903,08,069,4,8,Larimer County                ,145,145,39259252,0,0,0,0,0,0,1,7,1588331,145,145,39259252,0,0,0,0,0,0,1,7,1588331
201903,08,077,4,8,Mesa County                   ,55,55,10988146,0,0,0,0,0,0,1,6,617681,0,0,0,0,0,0,0,0,0,0,0,0
201903,08,093,4,8,Park County                   ,16,16,4449681,0,0,0,0,0,0,0,0,0,16,16,4449681,0,0,0,0,0,0,0,0,0
201903,08,101,4,8,Pueblo County                 ,39,39,5982601,0,0,0,0,0,0,0,0,0,39,39,5982601,0,0,0,0,0,0,0,0,0
201903,08,119,4,8,Teller County                 ,11,11,3997245,0,0,0,0,0,0,0,0,0,11,11,3997245,0,0,0,0,0,0,0,0,0
201903,09,001,1,1,Fairfield County              ,48,48,36059264,0,0,0,0,0,0,2,12,5186292,31,31,20562670,0,0,0,0,0,0,0,0,0
201903,09,003,1,1,Hartford County               ,55,55,9035787,1,2,398420,0,0,0,3,15,1044741,42,42,5222786,0,0,0,0,0,0,0,0,0
201903,09,007,1,1,Middlesex County              ,7,7,1718436,0,0,0,0,0,0,0,0,0,4,4,1214253,0,0,0,0,0,0,0,0,0
201903,09,013,1,1,Tolland County                ,10,10,2571501,0,0,0,0,0,0,2,14,1298063,5,5,1492409,0,0,0,0,0,0,0,0,0
201903,10,001,3,5,Kent County                   ,107,107,16020332,2,4,357088,0,0,0,0,0,0,105,105,15587505,2,4,357088,0,0,0,0,0,0
201903,10,003,3,5,New Castle County             ,161,161,14925161,0,0,0,0,0,0,2,22,1522762,52,52,5284840,0,0,0,0,0,0,0,0,0
201903,10,005,3,5,Sussex County                 ,205,205,29108825,2,4,501784,0,0,0,1,5,659817,205,205,29108825,2,4,501784,0,0,0,1,5,659817
201903,11,001,3,5,Washington  DC                ,13,13,3073290,3,6,728950,0,0,0,7,231,25268444,13,13,3073290,3,6,728950,0,0,0,7,231,25268444
201903,12,003,3,5,Baker County                  ,11,11,2165031,0,0,0,0,0,0,0,0,0,11,11,2165031,0,0,0,0,0,0,0,0,0
201903,12,019,3,5,Clay County                   ,62,62,12760815,0,0,0,0,0,0,0,0,0,62,62,12760815,0,0,0,0,0,0,0,0,0
201903,12,029,3,5,Dixie County                  ,2,2,252647,0,0,0,0,0,0,0,0,0,0,0,0,0,0,0,0,0,0,0,0,0
201903,12,031,3,5,Duval County                  ,306,306,75353283,4,8,971933,0,0,0,11,680,74383298,297,297,71549061,4,8,971933,0,0,0,11,680,74383298
201903,12,033,3,5,Escambia County               ,83,83,19621773,1,2,500000,0,0,0,0,0,0,83,83,19621773,1,2,500000,0,0,0,0,0,0
201903,12,053,3,5,Hernando County               ,65,65,11751946,0,0,0,0,0,0,0,0,0,65,65,11751946,0,0,0,0,0,0,0,0,0
201903,12,057,3,5,Hillsborough County           ,679,679,229410267,2,4,1138119,0,0,0,4,248,38968027,666,666,227696652,2,4,1138119,0,0,0,4,248,38968027
201903,12,067,3,5,Lafayette County              ,0,0,0,0,0,0,0,0,0,0,0,0,0,0,0,0,0,0,0,0,0,0,0,0
201903,12,071,3,5,Lee County                    ,405,405,87544106,28,56,6687445,2,8,2228000,1,6,1079580,405,405,87544106,28,56,6687445,2,8,2228000,1,6,1079580
201903,12,073,3,5,Leon County                   ,56,56,11207534,1,2,221600,0,0,0,4,97,12814769,0,0,0,0,0,0,0,0,0,0,0,0
201903,12,081,3,5,Manatee County                ,288,288,57666048,1,2,100000,1,4,479020,0,0,0,287,287,57518400,1,2,100000,1,4,479020,0,0,0
201903,12,086,3,5,Miami-Dade County             ,187,187,62191053,4,8,1648125,0,0,0,15,1374,464791718,155,155,52336051,4,8,1648125,0,0,0,12,1267,448728345
201903,12,089,3,5,Nassau County                 ,109,109,31436561,0,0,0,0,0,0,0,0,0,93,93,27302702,0,0,0,0,0,0,0,0,0
201903,12,091,3,5,Okaloosa County               ,73,73,23688343,0,0,0,0,0,0,0,0,0,69,69,22953434,0,0,0,0,0,0,0,0,0
201903,12,095,3,5,Orange County                 ,542,542,180241426,2,4,186224,0,0,0,0,0,0,542,542,180241426,2,4,186224,0,0,0,0,0,0
201903,12,097,3,5,Osceola County                ,407,407,100535908,0,0,0,1,4,1324160,0,0,0,407,407,100535908,0,0,0,1,4,1324160,0,0,0
201903,12,101,3,5,Pasco County                  ,455,455,89852161,1,2,250000,2,8,511205,8,50,1986617,454,454,89757443,1,2,250000,2,8,511205,8,50,1986617
201903,12,103,3,5,Pinellas County               ,83,83,23385412,0,0,0,0,0,0,0,0,0,82,82,22884954,0,0,0,0,0,0,0,0,0
201903,12,109,3,5,St. Johns County              ,401,401,97145215,2,4,753546,1,4,731654,0,0,0,401,401,97145215,2,4,753546,1,4,731654,0,0,0
201903,12,113,3,5,Santa Rosa County             ,188,188,31775756,0,0,0,0,0,0,0,0,0,188,188,31775756,0,0,0,0,0,0,0,0,0
201903,12,115,3,5,Sarasota County               ,281,281,78010534,0,0,0,1,3,757558,6,69,13561358,182,182,53995289,0,0,0,0,0,0,6,69,13561358
201903,12,117,3,5,Seminole County               ,82,82,25057372,0,0,0,0,0,0,9,435,40333102,78,78,24113403,0,0,0,0,0,0,8,412,38384290
201903,12,119,3,5,Sumter County                 ,198,198,58119028,0,0,0,0,0,0,0,0,0,198,198,58119028,0,0,0,0,0,0,0,0,0
201903,12,129,3,5,Wakulla County                ,19,19,3533000,0,0,0,0,0,0,0,0,0,19,19,3533000,0,0,0,0,0,0,0,0,0
201903,12,131,3,5,Walton County                 ,119,119,45191601,0,0,0,0,0,0,0,0,0,119,119,45191601,0,0,0,0,0,0,0,0,0
201903,12,133,3,5,Washington County             ,3,3,416214,0,0,0,0,0,0,0,0,0,0,0,0,0,0,0,0,0,0,0,0,0
201903,13,007,3,5,Baker County                  ,0,0,0,0,0,0,0,0,0,0,0,0,0,0,0,0,0,0,0,0,0,0,0,0
201903,13,013,3,5,Barrow County                 ,64,64,7698039,0,0,0,0,0,0,1,11,786605,38,38,4658885,0,0,0,0,0,0,0,0,0
201903,13,015,3,5,Bartow County                 ,49,49,9329803,0,0,0,0,0,0,0,0,0,47,47,8774583,0,0,0,0,0,0,0,0,0
201903,13,021,3,5,Bibb County                   ,9,9,1432153,0,0,0,0,0,0,0,0,0,0,0,0,0,0,0,0,0,0,0,0,0
201903,13,029,3,5,Bryan County                  ,43,43,10423986,0,0,0,0,0,0,0,0,0,43,43,10423986,0,0,0,0,0,0,0,0,0
201903,13,033,3,5,Burke County                  ,3,3,589000,0,0,0,0,0,0,0,0,0,3,3,589000,0,0,0,0,0,0,0,0,0
201903,13,035,3,5,Butts County                  ,17,17,5242600,0,0,0,0,0,0,0,0,0,17,17,5242600,0,0,0,0,0,0,0,0,0
201903,13,045,3,5,Carroll County                ,59,59,10572378,0,0,0,0,0,0,0,0,0,59,59,10572378,0,0,0,0,0,0,0,0,0
201903,13,051,3,5,Chatham County                ,56,56,14043451,0,0,0,0,0,0,0,0,0,52,52,13391231,0,0,0,0,0,0,0,0,0
201903,13,057,3,5,Cherokee County               ,196,196,59765425,0,0,0,0,0,0,9,266,37676424,196,196,59765425,0,0,0,0,0,0,9,266,37676424
201903,13,059,3,5,Clarke County                 ,41,41,7321613,0,0,0,0,0,0,0,0,0,41,41,7321613,0,0,0,0,0,0,0,0,0
201903,13,063,3,5,Clayton County                ,44,44,10695581,0,0,0,0,0,0,0,0,0,44,44,10695581,0,0,0,0,0,0,0,0,0
201903,13,067,3,5,Cobb County                   ,168,168,44923682,7,14,2532265,0,0,0,0,0,0,153,153,42106775,7,14,2532265,0,0,0,0,0,0
201903,13,073,3,5,Columbia County               ,67,67,10593697,0,0,0,0,0,0,0,0,0,67,67,10593697,0,0,0,0,0,0,0,0,0
201903,13,077,3,5,Coweta County                 ,79,79,26153640,0,0,0,0,0,0,0,0,0,48,48,17573279,0,0,0,0,0,0,0,0,0
201903,13,085,3,5,Dawson County                 ,26,26,6191220,0,0,0,0,0,0,0,0,0,9,9,1502889,0,0,0,0,0,0,0,0,0
201903,13,095,3,5,Dougherty County              ,3,3,409006,0,0,0,0,0,0,1,5,503634,0,0,0,0,0,0,0,0,0,0,0,0
201903,13,097,3,5,Douglas County                ,39,39,7136989,0,0,0,0,0,0,0,0,0,39,39,7136989,0,0,0,0,0,0,0,0,0
201903,13,111,3,5,Fannin County                 ,19,19,3708401,0,0,0,0,0,0,0,0,0,19,19,3708401,0,0,0,0,0,0,0,0,0
201903,13,113,3,5,Fayette County                ,45,45,12624909,0,0,0,0,0,0,0,0,0,41,41,11075291,0,0,0,0,0,0,0,0,0
201903,13,115,3,5,Floyd County                  ,25,25,3967000,0,0,0,0,0,0,0,0,0,25,25,3967000,0,0,0,0,0,0,0,0,0
201903,13,117,3,5,Forsyth County                ,165,165,27802538,0,0,0,0,0,0,0,0,0,165,165,27802538,0,0,0,0,0,0,0,0,0
201903,13,121,3,5,Fulton County                 ,447,447,109953641,0,0,0,0,0,0,0,0,0,425,425,105964733,0,0,0,0,0,0,0,0,0
201903,13,127,3,5,Glynn County                  ,50,50,14610042,0,0,0,0,0,0,0,0,0,0,0,0,0,0,0,0,0,0,0,0,0
201903,13,135,3,5,Gwinnett County               ,284,284,70370900,0,0,0,0,0,0,0,0,0,277,277,68316841,0,0,0,0,0,0,0,0,0
201903,13,143,3,5,Haralson County               ,5,5,1144203,0,0,0,0,0,0,0,0,0,0,0,0,0,0,0,0,0,0,0,0,0
201903,13,145,3,5,Harris County                 ,18,18,4419935,0,0,0,0,0,0,0,0,0,18,18,4419935,0,0,0,0,0,0,0,0,0
201903,13,149,3,5,Heard County                  ,1,1,175000,0,0,0,0,0,0,0,0,0,1,1,175000,0,0,0,0,0,0,0,0,0
201903,13,151,3,5,Henry County                  ,147,147,26591862,0,0,0,0,0,0,0,0,0,147,147,26591862,0,0,0,0,0,0,0,0,0
201903,13,159,3,5,Jasper County                 ,7,7,937818,0,0,0,0,0,0,0,0,0,0,0,0,0,0,0,0,0,0,0,0,0
201903,13,171,3,5,Lamar County                  ,5,5,552730,0,0,0,0,0,0,0,0,0,5,5,552730,0,0,0,0,0,0,0,0,0
201903,13,177,3,5,Lee County                    ,13,13,1541426,0,0,0,0,0,0,0,0,0,13,13,1541426,0,0,0,0,0,0,0,0,0
201903,13,179,3,5,Liberty County                ,21,21,4866369,0,0,0,0,0,0,15,392,40731176,21,21,4866369,0,0,0,0,0,0,15,392,40731176
201903,13,189,3,5,McDuffie County               ,2,2,230000,0,0,0,0,0,0,0,0,0,2,2,230000,0,0,0,0,0,0,0,0,0
201903,13,199,3,5,Meriwether County             ,14,14,2645099,0,0,0,0,0,0,0,0,0,13,13,2577099,0,0,0,0,0,0,0,0,0
201903,13,201,3,5,Miller County                 ,0,0,0,0,0,0,0,0,0,0,0,0,0,0,0,0,0,0,0,0,0,0,0,0
201903,13,207,3,5,Monroe County                 ,12,12,2704930,0,0,0,0,0,0,0,0,0,0,0,0,0,0,0,0,0,0,0,0,0
201903,13,215,3,5,Muscogee County               ,29,29,5663162,0,0,0,0,0,0,1,12,2102492,0,0,0,0,0,0,0,0,0,0,0,0
201903,13,217,3,5,Newton County                 ,49,49,7241578,0,0,0,0,0,0,0,0,0,49,49,7241578,0,0,0,0,0,0,0,0,0
201903,13,227,3,5,Pickens County                ,5,5,916822,0,0,0,0,0,0,0,0,0,5,5,916822,0,0,0,0,0,0,0,0,0
201903,13,231,3,5,Pike County                   ,8,8,1569412,0,0,0,0,0,0,0,0,0,0,0,0,0,0,0,0,0,0,0,0,0
201903,13,235,3,5,Pulaski County                ,5,5,766895,0,0,0,0,0,0,0,0,0,5,5,766895,0,0,0,0,0,0,0,0,0
201903,13,245,3,5,Richmond County               ,22,22,3179133,0,0,0,0,0,0,0,0,0,22,22,3179133,0,0,0,0,0,0,0,0,0
201903,13,247,3,5,Rockdale County               ,13,13,3871025,0,0,0,0,0,0,0,0,0,13,13,3871025,0,0,0,0,0,0,0,0,0
201903,13,255,3,5,Spalding County               ,17,17,2205322,0,0,0,0,0,0,0,0,0,17,17,2205322,0,0,0,0,0,0,0,0,0
201903,13,275,3,5,Thomas County                 ,5,5,1081271,0,0,0,0,0,0,0,0,0,3,3,710206,0,0,0,0,0,0,0,0,0
201903,13,291,3,5,Union County                  ,13,13,3393430,0,0,0,0,0,0,0,0,0,13,13,3393430,0,0,0,0,0,0,0,0,0
201903,15,001,4,9,Hawaii County                 ,85,85,26796825,0,0,0,0,0,0,0,0,0,85,85,26796825,0,0,0,0,0,0,0,0,0
201903,15,003,4,9,Honolulu County               ,87,87,29963602,0,0,0,0,0,0,0,0,0,87,87,29963602,0,0,0,0,0,0,0,0,0
201903,15,007,4,9,Kauai County                  ,10,10,4925037,0,0,0,0,0,0,0,0,0,10,10,4925037,0,0,0,0,0,0,0,0,0
201903,15,009,4,9,Maui County                   ,61,61,21808809,2,4,710000,0,0,0,0,0,0,61,61,21808809,2,4,710000,0,0,0,0,0,0
201903,16,001,4,8,Ada County                    ,422,422,109590006,1,2,317321,1,3,490745,1,24,1591000,379,379,99066403,1,2,317321,1,3,490745,1,24,1591000
201903,16,015,4,8,Boise County                  ,2,2,488214,0,0,0,0,0,0,0,0,0,2,2,488214,0,0,0,0,0,0,0,0,0
201903,16,027,4,8,Canyon County                 ,178,178,29025638,1,2,139930,2,8,525665,1,6,420625,130,130,22216257,0,0,0,0,0,0,0,0,0
201903,16,045,4,8,Gem County                    ,9,9,2302069,0,0,0,0,0,0,0,0,0,9,9,2302069,0,0,0,0,0,0,0,0,0
201903,16,073,4,8,Owyhee County                 ,4,4,564014,0,0,0,0,0,0,0,0,0,2,2,173647,0,0,0,0,0,0,0,0,0
201903,17,005,2,3,Bond County                   ,0,0,0,0,0,0,0,0,0,0,0,0,0,0,0,0,0,0,0,0,0,0,0,0
201903,17,013,2,3,Calhoun County                ,2,2,205000,0,0,0,0,0,0,0,0,0,2,2,205000,0,0,0,0,0,0,0,0,0
201903,17,031,2,3,Cook County                   ,104,104,31513720,2,4,678179,18,55,12142600,12,192,37403662,75,75,22223753,2,4,678179,18,55,12142600,10,139,30715650
201903,17,037,2,3,DeKalb County                 ,3,3,825000,0,0,0,0,0,0,0,0,0,3,3,825000,0,0,0,0,0,0,0,0,0
201903,17,039,2,3,De Witt County                ,0,0,0,0,0,0,0,0,0,0,0,0,0,0,0,0,0,0,0,0,0,0,0,0
201903,17,043,2,3,DuPage County                 ,66,66,29748192,1,2,440000,1,3,536010,1,16,379515,59,59,26502810,1,2,440000,1,3,536010,0,0,0
201903,17,063,2,3,Grundy County                 ,8,8,1102259,0,0,0,0,0,0,1,11,564102,7,7,941710,0,0,0,0,0,0,0,0,0
201903,17,083,2,3,Jersey County                 ,42,42,13471253,0,0,0,0,0,0,0,0,0,41,41,13315644,0,0,0,0,0,0,0,0,0
201903,17,093,2,3,Kendall County                ,23,23,4203430,0,0,0,0,0,0,0,0,0,20,20,3522518,0,0,0,0,0,0,0,0,0
201903,17,097,2,3,Lake County                   ,53,53,16783669,1,2,83333,0,0,0,3,26,5415485,32,32,9937595,0,0,0,0,0,0,0,0,0
201903,17,111,2,3,McHenry County                ,31,31,4323992,0,0,0,0,0,0,0,0,0,27,27,3902998,0,0,0,0,0,0,0,0,0
201903,17,119,2,3,Madison County                ,34,34,8353497,0,0,0,0,0,0,1,5,508029,29,29,7280305,0,0,0,0,0,0,0,0,0
201903,17,133,2,3,Monroe County                 ,12,12,3234796,0,0,0,0,0,0,1,5,432000,9,9,2559592,0,0,0,0,0,0,0,0,0
201903,17,197,2,3,Will County                   ,86,86,22491450,0,0,0,0,0,0,0,0,0,74,74,19887187,0,0,0,0,0,0,0,0,0
201903,18,003,2,3,Allen County                  ,73,73,17064372,2,4,374146,0,0,0,1,34,3460454,0,0,0,0,0,0,0,0,0,0,0,0
201903,18,011,2,3,Boone County                  ,37,37,10202853,3,6,600000,0,0,0,0,0,0,35,35,9884245,3,6,600000,0,0,0,0,0,0
201903,18,013,2,3,Brown County                  ,10,10,2585132,0,0,0,0,0,0,0,0,0,10,10,2585132,0,0,0,0,0,0,0,0,0
201903,18,019,2,3,Clark County                  ,46,46,10288912,0,0,0,0,0,0,0,0,0,40,40,9090069,0,0,0,0,0,0,0,0,0
201903,18,047,2,3,Franklin County               ,3,3,894000,0,0,0,0,0,0,0,0,0,3,3,894000,0,0,0,0,0,0,0,0,0
201903,18,057,2,3,Hamilton County               ,202,202,64218055,0,0,0,0,0,0,0,0,0,199,199,63392280,0,0,0,0,0,0,0,0,0
201903,18,059,2,3,Hancock County                ,26,26,6502456,0,0,0,0,0,0,0,0,0,26,26,6502456,0,0,0,0,0,0,0,0,0
201903,18,061,2,3,Harrison County               ,14,14,3161000,0,0,0,0,0,0,0,0,0,14,14,3161000,0,0,0,0,0,0,0,0,0
201903,18,063,2,3,Hendricks County              ,62,62,16980314,1,2,137273,0,0,0,0,0,0,56,56,15604088,0,0,0,0,0,0,0,0,0
201903,18,069,2,3,Huntington County             ,2,2,337000,0,0,0,0,0,0,0,0,0,2,2,337000,0,0,0,0,0,0,0,0,0
201903,18,073,2,3,Jasper County                 ,6,6,1405540,0,0,0,0,0,0,0,0,0,5,5,1255540,0,0,0,0,0,0,0,0,0
201903,18,081,2,3,Johnson County                ,65,65,17277445,0,0,0,0,0,0,0,0,0,63,63,17046307,0,0,0,0,0,0,0,0,0
201903,18,087,2,3,Lagrange County               ,20,20,4213000,0,0,0,0,0,0,0,0,0,20,20,4213000,0,0,0,0,0,0,0,0,0
201903,18,089,2,3,Lake County                   ,86,86,21811516,0,0,0,1,3,630000,0,0,0,71,71,19198669,0,0,0,1,3,630000,0,0,0
201903,18,097,2,3,Marion County                 ,103,103,26494834,0,0,0,0,0,0,1,60,5556000,103,103,26494834,0,0,0,0,0,0,1,60,5556000
201903,18,105,2,3,Monroe County                 ,28,28,7238370,1,2,278179,0,0,0,0,0,0,28,28,7238370,1,2,278179,0,0,0,0,0,0
201903,18,109,2,3,Morgan County                 ,27,27,5993645,0,0,0,0,0,0,0,0,0,27,27,5993645,0,0,0,0,0,0,0,0,0
201903,18,111,2,3,Newton County                 ,1,1,202836,0,0,0,0,0,0,0,0,0,0,0,0,0,0,0,0,0,0,0,0,0
201903,18,115,2,3,Ohio County                   ,3,3,478000,0,0,0,0,0,0,0,0,0,3,3,478000,0,0,0,0,0,0,0,0,0
201903,18,119,2,3,Owen County                   ,1,1,258513,0,0,0,0,0,0,0,0,0,1,1,258513,0,0,0,0,0,0,0,0,0
201903,18,127,2,3,Porter County                 ,23,23,5648016,0,0,0,0,0,0,1,12,1357462,23,23,5648016,0,0,0,0,0,0,1,12,1357462
201903,18,133,2,3,Putnam County                 ,21,21,5428777,0,0,0,0,0,0,0,0,0,21,21,5428777,0,0,0,0,0,0,0,0,0
201903,18,145,2,3,Shelby County                 ,1,1,228400,0,0,0,0,0,0,0,0,0,1,1,228400,0,0,0,0,0,0,0,0,0
201903,18,151,2,3,Steuben County                ,7,7,2212284,0,0,0,0,0,0,0,0,0,7,7,2212284,0,0,0,0,0,0,0,0,0
201903,18,157,2,3,Tippecanoe County             ,35,35,8019597,0,0,0,0,0,0,9,268,23285562,4,4,525000,0,0,0,0,0,0,7,252,21630000
201903,18,163,2,3,Vanderburgh County            ,21,21,3598879,0,0,0,0,0,0,0,0,0,0,0,0,0,0,0,0,0,0,0,0,0
201903,18,167,2,3,Vigo County                   ,2,2,372720,1,2,137636,0,0,0,1,12,830323,0,0,0,0,0,0,0,0,0,0,0,0
201903,18,175,2,3,Washington County             ,3,3,808704,0,0,0,0,0,0,0,0,0,0,0,0,0,0,0,0,0,0,0,0,0
201903,18,183,2,3,Whitley County                ,5,5,1202000,0,0,0,0,0,0,0,0,0,5,5,1202000,0,0,0,0,0,0,0,0,0
201903,19,049,2,4,Dallas County                 ,12,12,3785759,0,0,0,0,0,0,0,0,0,11,11,3528555,0,0,0,0,0,0,0,0,0
201903,19,085,2,4,Harrison County               ,1,1,200000,0,0,0,0,0,0,0,0,0,0,0,0,0,0,0,0,0,0,0,0,0
201903,19,129,2,4,Mills County                  ,0,0,0,0,0,0,0,0,0,0,0,0,0,0,0,0,0,0,0,0,0,0,0,0
201903,19,153,2,4,Polk County                   ,192,192,49889077,1,2,433791,0,0,0,0,0,0,192,192,49889077,1,2,433791,0,0,0,0,0,0
201903,19,181,2,4,Warren County                 ,31,31,7179270,0,0,0,0,0,0,0,0,0,30,30,6937335,0,0,0,0,0,0,0,0,0
201903,20,061,2,4,Geary County                  ,1,1,131208,0,0,0,0,0,0,0,0,0,0,0,0,0,0,0,0,0,0,0,0,0
201903,20,091,2,4,Johnson County                ,103,103,35425611,0,0,0,2,8,1216068,2,156,31435210,48,48,16347039,0,0,0,0,0,0,1,132,29407590
201903,20,103,2,4,Leavenworth County            ,10,10,2319708,0,0,0,0,0,0,0,0,0,10,10,2319708,0,0,0,0,0,0,0,0,0
201903,20,107,2,4,Linn County                   ,1,1,92500,0,0,0,0,0,0,0,0,0,0,0,0,0,0,0,0,0,0,0,0,0
201903,20,121,2,4,Miami County                  ,7,7,1884467,0,0,0,0,0,0,0,0,0,2,2,369907,0,0,0,0,0,0,0,0,0
201903,20,209,2,4,Wyandotte County              ,7,7,1232800,0,0,0,0,0,0,0,0,0,7,7,1232800,0,0,0,0,0,0,0,0,0
201903,21,005,3,6,Anderson County               ,6,6,1038658,0,0,0,0,0,0,0,0,0,6,6,1038658,0,0,0,0,0,0,0,0,0
201903,21,015,3,6,Boone County                  ,54,54,10069553,0,0,0,0,0,0,0,0,0,54,54,10069553,0,0,0,0,0,0,0,0,0
201903,21,017,3,6,Bourbon County                ,5,5,856000,0,0,0,0,0,0,0,0,0,5,5,856000,0,0,0,0,0,0,0,0,0
201903,21,021,3,6,Boyle County                  ,1,1,250000,2,4,300000,0,0,0,0,0,0,1,1,250000,2,4,300000,0,0,0,0,0,0
201903,21,029,3,6,Bullitt County                ,30,30,8243135,0,0,0,0,0,0,0,0,0,30,30,8243135,0,0,0,0,0,0,0,0,0
201903,21,035,3,6,Calloway County               ,2,2,291000,0,0,0,0,0,0,0,0,0,2,2,291000,0,0,0,0,0,0,0,0,0
201903,21,037,3,6,Campbell County               ,15,15,4303262,0,0,0,1,4,959068,0,0,0,14,14,3763262,0,0,0,1,4,959068,0,0,0
201903,21,045,3,6,Casey County                  ,0,0,0,0,0,0,0,0,0,0,0,0,0,0,0,0,0,0,0,0,0,0,0,0
201903,21,047,3,6,Christian County              ,2,2,142400,0,0,0,0,0,0,0,0,0,0,0,0,0,0,0,0,0,0,0,0,0
201903,21,049,3,6,Clark County                  ,4,4,850205,0,0,0,0,0,0,1,5,346250,0,0,0,0,0,0,0,0,0,0,0,0
201903,21,067,3,6,Fayette County                ,69,69,11124261,0,0,0,0,0,0,2,48,3514588,0,0,0,0,0,0,0,0,0,0,0,0
201903,21,069,3,6,Fleming County                ,0,0,0,0,0,0,0,0,0,0,0,0,0,0,0,0,0,0,0,0,0,0,0,0
201903,21,077,3,6,Gallatin County               ,1,1,172521,0,0,0,0,0,0,0,0,0,0,0,0,0,0,0,0,0,0,0,0,0
201903,21,081,3,6,Grant County                  ,3,3,680000,0,0,0,0,0,0,0,0,0,3,3,680000,0,0,0,0,0,0,0,0,0
201903,21,091,3,6,Hancock County                ,0,0,0,0,0,0,0,0,0,0,0,0,0,0,0,0,0,0,0,0,0,0,0,0
201903,21,099,3,6,Hart County                   ,4,4,389000,0,0,0,0,0,0,1,7,794833,0,0,0,0,0,0,0,0,0,0,0,0
201903,21,101,3,6,Henderson County              ,3,3,415000,1,2,115000,0,0,0,0,0,0,3,3,415000,1,2,115000,0,0,0,0,0,0
201903,21,103,3,6,Henry County                  ,1,1,500000,0,0,0,0,0,0,0,0,0,1,1,500000,0,0,0,0,0,0,0,0,0
201903,21,111,3,6,Jefferson County              ,114,114,33767465,1,2,300000,0,0,0,0,0,0,114,114,33767465,1,2,300000,0,0,0,0,0,0
201903,21,113,3,6,Jessamine County              ,20,20,6158677,0,0,0,1,3,375000,0,0,0,8,8,4430500,0,0,0,0,0,0,0,0,0
201903,21,115,3,6,Johnson County                ,0,0,0,0,0,0,0,0,0,0,0,0,0,0,0,0,0,0,0,0,0,0,0,0
201903,21,117,3,6,Kenton County                 ,20,20,4960880,0,0,0,0,0,0,0,0,0,20,20,4960880,0,0,0,0,0,0,0,0,0
201903,21,121,3,6,Knox County                   ,0,0,0,0,0,0,0,0,0,0,0,0,0,0,0,0,0,0,0,0,0,0,0,0
201903,21,123,3,6,Larue County                  ,6,6,1418441,0,0,0,0,0,0,0,0,0,6,6,1418441,0,0,0,0,0,0,0,0,0
201903,21,137,3,6,Lincoln County                ,4,4,495558,0,0,0,0,0,0,0,0,0,0,0,0,0,0,0,0,0,0,0,0,0
201903,21,145,3,6,McCracken County              ,8,8,1911149,0,0,0,0,0,0,0,0,0,0,0,0,0,0,0,0,0,0,0,0,0
201903,21,151,3,6,Madison County                ,11,11,1205732,2,4,280000,0,0,0,1,6,202286,2,2,415000,2,4,280000,0,0,0,0,0,0
201903,21,157,3,6,Marshall County               ,4,4,910630,0,0,0,0,0,0,0,0,0,4,4,910630,0,0,0,0,0,0,0,0,0
201903,21,161,3,6,Mason County                  ,0,0,0,0,0,0,0,0,0,0,0,0,0,0,0,0,0,0,0,0,0,0,0,0
201903,21,163,3,6,Meade County                  ,8,8,1158218,1,2,170000,0,0,0,0,0,0,2,2,260000,0,0,0,0,0,0,0,0,0
201903,21,167,3,6,Mercer County                 ,4,4,688974,0,0,0,0,0,0,0,0,0,0,0,0,0,0,0,0,0,0,0,0,0
201903,21,175,3,6,Morgan County                 ,2,2,150000,0,0,0,0,0,0,0,0,0,0,0,0,0,0,0,0,0,0,0,0,0
201903,21,179,3,6,Nelson County                 ,19,19,3606000,11,22,1775000,1,4,350000,0,0,0,19,19,3606000,11,22,1775000,1,4,350000,0,0,0
201903,21,185,3,6,Oldham County                 ,30,30,9049306,0,0,0,0,0,0,0,0,0,0,0,0,0,0,0,0,0,0,0,0,0
201903,21,191,3,6,Pendleton County              ,0,0,0,0,0,0,0,0,0,0,0,0,0,0,0,0,0,0,0,0,0,0,0,0
201903,21,209,3,6,Scott County                  ,32,32,4567600,0,0,0,0,0,0,0,0,0,32,32,4567600,0,0,0,0,0,0,0,0,0
201903,21,211,3,6,Shelby County                 ,17,17,4997434,0,0,0,0,0,0,0,0,0,17,17,4997434,0,0,0,0,0,0,0,0,0
201903,21,213,3,6,Simpson County                ,14,14,2402820,0,0,0,0,0,0,0,0,0,14,14,2402820,0,0,0,0,0,0,0,0,0
201903,21,215,3,6,Spencer County                ,14,14,3309697,0,0,0,0,0,0,0,0,0,14,14,3309697,0,0,0,0,0,0,0,0,0
201903,21,221,3,6,Trigg County                  ,0,0,0,0,0,0,0,0,0,0,0,0,0,0,0,0,0,0,0,0,0,0,0,0
201903,21,239,3,6,Woodford County               ,7,7,1243020,3,6,820000,0,0,0,0,0,0,7,7,1243020,3,6,820000,0,0,0,0,0,0
201903,22,005,3,7,Ascension Parish              ,98,98,15266692,0,0,0,0,0,0,0,0,0,0,0,0,0,0,0,0,0,0,0,0,0
201903,22,015,3,7,Bossier Parish                ,76,76,16583250,0,0,0,0,0,0,0,0,0,76,76,16583250,0,0,0,0,0,0,0,0,0
201903,22,017,3,7,Caddo Parish                  ,28,28,7270480,0,0,0,0,0,0,0,0,0,0,0,0,0,0,0,0,0,0,0,0,0
201903,22,031,3,7,De Soto Parish                ,9,9,2342907,0,0,0,0,0,0,0,0,0,9,9,2342907,0,0,0,0,0,0,0,0,0
201903,22,033,3,7,East Baton Rouge Parish       ,127,127,33145446,0,0,0,0,0,0,0,0,0,126,126,32975877,0,0,0,0,0,0,0,0,0
201903,22,037,3,7,East Feliciana Parish         ,5,5,975895,0,0,0,0,0,0,0,0,0,5,5,975895,0,0,0,0,0,0,0,0,0
201903,22,047,3,7,Iberville Parish              ,9,9,2134306,0,0,0,0,0,0,0,0,0,2,2,370000,0,0,0,0,0,0,0,0,0
201903,22,051,3,7,Jefferson Parish              ,47,47,11606197,0,0,0,0,0,0,0,0,0,42,42,10279792,0,0,0,0,0,0,0,0,0
201903,22,055,3,7,Lafayette Parish              ,105,105,21116668,0,0,0,0,0,0,0,0,0,8,8,1870399,0,0,0,0,0,0,0,0,0
201903,22,063,3,7,Livingston Parish             ,74,74,16463329,0,0,0,0,0,0,0,0,0,4,4,636772,0,0,0,0,0,0,0,0,0
201903,22,071,3,7,Orleans Parish                ,42,42,9456403,4,8,845589,0,0,0,1,9,2215274,0,0,0,0,0,0,0,0,0,0,0,0
201903,22,075,3,7,Plaquemines Parish            ,4,4,1014423,0,0,0,0,0,0,0,0,0,0,0,0,0,0,0,0,0,0,0,0,0
201903,22,077,3,7,Pointe Coupee Parish          ,2,2,675352,0,0,0,0,0,0,0,0,0,2,2,675352,0,0,0,0,0,0,0,0,0
201903,22,087,3,7,St. Bernard Parish            ,15,15,2403820,0,0,0,0,0,0,0,0,0,15,15,2403820,0,0,0,0,0,0,0,0,0
201903,22,089,3,7,St. Charles Parish            ,10,10,2364069,0,0,0,0,0,0,0,0,0,10,10,2364069,0,0,0,0,0,0,0,0,0
201903,22,091,3,7,St. Helena Parish             ,4,4,705756,0,0,0,0,0,0,0,0,0,0,0,0,0,0,0,0,0,0,0,0,0
201903,22,095,3,7,St. John the Baptist Parish   ,4,4,660124,0,0,0,0,0,0,0,0,0,0,0,0,0,0,0,0,0,0,0,0,0
201903,22,099,3,7,St. Martin Parish             ,16,16,2936157,0,0,0,0,0,0,0,0,0,0,0,0,0,0,0,0,0,0,0,0,0
201903,22,103,3,7,St. Tammany Parish            ,155,155,34733917,0,0,0,0,0,0,0,0,0,152,152,33556480,0,0,0,0,0,0,0,0,0
201903,22,109,3,7,Terrebonne Parish             ,14,14,4121942,0,0,0,0,0,0,0,0,0,14,14,4121942,0,0,0,0,0,0,0,0,0
201903,22,121,3,7,West Baton Rouge Parish       ,32,32,5238259,0,0,0,0,0,0,0,0,0,29,29,4852302,0,0,0,0,0,0,0,0,0
201903,22,125,3,7,West Feliciana Parish         ,4,4,1632379,0,0,0,0,0,0,0,0,0,0,0,0,0,0,0,0,0,0,0,0,0
201903,23,000,1,1,Maine Unorganized Territory   ,3,3,398401,0,0,0,0,0,0,0,0,0,0,0,0,0,0,0,0,0,0,0,0,0
201903,24,003,3,5,Anne Arundel County           ,176,176,27465197,0,0,0,0,0,0,1,270,22450000,176,176,27465197,0,0,0,0,0,0,1,270,22450000
201903,24,005,3,5,Baltimore County              ,88,88,18940000,0,0,0,0,0,0,0,0,0,88,88,18940000,0,0,0,0,0,0,0,0,0
201903,24,009,3,5,Calvert County                ,12,12,2836883,0,0,0,0,0,0,0,0,0,12,12,2836883,0,0,0,0,0,0,0,0,0
201903,24,013,3,5,Carroll County                ,32,32,8927012,0,0,0,0,0,0,0,0,0,32,32,8927012,0,0,0,0,0,0,0,0,0
201903,24,015,3,5,Cecil County                  ,9,9,1397315,0,0,0,0,0,0,0,0,0,9,9,1397315,0,0,0,0,0,0,0,0,0
201903,24,017,3,5,Charles County                ,91,91,21776806,0,0,0,0,0,0,0,0,0,88,88,21345703,0,0,0,0,0,0,0,0,0
201903,24,021,3,5,Frederick County              ,150,150,43561002,0,0,0,0,0,0,1,20,2000000,150,150,43561002,0,0,0,0,0,0,1,20,2000000
201903,24,023,3,5,Garrett County                ,8,8,2930632,0,0,0,0,0,0,0,0,0,8,8,2930632,0,0,0,0,0,0,0,0,0
201903,24,025,3,5,Harford County                ,100,100,21382140,0,0,0,0,0,0,1,57,8500000,100,100,21382140,0,0,0,0,0,0,1,57,8500000
201903,24,027,3,5,Howard County                 ,98,98,23245043,0,0,0,0,0,0,0,0,0,98,98,23245043,0,0,0,0,0,0,0,0,0
201903,24,031,3,5,Montgomery County             ,55,55,13409324,0,0,0,0,0,0,1,294,65000000,55,55,13409324,0,0,0,0,0,0,1,294,65000000
201903,24,033,3,5,Prince George County          ,187,187,44384869,0,0,0,0,0,0,0,0,0,183,183,43262464,0,0,0,0,0,0,0,0,0
201903,24,035,3,5,Queen Anne County             ,26,26,6146580,0,0,0,0,0,0,0,0,0,26,26,6146580,0,0,0,0,0,0,0,0,0
201903,24,037,3,5,St. Marys County              ,59,59,13298000,0,0,0,0,0,0,0,0,0,59,59,13298000,0,0,0,0,0,0,0,0,0
201903,24,039,3,5,Somerset County               ,1,1,157695,0,0,0,0,0,0,0,0,0,0,0,0,0,0,0,0,0,0,0,0,0
201903,24,045,3,5,Wicomico County               ,18,18,2403911,0,0,0,0,0,0,0,0,0,18,18,2403911,0,0,0,0,0,0,0,0,0
201903,24,510,3,5,Baltimore (Independent City)  ,14,14,2182000,0,0,0,0,0,0,0,0,0,14,14,2182000,0,0,0,0,0,0,0,0,0
201903,25,005,1,1,Bristol County                ,42,42,9225996,1,2,278500,1,3,200000,1,5,610700,15,15,3786550,0,0,0,0,0,0,0,0,0
201903,25,009,1,1,Essex County                  ,57,57,18833313,6,12,1971128,0,0,0,3,92,15129585,47,47,15795749,1,2,315000,0,0,0,1,80,12736386
201903,25,017,1,1,Middlesex County              ,79,79,23424366,1,2,252500,6,20,4763924,8,108,18537215,37,37,12109108,0,0,0,5,17,4304213,1,32,5571200
201903,25,021,1,1,Norfolk County                ,48,48,21555516,1,2,296439,1,3,372923,3,19,1667352,32,32,15178860,1,2,296439,1,3,372923,0,0,0
201903,25,023,1,1,Plymouth County               ,74,74,20674760,0,0,0,1,4,480000,2,15,2017561,55,55,15794522,0,0,0,1,4,480000,1,10,1300000
201903,25,025,1,1,Suffolk County                ,5,5,1241138,5,10,2140148,2,6,1025000,10,255,65329587,4,4,1064082,4,8,1914172,2,6,1025000,8,244,62931540
201903,26,000,2,3,Michigan Balance of State     ,4,4,751244,0,0,0,0,0,0,0,0,0,0,0,0,0,0,0,0,0,0,0,0,0
201903,26,019,2,3,Benzie County                 ,6,6,1137612,0,0,0,0,0,0,0,0,0,6,6,1137612,0,0,0,0,0,0,0,0,0
201903,26,029,2,3,Charlevoix County             ,5,5,1143021,0,0,0,0,0,0,0,0,0,0,0,0,0,0,0,0,0,0,0,0,0
201903,26,089,2,3,Leelanau County               ,2,2,396870,0,0,0,0,0,0,0,0,0,2,2,396870,0,0,0,0,0,0,0,0,0
201903,26,093,2,3,Livingston County             ,32,32,9424399,0,0,0,0,0,0,0,0,0,31,31,9165886,0,0,0,0,0,0,0,0,0
201903,26,095,2,3,Luce County                   ,0,0,0,0,0,0,0,0,0,0,0,0,0,0,0,0,0,0,0,0,0,0,0,0
201903,26,099,2,3,Macomb County                 ,100,100,26458774,1,2,183192,0,0,0,0,0,0,100,100,26458774,0,0,0,0,0,0,0,0,0
201903,26,103,2,3,Marquette County              ,1,1,292000,0,0,0,0,0,0,0,0,0,1,1,292000,0,0,0,0,0,0,0,0,0
201903,26,137,2,3,Otsego County                 ,1,1,81000,0,0,0,0,0,0,0,0,0,0,0,0,0,0,0,0,0,0,0,0,0
201903,26,147,2,3,St. Clair County              ,13,13,3333508,0,0,0,0,0,0,0,0,0,11,11,3057313,0,0,0,0,0,0,0,0,0
201903,26,163,2,3,Wayne County                  ,68,68,18845794,0,0,0,1,4,591816,6,83,11862280,55,55,16626386,0,0,0,1,4,591816,5,66,10628487
201903,27,003,2,4,Anoka County                  ,55,55,15657251,0,0,0,0,0,0,1,15,1918195,43,43,12290970,0,0,0,0,0,0,0,0,0
201903,27,019,2,4,Carver County                 ,39,39,11961759,1,2,581760,0,0,0,0,0,0,36,36,11325575,1,2,581760,0,0,0,0,0,0
201903,27,025,2,4,Chisago County                ,15,15,2048223,0,0,0,0,0,0,0,0,0,15,15,2048223,0,0,0,0,0,0,0,0,0
201903,27,027,2,4,Clay County                   ,3,3,1152770,0,0,0,0,0,0,0,0,0,3,3,1152770,0,0,0,0,0,0,0,0,0
201903,27,037,2,4,Dakota County                 ,70,70,22814156,0,0,0,1,4,812000,0,0,0,60,60,19300441,0,0,0,1,4,812000,0,0,0
201903,27,053,2,4,Hennepin County               ,139,139,52500274,1,2,300000,0,0,0,5,577,79727404,120,120,46515394,1,2,300000,0,0,0,5,577,79727404
201903,27,059,2,4,Isanti County                 ,13,13,2570016,0,0,0,0,0,0,0,0,0,6,6,1237914,0,0,0,0,0,0,0,0,0
201903,27,123,2,4,Ramsey County                 ,7,7,2246313,0,0,0,0,0,0,2,257,43862753,7,7,2246313,0,0,0,0,0,0,2,257,43862753
201903,27,139,2,4,Scott County                  ,46,46,15247465,0,0,0,0,0,0,2,328,43104557,46,46,15247465,0,0,0,0,0,0,2,328,43104557
201903,27,141,2,4,Sherburne County              ,18,18,3980164,0,0,0,0,0,0,0,0,0,17,17,3838219,0,0,0,0,0,0,0,0,0
201903,27,163,2,4,Washington County             ,82,82,24099003,0,0,0,0,0,0,0,0,0,75,75,21299487,0,0,0,0,0,0,0,0,0
201903,27,171,2,4,Wright County                 ,82,82,25511620,0,0,0,0,0,0,0,0,0,81,81,25272148,0,0,0,0,0,0,0,0,0
201903,28,033,3,6,DeSoto County                 ,135,135,23698881,0,0,0,0,0,0,0,0,0,131,131,23307125,0,0,0,0,0,0,0,0,0
201903,28,041,3,6,Greene County                 ,0,0,0,0,0,0,0,0,0,0,0,0,0,0,0,0,0,0,0,0,0,0,0,0
201903,28,045,3,6,Hancock County                ,44,44,7913017,0,0,0,0,0,0,1,9,761964,15,15,3519234,0,0,0,0,0,0,0,0,0
201903,28,047,3,6,Harrison County               ,102,102,16637726,0,0,0,0,0,0,0,0,0,90,90,15274514,0,0,0,0,0,0,0,0,0
201903,28,067,3,6,Jones County                  ,0,0,0,0,0,0,0,0,0,0,0,0,0,0,0,0,0,0,0,0,0,0,0,0
201903,28,129,3,6,Smith County                  ,0,0,0,0,0,0,0,0,0,0,0,0,0,0,0,0,0,0,0,0,0,0,0,0
201903,28,137,3,6,Tate County                   ,10,10,1913962,0,0,0,0,0,0,0,0,0,9,9,1726500,0,0,0,0,0,0,0,0,0
201903,28,143,3,6,Tunica County                 ,0,0,0,0,0,0,0,0,0,0,0,0,0,0,0,0,0,0,0,0,0,0,0,0
201903,28,145,3,6,Union County                  ,1,1,390000,0,0,0,0,0,0,0,0,0,1,1,390000,0,0,0,0,0,0,0,0,0
201903,28,149,3,6,Warren County                 ,0,0,0,0,0,0,0,0,0,0,0,0,0,0,0,0,0,0,0,0,0,0,0,0
201903,29,013,2,4,Bates County                  ,0,0,0,0,0,0,0,0,0,0,0,0,0,0,0,0,0,0,0,0,0,0,0,0
201903,29,017,2,4,Bollinger County              ,0,0,0,0,0,0,0,0,0,0,0,0,0,0,0,0,0,0,0,0,0,0,0,0
201903,29,019,2,4,Boone County                  ,53,53,13279872,0,0,0,0,0,0,0,0,0,53,53,13279872,0,0,0,0,0,0,0,0,0
201903,29,049,2,4,Clinton County                ,5,5,940133,0,0,0,0,0,0,0,0,0,2,2,438000,0,0,0,0,0,0,0,0,0
201903,29,065,2,4,Dent County                   ,0,0,0,0,0,0,0,0,0,0,0,0,0,0,0,0,0,0,0,0,0,0,0,0
201903,29,071,2,4,Franklin County               ,23,23,7458112,0,0,0,0,0,0,0,0,0,23,23,7458112,0,0,0,0,0,0,0,0,0
201903,29,095,2,4,Jackson County                ,120,120,29324136,34,68,4987312,4,15,2529634,5,473,52474020,114,114,27867237,34,68,4987312,4,15,2529634,5,473,52474020
201903,29,099,2,4,Jefferson County              ,50,50,11544469,1,2,392660,0,0,0,0,0,0,47,47,11199970,0,0,0,0,0,0,0,0,0
201903,29,105,2,4,Laclede County                ,3,3,426020,0,0,0,0,0,0,0,0,0,3,3,426020,0,0,0,0,0,0,0,0,0
201903,29,107,2,4,Lafayette County              ,5,5,975880,0,0,0,0,0,0,0,0,0,3,3,515000,0,0,0,0,0,0,0,0,0
201903,29,113,2,4,Lincoln County                ,11,11,1918189,0,0,0,0,0,0,0,0,0,7,7,911000,0,0,0,0,0,0,0,0,0
201903,29,165,2,4,Platte County                 ,13,13,3366652,0,0,0,0,0,0,0,0,0,9,9,1951348,0,0,0,0,0,0,0,0,0
201903,29,185,2,4,St. Clair County              ,0,0,0,0,0,0,0,0,0,0,0,0,0,0,0,0,0,0,0,0,0,0,0,0
201903,29,189,2,4,St. Louis County              ,74,74,30703999,0,0,0,0,0,0,1,17,2005103,29,29,14450918,0,0,0,0,0,0,0,0,0
201903,29,219,2,4,Warren County                 ,44,44,9819453,0,0,0,0,0,0,0,0,0,44,44,9819453,0,0,0,0,0,0,0,0,0
201903,29,221,2,4,Washington County             ,0,0,0,0,0,0,0,0,0,0,0,0,0,0,0,0,0,0,0,0,0,0,0,0
201903,29,510,2,4,St. Louis (Independent City)  ,4,4,970000,0,0,0,1,3,450000,1,20,1759700,4,4,970000,0,0,0,1,3,450000,1,20,1759700
201903,30,013,4,8,Cascade County                ,5,5,1425891,0,0,0,0,0,0,0,0,0,5,5,1425891,0,0,0,0,0,0,0,0,0
201903,30,033,4,8,Garfield County               ,0,0,0,0,0,0,0,0,0,0,0,0,0,0,0,0,0,0,0,0,0,0,0,0
201903,30,063,4,8,Missoula County               ,26,26,6435134,0,0,0,0,0,0,4,87,3800300,26,26,6435134,0,0,0,0,0,0,4,87,3800300
201903,30,093,4,8,Silver Bow County             ,2,2,205999,0,0,0,0,0,0,0,0,0,2,2,205999,0,0,0,0,0,0,0,0,0
201903,31,001,2,4,Adams County                  ,3,3,487571,0,0,0,0,0,0,0,0,0,3,3,487571,0,0,0,0,0,0,0,0,0
201903,31,025,2,4,Cass County                   ,13,13,2553270,0,0,0,0,0,0,0,0,0,6,6,1384684,0,0,0,0,0,0,0,0,0
201903,31,033,2,4,Cheyenne County               ,0,0,0,0,0,0,0,0,0,0,0,0,0,0,0,0,0,0,0,0,0,0,0,0
201903,31,055,2,4,Douglas County                ,118,118,19596681,0,0,0,0,0,0,3,137,11639966,2,2,1918950,0,0,0,0,0,0,0,0,0
201903,31,105,2,4,Kimball County                ,1,1,175000,0,0,0,0,0,0,0,0,0,1,1,175000,0,0,0,0,0,0,0,0,0
201903,31,153,2,4,Sarpy County                  ,56,56,14821972,0,0,0,0,0,0,0,0,0,25,25,7352753,0,0,0,0,0,0,0,0,0
201903,31,165,2,4,Sioux County                  ,0,0,0,0,0,0,0,0,0,0,0,0,0,0,0,0,0,0,0,0,0,0,0,0
201903,31,177,2,4,Washington County             ,2,2,501247,0,0,0,0,0,0,0,0,0,2,2,501247,0,0,0,0,0,0,0,0,0
201903,32,001,4,8,Churchill County              ,3,3,879759,0,0,0,0,0,0,0,0,0,3,3,879759,0,0,0,0,0,0,0,0,0
201903,32,003,4,8,Clark County                  ,738,738,185123079,4,8,1269944,10,30,3770346,5,30,3616560,738,738,185123079,4,8,1269944,10,30,3770346,5,30,3616560
201903,32,005,4,8,Douglas County                ,9,9,3518755,0,0,0,0,0,0,0,0,0,9,9,3518755,0,0,0,0,0,0,0,0,0
201903,32,007,4,8,Elko County                   ,14,14,2251245,0,0,0,0,0,0,0,0,0,14,14,2251245,0,0,0,0,0,0,0,0,0
201903,32,013,4,8,Humboldt County               ,1,1,101027,0,0,0,0,0,0,0,0,0,0,0,0,0,0,0,0,0,0,0,0,0
201903,32,015,4,8,Lander County                 ,0,0,0,0,0,0,0,0,0,0,0,0,0,0,0,0,0,0,0,0,0,0,0,0
201903,32,017,4,8,Lincoln County                ,1,1,273137,0,0,0,0,0,0,0,0,0,0,0,0,0,0,0,0,0,0,0,0,0
201903,32,019,4,8,Lyon County                   ,23,23,5465621,0,0,0,0,0,0,0,0,0,8,8,2042263,0,0,0,0,0,0,0,0,0
201903,32,021,4,8,Mineral County                ,0,0,0,0,0,0,0,0,0,0,0,0,0,0,0,0,0,0,0,0,0,0,0,0
201903,32,027,4,8,Pershing County               ,0,0,0,0,0,0,0,0,0,0,0,0,0,0,0,0,0,0,0,0,0,0,0,0
201903,32,029,4,8,Storey County                 ,0,0,0,0,0,0,0,0,0,0,0,0,0,0,0,0,0,0,0,0,0,0,0,0
201903,32,031,4,8,Washoe County                 ,123,123,36759371,7,14,1215777,3,10,1183370,3,72,8465568,93,93,27350630,7,14,1215777,3,10,1183370,3,72,8465568
201903,32,033,4,8,White Pine County             ,0,0,0,0,0,0,0,0,0,0,0,0,0,0,0,0,0,0,0,0,0,0,0,0
201903,32,510,4,8,Carson City (Independent City),24,24,6400751,0,0,0,0,0,0,0,0,0,24,24,6400751,0,0,0,0,0,0,0,0,0
201903,33,015,1,1,Rockingham County             ,41,41,13586420,3,6,1200000,0,0,0,2,97,12466239,31,31,10618638,3,6,1200000,0,0,0,1,92,11974103
201903,33,017,1,1,Strafford County              ,12,12,2690922,0,0,0,0,0,0,0,0,0,9,9,2052978,0,0,0,0,0,0,0,0,0
201903,34,001,1,2,Atlantic County               ,24,24,6036436,0,0,0,0,0,0,5,63,5182717,21,21,5423823,0,0,0,0,0,0,4,51,3938000
201903,34,003,1,2,Bergen County                 ,70,70,22154736,10,20,4103048,1,3,503467,9,309,73937311,37,37,12534624,7,14,2617100,0,0,0,5,279,70576282
201903,34,005,1,2,Burlington County             ,55,55,7044948,0,0,0,0,0,0,4,33,4169082,26,26,4578345,0,0,0,0,0,0,1,14,2114000
201903,34,007,1,2,Camden County                 ,33,33,1993938,0,0,0,0,0,0,8,151,2885659,26,26,453206,0,0,0,0,0,0,5,115,650000
201903,34,009,1,2,Cape May County               ,33,33,9371241,4,8,1092571,0,0,0,0,0,0,33,33,9371241,4,8,1092571,0,0,0,0,0,0
201903,34,011,1,2,Cumberland County             ,4,4,242850,0,0,0,0,0,0,0,0,0,4,4,242850,0,0,0,0,0,0,0,0,0
201903,34,013,1,2,Essex County                  ,29,29,5486063,5,10,1482193,2,6,745846,5,83,7645086,15,15,4640350,5,10,1482193,2,6,745846,0,0,0
201903,34,015,1,2,Gloucester County             ,36,36,4402095,1,2,86788,0,0,0,2,10,1857638,27,27,3463474,0,0,0,0,0,0,0,0,0
201903,34,017,1,2,Hudson County                 ,20,20,2389550,3,6,831736,3,10,1714400,3,382,23219800,20,20,2389550,2,4,527750,3,10,1714400,3,382,23219800
201903,34,019,1,2,Hunterdon County              ,17,17,3710993,0,0,0,0,0,0,1,16,50000,16,16,3459000,0,0,0,0,0,0,1,16,50000
201903,34,021,1,2,Mercer County                 ,6,6,2428531,1,2,150000,4,15,431804,2,24,1980840,3,3,851598,1,2,150000,0,0,0,0,0,0
201903,34,023,1,2,Middlesex County              ,85,85,15235620,3,6,93361,1,3,16000,5,59,1820516,74,74,13268675,3,6,93361,1,3,16000,4,39,711834
201903,34,025,1,2,Monmouth County               ,42,42,13554940,0,0,0,0,0,0,5,102,530064,23,23,5910832,0,0,0,0,0,0,2,87,150000
201903,34,027,1,2,Morris County                 ,78,78,12801595,0,0,0,12,42,772910,3,27,3439742,60,60,8646976,0,0,0,12,42,772910,0,0,0
201903,34,029,1,2,Ocean County                  ,176,176,42968243,0,0,0,0,0,0,5,60,6158725,174,174,42585662,0,0,0,0,0,0,5,60,6158725
201903,34,031,1,2,Passaic County                ,7,7,1728992,1,2,135858,0,0,0,1,5,227803,4,4,1171000,0,0,0,0,0,0,0,0,0
201903,34,033,1,2,Salem County                  ,6,6,764500,0,0,0,0,0,0,0,0,0,6,6,764500,0,0,0,0,0,0,0,0,0
201903,34,035,1,2,Somerset County               ,23,23,5563617,0,0,0,0,0,0,3,24,1615111,11,11,3172000,0,0,0,0,0,0,0,0,0
201903,34,037,1,2,Sussex County                 ,9,9,1211267,0,0,0,0,0,0,0,0,0,8,8,932400,0,0,0,0,0,0,0,0,0
201903,34,039,1,2,Union County                  ,16,16,4704299,5,10,751000,0,0,0,2,12,827487,5,5,1995600,5,10,751000,0,0,0,0,0,0
201903,34,041,1,2,Warren County                 ,7,7,1073396,0,0,0,0,0,0,1,7,252761,6,6,871712,0,0,0,0,0,0,0,0,0
201903,35,000,4,8,New Mexico Balance of State   ,29,29,7863374,0,0,0,0,0,0,0,0,0,0,0,0,0,0,0,0,0,0,0,0,0
201903,35,001,4,8,Bernalillo County             ,108,108,26785387,0,0,0,0,0,0,0,0,0,108,108,26785387,0,0,0,0,0,0,0,0,0
201903,35,005,4,8,Chaves County                 ,7,7,1565882,0,0,0,0,0,0,0,0,0,3,3,840000,0,0,0,0,0,0,0,0,0
201903,35,009,4,8,Curry County                  ,3,3,759531,0,0,0,0,0,0,0,0,0,0,0,0,0,0,0,0,0,0,0,0,0
201903,35,013,4,8,Dona Ana County               ,79,79,19837480,2,4,383396,0,0,0,0,0,0,79,79,19837480,2,4,383396,0,0,0,0,0,0
201903,35,015,4,8,Eddy County                   ,24,24,5124212,0,0,0,0,0,0,0,0,0,24,24,5124212,0,0,0,0,0,0,0,0,0
201903,35,017,4,8,Grant County                  ,1,1,162507,0,0,0,0,0,0,0,0,0,0,0,0,0,0,0,0,0,0,0,0,0
201903,35,025,4,8,Lea County                    ,18,18,4100349,0,0,0,0,0,0,0,0,0,18,18,4100349,0,0,0,0,0,0,0,0,0
201903,35,027,4,8,Lincoln County                ,4,4,1545421,0,0,0,0,0,0,0,0,0,4,4,1545421,0,0,0,0,0,0,0,0,0
201903,35,028,4,8,Los Alamos County             ,1,1,290963,0,0,0,0,0,0,0,0,0,0,0,0,0,0,0,0,0,0,0,0,0
201903,35,029,4,8,Luna County                   ,2,2,368275,0,0,0,0,0,0,0,0,0,0,0,0,0,0,0,0,0,0,0,0,0
201903,35,031,4,8,McKinley County               ,0,0,0,0,0,0,0,0,0,0,0,0,0,0,0,0,0,0,0,0,0,0,0,0
201903,35,035,4,8,Otero County                  ,0,0,0,0,0,0,0,0,0,0,0,0,0,0,0,0,0,0,0,0,0,0,0,0
201903,35,041,4,8,Roosevelt County              ,1,1,151019,0,0,0,0,0,0,0,0,0,0,0,0,0,0,0,0,0,0,0,0,0
201903,35,043,4,8,Sandoval County               ,55,55,12249195,0,0,0,1,3,251560,1,6,250000,0,0,0,0,0,0,0,0,0,0,0,0
201903,35,045,4,8,San Juan County               ,10,10,1973087,2,4,650880,0,0,0,0,0,0,7,7,1106247,2,4,650880,0,0,0,0,0,0
201903,35,047,4,8,San Miguel County             ,0,0,0,0,0,0,0,0,0,0,0,0,0,0,0,0,0,0,0,0,0,0,0,0
201903,35,049,4,8,Santa Fe County               ,26,26,5015281,0,0,0,0,0,0,0,0,0,26,26,5015281,0,0,0,0,0,0,0,0,0
201903,35,051,4,8,Sierra County                 ,0,0,0,0,0,0,0,0,0,0,0,0,0,0,0,0,0,0,0,0,0,0,0,0
201903,35,055,4,8,Taos County                   ,7,7,767591,0,0,0,0,0,0,0,0,0,0,0,0,0,0,0,0,0,0,0,0,0
201903,35,061,4,8,Valencia County               ,6,6,13192,0,0,0,0,0,0,0,0,0,6,6,13192,0,0,0,0,0,0,0,0,0
201903,36,001,1,2,Albany County                 ,20,20,5519276,0,0,0,0,0,0,1,8,1312405,17,17,4982729,0,0,0,0,0,0,0,0,0
201903,36,005,1,2,Bronx County                  ,0,0,0,4,8,1185754,1,3,372923,7,262,34100164,0,0,0,4,8,1185754,1,3,372923,7,262,34100164
201903,36,029,1,2,Erie County                   ,61,61,16578153,0,0,0,0,0,0,1,18,4029051,58,58,16097626,0,0,0,0,0,0,0,0,0
201903,36,047,1,2,Kings County                  ,3,3,798061,2,4,592877,6,20,2486152,22,566,73666766,3,3,798061,2,4,592877,6,20,2486152,22,566,73666766
201903,36,051,1,2,Livingston County             ,1,1,250000,0,0,0,0,0,0,2,10,526786,1,1,250000,0,0,0,0,0,0,0,0,0
201903,36,055,1,2,Monroe County                 ,56,56,11500652,0,0,0,0,0,0,1,13,1393971,40,40,8988260,0,0,0,0,0,0,0,0,0
201903,36,059,1,2,Nassau County                 ,45,45,14298594,0,0,0,0,0,0,0,0,0,37,37,11069709,0,0,0,0,0,0,0,0,0
201903,36,061,1,2,New York County               ,0,0,0,0,0,0,0,0,0,5,475,61822816,0,0,0,0,0,0,0,0,0,5,475,61822816
201903,36,063,1,2,Niagara County                ,20,20,5583724,0,0,0,0,0,0,0,0,0,13,13,3708000,0,0,0,0,0,0,0,0,0
201903,36,069,1,2,Ontario County                ,23,23,8061655,0,0,0,0,0,0,0,0,0,21,21,7671030,0,0,0,0,0,0,0,0,0
201903,36,073,1,2,Orleans County                ,2,2,356750,0,0,0,0,0,0,0,0,0,1,1,198000,0,0,0,0,0,0,0,0,0
201903,36,079,1,2,Putnam County                 ,5,5,1212315,0,0,0,0,0,0,1,20,2281700,5,5,1212315,0,0,0,0,0,0,1,20,2281700
201903,36,081,1,2,Queens County                 ,9,9,2394184,26,52,7707403,0,0,0,5,130,16919929,9,9,2394184,26,52,7707403,0,0,0,5,130,16919929
201903,36,083,1,2,Rensselaer County             ,8,8,1896344,1,2,550000,0,0,0,1,5,500000,4,4,800000,0,0,0,0,0,0,0,0,0
201903,36,085,1,2,Richmond County               ,35,35,9310714,13,26,3853702,0,0,0,0,0,0,35,35,9310714,13,26,3853702,0,0,0,0,0,0
201903,36,087,1,2,Rockland County               ,11,11,3813917,2,4,617351,2,7,829882,3,18,2809892,9,9,3227000,0,0,0,0,0,0,0,0,0
201903,36,091,1,2,Saratoga County               ,50,50,15206265,0,0,0,0,0,0,3,20,2244514,33,33,9258590,0,0,0,0,0,0,0,0,0
201903,36,093,1,2,Schenectady County            ,0,0,0,0,0,0,0,0,0,2,16,1200000,0,0,0,0,0,0,0,0,0,2,16,1200000
201903,36,095,1,2,Schoharie County              ,2,2,535676,0,0,0,0,0,0,0,0,0,0,0,0,0,0,0,0,0,0,0,0,0
201903,36,099,1,2,Seneca County                 ,3,3,407900,0,0,0,0,0,0,0,0,0,3,3,407900,0,0,0,0,0,0,0,0,0
201903,36,103,1,2,Suffolk County                ,49,49,29174228,0,0,0,1,4,486144,3,27,3613610,27,27,19293570,0,0,0,0,0,0,1,17,2212606
201903,36,117,1,2,Wayne County                  ,10,10,2343091,1,2,265000,0,0,0,0,0,0,8,8,1963800,1,2,265000,0,0,0,0,0,0
201903,36,119,1,2,Westchester County            ,40,40,15171031,0,0,0,0,0,0,3,54,9847954,36,36,13613216,0,0,0,0,0,0,0,0,0
201903,37,007,3,5,Anson County                  ,4,4,599460,0,0,0,0,0,0,0,0,0,0,0,0,0,0,0,0,0,0,0,0,0
201903,37,011,3,5,Avery County                  ,6,6,1688446,0,0,0,0,0,0,0,0,0,6,6,1688446,0,0,0,0,0,0,0,0,0
201903,37,015,3,5,Bertie County                 ,1,1,385000,0,0,0,0,0,0,0,0,0,1,1,385000,0,0,0,0,0,0,0,0,0
201903,37,025,3,5,Cabarrus County               ,185,185,32479512,0,0,0,0,0,0,0,0,0,185,185,32479512,0,0,0,0,0,0,0,0,0
201903,37,033,3,5,Caswell County                ,0,0,0,0,0,0,0,0,0,0,0,0,0,0,0,0,0,0,0,0,0,0,0,0
201903,37,037,3,5,Chatham County                ,43,43,12330350,0,0,0,0,0,0,0,0,0,41,41,12130255,0,0,0,0,0,0,0,0,0
201903,37,051,3,5,Cumberland County             ,56,56,9146624,0,0,0,0,0,0,0,0,0,56,56,9146624,0,0,0,0,0,0,0,0,0
201903,37,053,3,5,Currituck County              ,31,31,7073800,0,0,0,0,0,0,0,0,0,31,31,7073800,0,0,0,0,0,0,0,0,0
201903,37,059,3,5,Davie County                  ,7,7,1994225,0,0,0,0,0,0,0,0,0,7,7,1994225,0,0,0,0,0,0,0,0,0
201903,37,063,3,5,Durham County                 ,178,178,34341079,0,0,0,0,0,0,2,99,7886475,0,0,0,0,0,0,0,0,0,0,0,0
201903,37,069,3,5,Franklin County               ,65,65,12730734,1,2,120000,0,0,0,0,0,0,65,65,12730734,1,2,120000,0,0,0,0,0,0
201903,37,071,3,5,Gaston County                 ,186,186,56441390,0,0,0,0,0,0,0,0,0,186,186,56441390,0,0,0,0,0,0,0,0,0
201903,37,077,3,5,Granville County              ,42,42,6816772,0,0,0,0,0,0,0,0,0,42,42,6816772,0,0,0,0,0,0,0,0,0
201903,37,081,3,5,Guilford County               ,102,102,27239001,0,0,0,0,0,0,2,33,3798837,102,102,27239001,0,0,0,0,0,0,2,33,3798837
201903,37,089,3,5,Henderson County              ,35,35,8243721,0,0,0,0,0,0,0,0,0,35,35,8243721,0,0,0,0,0,0,0,0,0
201903,37,093,3,5,Hoke County                   ,16,16,3782511,0,0,0,0,0,0,0,0,0,16,16,3782511,0,0,0,0,0,0,0,0,0
201903,37,097,3,5,Iredell County                ,103,103,26803414,0,0,0,0,0,0,0,0,0,103,103,26803414,0,0,0,0,0,0,0,0,0
201903,37,101,3,5,Johnston County               ,212,212,38462965,0,0,0,0,0,0,0,0,0,207,207,37593734,0,0,0,0,0,0,0,0,0
201903,37,119,3,5,Mecklenburg County            ,586,586,138534447,1,2,295324,1,4,602289,12,430,45843834,586,586,138534447,1,2,295324,1,4,602289,12,430,45843834
201903,37,133,3,5,Onslow County                 ,116,116,16270208,0,0,0,0,0,0,0,0,0,116,116,16270208,0,0,0,0,0,0,0,0,0
201903,37,135,3,5,Orange County                 ,36,36,13331355,0,0,0,0,0,0,0,0,0,36,36,13331355,0,0,0,0,0,0,0,0,0
201903,37,145,3,5,Person County                 ,9,9,1940495,0,0,0,0,0,0,0,0,0,9,9,1940495,0,0,0,0,0,0,0,0,0
201903,37,151,3,5,Randolph County               ,18,18,5188100,0,0,0,0,0,0,0,0,0,18,18,5188100,0,0,0,0,0,0,0,0,0
201903,37,157,3,5,Rockingham County             ,9,9,2305684,2,4,756700,0,0,0,0,0,0,9,9,2305684,2,4,756700,0,0,0,0,0,0
201903,37,179,3,5,Union County                  ,117,117,24360953,0,0,0,0,0,0,0,0,0,117,117,24360953,0,0,0,0,0,0,0,0,0
201903,37,181,3,5,Vance County                  ,3,3,304350,0,0,0,0,0,0,0,0,0,3,3,304350,0,0,0,0,0,0,0,0,0
201903,37,183,3,5,Wake County                   ,697,697,163215979,0,0,0,0,0,0,0,0,0,672,672,158246189,0,0,0,0,0,0,0,0,0
201903,37,195,3,5,Wilson County                 ,17,17,1187842,0,0,0,0,0,0,0,0,0,17,17,1187842,0,0,0,0,0,0,0,0,0
201903,39,007,2,3,Ashtabula County              ,7,7,1185000,0,0,0,0,0,0,0,0,0,7,7,1185000,0,0,0,0,0,0,0,0,0
201903,39,015,2,3,Brown County                  ,10,10,2585132,0,0,0,0,0,0,0,0,0,10,10,2585132,0,0,0,0,0,0,0,0,0
201903,39,017,2,3,Butler County                 ,70,70,15199453,0,0,0,0,0,0,0,0,0,60,60,13404694,0,0,0,0,0,0,0,0,0
201903,39,025,2,3,Clermont County               ,30,30,6471256,0,0,0,0,0,0,0,0,0,30,30,6471256,0,0,0,0,0,0,0,0,0
201903,39,041,2,3,Delaware County               ,112,112,40274594,0,0,0,0,0,0,1,11,1350005,108,108,38689300,0,0,0,0,0,0,0,0,0
201903,39,049,2,3,Franklin County               ,89,89,29450739,0,0,0,0,0,0,2,36,3822411,88,88,28665529,0,0,0,0,0,0,2,36,3822411
201903,39,055,2,3,Geauga County                 ,12,12,4287470,0,0,0,0,0,0,0,0,0,12,12,4287470,0,0,0,0,0,0,0,0,0
201903,39,085,2,3,Lake County                   ,33,33,7084916,0,0,0,0,0,0,0,0,0,33,33,7084916,0,0,0,0,0,0,0,0,0
201903,39,089,2,3,Licking County                ,27,27,6684956,0,0,0,0,0,0,0,0,0,27,27,6684956,0,0,0,0,0,0,0,0,0
201903,39,093,2,3,Lorain County                 ,82,82,15687356,0,0,0,2,8,667674,2,10,760000,69,69,11910280,0,0,0,1,4,360000,2,10,760000
201903,39,097,2,3,Madison County                ,7,7,1807500,0,0,0,0,0,0,0,0,0,4,4,1034053,0,0,0,0,0,0,0,0,0
201903,39,103,2,3,Medina County                 ,28,28,7006830,0,0,0,3,12,1235000,0,0,0,28,28,7006830,0,0,0,3,12,1235000,0,0,0
201903,39,117,2,3,Morrow County                 ,3,3,775540,0,0,0,0,0,0,0,0,0,3,3,775540,0,0,0,0,0,0,0,0,0
201903,39,159,2,3,Union County                  ,36,36,9306475,0,0,0,0,0,0,0,0,0,36,36,9306475,0,0,0,0,0,0,0,0,0
201903,39,165,2,3,Warren County                 ,116,116,28780225,1,2,297932,1,4,1140696,0,0,0,102,102,25229767,1,2,297932,1,4,1140696,0,0,0
201903,40,001,3,7,Adair County                  ,1,1,177418,0,0,0,0,0,0,0,0,0,0,0,0,0,0,0,0,0,0,0,0,0
201903,40,017,3,7,Canadian County               ,40,40,8051820,0,0,0,0,0,0,0,0,0,40,40,8051820,0,0,0,0,0,0,0,0,0
201903,40,021,3,7,Cherokee County               ,4,4,524953,1,2,130000,0,0,0,1,5,244048,0,0,0,0,0,0,0,0,0,0,0,0
201903,40,027,3,7,Cleveland County              ,71,71,15983017,4,8,2260000,1,4,325000,0,0,0,71,71,15983017,4,8,2260000,1,4,325000,0,0,0
201903,40,029,3,7,Coal County                   ,0,0,0,0,0,0,0,0,0,0,0,0,0,0,0,0,0,0,0,0,0,0,0,0
201903,40,037,3,7,Creek County                  ,5,5,1144825,0,0,0,0,0,0,0,0,0,1,1,169500,0,0,0,0,0,0,0,0,0
201903,40,051,3,7,Grady County                  ,5,5,903500,0,0,0,0,0,0,0,0,0,5,5,903500,0,0,0,0,0,0,0,0,0
201903,40,055,3,7,Greer County                  ,0,0,0,0,0,0,0,0,0,0,0,0,0,0,0,0,0,0,0,0,0,0,0,0
201903,40,081,3,7,Lincoln County                ,0,0,0,0,0,0,0,0,0,0,0,0,0,0,0,0,0,0,0,0,0,0,0,0
201903,40,083,3,7,Logan County                  ,0,0,0,0,0,0,0,0,0,0,0,0,0,0,0,0,0,0,0,0,0,0,0,0
201903,40,087,3,7,McClain County                ,29,29,6210755,0,0,0,0,0,0,0,0,0,8,8,1931000,0,0,0,0,0,0,0,0,0
201903,40,109,3,7,Oklahoma County               ,369,369,82273681,0,0,0,0,0,0,0,0,0,366,366,81818897,0,0,0,0,0,0,0,0,0
201903,40,111,3,7,Okmulgee County               ,0,0,0,0,0,0,0,0,0,0,0,0,0,0,0,0,0,0,0,0,0,0,0,0
201903,40,113,3,7,Osage County                  ,11,11,2448478,0,0,0,0,0,0,0,0,0,11,11,2448478,0,0,0,0,0,0,0,0,0
201903,40,117,3,7,Pawnee County                 ,0,0,0,0,0,0,0,0,0,0,0,0,0,0,0,0,0,0,0,0,0,0,0,0
201903,40,131,3,7,Rogers County                 ,57,57,9020987,0,0,0,0,0,0,0,0,0,56,56,8917654,0,0,0,0,0,0,0,0,0
201903,40,143,3,7,Tulsa County                  ,198,198,45303606,0,0,0,2,8,1200000,5,319,42681340,189,189,43931690,0,0,0,2,8,1200000,5,319,42681340
201903,40,145,3,7,Wagoner County                ,40,40,6881293,0,0,0,0,0,0,0,0,0,40,40,6881293,0,0,0,0,0,0,0,0,0
201903,41,000,4,9,Oregon Balance of State       ,12,12,1331121,0,0,0,0,0,0,0,0,0,0,0,0,0,0,0,0,0,0,0,0,0
201903,41,005,4,9,Clackamas County              ,88,88,27026736,0,0,0,0,0,0,3,88,12537266,76,76,20956220,0,0,0,0,0,0,2,81,11519347
201903,41,017,4,9,Deschutes County              ,109,109,27689076,1,2,379230,0,0,0,1,5,332500,83,83,21186357,1,2,379230,0,0,0,0,0,0
201903,41,019,4,9,Douglas County                ,16,16,4118849,1,2,238795,0,0,0,0,0,0,16,16,4118849,1,2,238795,0,0,0,0,0,0
201903,41,025,4,9,Harney County                 ,0,0,0,0,0,0,0,0,0,0,0,0,0,0,0,0,0,0,0,0,0,0,0,0
201903,41,035,4,9,Klamath County                ,19,19,4351384,0,0,0,0,0,0,0,0,0,19,19,4351384,0,0,0,0,0,0,0,0,0
201903,41,051,4,9,Multnomah County              ,76,76,19742937,5,10,1873519,2,8,739200,14,359,44811147,76,76,19742937,5,10,1873519,2,8,739200,14,359,44811147
201903,41,067,4,9,Washington County             ,156,156,42918847,0,0,0,0,0,0,6,461,58191627,156,156,42918847,0,0,0,0,0,0,6,461,58191627
201903,41,071,4,9,Yamhill County                ,24,24,5833375,2,4,293442,0,0,0,0,0,0,9,9,2243159,2,4,293442,0,0,0,0,0,0
201903,42,001,1,2,Adams County                  ,19,19,6269575,0,0,0,0,0,0,0,0,0,19,19,6269575,0,0,0,0,0,0,0,0,0
201903,42,017,1,2,Bucks County                  ,86,86,17754289,0,0,0,1,4,951664,2,10,910900,64,64,12168797,0,0,0,1,4,951664,2,10,910900
201903,42,029,1,2,Chester County                ,110,110,23242966,0,0,0,1,3,386888,0,0,0,96,96,19490151,0,0,0,0,0,0,0,0,0
201903,42,037,1,2,Columbia County               ,5,5,1176676,0,0,0,0,0,0,0,0,0,2,2,429153,0,0,0,0,0,0,0,0,0
201903,42,041,1,2,Cumberland County             ,49,49,10024896,5,10,1259585,1,3,911488,7,65,16971995,45,45,9269295,5,10,1259585,1,3,911488,7,65,16971995
201903,42,043,1,2,Dauphin County                ,34,34,6879851,0,0,0,0,0,0,0,0,0,23,23,4762439,0,0,0,0,0,0,0,0,0
201903,42,045,1,2,Delaware County               ,29,29,7834754,0,0,0,0,0,0,0,0,0,12,12,3981588,0,0,0,0,0,0,0,0,0
201903,42,055,1,2,Franklin County               ,33,33,5446294,0,0,0,0,0,0,1,5,487529,28,28,4792143,0,0,0,0,0,0,0,0,0
201903,42,091,1,2,Montgomery County             ,118,118,38457444,1,2,238500,0,0,0,3,26,3652284,96,96,33732106,0,0,0,0,0,0,2,18,2707840
201903,42,093,1,2,Montour County                ,1,1,114900,0,0,0,0,0,0,0,0,0,1,1,114900,0,0,0,0,0,0,0,0,0
201903,42,099,1,2,Perry County                  ,8,8,2030238,0,0,0,0,0,0,0,0,0,1,1,260000,0,0,0,0,0,0,0,0,0
201903,42,101,1,2,Philadelphia County           ,97,97,25803979,14,28,4464195,24,79,8368750,10,100,12006040,97,97,25803979,14,28,4464195,24,79,8368750,10,100,12006040
201903,42,103,1,2,Pike County                   ,16,16,4665887,0,0,0,0,0,0,0,0,0,14,14,4146020,0,0,0,0,0,0,0,0,0
201903,44,001,1,1,Bristol County                ,3,3,810000,0,0,0,0,0,0,0,0,0,3,3,810000,0,0,0,0,0,0,0,0,0
201903,44,003,1,1,Kent County                   ,6,6,911755,1,2,208150,0,0,0,0,0,0,2,2,264360,1,2,208150,0,0,0,0,0,0
201903,44,005,1,1,Newport County                ,10,10,2663630,0,0,0,0,0,0,0,0,0,10,10,2663630,0,0,0,0,0,0,0,0,0
201903,44,007,1,1,Providence County             ,18,18,2870978,1,2,180000,0,0,0,0,0,0,7,7,998622,0,0,0,0,0,0,0,0,0
201903,44,009,1,1,Washington County             ,16,16,4156686,0,0,0,0,0,0,1,9,600000,3,3,730252,0,0,0,0,0,0,0,0,0
201903,45,003,3,5,Aiken County                  ,60,60,13046922,0,0,0,0,0,0,1,5,401786,50,50,10855284,0,0,0,0,0,0,0,0,0
201903,45,009,3,5,Bamberg County                ,0,0,0,0,0,0,0,0,0,0,0,0,0,0,0,0,0,0,0,0,0,0,0,0
201903,45,015,3,5,Berkeley County               ,145,145,40181502,0,0,0,0,0,0,1,28,660578,112,112,33001303,0,0,0,0,0,0,0,0,0
201903,45,017,3,5,Calhoun County                ,2,2,295569,0,0,0,0,0,0,0,0,0,0,0,0,0,0,0,0,0,0,0,0,0
201903,45,019,3,5,Charleston County             ,253,253,73130009,0,0,0,0,0,0,5,177,21185169,50,50,23737045,0,0,0,0,0,0,0,0,0
201903,45,035,3,5,Dorchester County             ,48,48,13115000,0,0,0,0,0,0,0,0,0,48,48,13115000,0,0,0,0,0,0,0,0,0
201903,45,037,3,5,Edgefield County              ,6,6,1574580,0,0,0,0,0,0,0,0,0,6,6,1574580,0,0,0,0,0,0,0,0,0
201903,45,039,3,5,Fairfield County              ,7,7,1696890,0,0,0,0,0,0,0,0,0,7,7,1696890,0,0,0,0,0,0,0,0,0
201903,45,045,3,5,Greenville County             ,168,168,31190195,2,4,680000,0,0,0,2,46,3945705,131,131,24794719,2,4,680000,0,0,0,0,0,0
201903,45,051,3,5,Horry County                  ,395,395,72622176,0,0,0,1,4,602030,0,0,0,368,368,65804301,0,0,0,1,4,602030,0,0,0
201903,45,055,3,5,Kershaw County                ,15,15,2216844,0,0,0,0,0,0,0,0,0,15,15,2216844,0,0,0,0,0,0,0,0,0
201903,45,059,3,5,Laurens County                ,24,24,3338918,0,0,0,0,0,0,0,0,0,24,24,3338918,0,0,0,0,0,0,0,0,0
201903,45,063,3,5,Lexington County              ,156,156,39004718,0,0,0,0,0,0,1,17,1534265,16,16,3822581,0,0,0,0,0,0,0,0,0
201903,45,077,3,5,Pickens County                ,37,37,11785986,0,0,0,1,3,390000,1,15,1832331,0,0,0,0,0,0,0,0,0,0,0,0
201903,45,079,3,5,Richland County               ,110,110,22844244,0,0,0,0,0,0,0,0,0,94,94,19016977,0,0,0,0,0,0,0,0,0
201903,45,081,3,5,Saluda County                 ,3,3,736552,0,0,0,0,0,0,0,0,0,0,0,0,0,0,0,0,0,0,0,0,0
201903,45,085,3,5,Sumter County                 ,18,18,1772391,0,0,0,0,0,0,0,0,0,18,18,1772391,0,0,0,0,0,0,0,0,0
201903,45,091,3,5,York County                   ,210,210,68210268,0,0,0,0,0,0,3,54,5840999,18,18,5990098,0,0,0,0,0,0,0,0,0
201903,46,007,2,4,Bennett County                ,0,0,0,0,0,0,0,0,0,0,0,0,0,0,0,0,0,0,0,0,0,0,0,0
201903,46,055,2,4,Haakon County                 ,0,0,0,0,0,0,0,0,0,0,0,0,0,0,0,0,0,0,0,0,0,0,0,0
201903,46,071,2,4,Jackson County                ,0,0,0,0,0,0,0,0,0,0,0,0,0,0,0,0,0,0,0,0,0,0,0,0
201903,46,111,2,4,Sanborn County                ,1,1,200000,0,0,0,0,0,0,0,0,0,1,1,200000,0,0,0,0,0,0,0,0,0
201903,47,001,3,6,Anderson County               ,10,10,1799986,0,0,0,0,0,0,0,0,0,7,7,1269496,0,0,0,0,0,0,0,0,0
201903,47,015,3,6,Cannon County                 ,0,0,0,0,0,0,0,0,0,0,0,0,0,0,0,0,0,0,0,0,0,0,0,0
201903,47,021,3,6,Cheatham County               ,16,16,3934474,0,0,0,0,0,0,0,0,0,16,16,3934474,0,0,0,0,0,0,0,0,0
201903,47,037,3,6,Davidson County               ,335,335,85902317,0,0,0,0,0,0,5,492,20192091,335,335,85902317,0,0,0,0,0,0,5,492,20192091
201903,47,043,3,6,Dickson County                ,31,31,6293167,0,0,0,0,0,0,0,0,0,10,10,2204813,0,0,0,0,0,0,0,0,0
201903,47,049,3,6,Fentress County               ,0,0,0,0,0,0,0,0,0,0,0,0,0,0,0,0,0,0,0,0,0,0,0,0
201903,47,081,3,6,Hickman County                ,5,5,888181,0,0,0,0,0,0,0,0,0,0,0,0,0,0,0,0,0,0,0,0,0
201903,47,093,3,6,Knox County                   ,144,144,31621640,0,0,0,0,0,0,2,215,33942462,16,16,4367940,0,0,0,0,0,0,1,166,30000000
201903,47,105,3,6,Loudon County                 ,33,33,8795994,0,0,0,0,0,0,0,0,0,29,29,8123340,0,0,0,0,0,0,0,0,0
201903,47,125,3,6,Montgomery County             ,253,253,30341903,0,0,0,0,0,0,0,0,0,253,253,30341903,0,0,0,0,0,0,0,0,0
201903,47,139,3,6,Polk County                   ,17,17,3062109,0,0,0,0,0,0,0,0,0,0,0,0,0,0,0,0,0,0,0,0,0
201903,47,149,3,6,Rutherford County             ,209,209,51718616,0,0,0,1,3,434542,4,103,9858214,67,67,22106556,0,0,0,0,0,0,0,0,0
201903,47,153,3,6,Sequatchie County             ,1,1,120000,0,0,0,0,0,0,0,0,0,1,1,120000,0,0,0,0,0,0,0,0,0
201903,47,157,3,6,Shelby County                 ,75,75,23258559,0,0,0,0,0,0,0,0,0,75,75,23258559,0,0,0,0,0,0,0,0,0
201903,47,159,3,6,Smith County                  ,6,6,1638383,0,0,0,0,0,0,0,0,0,5,5,1440407,0,0,0,0,0,0,0,0,0
201903,47,161,3,6,Stewart County                ,0,0,0,0,0,0,0,0,0,0,0,0,0,0,0,0,0,0,0,0,0,0,0,0
201903,47,165,3,6,Sumner County                 ,108,108,26135564,0,0,0,0,0,0,0,0,0,100,100,24245303,0,0,0,0,0,0,0,0,0
201903,47,167,3,6,Tipton County                 ,10,10,1565391,0,0,0,0,0,0,0,0,0,2,2,424707,0,0,0,0,0,0,0,0,0
201903,47,169,3,6,Trousdale County              ,7,7,988116,0,0,0,0,0,0,0,0,0,0,0,0,0,0,0,0,0,0,0,0,0
201903,47,173,3,6,Union County                  ,6,6,620000,0,0,0,0,0,0,0,0,0,6,6,620000,0,0,0,0,0,0,0,0,0
201903,47,175,3,6,Van Buren County              ,0,0,0,0,0,0,0,0,0,0,0,0,0,0,0,0,0,0,0,0,0,0,0,0
201903,47,189,3,6,Wilson County                 ,107,107,27293703,0,0,0,0,0,0,0,0,0,107,107,27293703,0,0,0,0,0,0,0,0,0
201903,48,013,3,7,Atascosa County               ,3,3,579011,0,0,0,0,0,0,0,0,0,0,0,0,0,0,0,0,0,0,0,0,0
201903,48,015,3,7,Austin County                 ,2,2,365153,0,0,0,0,0,0,0,0,0,0,0,0,0,0,0,0,0,0,0,0,0
201903,48,019,3,7,Bandera County                ,1,1,210000,0,0,0,0,0,0,0,0,0,0,0,0,0,0,0,0,0,0,0,0,0
201903,48,021,3,7,Bastrop County                ,19,19,3411774,0,0,0,0,0,0,0,0,0,19,19,3411774,0,0,0,0,0,0,0,0,0
201903,48,025,3,7,Bee County                    ,0,0,0,0,0,0,0,0,0,0,0,0,0,0,0,0,0,0,0,0,0,0,0,0
201903,48,027,3,7,Bell County                   ,225,225,37314329,4,8,686827,0,0,0,0,0,0,213,213,34827072,2,4,300000,0,0,0,0,0,0
201903,48,029,3,7,Bexar County                  ,391,391,92443608,0,0,0,4,16,1694181,1,5,1065496,346,346,86476094,0,0,0,4,16,1694181,0,0,0
201903,48,051,3,7,Burleson County               ,0,0,0,0,0,0,0,0,0,0,0,0,0,0,0,0,0,0,0,0,0,0,0,0
201903,48,055,3,7,Caldwell County               ,25,25,4770867,0,0,0,0,0,0,0,0,0,2,2,142000,0,0,0,0,0,0,0,0,0
201903,48,085,3,7,Collin County                 ,746,746,227617805,0,0,0,2,8,427336,15,266,15566015,594,594,167630548,0,0,0,2,8,427336,15,266,15566015
201903,48,091,3,7,Comal County                  ,206,206,48842904,14,28,3401765,0,0,0,0,0,0,204,204,48227009,14,28,3401765,0,0,0,0,0,0
201903,48,099,3,7,Coryell County                ,11,11,1364461,0,0,0,0,0,0,0,0,0,11,11,1364461,0,0,0,0,0,0,0,0,0
201903,48,107,3,7,Crosby County                 ,1,1,10000,0,0,0,0,0,0,0,0,0,1,1,10000,0,0,0,0,0,0,0,0,0
201903,48,113,3,7,Dallas County                 ,473,473,129468109,4,8,1662508,5,17,4271618,16,641,32903746,449,449,121942807,4,8,1662508,5,17,4271618,13,429,14311918
201903,48,119,3,7,Delta County                  ,2,2,178800,0,0,0,0,0,0,0,0,0,2,2,178800,0,0,0,0,0,0,0,0,0
201903,48,135,3,7,Ector County                  ,46,46,8670717,0,0,0,0,0,0,0,0,0,0,0,0,0,0,0,0,0,0,0,0,0
201903,48,139,3,7,Ellis County                  ,150,150,36196126,4,8,971933,1,3,390032,1,9,1532024,85,85,20161173,4,8,971933,1,3,390032,0,0,0
201903,48,141,3,7,El Paso County                ,223,223,47147279,2,4,387361,4,13,1435645,3,58,6709329,2,2,547525,0,0,0,0,0,0,0,0,0
201903,48,157,3,7,Fort Bend County              ,737,737,56077186,1,2,229540,0,0,0,1,5,391292,49,49,16463089,0,0,0,0,0,0,0,0,0
201903,48,167,3,7,Galveston County              ,200,200,43180384,0,0,0,0,0,0,0,0,0,120,120,30549114,0,0,0,0,0,0,0,0,0
201903,48,185,3,7,Grimes County                 ,4,4,506622,0,0,0,0,0,0,0,0,0,4,4,506622,0,0,0,0,0,0,0,0,0
201903,48,187,3,7,Guadalupe County              ,77,77,17763592,0,0,0,0,0,0,1,156,21897074,77,77,17763592,0,0,0,0,0,0,1,156,21897074
201903,48,193,3,7,Hamilton County               ,0,0,0,0,0,0,0,0,0,0,0,0,0,0,0,0,0,0,0,0,0,0,0,0
201903,48,195,3,7,Hansford County               ,0,0,0,0,0,0,0,0,0,0,0,0,0,0,0,0,0,0,0,0,0,0,0,0
201903,48,201,3,7,Harris County                 ,1924,1924,361441044,11,22,2782303,0,0,0,12,582,47643401,1917,1917,359347490,11,22,2782303,0,0,0,12,582,47643401
201903,48,211,3,7,Hemphill County               ,0,0,0,0,0,0,0,0,0,0,0,0,0,0,0,0,0,0,0,0,0,0,0,0
201903,48,215,3,7,Hidalgo County                ,216,216,36298346,1,2,99951,4,16,631275,2,25,1730632,174,174,31363473,0,0,0,4,16,631275,0,0,0
201903,48,233,3,7,Hutchinson County             ,0,0,0,0,0,0,0,0,0,0,0,0,0,0,0,0,0,0,0,0,0,0,0,0
201903,48,251,3,7,Johnson County                ,53,53,11307394,1,2,200000,1,3,366182,0,0,0,52,52,11076148,1,2,200000,0,0,0,0,0,0
201903,48,257,3,7,Kaufman County                ,33,33,7082148,0,0,0,0,0,0,0,0,0,29,29,6135673,0,0,0,0,0,0,0,0,0
201903,48,259,3,7,Kendall County                ,31,31,8279678,0,0,0,0,0,0,0,0,0,0,0,0,0,0,0,0,0,0,0,0,0
201903,48,271,3,7,Kinney County                 ,0,0,0,0,0,0,0,0,0,0,0,0,0,0,0,0,0,0,0,0,0,0,0,0
201903,48,281,3,7,Lampasas County               ,3,3,448182,0,0,0,0,0,0,0,0,0,0,0,0,0,0,0,0,0,0,0,0,0
201903,48,291,3,7,Liberty County                ,60,60,6949575,0,0,0,0,0,0,0,0,0,53,53,6037184,0,0,0,0,0,0,0,0,0
201903,48,303,3,7,Lubbock County                ,184,184,36564996,0,0,0,0,0,0,20,156,10934517,183,183,36391996,0,0,0,0,0,0,20,156,10934517
201903,48,323,3,7,Maverick County               ,9,9,1902828,0,0,0,0,0,0,0,0,0,9,9,1902828,0,0,0,0,0,0,0,0,0
201903,48,325,3,7,Medina County                 ,1,1,225000,0,0,0,0,0,0,0,0,0,1,1,225000,0,0,0,0,0,0,0,0,0
201903,48,329,3,7,Midland County                ,125,125,25223542,0,0,0,0,0,0,0,0,0,125,125,25223542,0,0,0,0,0,0,0,0,0
201903,48,339,3,7,Montgomery County             ,413,413,88604073,2,4,230000,0,0,0,1,58,11456705,403,403,86895371,2,4,230000,0,0,0,1,58,11456705
201903,48,367,3,7,Parker County                 ,48,48,12223197,0,0,0,0,0,0,0,0,0,15,15,4829020,0,0,0,0,0,0,0,0,0
201903,48,375,3,7,Potter County                 ,43,43,10416556,9,18,2519940,0,0,0,0,0,0,43,43,10416556,9,18,2519940,0,0,0,0,0,0
201903,48,383,3,7,Reagan County                 ,0,0,0,0,0,0,0,0,0,0,0,0,0,0,0,0,0,0,0,0,0,0,0,0
201903,48,385,3,7,Real County                   ,0,0,0,0,0,0,0,0,0,0,0,0,0,0,0,0,0,0,0,0,0,0,0,0
201903,48,395,3,7,Robertson County              ,6,6,1171074,0,0,0,0,0,0,0,0,0,6,6,1171074,0,0,0,0,0,0,0,0,0
201903,48,397,3,7,Rockwall County               ,144,144,50991606,0,0,0,0,0,0,0,0,0,126,126,46490846,0,0,0,0,0,0,0,0,0
201903,48,407,3,7,San Jacinto County            ,28,28,6110461,0,0,0,0,0,0,0,0,0,0,0,0,0,0,0,0,0,0,0,0,0
201903,48,411,3,7,San Saba County               ,0,0,0,0,0,0,0,0,0,0,0,0,0,0,0,0,0,0,0,0,0,0,0,0
201903,48,451,3,7,Tom Green County              ,23,23,5637549,0,0,0,0,0,0,0,0,0,23,23,5637549,0,0,0,0,0,0,0,0,0
201903,48,453,3,7,Travis County                 ,923,923,207307595,0,0,0,4,16,981880,32,1462,110084942,882,882,193995552,0,0,0,4,16,981880,32,1462,110084942
201903,48,473,3,7,Waller County                 ,8,8,709160,0,0,0,0,0,0,1,5,110903,8,8,709160,0,0,0,0,0,0,0,0,0
201903,48,491,3,7,Williamson County             ,362,362,100148856,0,0,0,0,0,0,2,16,2520000,336,336,93981503,0,0,0,0,0,0,2,16,2520000
201903,48,493,3,7,Wilson County                 ,5,5,1046416,0,0,0,0,0,0,0,0,0,1,1,236407,0,0,0,0,0,0,0,0,0
201903,48,497,3,7,Wise County                   ,6,6,1089000,0,0,0,0,0,0,27,150,13700000,6,6,1089000,0,0,0,0,0,0,27,150,13700000
201903,49,011,4,8,Davis County                  ,138,138,37237109,1,2,283459,0,0,0,3,15,2764813,136,136,36356413,1,2,283459,0,0,0,3,15,2764813
201903,49,023,4,8,Juab County                   ,7,7,2005513,0,0,0,0,0,0,0,0,0,7,7,2005513,0,0,0,0,0,0,0,0,0
201903,49,029,4,8,Morgan County                 ,3,3,1405844,0,0,0,0,0,0,0,0,0,3,3,1405844,0,0,0,0,0,0,0,0,0
201903,49,035,4,8,Salt Lake County              ,307,307,80665299,4,8,1243424,1,4,711438,10,260,33020573,219,219,57844614,2,4,780618,0,0,0,7,198,25161265
201903,49,039,4,8,Sanpete County                ,2,2,149707,0,0,0,0,0,0,0,0,0,2,2,149707,0,0,0,0,0,0,0,0,0
201903,49,043,4,8,Summit County                 ,11,11,6925385,1,2,592171,0,0,0,1,7,1195998,3,3,2944349,0,0,0,0,0,0,0,0,0
201903,49,057,4,8,Weber County                  ,62,62,14639095,0,0,0,2,8,1021710,4,54,6057128,46,46,11330666,0,0,0,1,4,400000,4,54,6057128
201903,51,003,3,5,Albemarle County              ,56,56,17369096,0,0,0,0,0,0,1,17,1911281,0,0,0,0,0,0,0,0,0,0,0,0
201903,51,007,3,5,Amelia County                 ,4,4,714780,0,0,0,0,0,0,0,0,0,4,4,714780,0,0,0,0,0,0,0,0,0
201903,51,009,3,5,Amherst County                ,7,7,1306755,0,0,0,0,0,0,0,0,0,0,0,0,0,0,0,0,0,0,0,0,0
201903,51,013,3,5,Arlington County              ,14,14,5882916,0,0,0,0,0,0,0,0,0,14,14,5882916,0,0,0,0,0,0,0,0,0
201903,51,015,3,5,Augusta County                ,12,12,2843000,0,0,0,0,0,0,0,0,0,12,12,2843000,0,0,0,0,0,0,0,0,0
201903,51,019,3,5,Bedford County                ,16,16,4148958,0,0,0,0,0,0,0,0,0,0,0,0,0,0,0,0,0,0,0,0,0
201903,51,033,3,5,Caroline County               ,7,7,1373993,0,0,0,0,0,0,0,0,0,0,0,0,0,0,0,0,0,0,0,0,0
201903,51,036,3,5,Charles City County           ,2,2,324892,0,0,0,0,0,0,0,0,0,0,0,0,0,0,0,0,0,0,0,0,0
201903,51,037,3,5,Charlotte County              ,1,1,216042,0,0,0,0,0,0,0,0,0,0,0,0,0,0,0,0,0,0,0,0,0
201903,51,041,3,5,Chesterfield County           ,124,124,24202196,0,0,0,2,8,1200000,4,22,2609136,124,124,24202196,0,0,0,2,8,1200000,4,22,2609136
201903,51,043,3,5,Clarke County                 ,4,4,1083961,0,0,0,0,0,0,0,0,0,4,4,1083961,0,0,0,0,0,0,0,0,0
201903,51,049,3,5,Cumberland County             ,2,2,364874,0,0,0,0,0,0,0,0,0,0,0,0,0,0,0,0,0,0,0,0,0
201903,51,051,3,5,Dickenson County              ,0,0,0,0,0,0,0,0,0,0,0,0,0,0,0,0,0,0,0,0,0,0,0,0
201903,51,053,3,5,Dinwiddie County              ,7,7,1007157,0,0,0,0,0,0,0,0,0,0,0,0,0,0,0,0,0,0,0,0,0
201903,51,059,3,5,Fairfax County                ,81,81,19148959,0,0,0,0,0,0,2,40,5200000,81,81,19148959,0,0,0,0,0,0,2,40,5200000
201903,51,061,3,5,Fauquier County               ,16,16,6434852,0,0,0,0,0,0,0,0,0,16,16,6434852,0,0,0,0,0,0,0,0,0
201903,51,069,3,5,Frederick County              ,44,44,10550338,0,0,0,3,11,1291000,0,0,0,44,44,10550338,0,0,0,3,11,1291000,0,0,0
201903,51,073,3,5,Gloucester County             ,9,9,1263000,0,0,0,0,0,0,0,0,0,9,9,1263000,0,0,0,0,0,0,0,0,0
201903,51,075,3,5,Goochland County              ,18,18,5910402,0,0,0,0,0,0,0,0,0,18,18,5910402,0,0,0,0,0,0,0,0,0
201903,51,085,3,5,Hanover County                ,21,21,5901399,1,2,458800,0,0,0,5,208,15679133,21,21,5901399,1,2,458800,0,0,0,5,208,15679133
201903,51,087,3,5,Henrico County                ,101,101,14171696,3,6,412500,0,0,0,1,165,18932997,101,101,14171696,3,6,412500,0,0,0,1,165,18932997
201903,51,093,3,5,Isle of Wight County          ,17,17,3303624,0,0,0,0,0,0,0,0,0,0,0,0,0,0,0,0,0,0,0,0,0
201903,51,095,3,5,James City County             ,19,19,4050083,0,0,0,0,0,0,0,0,0,19,19,4050083,0,0,0,0,0,0,0,0,0
201903,51,097,3,5,King and Queen County         ,3,3,470000,0,0,0,0,0,0,0,0,0,3,3,470000,0,0,0,0,0,0,0,0,0
201903,51,099,3,5,King George County            ,13,13,2537327,0,0,0,0,0,0,0,0,0,13,13,2537327,0,0,0,0,0,0,0,0,0
201903,51,107,3,5,Loudoun County                ,226,226,53427961,3,6,600000,0,0,0,2,26,1286872,226,226,53427961,3,6,600000,0,0,0,2,26,1286872
201903,51,109,3,5,Louisa County                 ,21,21,4332080,0,0,0,0,0,0,0,0,0,0,0,0,0,0,0,0,0,0,0,0,0
201903,51,115,3,5,Mathews County                ,1,1,206000,0,0,0,0,0,0,0,0,0,1,1,206000,0,0,0,0,0,0,0,0,0
201903,51,127,3,5,New Kent County               ,14,14,2732506,0,0,0,0,0,0,0,0,0,14,14,2732506,0,0,0,0,0,0,0,0,0
201903,51,139,3,5,Page County                   ,1,1,250000,0,0,0,0,0,0,0,0,0,1,1,250000,0,0,0,0,0,0,0,0,0
201903,51,145,3,5,Powhatan County               ,20,20,3903580,0,0,0,0,0,0,0,0,0,20,20,3903580,0,0,0,0,0,0,0,0,0
201903,51,149,3,5,Prince George County          ,5,5,640000,0,0,0,0,0,0,0,0,0,5,5,640000,0,0,0,0,0,0,0,0,0
201903,51,153,3,5,Prince William County         ,110,110,16685400,0,0,0,0,0,0,0,0,0,110,110,16685400,0,0,0,0,0,0,0,0,0
201903,51,165,3,5,Rockingham County             ,37,37,11295415,0,0,0,0,0,0,0,0,0,37,37,11295415,0,0,0,0,0,0,0,0,0
201903,51,175,3,5,Southampton County            ,5,5,993800,0,0,0,0,0,0,0,0,0,5,5,993800,0,0,0,0,0,0,0,0,0
201903,51,177,3,5,Spotsylvania County           ,65,65,17673933,0,0,0,0,0,0,1,24,2016800,0,0,0,0,0,0,0,0,0,0,0,0
201903,51,179,3,5,Stafford County               ,71,71,18751281,0,0,0,0,0,0,0,0,0,71,71,18751281,0,0,0,0,0,0,0,0,0
201903,51,181,3,5,Surry County                  ,2,2,338606,0,0,0,0,0,0,0,0,0,0,0,0,0,0,0,0,0,0,0,0,0
201903,51,183,3,5,Sussex County                 ,3,3,273762,0,0,0,0,0,0,0,0,0,3,3,273762,0,0,0,0,0,0,0,0,0
201903,51,187,3,5,Warren County                 ,15,15,2630000,0,0,0,0,0,0,0,0,0,15,15,2630000,0,0,0,0,0,0,0,0,0
201903,51,199,3,5,York County                   ,18,18,3922390,0,0,0,0,0,0,0,0,0,18,18,3922390,0,0,0,0,0,0,0,0,0
201903,51,510,3,5,Alexandria (Independent City) ,6,6,1250000,0,0,0,0,0,0,0,0,0,6,6,1250000,0,0,0,0,0,0,0,0,0
201903,51,540,3,5,Charlottesville (Independent C,9,9,2684089,0,0,0,0,0,0,1,9,3245077,0,0,0,0,0,0,0,0,0,0,0,0
201903,51,550,3,5,Chesapeake(Independent City)  ,28,28,6619393,0,0,0,0,0,0,0,0,0,28,28,6619393,0,0,0,0,0,0,0,0,0
201903,51,570,3,5,Colonial Heights (Independent ,0,0,0,0,0,0,0,0,0,0,0,0,0,0,0,0,0,0,0,0,0,0,0,0
201903,51,580,3,5,Covington (Independent City)  ,0,0,0,0,0,0,0,0,0,0,0,0,0,0,0,0,0,0,0,0,0,0,0,0
201903,51,600,3,5,Fairfax (Independent City)    ,0,0,0,0,0,0,0,0,0,0,0,0,0,0,0,0,0,0,0,0,0,0,0,0
201903,51,610,3,5,Falls Church (Independent City,0,0,0,0,0,0,0,0,0,0,0,0,0,0,0,0,0,0,0,0,0,0,0,0
201903,51,630,3,5,Fredericksburg(Independent Cit,6,6,1255000,0,0,0,0,0,0,0,0,0,6,6,1255000,0,0,0,0,0,0,0,0,0
201903,51,650,3,5,Hampton (Independent City)    ,16,16,999595,0,0,0,0,0,0,0,0,0,0,0,0,0,0,0,0,0,0,0,0,0
201903,51,660,3,5,Harrisonburg (Independent City,5,5,923990,0,0,0,0,0,0,0,0,0,0,0,0,0,0,0,0,0,0,0,0,0
201903,51,670,3,5,Hopewell (Independent City)   ,2,2,120000,0,0,0,0,0,0,0,0,0,2,2,120000,0,0,0,0,0,0,0,0,0
201903,51,680,3,5,Lynchburg (Independent City)  ,4,4,1301669,0,0,0,0,0,0,0,0,0,4,4,1301669,0,0,0,0,0,0,0,0,0
201903,51,683,3,5,Manassas (Independent City)   ,3,3,675457,0,0,0,0,0,0,1,18,1114222,0,0,0,0,0,0,0,0,0,0,0,0
201903,51,685,3,5,Manassas Park (Independent Cit,0,0,0,0,0,0,0,0,0,0,0,0,0,0,0,0,0,0,0,0,0,0,0,0
201903,51,700,3,5,Newport News (Independent City,7,7,880208,0,0,0,0,0,0,0,0,0,7,7,880208,0,0,0,0,0,0,0,0,0
201903,51,710,3,5,Norfolk (Independent City)    ,27,27,6382986,0,0,0,0,0,0,0,0,0,27,27,6382986,0,0,0,0,0,0,0,0,0
201903,51,730,3,5,Petersburg (Independent City) ,0,0,0,0,0,0,0,0,0,0,0,0,0,0,0,0,0,0,0,0,0,0,0,0
201903,51,735,3,5,Poquoson (Independent City)   ,3,3,470000,0,0,0,0,0,0,0,0,0,3,3,470000,0,0,0,0,0,0,0,0,0
201903,51,740,3,5,Portsmouth (Independent City) ,9,9,1115000,0,0,0,0,0,0,0,0,0,9,9,1115000,0,0,0,0,0,0,0,0,0
201903,51,760,3,5,Richmond (Independent City)   ,19,19,3708401,0,0,0,0,0,0,1,256,16510080,19,19,3708401,0,0,0,0,0,0,1,256,16510080
201903,51,800,3,5,Suffolk (Independent City)    ,49,49,11583938,0,0,0,0,0,0,0,0,0,49,49,11583938,0,0,0,0,0,0,0,0,0
201903,51,810,3,5,Virginia Beach (Independent Ci,83,83,12192982,0,0,0,0,0,0,0,0,0,83,83,12192982,0,0,0,0,0,0,0,0,0
201903,51,830,3,5,Williamsburg (Independent City,5,5,823476,0,0,0,0,0,0,0,0,0,5,5,823476,0,0,0,0,0,0,0,0,0
201903,53,005,4,9,Benton County                 ,66,66,20026203,2,4,816203,0,0,0,1,5,492580,35,35,10513295,1,2,411103,0,0,0,0,0,0
201903,53,011,4,9,Clark County                  ,222,222,64196251,0,0,0,0,0,0,9,103,9693207,106,106,24796325,0,0,0,0,0,0,8,86,7975173
201903,53,021,4,9,Franklin County               ,47,47,13078284,2,4,347280,0,0,0,1,5,599552,8,8,3131319,0,0,0,0,0,0,0,0,0
201903,53,031,4,9,Jefferson County              ,10,10,2174523,0,0,0,0,0,0,0,0,0,1,1,27951,0,0,0,0,0,0,0,0,0
201903,53,033,4,9,King County                   ,356,356,141376031,14,28,8340718,15,53,8817759,25,1463,238488087,289,289,111586902,14,28,8340718,14,50,8317247,24,1458,237988022
201903,53,035,4,9,Kitsap County                 ,71,71,23560696,0,0,0,0,0,0,0,0,0,71,71,23560696,0,0,0,0,0,0,0,0,0
201903,53,053,4,9,Pierce County                 ,165,165,51493853,10,20,3461876,4,16,3180686,2,42,3731000,164,164,51183571,10,20,3461876,4,16,3180686,2,42,3731000
201903,53,055,4,9,San Juan County               ,9,9,2095893,0,0,0,0,0,0,0,0,0,1,1,300000,0,0,0,0,0,0,0,0,0
201903,53,059,4,9,Skamania County               ,6,6,927763,1,2,300000,0,0,0,0,0,0,6,6,927763,1,2,300000,0,0,0,0,0,0
201903,53,061,4,9,Snohomish County              ,196,196,53964973,3,6,1546899,2,7,1286754,7,122,13262298,144,144,39054655,2,4,1195100,2,7,1286754,7,122,13262298
201903,54,011,3,5,Cabell County                 ,6,6,947810,0,0,0,1,3,420000,0,0,0,1,1,129000,0,0,0,0,0,0,0,0,0
201903,54,015,3,5,Clay County                   ,0,0,0,0,0,0,0,0,0,0,0,0,0,0,0,0,0,0,0,0,0,0,0,0
201903,54,019,3,5,Fayette County                ,2,2,235000,0,0,0,0,0,0,0,0,0,2,2,235000,0,0,0,0,0,0,0,0,0
201903,54,037,3,5,Jefferson County              ,17,17,4080470,0,0,0,0,0,0,0,0,0,14,14,3297954,0,0,0,0,0,0,0,0,0
201903,54,081,3,5,Raleigh County                ,3,3,375000,0,0,0,0,0,0,0,0,0,3,3,375000,0,0,0,0,0,0,0,0,0
201903,55,025,2,3,Dane County                   ,102,102,36705666,1,2,435000,1,4,600000,4,121,14649715,82,82,31024810,1,2,435000,1,4,600000,1,58,8178500
201903,55,031,2,3,Douglas County                ,3,3,423000,0,0,0,0,0,0,0,0,0,3,3,423000,0,0,0,0,0,0,0,0,0
201903,55,037,2,3,Florence County               ,1,1,225000,0,0,0,0,0,0,0,0,0,1,1,225000,0,0,0,0,0,0,0,0,0
201903,55,049,2,3,Iowa County                   ,4,4,1580000,0,0,0,0,0,0,0,0,0,3,3,1300000,0,0,0,0,0,0,0,0,0
201903,55,059,2,3,Kenosha County                ,14,14,4371980,0,0,0,0,0,0,0,0,0,13,13,4224480,0,0,0,0,0,0,0,0,0
201903,55,079,2,3,Milwaukee County              ,10,10,4032705,0,0,0,0,0,0,2,108,12353735,10,10,4032705,0,0,0,0,0,0,1,86,9846226
201903,55,089,2,3,Ozaukee County                ,14,14,5160741,1,2,300000,0,0,0,1,8,1126882,6,6,1673890,1,2,300000,0,0,0,0,0,0
201903,55,093,2,3,Pierce County                 ,11,11,2105520,1,2,375000,0,0,0,0,0,0,11,11,2105520,1,2,375000,0,0,0,0,0,0
201903,55,109,2,3,St. Croix County              ,49,49,10617092,1,2,238400,1,4,834246,0,0,0,44,44,9424370,0,0,0,1,4,834246,0,0,0
201903,55,131,2,3,Washington County             ,19,19,5767336,3,6,945000,0,0,0,1,82,12500000,14,14,4104620,3,6,945000,0,0,0,1,82,12500000
201903,56,029,4,8,Park County                   ,3,3,845356,0,0,0,0,0,0,0,0,0,3,3,845356,0,0,0,0,0,0,0,0,0
201903,56,039,4,8,Teton County                  ,12,12,11595060,0,0,0,0,0,0,0,0,0,10,10,10560000,0,0,0,0,0,0,0,0,0
