Survey,FIPS,FIPS,Region,Division,County,,1-unit,,,2-units,,,3-4 units,,,5+ units,,,1-unit rep,,,2-units rep,,,3-4 units rep,,, 5+units rep
Date,State,County,Code,Code,Name,Bldgs,Units,Value,Bldgs,Units,Value,Bldgs,Units,Value,Bldgs,Units,Value,Bldgs,Units,Value,Bldgs,Units,Value,Bldgs,Units,Value,Bldgs,Units,Value
 
201902,01,001,3,6,Autauga County                ,17,17,5967102,0,0,0,0,0,0,0,0,0,17,17,5967102,0,0,0,0,0,0,0,0,0
201902,01,007,3,6,Bibb County                   ,1,1,255129,0,0,0,0,0,0,0,0,0,0,0,0,0,0,0,0,0,0,0,0,0
201902,01,009,3,6,Blount County                 ,1,1,244798,0,0,0,0,0,0,0,0,0,0,0,0,0,0,0,0,0,0,0,0,0
201902,01,021,3,6,Chilton County                ,1,1,120176,0,0,0,0,0,0,0,0,0,0,0,0,0,0,0,0,0,0,0,0,0
201902,01,073,3,6,Jefferson County              ,92,92,24827515,0,0,0,0,0,0,0,0,0,56,56,14791595,0,0,0,0,0,0,0,0,0
201902,01,081,3,6,Lee County                    ,78,78,21979413,1,2,210669,0,0,0,1,34,8889811,15,15,4496745,0,0,0,0,0,0,0,0,0
201902,01,083,3,6,Limestone County              ,15,15,3323290,0,0,0,0,0,0,0,0,0,15,15,3323290,0,0,0,0,0,0,0,0,0
201902,01,089,3,6,Madison County                ,256,256,35030734,0,0,0,0,0,0,0,0,0,256,256,35030734,0,0,0,0,0,0,0,0,0
201902,01,113,3,6,Russell County                ,18,18,2607066,1,2,143676,0,0,0,0,0,0,18,18,2607066,1,2,143676,0,0,0,0,0,0
201902,01,115,3,6,St. Clair County              ,11,11,2107533,0,0,0,0,0,0,0,0,0,8,8,1501184,0,0,0,0,0,0,0,0,0
201902,01,117,3,6,Shelby County                 ,91,91,19617416,0,0,0,0,0,0,0,0,0,35,35,5976291,0,0,0,0,0,0,0,0,0
201902,01,127,3,6,Walker County                 ,0,0,0,0,0,0,0,0,0,0,0,0,0,0,0,0,0,0,0,0,0,0,0,0
201902,02,013,4,9,Aleutians East Borough        ,0,0,0,0,0,0,0,0,0,0,0,0,0,0,0,0,0,0,0,0,0,0,0,0
201902,02,016,4,9,Aleutians West Census Area    ,0,0,0,0,0,0,0,0,0,0,0,0,0,0,0,0,0,0,0,0,0,0,0,0
201902,02,020,4,9,Anchorage Municipality        ,55,55,17228731,0,0,0,1,3,521185,1,8,1264764,0,0,0,0,0,0,0,0,0,0,0,0
201902,02,050,4,9,Bethel Census Area            ,0,0,0,0,0,0,0,0,0,0,0,0,0,0,0,0,0,0,0,0,0,0,0,0
201902,02,060,4,9,Bristol Bay Borough           ,0,0,0,0,0,0,0,0,0,0,0,0,0,0,0,0,0,0,0,0,0,0,0,0
201902,02,070,4,9,Dillingham Census Area        ,0,0,0,1,2,301442,0,0,0,0,0,0,0,0,0,0,0,0,0,0,0,0,0,0
201902,02,090,4,9,Fairbanks North Star Borough  ,0,0,0,0,0,0,0,0,0,0,0,0,0,0,0,0,0,0,0,0,0,0,0,0
201902,02,100,4,9,Haines Borough                ,0,0,0,0,0,0,0,0,0,0,0,0,0,0,0,0,0,0,0,0,0,0,0,0
201902,02,105,4,9,Hoonah-Angoon Census Area     ,0,0,0,0,0,0,0,0,0,0,0,0,0,0,0,0,0,0,0,0,0,0,0,0
201902,02,110,4,9,Juneau City and Borough       ,1,1,178457,1,2,288784,0,0,0,0,0,0,1,1,178457,1,2,288784,0,0,0,0,0,0
201902,02,122,4,9,Kenai Peninsula Borough       ,6,6,1234506,1,2,289200,0,0,0,0,0,0,0,0,0,1,2,289200,0,0,0,0,0,0
201902,02,130,4,9,Ketchikan Gateway Borough     ,2,2,570356,0,0,0,1,3,359024,0,0,0,2,2,570356,0,0,0,1,3,359024,0,0,0
201902,02,150,4,9,Kodiak Island Borough         ,0,0,0,0,0,0,0,0,0,0,0,0,0,0,0,0,0,0,0,0,0,0,0,0
201902,02,158,4,9,Kusilvak Census Area          ,0,0,0,0,0,0,0,0,0,0,0,0,0,0,0,0,0,0,0,0,0,0,0,0
201902,02,170,4,9,Matanuska-Susitna Borough     ,1,1,252280,0,0,0,0,0,0,0,0,0,0,0,0,0,0,0,0,0,0,0,0,0
201902,02,180,4,9,Nome Census Area              ,0,0,0,0,0,0,0,0,0,0,0,0,0,0,0,0,0,0,0,0,0,0,0,0
201902,02,185,4,9,North Slope Borough           ,1,1,274034,0,0,0,0,0,0,0,0,0,0,0,0,0,0,0,0,0,0,0,0,0
201902,02,188,4,9,Northwest Arctic Borough      ,0,0,0,0,0,0,0,0,0,0,0,0,0,0,0,0,0,0,0,0,0,0,0,0
201902,02,195,4,9,Petersburg Borough            ,1,1,155636,0,0,0,0,0,0,0,0,0,0,0,0,0,0,0,0,0,0,0,0,0
201902,02,198,4,9,Prince of Wales-Hyder Census A,1,1,273867,0,0,0,0,0,0,0,0,0,0,0,0,0,0,0,0,0,0,0,0,0
201902,02,220,4,9,Sitka City and Borough        ,0,0,0,0,0,0,0,0,0,0,0,0,0,0,0,0,0,0,0,0,0,0,0,0
201902,02,230,4,9,Skagway Municipality          ,0,0,0,0,0,0,0,0,0,0,0,0,0,0,0,0,0,0,0,0,0,0,0,0
201902,02,261,4,9,Valdez-Cordova Census Area    ,0,0,0,0,0,0,0,0,0,0,0,0,0,0,0,0,0,0,0,0,0,0,0,0
201902,02,275,4,9,Wrangell City and Borough     ,0,0,0,0,0,0,0,0,0,0,0,0,0,0,0,0,0,0,0,0,0,0,0,0
201902,02,282,4,9,Yakutat City and Borough      ,0,0,0,0,0,0,0,0,0,0,0,0,0,0,0,0,0,0,0,0,0,0,0,0
201902,02,290,4,9,Yukon-Koyukuk Census Area     ,0,0,0,0,0,0,0,0,0,0,0,0,0,0,0,0,0,0,0,0,0,0,0,0
201902,04,013,4,8,Maricopa County               ,1482,1482,395558179,7,14,1870060,0,0,0,10,223,26898980,1458,1458,388146344,6,12,1629346,0,0,0,9,193,22059737
201902,04,019,4,8,Pima County                   ,195,195,53909976,1,2,238820,0,0,0,7,62,8791019,146,146,41409211,0,0,0,0,0,0,0,0,0
201902,04,021,4,8,Pinal County                  ,348,348,65862181,0,0,0,0,0,0,0,0,0,282,282,50412169,0,0,0,0,0,0,0,0,0
201902,05,013,3,7,Calhoun County                ,0,0,0,0,0,0,0,0,0,0,0,0,0,0,0,0,0,0,0,0,0,0,0,0
201902,05,035,3,7,Crittenden County             ,3,3,654701,0,0,0,0,0,0,0,0,0,2,2,426700,0,0,0,0,0,0,0,0,0
201902,05,043,3,7,Drew County                   ,0,0,0,0,0,0,0,0,0,0,0,0,0,0,0,0,0,0,0,0,0,0,0,0
201902,05,045,3,7,Faulkner County               ,17,17,3929054,0,0,0,0,0,0,1,9,237758,2,2,421000,0,0,0,0,0,0,0,0,0
201902,05,053,3,7,Grant County                  ,2,2,301111,0,0,0,0,0,0,0,0,0,0,0,0,0,0,0,0,0,0,0,0,0
201902,05,085,3,7,Lonoke County                 ,29,29,2566262,0,0,0,0,0,0,0,0,0,11,11,1030000,0,0,0,0,0,0,0,0,0
201902,05,087,3,7,Madison County                ,0,0,0,0,0,0,0,0,0,0,0,0,0,0,0,0,0,0,0,0,0,0,0,0
201902,05,091,3,7,Miller County                 ,2,2,456853,0,0,0,0,0,0,0,0,0,0,0,0,0,0,0,0,0,0,0,0,0
201902,05,105,3,7,Perry County                  ,0,0,0,0,0,0,0,0,0,0,0,0,0,0,0,0,0,0,0,0,0,0,0,0
201902,05,119,3,7,Pulaski County                ,61,61,12955316,0,0,0,0,0,0,0,0,0,61,61,12955316,0,0,0,0,0,0,0,0,0
201902,05,129,3,7,Searcy County                 ,0,0,0,0,0,0,0,0,0,0,0,0,0,0,0,0,0,0,0,0,0,0,0,0
201902,05,143,3,7,Washington County             ,80,80,20451473,1,2,153388,1,3,180933,0,0,0,61,61,17829559,0,0,0,0,0,0,0,0,0
201902,06,001,4,9,Alameda County                ,134,134,49874761,1,2,430200,3,12,2353336,9,72,16597437,115,115,44199440,1,2,430200,3,12,2353336,5,41,10885389
201902,06,013,4,9,Contra Costa County           ,98,98,39463011,1,2,337500,0,0,0,5,381,79052386,82,82,35305818,0,0,0,0,0,0,4,376,78044450
201902,06,017,4,9,El Dorado County              ,24,24,7864009,0,0,0,0,0,0,0,0,0,24,24,7864009,0,0,0,0,0,0,0,0,0
201902,06,019,4,9,Fresno County                 ,130,130,37119885,4,8,1611329,0,0,0,13,89,10725606,77,77,22388230,1,2,337420,0,0,0,7,56,7458885
201902,06,037,4,9,Los Angeles County            ,371,371,123112067,65,130,24225829,5,19,4063286,28,440,89062693,300,300,90146981,63,126,23243329,3,12,2411570,22,395,82996138
201902,06,041,4,9,Marin County                  ,5,5,2598876,0,0,0,0,0,0,0,0,0,3,3,780000,0,0,0,0,0,0,0,0,0
201902,06,059,4,9,Orange County                 ,159,159,53311915,10,20,3771660,2,7,1201637,7,66,12111655,128,128,38913505,8,16,2438303,2,7,1201637,5,47,9365811
201902,06,061,4,9,Placer County                 ,154,154,46334098,0,0,0,0,0,0,0,0,0,154,154,46334098,0,0,0,0,0,0,0,0,0
201902,06,063,4,9,Plumas County                 ,2,2,408900,0,0,0,0,0,0,0,0,0,2,2,408900,0,0,0,0,0,0,0,0,0
201902,06,067,4,9,Sacramento County             ,185,185,50549298,1,2,323473,0,0,0,2,113,15115546,184,184,50310276,1,2,323473,0,0,0,2,113,15115546
201902,06,069,4,9,San Benito County             ,48,48,17533293,1,2,250000,0,0,0,0,0,0,47,47,17314293,1,2,250000,0,0,0,0,0,0
201902,06,071,4,9,San Bernardino County         ,202,202,50271570,0,0,0,15,59,8614933,11,82,6981196,193,193,47904910,0,0,0,15,59,8614933,10,77,6705334
201902,06,073,4,9,San Diego County              ,192,192,55935531,3,6,1052065,1,3,455643,5,82,10567915,174,174,50964827,2,4,790779,0,0,0,3,66,9033582
201902,06,075,4,9,San Francisco County          ,0,0,0,0,0,0,1,4,617151,2,200,30727019,0,0,0,0,0,0,1,4,617151,2,200,30727019
201902,06,081,4,9,San Mateo County              ,39,39,30135264,0,0,0,0,0,0,2,32,6197340,23,23,18332275,0,0,0,0,0,0,0,0,0
201902,06,085,4,9,Santa Clara County            ,105,105,33988489,0,0,0,1,3,927502,12,298,34519357,75,75,25314174,0,0,0,0,0,0,9,172,15816373
201902,06,091,4,9,Sierra County                 ,0,0,0,0,0,0,0,0,0,0,0,0,0,0,0,0,0,0,0,0,0,0,0,0
201902,06,113,4,9,Yolo County                   ,33,33,9715761,0,0,0,0,0,0,0,0,0,33,33,9715761,0,0,0,0,0,0,0,0,0
201902,08,001,4,8,Adams County                  ,146,146,40776360,0,0,0,0,0,0,0,0,0,146,146,40776360,0,0,0,0,0,0,0,0,0
201902,08,005,4,8,Arapahoe County               ,138,138,38822981,1,2,185742,1,3,345345,0,0,0,131,131,35786508,0,0,0,0,0,0,0,0,0
201902,08,014,4,8,Broomfield County             ,28,28,9034758,0,0,0,0,0,0,0,0,0,28,28,9034758,0,0,0,0,0,0,0,0,0
201902,08,015,4,8,Chaffee County                ,8,8,2119555,1,2,323962,1,3,549700,0,0,0,0,0,0,0,0,0,0,0,0,0,0,0
201902,08,019,4,8,Clear Creek County            ,2,2,505954,0,0,0,0,0,0,0,0,0,0,0,0,0,0,0,0,0,0,0,0,0
201902,08,031,4,8,Denver County                 ,137,137,36961598,0,0,0,0,0,0,4,327,50238676,137,137,36961598,0,0,0,0,0,0,4,327,50238676
201902,08,035,4,8,Douglas County                ,191,191,60853461,0,0,0,4,13,2326778,0,0,0,186,186,59149094,0,0,0,4,13,2326778,0,0,0
201902,08,039,4,8,Elbert County                 ,25,25,7166258,0,0,0,0,0,0,0,0,0,14,14,3805486,0,0,0,0,0,0,0,0,0
201902,08,041,4,8,El Paso County                ,293,293,107456725,1,2,148413,1,3,2000000,0,0,0,293,293,107456725,1,2,148413,1,3,2000000,0,0,0
201902,08,047,4,8,Gilpin County                 ,2,2,558213,0,0,0,0,0,0,0,0,0,0,0,0,0,0,0,0,0,0,0,0,0
201902,08,059,4,8,Jefferson County              ,56,56,15837214,0,0,0,1,4,765696,1,8,1434769,54,54,15363859,0,0,0,1,4,765696,1,8,1434769
201902,08,069,4,8,Larimer County                ,120,120,34480002,0,0,0,2,7,839816,7,305,40467467,120,120,34480002,0,0,0,2,7,839816,7,305,40467467
201902,08,077,4,8,Mesa County                   ,48,48,7623080,0,0,0,0,0,0,0,0,0,48,48,7623080,0,0,0,0,0,0,0,0,0
201902,08,093,4,8,Park County                   ,1,1,364715,0,0,0,0,0,0,0,0,0,1,1,364715,0,0,0,0,0,0,0,0,0
201902,08,101,4,8,Pueblo County                 ,28,28,4495775,0,0,0,0,0,0,0,0,0,28,28,4495775,0,0,0,0,0,0,0,0,0
201902,08,119,4,8,Teller County                 ,6,6,2133807,0,0,0,0,0,0,0,0,0,6,6,2133807,0,0,0,0,0,0,0,0,0
201902,09,001,1,1,Fairfield County              ,43,43,29402564,2,4,1145200,2,7,1942200,2,47,5888889,25,25,12558338,2,4,1145200,2,7,1942200,1,39,1000000
201902,09,003,1,1,Hartford County               ,86,86,17229264,0,0,0,1,4,371400,6,58,5093816,80,80,15296566,0,0,0,1,4,371400,3,43,3560416
201902,09,007,1,1,Middlesex County              ,8,8,2353427,0,0,0,0,0,0,0,0,0,6,6,1619975,0,0,0,0,0,0,0,0,0
201902,09,013,1,1,Tolland County                ,9,9,1924126,0,0,0,0,0,0,2,10,993879,3,3,417750,0,0,0,0,0,0,0,0,0
201902,10,001,3,5,Kent County                   ,92,92,13327124,5,10,1171104,0,0,0,4,20,1803466,83,83,11996602,5,10,1171104,0,0,0,3,15,1187341
201902,10,003,3,5,New Castle County             ,105,105,9544042,0,0,0,0,0,0,4,43,2258194,0,0,0,0,0,0,0,0,0,0,0,0
201902,10,005,3,5,Sussex County                 ,232,232,32300833,5,10,1433671,2,7,921628,3,15,1694782,232,232,32300833,5,10,1433671,2,7,921628,3,15,1694782
201902,11,001,3,5,Washington  DC                ,35,35,8274242,3,6,728950,1,4,520042,9,909,99432968,35,35,8274242,3,6,728950,1,4,520042,9,909,99432968
201902,12,003,3,5,Baker County                  ,5,5,994033,0,0,0,0,0,0,0,0,0,1,1,190000,0,0,0,0,0,0,0,0,0
201902,12,019,3,5,Clay County                   ,68,68,13645879,0,0,0,0,0,0,0,0,0,68,68,13645879,0,0,0,0,0,0,0,0,0
201902,12,029,3,5,Dixie County                  ,2,2,252647,0,0,0,0,0,0,0,0,0,0,0,0,0,0,0,0,0,0,0,0,0
201902,12,031,3,5,Duval County                  ,322,322,78114283,3,6,728950,0,0,0,7,331,36207164,314,314,74732752,3,6,728950,0,0,0,7,331,36207164
201902,12,033,3,5,Escambia County               ,82,82,19335318,6,12,3000000,1,3,230000,3,156,17064404,82,82,19335318,6,12,3000000,1,3,230000,3,156,17064404
201902,12,053,3,5,Hernando County               ,86,86,15265566,0,0,0,0,0,0,0,0,0,86,86,15265566,0,0,0,0,0,0,0,0,0
201902,12,057,3,5,Hillsborough County           ,677,677,226850538,15,30,3526000,0,0,0,20,749,68589285,677,677,226850538,15,30,3526000,0,0,0,20,749,68589285
201902,12,067,3,5,Lafayette County              ,0,0,0,0,0,0,0,0,0,0,0,0,0,0,0,0,0,0,0,0,0,0,0,0
201902,12,071,3,5,Lee County                    ,422,422,91359124,10,20,2286950,2,8,1143925,0,0,0,422,422,91359124,10,20,2286950,2,8,1143925,0,0,0
201902,12,073,3,5,Leon County                   ,49,49,9783042,0,0,0,0,0,0,5,107,14135879,0,0,0,0,0,0,0,0,0,0,0,0
201902,12,081,3,5,Manatee County                ,231,231,43285975,0,0,0,0,0,0,1,26,2687659,218,218,41087814,0,0,0,0,0,0,0,0,0
201902,12,086,3,5,Miami-Dade County             ,261,261,79132428,7,14,1569960,1,4,437500,14,858,208703414,233,233,69914064,7,14,1569960,1,4,437500,11,741,190495909
201902,12,089,3,5,Nassau County                 ,86,86,24996817,0,0,0,0,0,0,0,0,0,0,0,0,0,0,0,0,0,0,0,0,0
201902,12,091,3,5,Okaloosa County               ,72,72,23771625,0,0,0,0,0,0,0,0,0,72,72,23771625,0,0,0,0,0,0,0,0,0
201902,12,095,3,5,Orange County                 ,487,487,129113183,0,0,0,0,0,0,6,262,34760615,416,416,100335700,0,0,0,0,0,0,6,262,34760615
201902,12,097,3,5,Osceola County                ,378,378,82810500,0,0,0,3,12,1064271,15,362,25859706,378,378,82810500,0,0,0,3,12,1064271,15,362,25859706
201902,12,101,3,5,Pasco County                  ,267,267,53939011,1,2,280000,0,0,0,4,23,1059544,264,264,53439240,0,0,0,0,0,0,3,18,628294
201902,12,103,3,5,Pinellas County               ,82,82,25187333,0,0,0,0,0,0,2,13,7160625,79,79,24025775,0,0,0,0,0,0,2,13,7160625
201902,12,109,3,5,St. Johns County              ,468,468,112570467,0,0,0,1,4,904732,0,0,0,468,468,112570467,0,0,0,1,4,904732,0,0,0
201902,12,113,3,5,Santa Rosa County             ,97,97,22931470,0,0,0,0,0,0,0,0,0,97,97,22931470,0,0,0,0,0,0,0,0,0
201902,12,115,3,5,Sarasota County               ,222,222,66214665,0,0,0,1,4,758801,1,9,735200,205,205,61356468,0,0,0,0,0,0,1,9,735200
201902,12,117,3,5,Seminole County               ,135,135,33367240,1,2,476518,0,0,0,0,0,0,133,133,33038433,1,2,476518,0,0,0,0,0,0
201902,12,119,3,5,Sumter County                 ,206,206,56671437,0,0,0,0,0,0,0,0,0,206,206,56671437,0,0,0,0,0,0,0,0,0
201902,12,129,3,5,Wakulla County                ,21,21,3846000,0,0,0,0,0,0,0,0,0,21,21,3846000,0,0,0,0,0,0,0,0,0
201902,12,131,3,5,Walton County                 ,114,114,46100782,0,0,0,0,0,0,2,16,2299252,114,114,46100782,0,0,0,0,0,0,2,16,2299252
201902,12,133,3,5,Washington County             ,3,3,416214,0,0,0,0,0,0,0,0,0,0,0,0,0,0,0,0,0,0,0,0,0
201902,13,007,3,5,Baker County                  ,0,0,0,0,0,0,0,0,0,0,0,0,0,0,0,0,0,0,0,0,0,0,0,0
201902,13,013,3,5,Barrow County                 ,66,66,8155900,0,0,0,0,0,0,1,12,858114,46,46,5856235,0,0,0,0,0,0,0,0,0
201902,13,015,3,5,Bartow County                 ,40,40,7439742,0,0,0,0,0,0,0,0,0,40,40,7439742,0,0,0,0,0,0,0,0,0
201902,13,021,3,5,Bibb County                   ,8,8,1273025,0,0,0,0,0,0,0,0,0,0,0,0,0,0,0,0,0,0,0,0,0
201902,13,029,3,5,Bryan County                  ,38,38,8394030,0,0,0,0,0,0,1,14,1508067,26,26,5623536,0,0,0,0,0,0,0,0,0
201902,13,033,3,5,Burke County                  ,3,3,532232,0,0,0,0,0,0,0,0,0,0,0,0,0,0,0,0,0,0,0,0,0
201902,13,035,3,5,Butts County                  ,1,1,280000,0,0,0,0,0,0,0,0,0,1,1,280000,0,0,0,0,0,0,0,0,0
201902,13,045,3,5,Carroll County                ,61,61,14554752,0,0,0,0,0,0,0,0,0,61,61,14554752,0,0,0,0,0,0,0,0,0
201902,13,051,3,5,Chatham County                ,58,58,13109927,0,0,0,0,0,0,0,0,0,54,54,12457707,0,0,0,0,0,0,0,0,0
201902,13,057,3,5,Cherokee County               ,175,175,44758119,0,0,0,0,0,0,0,0,0,175,175,44758119,0,0,0,0,0,0,0,0,0
201902,13,059,3,5,Clarke County                 ,15,15,2372869,0,0,0,0,0,0,0,0,0,15,15,2372869,0,0,0,0,0,0,0,0,0
201902,13,063,3,5,Clayton County                ,84,84,14358931,0,0,0,0,0,0,0,0,0,84,84,14358931,0,0,0,0,0,0,0,0,0
201902,13,067,3,5,Cobb County                   ,146,146,34517347,0,0,0,0,0,0,2,266,30655371,133,133,32076028,0,0,0,0,0,0,2,266,30655371
201902,13,073,3,5,Columbia County               ,109,109,19322966,1,2,110000,6,23,1369825,2,16,800000,15,15,2468120,1,2,110000,6,23,1369825,2,16,800000
201902,13,077,3,5,Coweta County                 ,64,64,16053854,0,0,0,0,0,0,0,0,0,61,61,15472939,0,0,0,0,0,0,0,0,0
201902,13,085,3,5,Dawson County                 ,17,17,4190705,0,0,0,0,0,0,0,0,0,3,3,329726,0,0,0,0,0,0,0,0,0
201902,13,095,3,5,Dougherty County              ,3,3,409006,0,0,0,0,0,0,0,0,0,0,0,0,0,0,0,0,0,0,0,0,0
201902,13,097,3,5,Douglas County                ,29,29,7716041,0,0,0,0,0,0,0,0,0,29,29,7716041,0,0,0,0,0,0,0,0,0
201902,13,111,3,5,Fannin County                 ,21,21,4098759,0,0,0,0,0,0,0,0,0,21,21,4098759,0,0,0,0,0,0,0,0,0
201902,13,113,3,5,Fayette County                ,46,46,12990176,0,0,0,0,0,0,0,0,0,18,18,5701792,0,0,0,0,0,0,0,0,0
201902,13,115,3,5,Floyd County                  ,13,13,2080300,0,0,0,0,0,0,0,0,0,13,13,2080300,0,0,0,0,0,0,0,0,0
201902,13,117,3,5,Forsyth County                ,183,183,30266279,0,0,0,0,0,0,0,0,0,183,183,30266279,0,0,0,0,0,0,0,0,0
201902,13,121,3,5,Fulton County                 ,311,311,84675448,0,0,0,0,0,0,16,668,73070652,291,291,80711436,0,0,0,0,0,0,16,668,73070652
201902,13,127,3,5,Glynn County                  ,43,43,12564636,0,0,0,0,0,0,0,0,0,0,0,0,0,0,0,0,0,0,0,0,0
201902,13,135,3,5,Gwinnett County               ,255,255,61826933,0,0,0,0,0,0,0,0,0,249,249,60085761,0,0,0,0,0,0,0,0,0
201902,13,143,3,5,Haralson County               ,4,4,915362,0,0,0,0,0,0,0,0,0,0,0,0,0,0,0,0,0,0,0,0,0
201902,13,145,3,5,Harris County                 ,15,15,4098185,0,0,0,0,0,0,0,0,0,15,15,4098185,0,0,0,0,0,0,0,0,0
201902,13,149,3,5,Heard County                  ,2,2,472814,0,0,0,0,0,0,0,0,0,2,2,472814,0,0,0,0,0,0,0,0,0
201902,13,151,3,5,Henry County                  ,117,117,22580235,0,0,0,0,0,0,0,0,0,84,84,18230194,0,0,0,0,0,0,0,0,0
201902,13,159,3,5,Jasper County                 ,5,5,669870,0,0,0,0,0,0,0,0,0,0,0,0,0,0,0,0,0,0,0,0,0
201902,13,171,3,5,Lamar County                  ,3,3,397050,0,0,0,0,0,0,0,0,0,0,0,0,0,0,0,0,0,0,0,0,0
201902,13,177,3,5,Lee County                    ,28,28,2346152,0,0,0,0,0,0,0,0,0,0,0,0,0,0,0,0,0,0,0,0,0
201902,13,179,3,5,Liberty County                ,29,29,6402371,2,4,376864,0,0,0,0,0,0,29,29,6402371,2,4,376864,0,0,0,0,0,0
201902,13,189,3,5,McDuffie County               ,5,5,1148000,0,0,0,0,0,0,0,0,0,5,5,1148000,0,0,0,0,0,0,0,0,0
201902,13,199,3,5,Meriwether County             ,3,3,693045,0,0,0,0,0,0,0,0,0,0,0,0,0,0,0,0,0,0,0,0,0
201902,13,201,3,5,Miller County                 ,0,0,0,0,0,0,0,0,0,0,0,0,0,0,0,0,0,0,0,0,0,0,0,0
201902,13,207,3,5,Monroe County                 ,10,10,2254109,0,0,0,0,0,0,0,0,0,0,0,0,0,0,0,0,0,0,0,0,0
201902,13,215,3,5,Muscogee County               ,25,25,4882036,0,0,0,1,4,246186,2,12,2102492,0,0,0,0,0,0,0,0,0,0,0,0
201902,13,217,3,5,Newton County                 ,64,64,14639124,0,0,0,0,0,0,0,0,0,64,64,14639124,0,0,0,0,0,0,0,0,0
201902,13,227,3,5,Pickens County                ,12,12,2920324,0,0,0,0,0,0,0,0,0,12,12,2920324,0,0,0,0,0,0,0,0,0
201902,13,231,3,5,Pike County                   ,6,6,1177059,0,0,0,0,0,0,0,0,0,0,0,0,0,0,0,0,0,0,0,0,0
201902,13,235,3,5,Pulaski County                ,0,0,0,0,0,0,0,0,0,0,0,0,0,0,0,0,0,0,0,0,0,0,0,0
201902,13,245,3,5,Richmond County               ,31,31,5130267,0,0,0,0,0,0,1,23,1321104,1,1,200000,0,0,0,0,0,0,0,0,0
201902,13,247,3,5,Rockdale County               ,27,27,7181224,0,0,0,0,0,0,0,0,0,27,27,7181224,0,0,0,0,0,0,0,0,0
201902,13,255,3,5,Spalding County               ,20,20,2384643,0,0,0,0,0,0,0,0,0,0,0,0,0,0,0,0,0,0,0,0,0
201902,13,275,3,5,Thomas County                 ,4,4,1122683,0,0,0,0,0,0,0,0,0,3,3,937150,0,0,0,0,0,0,0,0,0
201902,13,291,3,5,Union County                  ,23,23,4821879,0,0,0,0,0,0,0,0,0,23,23,4821879,0,0,0,0,0,0,0,0,0
201902,15,001,4,9,Hawaii County                 ,63,63,14875715,0,0,0,0,0,0,0,0,0,63,63,14875715,0,0,0,0,0,0,0,0,0
201902,15,003,4,9,Honolulu County               ,71,71,25190022,0,0,0,0,0,0,1,75,8500000,71,71,25190022,0,0,0,0,0,0,1,75,8500000
201902,15,007,4,9,Kauai County                  ,18,18,9288971,0,0,0,0,0,0,0,0,0,18,18,9288971,0,0,0,0,0,0,0,0,0
201902,15,009,4,9,Maui County                   ,17,17,5846651,1,2,400000,0,0,0,0,0,0,17,17,5846651,1,2,400000,0,0,0,0,0,0
201902,16,001,4,8,Ada County                    ,293,293,76379576,1,2,314629,2,6,493926,6,58,4722170,146,146,39661763,1,2,314629,0,0,0,1,24,1591000
201902,16,015,4,8,Boise County                  ,2,2,693955,0,0,0,0,0,0,0,0,0,2,2,693955,0,0,0,0,0,0,0,0,0
201902,16,027,4,8,Canyon County                 ,137,137,19865605,1,2,139930,2,7,459957,0,0,0,96,96,14009210,0,0,0,0,0,0,0,0,0
201902,16,045,4,8,Gem County                    ,2,2,388302,0,0,0,0,0,0,0,0,0,1,1,269793,0,0,0,0,0,0,0,0,0
201902,16,073,4,8,Owyhee County                 ,0,0,0,0,0,0,0,0,0,0,0,0,0,0,0,0,0,0,0,0,0,0,0,0
201902,17,005,2,3,Bond County                   ,2,2,871702,0,0,0,0,0,0,0,0,0,2,2,871702,0,0,0,0,0,0,0,0,0
201902,17,013,2,3,Calhoun County                ,0,0,0,0,0,0,0,0,0,0,0,0,0,0,0,0,0,0,0,0,0,0,0,0
201902,17,031,2,3,Cook County                   ,75,75,19395857,3,6,1123728,12,40,9234410,18,586,61123044,56,56,14173090,3,6,1123728,11,37,8818008,17,557,57377720
201902,17,037,2,3,DeKalb County                 ,5,5,1065000,0,0,0,0,0,0,0,0,0,5,5,1065000,0,0,0,0,0,0,0,0,0
201902,17,039,2,3,De Witt County                ,0,0,0,0,0,0,0,0,0,0,0,0,0,0,0,0,0,0,0,0,0,0,0,0
201902,17,043,2,3,DuPage County                 ,57,57,19511686,0,0,0,0,0,0,1,9,213477,53,53,17829111,0,0,0,0,0,0,0,0,0
201902,17,063,2,3,Grundy County                 ,14,14,1999028,0,0,0,0,0,0,1,9,461538,13,13,1838479,0,0,0,0,0,0,0,0,0
201902,17,083,2,3,Jersey County                 ,1,1,155609,0,0,0,0,0,0,0,0,0,0,0,0,0,0,0,0,0,0,0,0,0
201902,17,093,2,3,Kendall County                ,21,21,4016124,0,0,0,0,0,0,0,0,0,19,19,3562183,0,0,0,0,0,0,0,0,0
201902,17,097,2,3,Lake County                   ,36,36,17807860,0,0,0,0,0,0,2,14,1961253,24,24,12306185,0,0,0,0,0,0,0,0,0
201902,17,111,2,3,McHenry County                ,28,28,5038821,0,0,0,0,0,0,0,0,0,24,24,4353518,0,0,0,0,0,0,0,0,0
201902,17,119,2,3,Madison County                ,21,21,5367411,0,0,0,0,0,0,1,5,508029,16,16,4318000,0,0,0,0,0,0,0,0,0
201902,17,133,2,3,Monroe County                 ,6,6,1675676,0,0,0,0,0,0,1,5,432000,4,4,1225540,0,0,0,0,0,0,0,0,0
201902,17,197,2,3,Will County                   ,43,43,11272733,1,2,410000,0,0,0,0,0,0,27,27,7389966,0,0,0,0,0,0,0,0,0
201902,18,003,2,3,Allen County                  ,50,50,15038844,0,0,0,0,0,0,1,125,15100000,50,50,15038844,0,0,0,0,0,0,1,125,15100000
201902,18,011,2,3,Boone County                  ,45,45,14402308,0,0,0,0,0,0,0,0,0,43,43,14083700,0,0,0,0,0,0,0,0,0
201902,18,013,2,3,Brown County                  ,4,4,1017580,0,0,0,0,0,0,0,0,0,0,0,0,0,0,0,0,0,0,0,0,0
201902,18,019,2,3,Clark County                  ,23,23,4657318,0,0,0,0,0,0,0,0,0,22,22,4355619,0,0,0,0,0,0,0,0,0
201902,18,047,2,3,Franklin County               ,1,1,200000,0,0,0,0,0,0,0,0,0,1,1,200000,0,0,0,0,0,0,0,0,0
201902,18,057,2,3,Hamilton County               ,139,139,40935604,0,0,0,0,0,0,0,0,0,136,136,40109829,0,0,0,0,0,0,0,0,0
201902,18,059,2,3,Hancock County                ,33,33,8316831,0,0,0,0,0,0,0,0,0,33,33,8316831,0,0,0,0,0,0,0,0,0
201902,18,061,2,3,Harrison County               ,7,7,2160000,0,0,0,0,0,0,0,0,0,7,7,2160000,0,0,0,0,0,0,0,0,0
201902,18,063,2,3,Hendricks County              ,43,43,9877953,0,0,0,0,0,0,0,0,0,26,26,7015478,0,0,0,0,0,0,0,0,0
201902,18,069,2,3,Huntington County             ,5,5,1034839,0,0,0,0,0,0,0,0,0,5,5,1034839,0,0,0,0,0,0,0,0,0
201902,18,073,2,3,Jasper County                 ,3,3,711397,0,0,0,0,0,0,0,0,0,3,3,711397,0,0,0,0,0,0,0,0,0
201902,18,081,2,3,Johnson County                ,53,53,14251138,0,0,0,0,0,0,0,0,0,51,51,14020000,0,0,0,0,0,0,0,0,0
201902,18,087,2,3,Lagrange County               ,13,13,2222400,0,0,0,0,0,0,0,0,0,13,13,2222400,0,0,0,0,0,0,0,0,0
201902,18,089,2,3,Lake County                   ,91,91,25491215,0,0,0,0,0,0,0,0,0,78,78,22219967,0,0,0,0,0,0,0,0,0
201902,18,097,2,3,Marion County                 ,62,62,15733766,2,4,630000,0,0,0,3,148,36665296,62,62,15733766,2,4,630000,0,0,0,3,148,36665296
201902,18,105,2,3,Monroe County                 ,18,18,4653238,3,6,834538,0,0,0,0,0,0,18,18,4653238,3,6,834538,0,0,0,0,0,0
201902,18,109,2,3,Morgan County                 ,9,9,2610710,0,0,0,0,0,0,0,0,0,9,9,2610710,0,0,0,0,0,0,0,0,0
201902,18,111,2,3,Newton County                 ,1,1,202836,0,0,0,0,0,0,0,0,0,0,0,0,0,0,0,0,0,0,0,0,0
201902,18,115,2,3,Ohio County                   ,1,1,139938,0,0,0,0,0,0,0,0,0,0,0,0,0,0,0,0,0,0,0,0,0
201902,18,119,2,3,Owen County                   ,2,2,517026,0,0,0,0,0,0,0,0,0,2,2,517026,0,0,0,0,0,0,0,0,0
201902,18,127,2,3,Porter County                 ,30,30,6684579,0,0,0,0,0,0,2,16,1872332,25,25,5958886,0,0,0,0,0,0,2,16,1872332
201902,18,133,2,3,Putnam County                 ,3,3,656201,0,0,0,0,0,0,0,0,0,2,2,517026,0,0,0,0,0,0,0,0,0
201902,18,145,2,3,Shelby County                 ,6,6,664400,0,0,0,0,0,0,0,0,0,6,6,664400,0,0,0,0,0,0,0,0,0
201902,18,151,2,3,Steuben County                ,2,2,1525000,1,2,240000,0,0,0,0,0,0,2,2,1525000,1,2,240000,0,0,0,0,0,0
201902,18,157,2,3,Tippecanoe County             ,22,22,5297895,0,0,0,0,0,0,1,8,781955,0,0,0,0,0,0,0,0,0,0,0,0
201902,18,163,2,3,Vanderburgh County            ,18,18,4003184,1,2,240000,0,0,0,0,0,0,18,18,4003184,1,2,240000,0,0,0,0,0,0
201902,18,167,2,3,Vigo County                   ,1,1,186360,0,0,0,0,0,0,1,10,691935,0,0,0,0,0,0,0,0,0,0,0,0
201902,18,175,2,3,Washington County             ,3,3,808704,0,0,0,0,0,0,0,0,0,0,0,0,0,0,0,0,0,0,0,0,0
201902,18,183,2,3,Whitley County                ,6,6,1318700,0,0,0,0,0,0,0,0,0,6,6,1318700,0,0,0,0,0,0,0,0,0
201902,19,049,2,4,Dallas County                 ,17,17,4331389,0,0,0,0,0,0,0,0,0,15,15,3899185,0,0,0,0,0,0,0,0,0
201902,19,085,2,4,Harrison County               ,1,1,171667,0,0,0,0,0,0,0,0,0,0,0,0,0,0,0,0,0,0,0,0,0
201902,19,129,2,4,Mills County                  ,0,0,0,0,0,0,0,0,0,0,0,0,0,0,0,0,0,0,0,0,0,0,0,0
201902,19,153,2,4,Polk County                   ,57,57,14716723,0,0,0,0,0,0,0,0,0,49,49,13067108,0,0,0,0,0,0,0,0,0
201902,19,181,2,4,Warren County                 ,18,18,1809555,0,0,0,0,0,0,0,0,0,17,17,1567620,0,0,0,0,0,0,0,0,0
201902,20,061,2,4,Geary County                  ,0,0,0,0,0,0,0,0,0,0,0,0,0,0,0,0,0,0,0,0,0,0,0,0
201902,20,091,2,4,Johnson County                ,110,110,35608799,1,2,345000,1,4,610875,3,44,5025417,44,44,13958214,0,0,0,0,0,0,0,0,0
201902,20,103,2,4,Leavenworth County            ,16,16,3797969,0,0,0,0,0,0,0,0,0,11,11,2508452,0,0,0,0,0,0,0,0,0
201902,20,107,2,4,Linn County                   ,3,3,295128,0,0,0,0,0,0,0,0,0,0,0,0,0,0,0,0,0,0,0,0,0
201902,20,121,2,4,Miami County                  ,4,4,1188736,0,0,0,0,0,0,0,0,0,1,1,280000,0,0,0,0,0,0,0,0,0
201902,20,209,2,4,Wyandotte County              ,7,7,1815000,0,0,0,0,0,0,0,0,0,7,7,1815000,0,0,0,0,0,0,0,0,0
201902,21,005,3,6,Anderson County               ,4,4,776638,0,0,0,0,0,0,0,0,0,4,4,776638,0,0,0,0,0,0,0,0,0
201902,21,015,3,6,Boone County                  ,14,14,2944695,0,0,0,0,0,0,0,0,0,14,14,2944695,0,0,0,0,0,0,0,0,0
201902,21,017,3,6,Bourbon County                ,4,4,897729,0,0,0,0,0,0,0,0,0,0,0,0,0,0,0,0,0,0,0,0,0
201902,21,021,3,6,Boyle County                  ,2,2,441187,0,0,0,0,0,0,0,0,0,0,0,0,0,0,0,0,0,0,0,0,0
201902,21,029,3,6,Bullitt County                ,29,29,7577014,1,2,280000,0,0,0,0,0,0,29,29,7577014,1,2,280000,0,0,0,0,0,0
201902,21,035,3,6,Calloway County               ,0,0,0,1,2,184000,0,0,0,0,0,0,0,0,0,1,2,184000,0,0,0,0,0,0
201902,21,037,3,6,Campbell County               ,14,14,3305103,0,0,0,0,0,0,0,0,0,13,13,2873556,0,0,0,0,0,0,0,0,0
201902,21,045,3,6,Casey County                  ,0,0,0,0,0,0,0,0,0,0,0,0,0,0,0,0,0,0,0,0,0,0,0,0
201902,21,047,3,6,Christian County              ,2,2,142400,0,0,0,0,0,0,0,0,0,0,0,0,0,0,0,0,0,0,0,0,0
201902,21,049,3,6,Clark County                  ,3,3,637654,0,0,0,0,0,0,1,5,346250,0,0,0,0,0,0,0,0,0,0,0,0
201902,21,067,3,6,Fayette County                ,60,60,9673270,0,0,0,0,0,0,2,58,4246794,0,0,0,0,0,0,0,0,0,0,0,0
201902,21,069,3,6,Fleming County                ,0,0,0,0,0,0,0,0,0,0,0,0,0,0,0,0,0,0,0,0,0,0,0,0
201902,21,077,3,6,Gallatin County               ,1,1,172521,0,0,0,0,0,0,0,0,0,0,0,0,0,0,0,0,0,0,0,0,0
201902,21,081,3,6,Grant County                  ,3,3,326750,0,0,0,0,0,0,0,0,0,3,3,326750,0,0,0,0,0,0,0,0,0
201902,21,091,3,6,Hancock County                ,0,0,0,0,0,0,0,0,0,0,0,0,0,0,0,0,0,0,0,0,0,0,0,0
201902,21,099,3,6,Hart County                   ,4,4,389000,0,0,0,0,0,0,2,10,1135476,0,0,0,0,0,0,0,0,0,0,0,0
201902,21,101,3,6,Henderson County              ,1,1,150000,0,0,0,0,0,0,0,0,0,1,1,150000,0,0,0,0,0,0,0,0,0
201902,21,103,3,6,Henry County                  ,1,1,90000,0,0,0,0,0,0,0,0,0,1,1,90000,0,0,0,0,0,0,0,0,0
201902,21,111,3,6,Jefferson County              ,84,84,22685345,0,0,0,0,0,0,4,82,6062500,84,84,22685345,0,0,0,0,0,0,4,82,6062500
201902,21,113,3,6,Jessamine County              ,11,11,1840147,0,0,0,1,3,375000,0,0,0,1,1,400000,0,0,0,0,0,0,0,0,0
201902,21,115,3,6,Johnson County                ,0,0,0,0,0,0,0,0,0,0,0,0,0,0,0,0,0,0,0,0,0,0,0,0
201902,21,117,3,6,Kenton County                 ,31,31,7451824,0,0,0,0,0,0,0,0,0,31,31,7451824,0,0,0,0,0,0,0,0,0
201902,21,121,3,6,Knox County                   ,0,0,0,0,0,0,0,0,0,0,0,0,0,0,0,0,0,0,0,0,0,0,0,0
201902,21,123,3,6,Larue County                  ,2,2,472814,0,0,0,0,0,0,0,0,0,2,2,472814,0,0,0,0,0,0,0,0,0
201902,21,137,3,6,Lincoln County                ,3,3,371669,0,0,0,0,0,0,0,0,0,0,0,0,0,0,0,0,0,0,0,0,0
201902,21,145,3,6,McCracken County              ,1,1,302615,0,0,0,0,0,0,0,0,0,0,0,0,0,0,0,0,0,0,0,0,0
201902,21,151,3,6,Madison County                ,9,9,822873,1,2,112996,0,0,0,1,5,168572,1,1,120000,0,0,0,0,0,0,0,0,0
201902,21,157,3,6,Marshall County               ,6,6,825000,0,0,0,0,0,0,0,0,0,6,6,825000,0,0,0,0,0,0,0,0,0
201902,21,161,3,6,Mason County                  ,3,3,459000,0,0,0,0,0,0,0,0,0,3,3,459000,0,0,0,0,0,0,0,0,0
201902,21,163,3,6,Meade County                  ,4,4,855000,0,0,0,0,0,0,0,0,0,4,4,855000,0,0,0,0,0,0,0,0,0
201902,21,167,3,6,Mercer County                 ,3,3,516730,0,0,0,0,0,0,0,0,0,0,0,0,0,0,0,0,0,0,0,0,0
201902,21,175,3,6,Morgan County                 ,1,1,75000,0,0,0,0,0,0,0,0,0,0,0,0,0,0,0,0,0,0,0,0,0
201902,21,179,3,6,Nelson County                 ,12,12,1736000,2,4,500000,0,0,0,0,0,0,12,12,1736000,2,4,500000,0,0,0,0,0,0
201902,21,185,3,6,Oldham County                 ,25,25,7541088,0,0,0,0,0,0,0,0,0,0,0,0,0,0,0,0,0,0,0,0,0
201902,21,191,3,6,Pendleton County              ,0,0,0,0,0,0,0,0,0,0,0,0,0,0,0,0,0,0,0,0,0,0,0,0
201902,21,209,3,6,Scott County                  ,9,9,2164200,0,0,0,0,0,0,0,0,0,9,9,2164200,0,0,0,0,0,0,0,0,0
201902,21,211,3,6,Shelby County                 ,21,21,5162711,0,0,0,0,0,0,1,22,1201682,0,0,0,0,0,0,0,0,0,0,0,0
201902,21,213,3,6,Simpson County                ,2,2,371625,0,0,0,0,0,0,0,0,0,2,2,371625,0,0,0,0,0,0,0,0,0
201902,21,215,3,6,Spencer County                ,8,8,1891255,0,0,0,0,0,0,0,0,0,8,8,1891255,0,0,0,0,0,0,0,0,0
201902,21,221,3,6,Trigg County                  ,0,0,0,0,0,0,0,0,0,0,0,0,0,0,0,0,0,0,0,0,0,0,0,0
201902,21,239,3,6,Woodford County               ,8,8,1518221,0,0,0,0,0,0,0,0,0,0,0,0,0,0,0,0,0,0,0,0,0
201902,22,005,3,7,Ascension Parish              ,81,81,12412519,0,0,0,0,0,0,0,0,0,2,2,240999,0,0,0,0,0,0,0,0,0
201902,22,015,3,7,Bossier Parish                ,57,57,10732795,0,0,0,0,0,0,0,0,0,57,57,10732795,0,0,0,0,0,0,0,0,0
201902,22,017,3,7,Caddo Parish                  ,19,19,3383852,0,0,0,0,0,0,0,0,0,19,19,3383852,0,0,0,0,0,0,0,0,0
201902,22,031,3,7,De Soto Parish                ,8,8,2078940,0,0,0,0,0,0,0,0,0,4,4,945628,0,0,0,0,0,0,0,0,0
201902,22,033,3,7,East Baton Rouge Parish       ,85,85,21604650,1,2,243427,0,0,0,0,0,0,18,18,3643539,0,0,0,0,0,0,0,0,0
201902,22,037,3,7,East Feliciana Parish         ,5,5,975895,0,0,0,0,0,0,0,0,0,5,5,975895,0,0,0,0,0,0,0,0,0
201902,22,047,3,7,Iberville Parish              ,8,8,2004306,0,0,0,0,0,0,0,0,0,1,1,240000,0,0,0,0,0,0,0,0,0
201902,22,051,3,7,Jefferson Parish              ,55,55,10859187,0,0,0,0,0,0,0,0,0,52,52,9979049,0,0,0,0,0,0,0,0,0
201902,22,055,3,7,Lafayette Parish              ,78,78,15871609,0,0,0,0,0,0,1,24,3100000,44,44,11482259,0,0,0,0,0,0,1,24,3100000
201902,22,063,3,7,Livingston Parish             ,62,62,13833550,0,0,0,0,0,0,0,0,0,1,1,40000,0,0,0,0,0,0,0,0,0
201902,22,071,3,7,Orleans Parish                ,36,36,8105488,4,8,845589,0,0,0,1,8,1969133,0,0,0,0,0,0,0,0,0,0,0,0
201902,22,075,3,7,Plaquemines Parish            ,4,4,894410,0,0,0,0,0,0,0,0,0,4,4,894410,0,0,0,0,0,0,0,0,0
201902,22,077,3,7,Pointe Coupee Parish          ,3,3,682240,0,0,0,0,0,0,0,0,0,3,3,682240,0,0,0,0,0,0,0,0,0
201902,22,087,3,7,St. Bernard Parish            ,14,14,1918660,0,0,0,0,0,0,0,0,0,14,14,1918660,0,0,0,0,0,0,0,0,0
201902,22,089,3,7,St. Charles Parish            ,8,8,2281136,0,0,0,0,0,0,0,0,0,8,8,2281136,0,0,0,0,0,0,0,0,0
201902,22,091,3,7,St. Helena Parish             ,3,3,529317,0,0,0,0,0,0,0,0,0,0,0,0,0,0,0,0,0,0,0,0,0
201902,22,095,3,7,St. John the Baptist Parish   ,4,4,660124,0,0,0,0,0,0,0,0,0,0,0,0,0,0,0,0,0,0,0,0,0
201902,22,099,3,7,St. Martin Parish             ,14,14,2426213,0,0,0,0,0,0,0,0,0,2,2,264348,0,0,0,0,0,0,0,0,0
201902,22,103,3,7,St. Tammany Parish            ,153,153,29701446,0,0,0,0,0,0,0,0,0,150,150,28750858,0,0,0,0,0,0,0,0,0
201902,22,109,3,7,Terrebonne Parish             ,11,11,2804351,0,0,0,0,0,0,0,0,0,0,0,0,0,0,0,0,0,0,0,0,0
201902,22,121,3,7,West Baton Rouge Parish       ,19,19,3237426,0,0,0,0,0,0,0,0,0,11,11,2165040,0,0,0,0,0,0,0,0,0
201902,22,125,3,7,West Feliciana Parish         ,3,3,1224284,0,0,0,0,0,0,0,0,0,0,0,0,0,0,0,0,0,0,0,0,0
201902,23,000,1,1,Maine Unorganized Territory   ,7,7,929602,0,0,0,0,0,0,0,0,0,0,0,0,0,0,0,0,0,0,0,0,0
201902,24,003,3,5,Anne Arundel County           ,65,65,10036304,0,0,0,0,0,0,0,0,0,65,65,10036304,0,0,0,0,0,0,0,0,0
201902,24,005,3,5,Baltimore County              ,23,23,4585000,0,0,0,0,0,0,0,0,0,23,23,4585000,0,0,0,0,0,0,0,0,0
201902,24,009,3,5,Calvert County                ,15,15,3546104,0,0,0,0,0,0,0,0,0,15,15,3546104,0,0,0,0,0,0,0,0,0
201902,24,013,3,5,Carroll County                ,22,22,3794000,0,0,0,0,0,0,0,0,0,22,22,3794000,0,0,0,0,0,0,0,0,0
201902,24,015,3,5,Cecil County                  ,6,6,1061974,0,0,0,0,0,0,0,0,0,6,6,1061974,0,0,0,0,0,0,0,0,0
201902,24,017,3,5,Charles County                ,33,33,8733000,0,0,0,0,0,0,0,0,0,33,33,8733000,0,0,0,0,0,0,0,0,0
201902,24,021,3,5,Frederick County              ,52,52,12231956,2,4,190000,2,8,400000,7,142,16058815,52,52,12231956,2,4,190000,2,8,400000,7,142,16058815
201902,24,023,3,5,Garrett County                ,4,4,1414135,0,0,0,0,0,0,0,0,0,0,0,0,0,0,0,0,0,0,0,0,0
201902,24,025,3,5,Harford County                ,17,17,4182541,0,0,0,0,0,0,0,0,0,15,15,3495385,0,0,0,0,0,0,0,0,0
201902,24,027,3,5,Howard County                 ,34,34,7702026,0,0,0,0,0,0,0,0,0,34,34,7702026,0,0,0,0,0,0,0,0,0
201902,24,031,3,5,Montgomery County             ,74,74,16871550,9,18,1149367,1,4,126100,4,89,9735461,71,71,16381449,7,14,882700,1,4,126100,4,89,9735461
201902,24,033,3,5,Prince George County          ,212,212,50250847,0,0,0,0,0,0,0,0,0,209,209,49409043,0,0,0,0,0,0,0,0,0
201902,24,035,3,5,Queen Anne County             ,8,8,1891255,0,0,0,0,0,0,0,0,0,8,8,1891255,0,0,0,0,0,0,0,0,0
201902,24,037,3,5,St. Marys County              ,2,2,636000,0,0,0,0,0,0,0,0,0,2,2,636000,0,0,0,0,0,0,0,0,0
201902,24,039,3,5,Somerset County               ,3,3,589550,0,0,0,0,0,0,0,0,0,3,3,589550,0,0,0,0,0,0,0,0,0
201902,24,045,3,5,Wicomico County               ,23,23,3244215,0,0,0,0,0,0,0,0,0,23,23,3244215,0,0,0,0,0,0,0,0,0
201902,24,510,3,5,Baltimore (Independent City)  ,21,21,2468000,0,0,0,0,0,0,0,0,0,21,21,2468000,0,0,0,0,0,0,0,0,0
201902,25,005,1,1,Bristol County                ,36,36,7643060,0,0,0,1,3,200000,0,0,0,10,10,2190500,0,0,0,0,0,0,0,0,0
201902,25,009,1,1,Essex County                  ,35,35,11941991,3,6,1415889,0,0,0,3,15,3056833,28,28,9464554,1,2,315000,0,0,0,0,0,0
201902,25,017,1,1,Middlesex County              ,79,79,26094241,3,6,753145,5,17,3676770,10,247,48840974,40,40,15036096,0,0,0,4,14,3217059,5,188,38100048
201902,25,021,1,1,Norfolk County                ,50,50,21620456,1,2,347833,0,0,0,3,26,2888343,32,32,14448371,0,0,0,0,0,0,0,0,0
201902,25,023,1,1,Plymouth County               ,63,63,14796716,2,4,450000,0,0,0,2,15,2151533,22,22,5815858,0,0,0,0,0,0,1,10,1301533
201902,25,025,1,1,Suffolk County                ,2,2,532041,2,4,592877,4,13,3307960,9,76,15547493,2,2,532041,2,4,592877,4,13,3307960,6,61,12511323
201902,26,000,2,3,Michigan Balance of State     ,2,2,375622,0,0,0,0,0,0,0,0,0,0,0,0,0,0,0,0,0,0,0,0,0
201902,26,019,2,3,Benzie County                 ,3,3,693184,0,0,0,0,0,0,0,0,0,0,0,0,0,0,0,0,0,0,0,0,0
201902,26,029,2,3,Charlevoix County             ,3,3,685812,0,0,0,0,0,0,0,0,0,0,0,0,0,0,0,0,0,0,0,0,0
201902,26,089,2,3,Leelanau County               ,8,8,1580955,0,0,0,0,0,0,0,0,0,8,8,1580955,0,0,0,0,0,0,0,0,0
201902,26,093,2,3,Livingston County             ,34,34,9663013,0,0,0,0,0,0,0,0,0,33,33,9404500,0,0,0,0,0,0,0,0,0
201902,26,095,2,3,Luce County                   ,0,0,0,0,0,0,0,0,0,0,0,0,0,0,0,0,0,0,0,0,0,0,0,0
201902,26,099,2,3,Macomb County                 ,107,107,31524149,0,0,0,0,0,0,0,0,0,107,107,31524149,0,0,0,0,0,0,0,0,0
201902,26,103,2,3,Marquette County              ,1,1,7000,0,0,0,0,0,0,0,0,0,1,1,7000,0,0,0,0,0,0,0,0,0
201902,26,137,2,3,Otsego County                 ,1,1,81000,0,0,0,0,0,0,0,0,0,0,0,0,0,0,0,0,0,0,0,0,0
201902,26,147,2,3,St. Clair County              ,4,4,714430,0,0,0,0,0,0,0,0,0,2,2,395000,0,0,0,0,0,0,0,0,0
201902,26,163,2,3,Wayne County                  ,60,60,20362439,0,0,0,0,0,0,2,45,6862000,55,55,19592231,0,0,0,0,0,0,2,45,6862000
201902,27,003,2,4,Anoka County                  ,38,38,10759225,0,0,0,0,0,0,1,14,1790315,32,32,9089349,0,0,0,0,0,0,0,0,0
201902,27,019,2,4,Carver County                 ,39,39,12277217,0,0,0,0,0,0,0,0,0,25,25,8350178,0,0,0,0,0,0,0,0,0
201902,27,025,2,4,Chisago County                ,6,6,1007223,0,0,0,0,0,0,0,0,0,6,6,1007223,0,0,0,0,0,0,0,0,0
201902,27,027,2,4,Clay County                   ,2,2,769000,0,0,0,0,0,0,0,0,0,2,2,769000,0,0,0,0,0,0,0,0,0
201902,27,037,2,4,Dakota County                 ,67,67,20265507,0,0,0,0,0,0,0,0,0,55,55,16440537,0,0,0,0,0,0,0,0,0
201902,27,053,2,4,Hennepin County               ,137,137,49364596,1,2,410000,2,6,2022313,7,665,123708560,129,129,46663326,1,2,410000,2,6,2022313,7,665,123708560
201902,27,059,2,4,Isanti County                 ,12,12,2863704,0,0,0,0,0,0,0,0,0,7,7,1869053,0,0,0,0,0,0,0,0,0
201902,27,123,2,4,Ramsey County                 ,10,10,2748513,0,0,0,0,0,0,2,219,27425579,10,10,2748513,0,0,0,0,0,0,2,219,27425579
201902,27,139,2,4,Scott County                  ,34,34,10586648,0,0,0,0,0,0,0,0,0,26,26,7812202,0,0,0,0,0,0,0,0,0
201902,27,141,2,4,Sherburne County              ,12,12,2672597,0,0,0,0,0,0,0,0,0,9,9,2075286,0,0,0,0,0,0,0,0,0
201902,27,163,2,4,Washington County             ,53,53,15942292,0,0,0,0,0,0,0,0,0,50,50,14584075,0,0,0,0,0,0,0,0,0
201902,27,171,2,4,Wright County                 ,36,36,10157363,0,0,0,0,0,0,0,0,0,36,36,10157363,0,0,0,0,0,0,0,0,0
201902,28,033,3,6,DeSoto County                 ,78,78,12687812,0,0,0,0,0,0,0,0,0,65,65,11018143,0,0,0,0,0,0,0,0,0
201902,28,041,3,6,Greene County                 ,0,0,0,0,0,0,0,0,0,0,0,0,0,0,0,0,0,0,0,0,0,0,0,0
201902,28,045,3,6,Hancock County                ,40,40,7515908,0,0,0,0,0,0,1,11,931290,16,16,3879674,0,0,0,0,0,0,0,0,0
201902,28,047,3,6,Harrison County               ,71,71,12949481,0,0,0,0,0,0,0,0,0,42,42,8686161,0,0,0,0,0,0,0,0,0
201902,28,067,3,6,Jones County                  ,0,0,0,0,0,0,0,0,0,0,0,0,0,0,0,0,0,0,0,0,0,0,0,0
201902,28,129,3,6,Smith County                  ,0,0,0,0,0,0,0,0,0,0,0,0,0,0,0,0,0,0,0,0,0,0,0,0
201902,28,137,3,6,Tate County                   ,7,7,2264812,0,0,0,0,0,0,0,0,0,6,6,2077350,0,0,0,0,0,0,0,0,0
201902,28,143,3,6,Tunica County                 ,1,1,110844,0,0,0,0,0,0,0,0,0,0,0,0,0,0,0,0,0,0,0,0,0
201902,28,145,3,6,Union County                  ,0,0,0,0,0,0,0,0,0,0,0,0,0,0,0,0,0,0,0,0,0,0,0,0
201902,28,149,3,6,Warren County                 ,1,1,520000,0,0,0,0,0,0,0,0,0,1,1,520000,0,0,0,0,0,0,0,0,0
201902,29,013,2,4,Bates County                  ,0,0,0,0,0,0,0,0,0,0,0,0,0,0,0,0,0,0,0,0,0,0,0,0
201902,29,017,2,4,Bollinger County              ,0,0,0,0,0,0,0,0,0,0,0,0,0,0,0,0,0,0,0,0,0,0,0,0
201902,29,019,2,4,Boone County                  ,12,12,3512173,0,0,0,0,0,0,0,0,0,12,12,3512173,0,0,0,0,0,0,0,0,0
201902,29,049,2,4,Clinton County                ,1,1,167378,0,0,0,0,0,0,0,0,0,0,0,0,0,0,0,0,0,0,0,0,0
201902,29,065,2,4,Dent County                   ,0,0,0,0,0,0,0,0,0,0,0,0,0,0,0,0,0,0,0,0,0,0,0,0
201902,29,071,2,4,Franklin County               ,16,16,2965261,0,0,0,0,0,0,0,0,0,7,7,867458,0,0,0,0,0,0,0,0,0
201902,29,095,2,4,Jackson County                ,93,93,20118445,2,4,538916,1,4,705741,0,0,0,91,91,19516157,2,4,538916,1,4,705741,0,0,0
201902,29,099,2,4,Jefferson County              ,53,53,12425865,1,2,300000,0,0,0,0,0,0,52,52,12321306,1,2,300000,0,0,0,0,0,0
201902,29,105,2,4,Laclede County                ,1,1,152880,0,0,0,0,0,0,0,0,0,1,1,152880,0,0,0,0,0,0,0,0,0
201902,29,107,2,4,Lafayette County              ,1,1,230440,0,0,0,0,0,0,0,0,0,0,0,0,0,0,0,0,0,0,0,0,0
201902,29,113,2,4,Lincoln County                ,13,13,2534453,0,0,0,0,0,0,0,0,0,10,10,1779061,0,0,0,0,0,0,0,0,0
201902,29,165,2,4,Platte County                 ,5,5,5377302,0,0,0,0,0,0,0,0,0,4,4,5161355,0,0,0,0,0,0,0,0,0
201902,29,185,2,4,St. Clair County              ,0,0,0,0,0,0,0,0,0,0,0,0,0,0,0,0,0,0,0,0,0,0,0,0
201902,29,189,2,4,St. Louis County              ,50,50,18986519,0,0,0,0,0,0,1,5,571875,44,44,16532859,0,0,0,0,0,0,0,0,0
201902,29,219,2,4,Warren County                 ,20,20,4937121,0,0,0,2,8,1092682,0,0,0,20,20,4937121,0,0,0,2,8,1092682,0,0,0
201902,29,221,2,4,Washington County             ,0,0,0,0,0,0,0,0,0,0,0,0,0,0,0,0,0,0,0,0,0,0,0,0
201902,29,510,2,4,St. Louis (Independent City)  ,8,8,2347603,0,0,0,0,0,0,0,0,0,8,8,2347603,0,0,0,0,0,0,0,0,0
201902,30,013,4,8,Cascade County                ,3,3,828685,0,0,0,0,0,0,0,0,0,3,3,828685,0,0,0,0,0,0,0,0,0
201902,30,033,4,8,Garfield County               ,0,0,0,0,0,0,0,0,0,0,0,0,0,0,0,0,0,0,0,0,0,0,0,0
201902,30,063,4,8,Missoula County               ,9,9,2513208,0,0,0,0,0,0,0,0,0,9,9,2513208,0,0,0,0,0,0,0,0,0
201902,30,093,4,8,Silver Bow County             ,0,0,0,0,0,0,0,0,0,0,0,0,0,0,0,0,0,0,0,0,0,0,0,0
201902,31,001,2,4,Adams County                  ,0,0,0,0,0,0,0,0,0,0,0,0,0,0,0,0,0,0,0,0,0,0,0,0
201902,31,025,2,4,Cass County                   ,6,6,1019704,0,0,0,0,0,0,0,0,0,1,1,185000,0,0,0,0,0,0,0,0,0
201902,31,033,2,4,Cheyenne County               ,0,0,0,0,0,0,0,0,0,0,0,0,0,0,0,0,0,0,0,0,0,0,0,0
201902,31,055,2,4,Douglas County                ,58,58,8932248,0,0,0,0,0,0,1,83,6426220,58,58,8932248,0,0,0,0,0,0,1,83,6426220
201902,31,105,2,4,Kimball County                ,0,0,0,0,0,0,0,0,0,0,0,0,0,0,0,0,0,0,0,0,0,0,0,0
201902,31,153,2,4,Sarpy County                  ,69,69,18695860,0,0,0,0,0,0,0,0,0,47,47,12610553,0,0,0,0,0,0,0,0,0
201902,31,165,2,4,Sioux County                  ,0,0,0,0,0,0,0,0,0,0,0,0,0,0,0,0,0,0,0,0,0,0,0,0
201902,31,177,2,4,Washington County             ,3,3,1077420,0,0,0,0,0,0,0,0,0,3,3,1077420,0,0,0,0,0,0,0,0,0
201902,32,001,4,8,Churchill County              ,5,5,1099108,0,0,0,0,0,0,0,0,0,5,5,1099108,0,0,0,0,0,0,0,0,0
201902,32,003,4,8,Clark County                  ,832,832,193018171,7,14,2616969,0,0,0,10,262,19416708,832,832,193018171,7,14,2616969,0,0,0,10,262,19416708
201902,32,005,4,8,Douglas County                ,4,4,1560975,0,0,0,0,0,0,0,0,0,4,4,1560975,0,0,0,0,0,0,0,0,0
201902,32,007,4,8,Elko County                   ,7,7,886661,0,0,0,0,0,0,0,0,0,6,6,832903,0,0,0,0,0,0,0,0,0
201902,32,013,4,8,Humboldt County               ,1,1,101027,0,0,0,0,0,0,0,0,0,0,0,0,0,0,0,0,0,0,0,0,0
201902,32,015,4,8,Lander County                 ,0,0,0,0,0,0,0,0,0,0,0,0,0,0,0,0,0,0,0,0,0,0,0,0
201902,32,017,4,8,Lincoln County                ,1,1,273137,0,0,0,0,0,0,0,0,0,0,0,0,0,0,0,0,0,0,0,0,0
201902,32,019,4,8,Lyon County                   ,31,31,8683322,0,0,0,0,0,0,0,0,0,31,31,8683322,0,0,0,0,0,0,0,0,0
201902,32,021,4,8,Mineral County                ,0,0,0,0,0,0,0,0,0,0,0,0,0,0,0,0,0,0,0,0,0,0,0,0
201902,32,027,4,8,Pershing County               ,0,0,0,0,0,0,0,0,0,0,0,0,0,0,0,0,0,0,0,0,0,0,0,0
201902,32,029,4,8,Storey County                 ,1,1,201908,0,0,0,0,0,0,0,0,0,0,0,0,0,0,0,0,0,0,0,0,0
201902,32,031,4,8,Washoe County                 ,148,148,42715804,1,2,48559,1,4,215083,1,13,1964314,148,148,42715804,1,2,48559,1,4,215083,1,13,1964314
201902,32,033,4,8,White Pine County             ,0,0,0,0,0,0,0,0,0,0,0,0,0,0,0,0,0,0,0,0,0,0,0,0
201902,32,510,4,8,Carson City (Independent City),10,10,2468797,0,0,0,0,0,0,0,0,0,10,10,2468797,0,0,0,0,0,0,0,0,0
201902,33,015,1,1,Rockingham County             ,31,31,10072211,3,6,1059593,0,0,0,0,0,0,18,18,6007873,2,4,592877,0,0,0,0,0,0
201902,33,017,1,1,Strafford County              ,13,13,2458028,0,0,0,0,0,0,1,5,465517,6,6,1091501,0,0,0,0,0,0,0,0,0
201902,34,001,1,2,Atlantic County               ,30,30,7622012,0,0,0,0,0,0,0,0,0,29,29,7137424,0,0,0,0,0,0,0,0,0
201902,34,003,1,2,Bergen County                 ,56,56,23240541,5,10,1730874,1,3,814,6,38,4603820,40,40,17506100,4,8,1300400,0,0,0,1,5,630000
201902,34,005,1,2,Burlington County             ,33,33,3577767,0,0,0,0,0,0,4,29,3439503,7,7,1007547,0,0,0,0,0,0,1,14,2114000
201902,34,007,1,2,Camden County                 ,9,9,1111096,1,2,232,0,0,0,2,17,575828,8,8,1014139,1,2,232,0,0,0,0,0,0
201902,34,009,1,2,Cape May County               ,28,28,8622442,4,8,630200,0,0,0,0,0,0,28,28,8622442,4,8,630200,0,0,0,0,0,0
201902,34,011,1,2,Cumberland County             ,8,8,603486,0,0,0,0,0,0,0,0,0,2,2,60014,0,0,0,0,0,0,0,0,0
201902,34,013,1,2,Essex County                  ,18,18,3962524,3,6,854877,3,9,1118768,3,53,4853507,3,3,2149700,3,6,854877,3,9,1118768,0,0,0
201902,34,015,1,2,Gloucester County             ,36,36,5359037,0,0,0,0,0,0,2,13,695436,26,26,4213322,0,0,0,0,0,0,1,8,104465
201902,34,017,1,2,Hudson County                 ,44,44,1457048,5,10,1290600,2,6,745846,2,65,12079646,43,43,932869,5,10,1290600,2,6,745846,0,0,0
201902,34,019,1,2,Hunterdon County              ,13,13,3535005,1,2,233200,0,0,0,2,11,567189,11,11,3208950,0,0,0,0,0,0,0,0,0
201902,34,021,1,2,Mercer County                 ,11,11,1732909,1,2,86914,3,10,287869,0,0,0,10,10,978817,0,0,0,0,0,0,0,0,0
201902,34,023,1,2,Middlesex County              ,64,64,10892262,0,0,0,0,0,0,5,123,2675879,60,60,10141352,0,0,0,0,0,0,4,118,2331356
201902,34,025,1,2,Monmouth County               ,53,53,15124611,0,0,0,0,0,0,0,0,0,47,47,13143246,0,0,0,0,0,0,0,0,0
201902,34,027,1,2,Morris County                 ,46,46,6943811,0,0,0,0,0,0,3,231,21113030,34,34,4564050,0,0,0,0,0,0,1,214,20275000
201902,34,029,1,2,Ocean County                  ,186,186,34836288,3,6,838419,2,8,320610,3,17,1127729,106,106,26310186,2,4,741000,0,0,0,0,0,0
201902,34,031,1,2,Passaic County                ,7,7,1556148,1,2,160746,0,0,0,2,13,740856,5,5,1213100,0,0,0,0,0,0,0,0,0
201902,34,033,1,2,Salem County                  ,4,4,802400,0,0,0,0,0,0,0,0,0,4,4,802400,0,0,0,0,0,0,0,0,0
201902,34,035,1,2,Somerset County               ,20,20,3863576,0,0,0,0,0,0,4,29,1850529,13,13,2867461,0,0,0,0,0,0,0,0,0
201902,34,037,1,2,Sussex County                 ,11,11,1872086,9,18,1440000,0,0,0,0,0,0,7,7,1026100,9,18,1440000,0,0,0,0,0,0
201902,34,039,1,2,Union County                  ,13,13,2460191,2,4,355740,1,3,600000,4,73,1862521,7,7,1350851,0,0,0,1,3,600000,1,54,600000
201902,34,041,1,2,Warren County                 ,3,3,406684,0,0,0,0,0,0,1,6,216652,2,2,205000,0,0,0,0,0,0,0,0,0
201902,35,000,4,8,New Mexico Balance of State   ,25,25,6778770,0,0,0,0,0,0,0,0,0,0,0,0,0,0,0,0,0,0,0,0,0
201902,35,001,4,8,Bernalillo County             ,77,77,21369891,0,0,0,0,0,0,1,135,1500000,77,77,21369891,0,0,0,0,0,0,1,135,1500000
201902,35,005,4,8,Chaves County                 ,4,4,705317,0,0,0,0,0,0,0,0,0,3,3,572000,0,0,0,0,0,0,0,0,0
201902,35,009,4,8,Curry County                  ,3,3,759531,0,0,0,0,0,0,1,5,460938,0,0,0,0,0,0,0,0,0,0,0,0
201902,35,013,4,8,Dona Ana County               ,54,54,13010706,0,0,0,0,0,0,0,0,0,54,54,13010706,0,0,0,0,0,0,0,0,0
201902,35,015,4,8,Eddy County                   ,20,20,4622739,0,0,0,0,0,0,0,0,0,20,20,4622739,0,0,0,0,0,0,0,0,0
201902,35,017,4,8,Grant County                  ,1,1,162507,0,0,0,0,0,0,0,0,0,0,0,0,0,0,0,0,0,0,0,0,0
201902,35,025,4,8,Lea County                    ,16,16,3698797,0,0,0,0,0,0,0,0,0,16,16,3698797,0,0,0,0,0,0,0,0,0
201902,35,027,4,8,Lincoln County                ,8,8,2895259,0,0,0,0,0,0,0,0,0,8,8,2895259,0,0,0,0,0,0,0,0,0
201902,35,028,4,8,Los Alamos County             ,0,0,0,0,0,0,0,0,0,0,0,0,0,0,0,0,0,0,0,0,0,0,0,0
201902,35,029,4,8,Luna County                   ,2,2,526608,0,0,0,0,0,0,0,0,0,1,1,340000,0,0,0,0,0,0,0,0,0
201902,35,031,4,8,McKinley County               ,0,0,0,0,0,0,0,0,0,0,0,0,0,0,0,0,0,0,0,0,0,0,0,0
201902,35,035,4,8,Otero County                  ,0,0,0,0,0,0,0,0,0,0,0,0,0,0,0,0,0,0,0,0,0,0,0,0
201902,35,041,4,8,Roosevelt County              ,1,1,151019,0,0,0,0,0,0,0,0,0,0,0,0,0,0,0,0,0,0,0,0,0
201902,35,043,4,8,Sandoval County               ,45,45,9961050,0,0,0,0,0,0,1,5,208333,0,0,0,0,0,0,0,0,0,0,0,0
201902,35,045,4,8,San Juan County               ,4,4,751212,0,0,0,0,0,0,0,0,0,0,0,0,0,0,0,0,0,0,0,0,0
201902,35,047,4,8,San Miguel County             ,0,0,0,0,0,0,0,0,0,0,0,0,0,0,0,0,0,0,0,0,0,0,0,0
201902,35,049,4,8,Santa Fe County               ,22,22,5597492,0,0,0,0,0,0,0,0,0,22,22,5597492,0,0,0,0,0,0,0,0,0
201902,35,051,4,8,Sierra County                 ,0,0,0,0,0,0,0,0,0,0,0,0,0,0,0,0,0,0,0,0,0,0,0,0
201902,35,055,4,8,Taos County                   ,6,6,657935,0,0,0,0,0,0,0,0,0,0,0,0,0,0,0,0,0,0,0,0,0
201902,35,061,4,8,Valencia County               ,11,11,38807,0,0,0,0,0,0,0,0,0,11,11,38807,0,0,0,0,0,0,0,0,0
201902,36,001,1,2,Albany County                 ,18,18,4610443,0,0,0,0,0,0,2,21,2733836,9,9,2532722,0,0,0,0,0,0,0,0,0
201902,36,005,1,2,Bronx County                  ,0,0,0,2,4,592877,0,0,0,5,98,12755023,0,0,0,2,4,592877,0,0,0,5,98,12755023
201902,36,029,1,2,Erie County                   ,55,55,16606727,0,0,0,0,0,0,1,13,2909870,38,38,10265361,0,0,0,0,0,0,0,0,0
201902,36,047,1,2,Kings County                  ,0,0,0,1,2,296439,2,6,745846,25,756,98395892,0,0,0,1,2,296439,2,6,745846,25,756,98395892
201902,36,051,1,2,Livingston County             ,2,2,453500,0,0,0,0,0,0,0,0,0,1,1,300000,0,0,0,0,0,0,0,0,0
201902,36,055,1,2,Monroe County                 ,35,35,8562672,0,0,0,0,0,0,2,15,1508143,23,23,6790250,0,0,0,0,0,0,0,0,0
201902,36,059,1,2,Nassau County                 ,52,52,17147828,0,0,0,0,0,0,2,24,3416618,5,5,2900000,0,0,0,0,0,0,0,0,0
201902,36,061,1,2,New York County               ,0,0,0,0,0,0,0,0,0,5,435,56616684,0,0,0,0,0,0,0,0,0,5,435,56616684
201902,36,063,1,2,Niagara County                ,22,22,6892687,0,0,0,0,0,0,0,0,0,15,15,5139210,0,0,0,0,0,0,0,0,0
201902,36,069,1,2,Ontario County                ,8,8,3667722,0,0,0,0,0,0,1,7,612500,3,3,2181600,0,0,0,0,0,0,0,0,0
201902,36,073,1,2,Orleans County                ,0,0,0,0,0,0,0,0,0,0,0,0,0,0,0,0,0,0,0,0,0,0,0,0
201902,36,079,1,2,Putnam County                 ,1,1,207267,0,0,0,1,3,703760,0,0,0,0,0,0,0,0,0,0,0,0,0,0,0
201902,36,081,1,2,Queens County                 ,3,3,798061,6,12,1778632,7,21,2610460,7,357,46464727,3,3,798061,6,12,1778632,7,21,2610460,7,357,46464727
201902,36,083,1,2,Rensselaer County             ,8,8,2142719,0,0,0,1,4,407850,0,0,0,4,4,1065320,0,0,0,0,0,0,0,0,0
201902,36,085,1,2,Richmond County               ,17,17,4522347,25,50,7410965,0,0,0,0,0,0,17,17,4522347,25,50,7410965,0,0,0,0,0,0
201902,36,087,1,2,Rockland County               ,7,7,3796198,2,4,517203,4,14,2477533,4,29,5197016,5,5,3121900,0,0,0,2,8,1800000,0,0,0
201902,36,091,1,2,Saratoga County               ,36,36,10166943,1,2,270074,2,6,852108,2,17,1830872,17,17,4905390,0,0,0,0,0,0,0,0,0
201902,36,093,1,2,Schenectady County            ,2,2,445000,0,0,0,0,0,0,0,0,0,2,2,445000,0,0,0,0,0,0,0,0,0
201902,36,095,1,2,Schoharie County              ,0,0,0,0,0,0,0,0,0,0,0,0,0,0,0,0,0,0,0,0,0,0,0,0
201902,36,099,1,2,Seneca County                 ,1,1,88502,0,0,0,0,0,0,0,0,0,1,1,88502,0,0,0,0,0,0,0,0,0
201902,36,103,1,2,Suffolk County                ,43,43,32543490,0,0,0,0,0,0,1,5,735846,34,34,26549717,0,0,0,0,0,0,0,0,0
201902,36,117,1,2,Wayne County                  ,3,3,636750,0,0,0,0,0,0,0,0,0,2,2,412500,0,0,0,0,0,0,0,0,0
201902,36,119,1,2,Westchester County            ,9,9,4003721,0,0,0,0,0,0,1,8,1369375,4,4,1205000,0,0,0,0,0,0,0,0,0
201902,37,007,3,5,Anson County                  ,4,4,599460,0,0,0,0,0,0,0,0,0,0,0,0,0,0,0,0,0,0,0,0,0
201902,37,011,3,5,Avery County                  ,3,3,1459645,0,0,0,0,0,0,0,0,0,3,3,1459645,0,0,0,0,0,0,0,0,0
201902,37,015,3,5,Bertie County                 ,0,0,0,0,0,0,0,0,0,0,0,0,0,0,0,0,0,0,0,0,0,0,0,0
201902,37,025,3,5,Cabarrus County               ,110,110,20140250,0,0,0,0,0,0,8,110,7487344,110,110,20140250,0,0,0,0,0,0,8,110,7487344
201902,37,033,3,5,Caswell County                ,2,2,564000,0,0,0,0,0,0,0,0,0,2,2,564000,0,0,0,0,0,0,0,0,0
201902,37,037,3,5,Chatham County                ,49,49,15934155,0,0,0,0,0,0,0,0,0,47,47,15734060,0,0,0,0,0,0,0,0,0
201902,37,051,3,5,Cumberland County             ,53,53,8984423,0,0,0,0,0,0,0,0,0,53,53,8984423,0,0,0,0,0,0,0,0,0
201902,37,053,3,5,Currituck County              ,26,26,6926582,0,0,0,0,0,0,0,0,0,0,0,0,0,0,0,0,0,0,0,0,0
201902,37,059,3,5,Davie County                  ,12,12,2874700,1,2,165000,0,0,0,1,7,315828,0,0,0,0,0,0,0,0,0,0,0,0
201902,37,063,3,5,Durham County                 ,153,153,29497331,0,0,0,0,0,0,4,110,8762750,0,0,0,0,0,0,0,0,0,0,0,0
201902,37,069,3,5,Franklin County               ,49,49,8790736,0,0,0,0,0,0,0,0,0,49,49,8790736,0,0,0,0,0,0,0,0,0
201902,37,071,3,5,Gaston County                 ,180,180,43597121,0,0,0,0,0,0,0,0,0,180,180,43597121,0,0,0,0,0,0,0,0,0
201902,37,077,3,5,Granville County              ,16,16,2467484,0,0,0,0,0,0,0,0,0,16,16,2467484,0,0,0,0,0,0,0,0,0
201902,37,081,3,5,Guilford County               ,148,148,36283145,0,0,0,0,0,0,2,36,3493373,148,148,36283145,0,0,0,0,0,0,2,36,3493373
201902,37,089,3,5,Henderson County              ,65,65,15616826,0,0,0,0,0,0,0,0,0,65,65,15616826,0,0,0,0,0,0,0,0,0
201902,37,093,3,5,Hoke County                   ,15,15,3546104,0,0,0,0,0,0,0,0,0,15,15,3546104,0,0,0,0,0,0,0,0,0
201902,37,097,3,5,Iredell County                ,110,110,27788822,0,0,0,0,0,0,1,68,6520037,110,110,27788822,0,0,0,0,0,0,1,68,6520037
201902,37,101,3,5,Johnston County               ,190,190,30369633,2,4,398000,0,0,0,0,0,0,185,185,29500402,2,4,398000,0,0,0,0,0,0
201902,37,119,3,5,Mecklenburg County            ,336,336,79432720,2,4,789374,0,0,0,14,627,37437000,336,336,79432720,2,4,789374,0,0,0,14,627,37437000
201902,37,133,3,5,Onslow County                 ,97,97,13150043,1,2,123640,0,0,0,1,5,243750,84,84,11160204,0,0,0,0,0,0,0,0,0
201902,37,135,3,5,Orange County                 ,37,37,12138564,0,0,0,0,0,0,0,0,0,3,3,1125371,0,0,0,0,0,0,0,0,0
201902,37,145,3,5,Person County                 ,17,17,2680759,0,0,0,0,0,0,0,0,0,17,17,2680759,0,0,0,0,0,0,0,0,0
201902,37,151,3,5,Randolph County               ,13,13,3149552,0,0,0,0,0,0,0,0,0,13,13,3149552,0,0,0,0,0,0,0,0,0
201902,37,157,3,5,Rockingham County             ,11,11,3066243,0,0,0,0,0,0,0,0,0,11,11,3066243,0,0,0,0,0,0,0,0,0
201902,37,179,3,5,Union County                  ,91,91,20142803,0,0,0,0,0,0,0,0,0,91,91,20142803,0,0,0,0,0,0,0,0,0
201902,37,181,3,5,Vance County                  ,4,4,649627,0,0,0,0,0,0,0,0,0,0,0,0,0,0,0,0,0,0,0,0,0
201902,37,183,3,5,Wake County                   ,521,521,105046602,0,0,0,0,0,0,2,210,26931572,521,521,105046602,0,0,0,0,0,0,2,210,26931572
201902,37,195,3,5,Wilson County                 ,4,4,795537,0,0,0,0,0,0,0,0,0,4,4,795537,0,0,0,0,0,0,0,0,0
201902,39,007,2,3,Ashtabula County              ,1,1,275000,0,0,0,0,0,0,0,0,0,1,1,275000,0,0,0,0,0,0,0,0,0
201902,39,015,2,3,Brown County                  ,3,3,776113,0,0,0,0,0,0,0,0,0,0,0,0,0,0,0,0,0,0,0,0,0
201902,39,017,2,3,Butler County                 ,36,36,7768198,0,0,0,0,0,0,0,0,0,2,2,300920,0,0,0,0,0,0,0,0,0
201902,39,025,2,3,Clermont County               ,46,46,10025547,0,0,0,0,0,0,0,0,0,46,46,10025547,0,0,0,0,0,0,0,0,0
201902,39,041,2,3,Delaware County               ,83,83,22308579,0,0,0,0,0,0,1,8,981822,80,80,21119608,0,0,0,0,0,0,0,0,0
201902,39,049,2,3,Franklin County               ,89,89,27527866,1,2,300000,0,0,0,24,367,46120551,85,85,26089407,1,2,300000,0,0,0,22,357,45290886
201902,39,055,2,3,Geauga County                 ,12,12,6306492,0,0,0,0,0,0,0,0,0,12,12,6306492,0,0,0,0,0,0,0,0,0
201902,39,085,2,3,Lake County                   ,29,29,6818024,0,0,0,0,0,0,0,0,0,29,29,6818024,0,0,0,0,0,0,0,0,0
201902,39,089,2,3,Licking County                ,13,13,3432415,0,0,0,0,0,0,0,0,0,0,0,0,0,0,0,0,0,0,0,0,0
201902,39,093,2,3,Lorain County                 ,41,41,8928162,1,2,275259,0,0,0,0,0,0,22,22,4412429,1,2,275259,0,0,0,0,0,0
201902,39,097,2,3,Madison County                ,4,4,1093513,0,0,0,0,0,0,0,0,0,4,4,1093513,0,0,0,0,0,0,0,0,0
201902,39,103,2,3,Medina County                 ,34,34,8397729,2,4,473000,0,0,0,0,0,0,30,30,7653870,2,4,473000,0,0,0,0,0,0
201902,39,117,2,3,Morrow County                 ,12,12,1690000,0,0,0,0,0,0,0,0,0,12,12,1690000,0,0,0,0,0,0,0,0,0
201902,39,159,2,3,Union County                  ,26,26,6721343,0,0,0,0,0,0,0,0,0,26,26,6721343,0,0,0,0,0,0,0,0,0
201902,39,165,2,3,Warren County                 ,78,78,21196040,0,0,0,0,0,0,0,0,0,69,69,18831492,0,0,0,0,0,0,0,0,0
201902,40,001,3,7,Adair County                  ,1,1,177418,0,0,0,0,0,0,0,0,0,0,0,0,0,0,0,0,0,0,0,0,0
201902,40,017,3,7,Canadian County               ,26,26,6013926,2,4,464000,1,3,408000,0,0,0,20,20,4596630,2,4,464000,1,3,408000,0,0,0
201902,40,021,3,7,Cherokee County               ,3,3,393715,1,2,130000,0,0,0,0,0,0,0,0,0,0,0,0,0,0,0,0,0,0
201902,40,027,3,7,Cleveland County              ,54,54,11374450,2,4,1080000,0,0,0,3,244,34000000,49,49,10701200,2,4,1080000,0,0,0,3,244,34000000
201902,40,029,3,7,Coal County                   ,0,0,0,0,0,0,0,0,0,0,0,0,0,0,0,0,0,0,0,0,0,0,0,0
201902,40,037,3,7,Creek County                  ,5,5,1107825,0,0,0,0,0,0,0,0,0,0,0,0,0,0,0,0,0,0,0,0,0
201902,40,051,3,7,Grady County                  ,4,4,975000,0,0,0,0,0,0,0,0,0,4,4,975000,0,0,0,0,0,0,0,0,0
201902,40,055,3,7,Greer County                  ,0,0,0,0,0,0,0,0,0,0,0,0,0,0,0,0,0,0,0,0,0,0,0,0
201902,40,081,3,7,Lincoln County                ,1,1,236407,0,0,0,0,0,0,0,0,0,1,1,236407,0,0,0,0,0,0,0,0,0
201902,40,083,3,7,Logan County                  ,2,2,388333,0,0,0,0,0,0,0,0,0,1,1,205000,0,0,0,0,0,0,0,0,0
201902,40,087,3,7,McClain County                ,38,38,5083904,0,0,0,0,0,0,0,0,0,20,20,1420000,0,0,0,0,0,0,0,0,0
201902,40,109,3,7,Oklahoma County               ,311,311,89016907,6,12,1590200,0,0,0,0,0,0,260,260,71270559,3,6,690000,0,0,0,0,0,0
201902,40,111,3,7,Okmulgee County               ,0,0,0,0,0,0,0,0,0,0,0,0,0,0,0,0,0,0,0,0,0,0,0,0
201902,40,113,3,7,Osage County                  ,10,10,2115617,0,0,0,0,0,0,0,0,0,10,10,2115617,0,0,0,0,0,0,0,0,0
201902,40,117,3,7,Pawnee County                 ,0,0,0,0,0,0,0,0,0,0,0,0,0,0,0,0,0,0,0,0,0,0,0,0
201902,40,131,3,7,Rogers County                 ,56,56,12415128,0,0,0,0,0,0,0,0,0,55,55,12311795,0,0,0,0,0,0,0,0,0
201902,40,143,3,7,Tulsa County                  ,152,152,37057466,0,0,0,0,0,0,3,54,6646868,121,121,30511392,0,0,0,0,0,0,3,54,6646868
201902,40,145,3,7,Wagoner County                ,33,33,6116556,0,0,0,0,0,0,0,0,0,33,33,6116556,0,0,0,0,0,0,0,0,0
201902,41,000,4,9,Oregon Balance of State       ,10,10,1109268,0,0,0,0,0,0,0,0,0,0,0,0,0,0,0,0,0,0,0,0,0
201902,41,005,4,9,Clackamas County              ,82,82,27154352,0,0,0,0,0,0,1,5,727085,73,73,22536837,0,0,0,0,0,0,0,0,0
201902,41,017,4,9,Deschutes County              ,84,84,21275087,2,4,283182,0,0,0,0,0,0,63,63,16022891,2,4,283182,0,0,0,0,0,0
201902,41,019,4,9,Douglas County                ,18,18,4618336,0,0,0,0,0,0,0,0,0,18,18,4618336,0,0,0,0,0,0,0,0,0
201902,41,025,4,9,Harney County                 ,0,0,0,0,0,0,0,0,0,0,0,0,0,0,0,0,0,0,0,0,0,0,0,0
201902,41,035,4,9,Klamath County                ,1,1,313789,0,0,0,0,0,0,0,0,0,1,1,313789,0,0,0,0,0,0,0,0,0
201902,41,051,4,9,Multnomah County              ,56,56,14953203,9,18,3474555,0,0,0,8,517,76227880,56,56,14953203,9,18,3474555,0,0,0,8,517,76227880
201902,41,067,4,9,Washington County             ,107,107,29130955,0,0,0,0,0,0,3,306,46479594,105,105,28653392,0,0,0,0,0,0,3,306,46479594
201902,41,071,4,9,Yamhill County                ,21,21,6269158,0,0,0,0,0,0,0,0,0,9,9,3471556,0,0,0,0,0,0,0,0,0
201902,42,001,1,2,Adams County                  ,15,15,3068020,0,0,0,0,0,0,0,0,0,0,0,0,0,0,0,0,0,0,0,0,0
201902,42,017,1,2,Bucks County                  ,34,34,7885165,0,0,0,0,0,0,1,5,552600,23,23,5661629,0,0,0,0,0,0,1,5,552600
201902,42,029,1,2,Chester County                ,93,93,19774783,0,0,0,0,0,0,3,96,12373797,74,74,15785004,0,0,0,0,0,0,3,96,12373797
201902,42,037,1,2,Columbia County               ,4,4,1572862,0,0,0,0,0,0,0,0,0,1,1,222953,0,0,0,0,0,0,0,0,0
201902,42,041,1,2,Cumberland County             ,52,52,10613357,0,0,0,1,3,908731,2,12,1159800,22,22,4106268,0,0,0,1,3,908731,2,12,1159800
201902,42,043,1,2,Dauphin County                ,19,19,4364798,0,0,0,2,8,1559588,0,0,0,16,16,3704531,0,0,0,2,8,1559588,0,0,0
201902,42,045,1,2,Delaware County               ,15,15,3931014,0,0,0,0,0,0,1,7,270062,10,10,2740420,0,0,0,0,0,0,0,0,0
201902,42,055,1,2,Franklin County               ,23,23,4095147,0,0,0,1,3,240000,1,5,487529,19,19,3545065,0,0,0,0,0,0,0,0,0
201902,42,091,1,2,Montgomery County             ,99,99,27913248,0,0,0,3,11,1877370,5,47,9730767,82,82,24385307,0,0,0,3,11,1877370,3,33,8047340
201902,42,093,1,2,Montour County                ,1,1,260606,0,0,0,0,0,0,0,0,0,0,0,0,0,0,0,0,0,0,0,0,0
201902,42,099,1,2,Perry County                  ,6,6,1509059,0,0,0,0,0,0,0,0,0,0,0,0,0,0,0,0,0,0,0,0,0
201902,42,101,1,2,Philadelphia County           ,52,52,13833061,11,22,3260825,13,42,5220919,8,358,46594880,52,52,13833061,11,22,3260825,13,42,5220919,8,358,46594880
201902,42,103,1,2,Pike County                   ,10,10,2825755,0,0,0,0,0,0,0,0,0,9,9,2564000,0,0,0,0,0,0,0,0,0
201902,44,001,1,1,Bristol County                ,1,1,500262,0,0,0,0,0,0,0,0,0,0,0,0,0,0,0,0,0,0,0,0,0
201902,44,003,1,1,Kent County                   ,5,5,897737,0,0,0,0,0,0,0,0,0,2,2,290000,0,0,0,0,0,0,0,0,0
201902,44,005,1,1,Newport County                ,12,12,2428143,0,0,0,0,0,0,0,0,0,9,9,1605000,0,0,0,0,0,0,0,0,0
201902,44,007,1,1,Providence County             ,30,30,4205615,0,0,0,0,0,0,0,0,0,24,24,3299028,0,0,0,0,0,0,0,0,0
201902,44,009,1,1,Washington County             ,17,17,4015442,0,0,0,0,0,0,1,5,333333,8,8,1791000,0,0,0,0,0,0,0,0,0
201902,45,003,3,5,Aiken County                  ,91,91,18834355,0,0,0,0,0,0,1,5,401786,82,82,16861881,0,0,0,0,0,0,0,0,0
201902,45,009,3,5,Bamberg County                ,0,0,0,0,0,0,0,0,0,0,0,0,0,0,0,0,0,0,0,0,0,0,0,0
201902,45,015,3,5,Berkeley County               ,131,131,37235390,0,0,0,0,0,0,1,31,731354,102,102,30930000,0,0,0,0,0,0,0,0,0
201902,45,017,3,5,Calhoun County                ,2,2,295569,0,0,0,0,0,0,0,0,0,0,0,0,0,0,0,0,0,0,0,0,0
201902,45,019,3,5,Charleston County             ,224,224,65061418,1,2,770000,0,0,0,7,194,23365272,49,49,22242142,1,2,770000,0,0,0,0,0,0
201902,45,035,3,5,Dorchester County             ,37,37,11193000,0,0,0,0,0,0,0,0,0,36,36,11085500,0,0,0,0,0,0,0,0,0
201902,45,037,3,5,Edgefield County              ,8,8,1539322,0,0,0,0,0,0,0,0,0,0,0,0,0,0,0,0,0,0,0,0,0
201902,45,039,3,5,Fairfield County              ,4,4,913625,0,0,0,0,0,0,0,0,0,0,0,0,0,0,0,0,0,0,0,0,0
201902,45,045,3,5,Greenville County             ,297,297,72440079,0,0,0,0,0,0,1,5,176376,296,296,72278033,0,0,0,0,0,0,0,0,0
201902,45,051,3,5,Horry County                  ,288,288,53396016,0,0,0,0,0,0,2,26,1187500,223,223,34707452,0,0,0,0,0,0,0,0,0
201902,45,055,3,5,Kershaw County                ,30,30,3400808,0,0,0,0,0,0,0,0,0,30,30,3400808,0,0,0,0,0,0,0,0,0
201902,45,059,3,5,Laurens County                ,7,7,425440,0,0,0,0,0,0,0,0,0,7,7,425440,0,0,0,0,0,0,0,0,0
201902,45,063,3,5,Lexington County              ,132,132,32965544,0,0,0,0,0,0,0,0,0,2,2,214000,0,0,0,0,0,0,0,0,0
201902,45,077,3,5,Pickens County                ,48,48,12967704,0,0,0,0,0,0,2,17,2076641,20,20,2746286,0,0,0,0,0,0,0,0,0
201902,45,079,3,5,Richland County               ,162,162,22202045,0,0,0,0,0,0,2,34,1919054,30,30,5514773,0,0,0,0,0,0,0,0,0
201902,45,081,3,5,Saluda County                 ,3,3,736552,0,0,0,0,0,0,0,0,0,0,0,0,0,0,0,0,0,0,0,0,0
201902,45,085,3,5,Sumter County                 ,25,25,2827819,0,0,0,0,0,0,0,0,0,25,25,2827819,0,0,0,0,0,0,0,0,0
201902,45,091,3,5,York County                   ,192,192,61949207,0,0,0,1,3,603866,4,40,5260385,47,47,13848968,0,0,0,1,3,603866,2,11,2214172
201902,46,007,2,4,Bennett County                ,0,0,0,0,0,0,0,0,0,0,0,0,0,0,0,0,0,0,0,0,0,0,0,0
201902,46,055,2,4,Haakon County                 ,0,0,0,0,0,0,0,0,0,0,0,0,0,0,0,0,0,0,0,0,0,0,0,0
201902,46,071,2,4,Jackson County                ,0,0,0,0,0,0,0,0,0,0,0,0,0,0,0,0,0,0,0,0,0,0,0,0
201902,46,111,2,4,Sanborn County                ,0,0,0,0,0,0,0,0,0,0,0,0,0,0,0,0,0,0,0,0,0,0,0,0
201902,47,001,3,6,Anderson County               ,10,10,2226987,0,0,0,0,0,0,0,0,0,7,7,1696497,0,0,0,0,0,0,0,0,0
201902,47,015,3,6,Cannon County                 ,0,0,0,0,0,0,0,0,0,0,0,0,0,0,0,0,0,0,0,0,0,0,0,0
201902,47,021,3,6,Cheatham County               ,29,29,5206518,0,0,0,0,0,0,0,0,0,20,20,3882917,0,0,0,0,0,0,0,0,0
201902,47,037,3,6,Davidson County               ,258,258,64013754,0,0,0,5,15,1715440,8,361,39330578,257,257,62798476,0,0,0,5,15,1715440,8,361,39330578
201902,47,043,3,6,Dickson County                ,20,20,4000889,0,0,0,0,0,0,0,0,0,2,2,496000,0,0,0,0,0,0,0,0,0
201902,47,049,3,6,Fentress County               ,0,0,0,0,0,0,0,0,0,0,0,0,0,0,0,0,0,0,0,0,0,0,0,0
201902,47,081,3,6,Hickman County                ,5,5,888181,0,0,0,0,0,0,0,0,0,0,0,0,0,0,0,0,0,0,0,0,0
201902,47,093,3,6,Knox County                   ,145,145,29192897,0,0,0,0,0,0,3,55,4425212,35,35,5771749,0,0,0,0,0,0,0,0,0
201902,47,105,3,6,Loudon County                 ,34,34,7984188,0,0,0,0,0,0,0,0,0,31,31,7479698,0,0,0,0,0,0,0,0,0
201902,47,125,3,6,Montgomery County             ,95,95,16180007,0,0,0,2,8,500000,4,23,1455000,95,95,16180007,0,0,0,2,8,500000,4,23,1455000
201902,47,139,3,6,Polk County                   ,14,14,2521737,0,0,0,0,0,0,0,0,0,0,0,0,0,0,0,0,0,0,0,0,0
201902,47,149,3,6,Rutherford County             ,156,156,36505170,1,2,289900,0,0,0,1,12,819247,130,130,32513659,1,2,289900,0,0,0,0,0,0
201902,47,153,3,6,Sequatchie County             ,0,0,0,0,0,0,0,0,0,0,0,0,0,0,0,0,0,0,0,0,0,0,0,0
201902,47,157,3,6,Shelby County                 ,92,92,21749435,0,0,0,4,16,4200000,1,18,1450000,92,92,21749435,0,0,0,4,16,4200000,1,18,1450000
201902,47,159,3,6,Smith County                  ,1,1,236407,0,0,0,0,0,0,0,0,0,1,1,236407,0,0,0,0,0,0,0,0,0
201902,47,161,3,6,Stewart County                ,0,0,0,0,0,0,0,0,0,0,0,0,0,0,0,0,0,0,0,0,0,0,0,0
201902,47,165,3,6,Sumner County                 ,87,87,18961033,0,0,0,0,0,0,0,0,0,87,87,18961033,0,0,0,0,0,0,0,0,0
201902,47,167,3,6,Tipton County                 ,15,15,2948275,0,0,0,0,0,0,0,0,0,8,8,2000091,0,0,0,0,0,0,0,0,0
201902,47,169,3,6,Trousdale County              ,8,8,817000,0,0,0,0,0,0,0,0,0,8,8,817000,0,0,0,0,0,0,0,0,0
201902,47,173,3,6,Union County                  ,7,7,1027688,0,0,0,0,0,0,0,0,0,0,0,0,0,0,0,0,0,0,0,0,0
201902,47,175,3,6,Van Buren County              ,0,0,0,0,0,0,0,0,0,0,0,0,0,0,0,0,0,0,0,0,0,0,0,0
201902,47,189,3,6,Wilson County                 ,150,150,35151712,0,0,0,0,0,0,0,0,0,110,110,23165390,0,0,0,0,0,0,0,0,0
201902,48,013,3,7,Atascosa County               ,1,1,176416,0,0,0,0,0,0,0,0,0,0,0,0,0,0,0,0,0,0,0,0,0
201902,48,015,3,7,Austin County                 ,4,4,806020,0,0,0,0,0,0,0,0,0,1,1,233051,0,0,0,0,0,0,0,0,0
201902,48,019,3,7,Bandera County                ,0,0,0,0,0,0,0,0,0,0,0,0,0,0,0,0,0,0,0,0,0,0,0,0
201902,48,021,3,7,Bastrop County                ,12,12,1693732,0,0,0,0,0,0,0,0,0,1,1,195179,0,0,0,0,0,0,0,0,0
201902,48,025,3,7,Bee County                    ,0,0,0,0,0,0,0,0,0,0,0,0,0,0,0,0,0,0,0,0,0,0,0,0
201902,48,027,3,7,Bell County                   ,130,130,27244445,10,20,1685115,0,0,0,0,0,0,57,57,12648495,6,12,940000,0,0,0,0,0,0
201902,48,029,3,7,Bexar County                  ,502,502,117175641,0,0,0,3,11,786734,50,308,34728379,463,463,111690030,0,0,0,2,8,786734,48,298,32597387
201902,48,051,3,7,Burleson County               ,0,0,0,0,0,0,0,0,0,0,0,0,0,0,0,0,0,0,0,0,0,0,0,0
201902,48,055,3,7,Caldwell County               ,22,22,4251169,0,0,0,0,0,0,0,0,0,3,3,385000,0,0,0,0,0,0,0,0,0
201902,48,085,3,7,Collin County                 ,687,687,211485995,0,0,0,0,0,0,0,0,0,636,636,199931036,0,0,0,0,0,0,0,0,0
201902,48,091,3,7,Comal County                  ,178,178,40082286,9,18,1742465,0,0,0,3,67,7948407,72,72,17021297,0,0,0,0,0,0,0,0,0
201902,48,099,3,7,Coryell County                ,21,21,2061890,0,0,0,0,0,0,0,0,0,21,21,2061890,0,0,0,0,0,0,0,0,0
201902,48,107,3,7,Crosby County                 ,0,0,0,0,0,0,0,0,0,0,0,0,0,0,0,0,0,0,0,0,0,0,0,0
201902,48,113,3,7,Dallas County                 ,362,362,114695308,2,4,1254188,9,34,6173852,9,551,69350679,342,342,108527200,2,4,1254188,9,34,6173852,5,363,52006738
201902,48,119,3,7,Delta County                  ,0,0,0,0,0,0,0,0,0,0,0,0,0,0,0,0,0,0,0,0,0,0,0,0
201902,48,135,3,7,Ector County                  ,74,74,14971770,1,2,200000,0,0,0,0,0,0,74,74,14971770,1,2,200000,0,0,0,0,0,0
201902,48,139,3,7,Ellis County                  ,143,143,33727993,0,0,0,0,0,0,1,10,1702249,82,82,19266884,0,0,0,0,0,0,0,0,0
201902,48,141,3,7,El Paso County                ,201,201,41069784,2,4,387361,4,16,1766948,3,59,6825008,21,21,2975808,0,0,0,0,0,0,0,0,0
201902,48,157,3,7,Fort Bend County              ,634,634,46726944,1,2,229540,0,0,0,1,5,391292,45,45,12976343,0,0,0,0,0,0,0,0,0
201902,48,167,3,7,Galveston County              ,128,128,39446623,0,0,0,1,3,366181,0,0,0,86,86,30066218,0,0,0,0,0,0,0,0,0
201902,48,185,3,7,Grimes County                 ,3,3,325281,0,0,0,0,0,0,0,0,0,0,0,0,0,0,0,0,0,0,0,0,0
201902,48,187,3,7,Guadalupe County              ,81,81,19190069,3,6,667887,0,0,0,0,0,0,79,79,18655472,3,6,667887,0,0,0,0,0,0
201902,48,193,3,7,Hamilton County               ,0,0,0,0,0,0,0,0,0,0,0,0,0,0,0,0,0,0,0,0,0,0,0,0
201902,48,195,3,7,Hansford County               ,0,0,0,0,0,0,0,0,0,0,0,0,0,0,0,0,0,0,0,0,0,0,0,0
201902,48,201,3,7,Harris County                 ,1177,1177,269053881,5,10,1962802,0,0,0,70,1904,177030243,1172,1172,267351917,5,10,1962802,0,0,0,70,1904,177030243
201902,48,211,3,7,Hemphill County               ,0,0,0,0,0,0,0,0,0,0,0,0,0,0,0,0,0,0,0,0,0,0,0,0
201902,48,215,3,7,Hidalgo County                ,231,231,28537075,5,10,643551,10,39,4291876,4,32,2079082,184,184,23385290,3,6,393600,9,36,4140297,1,5,210000
201902,48,233,3,7,Hutchinson County             ,0,0,0,0,0,0,0,0,0,0,0,0,0,0,0,0,0,0,0,0,0,0,0,0
201902,48,251,3,7,Johnson County                ,62,62,13629664,3,6,640000,0,0,0,0,0,0,29,29,5991325,3,6,640000,0,0,0,0,0,0
201902,48,257,3,7,Kaufman County                ,30,30,7938338,0,0,0,0,0,0,0,0,0,24,24,6517533,0,0,0,0,0,0,0,0,0
201902,48,259,3,7,Kendall County                ,26,26,6944246,0,0,0,0,0,0,0,0,0,0,0,0,0,0,0,0,0,0,0,0,0
201902,48,271,3,7,Kinney County                 ,0,0,0,0,0,0,0,0,0,0,0,0,0,0,0,0,0,0,0,0,0,0,0,0
201902,48,281,3,7,Lampasas County               ,2,2,380000,0,0,0,0,0,0,0,0,0,2,2,380000,0,0,0,0,0,0,0,0,0
201902,48,291,3,7,Liberty County                ,44,44,4514699,0,0,0,0,0,0,0,0,0,0,0,0,0,0,0,0,0,0,0,0,0
201902,48,303,3,7,Lubbock County                ,116,116,25036023,1,2,244000,0,0,0,22,185,8388320,116,116,25036023,1,2,244000,0,0,0,22,185,8388320
201902,48,323,3,7,Maverick County               ,4,4,931389,0,0,0,0,0,0,0,0,0,0,0,0,0,0,0,0,0,0,0,0,0
201902,48,325,3,7,Medina County                 ,1,1,213015,0,0,0,0,0,0,0,0,0,0,0,0,0,0,0,0,0,0,0,0,0
201902,48,329,3,7,Midland County                ,88,88,15172953,0,0,0,0,0,0,0,0,0,88,88,15172953,0,0,0,0,0,0,0,0,0
201902,48,339,3,7,Montgomery County             ,417,417,92394329,0,0,0,0,0,0,0,0,0,407,407,90752778,0,0,0,0,0,0,0,0,0
201902,48,367,3,7,Parker County                 ,35,35,6940807,0,0,0,0,0,0,0,0,0,15,15,2942430,0,0,0,0,0,0,0,0,0
201902,48,375,3,7,Potter County                 ,39,39,9559720,0,0,0,0,0,0,0,0,0,39,39,9559720,0,0,0,0,0,0,0,0,0
201902,48,383,3,7,Reagan County                 ,0,0,0,0,0,0,0,0,0,0,0,0,0,0,0,0,0,0,0,0,0,0,0,0
201902,48,385,3,7,Real County                   ,0,0,0,0,0,0,0,0,0,0,0,0,0,0,0,0,0,0,0,0,0,0,0,0
201902,48,395,3,7,Robertson County              ,6,6,1383408,0,0,0,0,0,0,0,0,0,0,0,0,0,0,0,0,0,0,0,0,0
201902,48,397,3,7,Rockwall County               ,104,104,37877767,0,0,0,0,0,0,0,0,0,78,78,28639663,0,0,0,0,0,0,0,0,0
201902,48,407,3,7,San Jacinto County            ,24,24,5237538,0,0,0,0,0,0,0,0,0,0,0,0,0,0,0,0,0,0,0,0,0
201902,48,411,3,7,San Saba County               ,0,0,0,0,0,0,0,0,0,0,0,0,0,0,0,0,0,0,0,0,0,0,0,0
201902,48,451,3,7,Tom Green County              ,20,20,3924000,0,0,0,0,0,0,0,0,0,20,20,3924000,0,0,0,0,0,0,0,0,0
201902,48,453,3,7,Travis County                 ,701,701,163553799,0,0,0,0,0,0,20,747,53191370,651,651,149088595,0,0,0,0,0,0,20,747,53191370
201902,48,473,3,7,Waller County                 ,0,0,0,0,0,0,0,0,0,1,5,110903,0,0,0,0,0,0,0,0,0,0,0,0
201902,48,491,3,7,Williamson County             ,335,335,91020726,0,0,0,0,0,0,0,0,0,312,312,85694575,0,0,0,0,0,0,0,0,0
201902,48,493,3,7,Wilson County                 ,4,4,810009,0,0,0,0,0,0,0,0,0,0,0,0,0,0,0,0,0,0,0,0,0
201902,48,497,3,7,Wise County                   ,6,6,1375467,0,0,0,0,0,0,0,0,0,2,2,395174,0,0,0,0,0,0,0,0,0
201902,49,011,4,8,Davis County                  ,124,124,30017572,0,0,0,1,3,554141,1,10,747434,121,121,29336001,0,0,0,0,0,0,0,0,0
201902,49,023,4,8,Juab County                   ,4,4,1411079,0,0,0,0,0,0,0,0,0,2,2,872474,0,0,0,0,0,0,0,0,0
201902,49,029,4,8,Morgan County                 ,5,5,1906422,0,0,0,0,0,0,0,0,0,4,4,1601486,0,0,0,0,0,0,0,0,0
201902,49,035,4,8,Salt Lake County              ,232,232,59190421,4,8,851442,3,9,1600798,6,132,17209832,138,138,34193086,3,6,576000,1,3,578226,2,84,10769000
201902,49,039,4,8,Sanpete County                ,1,1,188891,0,0,0,0,0,0,0,0,0,1,1,188891,0,0,0,0,0,0,0,0,0
201902,49,043,4,8,Summit County                 ,12,12,6399689,0,0,0,0,0,0,1,5,854284,2,2,570356,0,0,0,0,0,0,0,0,0
201902,49,057,4,8,Weber County                  ,33,33,8421038,0,0,0,3,11,1624968,9,86,8252433,28,28,7006999,0,0,0,3,11,1624968,9,86,8252433
201902,51,003,3,5,Albemarle County              ,48,48,14887797,0,0,0,0,0,0,1,18,2023710,0,0,0,0,0,0,0,0,0,0,0,0
201902,51,007,3,5,Amelia County                 ,4,4,715430,0,0,0,0,0,0,0,0,0,0,0,0,0,0,0,0,0,0,0,0,0
201902,51,009,3,5,Amherst County                ,2,2,510000,0,0,0,0,0,0,0,0,0,2,2,510000,0,0,0,0,0,0,0,0,0
201902,51,013,3,5,Arlington County              ,15,15,5993453,0,0,0,0,0,0,1,252,15848063,0,0,0,0,0,0,0,0,0,0,0,0
201902,51,015,3,5,Augusta County                ,17,17,3107153,1,2,143333,0,0,0,0,0,0,0,0,0,0,0,0,0,0,0,0,0,0
201902,51,019,3,5,Bedford County                ,13,13,3371028,0,0,0,1,3,630000,0,0,0,0,0,0,0,0,0,0,0,0,0,0,0
201902,51,033,3,5,Caroline County               ,6,6,1177708,0,0,0,0,0,0,0,0,0,0,0,0,0,0,0,0,0,0,0,0,0
201902,51,036,3,5,Charles City County           ,2,2,324892,0,0,0,0,0,0,0,0,0,0,0,0,0,0,0,0,0,0,0,0,0
201902,51,037,3,5,Charlotte County              ,1,1,216042,0,0,0,0,0,0,0,0,0,0,0,0,0,0,0,0,0,0,0,0,0
201902,51,041,3,5,Chesterfield County           ,113,113,22055227,0,0,0,4,15,1862225,3,18,2559855,113,113,22055227,0,0,0,4,15,1862225,3,18,2559855
201902,51,043,3,5,Clarke County                 ,3,3,948012,0,0,0,0,0,0,0,0,0,3,3,948012,0,0,0,0,0,0,0,0,0
201902,51,049,3,5,Cumberland County             ,2,2,364874,0,0,0,0,0,0,0,0,0,0,0,0,0,0,0,0,0,0,0,0,0
201902,51,051,3,5,Dickenson County              ,0,0,0,0,0,0,0,0,0,0,0,0,0,0,0,0,0,0,0,0,0,0,0,0
201902,51,053,3,5,Dinwiddie County              ,6,6,863277,0,0,0,0,0,0,0,0,0,0,0,0,0,0,0,0,0,0,0,0,0
201902,51,059,3,5,Fairfax County                ,88,88,20867401,10,20,365000,0,0,0,1,32,5600000,88,88,20867401,10,20,365000,0,0,0,1,32,5600000
201902,51,061,3,5,Fauquier County               ,30,30,9772977,0,0,0,0,0,0,0,0,0,0,0,0,0,0,0,0,0,0,0,0,0
201902,51,069,3,5,Frederick County              ,35,35,7499600,0,0,0,4,13,1419000,2,96,1600000,35,35,7499600,0,0,0,4,13,1419000,2,96,1600000
201902,51,073,3,5,Gloucester County             ,14,14,2562198,0,0,0,0,0,0,0,0,0,0,0,0,0,0,0,0,0,0,0,0,0
201902,51,075,3,5,Goochland County              ,22,22,5645677,0,0,0,0,0,0,0,0,0,22,22,5645677,0,0,0,0,0,0,0,0,0
201902,51,085,3,5,Hanover County                ,44,44,8587876,0,0,0,0,0,0,0,0,0,44,44,8587876,0,0,0,0,0,0,0,0,0
201902,51,087,3,5,Henrico County                ,71,71,13042428,6,12,412500,0,0,0,0,0,0,71,71,13042428,6,12,412500,0,0,0,0,0,0
201902,51,093,3,5,Isle of Wight County          ,14,14,2720632,0,0,0,0,0,0,0,0,0,0,0,0,0,0,0,0,0,0,0,0,0
201902,51,095,3,5,James City County             ,21,21,4964545,0,0,0,0,0,0,0,0,0,21,21,4964545,0,0,0,0,0,0,0,0,0
201902,51,097,3,5,King and Queen County         ,1,1,325000,0,0,0,0,0,0,0,0,0,1,1,325000,0,0,0,0,0,0,0,0,0
201902,51,099,3,5,King George County            ,7,7,1366253,0,0,0,0,0,0,0,0,0,7,7,1366253,0,0,0,0,0,0,0,0,0
201902,51,107,3,5,Loudoun County                ,205,205,48463417,0,0,0,0,0,0,1,10,120000,205,205,48463417,0,0,0,0,0,0,1,10,120000
201902,51,109,3,5,Louisa County                 ,17,17,3506922,0,0,0,0,0,0,0,0,0,0,0,0,0,0,0,0,0,0,0,0,0
201902,51,115,3,5,Mathews County                ,0,0,0,0,0,0,0,0,0,0,0,0,0,0,0,0,0,0,0,0,0,0,0,0
201902,51,127,3,5,New Kent County               ,11,11,2146969,0,0,0,0,0,0,0,0,0,11,11,2146969,0,0,0,0,0,0,0,0,0
201902,51,139,3,5,Page County                   ,2,2,360000,0,0,0,0,0,0,0,0,0,2,2,360000,0,0,0,0,0,0,0,0,0
201902,51,145,3,5,Powhatan County               ,20,20,4018934,0,0,0,0,0,0,0,0,0,20,20,4018934,0,0,0,0,0,0,0,0,0
201902,51,149,3,5,Prince George County          ,6,6,745000,0,0,0,0,0,0,0,0,0,6,6,745000,0,0,0,0,0,0,0,0,0
201902,51,153,3,5,Prince William County         ,84,84,17223519,0,0,0,0,0,0,1,81,8900000,84,84,17223519,0,0,0,0,0,0,1,81,8900000
201902,51,165,3,5,Rockingham County             ,15,15,5893635,0,0,0,0,0,0,0,0,0,15,15,5893635,0,0,0,0,0,0,0,0,0
201902,51,175,3,5,Southampton County            ,2,2,322438,0,0,0,0,0,0,0,0,0,2,2,322438,0,0,0,0,0,0,0,0,0
201902,51,177,3,5,Spotsylvania County           ,30,30,8727406,0,0,0,0,0,0,0,0,0,30,30,8727406,0,0,0,0,0,0,0,0,0
201902,51,179,3,5,Stafford County               ,54,54,17119635,0,0,0,0,0,0,0,0,0,54,54,17119635,0,0,0,0,0,0,0,0,0
201902,51,181,3,5,Surry County                  ,2,2,338606,0,0,0,0,0,0,0,0,0,0,0,0,0,0,0,0,0,0,0,0,0
201902,51,183,3,5,Sussex County                 ,3,3,264005,0,0,0,0,0,0,0,0,0,3,3,264005,0,0,0,0,0,0,0,0,0
201902,51,187,3,5,Warren County                 ,9,9,2099000,0,0,0,0,0,0,0,0,0,9,9,2099000,0,0,0,0,0,0,0,0,0
201902,51,199,3,5,York County                   ,18,18,3834525,0,0,0,0,0,0,0,0,0,18,18,3834525,0,0,0,0,0,0,0,0,0
201902,51,510,3,5,Alexandria (Independent City) ,2,2,900000,0,0,0,0,0,0,0,0,0,2,2,900000,0,0,0,0,0,0,0,0,0
201902,51,540,3,5,Charlottesville (Independent C,6,6,912891,2,4,775000,0,0,0,0,0,0,6,6,912891,2,4,775000,0,0,0,0,0,0
201902,51,550,3,5,Chesapeake(Independent City)  ,36,36,8510649,0,0,0,0,0,0,0,0,0,36,36,8510649,0,0,0,0,0,0,0,0,0
201902,51,570,3,5,Colonial Heights (Independent ,0,0,0,0,0,0,0,0,0,0,0,0,0,0,0,0,0,0,0,0,0,0,0,0
201902,51,580,3,5,Covington (Independent City)  ,0,0,0,0,0,0,0,0,0,0,0,0,0,0,0,0,0,0,0,0,0,0,0,0
201902,51,600,3,5,Fairfax (Independent City)    ,2,2,360294,0,0,0,0,0,0,1,5,600000,0,0,0,0,0,0,0,0,0,0,0,0
201902,51,610,3,5,Falls Church (Independent City,0,0,0,0,0,0,0,0,0,0,0,0,0,0,0,0,0,0,0,0,0,0,0,0
201902,51,630,3,5,Fredericksburg(Independent Cit,1,1,275000,0,0,0,0,0,0,0,0,0,1,1,275000,0,0,0,0,0,0,0,0,0
201902,51,650,3,5,Hampton (Independent City)    ,14,14,874645,0,0,0,0,0,0,0,0,0,0,0,0,0,0,0,0,0,0,0,0,0
201902,51,660,3,5,Harrisonburg (Independent City,2,2,325000,0,0,0,0,0,0,0,0,0,2,2,325000,0,0,0,0,0,0,0,0,0
201902,51,670,3,5,Hopewell (Independent City)   ,4,4,365919,0,0,0,0,0,0,0,0,0,0,0,0,0,0,0,0,0,0,0,0,0
201902,51,680,3,5,Lynchburg (Independent City)  ,2,2,375000,0,0,0,0,0,0,4,172,12600000,2,2,375000,0,0,0,0,0,0,4,172,12600000
201902,51,683,3,5,Manassas (Independent City)   ,0,0,0,0,0,0,0,0,0,0,0,0,0,0,0,0,0,0,0,0,0,0,0,0
201902,51,685,3,5,Manassas Park (Independent Cit,0,0,0,0,0,0,0,0,0,0,0,0,0,0,0,0,0,0,0,0,0,0,0,0
201902,51,700,3,5,Newport News (Independent City,4,4,730250,0,0,0,0,0,0,0,0,0,4,4,730250,0,0,0,0,0,0,0,0,0
201902,51,710,3,5,Norfolk (Independent City)    ,31,31,7328614,1,2,400000,0,0,0,2,72,10000000,31,31,7328614,1,2,400000,0,0,0,2,72,10000000
201902,51,730,3,5,Petersburg (Independent City) ,0,0,0,0,0,0,0,0,0,0,0,0,0,0,0,0,0,0,0,0,0,0,0,0
201902,51,735,3,5,Poquoson (Independent City)   ,2,2,323000,0,0,0,0,0,0,0,0,0,2,2,323000,0,0,0,0,0,0,0,0,0
201902,51,740,3,5,Portsmouth (Independent City) ,10,10,900000,0,0,0,0,0,0,0,0,0,10,10,900000,0,0,0,0,0,0,0,0,0
201902,51,760,3,5,Richmond (Independent City)   ,13,13,2537327,0,0,0,0,0,0,1,9,503701,13,13,2537327,0,0,0,0,0,0,1,9,503701
201902,51,800,3,5,Suffolk (Independent City)    ,14,14,3309697,0,0,0,0,0,0,0,0,0,14,14,3309697,0,0,0,0,0,0,0,0,0
201902,51,810,3,5,Virginia Beach (Independent Ci,50,50,9644331,0,0,0,0,0,0,1,8,2840000,50,50,9644331,0,0,0,0,0,0,1,8,2840000
201902,51,830,3,5,Williamsburg (Independent City,0,0,0,0,0,0,0,0,0,0,0,0,0,0,0,0,0,0,0,0,0,0,0,0
201902,53,005,4,9,Benton County                 ,54,54,16511454,1,2,405100,0,0,0,1,5,492580,10,10,2958535,0,0,0,0,0,0,0,0,0
201902,53,011,4,9,Clark County                  ,187,187,55491583,1,2,354670,0,0,0,8,219,22114205,171,171,51203572,0,0,0,0,0,0,7,214,21569875
201902,53,021,4,9,Franklin County               ,38,38,9979489,1,2,173640,0,0,0,0,0,0,6,6,1817877,0,0,0,0,0,0,0,0,0
201902,53,031,4,9,Jefferson County              ,12,12,2802572,0,0,0,0,0,0,0,0,0,8,8,2140812,0,0,0,0,0,0,0,0,0
201902,53,033,4,9,King County                   ,241,241,90470960,11,22,4992531,13,45,7958096,12,103,10724057,161,161,56862641,11,22,4992531,12,41,7376720,11,98,10092582
201902,53,035,4,9,Kitsap County                 ,69,69,23082818,0,0,0,0,0,0,0,0,0,61,61,21093999,0,0,0,0,0,0,0,0,0
201902,53,053,4,9,Pierce County                 ,156,156,45956251,2,4,784998,4,15,3888312,0,0,0,153,153,44960607,2,4,784998,4,15,3888312,0,0,0
201902,53,055,4,9,San Juan County               ,7,7,1576698,0,0,0,0,0,0,0,0,0,7,7,1576698,0,0,0,0,0,0,0,0,0
201902,53,059,4,9,Skamania County               ,1,1,221108,0,0,0,0,0,0,0,0,0,1,1,221108,0,0,0,0,0,0,0,0,0
201902,53,061,4,9,Snohomish County              ,135,135,37624667,3,6,1420894,5,16,3888926,3,16,2309947,102,102,27226359,3,6,1420894,5,16,3888926,1,6,1220424
201902,54,011,3,5,Cabell County                 ,4,4,655048,0,0,0,0,0,0,0,0,0,0,0,0,0,0,0,0,0,0,0,0,0
201902,54,015,3,5,Clay County                   ,0,0,0,0,0,0,0,0,0,0,0,0,0,0,0,0,0,0,0,0,0,0,0,0
201902,54,019,3,5,Fayette County                ,0,0,0,0,0,0,0,0,0,0,0,0,0,0,0,0,0,0,0,0,0,0,0,0
201902,54,037,3,5,Jefferson County              ,15,15,4199140,0,0,0,0,0,0,0,0,0,12,12,3416624,0,0,0,0,0,0,0,0,0
201902,54,081,3,5,Raleigh County                ,1,1,210935,0,0,0,0,0,0,0,0,0,1,1,210935,0,0,0,0,0,0,0,0,0
201902,55,025,2,3,Dane County                   ,74,74,25468737,2,4,1034150,1,3,447000,3,157,20669634,60,60,21548530,2,4,1034150,0,0,0,1,112,16124764
201902,55,031,2,3,Douglas County                ,1,1,95000,0,0,0,0,0,0,0,0,0,1,1,95000,0,0,0,0,0,0,0,0,0
201902,55,037,2,3,Florence County               ,1,1,164000,0,0,0,0,0,0,0,0,0,1,1,164000,0,0,0,0,0,0,0,0,0
201902,55,049,2,3,Iowa County                   ,1,1,280000,0,0,0,0,0,0,0,0,0,0,0,0,0,0,0,0,0,0,0,0,0
201902,55,059,2,3,Kenosha County                ,15,15,4417001,0,0,0,0,0,0,0,0,0,13,13,3861300,0,0,0,0,0,0,0,0,0
201902,55,079,2,3,Milwaukee County              ,16,16,5241246,1,2,278179,0,0,0,0,0,0,16,16,5241246,1,2,278179,0,0,0,0,0,0
201902,55,089,2,3,Ozaukee County                ,14,14,4515561,0,0,0,0,0,0,1,5,704301,7,7,1896630,0,0,0,0,0,0,0,0,0
201902,55,093,2,3,Pierce County                 ,5,5,970525,0,0,0,0,0,0,0,0,0,4,4,833650,0,0,0,0,0,0,0,0,0
201902,55,109,2,3,St. Croix County              ,22,22,3964995,2,4,525000,0,0,0,0,0,0,20,20,3369680,2,4,525000,0,0,0,0,0,0
201902,55,131,2,3,Washington County             ,16,16,5022938,0,0,0,0,0,0,0,0,0,11,11,3360222,0,0,0,0,0,0,0,0,0
201902,56,029,4,8,Park County                   ,6,6,1384167,0,0,0,0,0,0,0,0,0,3,3,855535,0,0,0,0,0,0,0,0,0
201902,56,039,4,8,Teton County                  ,6,6,16844530,1,2,623319,0,0,0,1,5,1040398,5,5,16327000,0,0,0,0,0,0,0,0,0
