Survey,FIPS,FIPS,Region,Division,County,,1-unit,,,2-units,,,3-4 units,,,5+ units,,,1-unit rep,,,2-units rep,,,3-4 units rep,,, 5+units rep
Date,State,County,Code,Code,Name,Bldgs,Units,Value,Bldgs,Units,Value,Bldgs,Units,Value,Bldgs,Units,Value,Bldgs,Units,Value,Bldgs,Units,Value,Bldgs,Units,Value,Bldgs,Units,Value
 
201907,01,001,3,6,Autauga County                ,21,21,5733125,0,0,0,0,0,0,0,0,0,21,21,5733125,0,0,0,0,0,0,0,0,0
201907,01,007,3,6,Bibb County                   ,0,0,0,0,0,0,0,0,0,0,0,0,0,0,0,0,0,0,0,0,0,0,0,0
201907,01,009,3,6,Blount County                 ,2,2,474914,0,0,0,0,0,0,0,0,0,2,2,474914,0,0,0,0,0,0,0,0,0
201907,01,021,3,6,Chilton County                ,1,1,230000,0,0,0,0,0,0,0,0,0,1,1,230000,0,0,0,0,0,0,0,0,0
201907,01,073,3,6,Jefferson County              ,145,145,45908334,1,2,247329,0,0,0,2,19,2010566,115,115,39156829,0,0,0,0,0,0,0,0,0
201907,01,081,3,6,Lee County                    ,126,126,34169461,0,0,0,0,0,0,0,0,0,126,126,34169461,0,0,0,0,0,0,0,0,0
201907,01,083,3,6,Limestone County              ,18,18,4116851,0,0,0,0,0,0,0,0,0,18,18,4116851,0,0,0,0,0,0,0,0,0
201907,01,089,3,6,Madison County                ,270,270,43228556,0,0,0,0,0,0,0,0,0,270,270,43228556,0,0,0,0,0,0,0,0,0
201907,01,113,3,6,Russell County                ,12,12,1951922,0,0,0,0,0,0,0,0,0,12,12,1951922,0,0,0,0,0,0,0,0,0
201907,01,115,3,6,St. Clair County              ,22,22,4301252,0,0,0,0,0,0,0,0,0,14,14,2919010,0,0,0,0,0,0,0,0,0
201907,01,117,3,6,Shelby County                 ,82,82,19717075,0,0,0,0,0,0,0,0,0,21,21,5062016,0,0,0,0,0,0,0,0,0
201907,01,127,3,6,Walker County                 ,0,0,0,0,0,0,0,0,0,0,0,0,0,0,0,0,0,0,0,0,0,0,0,0
201907,02,013,4,9,Aleutians East Borough        ,0,0,0,0,0,0,0,0,0,0,0,0,0,0,0,0,0,0,0,0,0,0,0,0
201907,02,016,4,9,Aleutians West Census Area    ,1,1,98118,0,0,0,0,0,0,0,0,0,0,0,0,0,0,0,0,0,0,0,0,0
201907,02,020,4,9,Anchorage Municipality        ,79,79,24748303,0,0,0,1,4,694790,2,14,2213338,0,0,0,0,0,0,0,0,0,0,0,0
201907,02,050,4,9,Bethel Census Area            ,5,5,1414175,0,0,0,0,0,0,0,0,0,5,5,1414175,0,0,0,0,0,0,0,0,0
201907,02,060,4,9,Bristol Bay Borough           ,0,0,0,0,0,0,0,0,0,0,0,0,0,0,0,0,0,0,0,0,0,0,0,0
201907,02,070,4,9,Dillingham Census Area        ,0,0,0,0,0,0,0,0,0,0,0,0,0,0,0,0,0,0,0,0,0,0,0,0
201907,02,090,4,9,Fairbanks North Star Borough  ,4,4,1377952,0,0,0,2,8,1114084,0,0,0,4,4,1377952,0,0,0,2,8,1114084,0,0,0
201907,02,100,4,9,Haines Borough                ,1,1,160842,0,0,0,0,0,0,0,0,0,0,0,0,0,0,0,0,0,0,0,0,0
201907,02,105,4,9,Hoonah-Angoon Census Area     ,0,0,0,0,0,0,0,0,0,0,0,0,0,0,0,0,0,0,0,0,0,0,0,0
201907,02,110,4,9,Juneau City and Borough       ,10,10,1986116,0,0,0,0,0,0,0,0,0,10,10,1986116,0,0,0,0,0,0,0,0,0
201907,02,122,4,9,Kenai Peninsula Borough       ,4,4,1265449,0,0,0,0,0,0,0,0,0,2,2,850000,0,0,0,0,0,0,0,0,0
201907,02,130,4,9,Ketchikan Gateway Borough     ,5,5,1414175,0,0,0,0,0,0,0,0,0,5,5,1414175,0,0,0,0,0,0,0,0,0
201907,02,150,4,9,Kodiak Island Borough         ,2,2,1123257,0,0,0,0,0,0,1,20,4527884,2,2,1123257,0,0,0,0,0,0,1,20,4527884
201907,02,170,4,9,Matanuska-Susitna Borough     ,6,6,1652207,3,6,1025905,0,0,0,0,0,0,1,1,219044,0,0,0,0,0,0,0,0,0
201907,02,180,4,9,Nome Census Area              ,0,0,0,0,0,0,0,0,0,0,0,0,0,0,0,0,0,0,0,0,0,0,0,0
201907,02,185,4,9,North Slope Borough           ,0,0,0,0,0,0,0,0,0,0,0,0,0,0,0,0,0,0,0,0,0,0,0,0
201907,02,188,4,9,Northwest Arctic Borough      ,3,3,1225670,0,0,0,0,0,0,0,0,0,2,2,565670,0,0,0,0,0,0,0,0,0
201907,02,195,4,9,Petersburg Borough            ,0,0,0,0,0,0,0,0,0,0,0,0,0,0,0,0,0,0,0,0,0,0,0,0
201907,02,198,4,9,Prince of Wales-Hyder Census A,0,0,0,1,2,345783,0,0,0,0,0,0,0,0,0,1,2,345783,0,0,0,0,0,0
201907,02,220,4,9,Sitka City and Borough        ,1,1,264847,0,0,0,0,0,0,0,0,0,0,0,0,0,0,0,0,0,0,0,0,0
201907,02,230,4,9,Skagway Municipality          ,1,1,183400,1,2,200000,0,0,0,0,0,0,0,0,0,0,0,0,0,0,0,0,0,0
201907,02,261,4,9,Valdez-Cordova Census Area    ,2,2,667571,0,0,0,0,0,0,0,0,0,1,1,350000,0,0,0,0,0,0,0,0,0
201907,02,275,4,9,Wrangell City and Borough     ,2,2,230000,0,0,0,0,0,0,0,0,0,2,2,230000,0,0,0,0,0,0,0,0,0
201907,02,282,4,9,Yakutat City and Borough      ,0,0,0,0,0,0,0,0,0,0,0,0,0,0,0,0,0,0,0,0,0,0,0,0
201907,02,290,4,9,Yukon-Koyukuk Census Area     ,0,0,0,0,0,0,0,0,0,0,0,0,0,0,0,0,0,0,0,0,0,0,0,0
201907,04,013,4,8,Maricopa County               ,1863,1863,534623558,16,32,10324263,6,18,4002186,16,688,153853904,1837,1837,527837878,15,30,10045616,6,18,4002186,15,552,129790419
201907,04,019,4,8,Pima County                   ,303,303,88205115,0,0,0,1,3,214500,4,94,13807044,35,35,14608449,0,0,0,0,0,0,0,0,0
201907,04,021,4,8,Pinal County                  ,430,430,88440691,2,4,239083,0,0,0,0,0,0,418,418,86072589,2,4,239083,0,0,0,0,0,0
201907,05,013,3,7,Calhoun County                ,0,0,0,0,0,0,0,0,0,0,0,0,0,0,0,0,0,0,0,0,0,0,0,0
201907,05,035,3,7,Crittenden County             ,0,0,0,0,0,0,0,0,0,0,0,0,0,0,0,0,0,0,0,0,0,0,0,0
201907,05,043,3,7,Drew County                   ,0,0,0,0,0,0,0,0,0,0,0,0,0,0,0,0,0,0,0,0,0,0,0,0
201907,05,045,3,7,Faulkner County               ,23,23,5746782,1,2,151790,0,0,0,1,7,196797,4,4,1328000,0,0,0,0,0,0,0,0,0
201907,05,053,3,7,Grant County                  ,2,2,311517,0,0,0,0,0,0,0,0,0,0,0,0,0,0,0,0,0,0,0,0,0
201907,05,085,3,7,Lonoke County                 ,30,30,3937409,2,4,240000,0,0,0,0,0,0,17,17,2818085,2,4,240000,0,0,0,0,0,0
201907,05,087,3,7,Madison County                ,0,0,0,0,0,0,0,0,0,0,0,0,0,0,0,0,0,0,0,0,0,0,0,0
201907,05,091,3,7,Miller County                 ,3,3,645705,0,0,0,0,0,0,0,0,0,0,0,0,0,0,0,0,0,0,0,0,0
201907,05,105,3,7,Perry County                  ,0,0,0,0,0,0,0,0,0,0,0,0,0,0,0,0,0,0,0,0,0,0,0,0
201907,05,119,3,7,Pulaski County                ,52,52,13310168,0,0,0,0,0,0,1,24,1000000,52,52,13310168,0,0,0,0,0,0,1,24,1000000
201907,05,129,3,7,Searcy County                 ,0,0,0,0,0,0,0,0,0,0,0,0,0,0,0,0,0,0,0,0,0,0,0,0
201907,05,143,3,7,Washington County             ,148,148,36214602,2,4,684851,0,0,0,7,120,11723431,121,121,32440455,1,2,472451,0,0,0,7,120,11723431
201907,06,001,4,9,Alameda County                ,98,98,28449211,0,0,0,1,3,856711,5,34,7351322,34,34,6831280,0,0,0,0,0,0,1,8,1773536
201907,06,013,4,9,Contra Costa County           ,145,145,49260769,0,0,0,0,0,0,1,22,882896,128,128,42598953,0,0,0,0,0,0,0,0,0
201907,06,017,4,9,El Dorado County              ,35,35,10516025,0,0,0,0,0,0,0,0,0,35,35,10516025,0,0,0,0,0,0,0,0,0
201907,06,019,4,9,Fresno County                 ,199,199,59562450,3,6,1273909,2,7,588090,5,51,4777719,38,38,12008119,0,0,0,0,0,0,0,0,0
201907,06,037,4,9,Los Angeles County            ,401,401,146165060,54,108,20417925,7,23,5889878,24,1802,664691043,316,316,102210066,53,106,20112942,6,20,5175717,18,1752,658128131
201907,06,041,4,9,Marin County                  ,14,14,9966163,0,0,0,0,0,0,0,0,0,10,10,6161891,0,0,0,0,0,0,0,0,0
201907,06,059,4,9,Orange County                 ,310,310,90226295,13,26,6133896,4,15,3280256,6,243,32145635,267,267,74240567,11,22,4800539,3,11,2400000,4,177,18952833
201907,06,061,4,9,Placer County                 ,201,201,67273852,0,0,0,0,0,0,0,0,0,201,201,67273852,0,0,0,0,0,0,0,0,0
201907,06,063,4,9,Plumas County                 ,4,4,1085411,0,0,0,0,0,0,0,0,0,4,4,1085411,0,0,0,0,0,0,0,0,0
201907,06,067,4,9,Sacramento County             ,277,277,87011295,17,34,5970996,0,0,0,9,292,36941861,275,275,86559887,17,34,5970996,0,0,0,9,292,36941861
201907,06,069,4,9,San Benito County             ,50,50,18913047,0,0,0,0,0,0,0,0,0,44,44,15669018,0,0,0,0,0,0,0,0,0
201907,06,071,4,9,San Bernardino County         ,384,384,101553125,0,0,0,2,8,729628,5,124,18164029,371,371,98190616,0,0,0,2,8,729628,3,110,17124662
201907,06,073,4,9,San Diego County              ,292,292,81139724,0,0,0,6,23,4762124,5,56,8113295,265,265,73466754,0,0,0,5,20,4643266,2,20,2650880
201907,06,075,4,9,San Francisco County          ,5,5,1389675,1,2,339849,0,0,0,1,96,35000000,5,5,1389675,1,2,339849,0,0,0,1,96,35000000
201907,06,081,4,9,San Mateo County              ,26,26,26315312,1,2,740000,0,0,0,2,29,7085491,14,14,19782515,0,0,0,0,0,0,0,0,0
201907,06,085,4,9,Santa Clara County            ,153,153,51476371,1,2,549480,0,0,0,6,507,84887337,93,93,28344195,0,0,0,0,0,0,2,347,50823059
201907,06,091,4,9,Sierra County                 ,2,2,416267,0,0,0,0,0,0,0,0,0,2,2,416267,0,0,0,0,0,0,0,0,0
201907,06,113,4,9,Yolo County                   ,79,79,23191821,0,0,0,0,0,0,0,0,0,76,76,22209105,0,0,0,0,0,0,0,0,0
201907,08,001,4,8,Adams County                  ,226,226,59007222,0,0,0,0,0,0,0,0,0,226,226,59007222,0,0,0,0,0,0,0,0,0
201907,08,005,4,8,Arapahoe County               ,230,230,61041624,1,2,247333,2,6,1445010,1,216,42262202,229,229,57803513,0,0,0,2,6,1445010,1,216,42262202
201907,08,014,4,8,Broomfield County             ,26,26,8767669,0,0,0,0,0,0,0,0,0,26,26,8767669,0,0,0,0,0,0,0,0,0
201907,08,015,4,8,Chaffee County                ,14,14,3709057,0,0,0,0,0,0,0,0,0,0,0,0,0,0,0,0,0,0,0,0,0
201907,08,019,4,8,Clear Creek County            ,2,2,519117,0,0,0,0,0,0,1,5,727085,0,0,0,0,0,0,0,0,0,0,0,0
201907,08,031,4,8,Denver County                 ,212,212,58922240,0,0,0,0,0,0,2,390,50168159,212,212,58922240,0,0,0,0,0,0,2,390,50168159
201907,08,035,4,8,Douglas County                ,241,241,75053109,0,0,0,0,0,0,3,18,2051104,234,234,72546434,0,0,0,0,0,0,3,18,2051104
201907,08,039,4,8,Elbert County                 ,27,27,8322236,0,0,0,0,0,0,0,0,0,27,27,8322236,0,0,0,0,0,0,0,0,0
201907,08,041,4,8,El Paso County                ,323,323,124613638,16,32,2483326,0,0,0,0,0,0,322,322,124498638,16,32,2483326,0,0,0,0,0,0
201907,08,047,4,8,Gilpin County                 ,10,10,2779351,0,0,0,0,0,0,0,0,0,10,10,2779351,0,0,0,0,0,0,0,0,0
201907,08,059,4,8,Jefferson County              ,61,61,21769084,0,0,0,0,0,0,0,0,0,61,61,21769084,0,0,0,0,0,0,0,0,0
201907,08,069,4,8,Larimer County                ,204,204,55460732,2,4,675105,4,16,1600000,3,18,4059088,204,204,55460732,2,4,675105,4,16,1600000,3,18,4059088
201907,08,077,4,8,Mesa County                   ,56,56,7937387,0,0,0,0,0,0,0,0,0,56,56,7937387,0,0,0,0,0,0,0,0,0
201907,08,093,4,8,Park County                   ,17,17,4341978,0,0,0,0,0,0,0,0,0,17,17,4341978,0,0,0,0,0,0,0,0,0
201907,08,101,4,8,Pueblo County                 ,40,40,6812251,0,0,0,0,0,0,0,0,0,40,40,6812251,0,0,0,0,0,0,0,0,0
201907,08,119,4,8,Teller County                 ,18,18,5564027,0,0,0,0,0,0,0,0,0,18,18,5564027,0,0,0,0,0,0,0,0,0
201907,09,001,1,1,Fairfield County              ,64,64,42013272,1,2,530000,2,7,1366416,3,95,33503366,42,42,22267903,1,2,530000,2,7,1366416,1,85,30017000
201907,09,003,1,1,Hartford County               ,51,51,7590943,1,2,391000,0,0,0,4,46,3324004,38,38,5340942,1,2,391000,0,0,0,1,26,1642000
201907,09,007,1,1,Middlesex County              ,14,14,3290301,0,0,0,2,6,410000,0,0,0,9,9,2163000,0,0,0,2,6,410000,0,0,0
201907,09,013,1,1,Tolland County                ,15,15,3426028,1,2,173200,0,0,0,3,15,1611808,8,8,1759175,0,0,0,0,0,0,0,0,0
201907,10,001,3,5,Kent County                   ,118,118,16679939,0,0,0,0,0,0,1,5,484822,116,116,16251464,0,0,0,0,0,0,0,0,0
201907,10,003,3,5,New Castle County             ,115,115,11173754,0,0,0,0,0,0,1,5,470254,3,3,1024185,0,0,0,0,0,0,0,0,0
201907,10,005,3,5,Sussex County                 ,338,338,47013532,4,8,1374590,3,12,1426846,4,23,3168982,338,338,47013532,4,8,1374590,3,12,1426846,4,23,3168982
201907,11,001,3,5,Washington  DC                ,9,9,2137110,3,6,671047,0,0,0,6,982,110224590,9,9,2137110,3,6,671047,0,0,0,6,982,110224590
201907,12,003,3,5,Baker County                  ,19,19,3256335,0,0,0,0,0,0,0,0,0,19,19,3256335,0,0,0,0,0,0,0,0,0
201907,12,019,3,5,Clay County                   ,157,157,32386188,0,0,0,0,0,0,0,0,0,157,157,32386188,0,0,0,0,0,0,0,0,0
201907,12,029,3,5,Dixie County                  ,3,3,378970,0,0,0,0,0,0,0,0,0,0,0,0,0,0,0,0,0,0,0,0,0
201907,12,031,3,5,Duval County                  ,432,432,103594219,4,8,894730,0,0,0,2,486,54551070,423,423,100738630,4,8,894730,0,0,0,2,486,54551070
201907,12,033,3,5,Escambia County               ,111,111,26357694,6,12,1845831,0,0,0,0,0,0,111,111,26357694,6,12,1845831,0,0,0,0,0,0
201907,12,053,3,5,Hernando County               ,101,101,18349336,0,0,0,0,0,0,0,0,0,101,101,18349336,0,0,0,0,0,0,0,0,0
201907,12,057,3,5,Hillsborough County           ,692,692,234997951,1,2,155000,0,0,0,3,276,44744694,692,692,234997951,1,2,155000,0,0,0,3,276,44744694
201907,12,067,3,5,Lafayette County              ,1,1,125792,0,0,0,0,0,0,0,0,0,0,0,0,0,0,0,0,0,0,0,0,0
201907,12,071,3,5,Lee County                    ,536,536,111288332,10,20,2519440,4,16,4905309,4,106,9238676,536,536,111288332,10,20,2519440,4,16,4905309,4,106,9238676
201907,12,073,3,5,Leon County                   ,62,62,12183505,1,2,221600,0,0,0,4,100,12564342,0,0,0,0,0,0,0,0,0,0,0,0
201907,12,081,3,5,Manatee County                ,309,309,69857297,0,0,0,0,0,0,4,100,8605904,292,292,67146744,0,0,0,0,0,0,2,24,1449280
201907,12,086,3,5,Miami-Dade County             ,185,185,52036552,27,54,10878779,0,0,0,16,370,36428767,163,163,45090570,27,54,10878779,0,0,0,15,357,34969582
201907,12,089,3,5,Nassau County                 ,85,85,26851369,0,0,0,0,0,0,0,0,0,85,85,26851369,0,0,0,0,0,0,0,0,0
201907,12,091,3,5,Okaloosa County               ,84,84,24562642,0,0,0,0,0,0,1,5,276583,81,81,23869767,0,0,0,0,0,0,0,0,0
201907,12,095,3,5,Orange County                 ,538,538,155729759,9,18,3439403,0,0,0,5,130,37736705,504,504,144139674,9,18,3439403,0,0,0,5,130,37736705
201907,12,097,3,5,Osceola County                ,440,440,114986561,0,0,0,0,0,0,18,1415,130100402,440,440,114986561,0,0,0,0,0,0,18,1415,130100402
201907,12,101,3,5,Pasco County                  ,363,363,75592995,3,6,744347,1,3,203928,5,32,1224456,360,360,75172126,2,4,464347,1,3,203928,4,27,793206
201907,12,103,3,5,Pinellas County               ,107,107,26628763,0,0,0,0,0,0,1,10,3773499,97,97,23031545,0,0,0,0,0,0,1,10,3773499
201907,12,109,3,5,St. Johns County              ,361,361,86796122,0,0,0,1,4,731654,11,335,23349454,361,361,86796122,0,0,0,1,4,731654,11,335,23349454
201907,12,113,3,5,Santa Rosa County             ,102,102,16966538,0,0,0,0,0,0,0,0,0,102,102,16966538,0,0,0,0,0,0,0,0,0
201907,12,115,3,5,Sarasota County               ,284,284,86777998,1,2,648840,8,24,26705346,1,32,4327784,262,262,80154668,1,2,648840,8,24,26705346,0,0,0
201907,12,117,3,5,Seminole County               ,117,117,41817966,0,0,0,0,0,0,0,0,0,114,114,40381962,0,0,0,0,0,0,0,0,0
201907,12,119,3,5,Sumter County                 ,214,214,58737044,0,0,0,0,0,0,0,0,0,214,214,58737044,0,0,0,0,0,0,0,0,0
201907,12,129,3,5,Wakulla County                ,30,30,5678685,0,0,0,0,0,0,0,0,0,30,30,5678685,0,0,0,0,0,0,0,0,0
201907,12,131,3,5,Walton County                 ,126,126,58597964,0,0,0,0,0,0,0,0,0,126,126,58597964,0,0,0,0,0,0,0,0,0
201907,12,133,3,5,Washington County             ,4,4,512616,0,0,0,0,0,0,0,0,0,0,0,0,0,0,0,0,0,0,0,0,0
201907,13,007,3,5,Baker County                  ,0,0,0,0,0,0,0,0,0,0,0,0,0,0,0,0,0,0,0,0,0,0,0,0
201907,13,013,3,5,Barrow County                 ,88,88,11756240,0,0,0,0,0,0,0,0,0,88,88,11756240,0,0,0,0,0,0,0,0,0
201907,13,015,3,5,Bartow County                 ,68,68,12129033,0,0,0,0,0,0,1,17,1943751,54,54,7751548,0,0,0,0,0,0,0,0,0
201907,13,021,3,5,Bibb County                   ,13,13,2228062,0,0,0,0,0,0,0,0,0,0,0,0,0,0,0,0,0,0,0,0,0
201907,13,029,3,5,Bryan County                  ,64,64,14706774,0,0,0,0,0,0,0,0,0,64,64,14706774,0,0,0,0,0,0,0,0,0
201907,13,033,3,5,Burke County                  ,6,6,1437000,0,0,0,0,0,0,0,0,0,6,6,1437000,0,0,0,0,0,0,0,0,0
201907,13,035,3,5,Butts County                  ,4,4,1747500,0,0,0,0,0,0,0,0,0,4,4,1747500,0,0,0,0,0,0,0,0,0
201907,13,045,3,5,Carroll County                ,95,95,22211554,0,0,0,0,0,0,0,0,0,95,95,22211554,0,0,0,0,0,0,0,0,0
201907,13,051,3,5,Chatham County                ,89,89,20614437,0,0,0,0,0,0,0,0,0,29,29,7521108,0,0,0,0,0,0,0,0,0
201907,13,057,3,5,Cherokee County               ,162,162,50771837,0,0,0,0,0,0,0,0,0,162,162,50771837,0,0,0,0,0,0,0,0,0
201907,13,059,3,5,Clarke County                 ,19,19,3895014,0,0,0,6,20,1832064,0,0,0,19,19,3895014,0,0,0,6,20,1832064,0,0,0
201907,13,063,3,5,Clayton County                ,40,40,7241082,0,0,0,0,0,0,0,0,0,18,18,4274221,0,0,0,0,0,0,0,0,0
201907,13,067,3,5,Cobb County                   ,141,141,33250126,3,6,1218146,2,7,1730465,3,20,3841836,124,124,30098312,3,6,1218146,2,7,1730465,3,20,3841836
201907,13,073,3,5,Columbia County               ,101,101,18317504,3,6,1145328,1,3,281600,11,298,26575744,101,101,18317504,3,6,1145328,1,3,281600,11,298,26575744
201907,13,077,3,5,Coweta County                 ,79,79,29547709,0,0,0,0,0,0,2,41,3649168,45,45,18238284,0,0,0,0,0,0,0,0,0
201907,13,085,3,5,Dawson County                 ,38,38,6874984,0,0,0,0,0,0,0,0,0,3,3,481797,0,0,0,0,0,0,0,0,0
201907,13,095,3,5,Dougherty County              ,2,2,580000,0,0,0,0,0,0,0,0,0,2,2,580000,0,0,0,0,0,0,0,0,0
201907,13,097,3,5,Douglas County                ,37,37,7729889,0,0,0,0,0,0,0,0,0,37,37,7729889,0,0,0,0,0,0,0,0,0
201907,13,111,3,5,Fannin County                 ,17,17,3483259,0,0,0,0,0,0,0,0,0,17,17,3483259,0,0,0,0,0,0,0,0,0
201907,13,113,3,5,Fayette County                ,62,62,18923947,0,0,0,0,0,0,0,0,0,58,58,17372452,0,0,0,0,0,0,0,0,0
201907,13,115,3,5,Floyd County                  ,17,17,2534625,0,0,0,0,0,0,0,0,0,17,17,2534625,0,0,0,0,0,0,0,0,0
201907,13,117,3,5,Forsyth County                ,110,110,19838358,0,0,0,0,0,0,0,0,0,110,110,19838358,0,0,0,0,0,0,0,0,0
201907,13,121,3,5,Fulton County                 ,281,281,72956317,0,0,0,3,9,1208451,14,94,10551030,134,134,34574044,0,0,0,3,9,1208451,14,94,10551030
201907,13,127,3,5,Glynn County                  ,24,24,11341042,2,4,600000,0,0,0,0,0,0,24,24,11341042,2,4,600000,0,0,0,0,0,0
201907,13,135,3,5,Gwinnett County               ,325,325,83188555,0,0,0,0,0,0,0,0,0,317,317,80873431,0,0,0,0,0,0,0,0,0
201907,13,143,3,5,Haralson County               ,5,5,1090936,1,2,175000,0,0,0,0,0,0,0,0,0,0,0,0,0,0,0,0,0,0
201907,13,145,3,5,Harris County                 ,26,26,6585020,0,0,0,0,0,0,0,0,0,26,26,6585020,0,0,0,0,0,0,0,0,0
201907,13,149,3,5,Heard County                  ,3,3,712370,0,0,0,0,0,0,0,0,0,3,3,712370,0,0,0,0,0,0,0,0,0
201907,13,151,3,5,Henry County                  ,162,162,32889707,0,0,0,0,0,0,0,0,0,162,162,32889707,0,0,0,0,0,0,0,0,0
201907,13,159,3,5,Jasper County                 ,6,6,803844,0,0,0,0,0,0,0,0,0,0,0,0,0,0,0,0,0,0,0,0,0
201907,13,171,3,5,Lamar County                  ,8,8,970440,0,0,0,0,0,0,0,0,0,8,8,970440,0,0,0,0,0,0,0,0,0
201907,13,177,3,5,Lee County                    ,12,12,1123775,0,0,0,0,0,0,0,0,0,12,12,1123775,0,0,0,0,0,0,0,0,0
201907,13,179,3,5,Liberty County                ,19,19,4744943,0,0,0,0,0,0,0,0,0,19,19,4744943,0,0,0,0,0,0,0,0,0
201907,13,189,3,5,McDuffie County               ,3,3,662000,0,0,0,0,0,0,0,0,0,3,3,662000,0,0,0,0,0,0,0,0,0
201907,13,199,3,5,Meriwether County             ,5,5,1176714,0,0,0,0,0,0,0,0,0,0,0,0,0,0,0,0,0,0,0,0,0
201907,13,201,3,5,Miller County                 ,0,0,0,0,0,0,0,0,0,0,0,0,0,0,0,0,0,0,0,0,0,0,0,0
201907,13,207,3,5,Monroe County                 ,13,13,209531,0,0,0,0,0,0,0,0,0,0,0,0,0,0,0,0,0,0,0,0,0
201907,13,215,3,5,Muscogee County               ,29,29,5640043,0,0,0,1,4,246187,2,14,2629884,0,0,0,0,0,0,0,0,0,0,0,0
201907,13,217,3,5,Newton County                 ,52,52,8828889,0,0,0,0,0,0,0,0,0,52,52,8828889,0,0,0,0,0,0,0,0,0
201907,13,227,3,5,Pickens County                ,22,22,6525259,0,0,0,0,0,0,0,0,0,21,21,6373926,0,0,0,0,0,0,0,0,0
201907,13,231,3,5,Pike County                   ,12,12,2400000,0,0,0,0,0,0,0,0,0,0,0,0,0,0,0,0,0,0,0,0,0
201907,13,235,3,5,Pulaski County                ,1,1,110000,0,0,0,0,0,0,0,0,0,1,1,110000,0,0,0,0,0,0,0,0,0
201907,13,245,3,5,Richmond County               ,33,33,5270659,0,0,0,0,0,0,1,14,857449,2,2,240000,0,0,0,0,0,0,0,0,0
201907,13,247,3,5,Rockdale County               ,21,21,6340739,0,0,0,0,0,0,0,0,0,21,21,6340739,0,0,0,0,0,0,0,0,0
201907,13,255,3,5,Spalding County               ,24,24,3500527,0,0,0,0,0,0,0,0,0,24,24,3500527,0,0,0,0,0,0,0,0,0
201907,13,275,3,5,Thomas County                 ,6,6,1249845,0,0,0,0,0,0,0,0,0,3,3,570723,0,0,0,0,0,0,0,0,0
201907,13,291,3,5,Union County                  ,18,18,5280136,0,0,0,0,0,0,0,0,0,18,18,5280136,0,0,0,0,0,0,0,0,0
201907,15,001,4,9,Hawaii County                 ,102,102,31663911,0,0,0,0,0,0,0,0,0,0,0,0,0,0,0,0,0,0,0,0,0
201907,15,003,4,9,Honolulu County               ,90,90,36009631,0,0,0,0,0,0,0,0,0,90,90,36009631,0,0,0,0,0,0,0,0,0
201907,15,007,4,9,Kauai County                  ,17,17,7122840,0,0,0,0,0,0,0,0,0,17,17,7122840,0,0,0,0,0,0,0,0,0
201907,15,009,4,9,Maui County                   ,61,61,16530853,0,0,0,0,0,0,0,0,0,61,61,16530853,0,0,0,0,0,0,0,0,0
201907,16,001,4,8,Ada County                    ,391,391,110229342,0,0,0,4,14,2241529,26,415,45069282,152,152,47038644,0,0,0,3,11,2025789,18,308,34716357
201907,16,015,4,8,Boise County                  ,7,7,2266320,0,0,0,0,0,0,0,0,0,6,6,2113550,0,0,0,0,0,0,0,0,0
201907,16,027,4,8,Canyon County                 ,179,179,29052816,3,6,646758,4,16,2555138,2,40,4087903,88,88,14934199,2,4,500259,2,8,848000,1,30,3000000
201907,16,045,4,8,Gem County                    ,16,16,2463814,0,0,0,1,4,392897,0,0,0,16,16,2463814,0,0,0,1,4,392897,0,0,0
201907,16,073,4,8,Owyhee County                 ,7,7,1380970,1,2,160254,0,0,0,0,0,0,5,5,1009169,1,2,160254,0,0,0,0,0,0
201907,17,005,2,3,Bond County                   ,1,1,176208,0,0,0,0,0,0,0,0,0,0,0,0,0,0,0,0,0,0,0,0,0
201907,17,013,2,3,Calhoun County                ,1,1,151336,0,0,0,0,0,0,0,0,0,0,0,0,0,0,0,0,0,0,0,0,0
201907,17,031,2,3,Cook County                   ,136,136,45905060,10,20,4734600,19,61,12481070,12,921,94401178,98,98,30696168,9,18,4219600,18,58,12078875,10,909,93079250
201907,17,037,2,3,DeKalb County                 ,10,10,2704678,0,0,0,1,4,700000,0,0,0,8,8,2431500,0,0,0,1,4,700000,0,0,0
201907,17,039,2,3,De Witt County                ,3,3,690000,0,0,0,0,0,0,0,0,0,3,3,690000,0,0,0,0,0,0,0,0,0
201907,17,043,2,3,DuPage County                 ,68,68,30385536,0,0,0,0,0,0,3,22,2438260,59,59,26372348,0,0,0,0,0,0,2,17,2319661
201907,17,063,2,3,Grundy County                 ,7,7,1787174,0,0,0,0,0,0,1,5,256410,6,6,1626625,0,0,0,0,0,0,0,0,0
201907,17,083,2,3,Jersey County                 ,3,3,389147,0,0,0,0,0,0,0,0,0,2,2,233538,0,0,0,0,0,0,0,0,0
201907,17,093,2,3,Kendall County                ,34,34,5734715,3,6,781465,0,0,0,1,16,1262857,24,24,3955298,0,0,0,0,0,0,0,0,0
201907,17,097,2,3,Lake County                   ,52,52,17281479,0,0,0,0,0,0,1,5,517858,39,39,12369485,0,0,0,0,0,0,0,0,0
201907,17,111,2,3,McHenry County                ,58,58,9507755,0,0,0,0,0,0,1,6,90000,52,52,8266594,0,0,0,0,0,0,0,0,0
201907,17,119,2,3,Madison County                ,25,25,5609352,1,2,181924,8,32,2463640,0,0,0,20,20,4509388,1,2,181924,8,32,2463640,0,0,0
201907,17,133,2,3,Monroe County                 ,8,8,1937253,0,0,0,0,0,0,0,0,0,8,8,1937253,0,0,0,0,0,0,0,0,0
201907,17,197,2,3,Will County                   ,151,151,37768217,0,0,0,1,4,800000,0,0,0,129,129,33181704,0,0,0,1,4,800000,0,0,0
201907,18,003,2,3,Allen County                  ,116,116,31404934,0,0,0,0,0,0,0,0,0,116,116,31404934,0,0,0,0,0,0,0,0,0
201907,18,011,2,3,Boone County                  ,34,34,11640773,0,0,0,0,0,0,0,0,0,34,34,11640773,0,0,0,0,0,0,0,0,0
201907,18,013,2,3,Brown County                  ,8,8,2165858,0,0,0,0,0,0,0,0,0,8,8,2165858,0,0,0,0,0,0,0,0,0
201907,18,019,2,3,Clark County                  ,52,52,12563763,0,0,0,0,0,0,0,0,0,40,40,9722697,0,0,0,0,0,0,0,0,0
201907,18,047,2,3,Franklin County               ,6,6,1488500,0,0,0,0,0,0,0,0,0,6,6,1488500,0,0,0,0,0,0,0,0,0
201907,18,057,2,3,Hamilton County               ,215,215,67989384,0,0,0,0,0,0,7,51,4123040,214,214,67668203,0,0,0,0,0,0,7,51,4123040
201907,18,059,2,3,Hancock County                ,69,69,17579548,0,0,0,0,0,0,0,0,0,69,69,17579548,0,0,0,0,0,0,0,0,0
201907,18,061,2,3,Harrison County               ,8,8,2336000,0,0,0,0,0,0,0,0,0,8,8,2336000,0,0,0,0,0,0,0,0,0
201907,18,063,2,3,Hendricks County              ,85,85,23015897,0,0,0,0,0,0,6,36,2637875,59,59,16725798,0,0,0,0,0,0,6,36,2637875
201907,18,069,2,3,Huntington County             ,6,6,1114291,0,0,0,0,0,0,0,0,0,6,6,1114291,0,0,0,0,0,0,0,0,0
201907,18,073,2,3,Jasper County                 ,18,18,4469892,1,2,290559,0,0,0,0,0,0,17,17,4355448,1,2,290559,0,0,0,0,0,0
201907,18,081,2,3,Johnson County                ,85,85,23633304,0,0,0,0,0,0,0,0,0,82,82,23286597,0,0,0,0,0,0,0,0,0
201907,18,087,2,3,Lagrange County               ,13,13,2722000,0,0,0,0,0,0,0,0,0,13,13,2722000,0,0,0,0,0,0,0,0,0
201907,18,089,2,3,Lake County                   ,127,127,32638315,1,2,114900,0,0,0,0,0,0,120,120,30688963,1,2,114900,0,0,0,0,0,0
201907,18,097,2,3,Marion County                 ,140,140,37711913,1,2,373940,1,4,728824,2,10,1500000,140,140,37711913,1,2,373940,1,4,728824,2,10,1500000
201907,18,105,2,3,Monroe County                 ,21,21,5685376,0,0,0,0,0,0,1,159,18468168,21,21,5685376,0,0,0,0,0,0,1,159,18468168
201907,18,109,2,3,Morgan County                 ,36,36,7147499,0,0,0,0,0,0,0,0,0,36,36,7147499,0,0,0,0,0,0,0,0,0
201907,18,111,2,3,Newton County                 ,2,2,305000,0,0,0,0,0,0,0,0,0,2,2,305000,0,0,0,0,0,0,0,0,0
201907,18,115,2,3,Ohio County                   ,0,0,0,0,0,0,0,0,0,0,0,0,0,0,0,0,0,0,0,0,0,0,0,0
201907,18,119,2,3,Owen County                   ,4,4,1034212,0,0,0,0,0,0,0,0,0,0,0,0,0,0,0,0,0,0,0,0,0
201907,18,127,2,3,Porter County                 ,37,37,9442891,2,4,575000,0,0,0,0,0,0,28,28,7875340,2,4,575000,0,0,0,0,0,0
201907,18,133,2,3,Putnam County                 ,10,10,2338867,0,0,0,0,0,0,0,0,0,8,8,2049393,0,0,0,0,0,0,0,0,0
201907,18,145,2,3,Shelby County                 ,2,2,295859,0,0,0,0,0,0,0,0,0,2,2,295859,0,0,0,0,0,0,0,0,0
201907,18,151,2,3,Steuben County                ,12,12,3334386,0,0,0,0,0,0,0,0,0,12,12,3334386,0,0,0,0,0,0,0,0,0
201907,18,157,2,3,Tippecanoe County             ,37,37,8929360,0,0,0,0,0,0,2,14,1626063,0,0,0,0,0,0,0,0,0,0,0,0
201907,18,163,2,3,Vanderburgh County            ,17,17,3730893,1,2,200000,0,0,0,0,0,0,17,17,3730893,1,2,200000,0,0,0,0,0,0
201907,18,167,2,3,Vigo County                   ,3,3,424229,3,6,990000,0,0,0,0,0,0,0,0,0,2,4,810000,0,0,0,0,0,0
201907,18,175,2,3,Washington County             ,7,7,1677044,0,0,0,0,0,0,0,0,0,0,0,0,0,0,0,0,0,0,0,0,0
201907,18,183,2,3,Whitley County                ,33,33,4522595,0,0,0,0,0,0,0,0,0,33,33,4522595,0,0,0,0,0,0,0,0,0
201907,19,049,2,4,Dallas County                 ,59,59,18652821,0,0,0,0,0,0,1,5,460526,56,56,17701951,0,0,0,0,0,0,0,0,0
201907,19,085,2,4,Harrison County               ,3,3,1015090,0,0,0,0,0,0,0,0,0,2,2,800000,0,0,0,0,0,0,0,0,0
201907,19,129,2,4,Mills County                  ,1,1,200000,2,4,450000,0,0,0,0,0,0,1,1,200000,2,4,450000,0,0,0,0,0,0
201907,19,153,2,4,Polk County                   ,198,198,55412926,2,4,1106320,0,0,0,2,113,14312914,195,195,54802203,2,4,1106320,0,0,0,2,113,14312914
201907,19,181,2,4,Warren County                 ,46,46,11386183,0,0,0,0,0,0,0,0,0,44,44,10903350,0,0,0,0,0,0,0,0,0
201907,20,061,2,4,Geary County                  ,1,1,254333,0,0,0,0,0,0,0,0,0,0,0,0,0,0,0,0,0,0,0,0,0
201907,20,091,2,4,Johnson County                ,187,187,65060909,2,4,726000,5,17,3400000,1,12,1597433,177,177,60281262,2,4,726000,5,17,3400000,1,12,1597433
201907,20,103,2,4,Leavenworth County            ,34,34,8137900,0,0,0,0,0,0,0,0,0,34,34,8137900,0,0,0,0,0,0,0,0,0
201907,20,107,2,4,Linn County                   ,4,4,235273,0,0,0,0,0,0,0,0,0,2,2,40000,0,0,0,0,0,0,0,0,0
201907,20,121,2,4,Miami County                  ,7,7,2126542,0,0,0,2,8,848000,0,0,0,1,1,239000,0,0,0,2,8,848000,0,0,0
201907,20,209,2,4,Wyandotte County              ,15,15,2963299,1,2,192348,0,0,0,0,0,0,0,0,0,0,0,0,0,0,0,0,0,0
201907,21,005,3,6,Anderson County               ,6,6,1479958,0,0,0,0,0,0,0,0,0,6,6,1479958,0,0,0,0,0,0,0,0,0
201907,21,015,3,6,Boone County                  ,42,42,7009280,0,0,0,0,0,0,0,0,0,42,42,7009280,0,0,0,0,0,0,0,0,0
201907,21,017,3,6,Bourbon County                ,3,3,875000,0,0,0,0,0,0,0,0,0,3,3,875000,0,0,0,0,0,0,0,0,0
201907,21,021,3,6,Boyle County                  ,0,0,0,0,0,0,0,0,0,0,0,0,0,0,0,0,0,0,0,0,0,0,0,0
201907,21,029,3,6,Bullitt County                ,28,28,7009506,0,0,0,0,0,0,0,0,0,28,28,7009506,0,0,0,0,0,0,0,0,0
201907,21,035,3,6,Calloway County               ,1,1,398700,0,0,0,4,16,638000,0,0,0,1,1,398700,0,0,0,4,16,638000,0,0,0
201907,21,037,3,6,Campbell County               ,12,12,7236160,0,0,0,0,0,0,0,0,0,12,12,7236160,0,0,0,0,0,0,0,0,0
201907,21,045,3,6,Casey County                  ,0,0,0,0,0,0,0,0,0,0,0,0,0,0,0,0,0,0,0,0,0,0,0,0
201907,21,047,3,6,Christian County              ,7,7,588600,0,0,0,0,0,0,1,5,700000,4,4,375000,0,0,0,0,0,0,1,5,700000
201907,21,049,3,6,Clark County                  ,5,5,1179039,0,0,0,0,0,0,1,5,346250,0,0,0,0,0,0,0,0,0,0,0,0
201907,21,067,3,6,Fayette County                ,67,67,12237031,0,0,0,0,0,0,3,93,4260188,0,0,0,0,0,0,0,0,0,0,0,0
201907,21,069,3,6,Fleming County                ,0,0,0,0,0,0,0,0,0,0,0,0,0,0,0,0,0,0,0,0,0,0,0,0
201907,21,077,3,6,Gallatin County               ,2,2,448477,0,0,0,0,0,0,0,0,0,0,0,0,0,0,0,0,0,0,0,0,0
201907,21,081,3,6,Grant County                  ,5,5,1218000,0,0,0,0,0,0,0,0,0,5,5,1218000,0,0,0,0,0,0,0,0,0
201907,21,091,3,6,Hancock County                ,0,0,0,0,0,0,0,0,0,0,0,0,0,0,0,0,0,0,0,0,0,0,0,0
201907,21,099,3,6,Hart County                   ,0,0,0,0,0,0,0,0,0,0,0,0,0,0,0,0,0,0,0,0,0,0,0,0
201907,21,101,3,6,Henderson County              ,4,4,1030800,0,0,0,0,0,0,0,0,0,4,4,1030800,0,0,0,0,0,0,0,0,0
201907,21,103,3,6,Henry County                  ,0,0,0,0,0,0,0,0,0,0,0,0,0,0,0,0,0,0,0,0,0,0,0,0
201907,21,111,3,6,Jefferson County              ,107,107,34341660,0,0,0,0,0,0,8,187,25016363,0,0,0,0,0,0,0,0,0,0,0,0
201907,21,113,3,6,Jessamine County              ,13,13,4161646,0,0,0,1,3,502500,0,0,0,6,6,3053000,0,0,0,0,0,0,0,0,0
201907,21,115,3,6,Johnson County                ,0,0,0,0,0,0,0,0,0,0,0,0,0,0,0,0,0,0,0,0,0,0,0,0
201907,21,117,3,6,Kenton County                 ,33,33,10158135,0,0,0,0,0,0,0,0,0,33,33,10158135,0,0,0,0,0,0,0,0,0
201907,21,121,3,6,Knox County                   ,0,0,0,0,0,0,0,0,0,0,0,0,0,0,0,0,0,0,0,0,0,0,0,0
201907,21,123,3,6,Larue County                  ,2,2,474913,0,0,0,0,0,0,0,0,0,2,2,474913,0,0,0,0,0,0,0,0,0
201907,21,137,3,6,Lincoln County                ,5,5,522873,0,0,0,0,0,0,0,0,0,0,0,0,0,0,0,0,0,0,0,0,0
201907,21,145,3,6,McCracken County              ,26,26,5375272,0,0,0,0,0,0,1,5,605398,23,23,4531167,0,0,0,0,0,0,0,0,0
201907,21,151,3,6,Madison County                ,16,16,1718024,3,6,252996,0,0,0,2,17,868572,3,3,580000,2,4,140000,0,0,0,1,12,700000
201907,21,157,3,6,Marshall County               ,7,7,1236200,4,8,1040000,0,0,0,0,0,0,7,7,1236200,4,8,1040000,0,0,0,0,0,0
201907,21,161,3,6,Mason County                  ,1,1,140000,0,0,0,0,0,0,0,0,0,1,1,140000,0,0,0,0,0,0,0,0,0
201907,21,163,3,6,Meade County                  ,14,14,3288500,1,2,380000,0,0,0,0,0,0,14,14,3288500,1,2,380000,0,0,0,0,0,0
201907,21,167,3,6,Mercer County                 ,4,4,681011,0,0,0,0,0,0,0,0,0,0,0,0,0,0,0,0,0,0,0,0,0
201907,21,175,3,6,Morgan County                 ,2,2,150000,0,0,0,0,0,0,0,0,0,0,0,0,0,0,0,0,0,0,0,0,0
201907,21,179,3,6,Nelson County                 ,27,27,4446874,3,6,500000,1,3,110000,0,0,0,27,27,4446874,3,6,500000,1,3,110000,0,0,0
201907,21,185,3,6,Oldham County                 ,22,22,7616973,0,0,0,0,0,0,0,0,0,0,0,0,0,0,0,0,0,0,0,0,0
201907,21,191,3,6,Pendleton County              ,0,0,0,0,0,0,0,0,0,0,0,0,0,0,0,0,0,0,0,0,0,0,0,0
201907,21,209,3,6,Scott County                  ,30,30,5943071,3,6,875769,0,0,0,1,12,801989,0,0,0,0,0,0,0,0,0,0,0,0
201907,21,211,3,6,Shelby County                 ,21,21,5633331,0,0,0,0,0,0,0,0,0,21,21,5633331,0,0,0,0,0,0,0,0,0
201907,21,213,3,6,Simpson County                ,17,17,2345825,0,0,0,0,0,0,2,28,2169440,17,17,2345825,0,0,0,0,0,0,2,28,2169440
201907,21,215,3,6,Spencer County                ,11,11,2612024,0,0,0,0,0,0,0,0,0,11,11,2612024,0,0,0,0,0,0,0,0,0
201907,21,221,3,6,Trigg County                  ,0,0,0,1,2,187145,0,0,0,0,0,0,0,0,0,1,2,187145,0,0,0,0,0,0
201907,21,239,3,6,Woodford County               ,9,9,2726080,0,0,0,0,0,0,2,54,3200000,9,9,2726080,0,0,0,0,0,0,2,54,3200000
201907,22,005,3,7,Ascension Parish              ,101,101,16801005,0,0,0,0,0,0,0,0,0,25,25,5349900,0,0,0,0,0,0,0,0,0
201907,22,015,3,7,Bossier Parish                ,56,56,11476937,0,0,0,0,0,0,0,0,0,56,56,11476937,0,0,0,0,0,0,0,0,0
201907,22,017,3,7,Caddo Parish                  ,33,33,7909081,0,0,0,0,0,0,0,0,0,33,33,7909081,0,0,0,0,0,0,0,0,0
201907,22,031,3,7,De Soto Parish                ,6,6,1707775,0,0,0,0,0,0,0,0,0,1,1,237457,0,0,0,0,0,0,0,0,0
201907,22,033,3,7,East Baton Rouge Parish       ,139,139,33986646,0,0,0,0,0,0,0,0,0,138,138,33854846,0,0,0,0,0,0,0,0,0
201907,22,037,3,7,East Feliciana Parish         ,8,8,1639181,0,0,0,0,0,0,0,0,0,8,8,1639181,0,0,0,0,0,0,0,0,0
201907,22,047,3,7,Iberville Parish              ,7,7,1696912,0,0,0,0,0,0,0,0,0,0,0,0,0,0,0,0,0,0,0,0,0
201907,22,051,3,7,Jefferson Parish              ,50,50,12732983,0,0,0,0,0,0,0,0,0,48,48,12352312,0,0,0,0,0,0,0,0,0
201907,22,055,3,7,Lafayette Parish              ,87,87,21184515,0,0,0,0,0,0,0,0,0,23,23,4769679,0,0,0,0,0,0,0,0,0
201907,22,063,3,7,Livingston Parish             ,74,74,14395530,0,0,0,0,0,0,0,0,0,4,4,733000,0,0,0,0,0,0,0,0,0
201907,22,071,3,7,Orleans Parish                ,47,47,10586042,8,16,1654158,0,0,0,1,53,10930866,0,0,0,0,0,0,0,0,0,0,0,0
201907,22,075,3,7,Plaquemines Parish            ,4,4,1720000,0,0,0,0,0,0,0,0,0,4,4,1720000,0,0,0,0,0,0,0,0,0
201907,22,077,3,7,Pointe Coupee Parish          ,3,3,865756,0,0,0,0,0,0,0,0,0,3,3,865756,0,0,0,0,0,0,0,0,0
201907,22,087,3,7,St. Bernard Parish            ,15,15,2449000,0,0,0,0,0,0,0,0,0,15,15,2449000,0,0,0,0,0,0,0,0,0
201907,22,089,3,7,St. Charles Parish            ,20,20,4749134,0,0,0,0,0,0,0,0,0,20,20,4749134,0,0,0,0,0,0,0,0,0
201907,22,091,3,7,St. Helena Parish             ,3,3,539712,0,0,0,0,0,0,0,0,0,0,0,0,0,0,0,0,0,0,0,0,0
201907,22,095,3,7,St. John the Baptist Parish   ,4,4,662612,0,0,0,0,0,0,0,0,0,0,0,0,0,0,0,0,0,0,0,0,0
201907,22,099,3,7,St. Martin Parish             ,15,15,2801297,0,0,0,0,0,0,0,0,0,0,0,0,0,0,0,0,0,0,0,0,0
201907,22,103,3,7,St. Tammany Parish            ,158,158,35147529,0,0,0,0,0,0,0,0,0,154,154,33578122,0,0,0,0,0,0,0,0,0
201907,22,109,3,7,Terrebonne Parish             ,11,11,2820854,1,2,155556,1,3,261750,0,0,0,0,0,0,0,0,0,0,0,0,0,0,0
201907,22,121,3,7,West Baton Rouge Parish       ,22,22,3667622,0,0,0,0,0,0,0,0,0,21,21,3576560,0,0,0,0,0,0,0,0,0
201907,22,125,3,7,West Feliciana Parish         ,4,4,1476611,0,0,0,0,0,0,0,0,0,1,1,366085,0,0,0,0,0,0,0,0,0
201907,23,000,1,1,Maine Unorganized Territory   ,8,8,1062402,0,0,0,0,0,0,0,0,0,0,0,0,0,0,0,0,0,0,0,0,0
201907,24,003,3,5,Anne Arundel County           ,168,168,39564848,0,0,0,0,0,0,0,0,0,163,163,38705443,0,0,0,0,0,0,0,0,0
201907,24,005,3,5,Baltimore County              ,63,63,14959772,0,0,0,0,0,0,0,0,0,63,63,14959772,0,0,0,0,0,0,0,0,0
201907,24,009,3,5,Calvert County                ,19,19,4511677,0,0,0,0,0,0,0,0,0,19,19,4511677,0,0,0,0,0,0,0,0,0
201907,24,013,3,5,Carroll County                ,35,35,8310985,0,0,0,0,0,0,0,0,0,35,35,8310985,0,0,0,0,0,0,0,0,0
201907,24,015,3,5,Cecil County                  ,22,22,4423990,0,0,0,0,0,0,0,0,0,22,22,4423990,0,0,0,0,0,0,0,0,0
201907,24,017,3,5,Charles County                ,104,104,24375578,0,0,0,0,0,0,6,80,11036133,97,97,23236190,0,0,0,0,0,0,6,80,11036133
201907,24,021,3,5,Frederick County              ,91,91,23296538,12,24,3300000,0,0,0,0,0,0,91,91,23296538,12,24,3300000,0,0,0,0,0,0
201907,24,023,3,5,Garrett County                ,8,8,4318000,0,0,0,0,0,0,0,0,0,8,8,4318000,0,0,0,0,0,0,0,0,0
201907,24,025,3,5,Harford County                ,70,70,16720271,0,0,0,0,0,0,0,0,0,70,70,16720271,0,0,0,0,0,0,0,0,0
201907,24,027,3,5,Howard County                 ,37,37,8785898,0,0,0,0,0,0,0,0,0,37,37,8785898,0,0,0,0,0,0,0,0,0
201907,24,031,3,5,Montgomery County             ,70,70,15279249,0,0,0,1,4,500000,3,19,1700000,70,70,15279249,0,0,0,1,4,500000,3,19,1700000
201907,24,033,3,5,Prince George County          ,160,160,38063776,0,0,0,0,0,0,0,0,0,157,157,37280702,0,0,0,0,0,0,0,0,0
201907,24,035,3,5,Queen Anne County             ,32,32,7045159,0,0,0,1,4,500000,0,0,0,32,32,7045159,0,0,0,1,4,500000,0,0,0
201907,24,037,3,5,St. Marys County              ,60,60,10229900,0,0,0,0,0,0,0,0,0,60,60,10229900,0,0,0,0,0,0,0,0,0
201907,24,039,3,5,Somerset County               ,3,3,542991,0,0,0,0,0,0,0,0,0,1,1,120000,0,0,0,0,0,0,0,0,0
201907,24,045,3,5,Wicomico County               ,17,17,2616949,0,0,0,0,0,0,1,5,439865,17,17,2616949,0,0,0,0,0,0,1,5,439865
201907,24,510,3,5,Baltimore (Independent City)  ,9,9,1417975,0,0,0,0,0,0,1,131,19851662,0,0,0,0,0,0,0,0,0,0,0,0
201907,25,005,1,1,Bristol County                ,49,49,11706364,4,8,795900,0,0,0,0,0,0,19,19,5174900,3,6,580000,0,0,0,0,0,0
201907,25,009,1,1,Essex County                  ,63,63,19726208,4,8,1608098,0,0,0,2,10,1617460,52,52,16207261,1,2,530000,0,0,0,0,0,0
201907,25,017,1,1,Middlesex County              ,116,116,43627618,5,10,1980520,1,3,625525,9,124,18745507,47,47,21056198,0,0,0,0,0,0,0,0,0
201907,25,021,1,1,Norfolk County                ,56,56,24634828,3,6,930000,0,0,0,5,40,4022619,28,28,12378080,2,4,575000,0,0,0,0,0,0
201907,25,023,1,1,Plymouth County               ,109,109,24444903,1,2,316160,1,3,570000,1,5,717742,79,79,17156909,1,2,316160,1,3,570000,0,0,0
201907,25,025,1,1,Suffolk County                ,8,8,2012217,3,6,1600000,4,12,2750000,14,443,58093167,7,7,1836861,3,6,1600000,4,12,2750000,12,431,55605593
201907,26,000,2,3,Michigan Balance of State     ,6,6,1126335,0,0,0,0,0,0,0,0,0,0,0,0,0,0,0,0,0,0,0,0,0
201907,26,019,2,3,Benzie County                 ,6,6,1644707,0,0,0,0,0,0,0,0,0,0,0,0,0,0,0,0,0,0,0,0,0
201907,26,029,2,3,Charlevoix County             ,10,10,2543644,1,2,226390,0,0,0,0,0,0,0,0,0,0,0,0,0,0,0,0,0,0
201907,26,089,2,3,Leelanau County               ,18,18,5636910,0,0,0,0,0,0,0,0,0,18,18,5636910,0,0,0,0,0,0,0,0,0
201907,26,093,2,3,Livingston County             ,60,60,16354766,0,0,0,0,0,0,0,0,0,57,57,15954686,0,0,0,0,0,0,0,0,0
201907,26,095,2,3,Luce County                   ,0,0,0,0,0,0,0,0,0,0,0,0,0,0,0,0,0,0,0,0,0,0,0,0
201907,26,099,2,3,Macomb County                 ,233,233,71014048,1,2,140000,0,0,0,6,102,16486850,231,231,70723215,0,0,0,0,0,0,6,102,16486850
201907,26,103,2,3,Marquette County              ,11,11,2082000,4,8,1000000,0,0,0,0,0,0,11,11,2082000,4,8,1000000,0,0,0,0,0,0
201907,26,137,2,3,Otsego County                 ,2,2,162000,0,0,0,0,0,0,0,0,0,0,0,0,0,0,0,0,0,0,0,0,0
201907,26,147,2,3,St. Clair County              ,16,16,3872496,0,0,0,0,0,0,0,0,0,10,10,2567196,0,0,0,0,0,0,0,0,0
201907,26,163,2,3,Wayne County                  ,67,67,18211672,0,0,0,2,7,336000,35,181,40410000,52,52,15215005,0,0,0,2,7,336000,35,181,40410000
201907,27,003,2,4,Anoka County                  ,103,103,29002854,0,0,0,0,0,0,2,156,15052788,69,69,20281841,0,0,0,0,0,0,1,138,12500000
201907,27,019,2,4,Carver County                 ,56,56,16617106,2,4,952000,0,0,0,0,0,0,56,56,16617106,2,4,952000,0,0,0,0,0,0
201907,27,025,2,4,Chisago County                ,26,26,6746906,0,0,0,0,0,0,0,0,0,25,25,6537573,0,0,0,0,0,0,0,0,0
201907,27,027,2,4,Clay County                   ,28,28,5915500,0,0,0,0,0,0,0,0,0,28,28,5915500,0,0,0,0,0,0,0,0,0
201907,27,037,2,4,Dakota County                 ,88,88,28528500,0,0,0,0,0,0,2,69,12286713,84,84,27127110,0,0,0,0,0,0,1,55,10300000
201907,27,053,2,4,Hennepin County               ,167,167,63214070,1,2,335500,2,8,1730000,4,376,48426235,166,166,62677220,1,2,335500,2,8,1730000,3,367,46819092
201907,27,059,2,4,Isanti County                 ,34,34,6275666,0,0,0,0,0,0,0,0,0,20,20,3359275,0,0,0,0,0,0,0,0,0
201907,27,123,2,4,Ramsey County                 ,12,12,6496411,1,2,780000,0,0,0,3,109,6398390,10,10,6117874,1,2,780000,0,0,0,3,109,6398390
201907,27,139,2,4,Scott County                  ,79,79,26382836,0,0,0,0,0,0,0,0,0,60,60,21554847,0,0,0,0,0,0,0,0,0
201907,27,141,2,4,Sherburne County              ,68,68,15548371,0,0,0,0,0,0,2,38,7078000,67,67,15406426,0,0,0,0,0,0,2,38,7078000
201907,27,163,2,4,Washington County             ,120,120,35104661,11,22,5383958,3,12,2534328,0,0,0,115,115,33041111,11,22,5383958,3,12,2534328,0,0,0
201907,27,171,2,4,Wright County                 ,109,109,30838655,0,0,0,0,0,0,1,5,514626,102,102,29342235,0,0,0,0,0,0,0,0,0
201907,28,033,3,6,DeSoto County                 ,139,139,23484377,0,0,0,0,0,0,0,0,0,133,133,22891758,0,0,0,0,0,0,0,0,0
201907,28,041,3,6,Greene County                 ,0,0,0,0,0,0,0,0,0,0,0,0,0,0,0,0,0,0,0,0,0,0,0,0
201907,28,045,3,6,Hancock County                ,47,47,7911537,1,2,185179,1,4,401445,1,10,846627,18,18,3507444,0,0,0,0,0,0,0,0,0
201907,28,047,3,6,Harrison County               ,103,103,23930453,0,0,0,0,0,0,0,0,0,92,92,22680842,0,0,0,0,0,0,0,0,0
201907,28,067,3,6,Jones County                  ,0,0,0,0,0,0,0,0,0,0,0,0,0,0,0,0,0,0,0,0,0,0,0,0
201907,28,129,3,6,Smith County                  ,0,0,0,0,0,0,0,0,0,0,0,0,0,0,0,0,0,0,0,0,0,0,0,0
201907,28,137,3,6,Tate County                   ,12,12,2040000,0,0,0,0,0,0,0,0,0,12,12,2040000,0,0,0,0,0,0,0,0,0
201907,28,143,3,6,Tunica County                 ,10,10,2298002,0,0,0,0,0,0,0,0,0,0,0,0,0,0,0,0,0,0,0,0,0
201907,28,145,3,6,Union County                  ,1,1,155000,0,0,0,0,0,0,0,0,0,1,1,155000,0,0,0,0,0,0,0,0,0
201907,28,149,3,6,Warren County                 ,0,0,0,0,0,0,0,0,0,0,0,0,0,0,0,0,0,0,0,0,0,0,0,0
201907,29,013,2,4,Bates County                  ,0,0,0,0,0,0,0,0,0,0,0,0,0,0,0,0,0,0,0,0,0,0,0,0
201907,29,017,2,4,Bollinger County              ,0,0,0,0,0,0,0,0,0,0,0,0,0,0,0,0,0,0,0,0,0,0,0,0
201907,29,019,2,4,Boone County                  ,58,58,16025640,0,0,0,0,0,0,0,0,0,58,58,16025640,0,0,0,0,0,0,0,0,0
201907,29,049,2,4,Clinton County                ,7,7,1375487,17,34,4680000,0,0,0,0,0,0,3,3,524000,17,34,4680000,0,0,0,0,0,0
201907,29,065,2,4,Dent County                   ,0,0,0,0,0,0,0,0,0,0,0,0,0,0,0,0,0,0,0,0,0,0,0,0
201907,29,071,2,4,Franklin County               ,31,31,7291899,1,2,290559,0,0,0,1,16,925000,31,31,7291899,1,2,290559,0,0,0,1,16,925000
201907,29,095,2,4,Jackson County                ,105,105,24964424,13,26,2136318,0,0,0,1,105,9174854,100,100,23716467,13,26,2136318,0,0,0,1,105,9174854
201907,29,099,2,4,Jefferson County              ,72,72,16502782,0,0,0,0,0,0,0,0,0,68,68,16049944,0,0,0,0,0,0,0,0,0
201907,29,105,2,4,Laclede County                ,2,2,231100,1,2,259500,0,0,0,0,0,0,0,0,0,0,0,0,0,0,0,0,0,0
201907,29,107,2,4,Lafayette County              ,11,11,1623687,0,0,0,0,0,0,0,0,0,11,11,1623687,0,0,0,0,0,0,0,0,0
201907,29,113,2,4,Lincoln County                ,17,17,3033946,0,0,0,0,0,0,0,0,0,11,11,1520000,0,0,0,0,0,0,0,0,0
201907,29,165,2,4,Platte County                 ,19,19,4375114,0,0,0,0,0,0,0,0,0,18,18,4111781,0,0,0,0,0,0,0,0,0
201907,29,185,2,4,St. Clair County              ,1,1,100000,0,0,0,0,0,0,0,0,0,1,1,100000,0,0,0,0,0,0,0,0,0
201907,29,189,2,4,St. Louis County              ,69,69,26723002,0,0,0,0,0,0,2,49,4197353,16,16,7384215,0,0,0,0,0,0,1,44,3552000
201907,29,219,2,4,Warren County                 ,26,26,6310834,0,0,0,0,0,0,1,6,438180,26,26,6310834,0,0,0,0,0,0,1,6,438180
201907,29,221,2,4,Washington County             ,0,0,0,0,0,0,0,0,0,0,0,0,0,0,0,0,0,0,0,0,0,0,0,0
201907,29,510,2,4,St. Louis (Independent City)  ,14,14,2680452,0,0,0,1,3,525000,1,33,2067511,0,0,0,0,0,0,0,0,0,0,0,0
201907,30,013,4,8,Cascade County                ,12,12,3223845,0,0,0,0,0,0,0,0,0,12,12,3223845,0,0,0,0,0,0,0,0,0
201907,30,033,4,8,Garfield County               ,0,0,0,0,0,0,0,0,0,0,0,0,0,0,0,0,0,0,0,0,0,0,0,0
201907,30,063,4,8,Missoula County               ,52,52,12568124,1,2,189972,0,0,0,3,20,767788,52,52,12568124,1,2,189972,0,0,0,3,20,767788
201907,30,093,4,8,Silver Bow County             ,5,5,458322,0,0,0,0,0,0,0,0,0,5,5,458322,0,0,0,0,0,0,0,0,0
201907,31,001,2,4,Adams County                  ,3,3,817909,0,0,0,0,0,0,0,0,0,2,2,544784,0,0,0,0,0,0,0,0,0
201907,31,025,2,4,Cass County                   ,13,13,2189958,0,0,0,0,0,0,0,0,0,6,6,985317,0,0,0,0,0,0,0,0,0
201907,31,033,2,4,Cheyenne County               ,0,0,0,0,0,0,0,0,0,0,0,0,0,0,0,0,0,0,0,0,0,0,0,0
201907,31,055,2,4,Douglas County                ,124,124,19317542,0,0,0,0,0,0,0,0,0,124,124,19317542,0,0,0,0,0,0,0,0,0
201907,31,105,2,4,Kimball County                ,0,0,0,0,0,0,0,0,0,0,0,0,0,0,0,0,0,0,0,0,0,0,0,0
201907,31,153,2,4,Sarpy County                  ,68,68,18319089,0,0,0,0,0,0,0,0,0,28,28,8448192,0,0,0,0,0,0,0,0,0
201907,31,165,2,4,Sioux County                  ,0,0,0,0,0,0,0,0,0,0,0,0,0,0,0,0,0,0,0,0,0,0,0,0
201907,31,177,2,4,Washington County             ,6,6,1611176,0,0,0,0,0,0,0,0,0,6,6,1611176,0,0,0,0,0,0,0,0,0
201907,32,001,4,8,Churchill County              ,13,13,2435310,0,0,0,0,0,0,0,0,0,13,13,2435310,0,0,0,0,0,0,0,0,0
201907,32,003,4,8,Clark County                  ,1207,1207,305880978,5,10,781257,9,27,4735084,7,167,14741477,1207,1207,305880978,5,10,781257,9,27,4735084,7,167,14741477
201907,32,005,4,8,Douglas County                ,15,15,6391163,0,0,0,0,0,0,0,0,0,15,15,6391163,0,0,0,0,0,0,0,0,0
201907,32,007,4,8,Elko County                   ,12,12,2251799,0,0,0,0,0,0,0,0,0,12,12,2251799,0,0,0,0,0,0,0,0,0
201907,32,013,4,8,Humboldt County               ,0,0,0,0,0,0,0,0,0,0,0,0,0,0,0,0,0,0,0,0,0,0,0,0
201907,32,015,4,8,Lander County                 ,0,0,0,0,0,0,0,0,0,0,0,0,0,0,0,0,0,0,0,0,0,0,0,0
201907,32,017,4,8,Lincoln County                ,1,1,285178,0,0,0,0,0,0,0,0,0,0,0,0,0,0,0,0,0,0,0,0,0
201907,32,019,4,8,Lyon County                   ,19,19,5068151,0,0,0,0,0,0,0,0,0,7,7,1930155,0,0,0,0,0,0,0,0,0
201907,32,021,4,8,Mineral County                ,0,0,0,0,0,0,0,0,0,0,0,0,0,0,0,0,0,0,0,0,0,0,0,0
201907,32,027,4,8,Pershing County               ,0,0,0,0,0,0,0,0,0,0,0,0,0,0,0,0,0,0,0,0,0,0,0,0
201907,32,029,4,8,Storey County                 ,0,0,0,0,0,0,0,0,0,0,0,0,0,0,0,0,0,0,0,0,0,0,0,0
201907,32,031,4,8,Washoe County                 ,208,208,56705741,1,2,230714,1,4,433205,9,153,16886450,35,35,8728561,0,0,0,0,0,0,0,0,0
201907,32,033,4,8,White Pine County             ,0,0,0,0,0,0,0,0,0,0,0,0,0,0,0,0,0,0,0,0,0,0,0,0
201907,32,510,4,8,Carson City (Independent City),16,16,4170795,0,0,0,0,0,0,1,11,1098290,0,0,0,0,0,0,0,0,0,0,0,0
201907,33,015,1,1,Rockingham County             ,61,61,17036374,1,2,266240,0,0,0,2,10,1096698,41,41,11413726,1,2,266240,0,0,0,0,0,0
201907,33,017,1,1,Strafford County              ,19,19,4151880,0,0,0,1,4,300000,5,46,3761976,9,9,1946259,0,0,0,1,4,300000,4,31,2255000
201907,34,001,1,2,Atlantic County               ,39,39,8293908,1,2,325000,0,0,0,3,33,3319633,37,37,7638169,1,2,325000,0,0,0,0,0,0
201907,34,003,1,2,Bergen County                 ,58,58,19955552,7,14,1755257,5,17,1486528,15,185,16775036,37,37,13010630,7,14,1755257,5,17,1486528,8,150,12610500
201907,34,005,1,2,Burlington County             ,75,75,11937689,1,2,12000,1,3,1000,2,21,2139538,41,41,7504308,1,2,12000,1,3,1000,0,0,0
201907,34,007,1,2,Camden County                 ,135,135,10824237,0,0,0,0,0,0,4,33,1685387,126,126,8719263,0,0,0,0,0,0,0,0,0
201907,34,009,1,2,Cape May County               ,38,38,32429801,7,14,2230814,1,3,515997,0,0,0,33,33,29676921,7,14,2230814,1,3,515997,0,0,0
201907,34,011,1,2,Cumberland County             ,25,25,2853394,0,0,0,0,0,0,0,0,0,25,25,2853394,0,0,0,0,0,0,0,0,0
201907,34,013,1,2,Essex County                  ,67,67,9167551,16,32,4341701,3,10,1390451,5,143,14881845,50,50,7792529,14,28,4209201,2,7,1083192,1,84,10837285
201907,34,015,1,2,Gloucester County             ,43,43,5840069,0,0,0,0,0,0,1,6,709165,24,24,3286160,0,0,0,0,0,0,0,0,0
201907,34,017,1,2,Hudson County                 ,255,255,3224606,7,14,1860477,1,4,532192,10,180,5927525,254,254,3107606,4,8,1164400,1,4,532192,9,175,5216800
201907,34,019,1,2,Hunterdon County              ,20,20,3018844,0,0,0,0,0,0,7,54,5858854,18,18,2698554,0,0,0,0,0,0,4,39,5009240
201907,34,021,1,2,Mercer County                 ,19,19,3204710,0,0,0,1,4,151698,10,78,3528269,16,16,2390844,0,0,0,0,0,0,9,73,3527652
201907,34,023,1,2,Middlesex County              ,58,58,12678961,2,4,290400,0,0,0,5,75,5586536,47,47,10506611,1,2,80000,0,0,0,3,55,4265126
201907,34,025,1,2,Monmouth County               ,63,63,22743619,0,0,0,0,0,0,8,53,5478635,38,38,15108481,0,0,0,0,0,0,5,29,1823500
201907,34,027,1,2,Morris County                 ,78,78,15563571,0,0,0,1,3,100,9,72,8285707,48,48,9762325,0,0,0,1,3,100,8,67,8083750
201907,34,029,1,2,Ocean County                  ,117,117,28164248,2,4,661165,0,0,0,1,7,466563,85,85,22703387,0,0,0,0,0,0,0,0,0
201907,34,031,1,2,Passaic County                ,7,7,1758776,3,6,449264,1,3,120458,4,36,2272418,3,3,659700,1,2,254800,0,0,0,0,0,0
201907,34,033,1,2,Salem County                  ,7,7,894900,0,0,0,0,0,0,0,0,0,7,7,894900,0,0,0,0,0,0,0,0,0
201907,34,035,1,2,Somerset County               ,29,29,6261049,0,0,0,0,0,0,4,76,5899761,20,20,4585585,0,0,0,0,0,0,0,0,0
201907,34,037,1,2,Sussex County                 ,8,8,1698930,1,2,250000,1,4,600000,0,0,0,5,5,778600,1,2,250000,1,4,600000,0,0,0
201907,34,039,1,2,Union County                  ,26,26,6954599,7,14,1018572,0,0,0,13,112,6591546,15,15,5761800,0,0,0,0,0,0,9,53,3429222
201907,34,041,1,2,Warren County                 ,12,12,2110492,0,0,0,0,0,0,0,0,0,7,7,1012034,0,0,0,0,0,0,0,0,0
201907,35,000,4,8,New Mexico Balance of State   ,42,42,11383805,0,0,0,0,0,0,0,0,0,0,0,0,0,0,0,0,0,0,0,0,0
201907,35,001,4,8,Bernalillo County             ,83,83,23561173,0,0,0,0,0,0,0,0,0,83,83,23561173,0,0,0,0,0,0,0,0,0
201907,35,005,4,8,Chaves County                 ,6,6,989981,0,0,0,0,0,0,0,0,0,0,0,0,0,0,0,0,0,0,0,0,0
201907,35,009,4,8,Curry County                  ,5,5,1259171,0,0,0,0,0,0,1,5,460938,0,0,0,0,0,0,0,0,0,0,0,0
201907,35,013,4,8,Dona Ana County               ,85,85,20373730,0,0,0,0,0,0,4,96,9585000,70,70,16233027,0,0,0,0,0,0,4,96,9585000
201907,35,015,4,8,Eddy County                   ,9,9,1772023,0,0,0,0,0,0,0,0,0,9,9,1772023,0,0,0,0,0,0,0,0,0
201907,35,017,4,8,Grant County                  ,1,1,161654,0,0,0,0,0,0,0,0,0,0,0,0,0,0,0,0,0,0,0,0,0
201907,35,025,4,8,Lea County                    ,17,17,3597601,0,0,0,0,0,0,0,0,0,0,0,0,0,0,0,0,0,0,0,0,0
201907,35,027,4,8,Lincoln County                ,3,3,617532,0,0,0,0,0,0,0,0,0,3,3,617532,0,0,0,0,0,0,0,0,0
201907,35,028,4,8,Los Alamos County             ,0,0,0,0,0,0,0,0,0,0,0,0,0,0,0,0,0,0,0,0,0,0,0,0
201907,35,029,4,8,Luna County                   ,1,1,100000,0,0,0,0,0,0,0,0,0,1,1,100000,0,0,0,0,0,0,0,0,0
201907,35,031,4,8,McKinley County               ,0,0,0,0,0,0,0,0,0,0,0,0,0,0,0,0,0,0,0,0,0,0,0,0
201907,35,035,4,8,Otero County                  ,0,0,0,0,0,0,0,0,0,0,0,0,0,0,0,0,0,0,0,0,0,0,0,0
201907,35,041,4,8,Roosevelt County              ,3,3,461720,0,0,0,0,0,0,0,0,0,0,0,0,0,0,0,0,0,0,0,0,0
201907,35,043,4,8,Sandoval County               ,64,64,14291436,0,0,0,0,0,0,1,6,250000,0,0,0,0,0,0,0,0,0,0,0,0
201907,35,045,4,8,San Juan County               ,10,10,2534063,0,0,0,0,0,0,0,0,0,10,10,2534063,0,0,0,0,0,0,0,0,0
201907,35,047,4,8,San Miguel County             ,0,0,0,0,0,0,0,0,0,0,0,0,0,0,0,0,0,0,0,0,0,0,0,0
201907,35,049,4,8,Santa Fe County               ,22,22,5784241,0,0,0,0,0,0,1,5,344000,0,0,0,0,0,0,0,0,0,0,0,0
201907,35,051,4,8,Sierra County                 ,0,0,0,0,0,0,0,0,0,0,0,0,0,0,0,0,0,0,0,0,0,0,0,0
201907,35,055,4,8,Taos County                   ,11,11,1464179,0,0,0,0,0,0,0,0,0,0,0,0,0,0,0,0,0,0,0,0,0
201907,35,061,4,8,Valencia County               ,10,10,1398629,0,0,0,0,0,0,0,0,0,10,10,1398629,0,0,0,0,0,0,0,0,0
201907,36,001,1,2,Albany County                 ,30,30,7172650,0,0,0,1,3,450000,4,23,2455506,18,18,4341750,0,0,0,0,0,0,1,8,440000
201907,36,005,1,2,Bronx County                  ,0,0,0,1,2,300657,2,6,798288,9,455,58701960,0,0,0,1,2,300657,2,6,798288,9,455,58701960
201907,36,029,1,2,Erie County                   ,77,77,24498744,2,4,835031,3,11,2666424,3,32,6287198,69,69,23004585,2,4,835031,3,11,2666424,2,12,1800000
201907,36,047,1,2,Kings County                  ,0,0,0,5,10,1503286,5,16,2128768,27,642,82827821,0,0,0,5,10,1503286,5,16,2128768,27,642,82827821
201907,36,051,1,2,Livingston County             ,6,6,1085468,0,0,0,0,0,0,1,5,214286,5,5,997468,0,0,0,0,0,0,0,0,0
201907,36,055,1,2,Monroe County                 ,73,73,16389462,3,6,944000,1,3,240000,0,0,0,64,64,15085184,3,6,944000,0,0,0,0,0,0
201907,36,059,1,2,Nassau County                 ,73,73,29706337,0,0,0,0,0,0,0,0,0,24,24,14728573,0,0,0,0,0,0,0,0,0
201907,36,061,1,2,New York County               ,0,0,0,0,0,0,0,0,0,7,421,54315440,0,0,0,0,0,0,0,0,0,7,421,54315440
201907,36,063,1,2,Niagara County                ,16,16,3538166,1,2,515000,0,0,0,0,0,0,13,13,2685000,1,2,515000,0,0,0,0,0,0
201907,36,069,1,2,Ontario County                ,23,23,15559822,0,0,0,0,0,0,0,0,0,16,16,13957518,0,0,0,0,0,0,0,0,0
201907,36,073,1,2,Orleans County                ,3,3,684817,0,0,0,0,0,0,0,0,0,3,3,684817,0,0,0,0,0,0,0,0,0
201907,36,079,1,2,Putnam County                 ,1,1,350000,0,0,0,0,0,0,1,26,2841550,1,1,350000,0,0,0,0,0,0,1,26,2841550
201907,36,081,1,2,Queens County                 ,8,8,2099270,15,30,4509858,2,6,798288,13,568,73280689,8,8,2099270,15,30,4509858,2,6,798288,13,568,73280689
201907,36,083,1,2,Rensselaer County             ,9,9,2034350,0,0,0,0,0,0,2,10,1264423,6,6,1134600,0,0,0,0,0,0,0,0,0
201907,36,085,1,2,Richmond County               ,20,20,5248174,18,36,5411829,0,0,0,0,0,0,20,20,5248174,18,36,5411829,0,0,0,0,0,0
201907,36,087,1,2,Rockland County               ,8,8,2743955,4,8,1316362,2,6,654822,2,10,1168587,4,4,1314000,0,0,0,0,0,0,0,0,0
201907,36,091,1,2,Saratoga County               ,57,57,16306534,0,0,0,1,4,480000,9,74,5008207,47,47,13398629,0,0,0,1,4,480000,8,69,4814168
201907,36,093,1,2,Schenectady County            ,9,9,1719572,0,0,0,0,0,0,0,0,0,6,6,1156284,0,0,0,0,0,0,0,0,0
201907,36,095,1,2,Schoharie County              ,6,6,1079993,0,0,0,0,0,0,0,0,0,3,3,468405,0,0,0,0,0,0,0,0,0
201907,36,099,1,2,Seneca County                 ,5,5,766084,0,0,0,0,0,0,0,0,0,0,0,0,0,0,0,0,0,0,0,0,0
201907,36,103,1,2,Suffolk County                ,52,52,38747368,0,0,0,1,4,532192,1,10,1134324,42,42,26219718,0,0,0,1,4,532192,0,0,0
201907,36,117,1,2,Wayne County                  ,10,10,1653917,0,0,0,1,3,200000,0,0,0,8,8,1287008,0,0,0,1,3,200000,0,0,0
201907,36,119,1,2,Westchester County            ,58,58,17053374,1,2,247500,1,3,120000,3,59,6421169,51,51,13680185,0,0,0,0,0,0,0,0,0
201907,37,007,3,5,Anson County                  ,4,4,599460,0,0,0,0,0,0,0,0,0,0,0,0,0,0,0,0,0,0,0,0,0
201907,37,011,3,5,Avery County                  ,10,10,2201652,0,0,0,0,0,0,0,0,0,10,10,2201652,0,0,0,0,0,0,0,0,0
201907,37,015,3,5,Bertie County                 ,4,4,428750,0,0,0,0,0,0,0,0,0,4,4,428750,0,0,0,0,0,0,0,0,0
201907,37,025,3,5,Cabarrus County               ,185,185,31541693,1,2,194812,3,12,1512912,13,104,9802788,185,185,31541693,1,2,194812,3,12,1512912,13,104,9802788
201907,37,033,3,5,Caswell County                ,2,2,275000,0,0,0,0,0,0,0,0,0,2,2,275000,0,0,0,0,0,0,0,0,0
201907,37,037,3,5,Chatham County                ,46,46,17718197,0,0,0,0,0,0,0,0,0,46,46,17718197,0,0,0,0,0,0,0,0,0
201907,37,051,3,5,Cumberland County             ,68,68,11471583,0,0,0,0,0,0,0,0,0,68,68,11471583,0,0,0,0,0,0,0,0,0
201907,37,053,3,5,Currituck County              ,41,41,12917612,6,12,1152000,0,0,0,0,0,0,41,41,12917612,6,12,1152000,0,0,0,0,0,0
201907,37,059,3,5,Davie County                  ,14,14,2948338,0,0,0,0,0,0,2,26,1025301,0,0,0,0,0,0,0,0,0,0,0,0
201907,37,063,3,5,Durham County                 ,183,183,34996328,1,2,169897,0,0,0,4,119,9656369,0,0,0,0,0,0,0,0,0,0,0,0
201907,37,069,3,5,Franklin County               ,77,77,13482953,0,0,0,0,0,0,0,0,0,77,77,13482953,0,0,0,0,0,0,0,0,0
201907,37,071,3,5,Gaston County                 ,81,81,25245373,0,0,0,0,0,0,0,0,0,81,81,25245373,0,0,0,0,0,0,0,0,0
201907,37,077,3,5,Granville County              ,47,47,7053205,0,0,0,0,0,0,0,0,0,47,47,7053205,0,0,0,0,0,0,0,0,0
201907,37,081,3,5,Guilford County               ,96,96,25011094,0,0,0,0,0,0,1,14,1507629,96,96,25011094,0,0,0,0,0,0,1,14,1507629
201907,37,089,3,5,Henderson County              ,49,49,12502322,0,0,0,0,0,0,6,78,8536008,49,49,12502322,0,0,0,0,0,0,6,78,8536008
201907,37,093,3,5,Hoke County                   ,16,16,3799307,0,0,0,0,0,0,0,0,0,16,16,3799307,0,0,0,0,0,0,0,0,0
201907,37,097,3,5,Iredell County                ,131,131,35085373,0,0,0,0,0,0,0,0,0,131,131,35085373,0,0,0,0,0,0,0,0,0
201907,37,101,3,5,Johnston County               ,267,267,45816302,0,0,0,0,0,0,0,0,0,263,263,45116544,0,0,0,0,0,0,0,0,0
201907,37,119,3,5,Mecklenburg County            ,348,348,82634933,1,2,90250,2,6,1163122,9,389,43663305,348,348,82634933,1,2,90250,2,6,1163122,9,389,43663305
201907,37,133,3,5,Onslow County                 ,166,166,21817437,1,2,123640,1,4,288000,0,0,0,152,152,19665282,0,0,0,1,4,288000,0,0,0
201907,37,135,3,5,Orange County                 ,44,44,13566349,0,0,0,0,0,0,0,0,0,44,44,13566349,0,0,0,0,0,0,0,0,0
201907,37,145,3,5,Person County                 ,7,7,2541910,0,0,0,0,0,0,0,0,0,7,7,2541910,0,0,0,0,0,0,0,0,0
201907,37,151,3,5,Randolph County               ,30,30,4847537,2,4,200000,0,0,0,0,0,0,30,30,4847537,2,4,200000,0,0,0,0,0,0
201907,37,157,3,5,Rockingham County             ,13,13,2926228,0,0,0,0,0,0,0,0,0,13,13,2926228,0,0,0,0,0,0,0,0,0
201907,37,179,3,5,Union County                  ,141,141,31983426,0,0,0,0,0,0,0,0,0,141,141,31983426,0,0,0,0,0,0,0,0,0
201907,37,181,3,5,Vance County                  ,4,4,1130000,0,0,0,0,0,0,0,0,0,4,4,1130000,0,0,0,0,0,0,0,0,0
201907,37,183,3,5,Wake County                   ,778,778,162311726,3,6,671047,0,0,0,5,292,32775540,745,745,156264187,3,6,671047,0,0,0,5,292,32775540
201907,37,195,3,5,Wilson County                 ,11,11,1449090,0,0,0,0,0,0,0,0,0,11,11,1449090,0,0,0,0,0,0,0,0,0
201907,39,007,2,3,Ashtabula County              ,22,22,3511000,0,0,0,0,0,0,0,0,0,22,22,3511000,0,0,0,0,0,0,0,0,0
201907,39,015,2,3,Brown County                  ,5,5,1353661,0,0,0,0,0,0,0,0,0,5,5,1353661,0,0,0,0,0,0,0,0,0
201907,39,017,2,3,Butler County                 ,61,61,13788005,1,2,182000,0,0,0,0,0,0,48,48,11637240,1,2,182000,0,0,0,0,0,0
201907,39,025,2,3,Clermont County               ,41,41,11098435,0,0,0,0,0,0,0,0,0,41,41,11098435,0,0,0,0,0,0,0,0,0
201907,39,041,2,3,Delaware County               ,109,109,28947937,0,0,0,0,0,0,3,17,2717000,87,87,25097240,0,0,0,0,0,0,3,17,2717000
201907,39,049,2,3,Franklin County               ,146,146,47302991,6,12,1743354,0,0,0,5,273,31353736,139,139,43841177,6,12,1743354,0,0,0,4,268,31128736
201907,39,055,2,3,Geauga County                 ,12,12,5992507,0,0,0,0,0,0,0,0,0,12,12,5992507,0,0,0,0,0,0,0,0,0
201907,39,085,2,3,Lake County                   ,41,41,9654053,0,0,0,0,0,0,0,0,0,41,41,9654053,0,0,0,0,0,0,0,0,0
201907,39,089,2,3,Licking County                ,24,24,6865030,0,0,0,1,3,443862,0,0,0,24,24,6865030,0,0,0,0,0,0,0,0,0
201907,39,093,2,3,Lorain County                 ,80,80,20714486,1,2,231220,2,8,460000,0,0,0,38,38,13408045,0,0,0,2,8,460000,0,0,0
201907,39,097,2,3,Madison County                ,13,13,3989392,0,0,0,0,0,0,0,0,0,5,5,1353661,0,0,0,0,0,0,0,0,0
201907,39,103,2,3,Medina County                 ,53,53,13522769,4,8,1480000,0,0,0,0,0,0,53,53,13522769,4,8,1480000,0,0,0,0,0,0
201907,39,117,2,3,Morrow County                 ,11,11,2956589,0,0,0,0,0,0,0,0,0,11,11,2956589,0,0,0,0,0,0,0,0,0
201907,39,159,2,3,Union County                  ,32,32,8663430,0,0,0,0,0,0,0,0,0,32,32,8663430,0,0,0,0,0,0,0,0,0
201907,39,165,2,3,Warren County                 ,99,99,27206510,0,0,0,0,0,0,1,10,950000,99,99,27206510,0,0,0,0,0,0,1,10,950000
201907,40,001,3,7,Adair County                  ,0,0,0,0,0,0,0,0,0,0,0,0,0,0,0,0,0,0,0,0,0,0,0,0
201907,40,017,3,7,Canadian County               ,30,30,6122660,3,6,390000,1,3,305485,0,0,0,13,13,2650990,3,6,390000,0,0,0,0,0,0
201907,40,021,3,7,Cherokee County               ,7,7,918668,0,0,0,0,0,0,0,0,0,0,0,0,0,0,0,0,0,0,0,0,0
201907,40,027,3,7,Cleveland County              ,61,61,15894002,1,2,390444,0,0,0,0,0,0,25,25,5626040,0,0,0,0,0,0,0,0,0
201907,40,029,3,7,Coal County                   ,10,10,900000,0,0,0,0,0,0,0,0,0,10,10,900000,0,0,0,0,0,0,0,0,0
201907,40,037,3,7,Creek County                  ,7,7,1365159,0,0,0,0,0,0,1,12,923077,1,1,30000,0,0,0,0,0,0,0,0,0
201907,40,051,3,7,Grady County                  ,3,3,250000,1,2,90000,0,0,0,0,0,0,3,3,250000,1,2,90000,0,0,0,0,0,0
201907,40,055,3,7,Greer County                  ,0,0,0,0,0,0,0,0,0,0,0,0,0,0,0,0,0,0,0,0,0,0,0,0
201907,40,081,3,7,Lincoln County                ,2,2,200000,0,0,0,0,0,0,0,0,0,2,2,200000,0,0,0,0,0,0,0,0,0
201907,40,083,3,7,Logan County                  ,3,3,450000,0,0,0,0,0,0,0,0,0,3,3,450000,0,0,0,0,0,0,0,0,0
201907,40,087,3,7,McClain County                ,39,39,5829106,0,0,0,0,0,0,0,0,0,34,34,4697475,0,0,0,0,0,0,0,0,0
201907,40,109,3,7,Oklahoma County               ,356,356,83646182,10,20,2123640,0,0,0,0,0,0,74,74,25908715,5,10,1170000,0,0,0,0,0,0
201907,40,111,3,7,Okmulgee County               ,1,1,170000,0,0,0,0,0,0,0,0,0,1,1,170000,0,0,0,0,0,0,0,0,0
201907,40,113,3,7,Osage County                  ,13,13,2710313,0,0,0,0,0,0,0,0,0,13,13,2710313,0,0,0,0,0,0,0,0,0
201907,40,117,3,7,Pawnee County                 ,0,0,0,0,0,0,0,0,0,0,0,0,0,0,0,0,0,0,0,0,0,0,0,0
201907,40,131,3,7,Rogers County                 ,53,53,10388727,0,0,0,0,0,0,0,0,0,53,53,10388727,0,0,0,0,0,0,0,0,0
201907,40,143,3,7,Tulsa County                  ,201,201,51542516,0,0,0,0,0,0,1,50,5215089,194,194,50404559,0,0,0,0,0,0,1,50,5215089
201907,40,145,3,7,Wagoner County                ,36,36,6962832,0,0,0,0,0,0,0,0,0,36,36,6962832,0,0,0,0,0,0,0,0,0
201907,41,000,4,9,Oregon Balance of State       ,17,17,2054357,0,0,0,0,0,0,0,0,0,0,0,0,0,0,0,0,0,0,0,0,0
201907,41,005,4,9,Clackamas County              ,153,153,43883986,0,0,0,0,0,0,1,44,5272063,150,150,42632182,0,0,0,0,0,0,1,44,5272063
201907,41,017,4,9,Deschutes County              ,131,131,33650843,4,8,1252775,1,4,588443,2,33,3066937,131,131,33650843,4,8,1252775,1,4,588443,2,33,3066937
201907,41,019,4,9,Douglas County                ,31,31,7537472,0,0,0,0,0,0,0,0,0,31,31,7537472,0,0,0,0,0,0,0,0,0
201907,41,025,4,9,Harney County                 ,1,1,294899,0,0,0,0,0,0,0,0,0,0,0,0,0,0,0,0,0,0,0,0,0
201907,41,035,4,9,Klamath County                ,16,16,4178857,0,0,0,0,0,0,0,0,0,16,16,4178857,0,0,0,0,0,0,0,0,0
201907,41,051,4,9,Multnomah County              ,86,86,23654267,15,30,8255551,0,0,0,9,387,34112677,86,86,23654267,15,30,8255551,0,0,0,9,387,34112677
201907,41,067,4,9,Washington County             ,149,149,43173933,3,6,1800000,0,0,0,1,10,1198243,149,149,43173933,3,6,1800000,0,0,0,1,10,1198243
201907,41,071,4,9,Yamhill County                ,40,40,12313669,1,2,420000,0,0,0,0,0,0,30,30,9954386,1,2,420000,0,0,0,0,0,0
201907,42,001,1,2,Adams County                  ,21,21,4644352,0,0,0,0,0,0,0,0,0,0,0,0,0,0,0,0,0,0,0,0,0
201907,42,017,1,2,Bucks County                  ,48,48,11719413,0,0,0,0,0,0,0,0,0,24,24,6335907,0,0,0,0,0,0,0,0,0
201907,42,029,1,2,Chester County                ,104,104,23103803,1,2,465014,1,4,823644,5,40,6264234,90,90,19502866,1,2,465014,1,4,823644,4,35,5625755
201907,42,037,1,2,Columbia County               ,4,4,1188060,0,0,0,0,0,0,1,5,658911,2,2,643660,0,0,0,0,0,0,0,0,0
201907,42,041,1,2,Cumberland County             ,68,68,15202148,0,0,0,2,8,1008500,8,108,12417482,62,62,13469740,0,0,0,2,8,1008500,6,82,8986339
201907,42,043,1,2,Dauphin County                ,30,30,6207400,1,2,340580,0,0,0,2,43,5732000,22,22,4732146,1,2,340580,0,0,0,2,43,5732000
201907,42,045,1,2,Delaware County               ,36,36,6974299,2,4,601314,0,0,0,1,5,2056072,22,22,4545179,2,4,601314,0,0,0,0,0,0
201907,42,055,1,2,Franklin County               ,25,25,5468143,0,0,0,0,0,0,0,0,0,18,18,3606000,0,0,0,0,0,0,0,0,0
201907,42,091,1,2,Montgomery County             ,82,82,19001763,1,2,412610,2,8,735812,2,18,2228496,65,65,15268979,1,2,412610,2,8,735812,1,6,852000
201907,42,093,1,2,Montour County                ,3,3,1485000,0,0,0,0,0,0,0,0,0,3,3,1485000,0,0,0,0,0,0,0,0,0
201907,42,099,1,2,Perry County                  ,9,9,2483415,0,0,0,0,0,0,0,0,0,2,2,654305,0,0,0,0,0,0,0,0,0
201907,42,101,1,2,Philadelphia County           ,62,62,16269339,6,12,1700000,24,76,9019300,9,135,22979360,62,62,16269339,6,12,1700000,24,76,9019300,9,135,22979360
201907,42,103,1,2,Pike County                   ,13,13,4110854,0,0,0,0,0,0,0,0,0,9,9,3057000,0,0,0,0,0,0,0,0,0
201907,44,001,1,1,Bristol County                ,1,1,257004,0,0,0,0,0,0,0,0,0,0,0,0,0,0,0,0,0,0,0,0,0
201907,44,003,1,1,Kent County                   ,13,13,2133818,2,4,441599,0,0,0,0,0,0,6,6,908580,1,2,208150,0,0,0,0,0,0
201907,44,005,1,1,Newport County                ,16,16,7649927,2,4,1100000,0,0,0,0,0,0,16,16,7649927,2,4,1100000,0,0,0,0,0,0
201907,44,007,1,1,Providence County             ,26,26,4678404,1,2,400000,1,4,444120,0,0,0,20,20,3831067,1,2,400000,1,4,444120,0,0,0
201907,44,009,1,1,Washington County             ,41,41,10792453,1,2,398182,0,0,0,0,0,0,25,25,6554174,0,0,0,0,0,0,0,0,0
201907,45,003,3,5,Aiken County                  ,91,91,20095218,0,0,0,0,0,0,0,0,0,82,82,18293028,0,0,0,0,0,0,0,0,0
201907,45,009,3,5,Bamberg County                ,0,0,0,0,0,0,0,0,0,0,0,0,0,0,0,0,0,0,0,0,0,0,0,0
201907,45,015,3,5,Berkeley County               ,155,155,38916378,0,0,0,0,0,0,1,34,802131,147,147,36295109,0,0,0,0,0,0,0,0,0
201907,45,017,3,5,Calhoun County                ,2,2,334701,0,0,0,0,0,0,0,0,0,0,0,0,0,0,0,0,0,0,0,0,0
201907,45,019,3,5,Charleston County             ,197,197,48167669,0,0,0,1,3,238125,5,104,6694777,83,83,31272071,0,0,0,0,0,0,0,0,0
201907,45,035,3,5,Dorchester County             ,53,53,13947000,0,0,0,0,0,0,0,0,0,53,53,13947000,0,0,0,0,0,0,0,0,0
201907,45,037,3,5,Edgefield County              ,13,13,2784996,0,0,0,0,0,0,0,0,0,13,13,2784996,0,0,0,0,0,0,0,0,0
201907,45,039,3,5,Fairfield County              ,5,5,1131230,0,0,0,0,0,0,0,0,0,0,0,0,0,0,0,0,0,0,0,0,0
201907,45,045,3,5,Greenville County             ,309,309,73699227,0,0,0,0,0,0,0,0,0,309,309,73699227,0,0,0,0,0,0,0,0,0
201907,45,051,3,5,Horry County                  ,426,426,69365184,0,0,0,0,0,0,1,5,250000,398,398,62285180,0,0,0,0,0,0,0,0,0
201907,45,055,3,5,Kershaw County                ,28,28,4570683,0,0,0,0,0,0,0,0,0,28,28,4570683,0,0,0,0,0,0,0,0,0
201907,45,059,3,5,Laurens County                ,13,13,1671992,0,0,0,0,0,0,0,0,0,13,13,1671992,0,0,0,0,0,0,0,0,0
201907,45,063,3,5,Lexington County              ,163,163,41453632,0,0,0,0,0,0,1,5,489336,20,20,4736497,0,0,0,0,0,0,0,0,0
201907,45,077,3,5,Pickens County                ,60,60,14228048,1,2,253268,0,0,0,0,0,0,37,37,10806294,0,0,0,0,0,0,0,0,0
201907,45,079,3,5,Richland County               ,188,188,32700983,0,0,0,0,0,0,1,5,843131,173,173,29169183,0,0,0,0,0,0,0,0,0
201907,45,081,3,5,Saluda County                 ,4,4,850721,0,0,0,0,0,0,0,0,0,0,0,0,0,0,0,0,0,0,0,0,0
201907,45,085,3,5,Sumter County                 ,43,43,4720066,0,0,0,0,0,0,0,0,0,43,43,4720066,0,0,0,0,0,0,0,0,0
201907,45,091,3,5,York County                   ,204,204,70264181,0,0,0,0,0,0,2,66,8906031,115,115,37622886,0,0,0,0,0,0,1,50,7089797
201907,46,007,2,4,Bennett County                ,1,1,58333,0,0,0,0,0,0,0,0,0,0,0,0,0,0,0,0,0,0,0,0,0
201907,46,055,2,4,Haakon County                 ,0,0,0,0,0,0,0,0,0,0,0,0,0,0,0,0,0,0,0,0,0,0,0,0
201907,46,071,2,4,Jackson County                ,0,0,0,0,0,0,0,0,0,0,0,0,0,0,0,0,0,0,0,0,0,0,0,0
201907,46,111,2,4,Sanborn County                ,1,1,300000,0,0,0,0,0,0,0,0,0,1,1,300000,0,0,0,0,0,0,0,0,0
201907,47,001,3,6,Anderson County               ,15,15,3233324,0,0,0,0,0,0,0,0,0,10,10,2637238,0,0,0,0,0,0,0,0,0
201907,47,015,3,6,Cannon County                 ,7,7,510000,0,0,0,0,0,0,0,0,0,7,7,510000,0,0,0,0,0,0,0,0,0
201907,47,021,3,6,Cheatham County               ,30,30,4797614,0,0,0,0,0,0,0,0,0,18,18,3163200,0,0,0,0,0,0,0,0,0
201907,47,037,3,6,Davidson County               ,283,283,72289334,0,0,0,1,4,537089,25,819,93892240,283,283,72289334,0,0,0,1,4,537089,25,819,93892240
201907,47,043,3,6,Dickson County                ,29,29,5800600,0,0,0,0,0,0,0,0,0,5,5,970457,0,0,0,0,0,0,0,0,0
201907,47,049,3,6,Fentress County               ,0,0,0,0,0,0,0,0,0,0,0,0,0,0,0,0,0,0,0,0,0,0,0,0
201907,47,081,3,6,Hickman County                ,11,11,2006883,0,0,0,0,0,0,0,0,0,11,11,2006883,0,0,0,0,0,0,0,0,0
201907,47,093,3,6,Knox County                   ,175,175,35012631,0,0,0,0,0,0,6,289,36776428,37,37,5547500,0,0,0,0,0,0,5,266,33980000
201907,47,105,3,6,Loudon County                 ,39,39,10753141,0,0,0,0,0,0,0,0,0,35,35,10009826,0,0,0,0,0,0,0,0,0
201907,47,125,3,6,Montgomery County             ,130,130,20921772,1,2,124167,3,11,625837,3,15,926863,0,0,0,0,0,0,0,0,0,0,0,0
201907,47,139,3,6,Polk County                   ,18,18,3242233,0,0,0,0,0,0,0,0,0,0,0,0,0,0,0,0,0,0,0,0,0
201907,47,149,3,6,Rutherford County             ,227,227,54081770,0,0,0,0,0,0,0,0,0,220,220,52841523,0,0,0,0,0,0,0,0,0
201907,47,153,3,6,Sequatchie County             ,1,1,100000,0,0,0,0,0,0,0,0,0,1,1,100000,0,0,0,0,0,0,0,0,0
201907,47,157,3,6,Shelby County                 ,96,96,25281031,0,0,0,0,0,0,0,0,0,96,96,25281031,0,0,0,0,0,0,0,0,0
201907,47,159,3,6,Smith County                  ,12,12,1657659,0,0,0,0,0,0,0,0,0,11,11,1525000,0,0,0,0,0,0,0,0,0
201907,47,161,3,6,Stewart County                ,0,0,0,0,0,0,0,0,0,0,0,0,0,0,0,0,0,0,0,0,0,0,0,0
201907,47,165,3,6,Sumner County                 ,123,123,37883805,0,0,0,0,0,0,0,0,0,123,123,37883805,0,0,0,0,0,0,0,0,0
201907,47,167,3,6,Tipton County                 ,9,9,1530638,0,0,0,0,0,0,0,0,0,3,3,735150,0,0,0,0,0,0,0,0,0
201907,47,169,3,6,Trousdale County              ,7,7,1181576,0,0,0,0,0,0,0,0,0,7,7,1181576,0,0,0,0,0,0,0,0,0
201907,47,173,3,6,Union County                  ,9,9,1240000,0,0,0,0,0,0,0,0,0,9,9,1240000,0,0,0,0,0,0,0,0,0
201907,47,175,3,6,Van Buren County              ,0,0,0,0,0,0,0,0,0,0,0,0,0,0,0,0,0,0,0,0,0,0,0,0
201907,47,189,3,6,Wilson County                 ,107,107,30258909,1,2,350000,0,0,0,0,0,0,107,107,30258909,1,2,350000,0,0,0,0,0,0
201907,48,013,3,7,Atascosa County               ,6,6,703627,0,0,0,0,0,0,0,0,0,4,4,337457,0,0,0,0,0,0,0,0,0
201907,48,015,3,7,Austin County                 ,0,0,0,0,0,0,0,0,0,0,0,0,0,0,0,0,0,0,0,0,0,0,0,0
201907,48,019,3,7,Bandera County                ,0,0,0,0,0,0,0,0,0,0,0,0,0,0,0,0,0,0,0,0,0,0,0,0
201907,48,021,3,7,Bastrop County                ,13,13,2224063,0,0,0,0,0,0,0,0,0,8,8,1639181,0,0,0,0,0,0,0,0,0
201907,48,025,3,7,Bee County                    ,3,3,243304,0,0,0,0,0,0,0,0,0,3,3,243304,0,0,0,0,0,0,0,0,0
201907,48,027,3,7,Bell County                   ,177,177,30237816,5,10,811931,0,0,0,0,0,0,143,143,22185034,1,2,55800,0,0,0,0,0,0
201907,48,029,3,7,Bexar County                  ,493,493,113703790,0,0,0,1,4,393367,16,413,37303174,449,449,108219392,0,0,0,1,4,393367,16,413,37303174
201907,48,051,3,7,Burleson County               ,3,3,435000,0,0,0,0,0,0,0,0,0,3,3,435000,0,0,0,0,0,0,0,0,0
201907,48,055,3,7,Caldwell County               ,24,24,4933689,1,2,173138,0,0,0,2,17,1859579,0,0,0,0,0,0,0,0,0,0,0,0
201907,48,085,3,7,Collin County                 ,917,917,272806466,2,4,861120,0,0,0,6,414,66084049,680,680,194646833,2,4,861120,0,0,0,6,414,66084049
201907,48,091,3,7,Comal County                  ,222,222,52715388,0,0,0,0,0,0,0,0,0,222,222,52715388,0,0,0,0,0,0,0,0,0
201907,48,099,3,7,Coryell County                ,16,16,2487906,3,6,411345,0,0,0,0,0,0,16,16,2487906,3,6,411345,0,0,0,0,0,0
201907,48,107,3,7,Crosby County                 ,0,0,0,0,0,0,0,0,0,0,0,0,0,0,0,0,0,0,0,0,0,0,0,0
201907,48,113,3,7,Dallas County                 ,445,445,115920425,6,12,487276,7,26,2285473,10,605,72547565,416,416,106475184,6,12,487276,7,26,2285473,4,252,30201292
201907,48,119,3,7,Delta County                  ,0,0,0,0,0,0,0,0,0,0,0,0,0,0,0,0,0,0,0,0,0,0,0,0
201907,48,135,3,7,Ector County                  ,45,45,10685552,0,0,0,0,0,0,0,0,0,45,45,10685552,0,0,0,0,0,0,0,0,0
201907,48,139,3,7,Ellis County                  ,192,192,42673212,0,0,0,2,8,490000,1,7,1191574,135,135,31437717,0,0,0,2,8,490000,0,0,0
201907,48,141,3,7,El Paso County                ,194,194,45170365,7,14,1820438,1,4,524763,4,44,7684339,50,50,11872835,0,0,0,0,0,0,0,0,0
201907,48,157,3,7,Fort Bend County              ,836,836,71087776,0,0,0,0,0,0,2,10,782584,67,67,15909599,0,0,0,0,0,0,0,0,0
201907,48,167,3,7,Galveston County              ,195,195,46022364,0,0,0,0,0,0,0,0,0,111,111,24652680,0,0,0,0,0,0,0,0,0
201907,48,185,3,7,Grimes County                 ,7,7,780184,0,0,0,0,0,0,0,0,0,7,7,780184,0,0,0,0,0,0,0,0,0
201907,48,187,3,7,Guadalupe County              ,63,63,15415294,0,0,0,0,0,0,0,0,0,61,61,14855007,0,0,0,0,0,0,0,0,0
201907,48,193,3,7,Hamilton County               ,0,0,0,0,0,0,0,0,0,0,0,0,0,0,0,0,0,0,0,0,0,0,0,0
201907,48,195,3,7,Hansford County               ,0,0,0,0,0,0,0,0,0,0,0,0,0,0,0,0,0,0,0,0,0,0,0,0
201907,48,201,3,7,Harris County                 ,1737,1737,340084886,10,20,1848199,0,0,0,62,2193,209133772,1715,1715,328087171,10,20,1848199,0,0,0,62,2193,209133772
201907,48,211,3,7,Hemphill County               ,0,0,0,0,0,0,0,0,0,0,0,0,0,0,0,0,0,0,0,0,0,0,0,0
201907,48,215,3,7,Hidalgo County                ,284,284,43560327,14,28,1903082,38,151,16275140,0,0,0,263,263,41667424,13,26,1753082,38,151,16275140,0,0,0
201907,48,233,3,7,Hutchinson County             ,0,0,0,0,0,0,0,0,0,0,0,0,0,0,0,0,0,0,0,0,0,0,0,0
201907,48,251,3,7,Johnson County                ,84,84,18377144,0,0,0,0,0,0,0,0,0,83,83,18140737,0,0,0,0,0,0,0,0,0
201907,48,257,3,7,Kaufman County                ,26,26,4567943,0,0,0,0,0,0,0,0,0,21,21,3399412,0,0,0,0,0,0,0,0,0
201907,48,259,3,7,Kendall County                ,28,28,7283314,0,0,0,0,0,0,0,0,0,0,0,0,0,0,0,0,0,0,0,0,0
201907,48,271,3,7,Kinney County                 ,0,0,0,0,0,0,0,0,0,0,0,0,0,0,0,0,0,0,0,0,0,0,0,0
201907,48,281,3,7,Lampasas County               ,3,3,502336,1,2,150000,0,0,0,0,0,0,0,0,0,0,0,0,0,0,0,0,0,0
201907,48,291,3,7,Liberty County                ,69,69,9206975,0,0,0,0,0,0,0,0,0,60,60,7555916,0,0,0,0,0,0,0,0,0
201907,48,303,3,7,Lubbock County                ,126,126,29347064,0,0,0,0,0,0,1,5,312500,7,7,2492752,0,0,0,0,0,0,0,0,0
201907,48,323,3,7,Maverick County               ,7,7,1842890,1,2,110981,0,0,0,0,0,0,0,0,0,0,0,0,0,0,0,0,0,0
201907,48,325,3,7,Medina County                 ,0,0,0,0,0,0,0,0,0,0,0,0,0,0,0,0,0,0,0,0,0,0,0,0
201907,48,329,3,7,Midland County                ,128,128,21022762,0,0,0,0,0,0,0,0,0,128,128,21022762,0,0,0,0,0,0,0,0,0
201907,48,339,3,7,Montgomery County             ,420,420,98292277,0,0,0,0,0,0,14,293,29151039,411,411,96294208,0,0,0,0,0,0,13,288,28604104
201907,48,367,3,7,Parker County                 ,40,40,8344140,0,0,0,0,0,0,1,26,2263450,15,15,3864090,0,0,0,0,0,0,0,0,0
201907,48,375,3,7,Potter County                 ,36,36,8548441,1,2,223682,0,0,0,0,0,0,36,36,8548441,1,2,223682,0,0,0,0,0,0
201907,48,383,3,7,Reagan County                 ,0,0,0,0,0,0,0,0,0,0,0,0,0,0,0,0,0,0,0,0,0,0,0,0
201907,48,385,3,7,Real County                   ,0,0,0,0,0,0,0,0,0,0,0,0,0,0,0,0,0,0,0,0,0,0,0,0
201907,48,395,3,7,Robertson County              ,7,7,1473445,0,0,0,0,0,0,0,0,0,0,0,0,0,0,0,0,0,0,0,0,0
201907,48,397,3,7,Rockwall County               ,77,77,25765660,0,0,0,0,0,0,3,144,20000000,77,77,25765660,0,0,0,0,0,0,3,144,20000000
201907,48,407,3,7,San Jacinto County            ,36,36,7944783,0,0,0,0,0,0,0,0,0,0,0,0,0,0,0,0,0,0,0,0,0
201907,48,411,3,7,San Saba County               ,0,0,0,0,0,0,0,0,0,0,0,0,0,0,0,0,0,0,0,0,0,0,0,0
201907,48,451,3,7,Tom Green County              ,20,20,4097952,0,0,0,0,0,0,0,0,0,20,20,4097952,0,0,0,0,0,0,0,0,0
201907,48,453,3,7,Travis County                 ,693,693,152007632,21,42,5884779,1,3,333667,9,853,131594460,660,660,145566725,20,40,5711641,1,3,333667,9,853,131594460
201907,48,473,3,7,Waller County                 ,0,0,0,0,0,0,0,0,0,1,5,110903,0,0,0,0,0,0,0,0,0,0,0,0
201907,48,491,3,7,Williamson County             ,544,544,130303030,1,2,203000,0,0,0,13,524,50476700,520,520,124799960,1,2,203000,0,0,0,13,524,50476700
201907,48,493,3,7,Wilson County                 ,5,5,1014706,0,0,0,0,0,0,0,0,0,0,0,0,0,0,0,0,0,0,0,0,0
201907,48,497,3,7,Wise County                   ,5,5,849457,0,0,0,0,0,0,0,0,0,5,5,849457,0,0,0,0,0,0,0,0,0
201907,49,011,4,8,Davis County                  ,107,107,29719862,0,0,0,0,0,0,2,27,2866390,86,86,23114202,0,0,0,0,0,0,0,0,0
201907,49,023,4,8,Juab County                   ,5,5,1594262,0,0,0,0,0,0,0,0,0,5,5,1594262,0,0,0,0,0,0,0,0,0
201907,49,029,4,8,Morgan County                 ,7,7,3053433,0,0,0,0,0,0,0,0,0,5,5,2561393,0,0,0,0,0,0,0,0,0
201907,49,035,4,8,Salt Lake County              ,422,422,113707055,3,6,772943,5,18,2328013,14,257,33514577,273,273,72720347,1,2,210000,2,8,840000,7,194,24245000
201907,49,039,4,8,Sanpete County                ,7,7,1088674,0,0,0,0,0,0,0,0,0,7,7,1088674,0,0,0,0,0,0,0,0,0
201907,49,043,4,8,Summit County                 ,19,19,9934375,0,0,0,0,0,0,2,10,3040752,2,2,700576,0,0,0,0,0,0,0,0,0
201907,49,057,4,8,Weber County                  ,77,77,23033349,1,2,300000,3,11,2059936,5,70,8316346,73,73,21922742,1,2,300000,2,8,1849936,5,70,8316346
201907,51,003,3,5,Albemarle County              ,58,58,16488733,0,0,0,0,0,0,1,40,3561268,0,0,0,0,0,0,0,0,0,0,0,0
201907,51,007,3,5,Amelia County                 ,4,4,681069,0,0,0,0,0,0,0,0,0,0,0,0,0,0,0,0,0,0,0,0,0
201907,51,009,3,5,Amherst County                ,6,6,1272803,0,0,0,0,0,0,0,0,0,0,0,0,0,0,0,0,0,0,0,0,0
201907,51,013,3,5,Arlington County              ,15,15,7003488,0,0,0,0,0,0,0,0,0,15,15,7003488,0,0,0,0,0,0,0,0,0
201907,51,015,3,5,Augusta County                ,12,12,2808000,0,0,0,0,0,0,0,0,0,12,12,2808000,0,0,0,0,0,0,0,0,0
201907,51,019,3,5,Bedford County                ,3,3,609870,0,0,0,0,0,0,1,5,322222,0,0,0,0,0,0,0,0,0,0,0,0
201907,51,033,3,5,Caroline County               ,4,4,801636,0,0,0,0,0,0,0,0,0,4,4,801636,0,0,0,0,0,0,0,0,0
201907,51,036,3,5,Charles City County           ,1,1,163960,0,0,0,0,0,0,0,0,0,0,0,0,0,0,0,0,0,0,0,0,0
201907,51,037,3,5,Charlotte County              ,2,2,416000,0,0,0,0,0,0,0,0,0,2,2,416000,0,0,0,0,0,0,0,0,0
201907,51,041,3,5,Chesterfield County           ,170,170,34832591,2,4,743916,3,12,1320030,9,229,16349979,170,170,34832591,2,4,743916,3,12,1320030,9,229,16349979
201907,51,043,3,5,Clarke County                 ,6,6,1426838,0,0,0,0,0,0,0,0,0,6,6,1426838,0,0,0,0,0,0,0,0,0
201907,51,049,3,5,Cumberland County             ,7,7,1167130,0,0,0,0,0,0,0,0,0,7,7,1167130,0,0,0,0,0,0,0,0,0
201907,51,051,3,5,Dickenson County              ,0,0,0,0,0,0,0,0,0,0,0,0,0,0,0,0,0,0,0,0,0,0,0,0
201907,51,053,3,5,Dinwiddie County              ,7,7,1078451,0,0,0,0,0,0,0,0,0,0,0,0,0,0,0,0,0,0,0,0,0
201907,51,059,3,5,Fairfax County                ,107,107,25407867,0,0,0,0,0,0,1,306,5000000,107,107,25407867,0,0,0,0,0,0,1,306,5000000
201907,51,061,3,5,Fauquier County               ,17,17,7465003,0,0,0,0,0,0,0,0,0,17,17,7465003,0,0,0,0,0,0,0,0,0
201907,51,069,3,5,Frederick County              ,52,52,11107066,0,0,0,4,16,1600000,0,0,0,52,52,11107066,0,0,0,4,16,1600000,0,0,0
201907,51,073,3,5,Gloucester County             ,8,8,2129200,0,0,0,0,0,0,0,0,0,8,8,2129200,0,0,0,0,0,0,0,0,0
201907,51,075,3,5,Goochland County              ,14,14,3749815,0,0,0,0,0,0,0,0,0,14,14,3749815,0,0,0,0,0,0,0,0,0
201907,51,085,3,5,Hanover County                ,60,60,12293856,0,0,0,0,0,0,0,0,0,60,60,12293856,0,0,0,0,0,0,0,0,0
201907,51,087,3,5,Henrico County                ,86,86,12627411,12,24,825000,0,0,0,0,0,0,86,86,12627411,12,24,825000,0,0,0,0,0,0
201907,51,093,3,5,Isle of Wight County          ,16,16,3267336,0,0,0,0,0,0,0,0,0,0,0,0,0,0,0,0,0,0,0,0,0
201907,51,095,3,5,James City County             ,27,27,6411331,0,0,0,0,0,0,0,0,0,27,27,6411331,0,0,0,0,0,0,0,0,0
201907,51,097,3,5,King and Queen County         ,3,3,671000,0,0,0,0,0,0,0,0,0,3,3,671000,0,0,0,0,0,0,0,0,0
201907,51,099,3,5,King George County            ,26,26,5327337,0,0,0,0,0,0,0,0,0,26,26,5327337,0,0,0,0,0,0,0,0,0
201907,51,107,3,5,Loudoun County                ,213,213,41327335,0,0,0,0,0,0,1,209,4370000,213,213,41327335,0,0,0,0,0,0,1,209,4370000
201907,51,109,3,5,Louisa County                 ,27,27,5845519,0,0,0,0,0,0,0,0,0,0,0,0,0,0,0,0,0,0,0,0,0
201907,51,115,3,5,Mathews County                ,2,2,620000,0,0,0,0,0,0,0,0,0,2,2,620000,0,0,0,0,0,0,0,0,0
201907,51,127,3,5,New Kent County               ,16,16,6297000,0,0,0,0,0,0,0,0,0,16,16,6297000,0,0,0,0,0,0,0,0,0
201907,51,139,3,5,Page County                   ,3,3,384000,0,0,0,0,0,0,0,0,0,3,3,384000,0,0,0,0,0,0,0,0,0
201907,51,145,3,5,Powhatan County               ,24,24,5371448,0,0,0,0,0,0,0,0,0,24,24,5371448,0,0,0,0,0,0,0,0,0
201907,51,149,3,5,Prince George County          ,9,9,1095000,0,0,0,0,0,0,0,0,0,9,9,1095000,0,0,0,0,0,0,0,0,0
201907,51,153,3,5,Prince William County         ,111,111,19703370,0,0,0,0,0,0,1,19,2157250,111,111,19703370,0,0,0,0,0,0,0,0,0
201907,51,165,3,5,Rockingham County             ,25,25,8768405,0,0,0,0,0,0,0,0,0,25,25,8768405,0,0,0,0,0,0,0,0,0
201907,51,175,3,5,Southampton County            ,4,4,837500,0,0,0,0,0,0,0,0,0,4,4,837500,0,0,0,0,0,0,0,0,0
201907,51,177,3,5,Spotsylvania County           ,59,59,15580678,0,0,0,0,0,0,3,85,10024331,0,0,0,0,0,0,0,0,0,0,0,0
201907,51,179,3,5,Stafford County               ,87,87,21916108,0,0,0,0,0,0,0,0,0,87,87,21916108,0,0,0,0,0,0,0,0,0
201907,51,181,3,5,Surry County                  ,3,3,879000,0,0,0,0,0,0,0,0,0,3,3,879000,0,0,0,0,0,0,0,0,0
201907,51,183,3,5,Sussex County                 ,4,4,252155,0,0,0,0,0,0,0,0,0,4,4,252155,0,0,0,0,0,0,0,0,0
201907,51,187,3,5,Warren County                 ,18,18,3097000,0,0,0,0,0,0,0,0,0,18,18,3097000,0,0,0,0,0,0,0,0,0
201907,51,199,3,5,York County                   ,20,20,4749134,0,0,0,0,0,0,0,0,0,20,20,4749134,0,0,0,0,0,0,0,0,0
201907,51,510,3,5,Alexandria (Independent City) ,0,0,0,0,0,0,0,0,0,0,0,0,0,0,0,0,0,0,0,0,0,0,0,0
201907,51,540,3,5,Charlottesville (Independent C,5,5,1686935,0,0,0,0,0,0,1,12,2566316,0,0,0,0,0,0,0,0,0,0,0,0
201907,51,550,3,5,Chesapeake(Independent City)  ,75,75,22734026,0,0,0,0,0,0,0,0,0,75,75,22734026,0,0,0,0,0,0,0,0,0
201907,51,570,3,5,Colonial Heights (Independent ,0,0,0,0,0,0,0,0,0,0,0,0,0,0,0,0,0,0,0,0,0,0,0,0
201907,51,580,3,5,Covington (Independent City)  ,0,0,0,0,0,0,0,0,0,0,0,0,0,0,0,0,0,0,0,0,0,0,0,0
201907,51,600,3,5,Fairfax (Independent City)    ,2,2,540000,0,0,0,0,0,0,0,0,0,2,2,540000,0,0,0,0,0,0,0,0,0
201907,51,610,3,5,Falls Church (Independent City,7,7,3315000,0,0,0,0,0,0,0,0,0,7,7,3315000,0,0,0,0,0,0,0,0,0
201907,51,630,3,5,Fredericksburg(Independent Cit,5,5,985000,0,0,0,0,0,0,0,0,0,5,5,985000,0,0,0,0,0,0,0,0,0
201907,51,650,3,5,Hampton (Independent City)    ,16,16,997143,0,0,0,0,0,0,0,0,0,0,0,0,0,0,0,0,0,0,0,0,0
201907,51,660,3,5,Harrisonburg (Independent City,5,5,837601,0,0,0,0,0,0,1,5,500000,0,0,0,0,0,0,0,0,0,0,0,0
201907,51,670,3,5,Hopewell (Independent City)   ,5,5,506395,0,0,0,0,0,0,1,5,430895,0,0,0,0,0,0,0,0,0,0,0,0
201907,51,680,3,5,Lynchburg (Independent City)  ,1,1,310000,0,0,0,0,0,0,4,40,5000000,1,1,310000,0,0,0,0,0,0,4,40,5000000
201907,51,683,3,5,Manassas (Independent City)   ,20,20,4749134,0,0,0,0,0,0,0,0,0,20,20,4749134,0,0,0,0,0,0,0,0,0
201907,51,685,3,5,Manassas Park (Independent Cit,0,0,0,0,0,0,0,0,0,0,0,0,0,0,0,0,0,0,0,0,0,0,0,0
201907,51,700,3,5,Newport News (Independent City,19,19,2660990,0,0,0,0,0,0,0,0,0,19,19,2660990,0,0,0,0,0,0,0,0,0
201907,51,710,3,5,Norfolk (Independent City)    ,28,28,6648788,0,0,0,0,0,0,0,0,0,28,28,6648788,0,0,0,0,0,0,0,0,0
201907,51,730,3,5,Petersburg (Independent City) ,0,0,0,0,0,0,0,0,0,0,0,0,0,0,0,0,0,0,0,0,0,0,0,0
201907,51,735,3,5,Poquoson (Independent City)   ,1,1,250000,0,0,0,0,0,0,0,0,0,1,1,250000,0,0,0,0,0,0,0,0,0
201907,51,740,3,5,Portsmouth (Independent City) ,8,8,881200,0,0,0,0,0,0,0,0,0,8,8,881200,0,0,0,0,0,0,0,0,0
201907,51,760,3,5,Richmond (Independent City)   ,28,28,5737133,0,0,0,0,0,0,0,0,0,28,28,5737133,0,0,0,0,0,0,0,0,0
201907,51,800,3,5,Suffolk (Independent City)    ,45,45,10685552,0,0,0,0,0,0,0,0,0,45,45,10685552,0,0,0,0,0,0,0,0,0
201907,51,810,3,5,Virginia Beach (Independent Ci,75,75,11464750,0,0,0,0,0,0,1,16,1223355,75,75,11464750,0,0,0,0,0,0,1,16,1223355
201907,51,830,3,5,Williamsburg (Independent City,4,4,600000,0,0,0,0,0,0,0,0,0,4,4,600000,0,0,0,0,0,0,0,0,0
201907,53,005,4,9,Benton County                 ,93,93,26015580,3,6,1013916,0,0,0,1,25,2509589,53,53,14594003,1,2,396895,0,0,0,0,0,0
201907,53,011,4,9,Clark County                  ,268,268,79166032,3,6,1137292,0,0,0,4,40,5370381,99,99,27851410,3,6,1137292,0,0,0,4,40,5370381
201907,53,021,4,9,Franklin County               ,61,61,17342295,0,0,0,0,0,0,0,0,0,17,17,5715477,0,0,0,0,0,0,0,0,0
201907,53,031,4,9,Jefferson County              ,22,22,6135875,0,0,0,0,0,0,0,0,0,22,22,6135875,0,0,0,0,0,0,0,0,0
201907,53,033,4,9,King County                   ,353,353,130727594,27,54,12306074,24,83,15445645,34,1114,132775699,277,277,96918356,27,54,12306074,23,80,15090104,31,889,113981791
201907,53,035,4,9,Kitsap County                 ,116,116,35998027,0,0,0,0,0,0,0,0,0,116,116,35998027,0,0,0,0,0,0,0,0,0
201907,53,053,4,9,Pierce County                 ,232,232,69272199,2,4,607912,6,24,3484742,5,105,12015198,228,228,68011960,1,2,304000,6,24,3484742,4,96,11187264
201907,53,055,4,9,San Juan County               ,13,13,2709974,0,0,0,0,0,0,0,0,0,0,0,0,0,0,0,0,0,0,0,0,0
201907,53,059,4,9,Skamania County               ,6,6,1661041,0,0,0,0,0,0,0,0,0,6,6,1661041,0,0,0,0,0,0,0,0,0
201907,53,061,4,9,Snohomish County              ,263,263,76842620,2,4,1017955,2,8,1117000,10,127,16108296,245,245,71734089,1,2,700484,2,8,1117000,8,93,12464318
201907,54,011,3,5,Cabell County                 ,5,5,878716,1,2,277667,0,0,0,0,0,0,0,0,0,0,0,0,0,0,0,0,0,0
201907,54,015,3,5,Clay County                   ,2,2,50000,0,0,0,0,0,0,0,0,0,0,0,0,0,0,0,0,0,0,0,0,0
201907,54,019,3,5,Fayette County                ,1,1,80000,0,0,0,0,0,0,0,0,0,1,1,80000,0,0,0,0,0,0,0,0,0
201907,54,037,3,5,Jefferson County              ,16,16,4260812,0,0,0,0,0,0,0,0,0,16,16,4260812,0,0,0,0,0,0,0,0,0
201907,54,081,3,5,Raleigh County                ,6,6,769800,0,0,0,0,0,0,0,0,0,6,6,769800,0,0,0,0,0,0,0,0,0
201907,55,025,2,3,Dane County                   ,104,104,36466386,6,12,2122440,2,7,1361794,6,142,20135120,65,65,22184750,5,10,1675820,1,3,760794,2,43,4700000
201907,55,031,2,3,Douglas County                ,8,8,1465696,0,0,0,0,0,0,0,0,0,8,8,1465696,0,0,0,0,0,0,0,0,0
201907,55,037,2,3,Florence County               ,3,3,120675,0,0,0,0,0,0,0,0,0,3,3,120675,0,0,0,0,0,0,0,0,0
201907,55,049,2,3,Iowa County                   ,5,5,1044450,0,0,0,0,0,0,0,0,0,4,4,828450,0,0,0,0,0,0,0,0,0
201907,55,059,2,3,Kenosha County                ,15,15,5625586,0,0,0,0,0,0,1,5,400000,11,11,4546360,0,0,0,0,0,0,0,0,0
201907,55,079,2,3,Milwaukee County              ,15,15,4910451,1,2,290000,0,0,0,0,0,0,15,15,4910451,0,0,0,0,0,0,0,0,0
201907,55,089,2,3,Ozaukee County                ,23,23,8883011,1,2,360000,0,0,0,0,0,0,13,13,4320149,1,2,360000,0,0,0,0,0,0
201907,55,093,2,3,Pierce County                 ,18,18,5035056,0,0,0,0,0,0,0,0,0,18,18,5035056,0,0,0,0,0,0,0,0,0
201907,55,109,2,3,St. Croix County              ,58,58,14969891,2,4,520000,0,0,0,0,0,0,54,54,13632825,2,4,520000,0,0,0,0,0,0
201907,55,131,2,3,Washington County             ,32,32,11155552,11,22,2357000,0,0,0,0,0,0,25,25,8396157,11,22,2357000,0,0,0,0,0,0
201907,56,029,4,8,Park County                   ,9,9,2297052,0,0,0,0,0,0,0,0,0,8,8,2124844,0,0,0,0,0,0,0,0,0
201907,56,039,4,8,Teton County                  ,10,10,11558021,1,2,623319,1,3,116499,0,0,0,7,7,9980000,0,0,0,0,0,0,0,0,0
