Survey,FIPS,FIPS,Region,Division,County,,1-unit,,,2-units,,,3-4 units,,,5+ units,,,1-unit rep,,,2-units rep,,,3-4 units rep,,, 5+units rep
Date,State,County,Code,Code,Name,Bldgs,Units,Value,Bldgs,Units,Value,Bldgs,Units,Value,Bldgs,Units,Value,Bldgs,Units,Value,Bldgs,Units,Value,Bldgs,Units,Value,Bldgs,Units,Value
 
201912,01,001,3,6,Autauga County                ,15,15,4591207,0,0,0,0,0,0,0,0,0,15,15,4591207,0,0,0,0,0,0,0,0,0
201912,01,007,3,6,Bibb County                   ,2,2,355330,0,0,0,0,0,0,0,0,0,2,2,355330,0,0,0,0,0,0,0,0,0
201912,01,009,3,6,Blount County                 ,1,1,175000,0,0,0,0,0,0,0,0,0,1,1,175000,0,0,0,0,0,0,0,0,0
201912,01,021,3,6,Chilton County                ,1,1,90000,0,0,0,0,0,0,0,0,0,1,1,90000,0,0,0,0,0,0,0,0,0
201912,01,073,3,6,Jefferson County              ,100,100,37736433,1,2,247329,0,0,0,1,12,1210077,90,90,35839584,0,0,0,0,0,0,0,0,0
201912,01,081,3,6,Lee County                    ,63,63,18463405,1,2,196772,0,0,0,2,207,68816683,63,63,18463405,1,2,196772,0,0,0,2,207,68816683
201912,01,083,3,6,Limestone County              ,20,20,4749134,0,0,0,0,0,0,0,0,0,20,20,4749134,0,0,0,0,0,0,0,0,0
201912,01,089,3,6,Madison County                ,218,218,29577638,1,2,140000,5,20,5750000,0,0,0,154,154,18050418,1,2,140000,5,20,5750000,0,0,0
201912,01,113,3,6,Russell County                ,11,11,1653893,0,0,0,0,0,0,0,0,0,4,4,674844,0,0,0,0,0,0,0,0,0
201912,01,115,3,6,St. Clair County              ,20,20,3297447,0,0,0,0,0,0,0,0,0,13,13,2082343,0,0,0,0,0,0,0,0,0
201912,01,117,3,6,Shelby County                 ,87,87,20477904,0,0,0,0,0,0,0,0,0,37,37,8419619,0,0,0,0,0,0,0,0,0
201912,01,127,3,6,Walker County                 ,2,2,225000,0,0,0,0,0,0,0,0,0,2,2,225000,0,0,0,0,0,0,0,0,0
201912,02,013,4,9,Aleutians East Borough        ,0,0,0,0,0,0,0,0,0,0,0,0,0,0,0,0,0,0,0,0,0,0,0,0
201912,02,016,4,9,Aleutians West Census Area    ,1,1,98118,0,0,0,0,0,0,0,0,0,0,0,0,0,0,0,0,0,0,0,0,0
201912,02,020,4,9,Anchorage Municipality        ,70,70,21928876,0,0,0,1,3,521092,2,18,2845720,0,0,0,0,0,0,0,0,0,0,0,0
201912,02,050,4,9,Bethel Census Area            ,0,0,0,0,0,0,0,0,0,0,0,0,0,0,0,0,0,0,0,0,0,0,0,0
201912,02,060,4,9,Bristol Bay Borough           ,0,0,0,0,0,0,0,0,0,0,0,0,0,0,0,0,0,0,0,0,0,0,0,0
201912,02,070,4,9,Dillingham Census Area        ,0,0,0,0,0,0,0,0,0,0,0,0,0,0,0,0,0,0,0,0,0,0,0,0
201912,02,090,4,9,Fairbanks North Star Borough  ,0,0,0,0,0,0,0,0,0,0,0,0,0,0,0,0,0,0,0,0,0,0,0,0
201912,02,100,4,9,Haines Borough                ,0,0,0,0,0,0,0,0,0,0,0,0,0,0,0,0,0,0,0,0,0,0,0,0
201912,02,105,4,9,Hoonah-Angoon Census Area     ,1,1,282835,0,0,0,0,0,0,0,0,0,1,1,282835,0,0,0,0,0,0,0,0,0
201912,02,110,4,9,Juneau City and Borough       ,1,1,238518,0,0,0,0,0,0,0,0,0,1,1,238518,0,0,0,0,0,0,0,0,0
201912,02,122,4,9,Kenai Peninsula Borough       ,3,3,685449,1,2,300000,0,0,0,1,12,400000,1,1,270000,1,2,300000,0,0,0,1,12,400000
201912,02,130,4,9,Ketchikan Gateway Borough     ,0,0,0,1,2,345783,0,0,0,0,0,0,0,0,0,1,2,345783,0,0,0,0,0,0
201912,02,150,4,9,Kodiak Island Borough         ,0,0,0,0,0,0,0,0,0,0,0,0,0,0,0,0,0,0,0,0,0,0,0,0
201912,02,170,4,9,Matanuska-Susitna Borough     ,3,3,850848,0,0,0,0,0,0,0,0,0,2,2,565670,0,0,0,0,0,0,0,0,0
201912,02,180,4,9,Nome Census Area              ,0,0,0,0,0,0,0,0,0,0,0,0,0,0,0,0,0,0,0,0,0,0,0,0
201912,02,185,4,9,North Slope Borough           ,0,0,0,0,0,0,0,0,0,0,0,0,0,0,0,0,0,0,0,0,0,0,0,0
201912,02,188,4,9,Northwest Arctic Borough      ,0,0,0,0,0,0,0,0,0,0,0,0,0,0,0,0,0,0,0,0,0,0,0,0
201912,02,195,4,9,Petersburg Borough            ,1,1,188279,0,0,0,0,0,0,0,0,0,0,0,0,0,0,0,0,0,0,0,0,0
201912,02,198,4,9,Prince of Wales-Hyder Census A,0,0,0,0,0,0,0,0,0,0,0,0,0,0,0,0,0,0,0,0,0,0,0,0
201912,02,220,4,9,Sitka City and Borough        ,0,0,0,0,0,0,0,0,0,0,0,0,0,0,0,0,0,0,0,0,0,0,0,0
201912,02,230,4,9,Skagway Municipality          ,0,0,0,0,0,0,0,0,0,0,0,0,0,0,0,0,0,0,0,0,0,0,0,0
201912,02,261,4,9,Valdez-Cordova Census Area    ,0,0,0,0,0,0,0,0,0,0,0,0,0,0,0,0,0,0,0,0,0,0,0,0
201912,02,275,4,9,Wrangell City and Borough     ,0,0,0,0,0,0,0,0,0,0,0,0,0,0,0,0,0,0,0,0,0,0,0,0
201912,02,282,4,9,Yakutat City and Borough      ,0,0,0,0,0,0,0,0,0,0,0,0,0,0,0,0,0,0,0,0,0,0,0,0
201912,02,290,4,9,Yukon-Koyukuk Census Area     ,0,0,0,0,0,0,0,0,0,0,0,0,0,0,0,0,0,0,0,0,0,0,0,0
201912,04,013,4,8,Maricopa County               ,1578,1578,471751813,23,46,5974020,1,3,492154,15,1027,139926916,1567,1567,469303601,23,46,5974020,1,3,492154,14,848,108255123
201912,04,019,4,8,Pima County                   ,250,250,76456861,1,2,298716,0,0,0,4,91,13976556,195,195,62776347,0,0,0,0,0,0,0,0,0
201912,04,021,4,8,Pinal County                  ,362,362,69602355,0,0,0,0,0,0,0,0,0,347,347,66811830,0,0,0,0,0,0,0,0,0
201912,05,013,3,7,Calhoun County                ,0,0,0,0,0,0,0,0,0,0,0,0,0,0,0,0,0,0,0,0,0,0,0,0
201912,05,035,3,7,Crittenden County             ,2,2,353800,0,0,0,0,0,0,0,0,0,2,2,353800,0,0,0,0,0,0,0,0,0
201912,05,043,3,7,Drew County                   ,0,0,0,0,0,0,0,0,0,0,0,0,0,0,0,0,0,0,0,0,0,0,0,0
201912,05,045,3,7,Faulkner County               ,17,17,4061079,1,2,151790,0,0,0,1,7,196797,1,1,340000,0,0,0,0,0,0,0,0,0
201912,05,053,3,7,Grant County                  ,2,2,311517,0,0,0,0,0,0,0,0,0,0,0,0,0,0,0,0,0,0,0,0,0
201912,05,085,3,7,Lonoke County                 ,33,33,4358627,0,0,0,0,0,0,0,0,0,21,21,3325405,0,0,0,0,0,0,0,0,0
201912,05,087,3,7,Madison County                ,3,3,329175,1,2,200000,0,0,0,0,0,0,3,3,329175,1,2,200000,0,0,0,0,0,0
201912,05,091,3,7,Miller County                 ,2,2,430470,0,0,0,0,0,0,0,0,0,0,0,0,0,0,0,0,0,0,0,0,0
201912,05,105,3,7,Perry County                  ,0,0,0,0,0,0,0,0,0,0,0,0,0,0,0,0,0,0,0,0,0,0,0,0
201912,05,119,3,7,Pulaski County                ,79,79,17852588,0,0,0,0,0,0,4,331,33998314,79,79,17852588,0,0,0,0,0,0,4,331,33998314
201912,05,129,3,7,Searcy County                 ,0,0,0,0,0,0,0,0,0,0,0,0,0,0,0,0,0,0,0,0,0,0,0,0
201912,05,143,3,7,Washington County             ,115,115,29822550,2,4,583764,5,20,2812362,1,226,49560291,105,105,28522550,2,4,583764,5,20,2812362,1,226,49560291
201912,06,001,4,9,Alameda County                ,368,368,85061324,0,0,0,4,14,3026632,11,611,133181205,322,322,69920154,0,0,0,2,8,1517600,3,383,80920284
201912,06,013,4,9,Contra Costa County           ,145,145,41981680,0,0,0,0,0,0,4,98,1800000,145,145,41981680,0,0,0,0,0,0,4,98,1800000
201912,06,017,4,9,El Dorado County              ,46,46,15744413,0,0,0,0,0,0,0,0,0,46,46,15744413,0,0,0,0,0,0,0,0,0
201912,06,019,4,9,Fresno County                 ,206,206,57808730,1,2,424636,2,7,899626,18,228,33914536,116,116,30723841,0,0,0,1,4,775304,13,183,29021483
201912,06,037,4,9,Los Angeles County            ,563,563,189354679,47,94,18211193,5,18,2887181,40,1519,271539593,506,506,166069765,46,92,17562415,4,15,2612360,36,1498,268293837
201912,06,041,4,9,Marin County                  ,5,5,2752941,1,2,1531250,0,0,0,0,0,0,2,2,750000,0,0,0,0,0,0,0,0,0
201912,06,059,4,9,Orange County                 ,271,271,77219916,4,8,2471843,2,6,1246181,10,1270,119926218,231,231,61147512,2,4,1138486,1,3,585989,8,1184,102715821
201912,06,061,4,9,Placer County                 ,160,160,45324865,0,0,0,0,0,0,1,90,29065922,160,160,45324865,0,0,0,0,0,0,1,90,29065922
201912,06,063,4,9,Plumas County                 ,4,4,1159086,0,0,0,0,0,0,0,0,0,4,4,1159086,0,0,0,0,0,0,0,0,0
201912,06,067,4,9,Sacramento County             ,260,260,69898129,2,4,639695,4,16,3235428,1,11,3800000,259,259,69672425,2,4,639695,4,16,3235428,1,11,3800000
201912,06,069,4,9,San Benito County             ,56,56,15084768,0,0,0,0,0,0,0,0,0,26,26,5932581,0,0,0,0,0,0,0,0,0
201912,06,071,4,9,San Bernardino County         ,721,721,184033411,4,8,1320537,0,0,0,18,144,11649148,693,693,176965741,4,8,1320537,0,0,0,16,128,10432697
201912,06,073,4,9,San Diego County              ,197,197,56322783,19,38,8800868,7,24,4985439,15,252,42085558,168,168,49943285,19,38,8800868,7,24,4985439,12,201,34521720
201912,06,075,4,9,San Francisco County          ,4,4,1111740,4,8,1359396,2,6,1026480,1,48,6900000,4,4,1111740,4,8,1359396,2,6,1026480,1,48,6900000
201912,06,081,4,9,San Mateo County              ,48,48,26023008,1,2,519360,2,8,2222717,4,123,24368588,36,36,17761579,1,2,519360,2,8,2222717,2,78,14632127
201912,06,085,4,9,Santa Clara County            ,144,144,49172889,0,0,0,1,4,739978,17,511,85797660,112,112,36553663,0,0,0,1,4,739978,14,335,47227020
201912,06,091,4,9,Sierra County                 ,0,0,0,0,0,0,0,0,0,0,0,0,0,0,0,0,0,0,0,0,0,0,0,0
201912,06,113,4,9,Yolo County                   ,40,40,10397682,0,0,0,0,0,0,1,63,16167417,40,40,10397682,0,0,0,0,0,0,1,63,16167417
201912,08,001,4,8,Adams County                  ,218,218,63265347,0,0,0,1,4,664084,0,0,0,194,194,54602648,0,0,0,1,4,664084,0,0,0
201912,08,005,4,8,Arapahoe County               ,199,199,50657999,0,0,0,1,3,534870,1,20,2052580,173,173,43451515,0,0,0,1,3,534870,1,20,2052580
201912,08,014,4,8,Broomfield County             ,31,31,10907838,0,0,0,0,0,0,1,6,1210636,31,31,10907838,0,0,0,0,0,0,1,6,1210636
201912,08,015,4,8,Chaffee County                ,7,7,1854529,1,2,323962,0,0,0,0,0,0,0,0,0,0,0,0,0,0,0,0,0,0
201912,08,019,4,8,Clear Creek County            ,1,1,259558,0,0,0,0,0,0,0,0,0,0,0,0,0,0,0,0,0,0,0,0,0
201912,08,031,4,8,Denver County                 ,145,145,40300589,0,0,0,0,0,0,5,736,59063802,145,145,40300589,0,0,0,0,0,0,5,736,59063802
201912,08,035,4,8,Douglas County                ,217,217,65043882,0,0,0,0,0,0,4,56,7520917,131,131,41841711,0,0,0,0,0,0,1,8,1072455
201912,08,039,4,8,Elbert County                 ,10,10,3023753,0,0,0,0,0,0,0,0,0,10,10,3023753,0,0,0,0,0,0,0,0,0
201912,08,041,4,8,El Paso County                ,277,277,102456732,0,0,0,0,0,0,0,0,0,277,277,102456732,0,0,0,0,0,0,0,0,0
201912,08,047,4,8,Gilpin County                 ,0,0,0,0,0,0,0,0,0,0,0,0,0,0,0,0,0,0,0,0,0,0,0,0
201912,08,059,4,8,Jefferson County              ,194,194,27108386,0,0,0,0,0,0,5,623,89184421,192,192,26485077,0,0,0,0,0,0,5,623,89184421
201912,08,069,4,8,Larimer County                ,163,163,42342109,0,0,0,1,4,850000,1,24,3360479,121,121,32846215,0,0,0,1,4,850000,1,24,3360479
201912,08,077,4,8,Mesa County                   ,0,0,0,0,0,0,0,0,0,0,0,0,0,0,0,0,0,0,0,0,0,0,0,0
201912,08,093,4,8,Park County                   ,6,6,1574367,0,0,0,0,0,0,0,0,0,6,6,1574367,0,0,0,0,0,0,0,0,0
201912,08,101,4,8,Pueblo County                 ,29,29,4786473,0,0,0,1,4,509924,0,0,0,29,29,4786473,0,0,0,1,4,509924,0,0,0
201912,08,119,4,8,Teller County                 ,8,8,2537266,0,0,0,0,0,0,0,0,0,8,8,2537266,0,0,0,0,0,0,0,0,0
201912,09,001,1,1,Fairfield County              ,44,44,28530234,0,0,0,0,0,0,2,11,4633556,26,26,12556475,0,0,0,0,0,0,1,6,1578000
201912,09,003,1,1,Hartford County               ,20,20,4454708,0,0,0,0,0,0,3,21,1659376,16,16,3463503,0,0,0,0,0,0,0,0,0
201912,09,007,1,1,Middlesex County              ,8,8,2099385,0,0,0,0,0,0,0,0,0,6,6,1738000,0,0,0,0,0,0,0,0,0
201912,09,013,1,1,Tolland County                ,12,12,3277245,0,0,0,0,0,0,2,21,2119046,8,8,2314233,0,0,0,0,0,0,0,0,0
201912,10,001,3,5,Kent County                   ,83,83,11556788,2,4,352412,0,0,0,1,6,450378,74,74,10492571,2,4,352412,0,0,0,1,6,450378
201912,10,003,3,5,New Castle County             ,87,87,8221883,0,0,0,0,0,0,1,5,470254,5,5,580319,0,0,0,0,0,0,0,0,0
201912,10,005,3,5,Sussex County                 ,253,253,37353320,4,8,867792,2,7,912000,0,0,0,253,253,37353320,4,8,867792,2,7,912000,0,0,0
201912,11,001,3,5,Washington  DC                ,5,5,1187284,12,24,2684189,0,0,0,2,28,3142860,5,5,1187284,12,24,2684189,0,0,0,2,28,3142860
201912,12,003,3,5,Baker County                  ,4,4,868805,0,0,0,0,0,0,0,0,0,4,4,868805,0,0,0,0,0,0,0,0,0
201912,12,019,3,5,Clay County                   ,87,87,18630001,1,2,165000,0,0,0,0,0,0,87,87,18630001,1,2,165000,0,0,0,0,0,0
201912,12,029,3,5,Dixie County                  ,3,3,378970,0,0,0,0,0,0,0,0,0,0,0,0,0,0,0,0,0,0,0,0,0
201912,12,031,3,5,Duval County                  ,382,382,91421726,0,0,0,0,0,0,0,0,0,375,375,89200712,0,0,0,0,0,0,0,0,0
201912,12,033,3,5,Escambia County               ,89,89,21012962,3,6,401000,0,0,0,0,0,0,81,81,19233993,3,6,401000,0,0,0,0,0,0
201912,12,053,3,5,Hernando County               ,52,52,11579038,0,0,0,0,0,0,0,0,0,52,52,11579038,0,0,0,0,0,0,0,0,0
201912,12,057,3,5,Hillsborough County           ,661,661,218585842,1,2,200000,0,0,0,5,895,157957979,661,661,218585842,1,2,200000,0,0,0,5,895,157957979
201912,12,067,3,5,Lafayette County              ,2,2,205000,0,0,0,0,0,0,0,0,0,2,2,205000,0,0,0,0,0,0,0,0,0
201912,12,071,3,5,Lee County                    ,510,510,104118774,11,22,2903808,0,0,0,23,801,166134579,510,510,104118774,11,22,2903808,0,0,0,23,801,166134579
201912,12,073,3,5,Leon County                   ,52,52,10228237,0,0,0,0,0,0,3,87,10930978,0,0,0,0,0,0,0,0,0,0,0,0
201912,12,081,3,5,Manatee County                ,208,208,43053287,0,0,0,3,12,1437060,7,232,26470400,208,208,43053287,0,0,0,3,12,1437060,7,232,26470400
201912,12,086,3,5,Miami-Dade County             ,166,166,60470520,7,14,1584143,0,0,0,12,371,57886919,116,116,45393409,7,14,1584143,0,0,0,11,358,56427734
201912,12,089,3,5,Nassau County                 ,84,84,23477726,0,0,0,0,0,0,2,21,2998570,3,3,199101,0,0,0,0,0,0,0,0,0
201912,12,091,3,5,Okaloosa County               ,65,65,24841872,0,0,0,0,0,0,0,0,0,51,51,20792309,0,0,0,0,0,0,0,0,0
201912,12,095,3,5,Orange County                 ,392,392,109545326,12,24,7043427,0,0,0,16,364,45300000,383,383,105012786,12,24,7043427,0,0,0,16,364,45300000
201912,12,097,3,5,Osceola County                ,503,503,91673108,0,0,0,10,40,6469264,1,6,700000,503,503,91673108,0,0,0,10,40,6469264,1,6,700000
201912,12,101,3,5,Pasco County                  ,251,251,52235903,6,12,1400000,2,8,585040,6,48,1365610,250,250,52141185,5,10,1120000,2,8,585040,6,48,1365610
201912,12,103,3,5,Pinellas County               ,69,69,23697099,0,0,0,0,0,0,0,0,0,63,63,21836633,0,0,0,0,0,0,0,0,0
201912,12,109,3,5,St. Johns County              ,231,231,55433054,0,0,0,0,0,0,0,0,0,231,231,55433054,0,0,0,0,0,0,0,0,0
201912,12,113,3,5,Santa Rosa County             ,135,135,22146665,0,0,0,0,0,0,0,0,0,135,135,22146665,0,0,0,0,0,0,0,0,0
201912,12,115,3,5,Sarasota County               ,306,306,80761132,0,0,0,3,11,2980153,5,229,30971122,306,306,80761132,0,0,0,3,11,2980153,5,229,30971122
201912,12,117,3,5,Seminole County               ,89,89,28823068,0,0,0,1,3,484144,0,0,0,81,81,26202628,0,0,0,0,0,0,0,0,0
201912,12,119,3,5,Sumter County                 ,246,246,68692375,0,0,0,0,0,0,1,6,1334000,246,246,68692375,0,0,0,0,0,0,1,6,1334000
201912,12,129,3,5,Wakulla County                ,24,24,4114275,0,0,0,0,0,0,0,0,0,24,24,4114275,0,0,0,0,0,0,0,0,0
201912,12,131,3,5,Walton County                 ,182,182,70316999,0,0,0,0,0,0,0,0,0,182,182,70316999,0,0,0,0,0,0,0,0,0
201912,12,133,3,5,Washington County             ,3,3,384462,0,0,0,0,0,0,0,0,0,0,0,0,0,0,0,0,0,0,0,0,0
201912,13,007,3,5,Baker County                  ,0,0,0,0,0,0,0,0,0,0,0,0,0,0,0,0,0,0,0,0,0,0,0,0
201912,13,013,3,5,Barrow County                 ,108,108,14261940,0,0,0,0,0,0,0,0,0,108,108,14261940,0,0,0,0,0,0,0,0,0
201912,13,015,3,5,Bartow County                 ,55,55,9461038,0,0,0,0,0,0,5,95,7936441,44,44,5938264,0,0,0,0,0,0,3,80,6221367
201912,13,021,3,5,Bibb County                   ,11,11,1885283,0,0,0,0,0,0,0,0,0,0,0,0,0,0,0,0,0,0,0,0,0
201912,13,029,3,5,Bryan County                  ,47,47,10645267,0,0,0,0,0,0,0,0,0,25,25,5936418,0,0,0,0,0,0,0,0,0
201912,13,033,3,5,Burke County                  ,4,4,712314,0,0,0,0,0,0,0,0,0,0,0,0,0,0,0,0,0,0,0,0,0
201912,13,035,3,5,Butts County                  ,9,9,3381600,0,0,0,0,0,0,0,0,0,9,9,3381600,0,0,0,0,0,0,0,0,0
201912,13,045,3,5,Carroll County                ,75,75,20542751,0,0,0,0,0,0,0,0,0,75,75,20542751,0,0,0,0,0,0,0,0,0
201912,13,051,3,5,Chatham County                ,85,85,16658009,1,2,292400,0,0,0,0,0,0,35,35,5794066,0,0,0,0,0,0,0,0,0
201912,13,057,3,5,Cherokee County               ,184,184,45115865,0,0,0,0,0,0,0,0,0,184,184,45115865,0,0,0,0,0,0,0,0,0
201912,13,059,3,5,Clarke County                 ,7,7,1775781,0,0,0,0,0,0,0,0,0,7,7,1775781,0,0,0,0,0,0,0,0,0
201912,13,063,3,5,Clayton County                ,89,89,19184259,0,0,0,0,0,0,0,0,0,70,70,16621970,0,0,0,0,0,0,0,0,0
201912,13,067,3,5,Cobb County                   ,137,137,35575771,0,0,0,5,20,4312110,3,18,3952717,122,122,32046480,0,0,0,5,20,4312110,3,18,3952717
201912,13,073,3,5,Columbia County               ,89,89,17606671,0,0,0,2,8,477000,0,0,0,19,19,3073237,0,0,0,2,8,477000,0,0,0
201912,13,077,3,5,Coweta County                 ,72,72,25898313,0,0,0,0,0,0,2,37,3293152,43,43,16118875,0,0,0,0,0,0,0,0,0
201912,13,085,3,5,Dawson County                 ,33,33,6167212,0,0,0,0,0,0,0,0,0,4,4,870000,0,0,0,0,0,0,0,0,0
201912,13,095,3,5,Dougherty County              ,7,7,496930,0,0,0,0,0,0,4,64,8250000,7,7,496930,0,0,0,0,0,0,4,64,8250000
201912,13,097,3,5,Douglas County                ,41,41,4197935,0,0,0,0,0,0,0,0,0,41,41,4197935,0,0,0,0,0,0,0,0,0
201912,13,111,3,5,Fannin County                 ,23,23,4712645,0,0,0,0,0,0,0,0,0,23,23,4712645,0,0,0,0,0,0,0,0,0
201912,13,113,3,5,Fayette County                ,28,28,8186009,0,0,0,0,0,0,0,0,0,6,6,1651400,0,0,0,0,0,0,0,0,0
201912,13,115,3,5,Floyd County                  ,21,21,3027887,0,0,0,0,0,0,0,0,0,21,21,3027887,0,0,0,0,0,0,0,0,0
201912,13,117,3,5,Forsyth County                ,142,142,24872884,0,0,0,0,0,0,0,0,0,142,142,24872884,0,0,0,0,0,0,0,0,0
201912,13,121,3,5,Fulton County                 ,247,247,54546361,0,0,0,0,0,0,1,8,897960,234,234,53231497,0,0,0,0,0,0,1,8,897960
201912,13,127,3,5,Glynn County                  ,43,43,12665839,0,0,0,0,0,0,0,0,0,0,0,0,0,0,0,0,0,0,0,0,0
201912,13,135,3,5,Gwinnett County               ,271,271,65191172,0,0,0,2,7,770643,0,0,0,263,263,62787744,0,0,0,2,7,770643,0,0,0
201912,13,143,3,5,Haralson County               ,4,4,914269,0,0,0,0,0,0,0,0,0,0,0,0,0,0,0,0,0,0,0,0,0
201912,13,145,3,5,Harris County                 ,15,15,3830450,0,0,0,0,0,0,0,0,0,15,15,3830450,0,0,0,0,0,0,0,0,0
201912,13,149,3,5,Heard County                  ,1,1,237457,0,0,0,0,0,0,0,0,0,1,1,237457,0,0,0,0,0,0,0,0,0
201912,13,151,3,5,Henry County                  ,212,212,45336347,0,0,0,0,0,0,0,0,0,212,212,45336347,0,0,0,0,0,0,0,0,0
201912,13,159,3,5,Jasper County                 ,5,5,669870,0,0,0,0,0,0,0,0,0,0,0,0,0,0,0,0,0,0,0,0,0
201912,13,171,3,5,Lamar County                  ,5,5,1103141,0,0,0,0,0,0,0,0,0,5,5,1103141,0,0,0,0,0,0,0,0,0
201912,13,177,3,5,Lee County                    ,8,8,972650,0,0,0,0,0,0,0,0,0,0,0,0,0,0,0,0,0,0,0,0,0
201912,13,179,3,5,Liberty County                ,25,25,5837508,0,0,0,0,0,0,0,0,0,25,25,5837508,0,0,0,0,0,0,0,0,0
201912,13,189,3,5,McDuffie County               ,2,2,360000,0,0,0,0,0,0,0,0,0,2,2,360000,0,0,0,0,0,0,0,0,0
201912,13,199,3,5,Meriwether County             ,0,0,0,0,0,0,0,0,0,0,0,0,0,0,0,0,0,0,0,0,0,0,0,0
201912,13,201,3,5,Miller County                 ,0,0,0,0,0,0,0,0,0,0,0,0,0,0,0,0,0,0,0,0,0,0,0,0
201912,13,207,3,5,Monroe County                 ,23,23,6104000,0,0,0,0,0,0,0,0,0,23,23,6104000,0,0,0,0,0,0,0,0,0
201912,13,215,3,5,Muscogee County               ,25,25,4862106,0,0,0,1,4,246187,1,11,2066337,0,0,0,0,0,0,0,0,0,0,0,0
201912,13,217,3,5,Newton County                 ,57,57,13811725,0,0,0,0,0,0,0,0,0,57,57,13811725,0,0,0,0,0,0,0,0,0
201912,13,227,3,5,Pickens County                ,15,15,4087000,0,0,0,0,0,0,0,0,0,15,15,4087000,0,0,0,0,0,0,0,0,0
201912,13,231,3,5,Pike County                   ,10,10,2000000,0,0,0,0,0,0,0,0,0,0,0,0,0,0,0,0,0,0,0,0,0
201912,13,235,3,5,Pulaski County                ,1,1,300000,0,0,0,0,0,0,0,0,0,1,1,300000,0,0,0,0,0,0,0,0,0
201912,13,245,3,5,Richmond County               ,44,44,6406408,0,0,0,0,0,0,0,0,0,44,44,6406408,0,0,0,0,0,0,0,0,0
201912,13,247,3,5,Rockdale County               ,19,19,4502329,0,0,0,0,0,0,0,0,0,19,19,4502329,0,0,0,0,0,0,0,0,0
201912,13,255,3,5,Spalding County               ,22,22,3793038,0,0,0,0,0,0,0,0,0,22,22,3793038,0,0,0,0,0,0,0,0,0
201912,13,275,3,5,Thomas County                 ,15,15,2021327,0,0,0,0,0,0,0,0,0,15,15,2021327,0,0,0,0,0,0,0,0,0
201912,13,291,3,5,Union County                  ,26,26,8489318,0,0,0,0,0,0,0,0,0,26,26,8489318,0,0,0,0,0,0,0,0,0
201912,15,001,4,9,Hawaii County                 ,50,50,15521525,0,0,0,0,0,0,0,0,0,0,0,0,0,0,0,0,0,0,0,0,0
201912,15,003,4,9,Honolulu County               ,80,80,29838428,0,0,0,0,0,0,3,155,30326559,0,0,0,0,0,0,0,0,0,0,0,0
201912,15,007,4,9,Kauai County                  ,10,10,5802176,0,0,0,0,0,0,0,0,0,10,10,5802176,0,0,0,0,0,0,0,0,0
201912,15,009,4,9,Maui County                   ,47,47,12553111,0,0,0,0,0,0,0,0,0,47,47,12553111,0,0,0,0,0,0,0,0,0
201912,16,001,4,8,Ada County                    ,408,408,106710314,0,0,0,8,29,3613189,6,88,8323107,358,358,93120051,0,0,0,8,29,3613189,6,88,8323107
201912,16,015,4,8,Boise County                  ,0,0,0,0,0,0,0,0,0,0,0,0,0,0,0,0,0,0,0,0,0,0,0,0
201912,16,027,4,8,Canyon County                 ,213,213,32843221,2,4,264348,1,3,289705,5,88,10107200,174,174,24327474,2,4,264348,0,0,0,5,88,10107200
201912,16,045,4,8,Gem County                    ,5,5,883650,0,0,0,0,0,0,0,0,0,4,4,761827,0,0,0,0,0,0,0,0,0
201912,16,073,4,8,Owyhee County                 ,5,5,974467,0,0,0,0,0,0,0,0,0,2,2,431000,0,0,0,0,0,0,0,0,0
201912,17,005,2,3,Bond County                   ,1,1,176208,0,0,0,0,0,0,0,0,0,0,0,0,0,0,0,0,0,0,0,0,0
201912,17,013,2,3,Calhoun County                ,0,0,0,0,0,0,0,0,0,0,0,0,0,0,0,0,0,0,0,0,0,0,0,0
201912,17,031,2,3,Cook County                   ,85,85,26885068,4,8,1566118,10,33,5798100,15,1211,99875350,63,63,18648333,3,6,1051118,10,33,5798100,14,1202,98309658
201912,17,037,2,3,DeKalb County                 ,2,2,560000,1,2,260000,0,0,0,0,0,0,2,2,560000,1,2,260000,0,0,0,0,0,0
201912,17,039,2,3,De Witt County                ,0,0,0,0,0,0,0,0,0,0,0,0,0,0,0,0,0,0,0,0,0,0,0,0
201912,17,043,2,3,DuPage County                 ,56,56,22984621,0,0,0,0,0,0,2,74,13025732,51,51,19879671,0,0,0,0,0,0,2,74,13025732
201912,17,063,2,3,Grundy County                 ,2,2,460549,0,0,0,0,0,0,1,9,461538,1,1,300000,0,0,0,0,0,0,0,0,0
201912,17,083,2,3,Jersey County                 ,1,1,155609,0,0,0,0,0,0,0,0,0,0,0,0,0,0,0,0,0,0,0,0,0
201912,17,093,2,3,Kendall County                ,22,22,3898534,2,4,520977,0,0,0,1,21,1657500,14,14,2475000,0,0,0,0,0,0,0,0,0
201912,17,097,2,3,Lake County                   ,41,41,14497457,0,0,0,0,0,0,1,5,1029110,30,30,10972543,0,0,0,0,0,0,0,0,0
201912,17,111,2,3,McHenry County                ,22,22,4064554,0,0,0,0,0,0,0,0,0,18,18,3654792,0,0,0,0,0,0,0,0,0
201912,17,119,2,3,Madison County                ,26,26,7093810,0,0,0,1,3,327896,0,0,0,20,20,5514246,0,0,0,0,0,0,0,0,0
201912,17,133,2,3,Monroe County                 ,5,5,1337976,0,0,0,0,0,0,0,0,0,5,5,1337976,0,0,0,0,0,0,0,0,0
201912,17,197,2,3,Will County                   ,67,67,18259218,1,2,272000,0,0,0,0,0,0,66,66,18165918,1,2,272000,0,0,0,0,0,0
201912,18,003,2,3,Allen County                  ,162,162,43858614,0,0,0,0,0,0,0,0,0,162,162,43858614,0,0,0,0,0,0,0,0,0
201912,18,011,2,3,Boone County                  ,41,41,16354565,0,0,0,0,0,0,0,0,0,41,41,16354565,0,0,0,0,0,0,0,0,0
201912,18,013,2,3,Brown County                  ,5,5,1353661,0,0,0,0,0,0,0,0,0,5,5,1353661,0,0,0,0,0,0,0,0,0
201912,18,019,2,3,Clark County                  ,50,50,10966643,0,0,0,0,0,0,0,0,0,48,48,10339776,0,0,0,0,0,0,0,0,0
201912,18,047,2,3,Franklin County               ,2,2,445000,0,0,0,0,0,0,0,0,0,2,2,445000,0,0,0,0,0,0,0,0,0
201912,18,057,2,3,Hamilton County               ,183,183,66751636,1,2,290559,0,0,0,1,5,580760,182,182,66430455,1,2,290559,0,0,0,1,5,580760
201912,18,059,2,3,Hancock County                ,16,16,4512574,0,0,0,0,0,0,0,0,0,16,16,4512574,0,0,0,0,0,0,0,0,0
201912,18,061,2,3,Harrison County               ,5,5,1353661,0,0,0,0,0,0,0,0,0,5,5,1353661,0,0,0,0,0,0,0,0,0
201912,18,063,2,3,Hendricks County              ,64,64,14139111,0,0,0,0,0,0,0,0,0,57,57,12166363,0,0,0,0,0,0,0,0,0
201912,18,069,2,3,Huntington County             ,10,10,2422575,0,0,0,0,0,0,0,0,0,10,10,2422575,0,0,0,0,0,0,0,0,0
201912,18,073,2,3,Jasper County                 ,12,12,3106052,1,2,200000,0,0,0,0,0,0,12,12,3106052,1,2,200000,0,0,0,0,0,0
201912,18,081,2,3,Johnson County                ,54,54,17650861,4,8,1269000,0,0,0,0,0,0,28,28,11688178,4,8,1269000,0,0,0,0,0,0
201912,18,087,2,3,Lagrange County               ,10,10,1951000,0,0,0,0,0,0,0,0,0,10,10,1951000,0,0,0,0,0,0,0,0,0
201912,18,089,2,3,Lake County                   ,115,115,29940195,0,0,0,0,0,0,0,0,0,108,108,27838773,0,0,0,0,0,0,0,0,0
201912,18,097,2,3,Marion County                 ,94,94,24918346,0,0,0,0,0,0,1,103,20000000,86,86,23282968,0,0,0,0,0,0,1,103,20000000
201912,18,105,2,3,Monroe County                 ,14,14,3618337,2,4,537968,0,0,0,1,8,920829,0,0,0,0,0,0,0,0,0,0,0,0
201912,18,109,2,3,Morgan County                 ,26,26,5985856,0,0,0,0,0,0,0,0,0,26,26,5985856,0,0,0,0,0,0,0,0,0
201912,18,111,2,3,Newton County                 ,1,1,204248,0,0,0,0,0,0,0,0,0,0,0,0,0,0,0,0,0,0,0,0,0
201912,18,115,2,3,Ohio County                   ,2,2,200000,0,0,0,0,0,0,0,0,0,2,2,200000,0,0,0,0,0,0,0,0,0
201912,18,119,2,3,Owen County                   ,6,6,1624393,0,0,0,0,0,0,0,0,0,6,6,1624393,0,0,0,0,0,0,0,0,0
201912,18,127,2,3,Porter County                 ,41,41,14635921,3,6,1302456,0,0,0,0,0,0,34,34,13416715,3,6,1302456,0,0,0,0,0,0
201912,18,133,2,3,Putnam County                 ,7,7,1698398,0,0,0,0,0,0,0,0,0,6,6,1553661,0,0,0,0,0,0,0,0,0
201912,18,145,2,3,Shelby County                 ,2,2,323295,0,0,0,0,0,0,0,0,0,2,2,323295,0,0,0,0,0,0,0,0,0
201912,18,151,2,3,Steuben County                ,8,8,2928012,0,0,0,0,0,0,0,0,0,8,8,2928012,0,0,0,0,0,0,0,0,0
201912,18,157,2,3,Tippecanoe County             ,47,47,11839374,0,0,0,0,0,0,2,14,1856389,43,43,11314288,0,0,0,0,0,0,1,9,1275000
201912,18,163,2,3,Vanderburgh County            ,22,22,5292509,0,0,0,0,0,0,0,0,0,22,22,5292509,0,0,0,0,0,0,0,0,0
201912,18,167,2,3,Vigo County                   ,3,3,616000,1,2,180000,0,0,0,0,0,0,3,3,616000,1,2,180000,0,0,0,0,0,0
201912,18,175,2,3,Washington County             ,5,5,1204264,0,0,0,0,0,0,0,0,0,0,0,0,0,0,0,0,0,0,0,0,0
201912,18,183,2,3,Whitley County                ,5,5,1751710,0,0,0,0,0,0,0,0,0,5,5,1751710,0,0,0,0,0,0,0,0,0
201912,19,049,2,4,Dallas County                 ,43,43,11610139,0,0,0,0,0,0,1,5,460526,42,42,11435139,0,0,0,0,0,0,0,0,0
201912,19,085,2,4,Harrison County               ,8,8,2395090,0,0,0,0,0,0,0,0,0,7,7,2180000,0,0,0,0,0,0,0,0,0
201912,19,129,2,4,Mills County                  ,0,0,0,0,0,0,0,0,0,0,0,0,0,0,0,0,0,0,0,0,0,0,0,0
201912,19,153,2,4,Polk County                   ,137,137,39463764,1,2,322826,0,0,0,0,0,0,135,135,39056616,1,2,322826,0,0,0,0,0,0
201912,19,181,2,4,Warren County                 ,10,10,2513718,0,0,0,0,0,0,0,0,0,10,10,2513718,0,0,0,0,0,0,0,0,0
201912,20,061,2,4,Geary County                  ,0,0,0,0,0,0,0,0,0,0,0,0,0,0,0,0,0,0,0,0,0,0,0,0
201912,20,091,2,4,Johnson County                ,117,117,42093054,1,2,552900,4,14,4850000,0,0,0,111,111,38479991,1,2,552900,4,14,4850000,0,0,0
201912,20,103,2,4,Leavenworth County            ,24,24,6406594,1,2,339744,0,0,0,0,0,0,24,24,6406594,1,2,339744,0,0,0,0,0,0
201912,20,107,2,4,Linn County                   ,2,2,297636,0,0,0,0,0,0,0,0,0,1,1,200000,0,0,0,0,0,0,0,0,0
201912,20,121,2,4,Miami County                  ,4,4,1258362,0,0,0,0,0,0,0,0,0,0,0,0,0,0,0,0,0,0,0,0,0
201912,20,209,2,4,Wyandotte County              ,13,13,2592297,1,2,192348,0,0,0,0,0,0,0,0,0,0,0,0,0,0,0,0,0,0
201912,21,005,3,6,Anderson County               ,0,0,0,0,0,0,0,0,0,0,0,0,0,0,0,0,0,0,0,0,0,0,0,0
201912,21,015,3,6,Boone County                  ,22,22,3411321,0,0,0,0,0,0,0,0,0,22,22,3411321,0,0,0,0,0,0,0,0,0
201912,21,017,3,6,Bourbon County                ,3,3,687658,0,0,0,0,0,0,0,0,0,0,0,0,0,0,0,0,0,0,0,0,0
201912,21,021,3,6,Boyle County                  ,3,3,614693,6,12,1122868,0,0,0,0,0,0,3,3,614693,6,12,1122868,0,0,0,0,0,0
201912,21,029,3,6,Bullitt County                ,15,15,4299288,0,0,0,0,0,0,0,0,0,15,15,4299288,0,0,0,0,0,0,0,0,0
201912,21,035,3,6,Calloway County               ,2,2,477126,0,0,0,0,0,0,0,0,0,2,2,477126,0,0,0,0,0,0,0,0,0
201912,21,037,3,6,Campbell County               ,6,6,1218444,0,0,0,0,0,0,0,0,0,6,6,1218444,0,0,0,0,0,0,0,0,0
201912,21,045,3,6,Casey County                  ,0,0,0,0,0,0,0,0,0,0,0,0,0,0,0,0,0,0,0,0,0,0,0,0
201912,21,047,3,6,Christian County              ,4,4,381130,0,0,0,0,0,0,0,0,0,2,2,238730,0,0,0,0,0,0,0,0,0
201912,21,049,3,6,Clark County                  ,4,4,943232,0,0,0,0,0,0,1,5,346250,0,0,0,0,0,0,0,0,0,0,0,0
201912,21,067,3,6,Fayette County                ,34,34,10674546,0,0,0,0,0,0,2,31,4449404,34,34,10674546,0,0,0,0,0,0,2,31,4449404
201912,21,069,3,6,Fleming County                ,0,0,0,0,0,0,0,0,0,0,0,0,0,0,0,0,0,0,0,0,0,0,0,0
201912,21,077,3,6,Gallatin County               ,2,2,448477,0,0,0,0,0,0,0,0,0,0,0,0,0,0,0,0,0,0,0,0,0
201912,21,081,3,6,Grant County                  ,2,2,733453,0,0,0,0,0,0,0,0,0,2,2,733453,0,0,0,0,0,0,0,0,0
201912,21,091,3,6,Hancock County                ,0,0,0,0,0,0,0,0,0,0,0,0,0,0,0,0,0,0,0,0,0,0,0,0
201912,21,099,3,6,Hart County                   ,0,0,0,0,0,0,0,0,0,0,0,0,0,0,0,0,0,0,0,0,0,0,0,0
201912,21,101,3,6,Henderson County              ,1,1,110000,1,2,180000,0,0,0,0,0,0,1,1,110000,1,2,180000,0,0,0,0,0,0
201912,21,103,3,6,Henry County                  ,3,3,540608,0,0,0,0,0,0,0,0,0,0,0,0,0,0,0,0,0,0,0,0,0
201912,21,111,3,6,Jefferson County              ,91,91,29179308,0,0,0,0,0,0,7,160,21404375,1,1,293800,0,0,0,0,0,0,0,0,0
201912,21,113,3,6,Jessamine County              ,11,11,2828646,0,0,0,1,4,1545000,0,0,0,4,4,1720000,0,0,0,1,4,1545000,0,0,0
201912,21,115,3,6,Johnson County                ,0,0,0,0,0,0,0,0,0,0,0,0,0,0,0,0,0,0,0,0,0,0,0,0
201912,21,117,3,6,Kenton County                 ,19,19,4283251,0,0,0,0,0,0,0,0,0,19,19,4283251,0,0,0,0,0,0,0,0,0
201912,21,121,3,6,Knox County                   ,0,0,0,0,0,0,0,0,0,0,0,0,0,0,0,0,0,0,0,0,0,0,0,0
201912,21,123,3,6,Larue County                  ,0,0,0,0,0,0,0,0,0,0,0,0,0,0,0,0,0,0,0,0,0,0,0,0
201912,21,137,3,6,Lincoln County                ,2,2,200000,0,0,0,0,0,0,0,0,0,2,2,200000,0,0,0,0,0,0,0,0,0
201912,21,145,3,6,McCracken County              ,6,6,1430939,0,0,0,0,0,0,1,12,1452954,0,0,0,0,0,0,0,0,0,1,12,1452954
201912,21,151,3,6,Madison County                ,11,11,1020403,1,2,112996,1,4,150000,1,5,168572,1,1,145000,0,0,0,1,4,150000,0,0,0
201912,21,157,3,6,Marshall County               ,2,2,350000,0,0,0,0,0,0,0,0,0,2,2,350000,0,0,0,0,0,0,0,0,0
201912,21,161,3,6,Mason County                  ,0,0,0,0,0,0,0,0,0,0,0,0,0,0,0,0,0,0,0,0,0,0,0,0
201912,21,163,3,6,Meade County                  ,4,4,564000,0,0,0,0,0,0,0,0,0,4,4,564000,0,0,0,0,0,0,0,0,0
201912,21,167,3,6,Mercer County                 ,3,3,510758,0,0,0,0,0,0,0,0,0,0,0,0,0,0,0,0,0,0,0,0,0
201912,21,175,3,6,Morgan County                 ,2,2,150000,0,0,0,0,0,0,0,0,0,0,0,0,0,0,0,0,0,0,0,0,0
201912,21,179,3,6,Nelson County                 ,15,15,2701000,0,0,0,0,0,0,0,0,0,15,15,2701000,0,0,0,0,0,0,0,0,0
201912,21,185,3,6,Oldham County                 ,19,19,5672150,0,0,0,0,0,0,0,0,0,19,19,5672150,0,0,0,0,0,0,0,0,0
201912,21,191,3,6,Pendleton County              ,0,0,0,0,0,0,0,0,0,0,0,0,0,0,0,0,0,0,0,0,0,0,0,0
201912,21,209,3,6,Scott County                  ,25,25,4952559,3,6,875769,0,0,0,1,10,668325,0,0,0,0,0,0,0,0,0,0,0,0
201912,21,211,3,6,Shelby County                 ,8,8,2509625,0,0,0,1,3,320000,0,0,0,8,8,2509625,0,0,0,1,3,320000,0,0,0
201912,21,213,3,6,Simpson County                ,2,2,300500,0,0,0,0,0,0,0,0,0,2,2,300500,0,0,0,0,0,0,0,0,0
201912,21,215,3,6,Spencer County                ,5,5,1187284,0,0,0,0,0,0,0,0,0,5,5,1187284,0,0,0,0,0,0,0,0,0
201912,21,221,3,6,Trigg County                  ,0,0,0,0,0,0,0,0,0,0,0,0,0,0,0,0,0,0,0,0,0,0,0,0
201912,21,239,3,6,Woodford County               ,6,6,1140075,0,0,0,0,0,0,0,0,0,6,6,1140075,0,0,0,0,0,0,0,0,0
201912,22,005,3,7,Ascension Parish              ,73,73,11358208,0,0,0,0,0,0,0,0,0,8,8,1564500,0,0,0,0,0,0,0,0,0
201912,22,015,3,7,Bossier Parish                ,60,60,10661594,0,0,0,0,0,0,0,0,0,34,34,5127282,0,0,0,0,0,0,0,0,0
201912,22,017,3,7,Caddo Parish                  ,22,22,5671636,0,0,0,0,0,0,0,0,0,0,0,0,0,0,0,0,0,0,0,0,0
201912,22,031,3,7,De Soto Parish                ,8,8,1802339,0,0,0,0,0,0,0,0,0,8,8,1802339,0,0,0,0,0,0,0,0,0
201912,22,033,3,7,East Baton Rouge Parish       ,87,87,25450813,0,0,0,0,0,0,0,0,0,87,87,25450813,0,0,0,0,0,0,0,0,0
201912,22,037,3,7,East Feliciana Parish         ,3,3,614693,0,0,0,0,0,0,0,0,0,3,3,614693,0,0,0,0,0,0,0,0,0
201912,22,047,3,7,Iberville Parish              ,8,8,1990552,0,0,0,0,0,0,0,0,0,0,0,0,0,0,0,0,0,0,0,0,0
201912,22,051,3,7,Jefferson Parish              ,38,38,7786058,0,0,0,0,0,0,0,0,0,32,32,6104081,0,0,0,0,0,0,0,0,0
201912,22,055,3,7,Lafayette Parish              ,123,123,24243398,0,0,0,0,0,0,0,0,0,54,54,8902597,0,0,0,0,0,0,0,0,0
201912,22,063,3,7,Livingston Parish             ,62,62,12072462,0,0,0,0,0,0,0,0,0,1,1,92500,0,0,0,0,0,0,0,0,0
201912,22,071,3,7,Orleans Parish                ,40,40,9009398,8,16,1654158,1,3,721976,1,46,9487166,0,0,0,0,0,0,0,0,0,0,0,0
201912,22,075,3,7,Plaquemines Parish            ,11,11,3045799,0,0,0,0,0,0,0,0,0,11,11,3045799,0,0,0,0,0,0,0,0,0
201912,22,077,3,7,Pointe Coupee Parish          ,2,2,723322,0,0,0,0,0,0,0,0,0,2,2,723322,0,0,0,0,0,0,0,0,0
201912,22,087,3,7,St. Bernard Parish            ,20,20,2966000,1,2,130000,0,0,0,0,0,0,20,20,2966000,1,2,130000,0,0,0,0,0,0
201912,22,089,3,7,St. Charles Parish            ,17,17,3929306,0,0,0,0,0,0,0,0,0,17,17,3929306,0,0,0,0,0,0,0,0,0
201912,22,091,3,7,St. Helena Parish             ,2,2,359808,0,0,0,0,0,0,0,0,0,0,0,0,0,0,0,0,0,0,0,0,0
201912,22,095,3,7,St. John the Baptist Parish   ,2,2,350000,0,0,0,0,0,0,0,0,0,2,2,350000,0,0,0,0,0,0,0,0,0
201912,22,099,3,7,St. Martin Parish             ,12,12,2208116,0,0,0,0,0,0,0,0,0,0,0,0,0,0,0,0,0,0,0,0,0
201912,22,103,3,7,St. Tammany Parish            ,102,102,25074564,1,2,269000,0,0,0,0,0,0,98,98,23590894,0,0,0,0,0,0,0,0,0
201912,22,109,3,7,Terrebonne Parish             ,9,9,2307971,1,2,155556,0,0,0,0,0,0,0,0,0,0,0,0,0,0,0,0,0,0
201912,22,121,3,7,West Baton Rouge Parish       ,18,18,2878730,0,0,0,0,0,0,0,0,0,10,10,1613895,0,0,0,0,0,0,0,0,0
201912,22,125,3,7,West Feliciana Parish         ,2,2,482661,0,0,0,0,0,0,0,0,0,2,2,482661,0,0,0,0,0,0,0,0,0
201912,23,000,1,1,Maine Unorganized Territory   ,3,3,398401,0,0,0,0,0,0,0,0,0,0,0,0,0,0,0,0,0,0,0,0,0
201912,24,003,3,5,Anne Arundel County           ,121,121,23494947,18,36,3493191,0,0,0,6,257,35293017,121,121,23494947,18,36,3493191,0,0,0,6,257,35293017
201912,24,005,3,5,Baltimore County              ,49,49,12483000,0,0,0,0,0,0,0,0,0,49,49,12483000,0,0,0,0,0,0,0,0,0
201912,24,009,3,5,Calvert County                ,10,10,2374567,0,0,0,0,0,0,0,0,0,10,10,2374567,0,0,0,0,0,0,0,0,0
201912,24,013,3,5,Carroll County                ,13,13,2335410,0,0,0,0,0,0,0,0,0,13,13,2335410,0,0,0,0,0,0,0,0,0
201912,24,015,3,5,Cecil County                  ,16,16,4079357,0,0,0,0,0,0,0,0,0,16,16,4079357,0,0,0,0,0,0,0,0,0
201912,24,017,3,5,Charles County                ,22,22,6302618,0,0,0,0,0,0,0,0,0,16,16,5326000,0,0,0,0,0,0,0,0,0
201912,24,021,3,5,Frederick County              ,67,67,15665115,1,2,420000,0,0,0,0,0,0,67,67,15665115,1,2,420000,0,0,0,0,0,0
201912,24,023,3,5,Garrett County                ,2,2,500000,0,0,0,0,0,0,0,0,0,2,2,500000,0,0,0,0,0,0,0,0,0
201912,24,025,3,5,Harford County                ,36,36,9097575,0,0,0,0,0,0,0,0,0,36,36,9097575,0,0,0,0,0,0,0,0,0
201912,24,027,3,5,Howard County                 ,56,56,13578357,0,0,0,0,0,0,1,16,1500000,56,56,13578357,0,0,0,0,0,0,1,16,1500000
201912,24,031,3,5,Montgomery County             ,65,65,15472316,0,0,0,0,0,0,0,0,0,65,65,15472316,0,0,0,0,0,0,0,0,0
201912,24,033,3,5,Prince George County          ,141,141,33481395,0,0,0,0,0,0,4,421,48767514,141,141,33481395,0,0,0,0,0,0,4,421,48767514
201912,24,035,3,5,Queen Anne County             ,12,12,2849480,0,0,0,0,0,0,1,14,32000000,12,12,2849480,0,0,0,0,0,0,1,14,32000000
201912,24,037,3,5,St. Marys County              ,71,71,15770818,0,0,0,0,0,0,0,0,0,71,71,15770818,0,0,0,0,0,0,0,0,0
201912,24,039,3,5,Somerset County               ,2,2,422991,0,0,0,0,0,0,0,0,0,0,0,0,0,0,0,0,0,0,0,0,0
201912,24,045,3,5,Wicomico County               ,14,14,1820825,0,0,0,0,0,0,0,0,0,14,14,1820825,0,0,0,0,0,0,0,0,0
201912,24,510,3,5,Baltimore (Independent City)  ,8,8,1045000,0,0,0,0,0,0,0,0,0,8,8,1045000,0,0,0,0,0,0,0,0,0
201912,25,005,1,1,Bristol County                ,44,44,9629675,2,4,310186,0,0,0,0,0,0,23,23,5507240,0,0,0,0,0,0,0,0,0
201912,25,009,1,1,Essex County                  ,50,50,15537810,3,6,1110000,0,0,0,3,41,10195268,45,45,14309790,3,6,1110000,0,0,0,1,30,8353000
201912,25,017,1,1,Middlesex County              ,78,78,24370850,3,6,1411362,0,0,0,15,296,42469276,41,41,13483608,1,2,298000,0,0,0,7,127,15222469
201912,25,021,1,1,Norfolk County                ,41,41,18673446,1,2,500000,0,0,0,6,108,14088218,24,24,12002672,1,2,500000,0,0,0,1,48,8000000
201912,25,023,1,1,Plymouth County               ,73,73,17150815,1,2,150000,0,0,0,2,10,1172287,33,33,8093750,1,2,150000,0,0,0,0,0,0
201912,25,025,1,1,Suffolk County                ,1,1,175356,4,8,1360000,9,29,6922526,20,511,67212195,0,0,0,3,6,1060000,9,29,6922526,18,497,64120603
201912,26,000,2,3,Michigan Balance of State     ,2,2,375445,0,0,0,0,0,0,0,0,0,0,0,0,0,0,0,0,0,0,0,0,0
201912,26,019,2,3,Benzie County                 ,3,3,822354,0,0,0,0,0,0,0,0,0,0,0,0,0,0,0,0,0,0,0,0,0
201912,26,029,2,3,Charlevoix County             ,4,4,1017458,1,2,226390,0,0,0,0,0,0,0,0,0,0,0,0,0,0,0,0,0,0
201912,26,089,2,3,Leelanau County               ,16,16,4839845,0,0,0,0,0,0,0,0,0,16,16,4839845,0,0,0,0,0,0,0,0,0
201912,26,093,2,3,Livingston County             ,45,45,12827178,0,0,0,0,0,0,0,0,0,44,44,12693818,0,0,0,0,0,0,0,0,0
201912,26,095,2,3,Luce County                   ,0,0,0,0,0,0,0,0,0,0,0,0,0,0,0,0,0,0,0,0,0,0,0,0
201912,26,099,2,3,Macomb County                 ,51,51,17506382,0,0,0,0,0,0,2,24,2297600,51,51,17506382,0,0,0,0,0,0,2,24,2297600
201912,26,103,2,3,Marquette County              ,0,0,0,0,0,0,0,0,0,0,0,0,0,0,0,0,0,0,0,0,0,0,0,0
201912,26,137,2,3,Otsego County                 ,0,0,0,0,0,0,0,0,0,0,0,0,0,0,0,0,0,0,0,0,0,0,0,0
201912,26,147,2,3,St. Clair County              ,20,20,3952923,0,0,0,0,0,0,0,0,0,16,16,3287375,0,0,0,0,0,0,0,0,0
201912,26,163,2,3,Wayne County                  ,47,47,12183938,0,0,0,0,0,0,1,12,2800000,40,40,10966486,0,0,0,0,0,0,1,12,2800000
201912,27,003,2,4,Anoka County                  ,64,64,18189887,1,2,708322,0,0,0,0,0,0,61,61,17354939,0,0,0,0,0,0,0,0,0
201912,27,019,2,4,Carver County                 ,46,46,11262920,2,4,733641,0,0,0,0,0,0,46,46,11262920,2,4,733641,0,0,0,0,0,0
201912,27,025,2,4,Chisago County                ,17,17,3663042,0,0,0,0,0,0,0,0,0,16,16,3453709,0,0,0,0,0,0,0,0,0
201912,27,027,2,4,Clay County                   ,2,2,543317,0,0,0,0,0,0,0,0,0,2,2,543317,0,0,0,0,0,0,0,0,0
201912,27,037,2,4,Dakota County                 ,86,86,27140662,0,0,0,0,0,0,1,14,1986713,86,86,27140662,0,0,0,0,0,0,0,0,0
201912,27,053,2,4,Hennepin County               ,177,177,67575240,1,2,396234,1,4,1275416,8,1045,177920922,165,165,64203465,1,2,396234,1,4,1275416,8,1045,177920922
201912,27,059,2,4,Isanti County                 ,3,3,542346,0,0,0,0,0,0,0,0,0,3,3,542346,0,0,0,0,0,0,0,0,0
201912,27,123,2,4,Ramsey County                 ,29,29,9937001,0,0,0,0,0,0,3,294,37000000,29,29,9937001,0,0,0,0,0,0,3,294,37000000
201912,27,139,2,4,Scott County                  ,45,45,14835853,3,6,1188132,0,0,0,3,190,19059000,39,39,12386205,3,6,1188132,0,0,0,3,190,19059000
201912,27,141,2,4,Sherburne County              ,17,17,4207859,0,0,0,0,0,0,0,0,0,13,13,3431539,0,0,0,0,0,0,0,0,0
201912,27,163,2,4,Washington County             ,303,303,67723861,1,2,224782,0,0,0,0,0,0,298,298,65826436,1,2,224782,0,0,0,0,0,0
201912,27,171,2,4,Wright County                 ,50,50,16113256,0,0,0,0,0,0,0,0,0,45,45,15035982,0,0,0,0,0,0,0,0,0
201912,28,033,3,6,DeSoto County                 ,86,86,14320276,0,0,0,0,0,0,0,0,0,81,81,13826427,0,0,0,0,0,0,0,0,0
201912,28,041,3,6,Greene County                 ,0,0,0,0,0,0,0,0,0,0,0,0,0,0,0,0,0,0,0,0,0,0,0,0
201912,28,045,3,6,Hancock County                ,41,41,7522733,1,2,185179,1,4,401445,1,7,592639,16,16,3726101,0,0,0,0,0,0,0,0,0
201912,28,047,3,6,Harrison County               ,79,79,13875343,0,0,0,0,0,0,0,0,0,69,69,12739333,0,0,0,0,0,0,0,0,0
201912,28,067,3,6,Jones County                  ,0,0,0,0,0,0,0,0,0,0,0,0,0,0,0,0,0,0,0,0,0,0,0,0
201912,28,129,3,6,Smith County                  ,0,0,0,0,0,0,0,0,0,0,0,0,0,0,0,0,0,0,0,0,0,0,0,0
201912,28,137,3,6,Tate County                   ,6,6,1335000,0,0,0,0,0,0,0,0,0,6,6,1335000,0,0,0,0,0,0,0,0,0
201912,28,143,3,6,Tunica County                 ,9,9,2068202,0,0,0,0,0,0,0,0,0,0,0,0,0,0,0,0,0,0,0,0,0
201912,28,145,3,6,Union County                  ,0,0,0,0,0,0,0,0,0,0,0,0,0,0,0,0,0,0,0,0,0,0,0,0
201912,28,149,3,6,Warren County                 ,1,1,300000,0,0,0,0,0,0,0,0,0,0,0,0,0,0,0,0,0,0,0,0,0
201912,29,013,2,4,Bates County                  ,0,0,0,0,0,0,0,0,0,0,0,0,0,0,0,0,0,0,0,0,0,0,0,0
201912,29,017,2,4,Bollinger County              ,0,0,0,0,0,0,0,0,0,0,0,0,0,0,0,0,0,0,0,0,0,0,0,0
201912,29,019,2,4,Boone County                  ,46,46,13496328,2,4,372394,0,0,0,3,150,19927038,46,46,13496328,2,4,372394,0,0,0,3,150,19927038
201912,29,049,2,4,Clinton County                ,3,3,638615,0,0,0,0,0,0,0,0,0,0,0,0,0,0,0,0,0,0,0,0,0
201912,29,065,2,4,Dent County                   ,0,0,0,0,0,0,0,0,0,0,0,0,0,0,0,0,0,0,0,0,0,0,0,0
201912,29,071,2,4,Franklin County               ,19,19,3621000,1,2,340000,0,0,0,0,0,0,19,19,3621000,1,2,340000,0,0,0,0,0,0
201912,29,095,2,4,Jackson County                ,127,127,30774757,18,36,2329160,0,0,0,9,173,16036304,123,123,29709892,18,36,2329160,0,0,0,9,173,16036304
201912,29,099,2,4,Jefferson County              ,51,51,12297586,0,0,0,0,0,0,0,0,0,48,48,11948905,0,0,0,0,0,0,0,0,0
201912,29,105,2,4,Laclede County                ,1,1,157275,1,2,280650,0,0,0,0,0,0,1,1,157275,1,2,280650,0,0,0,0,0,0
201912,29,107,2,4,Lafayette County              ,3,3,812197,0,0,0,0,0,0,0,0,0,3,3,812197,0,0,0,0,0,0,0,0,0
201912,29,113,2,4,Lincoln County                ,17,17,2001039,0,0,0,0,0,0,0,0,0,17,17,2001039,0,0,0,0,0,0,0,0,0
201912,29,165,2,4,Platte County                 ,94,94,9994912,0,0,0,0,0,0,0,0,0,94,94,9994912,0,0,0,0,0,0,0,0,0
201912,29,185,2,4,St. Clair County              ,0,0,0,0,0,0,0,0,0,0,0,0,0,0,0,0,0,0,0,0,0,0,0,0
201912,29,189,2,4,St. Louis County              ,71,71,27874440,0,0,0,0,0,0,1,5,645353,34,34,12289775,0,0,0,0,0,0,0,0,0
201912,29,219,2,4,Warren County                 ,17,17,4312230,0,0,0,8,32,3466386,5,30,3329477,17,17,4312230,0,0,0,8,32,3466386,5,30,3329477
201912,29,221,2,4,Washington County             ,0,0,0,0,0,0,0,0,0,0,0,0,0,0,0,0,0,0,0,0,0,0,0,0
201912,29,510,2,4,St. Louis (Independent City)  ,5,5,900000,0,0,0,0,0,0,0,0,0,5,5,900000,0,0,0,0,0,0,0,0,0
201912,30,013,4,8,Cascade County                ,6,6,1851647,0,0,0,0,0,0,0,0,0,6,6,1851647,0,0,0,0,0,0,0,0,0
201912,30,033,4,8,Garfield County               ,0,0,0,0,0,0,0,0,0,0,0,0,0,0,0,0,0,0,0,0,0,0,0,0
201912,30,063,4,8,Missoula County               ,27,27,6864815,0,0,0,0,0,0,0,0,0,27,27,6864815,0,0,0,0,0,0,0,0,0
201912,30,093,4,8,Silver Bow County             ,0,0,0,1,2,400000,0,0,0,0,0,0,0,0,0,1,2,400000,0,0,0,0,0,0
201912,31,001,2,4,Adams County                  ,7,7,1858077,0,0,0,0,0,0,0,0,0,7,7,1858077,0,0,0,0,0,0,0,0,0
201912,31,025,2,4,Cass County                   ,6,6,1032549,0,0,0,0,0,0,0,0,0,0,0,0,0,0,0,0,0,0,0,0,0
201912,31,033,2,4,Cheyenne County               ,0,0,0,0,0,0,0,0,0,0,0,0,0,0,0,0,0,0,0,0,0,0,0,0
201912,31,055,2,4,Douglas County                ,93,93,13270940,0,0,0,0,0,0,0,0,0,93,93,13270940,0,0,0,0,0,0,0,0,0
201912,31,105,2,4,Kimball County                ,0,0,0,0,0,0,0,0,0,0,0,0,0,0,0,0,0,0,0,0,0,0,0,0
201912,31,153,2,4,Sarpy County                  ,66,66,17556787,0,0,0,0,0,0,0,0,0,13,13,3343653,0,0,0,0,0,0,0,0,0
201912,31,165,2,4,Sioux County                  ,0,0,0,0,0,0,0,0,0,0,0,0,0,0,0,0,0,0,0,0,0,0,0,0
201912,31,177,2,4,Washington County             ,10,10,3321504,0,0,0,0,0,0,0,0,0,10,10,3321504,0,0,0,0,0,0,0,0,0
201912,32,001,4,8,Churchill County              ,0,0,0,0,0,0,0,0,0,0,0,0,0,0,0,0,0,0,0,0,0,0,0,0
201912,32,003,4,8,Clark County                  ,588,588,162061384,4,8,2011096,0,0,0,1,12,505440,588,588,162061384,4,8,2011096,0,0,0,1,12,505440
201912,32,005,4,8,Douglas County                ,12,12,4982587,0,0,0,0,0,0,0,0,0,0,0,0,0,0,0,0,0,0,0,0,0
201912,32,007,4,8,Elko County                   ,10,10,1519952,0,0,0,0,0,0,0,0,0,10,10,1519952,0,0,0,0,0,0,0,0,0
201912,32,013,4,8,Humboldt County               ,1,1,219161,0,0,0,0,0,0,0,0,0,1,1,219161,0,0,0,0,0,0,0,0,0
201912,32,015,4,8,Lander County                 ,0,0,0,0,0,0,0,0,0,0,0,0,0,0,0,0,0,0,0,0,0,0,0,0
201912,32,017,4,8,Lincoln County                ,0,0,0,0,0,0,0,0,0,0,0,0,0,0,0,0,0,0,0,0,0,0,0,0
201912,32,019,4,8,Lyon County                   ,7,7,1846461,0,0,0,0,0,0,0,0,0,1,1,277463,0,0,0,0,0,0,0,0,0
201912,32,021,4,8,Mineral County                ,0,0,0,0,0,0,0,0,0,0,0,0,0,0,0,0,0,0,0,0,0,0,0,0
201912,32,027,4,8,Pershing County               ,0,0,0,0,0,0,0,0,0,0,0,0,0,0,0,0,0,0,0,0,0,0,0,0
201912,32,029,4,8,Storey County                 ,0,0,0,0,0,0,0,0,0,0,0,0,0,0,0,0,0,0,0,0,0,0,0,0
201912,32,031,4,8,Washoe County                 ,188,188,50712791,1,2,230714,4,12,2091513,26,421,53061352,35,35,8292763,0,0,0,4,12,2091513,16,220,30877192
201912,32,033,4,8,White Pine County             ,0,0,0,0,0,0,0,0,0,0,0,0,0,0,0,0,0,0,0,0,0,0,0,0
201912,32,510,4,8,Carson City (Independent City),15,15,4194485,0,0,0,0,0,0,0,0,0,15,15,4194485,0,0,0,0,0,0,0,0,0
201912,33,015,1,1,Rockingham County             ,49,49,13276080,4,8,1242826,0,0,0,2,18,2217160,34,34,9183534,1,2,370000,0,0,0,1,9,1500000
201912,33,017,1,1,Strafford County              ,24,24,3564263,0,0,0,0,0,0,0,0,0,12,12,3375385,0,0,0,0,0,0,0,0,0
201912,34,001,1,2,Atlantic County               ,33,33,9348210,0,0,0,0,0,0,2,53,5231575,32,32,9237210,0,0,0,0,0,0,0,0,0
201912,34,003,1,2,Bergen County                 ,57,57,24281939,7,14,2476435,1,3,243500,6,88,6936560,45,45,18944909,6,12,2099650,1,3,243500,1,5,120000
201912,34,005,1,2,Burlington County             ,42,42,7935386,0,0,0,1,3,203526,9,45,2638942,21,21,5619974,0,0,0,0,0,0,5,25,345686
201912,34,007,1,2,Camden County                 ,13,13,1920686,1,2,56500,4,14,27592519,1,5,266957,9,9,1275925,1,2,56500,4,14,27592519,0,0,0
201912,34,009,1,2,Cape May County               ,55,55,19796831,11,22,4687231,1,3,2200,0,0,0,55,55,19796831,11,22,4687231,1,3,2200,0,0,0
201912,34,011,1,2,Cumberland County             ,1,1,83216,0,0,0,0,0,0,0,0,0,0,0,0,0,0,0,0,0,0,0,0,0
201912,34,013,1,2,Essex County                  ,55,55,7712124,5,10,1352629,7,23,1533288,10,400,51945174,47,47,6618254,5,10,1352629,7,23,1533288,5,323,43715535
201912,34,015,1,2,Gloucester County             ,29,29,4434274,0,0,0,0,0,0,2,10,929009,17,17,2696132,0,0,0,0,0,0,0,0,0
201912,34,017,1,2,Hudson County                 ,11,11,1470200,2,4,543100,0,0,0,13,332,111626722,11,11,1470200,2,4,543100,0,0,0,11,263,33991023
201912,34,019,1,2,Hunterdon County              ,12,12,1162746,0,0,0,1,3,750000,2,18,923765,10,10,911050,0,0,0,1,3,750000,0,0,0
201912,34,021,1,2,Mercer County                 ,6,6,1278921,0,0,0,1,4,155600,1,10,484750,3,3,753300,0,0,0,1,4,155600,1,10,484750
201912,34,023,1,2,Middlesex County              ,44,44,9280857,1,2,133000,0,0,0,13,315,39440988,38,38,8414010,0,0,0,0,0,0,9,203,20089478
201912,34,025,1,2,Monmouth County               ,69,69,16928016,0,0,0,0,0,0,3,25,2010209,54,54,11948863,0,0,0,0,0,0,0,0,0
201912,34,027,1,2,Morris County                 ,76,76,9165633,1,2,92300,0,0,0,5,55,3788706,61,61,4930166,1,2,92300,0,0,0,1,32,526000
201912,34,029,1,2,Ocean County                  ,183,183,47708473,1,2,580000,0,0,0,1,5,510330,166,166,46257458,1,2,580000,0,0,0,0,0,0
201912,34,031,1,2,Passaic County                ,8,8,1332372,1,2,97232,0,0,0,2,39,2082370,5,5,653750,0,0,0,0,0,0,0,0,0
201912,34,033,1,2,Salem County                  ,0,0,0,0,0,0,0,0,0,0,0,0,0,0,0,0,0,0,0,0,0,0,0,0
201912,34,035,1,2,Somerset County               ,23,23,4943147,0,0,0,0,0,0,9,221,22458743,18,18,3953860,0,0,0,0,0,0,5,102,13172000
201912,34,037,1,2,Sussex County                 ,8,8,1245815,0,0,0,0,0,0,0,0,0,5,5,676243,0,0,0,0,0,0,0,0,0
201912,34,039,1,2,Union County                  ,15,15,3108168,5,10,1211505,0,0,0,5,196,11973474,5,5,1391025,4,8,933305,0,0,0,0,0,0
201912,34,041,1,2,Warren County                 ,5,5,775665,0,0,0,0,0,0,1,5,180544,2,2,257856,0,0,0,0,0,0,0,0,0
201912,35,000,4,8,New Mexico Balance of State   ,21,21,5691902,0,0,0,0,0,0,0,0,0,0,0,0,0,0,0,0,0,0,0,0,0
201912,35,001,4,8,Bernalillo County             ,75,75,18967995,0,0,0,0,0,0,0,0,0,75,75,18967995,0,0,0,0,0,0,0,0,0
201912,35,005,4,8,Chaves County                 ,3,3,494991,0,0,0,0,0,0,0,0,0,0,0,0,0,0,0,0,0,0,0,0,0
201912,35,009,4,8,Curry County                  ,2,2,503668,0,0,0,0,0,0,1,5,460938,0,0,0,0,0,0,0,0,0,0,0,0
201912,35,013,4,8,Dona Ana County               ,62,62,16119729,0,0,0,0,0,0,0,0,0,48,48,12255073,0,0,0,0,0,0,0,0,0
201912,35,015,4,8,Eddy County                   ,7,7,1366013,0,0,0,0,0,0,1,12,905660,0,0,0,0,0,0,0,0,0,0,0,0
201912,35,017,4,8,Grant County                  ,1,1,161654,0,0,0,0,0,0,0,0,0,0,0,0,0,0,0,0,0,0,0,0,0
201912,35,025,4,8,Lea County                    ,8,8,1692988,0,0,0,0,0,0,0,0,0,0,0,0,0,0,0,0,0,0,0,0,0
201912,35,027,4,8,Lincoln County                ,3,3,1004571,0,0,0,0,0,0,0,0,0,3,3,1004571,0,0,0,0,0,0,0,0,0
201912,35,028,4,8,Los Alamos County             ,0,0,0,0,0,0,0,0,0,0,0,0,0,0,0,0,0,0,0,0,0,0,0,0
201912,35,029,4,8,Luna County                   ,0,0,0,0,0,0,0,0,0,0,0,0,0,0,0,0,0,0,0,0,0,0,0,0
201912,35,031,4,8,McKinley County               ,0,0,0,0,0,0,0,0,0,0,0,0,0,0,0,0,0,0,0,0,0,0,0,0
201912,35,035,4,8,Otero County                  ,0,0,0,0,0,0,0,0,0,0,0,0,0,0,0,0,0,0,0,0,0,0,0,0
201912,35,041,4,8,Roosevelt County              ,1,1,153907,0,0,0,0,0,0,0,0,0,0,0,0,0,0,0,0,0,0,0,0,0
201912,35,043,4,8,Sandoval County               ,56,56,12401969,0,0,0,0,0,0,1,7,291666,0,0,0,0,0,0,0,0,0,0,0,0
201912,35,045,4,8,San Juan County               ,3,3,879717,0,0,0,0,0,0,0,0,0,3,3,879717,0,0,0,0,0,0,0,0,0
201912,35,047,4,8,San Miguel County             ,0,0,0,0,0,0,0,0,0,0,0,0,0,0,0,0,0,0,0,0,0,0,0,0
201912,35,049,4,8,Santa Fe County               ,31,31,6559864,0,0,0,0,0,0,0,0,0,31,31,6559864,0,0,0,0,0,0,0,0,0
201912,35,051,4,8,Sierra County                 ,0,0,0,0,0,0,0,0,0,0,0,0,0,0,0,0,0,0,0,0,0,0,0,0
201912,35,055,4,8,Taos County                   ,2,2,280000,1,2,192400,0,0,0,0,0,0,2,2,280000,1,2,192400,0,0,0,0,0,0
201912,35,061,4,8,Valencia County               ,7,7,1045278,0,0,0,0,0,0,0,0,0,7,7,1045278,0,0,0,0,0,0,0,0,0
201912,36,001,1,2,Albany County                 ,15,15,3599691,0,0,0,1,4,600000,2,11,1498404,7,7,1662515,0,0,0,0,0,0,0,0,0
201912,36,005,1,2,Bronx County                  ,0,0,0,0,0,0,0,0,0,7,440,56766731,0,0,0,0,0,0,0,0,0,7,440,56766731
201912,36,029,1,2,Erie County                   ,46,46,15248964,0,0,0,0,0,0,2,41,7655156,42,42,14529309,0,0,0,0,0,0,1,10,700000
201912,36,047,1,2,Kings County                  ,1,1,262409,8,16,2405258,3,9,1197432,20,1466,189136425,1,1,262409,8,16,2405258,3,9,1197432,20,1466,189136425
201912,36,051,1,2,Livingston County             ,4,4,960750,0,0,0,0,0,0,1,8,688000,3,3,780000,0,0,0,0,0,0,0,0,0
201912,36,055,1,2,Monroe County                 ,31,31,7510951,0,0,0,0,0,0,3,88,10116262,28,28,7112878,0,0,0,0,0,0,3,88,10116262
201912,36,059,1,2,Nassau County                 ,51,51,19124476,0,0,0,0,0,0,4,46,6228909,47,47,18163443,0,0,0,0,0,0,3,40,4700000
201912,36,061,1,2,New York County               ,0,0,0,0,0,0,0,0,0,3,605,78054255,0,0,0,0,0,0,0,0,0,3,605,78054255
201912,36,063,1,2,Niagara County                ,8,8,2589460,0,0,0,0,0,0,0,0,0,8,8,2589460,0,0,0,0,0,0,0,0,0
201912,36,069,1,2,Ontario County                ,12,12,4162560,1,2,600000,0,0,0,0,0,0,11,11,3880060,1,2,600000,0,0,0,0,0,0
201912,36,073,1,2,Orleans County                ,3,3,609817,0,0,0,0,0,0,0,0,0,3,3,609817,0,0,0,0,0,0,0,0,0
201912,36,079,1,2,Putnam County                 ,3,3,697445,0,0,0,0,0,0,1,6,609750,3,3,697445,0,0,0,0,0,0,1,6,609750
201912,36,081,1,2,Queens County                 ,7,7,1836861,11,22,3307229,7,21,2794008,19,310,39994742,7,7,1836861,11,22,3307229,7,21,2794008,19,310,39994742
201912,36,083,1,2,Rensselaer County             ,8,8,1450034,0,0,0,0,0,0,1,8,1223077,4,4,540000,0,0,0,0,0,0,0,0,0
201912,36,085,1,2,Richmond County               ,10,10,2624087,17,34,5111172,0,0,0,1,72,9289101,10,10,2624087,17,34,5111172,0,0,0,1,72,9289101
201912,36,087,1,2,Rockland County               ,4,4,1598408,2,4,617351,1,3,327411,2,10,1168587,1,1,761000,0,0,0,0,0,0,0,0,0
201912,36,091,1,2,Saratoga County               ,47,47,17822287,0,0,0,0,0,0,4,46,4826608,33,33,13109896,0,0,0,0,0,0,2,11,1419168
201912,36,093,1,2,Schenectady County            ,1,1,239500,0,0,0,0,0,0,0,0,0,0,0,0,0,0,0,0,0,0,0,0,0
201912,36,095,1,2,Schoharie County              ,2,2,260000,0,0,0,0,0,0,0,0,0,1,1,150000,0,0,0,0,0,0,0,0,0
201912,36,099,1,2,Seneca County                 ,5,5,721600,0,0,0,0,0,0,0,0,0,5,5,721600,0,0,0,0,0,0,0,0,0
201912,36,103,1,2,Suffolk County                ,66,66,71006232,0,0,0,0,0,0,1,17,1928351,62,62,70065943,0,0,0,0,0,0,0,0,0
201912,36,117,1,2,Wayne County                  ,3,3,810000,0,0,0,0,0,0,0,0,0,2,2,610000,0,0,0,0,0,0,0,0,0
201912,36,119,1,2,Westchester County            ,34,34,21112201,1,2,247500,1,3,120000,5,109,14731645,29,29,18255493,0,0,0,0,0,0,0,0,0
201912,37,007,3,5,Anson County                  ,4,4,599460,0,0,0,0,0,0,0,0,0,0,0,0,0,0,0,0,0,0,0,0,0
201912,37,011,3,5,Avery County                  ,12,12,4436577,0,0,0,0,0,0,0,0,0,12,12,4436577,0,0,0,0,0,0,0,0,0
201912,37,015,3,5,Bertie County                 ,1,1,750000,0,0,0,0,0,0,0,0,0,1,1,750000,0,0,0,0,0,0,0,0,0
201912,37,025,3,5,Cabarrus County               ,183,183,30558578,0,0,0,0,0,0,16,240,22125474,183,183,30558578,0,0,0,0,0,0,16,240,22125474
201912,37,033,3,5,Caswell County                ,1,1,396633,0,0,0,0,0,0,0,0,0,1,1,396633,0,0,0,0,0,0,0,0,0
201912,37,037,3,5,Chatham County                ,29,29,10805938,0,0,0,0,0,0,0,0,0,29,29,10805938,0,0,0,0,0,0,0,0,0
201912,37,051,3,5,Cumberland County             ,44,44,8043097,0,0,0,0,0,0,6,72,5254050,44,44,8043097,0,0,0,0,0,0,6,72,5254050
201912,37,053,3,5,Currituck County              ,33,33,8155661,0,0,0,0,0,0,0,0,0,0,0,0,0,0,0,0,0,0,0,0,0
201912,37,059,3,5,Davie County                  ,12,12,2527147,0,0,0,0,0,0,1,22,867563,0,0,0,0,0,0,0,0,0,0,0,0
201912,37,063,3,5,Durham County                 ,155,155,29685960,1,2,169897,0,0,0,4,103,8358034,0,0,0,0,0,0,0,0,0,0,0,0
201912,37,069,3,5,Franklin County               ,8,8,1899654,0,0,0,0,0,0,0,0,0,8,8,1899654,0,0,0,0,0,0,0,0,0
201912,37,071,3,5,Gaston County                 ,95,95,27664442,2,4,257545,0,0,0,0,0,0,95,95,27664442,2,4,257545,0,0,0,0,0,0
201912,37,077,3,5,Granville County              ,30,30,5859838,0,0,0,0,0,0,0,0,0,30,30,5859838,0,0,0,0,0,0,0,0,0
201912,37,081,3,5,Guilford County               ,89,89,21848204,0,0,0,0,0,0,2,48,7685182,89,89,21848204,0,0,0,0,0,0,2,48,7685182
201912,37,089,3,5,Henderson County              ,40,40,10270867,0,0,0,0,0,0,0,0,0,40,40,10270867,0,0,0,0,0,0,0,0,0
201912,37,093,3,5,Hoke County                   ,30,30,7123701,0,0,0,0,0,0,0,0,0,30,30,7123701,0,0,0,0,0,0,0,0,0
201912,37,097,3,5,Iredell County                ,117,117,32443324,0,0,0,0,0,0,0,0,0,117,117,32443324,0,0,0,0,0,0,0,0,0
201912,37,101,3,5,Johnston County               ,227,227,39343289,0,0,0,0,0,0,0,0,0,223,223,38643531,0,0,0,0,0,0,0,0,0
201912,37,119,3,5,Mecklenburg County            ,380,380,90233547,0,0,0,1,4,342070,17,485,68776331,380,380,90233547,0,0,0,1,4,342070,17,485,68776331
201912,37,133,3,5,Onslow County                 ,80,80,12587590,0,0,0,1,4,288000,0,0,0,80,80,12587590,0,0,0,1,4,288000,0,0,0
201912,37,135,3,5,Orange County                 ,26,26,7195272,0,0,0,0,0,0,0,0,0,26,26,7195272,0,0,0,0,0,0,0,0,0
201912,37,145,3,5,Person County                 ,4,4,795461,0,0,0,0,0,0,0,0,0,4,4,795461,0,0,0,0,0,0,0,0,0
201912,37,151,3,5,Randolph County               ,21,21,5863304,0,0,0,0,0,0,0,0,0,21,21,5863304,0,0,0,0,0,0,0,0,0
201912,37,157,3,5,Rockingham County             ,6,6,1433799,0,0,0,0,0,0,0,0,0,6,6,1433799,0,0,0,0,0,0,0,0,0
201912,37,179,3,5,Union County                  ,93,93,19103742,0,0,0,0,0,0,0,0,0,93,93,19103742,0,0,0,0,0,0,0,0,0
201912,37,181,3,5,Vance County                  ,0,0,0,0,0,0,0,0,0,0,0,0,0,0,0,0,0,0,0,0,0,0,0,0
201912,37,183,3,5,Wake County                   ,569,569,129582832,1,2,442335,0,0,0,7,102,13010855,569,569,129582832,1,2,442335,0,0,0,7,102,13010855
201912,37,195,3,5,Wilson County                 ,32,32,6415939,0,0,0,0,0,0,0,0,0,32,32,6415939,0,0,0,0,0,0,0,0,0
201912,39,007,2,3,Ashtabula County              ,3,3,375000,0,0,0,0,0,0,0,0,0,3,3,375000,0,0,0,0,0,0,0,0,0
201912,39,015,2,3,Brown County                  ,3,3,812197,0,0,0,0,0,0,0,0,0,3,3,812197,0,0,0,0,0,0,0,0,0
201912,39,017,2,3,Butler County                 ,47,47,10123903,0,0,0,0,0,0,0,0,0,10,10,1659763,0,0,0,0,0,0,0,0,0
201912,39,025,2,3,Clermont County               ,24,24,6078719,0,0,0,0,0,0,0,0,0,24,24,6078719,0,0,0,0,0,0,0,0,0
201912,39,041,2,3,Delaware County               ,116,116,30441995,0,0,0,0,0,0,0,0,0,99,99,27483998,0,0,0,0,0,0,0,0,0
201912,39,049,2,3,Franklin County               ,118,118,35380078,1,2,142000,0,0,0,11,229,12959655,109,109,32983809,1,2,142000,0,0,0,10,224,12734655
201912,39,055,2,3,Geauga County                 ,5,5,2700000,0,0,0,0,0,0,0,0,0,5,5,2700000,0,0,0,0,0,0,0,0,0
201912,39,085,2,3,Lake County                   ,19,19,4300762,0,0,0,0,0,0,0,0,0,19,19,4300762,0,0,0,0,0,0,0,0,0
201912,39,089,2,3,Licking County                ,15,15,8309667,0,0,0,0,0,0,0,0,0,15,15,8309667,0,0,0,0,0,0,0,0,0
201912,39,093,2,3,Lorain County                 ,66,66,16419910,1,2,231220,2,8,1477500,3,17,2545328,39,39,11331823,0,0,0,2,8,1477500,3,17,2545328
201912,39,097,2,3,Madison County                ,10,10,2534412,0,0,0,0,0,0,0,0,0,9,9,2270732,0,0,0,0,0,0,0,0,0
201912,39,103,2,3,Medina County                 ,32,32,8670966,0,0,0,0,0,0,0,0,0,32,32,8670966,0,0,0,0,0,0,0,0,0
201912,39,117,2,3,Morrow County                 ,7,7,1803661,0,0,0,0,0,0,0,0,0,7,7,1803661,0,0,0,0,0,0,0,0,0
201912,39,159,2,3,Union County                  ,30,30,8121966,0,0,0,0,0,0,1,6,400000,30,30,8121966,0,0,0,0,0,0,1,6,400000
201912,39,165,2,3,Warren County                 ,97,97,26150839,0,0,0,0,0,0,0,0,0,85,85,22530491,0,0,0,0,0,0,0,0,0
201912,40,001,3,7,Adair County                  ,0,0,0,0,0,0,0,0,0,0,0,0,0,0,0,0,0,0,0,0,0,0,0,0
201912,40,017,3,7,Canadian County               ,37,37,5902000,13,26,3559600,0,0,0,0,0,0,37,37,5902000,13,26,3559600,0,0,0,0,0,0
201912,40,021,3,7,Cherokee County               ,5,5,656191,0,0,0,0,0,0,0,0,0,0,0,0,0,0,0,0,0,0,0,0,0
201912,40,027,3,7,Cleveland County              ,39,39,10098381,1,2,390444,0,0,0,0,0,0,8,8,1256525,0,0,0,0,0,0,0,0,0
201912,40,029,3,7,Coal County                   ,0,0,0,0,0,0,0,0,0,0,0,0,0,0,0,0,0,0,0,0,0,0,0,0
201912,40,037,3,7,Creek County                  ,6,6,1256693,0,0,0,0,0,0,1,14,1076923,0,0,0,0,0,0,0,0,0,0,0,0
201912,40,051,3,7,Grady County                  ,1,1,265000,0,0,0,0,0,0,0,0,0,1,1,265000,0,0,0,0,0,0,0,0,0
201912,40,055,3,7,Greer County                  ,0,0,0,0,0,0,0,0,0,0,0,0,0,0,0,0,0,0,0,0,0,0,0,0
201912,40,081,3,7,Lincoln County                ,0,0,0,0,0,0,0,0,0,0,0,0,0,0,0,0,0,0,0,0,0,0,0,0
201912,40,083,3,7,Logan County                  ,0,0,0,0,0,0,0,0,0,0,0,0,0,0,0,0,0,0,0,0,0,0,0,0
201912,40,087,3,7,McClain County                ,26,26,4892804,0,0,0,0,0,0,0,0,0,0,0,0,0,0,0,0,0,0,0,0,0
201912,40,109,3,7,Oklahoma County               ,302,302,72834915,18,36,3547080,0,0,0,0,0,0,76,76,26077683,13,26,2593440,0,0,0,0,0,0
201912,40,111,3,7,Okmulgee County               ,1,1,200000,0,0,0,0,0,0,0,0,0,1,1,200000,0,0,0,0,0,0,0,0,0
201912,40,113,3,7,Osage County                  ,8,8,3115113,0,0,0,0,0,0,0,0,0,8,8,3115113,0,0,0,0,0,0,0,0,0
201912,40,117,3,7,Pawnee County                 ,0,0,0,0,0,0,0,0,0,0,0,0,0,0,0,0,0,0,0,0,0,0,0,0
201912,40,131,3,7,Rogers County                 ,46,46,9713038,5,10,825000,0,0,0,0,0,0,46,46,9713038,5,10,825000,0,0,0,0,0,0
201912,40,143,3,7,Tulsa County                  ,135,135,33836764,0,0,0,0,0,0,0,0,0,135,135,33836764,0,0,0,0,0,0,0,0,0
201912,40,145,3,7,Wagoner County                ,37,37,6698288,0,0,0,0,0,0,0,0,0,37,37,6698288,0,0,0,0,0,0,0,0,0
201912,41,000,4,9,Oregon Balance of State       ,35,35,5619000,0,0,0,0,0,0,0,0,0,35,35,5619000,0,0,0,0,0,0,0,0,0
201912,41,005,4,9,Clackamas County              ,99,99,29874663,0,0,0,4,15,3251398,8,178,22596099,78,78,22276511,0,0,0,4,15,3251398,7,165,20705678
201912,41,017,4,9,Deschutes County              ,134,134,29956324,2,4,607597,0,0,0,3,72,7500000,134,134,29956324,2,4,607597,0,0,0,3,72,7500000
201912,41,019,4,9,Douglas County                ,16,16,4305459,0,0,0,0,0,0,0,0,0,16,16,4305459,0,0,0,0,0,0,0,0,0
201912,41,025,4,9,Harney County                 ,0,0,0,0,0,0,0,0,0,0,0,0,0,0,0,0,0,0,0,0,0,0,0,0
201912,41,035,4,9,Klamath County                ,10,10,2842459,0,0,0,0,0,0,0,0,0,10,10,2842459,0,0,0,0,0,0,0,0,0
201912,41,051,4,9,Multnomah County              ,56,56,10398760,6,12,2104382,0,0,0,3,346,55462326,56,56,10398760,6,12,2104382,0,0,0,3,346,55462326
201912,41,065,4,9,Wasco County                  ,0,0,0,0,0,0,0,0,0,0,0,0,0,0,0,0,0,0,0,0,0,0,0,0
201912,41,067,4,9,Washington County             ,116,116,33892745,0,0,0,0,0,0,4,110,13329264,116,116,33892745,0,0,0,0,0,0,4,110,13329264
201912,41,071,4,9,Yamhill County                ,22,22,6259031,0,0,0,0,0,0,0,0,0,13,13,4178181,0,0,0,0,0,0,0,0,0
201912,42,001,1,2,Adams County                  ,21,21,4065300,0,0,0,0,0,0,0,0,0,21,21,4065300,0,0,0,0,0,0,0,0,0
201912,42,017,1,2,Bucks County                  ,45,45,11404538,0,0,0,0,0,0,0,0,0,29,29,7364009,0,0,0,0,0,0,0,0,0
201912,42,029,1,2,Chester County                ,95,95,24312999,1,2,410000,1,4,1291840,0,0,0,88,88,22475260,1,2,410000,1,4,1291840,0,0,0
201912,42,037,1,2,Columbia County               ,2,2,486606,0,0,0,0,0,0,1,9,1186039,1,1,292206,0,0,0,0,0,0,0,0,0
201912,42,041,1,2,Cumberland County             ,45,45,11689795,0,0,0,0,0,0,0,0,0,38,38,10603416,0,0,0,0,0,0,0,0,0
201912,42,043,1,2,Dauphin County                ,31,31,8114477,1,2,369810,2,7,1063370,0,0,0,28,28,7248164,1,2,369810,2,7,1063370,0,0,0
201912,42,045,1,2,Delaware County               ,12,12,2279889,0,0,0,0,0,0,1,5,2056072,6,6,1120409,0,0,0,0,0,0,0,0,0
201912,42,055,1,2,Franklin County               ,20,20,4069396,0,0,0,0,0,0,1,5,650767,12,12,2054817,0,0,0,0,0,0,0,0,0
201912,42,091,1,2,Montgomery County             ,65,65,12163169,0,0,0,1,4,417100,1,21,2408869,55,55,10042191,0,0,0,1,4,417100,0,0,0
201912,42,093,1,2,Montour County                ,0,0,0,1,2,180000,0,0,0,0,0,0,0,0,0,1,2,180000,0,0,0,0,0,0
201912,42,099,1,2,Perry County                  ,5,5,1306508,0,0,0,0,0,0,0,0,0,0,0,0,0,0,0,0,0,0,0,0,0
201912,42,101,1,2,Philadelphia County           ,102,102,26765686,8,16,2600000,6,21,2072800,7,975,178610000,102,102,26765686,8,16,2600000,6,21,2072800,7,975,178610000
201912,42,103,1,2,Pike County                   ,7,7,1370433,0,0,0,0,0,0,0,0,0,5,5,920999,0,0,0,0,0,0,0,0,0
201912,44,001,1,1,Bristol County                ,1,1,454400,0,0,0,0,0,0,0,0,0,1,1,454400,0,0,0,0,0,0,0,0,0
201912,44,003,1,1,Kent County                   ,5,5,789445,0,0,0,0,0,0,0,0,0,2,2,312000,0,0,0,0,0,0,0,0,0
201912,44,005,1,1,Newport County                ,14,14,3119637,0,0,0,0,0,0,0,0,0,14,14,3119637,0,0,0,0,0,0,0,0,0
201912,44,007,1,1,Providence County             ,35,35,9451338,5,10,866080,6,23,1141576,0,0,1316576,30,30,8865275,5,10,866080,6,23,1141576,0,0,1316576
201912,44,009,1,1,Washington County             ,25,25,7227755,0,0,0,0,0,0,0,0,0,23,23,6637907,0,0,0,0,0,0,0,0,0
201912,45,003,3,5,Aiken County                  ,56,56,14954775,0,0,0,0,0,0,0,0,0,48,48,13352828,0,0,0,0,0,0,0,0,0
201912,45,009,3,5,Bamberg County                ,1,1,180000,0,0,0,0,0,0,0,0,0,1,1,180000,0,0,0,0,0,0,0,0,0
201912,45,015,3,5,Berkeley County               ,124,124,33514540,0,0,0,0,0,0,3,58,4501533,42,42,8896046,0,0,0,0,0,0,0,0,0
201912,45,017,3,5,Calhoun County                ,2,2,334701,0,0,0,0,0,0,0,0,0,0,0,0,0,0,0,0,0,0,0,0,0
201912,45,019,3,5,Charleston County             ,176,176,53193164,0,0,0,1,3,238125,4,112,7430801,20,20,12811824,0,0,0,0,0,0,0,0,0
201912,45,035,3,5,Dorchester County             ,46,46,14617936,0,0,0,0,0,0,0,0,0,46,46,14617936,0,0,0,0,0,0,0,0,0
201912,45,037,3,5,Edgefield County              ,20,20,3790890,0,0,0,0,0,0,0,0,0,20,20,3790890,0,0,0,0,0,0,0,0,0
201912,45,039,3,5,Fairfield County              ,4,4,502020,0,0,0,0,0,0,0,0,0,4,4,502020,0,0,0,0,0,0,0,0,0
201912,45,045,3,5,Greenville County             ,297,297,81889467,0,0,0,0,0,0,0,0,0,297,297,81889467,0,0,0,0,0,0,0,0,0
201912,45,051,3,5,Horry County                  ,328,328,59697890,3,6,686010,0,0,0,0,0,0,286,286,45016539,3,6,686010,0,0,0,0,0,0
201912,45,055,3,5,Kershaw County                ,22,22,3440238,0,0,0,0,0,0,0,0,0,22,22,3440238,0,0,0,0,0,0,0,0,0
201912,45,059,3,5,Laurens County                ,8,8,1339455,0,0,0,0,0,0,0,0,0,8,8,1339455,0,0,0,0,0,0,0,0,0
201912,45,063,3,5,Lexington County              ,159,159,45807678,0,0,0,0,0,0,0,0,0,156,156,45192640,0,0,0,0,0,0,0,0,0
201912,45,077,3,5,Pickens County                ,54,54,12178638,1,2,253268,0,0,0,0,0,0,34,34,9214891,0,0,0,0,0,0,0,0,0
201912,45,079,3,5,Richland County               ,112,112,22324180,1,2,160000,0,0,0,1,5,843131,99,99,19260741,1,2,160000,0,0,0,0,0,0
201912,45,081,3,5,Saluda County                 ,3,3,638041,0,0,0,0,0,0,0,0,0,0,0,0,0,0,0,0,0,0,0,0,0
201912,45,085,3,5,Sumter County                 ,20,20,2991504,0,0,0,0,0,0,0,0,0,20,20,2991504,0,0,0,0,0,0,0,0,0
201912,45,091,3,5,York County                   ,186,186,63855092,0,0,0,0,0,0,2,19,2062274,9,9,2120137,0,0,0,0,0,0,0,0,0
201912,46,007,2,4,Bennett County                ,0,0,0,0,0,0,0,0,0,0,0,0,0,0,0,0,0,0,0,0,0,0,0,0
201912,46,055,2,4,Haakon County                 ,0,0,0,0,0,0,0,0,0,0,0,0,0,0,0,0,0,0,0,0,0,0,0,0
201912,46,071,2,4,Jackson County                ,0,0,0,0,0,0,0,0,0,0,0,0,0,0,0,0,0,0,0,0,0,0,0,0
201912,46,111,2,4,Sanborn County                ,0,0,0,0,0,0,0,0,0,0,0,0,0,0,0,0,0,0,0,0,0,0,0,0
201912,47,001,3,6,Anderson County               ,12,12,1862380,0,0,0,0,0,0,0,0,0,8,8,1385511,0,0,0,0,0,0,0,0,0
201912,47,015,3,6,Cannon County                 ,0,0,0,0,0,0,0,0,0,0,0,0,0,0,0,0,0,0,0,0,0,0,0,0
201912,47,021,3,6,Cheatham County               ,10,10,1749232,0,0,0,0,0,0,0,0,0,9,9,1417000,0,0,0,0,0,0,0,0,0
201912,47,037,3,6,Davidson County               ,344,344,82880475,0,0,0,0,0,0,15,668,71156809,340,340,81497822,0,0,0,0,0,0,15,668,71156809
201912,47,043,3,6,Dickson County                ,16,16,3275357,0,0,0,0,0,0,0,0,0,16,16,3275357,0,0,0,0,0,0,0,0,0
201912,47,049,3,6,Fentress County               ,0,0,0,0,0,0,0,0,0,0,0,0,0,0,0,0,0,0,0,0,0,0,0,0
201912,47,081,3,6,Hickman County                ,5,5,864961,0,0,0,0,0,0,0,0,0,0,0,0,0,0,0,0,0,0,0,0,0
201912,47,093,3,6,Knox County                   ,75,75,16064188,0,0,0,0,0,0,0,0,0,75,75,16064188,0,0,0,0,0,0,0,0,0
201912,47,105,3,6,Loudon County                 ,33,33,9248908,0,0,0,0,0,0,0,0,0,29,29,8505593,0,0,0,0,0,0,0,0,0
201912,47,125,3,6,Montgomery County             ,121,121,21562508,1,2,124167,3,12,682731,2,12,741490,70,70,15417956,0,0,0,0,0,0,0,0,0
201912,47,139,3,6,Polk County                   ,15,15,2701861,0,0,0,0,0,0,0,0,0,0,0,0,0,0,0,0,0,0,0,0,0
201912,47,149,3,6,Rutherford County             ,198,198,32649935,1,2,400000,1,4,353912,1,204,20040000,193,193,31764044,1,2,400000,1,4,353912,1,204,20040000
201912,47,153,3,6,Sequatchie County             ,0,0,0,0,0,0,0,0,0,0,0,0,0,0,0,0,0,0,0,0,0,0,0,0
201912,47,157,3,6,Shelby County                 ,63,63,14962316,0,0,0,0,0,0,0,0,0,63,63,14962316,0,0,0,0,0,0,0,0,0
201912,47,159,3,6,Smith County                  ,5,5,1148659,0,0,0,0,0,0,0,0,0,4,4,1016000,0,0,0,0,0,0,0,0,0
201912,47,161,3,6,Stewart County                ,0,0,0,0,0,0,0,0,0,0,0,0,0,0,0,0,0,0,0,0,0,0,0,0
201912,47,165,3,6,Sumner County                 ,95,95,28945677,0,0,0,0,0,0,0,0,0,95,95,28945677,0,0,0,0,0,0,0,0,0
201912,47,167,3,6,Tipton County                 ,16,16,3060131,0,0,0,0,0,0,0,0,0,8,8,1867380,0,0,0,0,0,0,0,0,0
201912,47,169,3,6,Trousdale County              ,4,4,477000,0,0,0,0,0,0,0,0,0,4,4,477000,0,0,0,0,0,0,0,0,0
201912,47,173,3,6,Union County                  ,5,5,930000,0,0,0,0,0,0,0,0,0,5,5,930000,0,0,0,0,0,0,0,0,0
201912,47,175,3,6,Van Buren County              ,0,0,0,0,0,0,0,0,0,0,0,0,0,0,0,0,0,0,0,0,0,0,0,0
201912,47,189,3,6,Wilson County                 ,93,93,25129137,0,0,0,5,18,3600000,1,78,9750000,93,93,25129137,0,0,0,5,18,3600000,1,78,9750000
201912,48,013,3,7,Atascosa County               ,0,0,0,0,0,0,0,0,0,0,0,0,0,0,0,0,0,0,0,0,0,0,0,0
201912,48,015,3,7,Austin County                 ,4,4,970938,0,0,0,0,0,0,0,0,0,3,3,734531,0,0,0,0,0,0,0,0,0
201912,48,019,3,7,Bandera County                ,0,0,0,0,0,0,0,0,0,0,0,0,0,0,0,0,0,0,0,0,0,0,0,0
201912,48,021,3,7,Bastrop County                ,11,11,1878591,0,0,0,0,0,0,0,0,0,6,6,872618,0,0,0,0,0,0,0,0,0
201912,48,025,3,7,Bee County                    ,1,1,155000,1,2,150000,0,0,0,0,0,0,0,0,0,0,0,0,0,0,0,0,0,0
201912,48,027,3,7,Bell County                   ,138,138,26229747,2,4,216520,0,0,0,0,0,0,73,73,14863083,0,0,0,0,0,0,0,0,0
201912,48,029,3,7,Bexar County                  ,345,345,77411902,0,0,0,2,8,1074178,11,308,35745815,307,307,72675377,0,0,0,2,8,1074178,11,308,35745815
201912,48,051,3,7,Burleson County               ,0,0,0,0,0,0,0,0,0,0,0,0,0,0,0,0,0,0,0,0,0,0,0,0
201912,48,055,3,7,Caldwell County               ,19,19,3990299,1,2,173138,0,0,0,1,14,1531418,0,0,0,0,0,0,0,0,0,0,0,0
201912,48,085,3,7,Collin County                 ,772,772,211026147,1,2,435264,0,0,0,0,0,0,582,582,148770103,1,2,435264,0,0,0,0,0,0
201912,48,091,3,7,Comal County                  ,255,255,60551460,0,0,0,0,0,0,0,0,0,255,255,60551460,0,0,0,0,0,0,0,0,0
201912,48,099,3,7,Coryell County                ,9,9,1209727,0,0,0,0,0,0,0,0,0,9,9,1209727,0,0,0,0,0,0,0,0,0
201912,48,107,3,7,Crosby County                 ,0,0,0,0,0,0,0,0,0,0,0,0,0,0,0,0,0,0,0,0,0,0,0,0
201912,48,113,3,7,Dallas County                 ,439,439,124500336,3,6,690348,2,7,1726723,7,504,56411432,421,421,116637819,2,4,447365,2,7,1726723,5,448,50285760
201912,48,119,3,7,Delta County                  ,0,0,0,0,0,0,0,0,0,0,0,0,0,0,0,0,0,0,0,0,0,0,0,0
201912,48,135,3,7,Ector County                  ,77,77,18284166,0,0,0,0,0,0,0,0,0,77,77,18284166,0,0,0,0,0,0,0,0,0
201912,48,139,3,7,Ellis County                  ,132,132,31412322,5,10,1118412,0,0,0,1,7,1191574,83,83,21740999,5,10,1118412,0,0,0,0,0,0
201912,48,141,3,7,El Paso County                ,158,158,36607615,7,14,1820438,1,3,393572,4,35,6112543,37,37,8628441,0,0,0,0,0,0,0,0,0
201912,48,157,3,7,Fort Bend County              ,783,783,69332111,0,0,0,0,0,0,1,6,469551,218,218,51713105,0,0,0,0,0,0,0,0,0
201912,48,167,3,7,Galveston County              ,163,163,42942759,0,0,0,0,0,0,0,0,0,144,144,38337892,0,0,0,0,0,0,0,0,0
201912,48,185,3,7,Grimes County                 ,4,4,767956,0,0,0,0,0,0,0,0,0,4,4,767956,0,0,0,0,0,0,0,0,0
201912,48,187,3,7,Guadalupe County              ,67,67,15819340,0,0,0,0,0,0,0,0,0,65,65,15259053,0,0,0,0,0,0,0,0,0
201912,48,193,3,7,Hamilton County               ,1,1,80000,0,0,0,0,0,0,0,0,0,0,0,0,0,0,0,0,0,0,0,0,0
201912,48,195,3,7,Hansford County               ,0,0,0,0,0,0,0,0,0,0,0,0,0,0,0,0,0,0,0,0,0,0,0,0
201912,48,201,3,7,Harris County                 ,1218,1218,238298591,16,32,4584777,0,0,0,28,1232,133524462,1214,1214,233318609,16,32,4584777,0,0,0,28,1232,133524462
201912,48,211,3,7,Hemphill County               ,0,0,0,0,0,0,0,0,0,0,0,0,0,0,0,0,0,0,0,0,0,0,0,0
201912,48,215,3,7,Hidalgo County                ,193,193,25565778,5,10,470000,24,96,4902248,13,358,31535819,176,176,23970371,4,8,320000,24,96,4902248,13,358,31535819
201912,48,233,3,7,Hutchinson County             ,0,0,0,0,0,0,0,0,0,0,0,0,0,0,0,0,0,0,0,0,0,0,0,0
201912,48,251,3,7,Johnson County                ,47,47,10487417,0,0,0,0,0,0,0,0,0,43,43,9852555,0,0,0,0,0,0,0,0,0
201912,48,257,3,7,Kaufman County                ,44,44,9973153,5,10,1300000,0,0,0,4,143,15000000,40,40,9084382,5,10,1300000,0,0,0,4,143,15000000
201912,48,259,3,7,Kendall County                ,24,24,6242841,0,0,0,0,0,0,0,0,0,0,0,0,0,0,0,0,0,0,0,0,0
201912,48,271,3,7,Kinney County                 ,0,0,0,0,0,0,0,0,0,0,0,0,0,0,0,0,0,0,0,0,0,0,0,0
201912,48,281,3,7,Lampasas County               ,8,8,915000,0,0,0,0,0,0,0,0,0,8,8,915000,0,0,0,0,0,0,0,0,0
201912,48,291,3,7,Liberty County                ,55,55,6945833,0,0,0,0,0,0,0,0,0,0,0,0,0,0,0,0,0,0,0,0,0
201912,48,303,3,7,Lubbock County                ,117,117,26239114,22,44,5486550,0,0,0,0,0,0,117,117,26239114,22,44,5486550,0,0,0,0,0,0
201912,48,323,3,7,Maverick County               ,9,9,1444932,0,0,0,0,0,0,0,0,0,9,9,1444932,0,0,0,0,0,0,0,0,0
201912,48,325,3,7,Medina County                 ,1,1,199035,0,0,0,0,0,0,0,0,0,0,0,0,0,0,0,0,0,0,0,0,0
201912,48,329,3,7,Midland County                ,86,86,15873821,0,0,0,0,0,0,0,0,0,86,86,15873821,0,0,0,0,0,0,0,0,0
201912,48,339,3,7,Montgomery County             ,516,516,120876739,0,0,0,0,0,0,9,294,29470048,496,496,118476515,0,0,0,0,0,0,8,288,28813726
201912,48,367,3,7,Parker County                 ,29,29,6416957,0,0,0,0,0,0,1,22,1915227,9,9,2083157,0,0,0,0,0,0,0,0,0
201912,48,375,3,7,Potter County                 ,41,41,9735725,0,0,0,0,0,0,0,0,0,41,41,9735725,0,0,0,0,0,0,0,0,0
201912,48,383,3,7,Reagan County                 ,0,0,0,0,0,0,0,0,0,0,0,0,0,0,0,0,0,0,0,0,0,0,0,0
201912,48,385,3,7,Real County                   ,0,0,0,0,0,0,0,0,0,0,0,0,0,0,0,0,0,0,0,0,0,0,0,0
201912,48,395,3,7,Robertson County              ,7,7,1458131,0,0,0,0,0,0,0,0,0,0,0,0,0,0,0,0,0,0,0,0,0
201912,48,397,3,7,Rockwall County               ,106,106,33032146,0,0,0,0,0,0,0,0,0,96,96,27507062,0,0,0,0,0,0,0,0,0
201912,48,407,3,7,San Jacinto County            ,29,29,6399964,0,0,0,0,0,0,0,0,0,0,0,0,0,0,0,0,0,0,0,0,0
201912,48,411,3,7,San Saba County               ,0,0,0,0,0,0,0,0,0,0,0,0,0,0,0,0,0,0,0,0,0,0,0,0
201912,48,451,3,7,Tom Green County              ,22,22,4507747,0,0,0,0,0,0,0,0,0,22,22,4507747,0,0,0,0,0,0,0,0,0
201912,48,453,3,7,Travis County                 ,730,730,177557679,10,20,1698363,0,0,0,26,975,113256560,705,705,172678204,9,18,1525225,0,0,0,26,975,113256560
201912,48,473,3,7,Waller County                 ,0,0,0,0,0,0,0,0,0,1,5,110903,0,0,0,0,0,0,0,0,0,0,0,0
201912,48,491,3,7,Williamson County             ,359,359,82978696,0,0,0,0,0,0,9,192,16413696,339,339,78380955,0,0,0,0,0,0,9,192,16413696
201912,48,493,3,7,Wilson County                 ,6,6,1252163,0,0,0,0,0,0,0,0,0,1,1,237457,0,0,0,0,0,0,0,0,0
201912,48,497,3,7,Wise County                   ,5,5,1214827,0,0,0,0,0,0,0,0,0,5,5,1214827,0,0,0,0,0,0,0,0,0
201912,49,011,4,8,Davis County                  ,79,79,22118867,0,0,0,2,7,1022396,2,17,1960000,77,77,21528805,0,0,0,1,3,397000,2,17,1960000
201912,49,023,4,8,Juab County                   ,4,4,1146859,0,0,0,0,0,0,0,0,0,0,0,0,0,0,0,0,0,0,0,0,0
201912,49,029,4,8,Morgan County                 ,5,5,2590794,0,0,0,0,0,0,0,0,0,3,3,2098754,0,0,0,0,0,0,0,0,0
201912,49,035,4,8,Salt Lake County              ,263,263,69218925,1,2,268130,3,10,1978038,5,151,24863936,194,194,51920953,0,0,0,2,6,1401737,2,105,18000000
201912,49,039,4,8,Sanpete County                ,0,0,0,0,0,0,0,0,0,0,0,0,0,0,0,0,0,0,0,0,0,0,0,0
201912,49,043,4,8,Summit County                 ,7,7,3516346,0,0,0,1,3,841530,2,23,8470279,0,0,0,0,0,0,0,0,0,1,14,6932568
201912,49,057,4,8,Weber County                  ,57,57,13165529,0,0,0,3,12,2729574,1,20,3080000,52,52,11645900,0,0,0,3,12,2729574,1,20,3080000
201912,51,003,3,5,Albemarle County              ,49,49,13930136,0,0,0,0,0,0,1,35,3116109,0,0,0,0,0,0,0,0,0,0,0,0
201912,51,007,3,5,Amelia County                 ,1,1,153270,0,0,0,0,0,0,0,0,0,1,1,153270,0,0,0,0,0,0,0,0,0
201912,51,009,3,5,Amherst County                ,1,1,40000,0,0,0,0,0,0,0,0,0,1,1,40000,0,0,0,0,0,0,0,0,0
201912,51,013,3,5,Arlington County              ,12,12,5408712,0,0,0,0,0,0,0,0,0,12,12,5408712,0,0,0,0,0,0,0,0,0
201912,51,015,3,5,Augusta County                ,5,5,1202640,0,0,0,0,0,0,0,0,0,5,5,1202640,0,0,0,0,0,0,0,0,0
201912,51,019,3,5,Bedford County                ,0,0,0,0,0,0,0,0,0,0,0,0,0,0,0,0,0,0,0,0,0,0,0,0
201912,51,033,3,5,Caroline County               ,10,10,1493000,0,0,0,0,0,0,0,0,0,10,10,1493000,0,0,0,0,0,0,0,0,0
201912,51,036,3,5,Charles City County           ,1,1,163960,0,0,0,0,0,0,0,0,0,0,0,0,0,0,0,0,0,0,0,0,0
201912,51,037,3,5,Charlotte County              ,1,1,203249,0,0,0,0,0,0,0,0,0,0,0,0,0,0,0,0,0,0,0,0,0
201912,51,041,3,5,Chesterfield County           ,110,110,22538735,1,2,400000,4,15,1759430,3,18,2326465,110,110,22538735,1,2,400000,4,15,1759430,3,18,2326465
201912,51,043,3,5,Clarke County                 ,6,6,1828633,0,0,0,0,0,0,0,0,0,6,6,1828633,0,0,0,0,0,0,0,0,0
201912,51,049,3,5,Cumberland County             ,2,2,267575,0,0,0,0,0,0,0,0,0,0,0,0,0,0,0,0,0,0,0,0,0
201912,51,051,3,5,Dickenson County              ,0,0,0,0,0,0,0,0,0,0,0,0,0,0,0,0,0,0,0,0,0,0,0,0
201912,51,053,3,5,Dinwiddie County              ,6,6,924387,0,0,0,0,0,0,0,0,0,0,0,0,0,0,0,0,0,0,0,0,0
201912,51,059,3,5,Fairfax County                ,118,118,28019891,0,0,0,0,0,0,1,400,44898000,118,118,28019891,0,0,0,0,0,0,1,400,44898000
201912,51,061,3,5,Fauquier County               ,6,6,1173566,0,0,0,0,0,0,0,0,0,6,6,1173566,0,0,0,0,0,0,0,0,0
201912,51,069,3,5,Frederick County              ,44,44,6553011,0,0,0,0,0,0,0,0,0,44,44,6553011,0,0,0,0,0,0,0,0,0
201912,51,073,3,5,Gloucester County             ,5,5,1004000,0,0,0,0,0,0,0,0,0,5,5,1004000,0,0,0,0,0,0,0,0,0
201912,51,075,3,5,Goochland County              ,21,21,6160768,0,0,0,0,0,0,0,0,0,21,21,6160768,0,0,0,0,0,0,0,0,0
201912,51,085,3,5,Hanover County                ,48,48,11856825,0,0,0,0,0,0,0,0,0,48,48,11856825,0,0,0,0,0,0,0,0,0
201912,51,087,3,5,Henrico County                ,52,52,8359030,0,0,0,0,0,0,1,349,36100000,52,52,8359030,0,0,0,0,0,0,1,349,36100000
201912,51,093,3,5,Isle of Wight County          ,12,12,3140500,0,0,0,0,0,0,0,0,0,12,12,3140500,0,0,0,0,0,0,0,0,0
201912,51,095,3,5,James City County             ,21,21,4986591,0,0,0,0,0,0,0,0,0,21,21,4986591,0,0,0,0,0,0,0,0,0
201912,51,097,3,5,King and Queen County         ,0,0,0,0,0,0,0,0,0,0,0,0,0,0,0,0,0,0,0,0,0,0,0,0
201912,51,099,3,5,King George County            ,10,10,2048976,0,0,0,0,0,0,0,0,0,10,10,2048976,0,0,0,0,0,0,0,0,0
201912,51,107,3,5,Loudoun County                ,139,139,28767820,0,0,0,0,0,0,1,26,4134000,139,139,28767820,0,0,0,0,0,0,1,26,4134000
201912,51,109,3,5,Louisa County                 ,22,22,4763015,0,0,0,0,0,0,0,0,0,0,0,0,0,0,0,0,0,0,0,0,0
201912,51,115,3,5,Mathews County                ,0,0,0,0,0,0,0,0,0,0,0,0,0,0,0,0,0,0,0,0,0,0,0,0
201912,51,127,3,5,New Kent County               ,23,23,9213000,0,0,0,0,0,0,0,0,0,23,23,9213000,0,0,0,0,0,0,0,0,0
201912,51,139,3,5,Page County                   ,7,7,624850,0,0,0,0,0,0,0,0,0,7,7,624850,0,0,0,0,0,0,0,0,0
201912,51,145,3,5,Powhatan County               ,15,15,3309859,0,0,0,0,0,0,0,0,0,15,15,3309859,0,0,0,0,0,0,0,0,0
201912,51,149,3,5,Prince George County          ,4,4,607500,0,0,0,0,0,0,0,0,0,4,4,607500,0,0,0,0,0,0,0,0,0
201912,51,153,3,5,Prince William County         ,81,81,13759000,2,4,300000,0,0,0,1,18,2043711,81,81,13759000,2,4,300000,0,0,0,0,0,0
201912,51,165,3,5,Rockingham County             ,11,11,4794005,0,0,0,0,0,0,0,0,0,11,11,4794005,0,0,0,0,0,0,0,0,0
201912,51,175,3,5,Southampton County            ,6,6,718708,0,0,0,0,0,0,0,0,0,6,6,718708,0,0,0,0,0,0,0,0,0
201912,51,177,3,5,Spotsylvania County           ,50,50,13203964,0,0,0,0,0,0,3,73,8609131,0,0,0,0,0,0,0,0,0,0,0,0
201912,51,179,3,5,Stafford County               ,51,51,13771425,0,0,0,0,0,0,0,0,0,51,51,13771425,0,0,0,0,0,0,0,0,0
201912,51,181,3,5,Surry County                  ,2,2,431742,0,0,0,0,0,0,0,0,0,0,0,0,0,0,0,0,0,0,0,0,0
201912,51,183,3,5,Sussex County                 ,3,3,233761,0,0,0,0,0,0,0,0,0,3,3,233761,0,0,0,0,0,0,0,0,0
201912,51,187,3,5,Warren County                 ,11,11,2741000,0,0,0,0,0,0,0,0,0,11,11,2741000,0,0,0,0,0,0,0,0,0
201912,51,199,3,5,York County                   ,28,28,6648788,0,0,0,0,0,0,0,0,0,28,28,6648788,0,0,0,0,0,0,0,0,0
201912,51,510,3,5,Alexandria (Independent City) ,8,8,2144000,0,0,0,0,0,0,0,0,0,8,8,2144000,0,0,0,0,0,0,0,0,0
201912,51,540,3,5,Charlottesville (Independent C,4,4,1349548,0,0,0,0,0,0,1,9,1924737,0,0,0,0,0,0,0,0,0,0,0,0
201912,51,550,3,5,Chesapeake(Independent City)  ,80,80,23744700,0,0,0,0,0,0,0,0,0,80,80,23744700,0,0,0,0,0,0,0,0,0
201912,51,570,3,5,Colonial Heights (Independent ,0,0,0,0,0,0,0,0,0,0,0,0,0,0,0,0,0,0,0,0,0,0,0,0
201912,51,580,3,5,Covington (Independent City)  ,0,0,0,0,0,0,0,0,0,0,0,0,0,0,0,0,0,0,0,0,0,0,0,0
201912,51,600,3,5,Fairfax (Independent City)    ,0,0,0,0,0,0,0,0,0,0,0,0,0,0,0,0,0,0,0,0,0,0,0,0
201912,51,610,3,5,Falls Church (Independent City,0,0,0,0,0,0,0,0,0,0,0,0,0,0,0,0,0,0,0,0,0,0,0,0
201912,51,630,3,5,Fredericksburg(Independent Cit,3,3,691165,0,0,0,0,0,0,0,0,0,3,3,691165,0,0,0,0,0,0,0,0,0
201912,51,650,3,5,Hampton (Independent City)    ,14,14,872500,0,0,0,0,0,0,0,0,0,0,0,0,0,0,0,0,0,0,0,0,0
201912,51,660,3,5,Harrisonburg (Independent City,0,0,0,0,0,0,0,0,0,0,0,0,0,0,0,0,0,0,0,0,0,0,0,0
201912,51,670,3,5,Hopewell (Independent City)   ,1,1,52857,0,0,0,0,0,0,0,0,0,0,0,0,0,0,0,0,0,0,0,0,0
201912,51,680,3,5,Lynchburg (Independent City)  ,3,3,530000,0,0,0,0,0,0,0,0,0,3,3,530000,0,0,0,0,0,0,0,0,0
201912,51,683,3,5,Manassas (Independent City)   ,5,5,1172401,1,2,242983,0,0,0,0,0,0,0,0,0,0,0,0,0,0,0,0,0,0
201912,51,685,3,5,Manassas Park (Independent Cit,0,0,0,0,0,0,0,0,0,0,0,0,0,0,0,0,0,0,0,0,0,0,0,0
201912,51,700,3,5,Newport News (Independent City,11,11,1938137,0,0,0,0,0,0,0,0,0,11,11,1938137,0,0,0,0,0,0,0,0,0
201912,51,710,3,5,Norfolk (Independent City)    ,28,28,6648788,0,0,0,0,0,0,0,0,0,28,28,6648788,0,0,0,0,0,0,0,0,0
201912,51,730,3,5,Petersburg (Independent City) ,1,1,92600,0,0,0,0,0,0,0,0,0,0,0,0,0,0,0,0,0,0,0,0,0
201912,51,735,3,5,Poquoson (Independent City)   ,0,0,0,0,0,0,0,0,0,0,0,0,0,0,0,0,0,0,0,0,0,0,0,0
201912,51,740,3,5,Portsmouth (Independent City) ,5,5,650000,0,0,0,0,0,0,0,0,0,5,5,650000,0,0,0,0,0,0,0,0,0
201912,51,760,3,5,Richmond (Independent City)   ,10,10,2048976,0,0,0,0,0,0,0,0,0,10,10,2048976,0,0,0,0,0,0,0,0,0
201912,51,800,3,5,Suffolk (Independent City)    ,51,51,12110292,0,0,0,0,0,0,0,0,0,51,51,12110292,0,0,0,0,0,0,0,0,0
201912,51,810,3,5,Virginia Beach (Independent Ci,22,22,5643796,0,0,0,0,0,0,1,36,973414,22,22,5643796,0,0,0,0,0,0,1,36,973414
201912,51,830,3,5,Williamsburg (Independent City,0,0,0,0,0,0,0,0,0,0,0,0,0,0,0,0,0,0,0,0,0,0,0,0
201912,53,005,4,9,Benton County                 ,103,103,28848134,3,6,1180343,2,8,880655,1,33,3312657,73,73,20639016,2,4,822865,2,8,880655,0,0,0
201912,53,011,4,9,Clark County                  ,244,244,70337796,1,2,334759,0,0,0,18,271,23924377,95,95,25094179,1,2,334759,0,0,0,18,271,23924377
201912,53,021,4,9,Franklin County               ,46,46,12503666,0,0,0,0,0,0,0,0,0,7,7,2198077,0,0,0,0,0,0,0,0,0
201912,53,031,4,9,Jefferson County              ,9,9,1930078,0,0,0,0,0,0,0,0,0,3,3,398678,0,0,0,0,0,0,0,0,0
201912,53,033,4,9,King County                   ,314,314,113771723,15,30,6707176,10,34,5353480,32,1608,216291613,272,272,95671814,15,30,6707176,10,34,5353480,31,1599,215406799
201912,53,035,4,9,Kitsap County                 ,78,78,22596257,0,0,0,1,4,950000,1,20,2300000,78,78,22596257,0,0,0,1,4,950000,1,20,2300000
201912,53,053,4,9,Pierce County                 ,251,251,70169546,2,4,450000,0,0,0,2,44,6717687,248,248,69189248,2,4,450000,0,0,0,1,32,5613775
201912,53,055,4,9,San Juan County               ,10,10,1925957,1,2,350900,0,0,0,0,0,0,4,4,675200,1,2,350900,0,0,0,0,0,0
201912,53,059,4,9,Skamania County               ,2,2,476594,0,0,0,0,0,0,0,0,0,2,2,476594,0,0,0,0,0,0,0,0,0
201912,53,061,4,9,Snohomish County              ,214,214,63228373,6,12,2450187,1,4,889289,15,171,19836878,203,203,60872023,5,10,2132716,1,4,889289,14,157,18525835
201912,54,011,3,5,Cabell County                 ,5,5,782973,0,0,0,1,3,198750,0,0,0,1,1,80000,0,0,0,0,0,0,0,0,0
201912,54,015,3,5,Clay County                   ,3,3,75000,0,0,0,0,0,0,0,0,0,3,3,75000,0,0,0,0,0,0,0,0,0
201912,54,019,3,5,Fayette County                ,2,2,283165,0,0,0,0,0,0,0,0,0,0,0,0,0,0,0,0,0,0,0,0,0
201912,54,037,3,5,Jefferson County              ,15,15,4054990,0,0,0,0,0,0,0,0,0,15,15,4054990,0,0,0,0,0,0,0,0,0
201912,54,081,3,5,Raleigh County                ,0,0,0,0,0,0,0,0,0,0,0,0,0,0,0,0,0,0,0,0,0,0,0,0
201912,55,025,2,3,Dane County                   ,109,109,36381403,4,8,2284200,0,0,0,3,134,18065321,92,92,30697253,4,8,2284200,0,0,0,1,96,14700000
201912,55,031,2,3,Douglas County                ,2,2,275532,0,0,0,0,0,0,0,0,0,2,2,275532,0,0,0,0,0,0,0,0,0
201912,55,037,2,3,Florence County               ,1,1,80000,0,0,0,0,0,0,0,0,0,1,1,80000,0,0,0,0,0,0,0,0,0
201912,55,049,2,3,Iowa County                   ,0,0,0,0,0,0,0,0,0,0,0,0,0,0,0,0,0,0,0,0,0,0,0,0
201912,55,059,2,3,Kenosha County                ,11,11,3392709,0,0,0,0,0,0,1,5,400000,8,8,2572384,0,0,0,0,0,0,0,0,0
201912,55,079,2,3,Milwaukee County              ,14,14,6070414,0,0,0,0,0,0,1,17,1991638,14,14,6070414,0,0,0,0,0,0,0,0,0
201912,55,089,2,3,Ozaukee County                ,16,16,6542827,1,2,490315,0,0,0,0,0,0,8,8,2989250,1,2,490315,0,0,0,0,0,0
201912,55,093,2,3,Pierce County                 ,5,5,1121300,0,0,0,0,0,0,0,0,0,5,5,1121300,0,0,0,0,0,0,0,0,0
201912,55,109,2,3,St. Croix County              ,27,27,7913145,0,0,0,1,3,2830000,0,0,0,27,27,7913145,0,0,0,1,3,2830000,0,0,0
201912,55,131,2,3,Washington County             ,15,15,5691241,2,4,480000,0,0,0,0,0,0,10,10,3850815,2,4,480000,0,0,0,0,0,0
201912,56,029,4,8,Park County                   ,8,8,2049844,2,4,425000,0,0,0,0,0,0,8,8,2049844,2,4,425000,0,0,0,0,0,0
201912,56,039,4,8,Teton County                  ,3,3,3081231,0,0,0,0,0,0,0,0,0,2,2,2555224,0,0,0,0,0,0,0,0,0
