Survey,FIPS,FIPS,Region,Division,County,,1-unit,,,2-units,,,3-4 units,,,5+ units,,,1-unit rep,,,2-units rep,,,3-4 units rep,,, 5+units rep
Date,State,County,Code,Code,Name,Bldgs,Units,Value,Bldgs,Units,Value,Bldgs,Units,Value,Bldgs,Units,Value,Bldgs,Units,Value,Bldgs,Units,Value,Bldgs,Units,Value,Bldgs,Units,Value
 
201909,01,001,3,6,Autauga County                ,14,14,3161585,0,0,0,0,0,0,0,0,0,14,14,3161585,0,0,0,0,0,0,0,0,0
201909,01,007,3,6,Bibb County                   ,1,1,186353,0,0,0,0,0,0,0,0,0,0,0,0,0,0,0,0,0,0,0,0,0
201909,01,009,3,6,Blount County                 ,2,2,254000,0,0,0,1,4,175000,0,0,0,2,2,254000,0,0,0,1,4,175000,0,0,0
201909,01,021,3,6,Chilton County                ,5,5,753650,0,0,0,0,0,0,0,0,0,5,5,753650,0,0,0,0,0,0,0,0,0
201909,01,073,3,6,Jefferson County              ,104,104,32949073,1,2,247329,0,0,0,1,16,1613435,69,69,19223431,0,0,0,0,0,0,0,0,0
201909,01,081,3,6,Lee County                    ,61,61,17216725,0,0,0,0,0,0,4,226,23229000,61,61,17216725,0,0,0,0,0,0,4,226,23229000
201909,01,083,3,6,Limestone County              ,33,33,7986899,0,0,0,0,0,0,0,0,0,33,33,7986899,0,0,0,0,0,0,0,0,0
201909,01,089,3,6,Madison County                ,239,239,32574465,0,0,0,0,0,0,0,0,0,239,239,32574465,0,0,0,0,0,0,0,0,0
201909,01,113,3,6,Russell County                ,19,19,2551932,0,0,0,0,0,0,0,0,0,19,19,2551932,0,0,0,0,0,0,0,0,0
201909,01,115,3,6,St. Clair County              ,17,17,2381348,0,0,0,0,0,0,0,0,0,9,9,999106,0,0,0,0,0,0,0,0,0
201909,01,117,3,6,Shelby County                 ,70,70,17211500,0,0,0,0,0,0,0,0,0,15,15,3856288,0,0,0,0,0,0,0,0,0
201909,01,127,3,6,Walker County                 ,0,0,0,0,0,0,0,0,0,0,0,0,0,0,0,0,0,0,0,0,0,0,0,0
201909,02,013,4,9,Aleutians East Borough        ,0,0,0,0,0,0,0,0,0,0,0,0,0,0,0,0,0,0,0,0,0,0,0,0
201909,02,016,4,9,Aleutians West Census Area    ,0,0,0,0,0,0,0,0,0,0,0,0,0,0,0,0,0,0,0,0,0,0,0,0
201909,02,020,4,9,Anchorage Municipality        ,64,64,20049258,0,0,0,1,4,694790,2,17,2687625,0,0,0,0,0,0,0,0,0,0,0,0
201909,02,050,4,9,Bethel Census Area            ,0,0,0,0,0,0,0,0,0,0,0,0,0,0,0,0,0,0,0,0,0,0,0,0
201909,02,060,4,9,Bristol Bay Borough           ,0,0,0,0,0,0,0,0,0,0,0,0,0,0,0,0,0,0,0,0,0,0,0,0
201909,02,070,4,9,Dillingham Census Area        ,0,0,0,0,0,0,0,0,0,0,0,0,0,0,0,0,0,0,0,0,0,0,0,0
201909,02,090,4,9,Fairbanks North Star Borough  ,1,1,267954,0,0,0,0,0,0,0,0,0,0,0,0,0,0,0,0,0,0,0,0,0
201909,02,100,4,9,Haines Borough                ,1,1,160842,0,0,0,0,0,0,0,0,0,0,0,0,0,0,0,0,0,0,0,0,0
201909,02,105,4,9,Hoonah-Angoon Census Area     ,0,0,0,0,0,0,0,0,0,0,0,0,0,0,0,0,0,0,0,0,0,0,0,0
201909,02,110,4,9,Juneau City and Borough       ,2,2,579396,0,0,0,0,0,0,13,78,11640156,2,2,579396,0,0,0,0,0,0,13,78,11640156
201909,02,122,4,9,Kenai Peninsula Borough       ,8,8,1736579,0,0,0,0,0,0,0,0,0,5,5,1120000,0,0,0,0,0,0,0,0,0
201909,02,130,4,9,Ketchikan Gateway Borough     ,2,2,565670,0,0,0,1,4,497012,0,0,0,2,2,565670,0,0,0,1,4,497012,0,0,0
201909,02,150,4,9,Kodiak Island Borough         ,1,1,171173,0,0,0,0,0,0,0,0,0,1,1,171173,0,0,0,0,0,0,0,0,0
201909,02,170,4,9,Matanuska-Susitna Borough     ,4,4,1146166,2,4,683937,0,0,0,0,0,0,0,0,0,0,0,0,0,0,0,0,0,0
201909,02,180,4,9,Nome Census Area              ,0,0,0,0,0,0,0,0,0,0,0,0,0,0,0,0,0,0,0,0,0,0,0,0
201909,02,185,4,9,North Slope Borough           ,0,0,0,0,0,0,0,0,0,0,0,0,0,0,0,0,0,0,0,0,0,0,0,0
201909,02,188,4,9,Northwest Arctic Borough      ,1,1,316142,0,0,0,0,0,0,0,0,0,0,0,0,0,0,0,0,0,0,0,0,0
201909,02,195,4,9,Petersburg Borough            ,0,0,0,0,0,0,0,0,0,0,0,0,0,0,0,0,0,0,0,0,0,0,0,0
201909,02,198,4,9,Prince of Wales-Hyder Census A,0,0,0,0,0,0,0,0,0,0,0,0,0,0,0,0,0,0,0,0,0,0,0,0
201909,02,220,4,9,Sitka City and Borough        ,1,1,264847,0,0,0,0,0,0,0,0,0,0,0,0,0,0,0,0,0,0,0,0,0
201909,02,230,4,9,Skagway Municipality          ,0,0,0,0,0,0,0,0,0,0,0,0,0,0,0,0,0,0,0,0,0,0,0,0
201909,02,261,4,9,Valdez-Cordova Census Area    ,0,0,0,0,0,0,0,0,0,0,0,0,0,0,0,0,0,0,0,0,0,0,0,0
201909,02,275,4,9,Wrangell City and Borough     ,0,0,0,0,0,0,0,0,0,0,0,0,0,0,0,0,0,0,0,0,0,0,0,0
201909,02,282,4,9,Yakutat City and Borough      ,1,1,166923,0,0,0,0,0,0,0,0,0,0,0,0,0,0,0,0,0,0,0,0,0
201909,02,290,4,9,Yukon-Koyukuk Census Area     ,0,0,0,0,0,0,0,0,0,0,0,0,0,0,0,0,0,0,0,0,0,0,0,0
201909,04,013,4,8,Maricopa County               ,1553,1553,463626159,28,56,9084653,2,7,1745678,10,522,95306125,1543,1543,461388264,27,54,8806006,2,7,1745678,9,357,66111456
201909,04,019,4,8,Pima County                   ,261,261,81915472,0,0,0,0,0,0,4,85,13055025,210,210,69341266,0,0,0,0,0,0,0,0,0
201909,04,021,4,8,Pinal County                  ,363,363,74018441,0,0,0,0,0,0,0,0,0,353,353,72045022,0,0,0,0,0,0,0,0,0
201909,05,013,3,7,Calhoun County                ,0,0,0,0,0,0,0,0,0,0,0,0,0,0,0,0,0,0,0,0,0,0,0,0
201909,05,035,3,7,Crittenden County             ,4,4,1129085,0,0,0,0,0,0,0,0,0,3,3,895600,0,0,0,0,0,0,0,0,0
201909,05,043,3,7,Drew County                   ,1,1,15000,0,0,0,0,0,0,0,0,0,1,1,15000,0,0,0,0,0,0,0,0,0
201909,05,045,3,7,Faulkner County               ,49,49,9084764,0,0,0,0,0,0,1,10,281138,31,31,4898550,0,0,0,0,0,0,0,0,0
201909,05,053,3,7,Grant County                  ,3,3,467276,0,0,0,0,0,0,0,0,0,0,0,0,0,0,0,0,0,0,0,0,0
201909,05,085,3,7,Lonoke County                 ,32,32,3837944,0,0,0,0,0,0,0,0,0,19,19,2718620,0,0,0,0,0,0,0,0,0
201909,05,087,3,7,Madison County                ,0,0,0,0,0,0,0,0,0,0,0,0,0,0,0,0,0,0,0,0,0,0,0,0
201909,05,091,3,7,Miller County                 ,2,2,430470,0,0,0,0,0,0,0,0,0,0,0,0,0,0,0,0,0,0,0,0,0
201909,05,105,3,7,Perry County                  ,0,0,0,0,0,0,0,0,0,0,0,0,0,0,0,0,0,0,0,0,0,0,0,0
201909,05,119,3,7,Pulaski County                ,77,77,20346147,0,0,0,0,0,0,2,86,5000000,77,77,20346147,0,0,0,0,0,0,2,86,5000000
201909,05,129,3,7,Searcy County                 ,0,0,0,0,0,0,0,0,0,0,0,0,0,0,0,0,0,0,0,0,0,0,0,0
201909,05,143,3,7,Washington County             ,110,110,28944394,0,0,0,0,0,0,0,0,0,100,100,27644394,0,0,0,0,0,0,0,0,0
201909,06,001,4,9,Alameda County                ,99,99,32623934,3,6,1663563,2,6,1509032,12,242,57310780,51,51,16801459,1,2,630891,0,0,0,4,34,9460000
201909,06,013,4,9,Contra Costa County           ,93,93,33948947,0,0,0,0,0,0,0,0,0,81,81,28848376,0,0,0,0,0,0,0,0,0
201909,06,017,4,9,El Dorado County              ,51,51,14888998,0,0,0,0,0,0,0,0,0,51,51,14888998,0,0,0,0,0,0,0,0,0
201909,06,019,4,9,Fresno County                 ,174,174,49526718,2,4,849273,0,0,0,5,43,4683110,108,108,29455703,0,0,0,0,0,0,0,0,0
201909,06,037,4,9,Los Angeles County            ,381,381,126349265,47,94,17812229,6,20,2821349,42,2163,292926004,315,315,96411827,46,92,17512229,4,14,2471528,34,2096,282823216
201909,06,041,4,9,Marin County                  ,10,10,10492365,1,2,1531250,0,0,0,0,0,0,8,8,8129500,0,0,0,0,0,0,0,0,0
201909,06,059,4,9,Orange County                 ,202,202,61816546,16,32,7926330,4,14,2773805,9,1099,115384749,147,147,42371179,15,30,7259651,4,14,2773805,7,1020,99636449
201909,06,061,4,9,Placer County                 ,166,166,56105862,1,2,740377,0,0,0,0,0,0,166,166,56105862,1,2,740377,0,0,0,0,0,0
201909,06,063,4,9,Plumas County                 ,3,3,559856,0,0,0,0,0,0,0,0,0,3,3,559856,0,0,0,0,0,0,0,0,0
201909,06,067,4,9,Sacramento County             ,288,288,71532756,1,2,414971,0,0,0,1,10,1501919,288,288,71532756,1,2,414971,0,0,0,1,10,1501919
201909,06,069,4,9,San Benito County             ,47,47,14927050,0,0,0,0,0,0,0,0,0,16,16,4527396,0,0,0,0,0,0,0,0,0
201909,06,071,4,9,San Bernardino County         ,302,302,72609535,0,0,0,1,4,760334,46,535,41757461,208,208,52952797,0,0,0,1,4,760334,42,500,37817061
201909,06,073,4,9,San Diego County              ,201,201,59871710,8,16,3415518,11,37,7045596,27,699,105343507,181,181,55858866,8,16,3415518,10,34,6646294,22,642,97103386
201909,06,075,4,9,San Francisco County          ,2,2,555870,1,2,339849,0,0,0,3,151,27700000,2,2,555870,1,2,339849,0,0,0,3,151,27700000
201909,06,081,4,9,San Mateo County              ,22,22,23058408,0,0,0,0,0,0,3,31,4396370,7,7,12806290,0,0,0,0,0,0,0,0,0
201909,06,085,4,9,Santa Clara County            ,146,146,50347310,0,0,0,1,3,983948,6,161,37190738,120,120,39510501,0,0,0,0,0,0,3,24,5479863
201909,06,091,4,9,Sierra County                 ,1,1,282835,0,0,0,0,0,0,0,0,0,1,1,282835,0,0,0,0,0,0,0,0,0
201909,06,113,4,9,Yolo County                   ,51,51,15223548,0,0,0,0,0,0,0,0,0,51,51,15223548,0,0,0,0,0,0,0,0,0
201909,08,001,4,8,Adams County                  ,214,214,60747801,1,2,421869,1,3,498063,0,0,0,206,206,58917754,0,0,0,0,0,0,0,0,0
201909,08,005,4,8,Arapahoe County               ,228,228,59233705,0,0,0,0,0,0,0,0,0,225,225,55644068,0,0,0,0,0,0,0,0,0
201909,08,014,4,8,Broomfield County             ,24,24,8865811,0,0,0,0,0,0,0,0,0,24,24,8865811,0,0,0,0,0,0,0,0,0
201909,08,015,4,8,Chaffee County                ,12,12,3179192,1,2,323962,0,0,0,0,0,0,0,0,0,0,0,0,0,0,0,0,0,0
201909,08,019,4,8,Clear Creek County            ,1,1,259558,0,0,0,0,0,0,0,0,0,0,0,0,0,0,0,0,0,0,0,0,0
201909,08,031,4,8,Denver County                 ,136,136,37799173,0,0,0,1,4,684320,2,184,20345027,136,136,37799173,0,0,0,1,4,684320,2,184,20345027
201909,08,035,4,8,Douglas County                ,134,134,40070939,3,6,1222767,0,0,0,1,29,5356951,134,134,40070939,3,6,1222767,0,0,0,1,29,5356951
201909,08,039,4,8,Elbert County                 ,16,16,4715101,0,0,0,0,0,0,0,0,0,4,4,954079,0,0,0,0,0,0,0,0,0
201909,08,041,4,8,El Paso County                ,391,391,143363073,0,0,0,0,0,0,1,52,11300000,391,391,143363073,0,0,0,0,0,0,1,52,11300000
201909,08,047,4,8,Gilpin County                 ,3,3,833805,0,0,0,0,0,0,0,0,0,3,3,833805,0,0,0,0,0,0,0,0,0
201909,08,059,4,8,Jefferson County              ,61,61,18642135,1,2,280000,0,0,0,0,0,0,60,60,18330481,1,2,280000,0,0,0,0,0,0
201909,08,069,4,8,Larimer County                ,116,116,31700270,0,0,0,1,4,497012,20,199,20324022,116,116,31700270,0,0,0,1,4,497012,20,199,20324022
201909,08,077,4,8,Mesa County                   ,63,63,8444412,1,2,227774,0,0,0,1,8,412725,63,63,8444412,1,2,227774,0,0,0,1,8,412725
201909,08,093,4,8,Park County                   ,13,13,3239467,0,0,0,0,0,0,0,0,0,13,13,3239467,0,0,0,0,0,0,0,0,0
201909,08,101,4,8,Pueblo County                 ,41,41,7165671,0,0,0,0,0,0,0,0,0,41,41,7165671,0,0,0,0,0,0,0,0,0
201909,08,119,4,8,Teller County                 ,5,5,1342219,0,0,0,0,0,0,0,0,0,5,5,1342219,0,0,0,0,0,0,0,0,0
201909,09,001,1,1,Fairfield County              ,58,58,28409263,1,2,150000,0,0,0,5,128,22734523,40,40,15485037,1,2,150000,0,0,0,4,123,19678967
201909,09,003,1,1,Hartford County               ,41,41,7885050,8,16,1600000,0,0,0,3,15,1204393,33,33,6178643,8,16,1600000,0,0,0,1,5,546960
201909,09,007,1,1,Middlesex County              ,12,12,3108504,0,0,0,0,0,0,0,0,0,7,7,1727030,0,0,0,0,0,0,0,0,0
201909,09,013,1,1,Tolland County                ,7,7,1568608,1,2,173200,0,0,0,3,19,1919414,2,2,484033,0,0,0,0,0,0,0,0,0
201909,10,001,3,5,Kent County                   ,97,97,14489556,1,2,177270,0,0,0,2,10,978442,95,95,14061081,1,2,177270,0,0,0,1,5,493620
201909,10,003,3,5,New Castle County             ,106,106,10235068,0,0,0,0,0,0,1,5,470254,1,1,235000,0,0,0,0,0,0,0,0,0
201909,10,005,3,5,Sussex County                 ,244,244,37309039,3,6,673672,3,12,864000,10,55,9276711,244,244,37309039,3,6,673672,3,12,864000,10,55,9276711
201909,11,001,3,5,Washington  DC                ,3,3,712370,4,8,894730,0,0,0,4,358,40183710,3,3,712370,4,8,894730,0,0,0,4,358,40183710
201909,12,003,3,5,Baker County                  ,3,3,794115,0,0,0,0,0,0,0,0,0,3,3,794115,0,0,0,0,0,0,0,0,0
201909,12,019,3,5,Clay County                   ,159,159,33259512,0,0,0,0,0,0,0,0,0,159,159,33259512,0,0,0,0,0,0,0,0,0
201909,12,029,3,5,Dixie County                  ,3,3,378970,0,0,0,0,0,0,0,0,0,0,0,0,0,0,0,0,0,0,0,0,0
201909,12,031,3,5,Duval County                  ,270,270,65690673,1,2,223682,2,8,1074178,6,382,42877590,255,255,60551459,1,2,223682,2,8,1074178,6,382,42877590
201909,12,033,3,5,Escambia County               ,142,142,33718852,1,2,223682,0,0,0,0,0,0,142,142,33718852,1,2,223682,0,0,0,0,0,0
201909,12,053,3,5,Hernando County               ,72,72,14923008,0,0,0,0,0,0,17,134,17232883,72,72,14923008,0,0,0,0,0,0,17,134,17232883
201909,12,057,3,5,Hillsborough County           ,756,756,232838059,2,4,682000,0,0,0,5,702,64547680,756,756,232838059,2,4,682000,0,0,0,5,702,64547680
201909,12,067,3,5,Lafayette County              ,0,0,0,0,0,0,0,0,0,0,0,0,0,0,0,0,0,0,0,0,0,0,0,0
201909,12,071,3,5,Lee County                    ,489,489,104636079,10,20,2782320,3,12,3507317,10,441,53280336,489,489,104636079,10,20,2782320,3,12,3507317,10,441,53280336
201909,12,073,3,5,Leon County                   ,56,56,10979923,1,2,221600,0,0,0,3,110,13820776,0,0,0,0,0,0,0,0,0,0,0,0
201909,12,081,3,5,Manatee County                ,247,247,55413054,1,2,110000,3,12,1437060,2,38,2356816,247,247,55413054,1,2,110000,3,12,1437060,2,38,2356816
201909,12,086,3,5,Miami-Dade County             ,183,183,57811996,18,36,3643201,1,4,1487500,15,423,29185065,163,163,51825149,18,36,3643201,1,4,1487500,14,408,27501390
201909,12,089,3,5,Nassau County                 ,68,68,20181081,0,0,0,0,0,0,1,20,2296412,51,51,15831160,0,0,0,0,0,0,0,0,0
201909,12,091,3,5,Okaloosa County               ,60,60,19212887,0,0,0,0,0,0,1,5,276583,43,43,14412153,0,0,0,0,0,0,0,0,0
201909,12,095,3,5,Orange County                 ,424,424,120118488,9,18,3432277,0,0,0,29,1680,220508024,393,393,109347644,9,18,3432277,0,0,0,29,1680,220508024
201909,12,097,3,5,Osceola County                ,412,412,90716011,0,0,0,0,0,0,10,308,25196710,412,412,90716011,0,0,0,0,0,0,10,308,25196710
201909,12,101,3,5,Pasco County                  ,296,296,59647472,8,16,1764660,2,8,599206,5,30,1248700,294,294,59360487,8,16,1764660,2,8,599206,5,30,1248700
201909,12,103,3,5,Pinellas County               ,73,73,16936450,2,4,921366,0,0,0,5,554,42646287,66,66,14799308,2,4,921366,0,0,0,4,549,40366287
201909,12,109,3,5,St. Johns County              ,254,254,62849997,1,2,600000,1,4,731654,0,0,0,254,254,62849997,1,2,600000,1,4,731654,0,0,0
201909,12,113,3,5,Santa Rosa County             ,119,119,21204654,0,0,0,0,0,0,0,0,0,119,119,21204654,0,0,0,0,0,0,0,0,0
201909,12,115,3,5,Sarasota County               ,249,249,69426870,1,2,247040,3,12,2883478,7,471,49726932,228,228,63104600,1,2,247040,3,12,2883478,6,436,44993419
201909,12,117,3,5,Seminole County               ,76,76,23046096,0,0,0,0,0,0,0,0,0,73,73,21927370,0,0,0,0,0,0,0,0,0
201909,12,119,3,5,Sumter County                 ,234,234,69146718,0,0,0,0,0,0,0,0,0,234,234,69146718,0,0,0,0,0,0,0,0,0
201909,12,129,3,5,Wakulla County                ,21,21,4076560,0,0,0,0,0,0,0,0,0,21,21,4076560,0,0,0,0,0,0,0,0,0
201909,12,131,3,5,Walton County                 ,146,146,63795711,0,0,0,0,0,0,17,281,40885070,146,146,63795711,0,0,0,0,0,0,17,281,40885070
201909,12,133,3,5,Washington County             ,4,4,512616,0,0,0,0,0,0,0,0,0,0,0,0,0,0,0,0,0,0,0,0,0
201909,13,007,3,5,Baker County                  ,0,0,0,0,0,0,0,0,0,0,0,0,0,0,0,0,0,0,0,0,0,0,0,0
201909,13,013,3,5,Barrow County                 ,43,43,5781260,0,0,0,0,0,0,0,0,0,43,43,5781260,0,0,0,0,0,0,0,0,0
201909,13,015,3,5,Bartow County                 ,47,47,9386486,2,4,241800,1,4,207328,5,139,9901462,47,47,9386486,2,4,241800,1,4,207328,5,139,9901462
201909,13,021,3,5,Bibb County                   ,12,12,2056672,0,0,0,0,0,0,0,0,0,0,0,0,0,0,0,0,0,0,0,0,0
201909,13,029,3,5,Bryan County                  ,35,35,7364717,0,0,0,0,0,0,0,0,0,35,35,7364717,0,0,0,0,0,0,0,0,0
201909,13,033,3,5,Burke County                  ,5,5,484500,0,0,0,0,0,0,0,0,0,5,5,484500,0,0,0,0,0,0,0,0,0
201909,13,035,3,5,Butts County                  ,6,6,1871200,0,0,0,0,0,0,0,0,0,6,6,1871200,0,0,0,0,0,0,0,0,0
201909,13,045,3,5,Carroll County                ,55,55,14090010,0,0,0,0,0,0,0,0,0,55,55,14090010,0,0,0,0,0,0,0,0,0
201909,13,051,3,5,Chatham County                ,83,83,17802929,0,0,0,0,0,0,7,231,27544044,27,27,5601355,0,0,0,0,0,0,7,231,27544044
201909,13,057,3,5,Cherokee County               ,134,134,38520929,0,0,0,0,0,0,0,0,0,134,134,38520929,0,0,0,0,0,0,0,0,0
201909,13,059,3,5,Clarke County                 ,56,56,10679912,0,0,0,0,0,0,0,0,0,56,56,10679912,0,0,0,0,0,0,0,0,0
201909,13,063,3,5,Clayton County                ,61,61,12330271,0,0,0,0,0,0,0,0,0,40,40,9498268,0,0,0,0,0,0,0,0,0
201909,13,067,3,5,Cobb County                   ,126,126,33601094,0,0,0,5,16,3531308,3,207,30251412,126,126,33601094,0,0,0,5,16,3531308,3,207,30251412
201909,13,073,3,5,Columbia County               ,61,61,13528522,0,0,0,3,11,760640,0,0,0,61,61,13528522,0,0,0,3,11,760640,0,0,0
201909,13,077,3,5,Coweta County                 ,98,98,35779085,0,0,0,0,0,0,2,45,4005185,68,68,25547875,0,0,0,0,0,0,0,0,0
201909,13,085,3,5,Dawson County                 ,40,40,7740200,0,0,0,0,0,0,0,0,0,8,8,1895000,0,0,0,0,0,0,0,0,0
201909,13,095,3,5,Dougherty County              ,0,0,0,0,0,0,0,0,0,1,24,6783342,0,0,0,0,0,0,0,0,0,1,24,6783342
201909,13,097,3,5,Douglas County                ,66,66,11963538,0,0,0,0,0,0,0,0,0,66,66,11963538,0,0,0,0,0,0,0,0,0
201909,13,111,3,5,Fannin County                 ,36,36,7376313,0,0,0,0,0,0,0,0,0,36,36,7376313,0,0,0,0,0,0,0,0,0
201909,13,113,3,5,Fayette County                ,57,57,17176102,0,0,0,0,0,0,0,0,0,53,53,15624607,0,0,0,0,0,0,0,0,0
201909,13,115,3,5,Floyd County                  ,16,16,2646396,0,0,0,1,3,288000,0,0,0,0,0,0,0,0,0,0,0,0,0,0,0
201909,13,117,3,5,Forsyth County                ,144,144,24410388,0,0,0,0,0,0,0,0,0,144,144,24410388,0,0,0,0,0,0,0,0,0
201909,13,121,3,5,Fulton County                 ,217,217,53011683,0,0,0,0,0,0,1,27,2653262,110,110,29163789,0,0,0,0,0,0,0,0,0
201909,13,127,3,5,Glynn County                  ,48,48,14138612,0,0,0,0,0,0,0,0,0,0,0,0,0,0,0,0,0,0,0,0,0
201909,13,135,3,5,Gwinnett County               ,228,228,54645523,0,0,0,0,0,0,4,276,31670836,216,216,51390605,0,0,0,0,0,0,3,233,26967186
201909,13,143,3,5,Haralson County               ,5,5,1090936,0,0,0,0,0,0,0,0,0,0,0,0,0,0,0,0,0,0,0,0,0
201909,13,145,3,5,Harris County                 ,19,19,4455685,0,0,0,0,0,0,0,0,0,19,19,4455685,0,0,0,0,0,0,0,0,0
201909,13,149,3,5,Heard County                  ,4,4,912370,0,0,0,0,0,0,0,0,0,4,4,912370,0,0,0,0,0,0,0,0,0
201909,13,151,3,5,Henry County                  ,91,91,19845911,0,0,0,0,0,0,0,0,0,91,91,19845911,0,0,0,0,0,0,0,0,0
201909,13,159,3,5,Jasper County                 ,6,6,803844,0,0,0,0,0,0,0,0,0,0,0,0,0,0,0,0,0,0,0,0,0
201909,13,171,3,5,Lamar County                  ,13,13,1730924,0,0,0,0,0,0,0,0,0,12,12,1603542,0,0,0,0,0,0,0,0,0
201909,13,177,3,5,Lee County                    ,18,18,867516,0,0,0,0,0,0,0,0,0,18,18,867516,0,0,0,0,0,0,0,0,0
201909,13,179,3,5,Liberty County                ,18,18,3925616,0,0,0,0,0,0,0,0,0,18,18,3925616,0,0,0,0,0,0,0,0,0
201909,13,189,3,5,McDuffie County               ,2,2,479000,0,0,0,0,0,0,0,0,0,2,2,479000,0,0,0,0,0,0,0,0,0
201909,13,199,3,5,Meriwether County             ,6,6,1040000,0,0,0,0,0,0,0,0,0,6,6,1040000,0,0,0,0,0,0,0,0,0
201909,13,201,3,5,Miller County                 ,0,0,0,0,0,0,0,0,0,0,0,0,0,0,0,0,0,0,0,0,0,0,0,0
201909,13,207,3,5,Monroe County                 ,11,11,177296,0,0,0,0,0,0,0,0,0,0,0,0,0,0,0,0,0,0,0,0,0
201909,13,215,3,5,Muscogee County               ,27,27,5251075,0,0,0,1,4,246187,1,14,2629884,0,0,0,0,0,0,0,0,0,0,0,0
201909,13,217,3,5,Newton County                 ,38,38,9279655,0,0,0,0,0,0,0,0,0,38,38,9279655,0,0,0,0,0,0,0,0,0
201909,13,227,3,5,Pickens County                ,14,14,3736000,0,0,0,0,0,0,0,0,0,14,14,3736000,0,0,0,0,0,0,0,0,0
201909,13,231,3,5,Pike County                   ,11,11,2200000,0,0,0,0,0,0,0,0,0,0,0,0,0,0,0,0,0,0,0,0,0
201909,13,235,3,5,Pulaski County                ,1,1,75000,0,0,0,0,0,0,0,0,0,1,1,75000,0,0,0,0,0,0,0,0,0
201909,13,245,3,5,Richmond County               ,28,28,4543821,0,0,0,0,0,0,1,16,979942,0,0,0,0,0,0,0,0,0,0,0,0
201909,13,247,3,5,Rockdale County               ,46,46,9233676,0,0,0,0,0,0,0,0,0,46,46,9233676,0,0,0,0,0,0,0,0,0
201909,13,255,3,5,Spalding County               ,18,18,3071622,0,0,0,0,0,0,0,0,0,18,18,3071622,0,0,0,0,0,0,0,0,0
201909,13,275,3,5,Thomas County                 ,6,6,1365880,0,0,0,0,0,0,0,0,0,3,3,686758,0,0,0,0,0,0,0,0,0
201909,13,291,3,5,Union County                  ,17,17,4859951,0,0,0,0,0,0,0,0,0,17,17,4859951,0,0,0,0,0,0,0,0,0
201909,15,001,4,9,Hawaii County                 ,84,84,26076162,0,0,0,0,0,0,0,0,0,0,0,0,0,0,0,0,0,0,0,0,0
201909,15,003,4,9,Honolulu County               ,73,73,27227565,0,0,0,0,0,0,3,144,28174352,0,0,0,0,0,0,0,0,0,0,0,0
201909,15,007,4,9,Kauai County                  ,14,14,11065856,0,0,0,0,0,0,0,0,0,14,14,11065856,0,0,0,0,0,0,0,0,0
201909,15,009,4,9,Maui County                   ,55,55,15346987,0,0,0,0,0,0,0,0,0,55,55,15346987,0,0,0,0,0,0,0,0,0
201909,16,001,4,8,Ada County                    ,318,318,86786350,0,0,0,6,24,2200056,5,84,8678828,260,260,69156542,0,0,0,6,24,2200056,5,84,8678828
201909,16,015,4,8,Boise County                  ,6,6,1432503,0,0,0,0,0,0,0,0,0,6,6,1432503,0,0,0,0,0,0,0,0,0
201909,16,027,4,8,Canyon County                 ,173,173,28255396,4,8,790155,0,0,0,0,0,0,173,173,28255396,4,8,790155,0,0,0,0,0,0
201909,16,045,4,8,Gem County                    ,8,8,1338058,0,0,0,0,0,0,0,0,0,7,7,1216235,0,0,0,0,0,0,0,0,0
201909,16,073,4,8,Owyhee County                 ,6,6,1187549,0,0,0,0,0,0,0,0,0,4,4,799405,0,0,0,0,0,0,0,0,0
201909,17,005,2,3,Bond County                   ,0,0,0,0,0,0,0,0,0,0,0,0,0,0,0,0,0,0,0,0,0,0,0,0
201909,17,013,2,3,Calhoun County                ,1,1,151336,0,0,0,0,0,0,0,0,0,0,0,0,0,0,0,0,0,0,0,0,0
201909,17,031,2,3,Cook County                   ,114,114,36546223,12,24,5384900,17,59,17208895,5,29,6563427,80,80,24905582,11,22,4869900,16,56,16806700,4,21,5171700
201909,17,037,2,3,DeKalb County                 ,7,7,1528178,0,0,0,1,4,699327,0,0,0,5,5,1255000,0,0,0,1,4,699327,0,0,0
201909,17,039,2,3,De Witt County                ,1,1,226041,0,0,0,0,0,0,0,0,0,1,1,226041,0,0,0,0,0,0,0,0,0
201909,17,043,2,3,DuPage County                 ,83,83,38552205,0,0,0,2,6,1086272,6,72,10050000,73,73,33903096,0,0,0,2,6,1086272,6,72,10050000
201909,17,063,2,3,Grundy County                 ,1,1,160549,0,0,0,0,0,0,2,10,512820,0,0,0,0,0,0,0,0,0,0,0,0
201909,17,083,2,3,Jersey County                 ,2,2,318320,0,0,0,0,0,0,0,0,0,1,1,162711,0,0,0,0,0,0,0,0,0
201909,17,093,2,3,Kendall County                ,21,21,3870671,2,4,520977,0,0,0,1,18,1420714,11,11,2091254,0,0,0,0,0,0,0,0,0
201909,17,097,2,3,Lake County                   ,49,49,16034604,0,0,0,0,0,0,1,5,1029110,33,33,9654114,0,0,0,0,0,0,0,0,0
201909,17,111,2,3,McHenry County                ,61,61,8624892,0,0,0,0,0,0,1,6,90000,50,50,7026044,0,0,0,0,0,0,0,0,0
201909,17,119,2,3,Madison County                ,28,28,8769221,0,0,0,0,0,0,8,48,2395762,23,23,7669257,0,0,0,0,0,0,8,48,2395762
201909,17,133,2,3,Monroe County                 ,6,6,1424197,0,0,0,0,0,0,3,48,4846500,6,6,1424197,0,0,0,0,0,0,3,48,4846500
201909,17,197,2,3,Will County                   ,128,128,31162213,16,32,4404555,4,16,2150744,2,12,1529570,117,117,29224631,16,32,4404555,4,16,2150744,2,12,1529570
201909,18,003,2,3,Allen County                  ,110,110,29780541,0,0,0,0,0,0,0,0,0,110,110,29780541,0,0,0,0,0,0,0,0,0
201909,18,011,2,3,Boone County                  ,35,35,9952615,2,4,400000,0,0,0,0,0,0,35,35,9952615,2,4,400000,0,0,0,0,0,0
201909,18,013,2,3,Brown County                  ,3,3,812197,0,0,0,0,0,0,0,0,0,3,3,812197,0,0,0,0,0,0,0,0,0
201909,18,019,2,3,Clark County                  ,42,42,8195048,0,0,0,0,0,0,2,48,2800000,41,41,7936535,0,0,0,0,0,0,2,48,2800000
201909,18,047,2,3,Franklin County               ,7,7,1826000,0,0,0,0,0,0,0,0,0,7,7,1826000,0,0,0,0,0,0,0,0,0
201909,18,057,2,3,Hamilton County               ,202,202,76632095,0,0,0,2,8,1600000,4,84,6458000,200,200,75989733,0,0,0,2,8,1600000,4,84,6458000
201909,18,059,2,3,Hancock County                ,46,46,12546176,0,0,0,0,0,0,0,0,0,46,46,12546176,0,0,0,0,0,0,0,0,0
201909,18,061,2,3,Harrison County               ,11,11,2700000,0,0,0,0,0,0,0,0,0,11,11,2700000,0,0,0,0,0,0,0,0,0
201909,18,063,2,3,Hendricks County              ,57,57,14926934,0,0,0,0,0,0,0,0,0,54,54,14167468,0,0,0,0,0,0,0,0,0
201909,18,069,2,3,Huntington County             ,2,2,657607,0,0,0,0,0,0,0,0,0,2,2,657607,0,0,0,0,0,0,0,0,0
201909,18,073,2,3,Jasper County                 ,6,6,1468105,0,0,0,0,0,0,0,0,0,5,5,1353661,0,0,0,0,0,0,0,0,0
201909,18,081,2,3,Johnson County                ,69,69,19348772,0,0,0,0,0,0,0,0,0,66,66,19002065,0,0,0,0,0,0,0,0,0
201909,18,087,2,3,Lagrange County               ,10,10,2319113,0,0,0,0,0,0,0,0,0,10,10,2319113,0,0,0,0,0,0,0,0,0
201909,18,089,2,3,Lake County                   ,106,106,28179863,0,0,0,0,0,0,0,0,0,97,97,25478034,0,0,0,0,0,0,0,0,0
201909,18,097,2,3,Marion County                 ,78,78,20685838,1,2,200000,0,0,0,1,63,7800000,78,78,20685838,1,2,200000,0,0,0,1,63,7800000
201909,18,105,2,3,Monroe County                 ,10,10,2707322,1,2,290559,0,0,0,2,45,5226840,10,10,2707322,1,2,290559,0,0,0,2,45,5226840
201909,18,109,2,3,Morgan County                 ,21,21,4275290,1,2,250000,0,0,0,0,0,0,21,21,4275290,0,0,0,0,0,0,0,0,0
201909,18,111,2,3,Newton County                 ,1,1,250000,0,0,0,0,0,0,0,0,0,1,1,250000,0,0,0,0,0,0,0,0,0
201909,18,115,2,3,Ohio County                   ,1,1,240000,0,0,0,0,0,0,0,0,0,1,1,240000,0,0,0,0,0,0,0,0,0
201909,18,119,2,3,Owen County                   ,5,5,1292765,0,0,0,0,0,0,0,0,0,0,0,0,0,0,0,0,0,0,0,0,0
201909,18,127,2,3,Porter County                 ,45,45,14260783,1,2,434836,0,0,0,0,0,0,44,44,14120783,1,2,434836,0,0,0,0,0,0
201909,18,133,2,3,Putnam County                 ,11,11,2616536,0,0,0,0,0,0,0,0,0,0,0,0,0,0,0,0,0,0,0,0,0
201909,18,145,2,3,Shelby County                 ,6,6,825800,0,0,0,0,0,0,0,0,0,6,6,825800,0,0,0,0,0,0,0,0,0
201909,18,151,2,3,Steuben County                ,19,19,6690785,0,0,0,0,0,0,0,0,0,19,19,6690785,0,0,0,0,0,0,0,0,0
201909,18,157,2,3,Tippecanoe County             ,46,46,11756378,0,0,0,0,0,0,0,0,0,41,41,11100020,0,0,0,0,0,0,0,0,0
201909,18,163,2,3,Vanderburgh County            ,24,24,5041355,2,4,480000,0,0,0,0,0,0,24,24,5041355,2,4,480000,0,0,0,0,0,0
201909,18,167,2,3,Vigo County                   ,4,4,565639,0,0,0,0,0,0,1,5,433333,0,0,0,0,0,0,0,0,0,0,0,0
201909,18,175,2,3,Washington County             ,6,6,1440654,0,0,0,0,0,0,0,0,0,0,0,0,0,0,0,0,0,0,0,0,0
201909,18,183,2,3,Whitley County                ,12,12,3176860,0,0,0,0,0,0,1,5,462857,11,11,2978054,0,0,0,0,0,0,0,0,0
201909,19,049,2,4,Dallas County                 ,251,251,69116878,0,0,0,0,0,0,1,5,460526,251,251,69116878,0,0,0,0,0,0,0,0,0
201909,19,085,2,4,Harrison County               ,1,1,200000,0,0,0,0,0,0,0,0,0,1,1,200000,0,0,0,0,0,0,0,0,0
201909,19,129,2,4,Mills County                  ,1,1,270732,0,0,0,0,0,0,0,0,0,1,1,270732,0,0,0,0,0,0,0,0,0
201909,19,153,2,4,Polk County                   ,291,291,81046693,1,2,441530,0,0,0,1,10,1491361,288,288,80435970,1,2,441530,0,0,0,1,10,1491361
201909,19,181,2,4,Warren County                 ,18,18,5933990,0,0,0,0,0,0,0,0,0,16,16,5451157,0,0,0,0,0,0,0,0,0
201909,20,061,2,4,Geary County                  ,1,1,254333,0,0,0,0,0,0,0,0,0,0,0,0,0,0,0,0,0,0,0,0,0
201909,20,091,2,4,Johnson County                ,156,156,57400588,4,8,2295590,5,20,2663000,3,205,16017595,148,148,52486488,4,8,2295590,5,20,2663000,3,205,16017595
201909,20,103,2,4,Leavenworth County            ,18,18,3618331,1,2,221944,0,0,0,0,0,0,18,18,3618331,1,2,221944,0,0,0,0,0,0
201909,20,107,2,4,Linn County                   ,5,5,725273,0,0,0,0,0,0,0,0,0,3,3,530000,0,0,0,0,0,0,0,0,0
201909,20,121,2,4,Miami County                  ,8,8,2155452,0,0,0,0,0,0,0,0,0,3,3,582500,0,0,0,0,0,0,0,0,0
201909,20,209,2,4,Wyandotte County              ,14,14,2765746,1,2,192348,0,0,0,0,0,0,0,0,0,0,0,0,0,0,0,0,0,0
201909,21,005,3,6,Anderson County               ,13,13,2575426,0,0,0,0,0,0,0,0,0,13,13,2575426,0,0,0,0,0,0,0,0,0
201909,21,015,3,6,Boone County                  ,31,31,5213047,0,0,0,0,0,0,0,0,0,31,31,5213047,0,0,0,0,0,0,0,0,0
201909,21,017,3,6,Bourbon County                ,4,4,1200000,1,2,450000,0,0,0,0,0,0,4,4,1200000,1,2,450000,0,0,0,0,0,0
201909,21,021,3,6,Boyle County                  ,3,3,570368,0,0,0,0,0,0,0,0,0,0,0,0,0,0,0,0,0,0,0,0,0
201909,21,029,3,6,Bullitt County                ,26,26,6597113,0,0,0,0,0,0,0,0,0,26,26,6597113,0,0,0,0,0,0,0,0,0
201909,21,035,3,6,Calloway County               ,1,1,350000,0,0,0,0,0,0,0,0,0,1,1,350000,0,0,0,0,0,0,0,0,0
201909,21,037,3,6,Campbell County               ,12,12,2855176,0,0,0,0,0,0,1,30,3452194,0,0,0,0,0,0,0,0,0,0,0,0
201909,21,045,3,6,Casey County                  ,0,0,0,0,0,0,0,0,0,0,0,0,0,0,0,0,0,0,0,0,0,0,0,0
201909,21,047,3,6,Christian County              ,4,4,437400,0,0,0,0,0,0,0,0,0,2,2,295000,0,0,0,0,0,0,0,0,0
201909,21,049,3,6,Clark County                  ,5,5,1179039,0,0,0,0,0,0,1,5,346250,0,0,0,0,0,0,0,0,0,0,0,0
201909,21,067,3,6,Fayette County                ,61,61,11141177,0,0,0,0,0,0,2,103,4718272,0,0,0,0,0,0,0,0,0,0,0,0
201909,21,069,3,6,Fleming County                ,0,0,0,0,0,0,0,0,0,0,0,0,0,0,0,0,0,0,0,0,0,0,0,0
201909,21,077,3,6,Gallatin County               ,1,1,224238,0,0,0,0,0,0,0,0,0,0,0,0,0,0,0,0,0,0,0,0,0
201909,21,081,3,6,Grant County                  ,5,5,1176799,0,0,0,0,0,0,0,0,0,0,0,0,0,0,0,0,0,0,0,0,0
201909,21,091,3,6,Hancock County                ,1,1,204898,0,0,0,0,0,0,0,0,0,1,1,204898,0,0,0,0,0,0,0,0,0
201909,21,099,3,6,Hart County                   ,0,0,0,0,0,0,0,0,0,0,0,0,0,0,0,0,0,0,0,0,0,0,0,0
201909,21,101,3,6,Henderson County              ,3,3,466630,0,0,0,0,0,0,0,0,0,3,3,466630,0,0,0,0,0,0,0,0,0
201909,21,103,3,6,Henry County                  ,3,3,540608,0,0,0,0,0,0,0,0,0,0,0,0,0,0,0,0,0,0,0,0,0
201909,21,111,3,6,Jefferson County              ,103,103,32963699,0,0,0,0,0,0,7,205,27424355,4,4,1189640,0,0,0,0,0,0,0,0,0
201909,21,113,3,6,Jessamine County              ,15,15,7571646,0,0,0,0,0,0,0,0,0,8,8,6463000,0,0,0,0,0,0,0,0,0
201909,21,115,3,6,Johnson County                ,0,0,0,0,0,0,0,0,0,0,0,0,0,0,0,0,0,0,0,0,0,0,0,0
201909,21,117,3,6,Kenton County                 ,24,24,8436479,0,0,0,0,0,0,0,0,0,24,24,8436479,0,0,0,0,0,0,0,0,0
201909,21,121,3,6,Knox County                   ,0,0,0,0,0,0,0,0,0,0,0,0,0,0,0,0,0,0,0,0,0,0,0,0
201909,21,123,3,6,Larue County                  ,1,1,237457,0,0,0,0,0,0,0,0,0,1,1,237457,0,0,0,0,0,0,0,0,0
201909,21,137,3,6,Lincoln County                ,4,4,418298,0,0,0,0,0,0,0,0,0,0,0,0,0,0,0,0,0,0,0,0,0
201909,21,145,3,6,McCracken County              ,19,19,3931811,1,2,216750,0,0,0,0,0,0,19,19,3931811,1,2,216750,0,0,0,0,0,0
201909,21,151,3,6,Madison County                ,16,16,1538024,1,2,112996,0,0,0,1,5,168572,3,3,400000,0,0,0,0,0,0,0,0,0
201909,21,157,3,6,Marshall County               ,10,10,2639585,0,0,0,0,0,0,0,0,0,10,10,2639585,0,0,0,0,0,0,0,0,0
201909,21,161,3,6,Mason County                  ,2,2,438000,0,0,0,0,0,0,0,0,0,2,2,438000,0,0,0,0,0,0,0,0,0
201909,21,163,3,6,Meade County                  ,5,5,730000,0,0,0,0,0,0,0,0,0,5,5,730000,0,0,0,0,0,0,0,0,0
201909,21,167,3,6,Mercer County                 ,4,4,681011,0,0,0,0,0,0,0,0,0,0,0,0,0,0,0,0,0,0,0,0,0
201909,21,175,3,6,Morgan County                 ,2,2,150000,0,0,0,0,0,0,0,0,0,0,0,0,0,0,0,0,0,0,0,0,0
201909,21,179,3,6,Nelson County                 ,17,17,2324206,1,2,600000,0,0,0,0,0,0,17,17,2324206,1,2,600000,0,0,0,0,0,0
201909,21,185,3,6,Oldham County                 ,21,21,7270747,0,0,0,0,0,0,0,0,0,0,0,0,0,0,0,0,0,0,0,0,0
201909,21,191,3,6,Pendleton County              ,0,0,0,0,0,0,0,0,0,0,0,0,0,0,0,0,0,0,0,0,0,0,0,0
201909,21,209,3,6,Scott County                  ,27,27,5348764,3,6,875769,0,0,0,1,14,935654,0,0,0,0,0,0,0,0,0,0,0,0
201909,21,211,3,6,Shelby County                 ,15,15,4517906,0,0,0,2,8,1136800,4,29,4121300,15,15,4517906,0,0,0,2,8,1136800,4,29,4121300
201909,21,213,3,6,Simpson County                ,11,11,1088949,0,0,0,0,0,0,0,0,0,11,11,1088949,0,0,0,0,0,0,0,0,0
201909,21,215,3,6,Spencer County                ,15,15,3561851,0,0,0,0,0,0,0,0,0,15,15,3561851,0,0,0,0,0,0,0,0,0
201909,21,221,3,6,Trigg County                  ,0,0,0,0,0,0,0,0,0,0,0,0,0,0,0,0,0,0,0,0,0,0,0,0
201909,21,239,3,6,Woodford County               ,11,11,2395030,0,0,0,0,0,0,0,0,0,11,11,2395030,0,0,0,0,0,0,0,0,0
201909,22,005,3,7,Ascension Parish              ,80,80,12407183,0,0,0,0,0,0,0,0,0,9,9,1709440,0,0,0,0,0,0,0,0,0
201909,22,015,3,7,Bossier Parish                ,65,65,10300694,0,0,0,0,0,0,0,0,0,37,37,4340666,0,0,0,0,0,0,0,0,0
201909,22,017,3,7,Caddo Parish                  ,28,28,5632862,0,0,0,0,0,0,0,0,0,28,28,5632862,0,0,0,0,0,0,0,0,0
201909,22,031,3,7,De Soto Parish                ,9,9,2583909,0,0,0,0,0,0,0,0,0,9,9,2583909,0,0,0,0,0,0,0,0,0
201909,22,033,3,7,East Baton Rouge Parish       ,112,112,28667605,0,0,0,0,0,0,0,0,0,97,97,26627902,0,0,0,0,0,0,0,0,0
201909,22,037,3,7,East Feliciana Parish         ,1,1,204898,0,0,0,0,0,0,0,0,0,1,1,204898,0,0,0,0,0,0,0,0,0
201909,22,047,3,7,Iberville Parish              ,9,9,2217737,0,0,0,0,0,0,0,0,0,0,0,0,0,0,0,0,0,0,0,0,0
201909,22,051,3,7,Jefferson Parish              ,13,13,2804411,0,0,0,0,0,0,0,0,0,11,11,2423740,0,0,0,0,0,0,0,0,0
201909,22,055,3,7,Lafayette Parish              ,83,83,18440327,0,0,0,0,0,0,0,0,0,33,33,5486702,0,0,0,0,0,0,0,0,0
201909,22,063,3,7,Livingston Parish             ,52,52,10416889,0,0,0,0,0,0,0,0,0,52,52,10416889,0,0,0,0,0,0,0,0,0
201909,22,071,3,7,Orleans Parish                ,43,43,9685102,6,12,1240618,0,0,0,1,59,12168322,0,0,0,0,0,0,0,0,0,0,0,0
201909,22,075,3,7,Plaquemines Parish            ,10,10,3041638,0,0,0,0,0,0,0,0,0,10,10,3041638,0,0,0,0,0,0,0,0,0
201909,22,077,3,7,Pointe Coupee Parish          ,2,2,530130,0,0,0,0,0,0,0,0,0,2,2,530130,0,0,0,0,0,0,0,0,0
201909,22,087,3,7,St. Bernard Parish            ,10,10,1694000,0,0,0,0,0,0,0,0,0,10,10,1694000,0,0,0,0,0,0,0,0,0
201909,22,089,3,7,St. Charles Parish            ,7,7,1662197,0,0,0,0,0,0,0,0,0,7,7,1662197,0,0,0,0,0,0,0,0,0
201909,22,091,3,7,St. Helena Parish             ,2,2,359808,0,0,0,0,0,0,0,0,0,0,0,0,0,0,0,0,0,0,0,0,0
201909,22,095,3,7,St. John the Baptist Parish   ,4,4,662612,0,0,0,0,0,0,0,0,0,0,0,0,0,0,0,0,0,0,0,0,0
201909,22,099,3,7,St. Martin Parish             ,14,14,2891048,0,0,0,0,0,0,0,0,0,1,1,498922,0,0,0,0,0,0,0,0,0
201909,22,103,3,7,St. Tammany Parish            ,186,186,39826338,0,0,0,0,0,0,0,0,0,183,183,38649283,0,0,0,0,0,0,0,0,0
201909,22,109,3,7,Terrebonne Parish             ,10,10,2564413,1,2,155556,0,0,0,0,0,0,0,0,0,0,0,0,0,0,0,0,0,0
201909,22,121,3,7,West Baton Rouge Parish       ,36,36,6344810,0,0,0,0,0,0,0,0,0,28,28,5079975,0,0,0,0,0,0,0,0,0
201909,22,125,3,7,West Feliciana Parish         ,1,1,230565,0,0,0,0,0,0,0,0,0,1,1,230565,0,0,0,0,0,0,0,0,0
201909,23,000,1,1,Maine Unorganized Territory   ,6,6,796801,0,0,0,0,0,0,0,0,0,0,0,0,0,0,0,0,0,0,0,0,0
201909,24,003,3,5,Anne Arundel County           ,171,171,28264463,0,0,0,0,0,0,0,0,0,167,167,27576939,0,0,0,0,0,0,0,0,0
201909,24,005,3,5,Baltimore County              ,36,36,8110000,0,0,0,0,0,0,1,437,60000000,36,36,8110000,0,0,0,0,0,0,1,437,60000000
201909,24,009,3,5,Calvert County                ,12,12,2849480,0,0,0,0,0,0,0,0,0,12,12,2849480,0,0,0,0,0,0,0,0,0
201909,24,013,3,5,Carroll County                ,22,22,5119375,0,0,0,0,0,0,0,0,0,22,22,5119375,0,0,0,0,0,0,0,0,0
201909,24,015,3,5,Cecil County                  ,20,20,3888655,0,0,0,0,0,0,0,0,0,20,20,3888655,0,0,0,0,0,0,0,0,0
201909,24,017,3,5,Charles County                ,64,64,21991000,0,0,0,0,0,0,0,0,0,64,64,21991000,0,0,0,0,0,0,0,0,0
201909,24,021,3,5,Frederick County              ,124,124,33556565,0,0,0,0,0,0,2,58,7384306,124,124,33556565,0,0,0,0,0,0,2,58,7384306
201909,24,023,3,5,Garrett County                ,8,8,4311489,0,0,0,0,0,0,0,0,0,8,8,4311489,0,0,0,0,0,0,0,0,0
201909,24,025,3,5,Harford County                ,47,47,10573695,0,0,0,0,0,0,0,0,0,47,47,10573695,0,0,0,0,0,0,0,0,0
201909,24,027,3,5,Howard County                 ,48,48,11118630,0,0,0,0,0,0,0,0,0,48,48,11118630,0,0,0,0,0,0,0,0,0
201909,24,031,3,5,Montgomery County             ,51,51,12110292,0,0,0,0,0,0,0,0,0,51,51,12110292,0,0,0,0,0,0,0,0,0
201909,24,033,3,5,Prince George County          ,168,168,39963430,0,0,0,0,0,0,0,0,0,165,165,39180356,0,0,0,0,0,0,0,0,0
201909,24,035,3,5,Queen Anne County             ,24,24,4209784,0,0,0,0,0,0,0,0,0,24,24,4209784,0,0,0,0,0,0,0,0,0
201909,24,037,3,5,St. Marys County              ,29,29,8600000,0,0,0,0,0,0,0,0,0,29,29,8600000,0,0,0,0,0,0,0,0,0
201909,24,039,3,5,Somerset County               ,3,3,571991,0,0,0,0,0,0,0,0,0,1,1,149000,0,0,0,0,0,0,0,0,0
201909,24,045,3,5,Wicomico County               ,25,25,3442665,0,0,0,0,0,0,0,0,0,19,19,2163049,0,0,0,0,0,0,0,0,0
201909,24,510,3,5,Baltimore (Independent City)  ,8,8,1458000,0,0,0,0,0,0,1,33,1000000,8,8,1458000,0,0,0,0,0,0,1,33,1000000
201909,25,005,1,1,Bristol County                ,49,49,9552925,3,6,705186,0,0,0,0,0,0,27,27,5351491,1,2,395000,0,0,0,0,0,0
201909,25,009,1,1,Essex County                  ,49,49,15208420,7,14,2125949,1,3,420000,3,16,2542460,42,42,12782348,6,12,1672000,1,3,420000,1,6,925000
201909,25,017,1,1,Middlesex County              ,102,102,31856747,3,6,1312936,1,3,625525,10,174,24613602,65,65,20000260,2,4,601314,0,0,0,5,47,5119212
201909,25,021,1,1,Norfolk County                ,59,59,30291054,4,8,2035860,0,0,0,6,69,8368068,27,27,14136180,2,4,1160000,0,0,0,0,0,0
201909,25,023,1,1,Plymouth County               ,82,82,22291849,0,0,0,1,4,560000,3,18,2458968,26,26,8807393,0,0,0,1,4,560000,1,5,700000
201909,25,025,1,1,Suffolk County                ,5,5,1224991,5,10,1523332,2,6,1578560,8,94,18639979,4,4,1049635,5,10,1523332,2,6,1578560,6,82,16010750
201909,26,000,2,3,Michigan Balance of State     ,7,7,1314058,0,0,0,0,0,0,0,0,0,0,0,0,0,0,0,0,0,0,0,0,0
201909,26,019,2,3,Benzie County                 ,8,8,2192943,0,0,0,0,0,0,0,0,0,0,0,0,0,0,0,0,0,0,0,0,0
201909,26,029,2,3,Charlevoix County             ,12,12,3052372,1,2,226390,0,0,0,0,0,0,0,0,0,0,0,0,0,0,0,0,0,0
201909,26,089,2,3,Leelanau County               ,23,23,5966285,0,0,0,0,0,0,0,0,0,23,23,5966285,0,0,0,0,0,0,0,0,0
201909,26,093,2,3,Livingston County             ,72,72,17884992,0,0,0,1,4,202095,1,18,192411,70,70,17618272,0,0,0,1,4,202095,1,18,192411
201909,26,095,2,3,Luce County                   ,1,1,98333,0,0,0,0,0,0,0,0,0,0,0,0,0,0,0,0,0,0,0,0,0
201909,26,099,2,3,Macomb County                 ,119,119,35187069,1,2,140000,2,8,1489790,4,35,6466535,117,117,34896236,0,0,0,2,8,1489790,4,35,6466535
201909,26,103,2,3,Marquette County              ,8,8,4120000,0,0,0,0,0,0,0,0,0,8,8,4120000,0,0,0,0,0,0,0,0,0
201909,26,137,2,3,Otsego County                 ,2,2,162000,0,0,0,0,0,0,0,0,0,0,0,0,0,0,0,0,0,0,0,0,0
201909,26,147,2,3,St. Clair County              ,17,17,3703403,0,0,0,0,0,0,0,0,0,12,12,2837928,0,0,0,0,0,0,0,0,0
201909,26,163,2,3,Wayne County                  ,83,83,20296299,0,0,0,0,0,0,2,15,3202883,68,68,17140609,0,0,0,0,0,0,1,8,1607260
201909,27,003,2,4,Anoka County                  ,76,76,21656848,0,0,0,0,0,0,1,12,1828526,55,55,16245341,0,0,0,0,0,0,0,0,0
201909,27,019,2,4,Carver County                 ,44,44,14596944,0,0,0,0,0,0,0,0,0,40,40,13616983,0,0,0,0,0,0,0,0,0
201909,27,025,2,4,Chisago County                ,14,14,3320374,0,0,0,0,0,0,0,0,0,14,14,3320374,0,0,0,0,0,0,0,0,0
201909,27,027,2,4,Clay County                   ,13,13,3191800,0,0,0,0,0,0,0,0,0,13,13,3191800,0,0,0,0,0,0,0,0,0
201909,27,037,2,4,Dakota County                 ,104,104,29925494,0,0,0,0,0,0,2,53,7545724,95,95,26595023,0,0,0,0,0,0,1,40,5700919
201909,27,053,2,4,Hennepin County               ,186,186,67488602,2,4,1334520,1,3,500000,6,293,43140010,172,172,63703900,2,4,1334520,1,3,500000,6,293,43140010
201909,27,059,2,4,Isanti County                 ,20,20,4138100,0,0,0,0,0,0,0,0,0,13,13,2551850,0,0,0,0,0,0,0,0,0
201909,27,123,2,4,Ramsey County                 ,37,37,9383883,1,2,275967,1,4,720056,1,24,2787648,37,37,9383883,1,2,275967,1,4,720056,1,24,2787648
201909,27,139,2,4,Scott County                  ,44,44,14723399,0,0,0,0,0,0,0,0,0,44,44,14723399,0,0,0,0,0,0,0,0,0
201909,27,141,2,4,Sherburne County              ,40,40,7255295,0,0,0,0,0,0,0,0,0,40,40,7255295,0,0,0,0,0,0,0,0,0
201909,27,163,2,4,Washington County             ,83,83,25801292,0,0,0,0,0,0,0,0,0,76,76,22798614,0,0,0,0,0,0,0,0,0
201909,27,171,2,4,Wright County                 ,52,52,14369842,0,0,0,0,0,0,1,6,617551,44,44,12474779,0,0,0,0,0,0,0,0,0
201909,28,033,3,6,DeSoto County                 ,130,130,24474608,0,0,0,0,0,0,0,0,0,125,125,23980759,0,0,0,0,0,0,0,0,0
201909,28,041,3,6,Greene County                 ,0,0,0,0,0,0,0,0,0,0,0,0,0,0,0,0,0,0,0,0,0,0,0,0
201909,28,045,3,6,Hancock County                ,50,50,9198191,0,0,0,1,4,401445,1,12,1015952,23,23,5097829,0,0,0,0,0,0,0,0,0
201909,28,047,3,6,Harrison County               ,80,80,13773135,1,2,245000,0,0,0,0,0,0,70,70,12637125,0,0,0,0,0,0,0,0,0
201909,28,067,3,6,Jones County                  ,2,2,195000,0,0,0,0,0,0,0,0,0,2,2,195000,0,0,0,0,0,0,0,0,0
201909,28,129,3,6,Smith County                  ,0,0,0,0,0,0,0,0,0,0,0,0,0,0,0,0,0,0,0,0,0,0,0,0
201909,28,137,3,6,Tate County                   ,10,10,2177348,0,0,0,0,0,0,0,0,0,7,7,1606900,0,0,0,0,0,0,0,0,0
201909,28,143,3,6,Tunica County                 ,10,10,2298002,0,0,0,0,0,0,0,0,0,0,0,0,0,0,0,0,0,0,0,0,0
201909,28,145,3,6,Union County                  ,3,3,430000,0,0,0,0,0,0,0,0,0,3,3,430000,0,0,0,0,0,0,0,0,0
201909,28,149,3,6,Warren County                 ,0,0,0,0,0,0,0,0,0,0,0,0,0,0,0,0,0,0,0,0,0,0,0,0
201909,29,013,2,4,Bates County                  ,0,0,0,0,0,0,0,0,0,0,0,0,0,0,0,0,0,0,0,0,0,0,0,0
201909,29,017,2,4,Bollinger County              ,0,0,0,0,0,0,0,0,0,0,0,0,0,0,0,0,0,0,0,0,0,0,0,0
201909,29,019,2,4,Boone County                  ,57,57,16030026,0,0,0,0,0,0,0,0,0,57,57,16030026,0,0,0,0,0,0,0,0,0
201909,29,049,2,4,Clinton County                ,6,6,1264359,0,0,0,0,0,0,0,0,0,1,1,200000,0,0,0,0,0,0,0,0,0
201909,29,065,2,4,Dent County                   ,0,0,0,0,0,0,0,0,0,0,0,0,0,0,0,0,0,0,0,0,0,0,0,0
201909,29,071,2,4,Franklin County               ,32,32,6799939,0,0,0,0,0,0,0,0,0,16,16,2867087,0,0,0,0,0,0,0,0,0
201909,29,095,2,4,Jackson County                ,127,127,28656739,4,8,777800,0,0,0,6,275,25531332,122,122,27285959,4,8,777800,0,0,0,6,275,25531332
201909,29,099,2,4,Jefferson County              ,52,52,12325821,2,4,450000,0,0,0,0,0,0,50,50,12117506,2,4,450000,0,0,0,0,0,0
201909,29,105,2,4,Laclede County                ,1,1,277000,0,0,0,0,0,0,0,0,0,1,1,277000,0,0,0,0,0,0,0,0,0
201909,29,107,2,4,Lafayette County              ,2,2,541464,0,0,0,0,0,0,0,0,0,2,2,541464,0,0,0,0,0,0,0,0,0
201909,29,113,2,4,Lincoln County                ,9,9,1821621,0,0,0,0,0,0,0,0,0,4,4,560000,0,0,0,0,0,0,0,0,0
201909,29,165,2,4,Platte County                 ,31,31,7189944,0,0,0,0,0,0,0,0,0,28,28,6355801,0,0,0,0,0,0,0,0,0
201909,29,185,2,4,St. Clair County              ,1,1,60000,0,0,0,0,0,0,0,0,0,1,1,60000,0,0,0,0,0,0,0,0,0
201909,29,189,2,4,St. Louis County              ,75,75,30800817,0,0,0,0,0,0,1,5,645353,17,17,8195271,0,0,0,0,0,0,0,0,0
201909,29,219,2,4,Warren County                 ,45,45,9637432,0,0,0,0,0,0,0,0,0,45,45,9637432,0,0,0,0,0,0,0,0,0
201909,29,221,2,4,Washington County             ,0,0,0,0,0,0,0,0,0,0,0,0,0,0,0,0,0,0,0,0,0,0,0,0
201909,29,510,2,4,St. Louis (Independent City)  ,14,14,2680452,0,0,0,0,0,0,1,35,2192814,0,0,0,0,0,0,0,0,0,0,0,0
201909,30,013,4,8,Cascade County                ,11,11,2981500,0,0,0,0,0,0,0,0,0,11,11,2981500,0,0,0,0,0,0,0,0,0
201909,30,033,4,8,Garfield County               ,0,0,0,0,0,0,0,0,0,0,0,0,0,0,0,0,0,0,0,0,0,0,0,0
201909,30,063,4,8,Missoula County               ,43,43,8602302,1,2,287994,2,7,254290,4,65,7875302,43,43,8602302,1,2,287994,2,7,254290,4,65,7875302
201909,30,093,4,8,Silver Bow County             ,4,4,455799,0,0,0,0,0,0,0,0,0,4,4,455799,0,0,0,0,0,0,0,0,0
201909,31,001,2,4,Adams County                  ,7,7,2196685,0,0,0,0,0,0,0,0,0,6,6,1923560,0,0,0,0,0,0,0,0,0
201909,31,025,2,4,Cass County                   ,8,8,1474641,1,2,169692,0,0,0,0,0,0,1,1,270000,1,2,169692,0,0,0,0,0,0
201909,31,033,2,4,Cheyenne County               ,1,1,226041,0,0,0,0,0,0,0,0,0,1,1,226041,0,0,0,0,0,0,0,0,0
201909,31,055,2,4,Douglas County                ,116,116,18146581,0,0,0,1,4,389059,4,115,6784780,5,5,1755272,0,0,0,0,0,0,0,0,0
201909,31,105,2,4,Kimball County                ,1,1,100000,0,0,0,0,0,0,0,0,0,1,1,100000,0,0,0,0,0,0,0,0,0
201909,31,153,2,4,Sarpy County                  ,108,108,28275097,0,0,0,0,0,0,0,0,0,68,68,18404200,0,0,0,0,0,0,0,0,0
201909,31,165,2,4,Sioux County                  ,0,0,0,0,0,0,0,0,0,0,0,0,0,0,0,0,0,0,0,0,0,0,0,0
201909,31,177,2,4,Washington County             ,6,6,1756443,0,0,0,0,0,0,0,0,0,6,6,1756443,0,0,0,0,0,0,0,0,0
201909,32,001,4,8,Churchill County              ,4,4,860902,0,0,0,0,0,0,0,0,0,4,4,860902,0,0,0,0,0,0,0,0,0
201909,32,003,4,8,Clark County                  ,612,612,148150972,2,4,974670,0,0,0,1,5,750960,612,612,148150972,2,4,974670,0,0,0,1,5,750960
201909,32,005,4,8,Douglas County                ,25,25,12119071,0,0,0,0,0,0,0,0,0,25,25,12119071,0,0,0,0,0,0,0,0,0
201909,32,007,4,8,Elko County                   ,15,15,2065390,3,6,537311,0,0,0,0,0,0,14,14,1998723,3,6,537311,0,0,0,0,0,0
201909,32,013,4,8,Humboldt County               ,1,1,203182,0,0,0,0,0,0,0,0,0,1,1,203182,0,0,0,0,0,0,0,0,0
201909,32,015,4,8,Lander County                 ,3,3,430682,0,0,0,0,0,0,0,0,0,3,3,430682,0,0,0,0,0,0,0,0,0
201909,32,017,4,8,Lincoln County                ,0,0,0,0,0,0,0,0,0,0,0,0,0,0,0,0,0,0,0,0,0,0,0,0
201909,32,019,4,8,Lyon County                   ,18,18,4986143,0,0,0,0,0,0,0,0,0,8,8,2371146,0,0,0,0,0,0,0,0,0
201909,32,021,4,8,Mineral County                ,0,0,0,0,0,0,0,0,0,0,0,0,0,0,0,0,0,0,0,0,0,0,0,0
201909,32,027,4,8,Pershing County               ,0,0,0,0,0,0,0,0,0,0,0,0,0,0,0,0,0,0,0,0,0,0,0,0
201909,32,029,4,8,Storey County                 ,1,1,132544,0,0,0,0,0,0,0,0,0,1,1,132544,0,0,0,0,0,0,0,0,0
201909,32,031,4,8,Washoe County                 ,182,182,49743630,1,2,230714,0,0,0,18,474,42833538,42,42,10907142,0,0,0,0,0,0,8,288,22304913
201909,32,033,4,8,White Pine County             ,0,0,0,0,0,0,0,0,0,0,0,0,0,0,0,0,0,0,0,0,0,0,0,0
201909,32,510,4,8,Carson City (Independent City),13,13,3388771,0,0,0,0,0,0,1,13,1297980,0,0,0,0,0,0,0,0,0,0,0,0
201909,33,015,1,1,Rockingham County             ,68,68,17646990,5,10,1646854,0,0,0,4,27,2591333,59,59,15116718,3,6,867554,0,0,0,1,12,820000
201909,33,017,1,1,Strafford County              ,13,13,2934168,2,4,266986,0,0,0,0,0,0,10,10,2294889,2,4,266986,0,0,0,0,0,0
201909,34,001,1,2,Atlantic County               ,16,16,2752291,0,0,0,0,0,0,0,0,0,15,15,2610551,0,0,0,0,0,0,0,0,0
201909,34,003,1,2,Bergen County                 ,60,60,19764753,6,12,1498227,1,3,846850,16,498,72619614,36,36,13388517,3,6,352993,1,3,846850,10,443,67936000
201909,34,005,1,2,Burlington County             ,28,28,5165041,0,0,0,1,3,203526,4,20,2160874,9,9,1979962,0,0,0,0,0,0,0,0,0
201909,34,007,1,2,Camden County                 ,16,16,2964146,0,0,0,0,0,0,10,65,2681231,12,12,1703980,0,0,0,0,0,0,9,45,1192500
201909,34,009,1,2,Cape May County               ,42,42,24129020,7,14,3629114,0,0,0,9,45,193000,41,41,24068506,7,14,3629114,0,0,0,9,45,193000
201909,34,011,1,2,Cumberland County             ,3,3,345866,0,0,0,0,0,0,0,0,0,0,0,0,0,0,0,0,0,0,0,0,0
201909,34,013,1,2,Essex County                  ,49,49,9362010,10,20,3111258,4,12,1596576,12,473,26718864,36,36,8228035,10,20,3111258,4,12,1596576,8,430,22862667
201909,34,015,1,2,Gloucester County             ,30,30,6192859,0,0,0,0,0,0,2,11,1047203,18,18,4198505,0,0,0,0,0,0,0,0,0
201909,34,017,1,2,Hudson County                 ,168,168,157965900,10,20,2521057,2,7,1004600,10,269,36783823,167,167,157848900,8,16,2059800,1,4,558100,8,233,29912541
201909,34,019,1,2,Hunterdon County              ,8,8,1043365,0,0,0,0,0,0,4,20,1053009,5,5,456500,0,0,0,0,0,0,0,0,0
201909,34,021,1,2,Mercer County                 ,14,14,4931404,1,2,3770,1,3,75100,1,9,30954,13,13,4674399,0,0,0,1,3,75100,0,0,0
201909,34,023,1,2,Middlesex County              ,47,47,11817790,1,2,305100,6,21,704700,6,253,16965489,41,41,10854085,0,0,0,6,21,704700,3,185,4192270
201909,34,025,1,2,Monmouth County               ,54,54,15663446,0,0,0,0,0,0,3,25,1647587,33,33,7539162,0,0,0,0,0,0,1,14,800000
201909,34,027,1,2,Morris County                 ,51,51,12057959,0,0,0,0,0,0,3,43,2287957,27,27,6260345,0,0,0,0,0,0,2,38,2086000
201909,34,029,1,2,Ocean County                  ,141,141,34722943,2,4,340004,0,0,0,0,0,0,137,137,33561213,2,4,340004,0,0,0,0,0,0
201909,34,031,1,2,Passaic County                ,11,11,1633865,2,4,194464,0,0,0,5,152,10091176,4,4,171000,0,0,0,0,0,0,1,120,8000000
201909,34,033,1,2,Salem County                  ,3,3,363000,0,0,0,0,0,0,0,0,0,2,2,119000,0,0,0,0,0,0,0,0,0
201909,34,035,1,2,Somerset County               ,27,27,5582483,0,0,0,1,3,300000,7,164,4644838,23,23,4699994,0,0,0,0,0,0,4,97,1200000
201909,34,037,1,2,Sussex County                 ,5,5,736713,1,2,158333,0,0,0,0,0,0,3,3,401875,0,0,0,0,0,0,0,0,0
201909,34,039,1,2,Union County                  ,24,24,5799071,6,12,1143800,1,3,85000,9,423,23976375,20,20,5105450,5,10,973300,1,3,85000,4,314,19967800
201909,34,041,1,2,Warren County                 ,5,5,760474,0,0,0,0,0,0,1,5,400000,1,1,113560,0,0,0,0,0,0,1,5,400000
201909,35,000,4,8,New Mexico Balance of State   ,35,35,9486504,0,0,0,0,0,0,0,0,0,0,0,0,0,0,0,0,0,0,0,0,0
201909,35,001,4,8,Bernalillo County             ,95,95,24368066,0,0,0,0,0,0,0,0,0,95,95,24368066,0,0,0,0,0,0,0,0,0
201909,35,005,4,8,Chaves County                 ,1,1,146221,0,0,0,0,0,0,0,0,0,0,0,0,0,0,0,0,0,0,0,0,0
201909,35,009,4,8,Curry County                  ,5,5,1259171,0,0,0,0,0,0,1,6,553125,0,0,0,0,0,0,0,0,0,0,0,0
201909,35,013,4,8,Dona Ana County               ,56,56,13067742,0,0,0,0,0,0,1,12,738000,17,17,4434138,0,0,0,0,0,0,0,0,0
201909,35,015,4,8,Eddy County                   ,19,19,3614294,0,0,0,0,0,0,0,0,0,19,19,3614294,0,0,0,0,0,0,0,0,0
201909,35,017,4,8,Grant County                  ,0,0,0,0,0,0,0,0,0,0,0,0,0,0,0,0,0,0,0,0,0,0,0,0
201909,35,025,4,8,Lea County                    ,13,13,2751106,0,0,0,0,0,0,0,0,0,0,0,0,0,0,0,0,0,0,0,0,0
201909,35,027,4,8,Lincoln County                ,4,4,1016288,0,0,0,0,0,0,0,0,0,4,4,1016288,0,0,0,0,0,0,0,0,0
201909,35,028,4,8,Los Alamos County             ,3,3,848505,0,0,0,0,0,0,0,0,0,3,3,848505,0,0,0,0,0,0,0,0,0
201909,35,029,4,8,Luna County                   ,1,1,146132,0,0,0,0,0,0,0,0,0,0,0,0,0,0,0,0,0,0,0,0,0
201909,35,031,4,8,McKinley County               ,0,0,0,0,0,0,0,0,0,0,0,0,0,0,0,0,0,0,0,0,0,0,0,0
201909,35,035,4,8,Otero County                  ,0,0,0,0,0,0,0,0,0,0,0,0,0,0,0,0,0,0,0,0,0,0,0,0
201909,35,041,4,8,Roosevelt County              ,2,2,307813,0,0,0,0,0,0,0,0,0,0,0,0,0,0,0,0,0,0,0,0,0
201909,35,043,4,8,Sandoval County               ,51,51,11324178,0,0,0,1,3,348242,1,7,291666,0,0,0,0,0,0,0,0,0,0,0,0
201909,35,045,4,8,San Juan County               ,6,6,1096806,0,0,0,0,0,0,0,0,0,6,6,1096806,0,0,0,0,0,0,0,0,0
201909,35,047,4,8,San Miguel County             ,0,0,0,0,0,0,0,0,0,0,0,0,0,0,0,0,0,0,0,0,0,0,0,0
201909,35,049,4,8,Santa Fe County               ,18,18,4732561,0,0,0,0,0,0,1,5,344000,0,0,0,0,0,0,0,0,0,0,0,0
201909,35,051,4,8,Sierra County                 ,0,0,0,0,0,0,0,0,0,0,0,0,0,0,0,0,0,0,0,0,0,0,0,0
201909,35,055,4,8,Taos County                   ,9,9,986902,0,0,0,0,0,0,0,0,0,0,0,0,0,0,0,0,0,0,0,0,0
201909,35,061,4,8,Valencia County               ,11,11,1652987,0,0,0,0,0,0,0,0,0,11,11,1652987,0,0,0,0,0,0,0,0,0
201909,36,001,1,2,Albany County                 ,16,16,4145606,0,0,0,2,8,1000000,2,10,1195253,13,13,3542583,0,0,0,2,8,1000000,0,0,0
201909,36,005,1,2,Bronx County                  ,0,0,0,1,2,300657,0,0,0,13,645,83214866,0,0,0,1,2,300657,0,0,0,13,645,83214866
201909,36,029,1,2,Erie County                   ,50,50,14689688,0,0,0,0,0,0,22,181,20130157,45,45,13610675,0,0,0,0,0,0,20,160,15418600
201909,36,047,1,2,Kings County                  ,5,5,1312043,1,2,300657,6,20,2660960,19,296,38188528,5,5,1312043,1,2,300657,6,20,2660960,19,296,38188528
201909,36,051,1,2,Livingston County             ,5,5,1446500,0,0,0,0,0,0,1,5,430000,5,5,1446500,0,0,0,0,0,0,0,0,0
201909,36,055,1,2,Monroe County                 ,49,49,12150041,1,2,50000,0,0,0,10,99,12579356,38,38,10517910,1,2,50000,0,0,0,7,54,9690000
201909,36,059,1,2,Nassau County                 ,84,84,26246181,0,0,0,0,0,0,1,7,1783727,47,47,16262788,0,0,0,0,0,0,0,0,0
201909,36,061,1,2,New York County               ,0,0,0,0,0,0,0,0,0,5,80,10321224,0,0,0,0,0,0,0,0,0,5,80,10321224
201909,36,063,1,2,Niagara County                ,14,14,3693526,0,0,0,0,0,0,0,0,0,12,12,3227055,0,0,0,0,0,0,0,0,0
201909,36,069,1,2,Ontario County                ,10,10,2637344,1,2,322000,0,0,0,0,0,0,7,7,1881575,1,2,322000,0,0,0,0,0,0
201909,36,073,1,2,Orleans County                ,2,2,275013,0,0,0,0,0,0,0,0,0,2,2,275013,0,0,0,0,0,0,0,0,0
201909,36,079,1,2,Putnam County                 ,3,3,859340,0,0,0,0,0,0,0,0,0,3,3,859340,0,0,0,0,0,0,0,0,0
201909,36,081,1,2,Queens County                 ,5,5,1312043,9,18,2705915,5,15,1995720,13,230,29673518,5,5,1312043,9,18,2705915,5,15,1995720,13,230,29673518
201909,36,083,1,2,Rensselaer County             ,5,5,1199750,0,0,0,0,0,0,0,0,0,2,2,300000,0,0,0,0,0,0,0,0,0
201909,36,085,1,2,Richmond County               ,28,28,7347443,14,28,4209201,0,0,0,0,0,0,28,28,7347443,14,28,4209201,0,0,0,0,0,0
201909,36,087,1,2,Rockland County               ,6,6,2004955,3,6,875953,2,6,654822,2,10,1168587,2,2,575000,0,0,0,0,0,0,0,0,0
201909,36,091,1,2,Saratoga County               ,57,57,16746888,2,4,320000,0,0,0,5,58,6725168,44,44,11818447,2,4,320000,0,0,0,3,33,4257505
201909,36,093,1,2,Schenectady County            ,6,6,1037888,0,0,0,0,0,0,0,0,0,4,4,599200,0,0,0,0,0,0,0,0,0
201909,36,095,1,2,Schoharie County              ,3,3,554820,0,0,0,0,0,0,0,0,0,1,1,108800,0,0,0,0,0,0,0,0,0
201909,36,099,1,2,Seneca County                 ,7,7,860000,0,0,0,0,0,0,0,0,0,7,7,860000,0,0,0,0,0,0,0,0,0
201909,36,103,1,2,Suffolk County                ,55,55,42484357,1,2,223102,0,0,0,1,11,1247757,48,48,40151061,0,0,0,0,0,0,0,0,0
201909,36,117,1,2,Wayne County                  ,6,6,1108571,1,2,291700,0,0,0,0,0,0,4,4,780000,0,0,0,0,0,0,0,0,0
201909,36,119,1,2,Westchester County            ,34,34,16133038,2,4,447500,0,0,0,3,76,10038501,28,28,13338360,1,2,200000,0,0,0,1,17,4000000
201909,37,007,3,5,Anson County                  ,3,3,449595,0,0,0,0,0,0,0,0,0,0,0,0,0,0,0,0,0,0,0,0,0
201909,37,011,3,5,Avery County                  ,12,12,10747965,0,0,0,0,0,0,0,0,0,12,12,10747965,0,0,0,0,0,0,0,0,0
201909,37,015,3,5,Bertie County                 ,2,2,317394,0,0,0,0,0,0,0,0,0,2,2,317394,0,0,0,0,0,0,0,0,0
201909,37,025,3,5,Cabarrus County               ,145,145,24460008,0,0,0,0,0,0,0,0,0,145,145,24460008,0,0,0,0,0,0,0,0,0
201909,37,033,3,5,Caswell County                ,2,2,812235,0,0,0,0,0,0,0,0,0,2,2,812235,0,0,0,0,0,0,0,0,0
201909,37,037,3,5,Chatham County                ,32,32,9618012,0,0,0,0,0,0,5,92,7980000,32,32,9618012,0,0,0,0,0,0,5,92,7980000
201909,37,051,3,5,Cumberland County             ,70,70,12407607,0,0,0,0,0,0,0,0,0,70,70,12407607,0,0,0,0,0,0,0,0,0
201909,37,053,3,5,Currituck County              ,26,26,6689963,0,0,0,0,0,0,0,0,0,26,26,6689963,0,0,0,0,0,0,0,0,0
201909,37,059,3,5,Davie County                  ,5,5,1038000,0,0,0,0,0,0,0,0,0,5,5,1038000,0,0,0,0,0,0,0,0,0
201909,37,063,3,5,Durham County                 ,124,124,26377753,0,0,0,0,0,0,2,397,74512913,124,124,26377753,0,0,0,0,0,0,2,397,74512913
201909,37,069,3,5,Franklin County               ,69,69,16384513,0,0,0,0,0,0,0,0,0,69,69,16384513,0,0,0,0,0,0,0,0,0
201909,37,071,3,5,Gaston County                 ,91,91,27562881,0,0,0,4,14,2717747,4,80,13144590,91,91,27562881,0,0,0,4,14,2717747,4,80,13144590
201909,37,077,3,5,Granville County              ,21,21,5703175,0,0,0,0,0,0,0,0,0,21,21,5703175,0,0,0,0,0,0,0,0,0
201909,37,081,3,5,Guilford County               ,130,130,30276948,0,0,0,0,0,0,4,52,3787848,84,84,13855082,0,0,0,0,0,0,4,52,3787848
201909,37,089,3,5,Henderson County              ,58,58,16322363,0,0,0,0,0,0,0,0,0,58,58,16322363,0,0,0,0,0,0,0,0,0
201909,37,093,3,5,Hoke County                   ,18,18,4274221,0,0,0,0,0,0,0,0,0,18,18,4274221,0,0,0,0,0,0,0,0,0
201909,37,097,3,5,Iredell County                ,57,57,15331701,0,0,0,0,0,0,0,0,0,57,57,15331701,0,0,0,0,0,0,0,0,0
201909,37,101,3,5,Johnston County               ,181,181,31984867,0,0,0,0,0,0,0,0,0,181,181,31984867,0,0,0,0,0,0,0,0,0
201909,37,119,3,5,Mecklenburg County            ,458,458,108755170,0,0,0,0,0,0,14,697,78234765,458,458,108755170,0,0,0,0,0,0,14,697,78234765
201909,37,133,3,5,Onslow County                 ,78,78,12464419,0,0,0,1,4,300000,0,0,0,65,65,10465990,0,0,0,1,4,300000,0,0,0
201909,37,135,3,5,Orange County                 ,35,35,12060708,0,0,0,0,0,0,0,0,0,4,4,1801253,0,0,0,0,0,0,0,0,0
201909,37,145,3,5,Person County                 ,11,11,1718000,0,0,0,0,0,0,0,0,0,11,11,1718000,0,0,0,0,0,0,0,0,0
201909,37,151,3,5,Randolph County               ,22,22,5344390,0,0,0,0,0,0,0,0,0,1,1,75000,0,0,0,0,0,0,0,0,0
201909,37,157,3,5,Rockingham County             ,22,22,4887288,0,0,0,0,0,0,0,0,0,7,7,1357000,0,0,0,0,0,0,0,0,0
201909,37,179,3,5,Union County                  ,154,154,34389493,0,0,0,0,0,0,0,0,0,154,154,34389493,0,0,0,0,0,0,0,0,0
201909,37,181,3,5,Vance County                  ,3,3,456362,0,0,0,0,0,0,0,0,0,3,3,456362,0,0,0,0,0,0,0,0,0
201909,37,183,3,5,Wake County                   ,752,752,174715962,0,0,0,0,0,0,4,201,16590399,722,722,169218199,0,0,0,0,0,0,4,201,16590399
201909,37,195,3,5,Wilson County                 ,18,18,3169783,0,0,0,0,0,0,0,0,0,18,18,3169783,0,0,0,0,0,0,0,0,0
201909,39,007,2,3,Ashtabula County              ,9,9,1888000,3,6,512000,1,3,130000,0,0,0,9,9,1888000,3,6,512000,1,3,130000,0,0,0
201909,39,015,2,3,Brown County                  ,8,8,2165858,0,0,0,0,0,0,0,0,0,8,8,2165858,0,0,0,0,0,0,0,0,0
201909,39,017,2,3,Butler County                 ,75,75,15975403,1,2,220000,0,0,0,0,0,0,63,63,13998186,1,2,220000,0,0,0,0,0,0
201909,39,025,2,3,Clermont County               ,64,64,14127041,0,0,0,0,0,0,0,0,0,64,64,14127041,0,0,0,0,0,0,0,0,0
201909,39,041,2,3,Delaware County               ,145,145,36891821,0,0,0,0,0,0,12,120,8320000,123,123,33041124,0,0,0,0,0,0,12,120,8320000
201909,39,049,2,3,Franklin County               ,123,123,39360903,0,0,0,7,27,2059342,6,272,31237584,117,117,37147306,0,0,0,7,27,2059342,5,267,31012584
201909,39,055,2,3,Geauga County                 ,11,11,5074233,0,0,0,0,0,0,0,0,0,11,11,5074233,0,0,0,0,0,0,0,0,0
201909,39,085,2,3,Lake County                   ,29,29,6807834,0,0,0,0,0,0,0,0,0,12,12,2382450,0,0,0,0,0,0,0,0,0
201909,39,089,2,3,Licking County                ,11,11,2425921,0,0,0,0,0,0,0,0,0,10,10,2167217,0,0,0,0,0,0,0,0,0
201909,39,093,2,3,Lorain County                 ,91,91,21506402,0,0,0,3,12,950000,0,0,0,42,42,13377075,0,0,0,3,12,950000,0,0,0
201909,39,097,2,3,Madison County                ,12,12,3706846,0,0,0,0,0,0,0,0,0,6,6,1673660,0,0,0,0,0,0,0,0,0
201909,39,103,2,3,Medina County                 ,34,34,8894218,2,4,581118,0,0,0,0,0,0,34,34,8894218,2,4,581118,0,0,0,0,0,0
201909,39,117,2,3,Morrow County                 ,10,10,2729857,0,0,0,0,0,0,0,0,0,10,10,2729857,0,0,0,0,0,0,0,0,0
201909,39,159,2,3,Union County                  ,20,20,5414644,0,0,0,0,0,0,0,0,0,20,20,5414644,0,0,0,0,0,0,0,0,0
201909,39,165,2,3,Warren County                 ,96,96,24721530,0,0,0,0,0,0,1,5,422224,75,75,18754523,0,0,0,0,0,0,0,0,0
201909,40,001,3,7,Adair County                  ,0,0,0,0,0,0,0,0,0,0,0,0,0,0,0,0,0,0,0,0,0,0,0,0
201909,40,017,3,7,Canadian County               ,65,65,11677204,2,4,349600,1,3,305485,0,0,0,49,49,8409750,2,4,349600,0,0,0,0,0,0
201909,40,021,3,7,Cherokee County               ,6,6,787429,0,0,0,0,0,0,1,5,244048,0,0,0,0,0,0,0,0,0,0,0,0
201909,40,027,3,7,Cleveland County              ,42,42,12211519,0,0,0,0,0,0,0,0,0,42,42,12211519,0,0,0,0,0,0,0,0,0
201909,40,029,3,7,Coal County                   ,0,0,0,0,0,0,0,0,0,0,0,0,0,0,0,0,0,0,0,0,0,0,0,0
201909,40,037,3,7,Creek County                  ,13,13,2344089,0,0,0,0,0,0,1,14,1076923,8,8,1231457,0,0,0,0,0,0,0,0,0
201909,40,051,3,7,Grady County                  ,1,1,250000,0,0,0,0,0,0,0,0,0,1,1,250000,0,0,0,0,0,0,0,0,0
201909,40,055,3,7,Greer County                  ,0,0,0,0,0,0,0,0,0,0,0,0,0,0,0,0,0,0,0,0,0,0,0,0
201909,40,081,3,7,Lincoln County                ,1,1,84000,0,0,0,0,0,0,0,0,0,1,1,84000,0,0,0,0,0,0,0,0,0
201909,40,083,3,7,Logan County                  ,1,1,105000,0,0,0,0,0,0,0,0,0,1,1,105000,0,0,0,0,0,0,0,0,0
201909,40,087,3,7,McClain County                ,51,51,7249732,27,54,5022000,0,0,0,0,0,0,51,51,7249732,27,54,5022000,0,0,0,0,0,0
201909,40,109,3,7,Oklahoma County               ,321,321,76345314,5,10,1062912,0,0,0,1,5,353031,61,61,23253350,1,2,300000,0,0,0,0,0,0
201909,40,111,3,7,Okmulgee County               ,0,0,0,0,0,0,0,0,0,0,0,0,0,0,0,0,0,0,0,0,0,0,0,0
201909,40,113,3,7,Osage County                  ,16,16,3126925,0,0,0,0,0,0,0,0,0,16,16,3126925,0,0,0,0,0,0,0,0,0
201909,40,117,3,7,Pawnee County                 ,0,0,0,0,0,0,0,0,0,0,0,0,0,0,0,0,0,0,0,0,0,0,0,0
201909,40,131,3,7,Rogers County                 ,48,48,8420015,1,2,175000,0,0,0,0,0,0,47,47,8219515,1,2,175000,0,0,0,0,0,0
201909,40,143,3,7,Tulsa County                  ,203,203,49314480,5,10,727648,0,0,0,0,0,0,203,203,49314480,5,10,727648,0,0,0,0,0,0
201909,40,145,3,7,Wagoner County                ,43,43,8712579,0,0,0,0,0,0,0,0,0,43,43,8712579,0,0,0,0,0,0,0,0,0
201909,41,000,4,9,Oregon Balance of State       ,30,30,3124100,0,0,0,0,0,0,0,0,0,30,30,3124100,0,0,0,0,0,0,0,0,0
201909,41,005,4,9,Clackamas County              ,135,135,41307473,0,0,0,0,0,0,2,56,7017067,124,124,35864577,0,0,0,0,0,0,1,44,5272063
201909,41,017,4,9,Deschutes County              ,136,136,34560162,2,4,534057,0,0,0,2,48,7324830,136,136,34560162,2,4,534057,0,0,0,2,48,7324830
201909,41,019,4,9,Douglas County                ,22,22,6009378,0,0,0,0,0,0,0,0,0,22,22,6009378,0,0,0,0,0,0,0,0,0
201909,41,025,4,9,Harney County                 ,1,1,178406,0,0,0,0,0,0,0,0,0,1,1,178406,0,0,0,0,0,0,0,0,0
201909,41,035,4,9,Klamath County                ,12,12,2761047,0,0,0,0,0,0,0,0,0,12,12,2761047,0,0,0,0,0,0,0,0,0
201909,41,051,4,9,Multnomah County              ,63,63,17780943,5,10,1922240,1,4,525000,17,301,26324764,63,63,17780943,5,10,1922240,1,4,525000,17,301,26324764
201909,41,067,4,9,Washington County             ,196,196,57249089,0,0,0,0,0,0,3,84,12140248,189,189,55033820,0,0,0,0,0,0,3,84,12140248
201909,41,071,4,9,Yamhill County                ,46,46,12185037,0,0,0,0,0,0,0,0,0,45,45,11991613,0,0,0,0,0,0,0,0,0
201909,42,001,1,2,Adams County                  ,7,7,2255500,0,0,0,0,0,0,0,0,0,7,7,2255500,0,0,0,0,0,0,0,0,0
201909,42,017,1,2,Bucks County                  ,46,46,16108044,0,0,0,0,0,0,0,0,0,27,27,11061439,0,0,0,0,0,0,0,0,0
201909,42,029,1,2,Chester County                ,69,69,17603596,0,0,0,0,0,0,2,13,946500,54,54,13898097,0,0,0,0,0,0,2,13,946500
201909,42,037,1,2,Columbia County               ,8,8,2227114,0,0,0,0,0,0,1,6,790693,1,1,350000,0,0,0,0,0,0,0,0,0
201909,42,041,1,2,Cumberland County             ,64,64,12986092,0,0,0,1,4,577000,5,99,10618501,54,54,10851918,0,0,0,1,4,577000,3,72,7055391
201909,42,043,1,2,Dauphin County                ,32,32,7077848,1,2,340940,0,0,0,0,0,0,28,28,6585145,1,2,340940,0,0,0,0,0,0
201909,42,045,1,2,Delaware County               ,11,11,2967580,2,4,756177,0,0,0,0,0,0,4,4,1224817,1,2,300657,0,0,0,0,0,0
201909,42,055,1,2,Franklin County               ,39,39,7402481,0,0,0,0,0,0,1,5,650767,34,34,6072379,0,0,0,0,0,0,0,0,0
201909,42,091,1,2,Montgomery County             ,55,55,12711411,0,0,0,1,4,597651,1,12,1376496,40,40,9336338,0,0,0,1,4,597651,0,0,0
201909,42,093,1,2,Montour County                ,4,4,1021449,0,0,0,0,0,0,0,0,0,4,4,1021449,0,0,0,0,0,0,0,0,0
201909,42,099,1,2,Perry County                  ,7,7,1786409,0,0,0,0,0,0,0,0,0,0,0,0,0,0,0,0,0,0,0,0,0
201909,42,101,1,2,Philadelphia County           ,93,93,24404008,13,26,3560000,8,26,2010000,14,218,26080000,93,93,24404008,13,26,3560000,8,26,2010000,14,218,26080000
201909,42,103,1,2,Pike County                   ,5,5,1145440,0,0,0,0,0,0,0,0,0,2,2,275000,0,0,0,0,0,0,0,0,0
201909,44,001,1,1,Bristol County                ,5,5,2135000,3,6,750000,0,0,0,0,0,0,5,5,2135000,3,6,750000,0,0,0,0,0,0
201909,44,003,1,1,Kent County                   ,12,12,2507081,0,0,0,0,0,0,0,0,0,8,8,1838541,0,0,0,0,0,0,0,0,0
201909,44,005,1,1,Newport County                ,10,10,4133197,0,0,0,0,0,0,0,0,0,8,8,3661817,0,0,0,0,0,0,0,0,0
201909,44,007,1,1,Providence County             ,26,26,4727925,0,0,0,0,0,50000,0,0,0,18,18,3579214,0,0,0,0,0,50000,0,0,0
201909,44,009,1,1,Washington County             ,46,46,12291347,0,0,0,8,32,3200000,0,0,0,40,40,9579067,0,0,0,8,32,3200000,0,0,0
201909,45,003,3,5,Aiken County                  ,80,80,18260729,0,0,0,0,0,0,0,0,0,71,71,16458539,0,0,0,0,0,0,0,0,0
201909,45,009,3,5,Bamberg County                ,0,0,0,0,0,0,0,0,0,0,0,0,0,0,0,0,0,0,0,0,0,0,0,0
201909,45,015,3,5,Berkeley County               ,86,86,20568136,0,0,0,0,0,0,1,36,849315,77,77,17619208,0,0,0,0,0,0,0,0,0
201909,45,017,3,5,Calhoun County                ,2,2,334701,0,0,0,0,0,0,0,0,0,0,0,0,0,0,0,0,0,0,0,0,0
201909,45,019,3,5,Charleston County             ,172,172,49174828,0,0,0,1,3,238125,4,117,7508753,66,66,33463832,0,0,0,0,0,0,0,0,0
201909,45,035,3,5,Dorchester County             ,102,102,17587500,0,0,0,0,0,0,0,0,0,102,102,17587500,0,0,0,0,0,0,0,0,0
201909,45,037,3,5,Edgefield County              ,10,10,1998046,0,0,0,0,0,0,0,0,0,10,10,1998046,0,0,0,0,0,0,0,0,0
201909,45,039,3,5,Fairfield County              ,4,4,1054897,0,0,0,0,0,0,0,0,0,4,4,1054897,0,0,0,0,0,0,0,0,0
201909,45,045,3,5,Greenville County             ,243,243,70368322,0,0,0,0,0,0,2,17,776376,242,242,70103025,0,0,0,0,0,0,1,12,600000
201909,45,051,3,5,Horry County                  ,350,350,62155623,0,0,0,0,0,0,0,0,0,245,245,34615668,0,0,0,0,0,0,0,0,0
201909,45,055,3,5,Kershaw County                ,14,14,1869784,0,0,0,0,0,0,0,0,0,14,14,1869784,0,0,0,0,0,0,0,0,0
201909,45,059,3,5,Laurens County                ,8,8,917705,0,0,0,0,0,0,0,0,0,8,8,917705,0,0,0,0,0,0,0,0,0
201909,45,063,3,5,Lexington County              ,145,145,37032661,0,0,0,0,0,0,1,5,489336,12,12,2931254,0,0,0,0,0,0,0,0,0
201909,45,077,3,5,Pickens County                ,56,56,13704738,0,0,0,0,0,0,0,0,0,36,36,10707675,0,0,0,0,0,0,0,0,0
201909,45,079,3,5,Richland County               ,173,173,22812119,1,2,392008,0,0,0,1,41,2314153,26,26,4171669,1,2,392008,0,0,0,0,0,0
201909,45,081,3,5,Saluda County                 ,3,3,638041,0,0,0,0,0,0,0,0,0,0,0,0,0,0,0,0,0,0,0,0,0
201909,45,085,3,5,Sumter County                 ,27,27,3327539,0,0,0,0,0,0,0,0,0,27,27,3327539,0,0,0,0,0,0,0,0,0
201909,45,091,3,5,York County                   ,208,208,70092570,0,0,0,0,0,0,1,20,2270293,46,46,11878074,0,0,0,0,0,0,0,0,0
201909,46,007,2,4,Bennett County                ,1,1,58333,0,0,0,0,0,0,0,0,0,0,0,0,0,0,0,0,0,0,0,0,0
201909,46,055,2,4,Haakon County                 ,0,0,0,0,0,0,0,0,0,0,0,0,0,0,0,0,0,0,0,0,0,0,0,0
201909,46,071,2,4,Jackson County                ,0,0,0,0,0,0,0,0,0,0,0,0,0,0,0,0,0,0,0,0,0,0,0,0
201909,46,111,2,4,Sanborn County                ,1,1,350000,0,0,0,0,0,0,0,0,0,1,1,350000,0,0,0,0,0,0,0,0,0
201909,47,001,3,6,Anderson County               ,16,16,3851404,0,0,0,0,0,0,0,0,0,12,12,3374535,0,0,0,0,0,0,0,0,0
201909,47,015,3,6,Cannon County                 ,0,0,0,0,0,0,0,0,0,0,0,0,0,0,0,0,0,0,0,0,0,0,0,0
201909,47,021,3,6,Cheatham County               ,32,32,3944878,0,0,0,0,0,0,0,0,0,28,28,3452958,0,0,0,0,0,0,0,0,0
201909,47,037,3,6,Davidson County               ,353,353,88192531,0,0,0,0,0,0,6,471,10354917,352,352,86842403,0,0,0,0,0,0,6,471,10354917
201909,47,043,3,6,Dickson County                ,22,22,5111642,0,0,0,0,0,0,0,0,0,22,22,5111642,0,0,0,0,0,0,0,0,0
201909,47,049,3,6,Fentress County               ,0,0,0,0,0,0,0,0,0,0,0,0,0,0,0,0,0,0,0,0,0,0,0,0
201909,47,081,3,6,Hickman County                ,8,8,1429945,0,0,0,0,0,0,0,0,0,1,1,219000,0,0,0,0,0,0,0,0,0
201909,47,093,3,6,Knox County                   ,148,148,32118633,0,0,0,0,0,0,2,178,17322110,20,20,4610930,0,0,0,0,0,0,1,152,14160931
201909,47,105,3,6,Loudon County                 ,30,30,7226436,0,0,0,0,0,0,0,0,0,30,30,7226436,0,0,0,0,0,0,0,0,0
201909,47,125,3,6,Montgomery County             ,120,120,19003449,1,2,124167,4,13,1359048,2,15,926863,64,64,12256490,0,0,0,1,4,847000,0,0,0
201909,47,139,3,6,Polk County                   ,16,16,2881985,0,0,0,0,0,0,0,0,0,0,0,0,0,0,0,0,0,0,0,0,0
201909,47,149,3,6,Rutherford County             ,236,236,55263615,0,0,0,0,0,0,0,0,0,230,230,54200546,0,0,0,0,0,0,0,0,0
201909,47,153,3,6,Sequatchie County             ,1,1,85000,0,0,0,0,0,0,0,0,0,1,1,85000,0,0,0,0,0,0,0,0,0
201909,47,157,3,6,Shelby County                 ,95,95,25606509,0,0,0,0,0,0,0,0,0,95,95,25606509,0,0,0,0,0,0,0,0,0
201909,47,159,3,6,Smith County                  ,8,8,1794856,0,0,0,0,0,0,0,0,0,7,7,1662197,0,0,0,0,0,0,0,0,0
201909,47,161,3,6,Stewart County                ,0,0,0,0,0,0,0,0,0,0,0,0,0,0,0,0,0,0,0,0,0,0,0,0
201909,47,165,3,6,Sumner County                 ,63,63,22618351,0,0,0,0,0,0,0,0,0,63,63,22618351,0,0,0,0,0,0,0,0,0
201909,47,167,3,6,Tipton County                 ,21,21,4485492,0,0,0,0,0,0,0,0,0,15,15,3690004,0,0,0,0,0,0,0,0,0
201909,47,169,3,6,Trousdale County              ,9,9,1281000,0,0,0,0,0,0,0,0,0,9,9,1281000,0,0,0,0,0,0,0,0,0
201909,47,173,3,6,Union County                  ,11,11,1810000,0,0,0,0,0,0,0,0,0,11,11,1810000,0,0,0,0,0,0,0,0,0
201909,47,175,3,6,Van Buren County              ,0,0,0,0,0,0,0,0,0,0,0,0,0,0,0,0,0,0,0,0,0,0,0,0
201909,47,189,3,6,Wilson County                 ,192,192,46755778,0,0,0,0,0,0,0,0,0,151,151,32285012,0,0,0,0,0,0,0,0,0
201909,48,013,3,7,Atascosa County               ,9,9,1845390,0,0,0,0,0,0,0,0,0,8,8,1670110,0,0,0,0,0,0,0,0,0
201909,48,015,3,7,Austin County                 ,1,1,84000,0,0,0,0,0,0,0,0,0,0,0,0,0,0,0,0,0,0,0,0,0
201909,48,019,3,7,Bandera County                ,0,0,0,0,0,0,0,0,0,0,0,0,0,0,0,0,0,0,0,0,0,0,0,0
201909,48,021,3,7,Bastrop County                ,12,12,1996947,0,0,0,0,0,0,0,0,0,1,1,204898,0,0,0,0,0,0,0,0,0
201909,48,025,3,7,Bee County                    ,3,3,450000,0,0,0,0,0,0,0,0,0,3,3,450000,0,0,0,0,0,0,0,0,0
201909,48,027,3,7,Bell County                   ,172,172,36649043,13,26,2816400,0,0,0,0,0,0,106,106,25279878,11,22,2599880,0,0,0,0,0,0
201909,48,029,3,7,Bexar County                  ,405,405,90761973,1,2,170000,3,12,1611267,24,695,78010275,363,363,85271512,1,2,170000,3,12,1611267,24,695,78010275
201909,48,051,3,7,Burleson County               ,0,0,0,0,0,0,0,0,0,0,0,0,0,0,0,0,0,0,0,0,0,0,0,0
201909,48,055,3,7,Caldwell County               ,23,23,4600294,0,0,0,0,0,0,1,19,2078353,0,0,0,0,0,0,0,0,0,0,0,0
201909,48,085,3,7,Collin County                 ,744,744,215638972,0,0,0,0,0,0,3,818,85626067,536,536,147591012,0,0,0,0,0,0,3,818,85626067
201909,48,091,3,7,Comal County                  ,224,224,53190301,0,0,0,0,0,0,0,0,0,224,224,53190301,0,0,0,0,0,0,0,0,0
201909,48,099,3,7,Coryell County                ,9,9,1458195,1,2,220000,0,0,0,0,0,0,9,9,1458195,1,2,220000,0,0,0,0,0,0
201909,48,107,3,7,Crosby County                 ,0,0,0,0,0,0,0,0,0,0,0,0,0,0,0,0,0,0,0,0,0,0,0,0
201909,48,113,3,7,Dallas County                 ,400,400,105900854,8,16,3717750,0,0,0,10,607,41448695,377,377,95869451,8,16,3717750,0,0,0,7,288,2419800
201909,48,119,3,7,Delta County                  ,0,0,0,0,0,0,0,0,0,0,0,0,0,0,0,0,0,0,0,0,0,0,0,0
201909,48,135,3,7,Ector County                  ,84,84,19946363,0,0,0,0,0,0,0,0,0,84,84,19946363,0,0,0,0,0,0,0,0,0
201909,48,139,3,7,Ellis County                  ,143,143,32854240,0,0,0,0,0,0,1,9,1532024,89,89,22189366,0,0,0,0,0,0,0,0,0
201909,48,141,3,7,El Paso County                ,199,199,46512330,1,2,176254,1,3,577318,1,8,387380,199,199,46512330,1,2,176254,1,3,577318,1,8,387380
201909,48,157,3,7,Fort Bend County              ,791,791,63451406,0,0,0,0,0,0,1,7,547809,147,147,34906136,0,0,0,0,0,0,0,0,0
201909,48,167,3,7,Galveston County              ,146,146,35850517,0,0,0,0,0,0,0,0,0,46,46,10768948,0,0,0,0,0,0,0,0,0
201909,48,185,3,7,Grimes County                 ,4,4,456216,0,0,0,0,0,0,0,0,0,4,4,456216,0,0,0,0,0,0,0,0,0
201909,48,187,3,7,Guadalupe County              ,65,65,14701760,4,8,894730,0,0,0,0,0,0,63,63,14141473,4,8,894730,0,0,0,0,0,0
201909,48,193,3,7,Hamilton County               ,0,0,0,0,0,0,0,0,0,0,0,0,0,0,0,0,0,0,0,0,0,0,0,0
201909,48,195,3,7,Hansford County               ,0,0,0,0,0,0,0,0,0,0,0,0,0,0,0,0,0,0,0,0,0,0,0,0
201909,48,201,3,7,Harris County                 ,1531,1531,289075168,12,24,2353044,0,0,0,33,2004,330964497,1528,1528,286167298,11,22,2203044,0,0,0,33,2004,330964497
201909,48,211,3,7,Hemphill County               ,0,0,0,0,0,0,0,0,0,0,0,0,0,0,0,0,0,0,0,0,0,0,0,0
201909,48,215,3,7,Hidalgo County                ,257,257,43507206,19,38,1787872,14,56,3407294,1,56,3500000,237,237,41664178,19,38,1787872,14,56,3407294,1,56,3500000
201909,48,233,3,7,Hutchinson County             ,0,0,0,0,0,0,0,0,0,0,0,0,0,0,0,0,0,0,0,0,0,0,0,0
201909,48,251,3,7,Johnson County                ,78,78,14319299,0,0,0,0,0,0,0,0,0,77,77,14082892,0,0,0,0,0,0,0,0,0
201909,48,257,3,7,Kaufman County                ,62,62,13616908,0,0,0,0,0,0,0,0,0,52,52,11578825,0,0,0,0,0,0,0,0,0
201909,48,259,3,7,Kendall County                ,26,26,6763077,0,0,0,0,0,0,0,0,0,0,0,0,0,0,0,0,0,0,0,0,0
201909,48,271,3,7,Kinney County                 ,0,0,0,0,0,0,0,0,0,0,0,0,0,0,0,0,0,0,0,0,0,0,0,0
201909,48,281,3,7,Lampasas County               ,2,2,260000,0,0,0,0,0,0,0,0,0,2,2,260000,0,0,0,0,0,0,0,0,0
201909,48,291,3,7,Liberty County                ,128,128,15597921,0,0,0,0,0,0,0,0,0,120,120,14202200,0,0,0,0,0,0,0,0,0
201909,48,303,3,7,Lubbock County                ,113,113,25654433,1,2,288900,0,0,0,0,0,0,3,3,835136,0,0,0,0,0,0,0,0,0
201909,48,323,3,7,Maverick County               ,6,6,1579620,1,2,110981,0,0,0,0,0,0,0,0,0,0,0,0,0,0,0,0,0,0
201909,48,325,3,7,Medina County                 ,3,3,636492,0,0,0,0,0,0,0,0,0,2,2,437457,0,0,0,0,0,0,0,0,0
201909,48,329,3,7,Midland County                ,99,99,14835383,0,0,0,0,0,0,0,0,0,99,99,14835383,0,0,0,0,0,0,0,0,0
201909,48,339,3,7,Montgomery County             ,524,524,111211437,0,0,0,1,3,455166,1,10,1093870,514,514,109082569,0,0,0,1,3,455166,0,0,0
201909,48,367,3,7,Parker County                 ,28,28,3550695,0,0,0,0,0,0,6,338,41665859,25,25,3206739,0,0,0,0,0,0,6,338,41665859
201909,48,375,3,7,Potter County                 ,36,36,8548441,1,2,223682,0,0,0,0,0,0,36,36,8548441,1,2,223682,0,0,0,0,0,0
201909,48,383,3,7,Reagan County                 ,0,0,0,0,0,0,0,0,0,0,0,0,0,0,0,0,0,0,0,0,0,0,0,0
201909,48,385,3,7,Real County                   ,0,0,0,0,0,0,0,0,0,0,0,0,0,0,0,0,0,0,0,0,0,0,0,0
201909,48,395,3,7,Robertson County              ,6,6,1262952,0,0,0,0,0,0,0,0,0,0,0,0,0,0,0,0,0,0,0,0,0
201909,48,397,3,7,Rockwall County               ,145,145,45093882,0,0,0,0,0,0,0,0,0,126,126,36045282,0,0,0,0,0,0,0,0,0
201909,48,407,3,7,San Jacinto County            ,35,35,7724094,0,0,0,0,0,0,0,0,0,0,0,0,0,0,0,0,0,0,0,0,0
201909,48,411,3,7,San Saba County               ,1,1,86400,0,0,0,0,0,0,0,0,0,1,1,86400,0,0,0,0,0,0,0,0,0
201909,48,451,3,7,Tom Green County              ,23,23,4712645,0,0,0,0,0,0,0,0,0,23,23,4712645,0,0,0,0,0,0,0,0,0
201909,48,453,3,7,Travis County                 ,701,701,152971501,12,24,3592807,0,0,0,5,540,181227440,689,689,149621142,12,24,3592807,0,0,0,5,540,181227440
201909,48,473,3,7,Waller County                 ,0,0,0,0,0,0,0,0,0,1,7,155264,0,0,0,0,0,0,0,0,0,0,0,0
201909,48,491,3,7,Williamson County             ,457,457,107424547,2,4,260000,0,0,0,0,0,0,434,434,102165584,2,4,260000,0,0,0,0,0,0
201909,48,493,3,7,Wilson County                 ,5,5,976765,0,0,0,0,0,0,0,0,0,0,0,0,0,0,0,0,0,0,0,0,0
201909,48,497,3,7,Wise County                   ,9,9,1809826,0,0,0,0,0,0,0,0,0,9,9,1809826,0,0,0,0,0,0,0,0,0
201909,49,011,4,8,Davis County                  ,124,124,33538647,0,0,0,0,0,0,2,56,6075147,69,69,19369263,0,0,0,0,0,0,1,48,5280000
201909,49,023,4,8,Juab County                   ,3,3,875064,0,0,0,0,0,0,0,0,0,0,0,0,0,0,0,0,0,0,0,0,0
201909,49,029,4,8,Morgan County                 ,5,5,2825563,0,0,0,0,0,0,0,0,0,3,3,2333523,0,0,0,0,0,0,0,0,0
201909,49,035,4,8,Salt Lake County              ,274,274,71791251,1,2,294813,4,13,2067271,13,695,98474187,186,186,46648724,0,0,0,3,9,1490970,8,641,90473074
201909,49,039,4,8,Sanpete County                ,5,5,786873,0,0,0,0,0,0,0,0,0,5,5,786873,0,0,0,0,0,0,0,0,0
201909,49,043,4,8,Summit County                 ,20,20,10158322,2,4,1131146,1,3,841530,1,7,1195998,12,12,6048267,2,4,1131146,0,0,0,0,0,0
201909,49,057,4,8,Weber County                  ,73,73,19993064,0,0,0,6,21,2291465,4,47,5201102,68,68,18697776,0,0,0,5,18,2081465,3,42,4895839
201909,51,003,3,5,Albemarle County              ,53,53,15067290,0,0,0,0,0,0,1,45,4006426,0,0,0,0,0,0,0,0,0,0,0,0
201909,51,007,3,5,Amelia County                 ,4,4,681069,0,0,0,0,0,0,0,0,0,0,0,0,0,0,0,0,0,0,0,0,0
201909,51,009,3,5,Amherst County                ,6,6,1272803,0,0,0,0,0,0,0,0,0,0,0,0,0,0,0,0,0,0,0,0,0
201909,51,013,3,5,Arlington County              ,17,17,7602604,0,0,0,0,0,0,1,253,26916362,0,0,0,0,0,0,0,0,0,0,0,0
201909,51,015,3,5,Augusta County                ,9,9,2598650,0,0,0,0,0,0,0,0,0,9,9,2598650,0,0,0,0,0,0,0,0,0
201909,51,019,3,5,Bedford County                ,2,2,406580,0,0,0,0,0,0,1,5,322222,0,0,0,0,0,0,0,0,0,0,0,0
201909,51,033,3,5,Caroline County               ,4,4,830000,0,0,0,0,0,0,0,0,0,4,4,830000,0,0,0,0,0,0,0,0,0
201909,51,036,3,5,Charles City County           ,2,2,327921,0,0,0,0,0,0,0,0,0,0,0,0,0,0,0,0,0,0,0,0,0
201909,51,037,3,5,Charlotte County              ,2,2,406498,0,0,0,0,0,0,0,0,0,0,0,0,0,0,0,0,0,0,0,0,0
201909,51,041,3,5,Chesterfield County           ,108,108,22128940,0,0,0,4,16,2016080,3,15,1282320,108,108,22128940,0,0,0,4,16,2016080,3,15,1282320
201909,51,043,3,5,Clarke County                 ,3,3,671183,0,0,0,0,0,0,0,0,0,3,3,671183,0,0,0,0,0,0,0,0,0
201909,51,049,3,5,Cumberland County             ,5,5,625000,0,0,0,0,0,0,0,0,0,5,5,625000,0,0,0,0,0,0,0,0,0
201909,51,051,3,5,Dickenson County              ,0,0,0,0,0,0,0,0,0,0,0,0,0,0,0,0,0,0,0,0,0,0,0,0
201909,51,053,3,5,Dinwiddie County              ,6,6,924387,0,0,0,0,0,0,0,0,0,0,0,0,0,0,0,0,0,0,0,0,0
201909,51,059,3,5,Fairfax County                ,86,86,20421276,0,0,0,0,0,0,2,20,2539727,86,86,20421276,0,0,0,0,0,0,1,14,1600000
201909,51,061,3,5,Fauquier County               ,22,22,7064791,0,0,0,0,0,0,0,0,0,22,22,7064791,0,0,0,0,0,0,0,0,0
201909,51,069,3,5,Frederick County              ,47,47,12811521,0,0,0,0,0,0,0,0,0,47,47,12811521,0,0,0,0,0,0,0,0,0
201909,51,073,3,5,Gloucester County             ,7,7,1622000,0,0,0,0,0,0,0,0,0,7,7,1622000,0,0,0,0,0,0,0,0,0
201909,51,075,3,5,Goochland County              ,11,11,2122735,0,0,0,0,0,0,0,0,0,11,11,2122735,0,0,0,0,0,0,0,0,0
201909,51,085,3,5,Hanover County                ,39,39,944954,0,0,0,0,0,0,0,0,0,39,39,944954,0,0,0,0,0,0,0,0,0
201909,51,087,3,5,Henrico County                ,54,54,8825219,0,0,0,0,0,0,0,0,0,54,54,8825219,0,0,0,0,0,0,0,0,0
201909,51,093,3,5,Isle of Wight County          ,15,15,3063127,0,0,0,0,0,0,0,0,0,0,0,0,0,0,0,0,0,0,0,0,0
201909,51,095,3,5,James City County             ,17,17,5317432,2,4,355000,0,0,0,0,0,0,17,17,5317432,2,4,355000,0,0,0,0,0,0
201909,51,097,3,5,King and Queen County         ,2,2,386700,0,0,0,0,0,0,0,0,0,2,2,386700,0,0,0,0,0,0,0,0,0
201909,51,099,3,5,King George County            ,14,14,2868566,0,0,0,0,0,0,0,0,0,14,14,2868566,0,0,0,0,0,0,0,0,0
201909,51,107,3,5,Loudoun County                ,125,125,29682088,0,0,0,0,0,0,1,12,120000,125,125,29682088,0,0,0,0,0,0,1,12,120000
201909,51,109,3,5,Louisa County                 ,27,27,5845519,0,0,0,0,0,0,0,0,0,0,0,0,0,0,0,0,0,0,0,0,0
201909,51,115,3,5,Mathews County                ,0,0,0,0,0,0,0,0,0,0,0,0,0,0,0,0,0,0,0,0,0,0,0,0
201909,51,127,3,5,New Kent County               ,24,24,4917542,0,0,0,0,0,0,0,0,0,24,24,4917542,0,0,0,0,0,0,0,0,0
201909,51,139,3,5,Page County                   ,7,7,855000,0,0,0,0,0,0,0,0,0,7,7,855000,0,0,0,0,0,0,0,0,0
201909,51,145,3,5,Powhatan County               ,17,17,3483259,0,0,0,0,0,0,0,0,0,17,17,3483259,0,0,0,0,0,0,0,0,0
201909,51,149,3,5,Prince George County          ,6,6,920000,0,0,0,0,0,0,0,0,0,6,6,920000,0,0,0,0,0,0,0,0,0
201909,51,153,3,5,Prince William County         ,105,105,22143381,0,0,0,0,0,0,1,9,990386,0,0,0,0,0,0,0,0,0,0,0,0
201909,51,165,3,5,Rockingham County             ,31,31,10527790,0,0,0,0,0,0,0,0,0,31,31,10527790,0,0,0,0,0,0,0,0,0
201909,51,175,3,5,Southampton County            ,4,4,645109,0,0,0,0,0,0,0,0,0,0,0,0,0,0,0,0,0,0,0,0,0
201909,51,177,3,5,Spotsylvania County           ,54,54,14260281,0,0,0,0,0,0,2,93,10967797,0,0,0,0,0,0,0,0,0,0,0,0
201909,51,179,3,5,Stafford County               ,78,78,19704554,0,0,0,0,0,0,0,0,0,78,78,19704554,0,0,0,0,0,0,0,0,0
201909,51,181,3,5,Surry County                  ,1,1,445000,0,0,0,0,0,0,0,0,0,1,1,445000,0,0,0,0,0,0,0,0,0
201909,51,183,3,5,Sussex County                 ,3,3,200000,0,0,0,0,0,0,0,0,0,3,3,200000,0,0,0,0,0,0,0,0,0
201909,51,187,3,5,Warren County                 ,14,14,5272175,0,0,0,0,0,0,0,0,0,14,14,5272175,0,0,0,0,0,0,0,0,0
201909,51,199,3,5,York County                   ,30,30,7123701,0,0,0,0,0,0,0,0,0,30,30,7123701,0,0,0,0,0,0,0,0,0
201909,51,510,3,5,Alexandria (Independent City) ,8,8,602150,0,0,0,0,0,0,0,0,0,8,8,602150,0,0,0,0,0,0,0,0,0
201909,51,540,3,5,Charlottesville (Independent C,6,6,2024323,1,2,237500,0,0,0,1,12,2566316,0,0,0,0,0,0,0,0,0,0,0,0
201909,51,550,3,5,Chesapeake(Independent City)  ,64,64,18182800,0,0,0,0,0,0,0,0,0,64,64,18182800,0,0,0,0,0,0,0,0,0
201909,51,570,3,5,Colonial Heights (Independent ,0,0,0,0,0,0,0,0,0,0,0,0,0,0,0,0,0,0,0,0,0,0,0,0
201909,51,580,3,5,Covington (Independent City)  ,0,0,0,0,0,0,0,0,0,0,0,0,0,0,0,0,0,0,0,0,0,0,0,0
201909,51,600,3,5,Fairfax (Independent City)    ,2,2,560000,0,0,0,0,0,0,0,0,0,2,2,560000,0,0,0,0,0,0,0,0,0
201909,51,610,3,5,Falls Church (Independent City,1,1,400000,0,0,0,0,0,0,0,0,0,1,1,400000,0,0,0,0,0,0,0,0,0
201909,51,630,3,5,Fredericksburg(Independent Cit,1,1,200000,0,0,0,0,0,0,3,207,26687000,1,1,200000,0,0,0,0,0,0,3,207,26687000
201909,51,650,3,5,Hampton (Independent City)    ,14,14,872500,0,0,0,0,0,0,0,0,0,0,0,0,0,0,0,0,0,0,0,0,0
201909,51,660,3,5,Harrisonburg (Independent City,6,6,1020000,0,0,0,0,0,0,0,0,0,6,6,1020000,0,0,0,0,0,0,0,0,0
201909,51,670,3,5,Hopewell (Independent City)   ,5,5,506395,0,0,0,0,0,0,1,6,517074,0,0,0,0,0,0,0,0,0,0,0,0
201909,51,680,3,5,Lynchburg (Independent City)  ,1,1,325000,0,0,0,0,0,0,0,0,0,1,1,325000,0,0,0,0,0,0,0,0,0
201909,51,683,3,5,Manassas (Independent City)   ,6,6,1406881,0,0,0,0,0,0,0,0,0,0,0,0,0,0,0,0,0,0,0,0,0
201909,51,685,3,5,Manassas Park (Independent Cit,0,0,0,0,0,0,0,0,0,0,0,0,0,0,0,0,0,0,0,0,0,0,0,0
201909,51,700,3,5,Newport News (Independent City,9,9,2052360,0,0,0,0,0,0,0,0,0,9,9,2052360,0,0,0,0,0,0,0,0,0
201909,51,710,3,5,Norfolk (Independent City)    ,33,33,7836071,1,2,118000,0,0,0,0,0,0,33,33,7836071,1,2,118000,0,0,0,0,0,0
201909,51,730,3,5,Petersburg (Independent City) ,0,0,0,0,0,0,0,0,0,0,0,0,0,0,0,0,0,0,0,0,0,0,0,0
201909,51,735,3,5,Poquoson (Independent City)   ,1,1,225000,0,0,0,0,0,0,0,0,0,1,1,225000,0,0,0,0,0,0,0,0,0
201909,51,740,3,5,Portsmouth (Independent City) ,8,8,865000,0,0,0,0,0,0,0,0,0,8,8,865000,0,0,0,0,0,0,0,0,0
201909,51,760,3,5,Richmond (Independent City)   ,83,83,17006500,0,0,0,0,0,0,0,0,0,83,83,17006500,0,0,0,0,0,0,0,0,0
201909,51,800,3,5,Suffolk (Independent City)    ,45,45,10685552,0,0,0,0,0,0,0,0,0,45,45,10685552,0,0,0,0,0,0,0,0,0
201909,51,810,3,5,Virginia Beach (Independent Ci,58,58,7776721,0,0,0,0,0,0,0,0,0,58,58,7776721,0,0,0,0,0,0,0,0,0
201909,51,830,3,5,Williamsburg (Independent City,1,1,788600,0,0,0,0,0,0,0,0,0,1,1,788600,0,0,0,0,0,0,0,0,0
201909,53,005,4,9,Benton County                 ,73,73,20864697,0,0,0,0,0,0,0,0,0,68,68,19099773,0,0,0,0,0,0,0,0,0
201909,53,011,4,9,Clark County                  ,254,254,71487375,0,0,0,1,4,479430,4,82,7800176,121,121,31218126,0,0,0,1,4,479430,4,82,7800176
201909,53,021,4,9,Franklin County               ,41,41,11554712,0,0,0,0,0,0,0,0,0,5,5,2041860,0,0,0,0,0,0,0,0,0
201909,53,031,4,9,Jefferson County              ,18,18,4645470,0,0,0,0,0,0,0,0,0,18,18,4645470,0,0,0,0,0,0,0,0,0
201909,53,033,4,9,King County                   ,310,310,121142329,17,34,7837355,10,35,6588331,21,1461,201882204,250,250,94133184,17,34,7837355,9,32,6087819,18,1192,179461882
201909,53,035,4,9,Kitsap County                 ,80,80,24497787,0,0,0,0,0,0,2,30,5615869,80,80,24497787,0,0,0,0,0,0,2,30,5615869
201909,53,053,4,9,Pierce County                 ,214,214,65873201,0,0,0,4,14,2167672,7,361,46011091,213,213,65536088,0,0,0,4,14,2167672,7,361,46011091
201909,53,055,4,9,San Juan County               ,16,16,2546595,0,0,0,0,0,0,0,0,0,6,6,462000,0,0,0,0,0,0,0,0,0
201909,53,059,4,9,Skamania County               ,5,5,1101578,0,0,0,0,0,0,0,0,0,5,5,1101578,0,0,0,0,0,0,0,0,0
201909,53,061,4,9,Snohomish County              ,182,182,58101556,1,2,201344,2,7,1511668,3,31,4218621,172,172,55954232,1,2,201344,2,7,1511668,2,20,3188516
201909,54,011,3,5,Cabell County                 ,6,6,1028716,1,2,277667,1,3,198750,0,0,0,1,1,150000,0,0,0,0,0,0,0,0,0
201909,54,015,3,5,Clay County                   ,7,7,175000,0,0,0,0,0,0,0,0,0,7,7,175000,0,0,0,0,0,0,0,0,0
201909,54,019,3,5,Fayette County                ,8,8,718000,0,0,0,0,0,0,0,0,0,8,8,718000,0,0,0,0,0,0,0,0,0
201909,54,037,3,5,Jefferson County              ,10,10,2875980,0,0,0,0,0,0,0,0,0,10,10,2875980,0,0,0,0,0,0,0,0,0
201909,54,081,3,5,Raleigh County                ,1,1,110000,0,0,0,0,0,0,0,0,0,1,1,110000,0,0,0,0,0,0,0,0,0
201909,55,025,2,3,Dane County                   ,110,110,37708796,5,10,1580333,1,3,450750,5,106,15801933,52,52,18349895,4,8,1182000,0,0,0,0,0,0
201909,55,031,2,3,Douglas County                ,6,6,1067081,0,0,0,0,0,0,0,0,0,6,6,1067081,0,0,0,0,0,0,0,0,0
201909,55,037,2,3,Florence County               ,4,4,1900000,0,0,0,0,0,0,0,0,0,4,4,1900000,0,0,0,0,0,0,0,0,0
201909,55,049,2,3,Iowa County                   ,11,11,3719000,0,0,0,0,0,0,0,0,0,11,11,3719000,0,0,0,0,0,0,0,0,0
201909,55,059,2,3,Kenosha County                ,23,23,8652048,0,0,0,0,0,0,1,5,400000,20,20,7831723,0,0,0,0,0,0,0,0,0
201909,55,079,2,3,Milwaukee County              ,4,4,1220000,0,0,0,0,0,0,0,0,0,4,4,1220000,0,0,0,0,0,0,0,0,0
201909,55,089,2,3,Ozaukee County                ,21,21,8618448,2,4,639400,0,0,0,1,16,1600000,11,11,4208197,2,4,639400,0,0,0,1,16,1600000
201909,55,093,2,3,Pierce County                 ,18,18,3567654,0,0,0,0,0,0,0,0,0,17,17,3262654,0,0,0,0,0,0,0,0,0
201909,55,109,2,3,St. Croix County              ,35,35,8471800,0,0,0,0,0,0,0,0,0,34,34,8161800,0,0,0,0,0,0,0,0,0
201909,55,131,2,3,Washington County             ,30,30,9636643,5,10,1842500,0,0,0,1,8,1200000,24,24,7406342,4,8,1400000,0,0,0,1,8,1200000
201909,56,029,4,8,Park County                   ,15,15,4047630,0,0,0,0,0,0,0,0,0,11,11,3111184,0,0,0,0,0,0,0,0,0
201909,56,039,4,8,Teton County                  ,11,11,15532125,1,2,623319,0,0,0,0,0,0,9,9,14480111,0,0,0,0,0,0,0,0,0
