Survey,FIPS,FIPS,Region,Division,County,,1-unit,,,2-units,,,3-4 units,,,5+ units,,,1-unit rep,,,2-units rep,,,3-4 units rep,,, 5+units rep
Date,State,County,Code,Code,Name,Bldgs,Units,Value,Bldgs,Units,Value,Bldgs,Units,Value,Bldgs,Units,Value,Bldgs,Units,Value,Bldgs,Units,Value,Bldgs,Units,Value,Bldgs,Units,Value
 
201908,01,001,3,6,Autauga County                ,27,27,7311823,0,0,0,0,0,0,0,0,0,27,27,7311823,0,0,0,0,0,0,0,0,0
201908,01,007,3,6,Bibb County                   ,0,0,0,0,0,0,1,3,280000,0,0,0,0,0,0,0,0,0,1,3,280000,0,0,0
201908,01,009,3,6,Blount County                 ,1,1,280000,0,0,0,0,0,0,0,0,0,1,1,280000,0,0,0,0,0,0,0,0,0
201908,01,021,3,6,Chilton County                ,4,4,505000,0,0,0,0,0,0,0,0,0,4,4,505000,0,0,0,0,0,0,0,0,0
201908,01,073,3,6,Jefferson County              ,136,136,43433609,1,2,247329,0,0,0,3,23,2413925,75,75,22688232,0,0,0,0,0,0,0,0,0
201908,01,081,3,6,Lee County                    ,105,105,26796037,2,4,798738,0,0,0,0,0,0,105,105,26796037,2,4,798738,0,0,0,0,0,0
201908,01,083,3,6,Limestone County              ,21,21,4986591,0,0,0,0,0,0,0,0,0,21,21,4986591,0,0,0,0,0,0,0,0,0
201908,01,089,3,6,Madison County                ,257,257,34254550,0,0,0,0,0,0,0,0,0,257,257,34254550,0,0,0,0,0,0,0,0,0
201908,01,113,3,6,Russell County                ,16,16,2815326,0,0,0,0,0,0,0,0,0,16,16,2815326,0,0,0,0,0,0,0,0,0
201908,01,115,3,6,St. Clair County              ,55,55,8937921,0,0,0,0,0,0,0,0,0,54,54,8725643,0,0,0,0,0,0,0,0,0
201908,01,117,3,6,Shelby County                 ,92,92,21844721,0,0,0,0,0,0,0,0,0,30,30,6904916,0,0,0,0,0,0,0,0,0
201908,01,127,3,6,Walker County                 ,8,8,1355865,0,0,0,0,0,0,0,0,0,8,8,1355865,0,0,0,0,0,0,0,0,0
201908,02,013,4,9,Aleutians East Borough        ,0,0,0,0,0,0,0,0,0,0,0,0,0,0,0,0,0,0,0,0,0,0,0,0
201908,02,016,4,9,Aleutians West Census Area    ,0,0,0,0,0,0,0,0,0,0,0,0,0,0,0,0,0,0,0,0,0,0,0,0
201908,02,020,4,9,Anchorage Municipality        ,75,75,23495224,0,0,0,1,4,694790,2,13,2055242,0,0,0,0,0,0,0,0,0,0,0,0
201908,02,050,4,9,Bethel Census Area            ,0,0,0,0,0,0,0,0,0,0,0,0,0,0,0,0,0,0,0,0,0,0,0,0
201908,02,060,4,9,Bristol Bay Borough           ,0,0,0,0,0,0,0,0,0,0,0,0,0,0,0,0,0,0,0,0,0,0,0,0
201908,02,070,4,9,Dillingham Census Area        ,0,0,0,0,0,0,0,0,0,0,0,0,0,0,0,0,0,0,0,0,0,0,0,0
201908,02,090,4,9,Fairbanks North Star Borough  ,1,1,326623,0,0,0,2,8,1114084,0,0,0,1,1,326623,0,0,0,2,8,1114084,0,0,0
201908,02,100,4,9,Haines Borough                ,1,1,160842,0,0,0,0,0,0,0,0,0,0,0,0,0,0,0,0,0,0,0,0,0
201908,02,105,4,9,Hoonah-Angoon Census Area     ,1,1,282835,0,0,0,0,0,0,0,0,0,1,1,282835,0,0,0,0,0,0,0,0,0
201908,02,110,4,9,Juneau City and Borough       ,6,6,1064949,0,0,0,0,0,0,1,32,1395864,6,6,1064949,0,0,0,0,0,0,1,32,1395864
201908,02,122,4,9,Kenai Peninsula Borough       ,8,8,1470898,0,0,0,0,0,0,0,0,0,4,4,640000,0,0,0,0,0,0,0,0,0
201908,02,130,4,9,Ketchikan Gateway Borough     ,6,6,1697009,1,2,345783,0,0,0,0,0,0,6,6,1697009,1,2,345783,0,0,0,0,0,0
201908,02,150,4,9,Kodiak Island Borough         ,2,2,435763,0,0,0,0,0,0,0,0,0,2,2,435763,0,0,0,0,0,0,0,0,0
201908,02,170,4,9,Matanuska-Susitna Borough     ,9,9,2505930,3,6,1025905,1,3,359024,0,0,0,5,5,1357945,0,0,0,0,0,0,0,0,0
201908,02,180,4,9,Nome Census Area              ,0,0,0,0,0,0,0,0,0,0,0,0,0,0,0,0,0,0,0,0,0,0,0,0
201908,02,185,4,9,North Slope Borough           ,0,0,0,0,0,0,0,0,0,0,0,0,0,0,0,0,0,0,0,0,0,0,0,0
201908,02,188,4,9,Northwest Arctic Borough      ,1,1,660000,0,0,0,0,0,0,0,0,0,0,0,0,0,0,0,0,0,0,0,0,0
201908,02,195,4,9,Petersburg Borough            ,1,1,200000,0,0,0,0,0,0,0,0,0,1,1,200000,0,0,0,0,0,0,0,0,0
201908,02,198,4,9,Prince of Wales-Hyder Census A,1,1,282835,0,0,0,0,0,0,0,0,0,1,1,282835,0,0,0,0,0,0,0,0,0
201908,02,220,4,9,Sitka City and Borough        ,1,1,264847,0,0,0,0,0,0,0,0,0,0,0,0,0,0,0,0,0,0,0,0,0
201908,02,230,4,9,Skagway Municipality          ,1,1,183400,1,2,200000,0,0,0,0,0,0,0,0,0,0,0,0,0,0,0,0,0,0
201908,02,261,4,9,Valdez-Cordova Census Area    ,1,1,317571,0,0,0,0,0,0,0,0,0,0,0,0,0,0,0,0,0,0,0,0,0
201908,02,275,4,9,Wrangell City and Borough     ,0,0,0,0,0,0,0,0,0,0,0,0,0,0,0,0,0,0,0,0,0,0,0,0
201908,02,282,4,9,Yakutat City and Borough      ,1,1,166923,0,0,0,0,0,0,0,0,0,0,0,0,0,0,0,0,0,0,0,0,0
201908,02,290,4,9,Yukon-Koyukuk Census Area     ,0,0,0,0,0,0,0,0,0,0,0,0,0,0,0,0,0,0,0,0,0,0,0,0
201908,04,013,4,8,Maricopa County               ,1774,1774,513020639,38,76,8219776,16,55,7739221,30,749,94167212,1519,1519,440019326,37,74,7941129,16,55,7739221,27,603,69062020
201908,04,019,4,8,Pima County                   ,270,270,77426553,1,2,298716,0,0,0,3,65,9983255,179,179,54070809,0,0,0,0,0,0,0,0,0
201908,04,021,4,8,Pinal County                  ,458,458,94381598,4,8,541088,0,0,0,0,0,0,442,442,91393731,4,8,541088,0,0,0,0,0,0
201908,05,013,3,7,Calhoun County                ,0,0,0,0,0,0,0,0,0,0,0,0,0,0,0,0,0,0,0,0,0,0,0,0
201908,05,035,3,7,Crittenden County             ,6,6,1497485,0,0,0,0,0,0,0,0,0,5,5,1264000,0,0,0,0,0,0,0,0,0
201908,05,043,3,7,Drew County                   ,3,3,150000,0,0,0,0,0,0,0,0,0,3,3,150000,0,0,0,0,0,0,0,0,0
201908,05,045,3,7,Faulkner County               ,24,24,5391349,1,2,151790,0,0,0,1,5,140569,4,4,740000,0,0,0,0,0,0,0,0,0
201908,05,053,3,7,Grant County                  ,2,2,311517,0,0,0,0,0,0,0,0,0,0,0,0,0,0,0,0,0,0,0,0,0
201908,05,085,3,7,Lonoke County                 ,21,21,2571960,0,0,0,0,0,0,0,0,0,7,7,1366534,0,0,0,0,0,0,0,0,0
201908,05,087,3,7,Madison County                ,0,0,0,0,0,0,0,0,0,0,0,0,0,0,0,0,0,0,0,0,0,0,0,0
201908,05,091,3,7,Miller County                 ,3,3,645705,0,0,0,0,0,0,0,0,0,0,0,0,0,0,0,0,0,0,0,0,0
201908,05,105,3,7,Perry County                  ,0,0,0,0,0,0,0,0,0,0,0,0,0,0,0,0,0,0,0,0,0,0,0,0
201908,05,119,3,7,Pulaski County                ,88,88,24072275,0,0,0,4,16,525000,2,48,2000000,88,88,24072275,0,0,0,4,16,525000,2,48,2000000
201908,05,129,3,7,Searcy County                 ,0,0,0,0,0,0,0,0,0,0,0,0,0,0,0,0,0,0,0,0,0,0,0,0
201908,05,143,3,7,Washington County             ,96,96,25930884,1,2,484942,0,0,0,19,942,42970396,85,85,24500884,1,2,484942,0,0,0,19,942,42970396
201908,06,001,4,9,Alameda County                ,120,120,40331507,0,0,0,0,0,0,10,472,87993610,61,61,19969543,0,0,0,0,0,0,6,444,82179033
201908,06,013,4,9,Contra Costa County           ,128,128,40566300,0,0,0,0,0,0,0,0,0,96,96,29501211,0,0,0,0,0,0,0,0,0
201908,06,017,4,9,El Dorado County              ,53,53,16731537,0,0,0,0,0,0,0,0,0,53,53,16731537,0,0,0,0,0,0,0,0,0
201908,06,019,4,9,Fresno County                 ,209,209,62250345,0,0,0,0,0,0,1,5,665972,198,198,60332186,0,0,0,0,0,0,0,0,0
201908,06,037,4,9,Los Angeles County            ,430,430,149895266,75,150,28180820,5,16,2386551,25,456,77218545,360,360,115062902,73,146,27491276,3,10,2036730,20,416,71956804
201908,06,041,4,9,Marin County                  ,8,8,4073666,1,2,1531250,0,0,0,0,0,0,6,6,2265925,0,0,0,0,0,0,0,0,0
201908,06,059,4,9,Orange County                 ,290,290,84950997,6,12,3861197,5,16,3265047,8,184,33850385,252,252,63535140,3,6,1861161,4,13,2604855,7,162,28815704
201908,06,061,4,9,Placer County                 ,117,117,40190342,0,0,0,0,0,0,1,150,8860520,117,117,40190342,0,0,0,0,0,0,1,150,8860520
201908,06,063,4,9,Plumas County                 ,6,6,1114245,0,0,0,0,0,0,0,0,0,6,6,1114245,0,0,0,0,0,0,0,0,0
201908,06,067,4,9,Sacramento County             ,326,326,89417587,7,14,1616138,1,3,424400,0,0,0,324,324,88966179,7,14,1616138,1,3,424400,0,0,0
201908,06,069,4,9,San Benito County             ,52,52,19519388,0,0,0,0,0,0,0,0,0,46,46,16275359,0,0,0,0,0,0,0,0,0
201908,06,071,4,9,San Bernardino County         ,323,323,81371314,18,36,7001337,2,8,1071887,13,181,16284866,303,303,76822502,18,36,7001337,2,8,1071887,10,162,14741274
201908,06,073,4,9,San Diego County              ,244,244,75790416,3,6,1794807,24,85,19257854,14,607,62004007,236,236,71795252,2,4,628140,23,82,18858552,12,591,59918429
201908,06,075,4,9,San Francisco County          ,1,1,277935,4,8,1359396,0,0,0,3,402,107950000,1,1,277935,4,8,1359396,0,0,0,3,402,107950000
201908,06,081,4,9,San Mateo County              ,31,31,32798637,0,0,0,0,0,0,2,26,6393064,18,18,25614850,0,0,0,0,0,0,0,0,0
201908,06,085,4,9,Santa Clara County            ,185,185,69415891,0,0,0,1,3,756892,5,444,64934225,130,130,48973903,0,0,0,0,0,0,1,299,34107532
201908,06,091,4,9,Sierra County                 ,1,1,282835,0,0,0,0,0,0,0,0,0,1,1,282835,0,0,0,0,0,0,0,0,0
201908,06,113,4,9,Yolo County                   ,36,36,13937183,0,0,0,0,0,0,0,0,0,36,36,13937183,0,0,0,0,0,0,0,0,0
201908,08,001,4,8,Adams County                  ,265,265,68798983,2,4,441869,1,3,499711,0,0,0,265,265,68798983,1,2,20000,1,3,499711,0,0,0
201908,08,005,4,8,Arapahoe County               ,257,257,116122350,0,0,0,1,4,806202,0,0,0,252,252,112131298,0,0,0,1,4,806202,0,0,0
201908,08,014,4,8,Broomfield County             ,37,37,14456992,0,0,0,0,0,0,0,0,0,37,37,14456992,0,0,0,0,0,0,0,0,0
201908,08,015,4,8,Chaffee County                ,15,15,3973990,0,0,0,0,0,0,0,0,0,0,0,0,0,0,0,0,0,0,0,0,0
201908,08,019,4,8,Clear Creek County            ,2,2,519117,0,0,0,0,0,0,1,5,727085,0,0,0,0,0,0,0,0,0,0,0,0
201908,08,031,4,8,Denver County                 ,300,300,83380528,0,0,0,0,0,0,2,193,28069500,300,300,83380528,0,0,0,0,0,0,2,193,28069500
201908,08,035,4,8,Douglas County                ,279,279,86750037,4,8,713214,2,8,1254612,5,53,7186398,181,181,59692227,4,8,713214,2,8,1254612,3,19,2618737
201908,08,039,4,8,Elbert County                 ,27,27,7785666,0,0,0,0,0,0,0,0,0,27,27,7785666,0,0,0,0,0,0,0,0,0
201908,08,041,4,8,El Paso County                ,327,327,118455119,5,10,1301451,0,0,0,1,11,1000000,327,327,118455119,5,10,1301451,0,0,0,1,11,1000000
201908,08,047,4,8,Gilpin County                 ,3,3,833805,0,0,0,0,0,0,0,0,0,3,3,833805,0,0,0,0,0,0,0,0,0
201908,08,059,4,8,Jefferson County              ,56,56,21575106,0,0,0,0,0,0,5,25,4009282,55,55,21263452,0,0,0,0,0,0,5,25,4009282
201908,08,069,4,8,Larimer County                ,102,102,28479351,0,0,0,0,0,0,0,0,0,102,102,28479351,0,0,0,0,0,0,0,0,0
201908,08,077,4,8,Mesa County                   ,75,75,11265214,4,8,994475,0,0,0,0,0,0,75,75,11265214,4,8,994475,0,0,0,0,0,0
201908,08,093,4,8,Park County                   ,30,30,8082263,0,0,0,0,0,0,0,0,0,30,30,8082263,0,0,0,0,0,0,0,0,0
201908,08,101,4,8,Pueblo County                 ,42,42,6169871,0,0,0,0,0,0,0,0,0,42,42,6169871,0,0,0,0,0,0,0,0,0
201908,08,119,4,8,Teller County                 ,7,7,1837608,0,0,0,0,0,0,0,0,0,7,7,1837608,0,0,0,0,0,0,0,0,0
201908,09,001,1,1,Fairfield County              ,65,65,36522574,1,2,582000,1,3,311000,2,45,6899556,40,40,17950656,1,2,582000,1,3,311000,1,40,3844000
201908,09,003,1,1,Hartford County               ,72,72,10543358,3,6,1015080,0,0,0,5,27,2454564,63,63,8772205,3,6,1015080,0,0,0,1,6,1034100
201908,09,007,1,1,Middlesex County              ,12,12,3041069,0,0,0,0,0,0,0,0,0,6,6,1326032,0,0,0,0,0,0,0,0,0
201908,09,013,1,1,Tolland County                ,7,7,1666853,2,4,443200,0,0,0,2,21,2073217,0,0,0,1,2,270000,0,0,0,0,0,0
201908,10,001,3,5,Kent County                   ,96,96,13322153,5,10,954934,0,0,0,1,5,484822,83,83,11724955,5,10,954934,0,0,0,0,0,0
201908,10,003,3,5,New Castle County             ,110,110,9970648,1,2,121384,0,0,0,1,5,470254,11,11,885587,1,2,121384,0,0,0,0,0,0
201908,10,005,3,5,Sussex County                 ,250,250,37162878,6,12,1403026,3,11,1188000,2,11,2444840,250,250,37162878,6,12,1403026,3,11,1188000,2,11,2444840
201908,11,001,3,5,Washington  DC                ,6,6,1424740,1,2,223682,0,0,0,7,376,42204120,6,6,1424740,1,2,223682,0,0,0,7,376,42204120
201908,12,003,3,5,Baker County                  ,34,34,5631772,0,0,0,0,0,0,0,0,0,34,34,5631772,0,0,0,0,0,0,0,0,0
201908,12,019,3,5,Clay County                   ,187,187,38969955,0,0,0,0,0,0,0,0,0,177,177,37198255,0,0,0,0,0,0,0,0,0
201908,12,029,3,5,Dixie County                  ,4,4,505294,0,0,0,0,0,0,0,0,0,0,0,0,0,0,0,0,0,0,0,0,0
201908,12,031,3,5,Duval County                  ,520,520,124425247,1,2,223682,0,0,0,0,0,0,511,511,121569658,1,2,223682,0,0,0,0,0,0
201908,12,033,3,5,Escambia County               ,173,173,41080010,0,0,0,0,0,0,0,0,0,173,173,41080010,0,0,0,0,0,0,0,0,0
201908,12,053,3,5,Hernando County               ,100,100,18845187,0,0,0,0,0,0,0,0,0,100,100,18845187,0,0,0,0,0,0,0,0,0
201908,12,057,3,5,Hillsborough County           ,747,747,241370075,1,2,200000,1,4,1400000,7,529,49514353,747,747,241370075,1,2,200000,1,4,1400000,7,529,49514353
201908,12,067,3,5,Lafayette County              ,2,2,762046,0,0,0,0,0,0,0,0,0,2,2,762046,0,0,0,0,0,0,0,0,0
201908,12,071,3,5,Lee County                    ,469,469,100559960,7,14,1797310,3,12,3048490,3,166,13805855,469,469,100559960,7,14,1797310,3,12,3048490,3,166,13805855
201908,12,073,3,5,Leon County                   ,64,64,12584699,1,2,221600,0,0,0,4,124,15579784,0,0,0,0,0,0,0,0,0,0,0,0
201908,12,081,3,5,Manatee County                ,330,330,70657707,0,0,0,3,12,1437060,12,538,40684895,330,330,70657707,0,0,0,3,12,1437060,12,538,40684895
201908,12,086,3,5,Miami-Dade County             ,211,211,66168537,18,36,4613275,0,0,0,12,1387,270677854,142,142,49034124,18,36,4613275,0,0,0,8,1187,244090764
201908,12,089,3,5,Nassau County                 ,130,130,38744320,0,0,0,0,0,0,0,0,0,128,128,38597291,0,0,0,0,0,0,0,0,0
201908,12,091,3,5,Okaloosa County               ,95,95,32554472,2,4,700000,0,0,0,1,5,276583,75,75,26944271,2,4,700000,0,0,0,0,0,0
201908,12,095,3,5,Orange County                 ,455,455,137295532,17,34,6525618,1,3,332375,17,597,78277795,430,430,130468521,17,34,6525618,1,3,332375,16,592,78027059
201908,12,097,3,5,Osceola County                ,430,430,114069603,0,0,0,0,0,0,0,0,0,430,430,114069603,0,0,0,0,0,0,0,0,0
201908,12,101,3,5,Pasco County                  ,381,381,78742892,4,8,935066,4,15,1004384,16,171,15244444,362,362,73639063,3,6,655066,4,15,1004384,15,166,14813194
201908,12,103,3,5,Pinellas County               ,60,60,18165918,0,0,0,0,0,0,2,231,35079277,51,51,15205608,0,0,0,0,0,0,1,226,34107055
201908,12,109,3,5,St. Johns County              ,398,398,94789840,0,0,0,1,4,731654,0,0,0,398,398,94789840,0,0,0,1,4,731654,0,0,0
201908,12,113,3,5,Santa Rosa County             ,98,98,23270757,0,0,0,0,0,0,0,0,0,98,98,23270757,0,0,0,0,0,0,0,0,0
201908,12,115,3,5,Sarasota County               ,347,347,106510151,2,4,835800,2,8,1922318,5,191,11524486,202,202,62669469,2,4,835800,2,8,1922318,3,152,6250000
201908,12,117,3,5,Seminole County               ,92,92,31302298,0,0,0,0,0,0,1,263,23519508,86,86,29352240,0,0,0,0,0,0,1,263,23519508
201908,12,119,3,5,Sumter County                 ,248,248,70211587,0,0,0,0,0,0,0,0,0,248,248,70211587,0,0,0,0,0,0,0,0,0
201908,12,129,3,5,Wakulla County                ,29,29,7861000,0,0,0,0,0,0,0,0,0,29,29,7861000,0,0,0,0,0,0,0,0,0
201908,12,131,3,5,Walton County                 ,117,117,41556068,0,0,0,1,4,575875,1,5,659381,117,117,41556068,0,0,0,1,4,575875,1,5,659381
201908,12,133,3,5,Washington County             ,5,5,640770,0,0,0,0,0,0,0,0,0,0,0,0,0,0,0,0,0,0,0,0,0
201908,13,007,3,5,Baker County                  ,0,0,0,0,0,0,0,0,0,0,0,0,0,0,0,0,0,0,0,0,0,0,0,0
201908,13,013,3,5,Barrow County                 ,63,63,7878185,0,0,0,0,0,0,0,0,0,63,63,7878185,0,0,0,0,0,0,0,0,0
201908,13,015,3,5,Bartow County                 ,46,46,7768718,4,8,414656,0,0,0,0,0,0,46,46,7768718,4,8,414656,0,0,0,0,0,0
201908,13,021,3,5,Bibb County                   ,13,13,2228062,0,0,0,0,0,0,0,0,0,0,0,0,0,0,0,0,0,0,0,0,0
201908,13,029,3,5,Bryan County                  ,25,25,6107867,0,0,0,0,0,0,1,9,969472,11,11,2821092,0,0,0,0,0,0,0,0,0
201908,13,033,3,5,Burke County                  ,5,5,890392,0,0,0,0,0,0,0,0,0,0,0,0,0,0,0,0,0,0,0,0,0
201908,13,035,3,5,Butts County                  ,14,14,5312000,0,0,0,0,0,0,0,0,0,14,14,5312000,0,0,0,0,0,0,0,0,0
201908,13,045,3,5,Carroll County                ,66,66,16085901,0,0,0,0,0,0,0,0,0,66,66,16085901,0,0,0,0,0,0,0,0,0
201908,13,051,3,5,Chatham County                ,85,85,18960485,0,0,0,0,0,0,2,66,16266156,61,61,13697805,0,0,0,0,0,0,0,0,0
201908,13,057,3,5,Cherokee County               ,258,258,72282690,0,0,0,0,0,0,0,0,0,258,258,72282690,0,0,0,0,0,0,0,0,0
201908,13,059,3,5,Clarke County                 ,31,31,5158767,6,12,1449636,1,4,367748,3,15,1378815,31,31,5158767,6,12,1449636,1,4,367748,3,15,1378815
201908,13,063,3,5,Clayton County                ,69,69,13922127,0,0,0,0,0,0,0,0,0,45,45,10685552,0,0,0,0,0,0,0,0,0
201908,13,067,3,5,Cobb County                   ,142,142,37688979,0,0,0,3,11,2583832,7,304,37174895,105,105,29406490,0,0,0,3,11,2583832,7,304,37174895
201908,13,073,3,5,Columbia County               ,105,105,20876275,0,0,0,3,11,1320800,0,0,0,19,19,3020913,0,0,0,3,11,1320800,0,0,0
201908,13,077,3,5,Coweta County                 ,95,95,32659675,0,0,0,0,0,0,0,0,0,92,92,31927225,0,0,0,0,0,0,0,0,0
201908,13,085,3,5,Dawson County                 ,44,44,8050424,0,0,0,0,0,0,0,0,0,8,8,1474575,0,0,0,0,0,0,0,0,0
201908,13,095,3,5,Dougherty County              ,0,0,0,0,0,0,0,0,0,0,0,0,0,0,0,0,0,0,0,0,0,0,0,0
201908,13,097,3,5,Douglas County                ,28,28,4805604,0,0,0,0,0,0,0,0,0,28,28,4805604,0,0,0,0,0,0,0,0,0
201908,13,111,3,5,Fannin County                 ,11,11,2253874,0,0,0,0,0,0,0,0,0,11,11,2253874,0,0,0,0,0,0,0,0,0
201908,13,113,3,5,Fayette County                ,48,48,15877362,0,0,0,0,0,0,0,0,0,20,20,7459647,0,0,0,0,0,0,0,0,0
201908,13,115,3,5,Floyd County                  ,20,20,3336258,0,0,0,0,0,0,0,0,0,20,20,3336258,0,0,0,0,0,0,0,0,0
201908,13,117,3,5,Forsyth County                ,155,155,26974284,0,0,0,0,0,0,0,0,0,155,155,26974284,0,0,0,0,0,0,0,0,0
201908,13,121,3,5,Fulton County                 ,329,329,86320040,0,0,0,0,0,0,0,0,0,313,313,84704462,0,0,0,0,0,0,0,0,0
201908,13,127,3,5,Glynn County                  ,53,53,15611384,0,0,0,0,0,0,0,0,0,0,0,0,0,0,0,0,0,0,0,0,0
201908,13,135,3,5,Gwinnett County               ,262,262,64165798,0,0,0,0,0,0,1,49,5359973,246,246,59621519,0,0,0,0,0,0,0,0,0
201908,13,143,3,5,Haralson County               ,4,4,914269,0,0,0,0,0,0,0,0,0,0,0,0,0,0,0,0,0,0,0,0,0
201908,13,145,3,5,Harris County                 ,14,14,3038880,0,0,0,0,0,0,0,0,0,14,14,3038880,0,0,0,0,0,0,0,0,0
201908,13,149,3,5,Heard County                  ,1,1,237457,0,0,0,0,0,0,0,0,0,1,1,237457,0,0,0,0,0,0,0,0,0
201908,13,151,3,5,Henry County                  ,165,165,33042519,0,0,0,0,0,0,0,0,0,124,124,27655339,0,0,0,0,0,0,0,0,0
201908,13,159,3,5,Jasper County                 ,7,7,937818,0,0,0,0,0,0,0,0,0,0,0,0,0,0,0,0,0,0,0,0,0
201908,13,171,3,5,Lamar County                  ,16,16,1731829,0,0,0,0,0,0,0,0,0,16,16,1731829,0,0,0,0,0,0,0,0,0
201908,13,177,3,5,Lee County                    ,9,9,1094231,0,0,0,0,0,0,0,0,0,0,0,0,0,0,0,0,0,0,0,0,0
201908,13,179,3,5,Liberty County                ,27,27,6218870,0,0,0,0,0,0,0,0,0,21,21,4975995,0,0,0,0,0,0,0,0,0
201908,13,189,3,5,McDuffie County               ,3,3,568455,0,0,0,0,0,0,0,0,0,0,0,0,0,0,0,0,0,0,0,0,0
201908,13,199,3,5,Meriwether County             ,5,5,1176714,0,0,0,0,0,0,0,0,0,0,0,0,0,0,0,0,0,0,0,0,0
201908,13,201,3,5,Miller County                 ,3,3,509216,0,0,0,0,0,0,0,0,0,3,3,509216,0,0,0,0,0,0,0,0,0
201908,13,207,3,5,Monroe County                 ,13,13,209531,0,0,0,0,0,0,0,0,0,0,0,0,0,0,0,0,0,0,0,0,0
201908,13,215,3,5,Muscogee County               ,30,30,5834528,0,0,0,1,4,246187,2,15,2817733,0,0,0,0,0,0,0,0,0,0,0,0
201908,13,217,3,5,Newton County                 ,49,49,8390153,0,0,0,0,0,0,0,0,0,49,49,8390153,0,0,0,0,0,0,0,0,0
201908,13,227,3,5,Pickens County                ,13,13,3237457,0,0,0,0,0,0,0,0,0,13,13,3237457,0,0,0,0,0,0,0,0,0
201908,13,231,3,5,Pike County                   ,12,12,2400000,0,0,0,0,0,0,0,0,0,0,0,0,0,0,0,0,0,0,0,0,0
201908,13,235,3,5,Pulaski County                ,1,1,140000,0,0,0,0,0,0,0,0,0,1,1,140000,0,0,0,0,0,0,0,0,0
201908,13,245,3,5,Richmond County               ,28,28,5099811,0,0,0,0,0,0,0,0,0,28,28,5099811,0,0,0,0,0,0,0,0,0
201908,13,247,3,5,Rockdale County               ,7,7,1728848,0,0,0,0,0,0,0,0,0,7,7,1728848,0,0,0,0,0,0,0,0,0
201908,13,255,3,5,Spalding County               ,19,19,2966797,0,0,0,0,0,0,0,0,0,18,18,2888347,0,0,0,0,0,0,0,0,0
201908,13,275,3,5,Thomas County                 ,7,7,1436494,0,0,0,0,0,0,0,0,0,3,3,530998,0,0,0,0,0,0,0,0,0
201908,13,291,3,5,Union County                  ,23,23,5848696,0,0,0,0,0,0,0,0,0,23,23,5848696,0,0,0,0,0,0,0,0,0
201908,15,001,4,9,Hawaii County                 ,106,106,32905633,0,0,0,0,0,0,0,0,0,0,0,0,0,0,0,0,0,0,0,0,0
201908,15,003,4,9,Honolulu County               ,90,90,32998817,0,0,0,0,0,0,0,0,0,90,90,32998817,0,0,0,0,0,0,0,0,0
201908,15,007,4,9,Kauai County                  ,13,13,11719311,0,0,0,0,0,0,0,0,0,13,13,11719311,0,0,0,0,0,0,0,0,0
201908,15,009,4,9,Maui County                   ,56,56,16301995,0,0,0,0,0,0,1,42,7500000,56,56,16301995,0,0,0,0,0,0,1,42,7500000
201908,16,001,4,8,Ada County                    ,371,371,94895637,2,4,387828,3,12,1200000,20,465,48531301,303,303,74209465,2,4,387828,3,12,1200000,20,465,48531301
201908,16,015,4,8,Boise County                  ,12,12,3536302,0,0,0,0,0,0,0,0,0,12,12,3536302,0,0,0,0,0,0,0,0,0
201908,16,027,4,8,Canyon County                 ,248,248,40607469,4,8,774072,4,16,925880,3,72,6000000,247,247,40475125,4,8,774072,4,16,925880,3,72,6000000
201908,16,045,4,8,Gem County                    ,13,13,2171994,1,2,140786,0,0,0,0,0,0,11,11,1928347,0,0,0,0,0,0,0,0,0
201908,16,073,4,8,Owyhee County                 ,1,1,185900,0,0,0,0,0,0,0,0,0,0,0,0,0,0,0,0,0,0,0,0,0
201908,17,005,2,3,Bond County                   ,1,1,176208,0,0,0,0,0,0,0,0,0,0,0,0,0,0,0,0,0,0,0,0,0
201908,17,013,2,3,Calhoun County                ,1,1,151336,0,0,0,0,0,0,0,0,0,0,0,0,0,0,0,0,0,0,0,0,0
201908,17,031,2,3,Cook County                   ,107,107,38834085,5,10,2240900,15,52,13381550,10,482,40427396,86,86,31249658,5,10,2240900,15,52,13381550,10,482,40427396
201908,17,037,2,3,DeKalb County                 ,14,14,3427505,0,0,0,1,4,453500,0,0,0,12,12,3154327,0,0,0,1,4,453500,0,0,0
201908,17,039,2,3,De Witt County                ,1,1,80000,0,0,0,0,0,0,0,0,0,1,1,80000,0,0,0,0,0,0,0,0,0
201908,17,043,2,3,DuPage County                 ,68,68,33567006,0,0,0,1,4,643827,1,12,1675000,55,55,28024187,0,0,0,1,4,643827,1,12,1675000
201908,17,063,2,3,Grundy County                 ,7,7,1123549,0,0,0,0,0,0,1,15,769230,6,6,963000,0,0,0,0,0,0,0,0,0
201908,17,083,2,3,Jersey County                 ,4,4,738541,0,0,0,0,0,0,0,0,0,3,3,582932,0,0,0,0,0,0,0,0,0
201908,17,093,2,3,Kendall County                ,19,19,3214417,2,4,520977,0,0,0,2,31,2446786,9,9,1435000,0,0,0,0,0,0,0,0,0
201908,17,097,2,3,Lake County                   ,39,39,13989783,1,2,420286,0,0,0,1,5,1029110,25,25,8172091,1,2,420286,0,0,0,0,0,0
201908,17,111,2,3,McHenry County                ,49,49,6400019,0,0,0,0,0,0,0,0,0,42,42,5244360,0,0,0,0,0,0,0,0,0
201908,17,119,2,3,Madison County                ,33,33,9801958,2,4,553137,1,3,327896,0,0,0,28,28,8742700,2,4,553137,0,0,0,0,0,0
201908,17,133,2,3,Monroe County                 ,7,7,2053361,0,0,0,0,0,0,0,0,0,7,7,2053361,0,0,0,0,0,0,0,0,0
201908,17,197,2,3,Will County                   ,115,115,30843222,0,0,0,1,3,510000,1,16,1626000,94,94,26503159,0,0,0,0,0,0,1,16,1626000
201908,18,003,2,3,Allen County                  ,106,106,28697612,8,16,405000,0,0,0,11,254,29502608,106,106,28697612,8,16,405000,0,0,0,11,254,29502608
201908,18,011,2,3,Boone County                  ,52,52,11688800,7,14,4592000,0,0,0,0,0,0,52,52,11688800,7,14,4592000,0,0,0,0,0,0
201908,18,013,2,3,Brown County                  ,8,8,2165858,0,0,0,0,0,0,0,0,0,8,8,2165858,0,0,0,0,0,0,0,0,0
201908,18,019,2,3,Clark County                  ,54,54,11962627,0,0,0,1,3,461400,0,0,0,45,45,10057528,0,0,0,1,3,461400,0,0,0
201908,18,047,2,3,Franklin County               ,0,0,0,0,0,0,0,0,0,0,0,0,0,0,0,0,0,0,0,0,0,0,0,0
201908,18,057,2,3,Hamilton County               ,230,230,81224475,5,10,2000000,3,12,2510000,1,5,1000000,230,230,81224475,5,10,2000000,3,12,2510000,1,5,1000000
201908,18,059,2,3,Hancock County                ,51,51,13727529,0,0,0,0,0,0,0,0,0,51,51,13727529,0,0,0,0,0,0,0,0,0
201908,18,061,2,3,Harrison County               ,8,8,1771000,0,0,0,0,0,0,0,0,0,8,8,1771000,0,0,0,0,0,0,0,0,0
201908,18,063,2,3,Hendricks County              ,76,76,18960102,0,0,0,0,0,0,0,0,0,45,45,11690108,0,0,0,0,0,0,0,0,0
201908,18,069,2,3,Huntington County             ,16,16,4351871,0,0,0,0,0,0,0,0,0,16,16,4351871,0,0,0,0,0,0,0,0,0
201908,18,073,2,3,Jasper County                 ,9,9,2292555,0,0,0,0,0,0,0,0,0,8,8,2178111,0,0,0,0,0,0,0,0,0
201908,18,081,2,3,Johnson County                ,64,64,19852502,0,0,0,0,0,0,0,0,0,61,61,19505795,0,0,0,0,0,0,0,0,0
201908,18,087,2,3,Lagrange County               ,15,15,2828000,0,0,0,0,0,0,0,0,0,15,15,2828000,0,0,0,0,0,0,0,0,0
201908,18,089,2,3,Lake County                   ,113,113,27711321,2,4,820000,0,0,0,0,0,0,111,111,27219616,2,4,820000,0,0,0,0,0,0
201908,18,097,2,3,Marion County                 ,113,113,29929638,3,6,906250,0,0,0,3,157,38400000,103,103,27885415,3,6,906250,0,0,0,3,157,38400000
201908,18,105,2,3,Monroe County                 ,18,18,4652147,3,6,806951,0,0,0,1,12,1381244,0,0,0,0,0,0,0,0,0,0,0,0
201908,18,109,2,3,Morgan County                 ,34,34,6632345,1,2,210000,0,0,0,0,0,0,34,34,6632345,1,2,210000,0,0,0,0,0,0
201908,18,111,2,3,Newton County                 ,1,1,204248,0,0,0,0,0,0,0,0,0,0,0,0,0,0,0,0,0,0,0,0,0
201908,18,115,2,3,Ohio County                   ,3,3,460000,0,0,0,0,0,0,0,0,0,3,3,460000,0,0,0,0,0,0,0,0,0
201908,18,119,2,3,Owen County                   ,3,3,812197,0,0,0,0,0,0,0,0,0,3,3,812197,0,0,0,0,0,0,0,0,0
201908,18,127,2,3,Porter County                 ,46,46,12540877,0,0,0,0,0,0,0,0,0,37,37,10973326,0,0,0,0,0,0,0,0,0
201908,18,133,2,3,Putnam County                 ,10,10,2413867,0,0,0,0,0,0,0,0,0,8,8,2124393,0,0,0,0,0,0,0,0,0
201908,18,145,2,3,Shelby County                 ,3,3,639480,0,0,0,0,0,0,0,0,0,3,3,639480,0,0,0,0,0,0,0,0,0
201908,18,151,2,3,Steuben County                ,9,9,2033200,1,2,160000,0,0,0,0,0,0,9,9,2033200,1,2,160000,0,0,0,0,0,0
201908,18,157,2,3,Tippecanoe County             ,36,36,8938862,0,0,0,0,0,0,1,9,1046499,30,30,8151233,0,0,0,0,0,0,0,0,0
201908,18,163,2,3,Vanderburgh County            ,20,20,5771633,1,2,392250,0,0,0,0,0,0,20,20,5771633,1,2,392250,0,0,0,0,0,0
201908,18,167,2,3,Vigo County                   ,2,2,304000,0,0,0,0,0,0,0,0,0,2,2,304000,0,0,0,0,0,0,0,0,0
201908,18,175,2,3,Washington County             ,6,6,1440654,0,0,0,0,0,0,0,0,0,0,0,0,0,0,0,0,0,0,0,0,0
201908,18,183,2,3,Whitley County                ,7,7,1895125,0,0,0,0,0,0,1,5,462857,7,7,1895125,0,0,0,0,0,0,0,0,0
201908,19,049,2,4,Dallas County                 ,163,163,45219866,0,0,0,0,0,0,2,29,3056711,160,160,44268996,0,0,0,0,0,0,1,24,2596185
201908,19,085,2,4,Harrison County               ,4,4,885090,0,0,0,0,0,0,0,0,0,2,2,445000,0,0,0,0,0,0,0,0,0
201908,19,129,2,4,Mills County                  ,0,0,0,0,0,0,0,0,0,0,0,0,0,0,0,0,0,0,0,0,0,0,0,0
201908,19,153,2,4,Polk County                   ,331,331,91236675,1,2,430000,0,0,0,3,192,26500000,329,329,90829527,1,2,430000,0,0,0,3,192,26500000
201908,19,181,2,4,Warren County                 ,28,28,9642768,0,0,0,0,0,0,0,0,0,26,26,9159935,0,0,0,0,0,0,0,0,0
201908,20,061,2,4,Geary County                  ,1,1,254333,0,0,0,0,0,0,0,0,0,0,0,0,0,0,0,0,0,0,0,0,0
201908,20,091,2,4,Johnson County                ,154,154,53457861,7,14,2062099,1,3,650000,4,290,41298379,111,111,37782454,6,12,1724798,1,3,650000,1,60,9000000
201908,20,103,2,4,Leavenworth County            ,35,35,7767931,0,0,0,0,0,0,0,0,0,35,35,7767931,0,0,0,0,0,0,0,0,0
201908,20,107,2,4,Linn County                   ,5,5,487273,0,0,0,0,0,0,0,0,0,3,3,292000,0,0,0,0,0,0,0,0,0
201908,20,121,2,4,Miami County                  ,5,5,1572952,0,0,0,0,0,0,0,0,0,0,0,0,0,0,0,0,0,0,0,0,0
201908,20,209,2,4,Wyandotte County              ,14,14,2765746,0,0,0,0,0,0,0,0,0,0,0,0,0,0,0,0,0,0,0,0,0
201908,21,005,3,6,Anderson County               ,5,5,1099975,0,0,0,0,0,0,0,0,0,5,5,1099975,0,0,0,0,0,0,0,0,0
201908,21,015,3,6,Boone County                  ,40,40,9067863,0,0,0,0,0,0,2,26,1731732,40,40,9067863,0,0,0,0,0,0,2,26,1731732
201908,21,017,3,6,Bourbon County                ,4,4,916877,0,0,0,0,0,0,0,0,0,0,0,0,0,0,0,0,0,0,0,0,0
201908,21,021,3,6,Boyle County                  ,3,3,570368,0,0,0,0,0,0,0,0,0,0,0,0,0,0,0,0,0,0,0,0,0
201908,21,029,3,6,Bullitt County                ,33,33,8550593,1,2,280000,0,0,0,0,0,0,33,33,8550593,1,2,280000,0,0,0,0,0,0
201908,21,035,3,6,Calloway County               ,0,0,0,0,0,0,0,0,0,0,0,0,0,0,0,0,0,0,0,0,0,0,0,0
201908,21,037,3,6,Campbell County               ,17,17,4602028,0,0,0,0,0,0,0,0,0,17,17,4602028,0,0,0,0,0,0,0,0,0
201908,21,045,3,6,Casey County                  ,0,0,0,0,0,0,0,0,0,0,0,0,0,0,0,0,0,0,0,0,0,0,0,0
201908,21,047,3,6,Christian County              ,2,2,142400,0,0,0,0,0,0,0,0,0,0,0,0,0,0,0,0,0,0,0,0,0
201908,21,049,3,6,Clark County                  ,4,4,943232,0,0,0,0,0,0,1,5,346250,0,0,0,0,0,0,0,0,0,0,0,0
201908,21,067,3,6,Fayette County                ,69,69,12602315,1,2,193378,1,3,291429,4,115,5267974,0,0,0,0,0,0,0,0,0,0,0,0
201908,21,069,3,6,Fleming County                ,0,0,0,0,0,0,0,0,0,0,0,0,0,0,0,0,0,0,0,0,0,0,0,0
201908,21,077,3,6,Gallatin County               ,2,2,448477,0,0,0,0,0,0,0,0,0,0,0,0,0,0,0,0,0,0,0,0,0
201908,21,081,3,6,Grant County                  ,6,6,1412159,0,0,0,0,0,0,0,0,0,0,0,0,0,0,0,0,0,0,0,0,0
201908,21,091,3,6,Hancock County                ,1,1,204898,0,0,0,0,0,0,0,0,0,1,1,204898,0,0,0,0,0,0,0,0,0
201908,21,099,3,6,Hart County                   ,0,0,0,0,0,0,0,0,0,0,0,0,0,0,0,0,0,0,0,0,0,0,0,0
201908,21,101,3,6,Henderson County              ,4,4,817965,0,0,0,0,0,0,1,49,4674675,4,4,817965,0,0,0,0,0,0,1,49,4674675
201908,21,103,3,6,Henry County                  ,3,3,440000,0,0,0,0,0,0,0,0,0,3,3,440000,0,0,0,0,0,0,0,0,0
201908,21,111,3,6,Jefferson County              ,113,113,36065530,0,0,0,0,0,0,9,230,30768789,2,2,440070,0,0,0,0,0,0,0,0,0
201908,21,113,3,6,Jessamine County              ,16,16,5605402,0,0,0,0,0,0,0,0,0,7,7,4180000,0,0,0,0,0,0,0,0,0
201908,21,115,3,6,Johnson County                ,0,0,0,0,0,0,0,0,0,0,0,0,0,0,0,0,0,0,0,0,0,0,0,0
201908,21,117,3,6,Kenton County                 ,29,29,6258093,0,0,0,0,0,0,0,0,0,29,29,6258093,0,0,0,0,0,0,0,0,0
201908,21,121,3,6,Knox County                   ,0,0,0,0,0,0,0,0,0,0,0,0,0,0,0,0,0,0,0,0,0,0,0,0
201908,21,123,3,6,Larue County                  ,5,5,1187284,0,0,0,0,0,0,0,0,0,5,5,1187284,0,0,0,0,0,0,0,0,0
201908,21,137,3,6,Lincoln County                ,5,5,522873,0,0,0,0,0,0,0,0,0,0,0,0,0,0,0,0,0,0,0,0,0
201908,21,145,3,6,McCracken County              ,10,10,2513534,0,0,0,0,0,0,0,0,0,0,0,0,0,0,0,0,0,0,0,0,0
201908,21,151,3,6,Madison County                ,20,20,2065564,2,4,225992,2,7,262000,1,5,168572,6,6,840000,0,0,0,2,7,262000,0,0,0
201908,21,157,3,6,Marshall County               ,6,6,1133400,0,0,0,0,0,0,0,0,0,6,6,1133400,0,0,0,0,0,0,0,0,0
201908,21,161,3,6,Mason County                  ,2,2,550000,0,0,0,0,0,0,0,0,0,2,2,550000,0,0,0,0,0,0,0,0,0
201908,21,163,3,6,Meade County                  ,10,10,2686000,0,0,0,0,0,0,0,0,0,10,10,2686000,0,0,0,0,0,0,0,0,0
201908,21,167,3,6,Mercer County                 ,5,5,851264,0,0,0,0,0,0,0,0,0,0,0,0,0,0,0,0,0,0,0,0,0
201908,21,175,3,6,Morgan County                 ,2,2,150000,0,0,0,0,0,0,0,0,0,0,0,0,0,0,0,0,0,0,0,0,0
201908,21,179,3,6,Nelson County                 ,25,25,6123000,2,4,400000,0,0,0,0,0,0,25,25,6123000,2,4,400000,0,0,0,0,0,0
201908,21,185,3,6,Oldham County                 ,23,23,7963199,0,0,0,0,0,0,0,0,0,0,0,0,0,0,0,0,0,0,0,0,0
201908,21,191,3,6,Pendleton County              ,0,0,0,0,0,0,0,0,0,0,0,0,0,0,0,0,0,0,0,0,0,0,0,0
201908,21,209,3,6,Scott County                  ,43,43,9886417,0,0,0,0,0,0,0,0,0,43,43,9886417,0,0,0,0,0,0,0,0,0
201908,21,211,3,6,Shelby County                 ,18,18,4364098,0,0,0,0,0,0,0,0,0,18,18,4364098,0,0,0,0,0,0,0,0,0
201908,21,213,3,6,Simpson County                ,3,3,415900,1,2,250000,0,0,0,0,0,0,3,3,415900,1,2,250000,0,0,0,0,0,0
201908,21,215,3,6,Spencer County                ,8,8,1899654,0,0,0,0,0,0,0,0,0,8,8,1899654,0,0,0,0,0,0,0,0,0
201908,21,221,3,6,Trigg County                  ,2,2,409795,1,2,187145,0,0,0,0,0,0,2,2,409795,1,2,187145,0,0,0,0,0,0
201908,21,239,3,6,Woodford County               ,8,8,1531117,0,0,0,0,0,0,1,6,355556,0,0,0,0,0,0,0,0,0,0,0,0
201908,22,005,3,7,Ascension Parish              ,88,88,13514883,0,0,0,0,0,0,0,0,0,0,0,0,0,0,0,0,0,0,0,0,0
201908,22,015,3,7,Bossier Parish                ,65,65,12652477,0,0,0,0,0,0,0,0,0,33,33,5841016,0,0,0,0,0,0,0,0,0
201908,22,017,3,7,Caddo Parish                  ,23,23,3647486,0,0,0,0,0,0,0,0,0,23,23,3647486,0,0,0,0,0,0,0,0,0
201908,22,031,3,7,De Soto Parish                ,11,11,2895058,0,0,0,0,0,0,0,0,0,6,6,1424740,0,0,0,0,0,0,0,0,0
201908,22,033,3,7,East Baton Rouge Parish       ,86,86,19630438,0,0,0,0,0,0,0,0,0,86,86,19630438,0,0,0,0,0,0,0,0,0
201908,22,037,3,7,East Feliciana Parish         ,8,8,1639181,0,0,0,0,0,0,0,0,0,8,8,1639181,0,0,0,0,0,0,0,0,0
201908,22,047,3,7,Iberville Parish              ,9,9,2121961,0,0,0,0,0,0,0,0,0,3,3,758849,0,0,0,0,0,0,0,0,0
201908,22,051,3,7,Jefferson Parish              ,57,57,12946407,0,0,0,0,0,0,0,0,0,53,53,12141712,0,0,0,0,0,0,0,0,0
201908,22,055,3,7,Lafayette Parish              ,81,81,20144727,0,0,0,0,0,0,0,0,0,15,15,3209031,0,0,0,0,0,0,0,0,0
201908,22,063,3,7,Livingston Parish             ,78,78,15028289,0,0,0,0,0,0,0,0,0,4,4,511000,0,0,0,0,0,0,0,0,0
201908,22,071,3,7,Orleans Parish                ,50,50,11261747,8,16,1654158,0,0,0,1,67,13818264,0,0,0,0,0,0,0,0,0,0,0,0
201908,22,075,3,7,Plaquemines Parish            ,23,23,4581867,0,0,0,0,0,0,0,0,0,23,23,4581867,0,0,0,0,0,0,0,0,0
201908,22,077,3,7,Pointe Coupee Parish          ,11,11,2699850,0,0,0,0,0,0,0,0,0,11,11,2699850,0,0,0,0,0,0,0,0,0
201908,22,087,3,7,St. Bernard Parish            ,22,22,4025000,4,8,590000,0,0,0,0,0,0,22,22,4025000,4,8,590000,0,0,0,0,0,0
201908,22,089,3,7,St. Charles Parish            ,12,12,2849480,0,0,0,0,0,0,0,0,0,12,12,2849480,0,0,0,0,0,0,0,0,0
201908,22,091,3,7,St. Helena Parish             ,3,3,539712,0,0,0,0,0,0,0,0,0,0,0,0,0,0,0,0,0,0,0,0,0
201908,22,095,3,7,St. John the Baptist Parish   ,5,5,828265,0,0,0,0,0,0,0,0,0,0,0,0,0,0,0,0,0,0,0,0,0
201908,22,099,3,7,St. Martin Parish             ,15,15,2801297,0,0,0,0,0,0,0,0,0,0,0,0,0,0,0,0,0,0,0,0,0
201908,22,103,3,7,St. Tammany Parish            ,144,144,27895232,1,2,310000,0,0,0,0,0,0,140,140,26325825,1,2,310000,0,0,0,0,0,0
201908,22,109,3,7,Terrebonne Parish             ,12,12,3077295,1,2,155556,1,3,261750,0,0,0,0,0,0,0,0,0,0,0,0,0,0,0
201908,22,121,3,7,West Baton Rouge Parish       ,17,17,2766455,0,0,0,0,0,0,0,0,0,9,9,1501620,0,0,0,0,0,0,0,0,0
201908,22,125,3,7,West Feliciana Parish         ,3,3,674214,0,0,0,0,0,0,0,0,0,3,3,674214,0,0,0,0,0,0,0,0,0
201908,23,000,1,1,Maine Unorganized Territory   ,8,8,1062402,0,0,0,0,0,0,0,0,0,0,0,0,0,0,0,0,0,0,0,0,0
201908,24,003,3,5,Anne Arundel County           ,153,153,36068573,0,0,0,0,0,0,0,0,0,149,149,35381049,0,0,0,0,0,0,0,0,0
201908,24,005,3,5,Baltimore County              ,71,71,16859426,0,0,0,0,0,0,0,0,0,71,71,16859426,0,0,0,0,0,0,0,0,0
201908,24,009,3,5,Calvert County                ,17,17,4036764,0,0,0,0,0,0,0,0,0,17,17,4036764,0,0,0,0,0,0,0,0,0
201908,24,013,3,5,Carroll County                ,31,31,7361158,0,0,0,0,0,0,0,0,0,31,31,7361158,0,0,0,0,0,0,0,0,0
201908,24,015,3,5,Cecil County                  ,16,16,3870490,0,0,0,0,0,0,0,0,0,16,16,3870490,0,0,0,0,0,0,0,0,0
201908,24,017,3,5,Charles County                ,51,51,14026388,0,0,0,0,0,0,0,0,0,44,44,12887000,0,0,0,0,0,0,0,0,0
201908,24,021,3,5,Frederick County              ,155,155,38180705,0,0,0,0,0,0,1,11,2020000,155,155,38180705,0,0,0,0,0,0,1,11,2020000
201908,24,023,3,5,Garrett County                ,7,7,2611000,0,0,0,0,0,0,0,0,0,7,7,2611000,0,0,0,0,0,0,0,0,0
201908,24,025,3,5,Harford County                ,55,55,12525835,0,0,0,0,0,0,0,0,0,55,55,12525835,0,0,0,0,0,0,0,0,0
201908,24,027,3,5,Howard County                 ,60,60,14247402,0,0,0,0,0,0,0,0,0,60,60,14247402,0,0,0,0,0,0,0,0,0
201908,24,031,3,5,Montgomery County             ,72,72,17104652,1,2,150000,0,0,0,0,0,0,71,71,16866216,0,0,0,0,0,0,0,0,0
201908,24,033,3,5,Prince George County          ,142,142,33789556,0,0,0,0,0,0,0,0,0,139,139,33006482,0,0,0,0,0,0,0,0,0
201908,24,035,3,5,Queen Anne County             ,19,19,4584000,0,0,0,0,0,0,1,14,3200000,19,19,4584000,0,0,0,0,0,0,1,14,3200000
201908,24,037,3,5,St. Marys County              ,53,53,11904000,4,8,1300000,0,0,0,0,0,0,53,53,11904000,4,8,1300000,0,0,0,0,0,0
201908,24,039,3,5,Somerset County               ,4,4,784486,0,0,0,0,0,0,0,0,0,1,1,150000,0,0,0,0,0,0,0,0,0
201908,24,045,3,5,Wicomico County               ,17,17,2564798,0,0,0,0,0,0,0,0,0,17,17,2564798,0,0,0,0,0,0,0,0,0
201908,24,510,3,5,Baltimore (Independent City)  ,10,10,1575528,0,0,0,0,0,0,1,161,24397844,0,0,0,0,0,0,0,0,0,0,0,0
201908,25,005,1,1,Bristol County                ,63,63,13527878,3,6,570186,0,0,0,0,0,0,33,33,7208785,1,2,260000,0,0,0,0,0,0
201908,25,009,1,1,Essex County                  ,44,44,15225263,3,6,1248548,0,0,0,2,11,1716144,34,34,11867670,0,0,0,0,0,0,0,0,0
201908,25,017,1,1,Middlesex County              ,117,117,44056243,6,12,2341904,1,3,774415,9,203,32147300,60,60,25652657,2,4,650000,0,0,0,3,22,4617000
201908,25,021,1,1,Norfolk County                ,70,70,30561744,1,2,300657,2,6,1556287,4,93,11495815,31,31,8271648,1,2,300657,1,3,399144,0,0,0
201908,25,023,1,1,Plymouth County               ,85,85,20021976,0,0,0,0,0,0,2,16,1886231,18,18,4339085,0,0,0,0,0,0,0,0,0
201908,25,025,1,1,Suffolk County                ,2,2,524817,4,8,1836885,4,13,1207000,7,297,64128690,2,2,524817,3,6,1617500,4,13,1207000,5,283,61037098
201908,26,000,2,3,Michigan Balance of State     ,6,6,1126335,0,0,0,0,0,0,0,0,0,0,0,0,0,0,0,0,0,0,0,0,0
201908,26,019,2,3,Benzie County                 ,7,7,1918825,0,0,0,0,0,0,0,0,0,0,0,0,0,0,0,0,0,0,0,0,0
201908,26,029,2,3,Charlevoix County             ,10,10,2543644,1,2,226390,0,0,0,0,0,0,0,0,0,0,0,0,0,0,0,0,0,0
201908,26,089,2,3,Leelanau County               ,18,18,4176813,0,0,0,0,0,0,0,0,0,0,0,0,0,0,0,0,0,0,0,0,0
201908,26,093,2,3,Livingston County             ,57,57,15257277,0,0,0,0,0,0,0,0,0,54,54,14857197,0,0,0,0,0,0,0,0,0
201908,26,095,2,3,Luce County                   ,0,0,0,0,0,0,0,0,0,0,0,0,0,0,0,0,0,0,0,0,0,0,0,0
201908,26,099,2,3,Macomb County                 ,140,140,45195009,4,8,328009,0,0,0,1,5,125000,138,138,44904176,3,6,188009,0,0,0,0,0,0
201908,26,103,2,3,Marquette County              ,9,9,2241073,1,2,200000,0,0,0,0,0,0,9,9,2241073,1,2,200000,0,0,0,0,0,0
201908,26,137,2,3,Otsego County                 ,2,2,162000,0,0,0,0,0,0,0,0,0,0,0,0,0,0,0,0,0,0,0,0,0
201908,26,147,2,3,St. Clair County              ,26,26,5073146,0,0,0,0,0,0,0,0,0,21,21,3971700,0,0,0,0,0,0,0,0,0
201908,26,163,2,3,Wayne County                  ,89,89,25522330,0,0,0,0,0,0,2,22,3064354,66,66,20849082,0,0,0,0,0,0,1,10,329000
201908,27,003,2,4,Anoka County                  ,72,72,18537417,0,0,0,0,0,0,0,0,0,60,60,15607315,0,0,0,0,0,0,0,0,0
201908,27,019,2,4,Carver County                 ,52,52,16437636,0,0,0,0,0,0,0,0,0,46,46,15099461,0,0,0,0,0,0,0,0,0
201908,27,025,2,4,Chisago County                ,14,14,2967640,0,0,0,0,0,0,0,0,0,13,13,2758307,0,0,0,0,0,0,0,0,0
201908,27,027,2,4,Clay County                   ,20,20,4080500,0,0,0,2,8,1440000,1,73,9641823,20,20,4080500,0,0,0,2,8,1440000,1,73,9641823
201908,27,037,2,4,Dakota County                 ,77,77,24413453,0,0,0,1,4,800000,2,307,45520022,75,75,23637856,0,0,0,1,4,800000,1,289,42965677
201908,27,053,2,4,Hennepin County               ,183,183,73586501,1,2,313950,0,0,0,7,779,117898187,157,157,64306581,1,2,313950,0,0,0,7,779,117898187
201908,27,059,2,4,Isanti County                 ,18,18,3682772,0,0,0,0,0,0,0,0,0,4,4,657714,0,0,0,0,0,0,0,0,0
201908,27,123,2,4,Ramsey County                 ,8,8,2577208,0,0,0,0,0,0,1,5,460156,8,8,2577208,0,0,0,0,0,0,0,0,0
201908,27,139,2,4,Scott County                  ,49,49,15745541,1,2,507968,0,0,0,0,0,0,33,33,11639487,1,2,507968,0,0,0,0,0,0
201908,27,141,2,4,Sherburne County              ,46,46,10073131,0,0,0,0,0,0,0,0,0,40,40,8873895,0,0,0,0,0,0,0,0,0
201908,27,163,2,4,Washington County             ,112,112,32368068,0,0,0,0,0,0,0,0,0,106,106,29812556,0,0,0,0,0,0,0,0,0
201908,27,171,2,4,Wright County                 ,93,93,24752243,0,0,0,1,4,787900,2,15,2146056,87,87,23465948,0,0,0,1,4,787900,1,8,1425580
201908,28,033,3,6,DeSoto County                 ,130,130,22050998,0,0,0,0,0,0,0,0,0,124,124,21458379,0,0,0,0,0,0,0,0,0
201908,28,041,3,6,Greene County                 ,0,0,0,0,0,0,0,0,0,0,0,0,0,0,0,0,0,0,0,0,0,0,0,0
201908,28,045,3,6,Hancock County                ,47,47,8306907,0,0,0,1,3,301084,2,12,1015952,17,17,3750949,0,0,0,0,0,0,0,0,0
201908,28,047,3,6,Harrison County               ,85,85,15009701,1,2,245000,0,0,0,0,0,0,73,73,13646489,0,0,0,0,0,0,0,0,0
201908,28,067,3,6,Jones County                  ,1,1,323520,0,0,0,0,0,0,0,0,0,1,1,323520,0,0,0,0,0,0,0,0,0
201908,28,129,3,6,Smith County                  ,0,0,0,0,0,0,0,0,0,0,0,0,0,0,0,0,0,0,0,0,0,0,0,0
201908,28,137,3,6,Tate County                   ,12,12,2329448,0,0,0,0,0,0,0,0,0,9,9,1759000,0,0,0,0,0,0,0,0,0
201908,28,143,3,6,Tunica County                 ,10,10,2298002,0,0,0,0,0,0,0,0,0,0,0,0,0,0,0,0,0,0,0,0,0
201908,28,145,3,6,Union County                  ,1,1,200000,0,0,0,0,0,0,0,0,0,1,1,200000,0,0,0,0,0,0,0,0,0
201908,28,149,3,6,Warren County                 ,0,0,0,0,0,0,0,0,0,0,0,0,0,0,0,0,0,0,0,0,0,0,0,0
201908,29,013,2,4,Bates County                  ,0,0,0,0,0,0,0,0,0,0,0,0,0,0,0,0,0,0,0,0,0,0,0,0
201908,29,017,2,4,Bollinger County              ,0,0,0,0,0,0,0,0,0,0,0,0,0,0,0,0,0,0,0,0,0,0,0,0
201908,29,019,2,4,Boone County                  ,44,44,12408660,0,0,0,0,0,0,0,0,0,44,44,12408660,0,0,0,0,0,0,0,0,0
201908,29,049,2,4,Clinton County                ,5,5,1151487,17,34,4680000,0,0,0,0,0,0,1,1,300000,17,34,4680000,0,0,0,0,0,0
201908,29,065,2,4,Dent County                   ,0,0,0,0,0,0,0,0,0,0,0,0,0,0,0,0,0,0,0,0,0,0,0,0
201908,29,071,2,4,Franklin County               ,36,36,7741446,0,0,0,0,0,0,0,0,0,36,36,7741446,0,0,0,0,0,0,0,0,0
201908,29,095,2,4,Jackson County                ,141,141,34634024,3,6,894000,0,0,0,3,236,22767087,135,135,33159550,3,6,894000,0,0,0,3,236,22767087
201908,29,099,2,4,Jefferson County              ,70,70,17024014,0,0,0,0,0,0,0,0,0,67,67,16711542,0,0,0,0,0,0,0,0,0
201908,29,105,2,4,Laclede County                ,1,1,115550,1,2,259500,0,0,0,0,0,0,0,0,0,0,0,0,0,0,0,0,0,0
201908,29,107,2,4,Lafayette County              ,6,6,1067821,0,0,0,1,4,160000,0,0,0,2,2,311542,0,0,0,1,4,160000,0,0,0
201908,29,113,2,4,Lincoln County                ,11,11,1347000,0,0,0,0,0,0,0,0,0,11,11,1347000,0,0,0,0,0,0,0,0,0
201908,29,165,2,4,Platte County                 ,30,30,9518465,0,0,0,0,0,0,0,0,0,30,30,9518465,0,0,0,0,0,0,0,0,0
201908,29,185,2,4,St. Clair County              ,0,0,0,0,0,0,0,0,0,0,0,0,0,0,0,0,0,0,0,0,0,0,0,0
201908,29,189,2,4,St. Louis County              ,109,109,41189658,0,0,0,0,0,0,2,60,5965100,63,63,23487926,0,0,0,0,0,0,1,54,5190677
201908,29,219,2,4,Warren County                 ,29,29,6786639,0,0,0,0,0,0,0,0,0,29,29,6786639,0,0,0,0,0,0,0,0,0
201908,29,221,2,4,Washington County             ,0,0,0,0,0,0,0,0,0,0,0,0,0,0,0,0,0,0,0,0,0,0,0,0
201908,29,510,2,4,St. Louis (Independent City)  ,14,14,2680452,0,0,0,0,0,0,1,55,3445851,0,0,0,0,0,0,0,0,0,0,0,0
201908,30,013,4,8,Cascade County                ,8,8,1985866,0,0,0,0,0,0,0,0,0,4,4,1131340,0,0,0,0,0,0,0,0,0
201908,30,033,4,8,Garfield County               ,0,0,0,0,0,0,0,0,0,0,0,0,0,0,0,0,0,0,0,0,0,0,0,0
201908,30,063,4,8,Missoula County               ,48,48,10101676,0,0,0,1,4,100446,1,6,259624,48,48,10101676,0,0,0,1,4,100446,1,6,259624
201908,30,093,4,8,Silver Bow County             ,9,9,995386,1,2,370000,0,0,0,0,0,0,9,9,995386,1,2,370000,0,0,0,0,0,0
201908,31,001,2,4,Adams County                  ,2,2,168403,0,0,0,0,0,0,0,0,0,2,2,168403,0,0,0,0,0,0,0,0,0
201908,31,025,2,4,Cass County                   ,9,9,1687641,0,0,0,0,0,0,0,0,0,2,2,483000,0,0,0,0,0,0,0,0,0
201908,31,033,2,4,Cheyenne County               ,2,2,452082,0,0,0,0,0,0,0,0,0,2,2,452082,0,0,0,0,0,0,0,0,0
201908,31,055,2,4,Douglas County                ,98,98,17417496,0,0,0,0,0,0,3,104,5712321,92,92,15934377,0,0,0,0,0,0,3,104,5712321
201908,31,105,2,4,Kimball County                ,1,1,32600,0,0,0,0,0,0,0,0,0,1,1,32600,0,0,0,0,0,0,0,0,0
201908,31,153,2,4,Sarpy County                  ,92,92,17578709,0,0,0,0,0,0,4,182,13596119,54,54,8186268,0,0,0,0,0,0,4,182,13596119
201908,31,165,2,4,Sioux County                  ,0,0,0,0,0,0,0,0,0,0,0,0,0,0,0,0,0,0,0,0,0,0,0,0
201908,31,177,2,4,Washington County             ,6,6,1796458,0,0,0,0,0,0,0,0,0,6,6,1796458,0,0,0,0,0,0,0,0,0
201908,32,001,4,8,Churchill County              ,10,10,1714606,0,0,0,0,0,0,0,0,0,10,10,1714606,0,0,0,0,0,0,0,0,0
201908,32,003,4,8,Clark County                  ,679,679,157446004,2,4,710970,10,30,4118390,11,252,30912233,679,679,157446004,2,4,710970,10,30,4118390,11,252,30912233
201908,32,005,4,8,Douglas County                ,24,24,9965174,0,0,0,0,0,0,0,0,0,0,0,0,0,0,0,0,0,0,0,0,0
201908,32,007,4,8,Elko County                   ,11,11,1831482,0,0,0,0,0,0,0,0,0,11,11,1831482,0,0,0,0,0,0,0,0,0
201908,32,013,4,8,Humboldt County               ,1,1,184000,0,0,0,0,0,0,0,0,0,1,1,184000,0,0,0,0,0,0,0,0,0
201908,32,015,4,8,Lander County                 ,0,0,0,0,0,0,0,0,0,0,0,0,0,0,0,0,0,0,0,0,0,0,0,0
201908,32,017,4,8,Lincoln County                ,1,1,285178,0,0,0,0,0,0,0,0,0,0,0,0,0,0,0,0,0,0,0,0,0
201908,32,019,4,8,Lyon County                   ,14,14,3702511,0,0,0,0,0,0,0,0,0,2,2,564515,0,0,0,0,0,0,0,0,0
201908,32,021,4,8,Mineral County                ,0,0,0,0,0,0,0,0,0,0,0,0,0,0,0,0,0,0,0,0,0,0,0,0
201908,32,027,4,8,Pershing County               ,0,0,0,0,0,0,0,0,0,0,0,0,0,0,0,0,0,0,0,0,0,0,0,0
201908,32,029,4,8,Storey County                 ,0,0,0,0,0,0,0,0,0,0,0,0,0,0,0,0,0,0,0,0,0,0,0,0
201908,32,031,4,8,Washoe County                 ,202,202,56581362,1,2,230714,1,4,433205,9,142,15672391,39,39,11382758,0,0,0,0,0,0,0,0,0
201908,32,033,4,8,White Pine County             ,0,0,0,0,0,0,0,0,0,0,0,0,0,0,0,0,0,0,0,0,0,0,0,0
201908,32,510,4,8,Carson City (Independent City),16,16,4170795,0,0,0,0,0,0,1,12,1198135,0,0,0,0,0,0,0,0,0,0,0,0
201908,33,015,1,1,Rockingham County             ,70,70,19132070,3,6,1100000,0,0,0,4,299,38894393,55,55,15088754,3,6,1100000,0,0,0,1,281,36884006
201908,33,017,1,1,Strafford County              ,27,27,6302087,0,0,0,0,0,0,1,21,2109766,16,16,3905866,0,0,0,0,0,0,0,0,0
201908,34,001,1,2,Atlantic County               ,39,39,9106873,0,0,0,0,0,0,4,63,4622039,35,35,8366832,0,0,0,0,0,0,3,30,238350
201908,34,003,1,2,Bergen County                 ,77,77,25586181,18,36,4285346,1,3,19000,11,146,14205462,41,41,15319314,18,36,4285346,1,3,19000,1,30,5000000
201908,34,005,1,2,Burlington County             ,108,108,23036276,0,0,0,1,3,203526,16,889,24136696,80,80,20156635,0,0,0,0,0,0,13,872,22049662
201908,34,007,1,2,Camden County                 ,21,21,2535784,0,0,0,0,0,0,3,99,6307957,15,15,1649625,0,0,0,0,0,0,1,80,5931000
201908,34,009,1,2,Cape May County               ,54,54,23981923,3,6,1393200,2,7,764200,0,0,0,53,53,23921409,3,6,1393200,2,7,764200,0,0,0
201908,34,011,1,2,Cumberland County             ,6,6,639880,0,0,0,0,0,0,0,0,0,3,3,396704,0,0,0,0,0,0,0,0,0
201908,34,013,1,2,Essex County                  ,45,45,8198231,5,10,1451379,1,3,1625326,7,273,37006558,27,27,6109286,4,8,1202629,0,0,0,4,232,33929821
201908,34,015,1,2,Gloucester County             ,32,32,4449091,0,0,0,0,0,0,1,5,590971,14,14,2541100,0,0,0,0,0,0,0,0,0
201908,34,017,1,2,Hudson County                 ,660,660,14879501,2,4,407520,9,29,3863248,5,66,11412414,660,660,14879501,1,2,172700,9,29,3863248,3,20,2512506
201908,34,019,1,2,Hunterdon County              ,17,17,4463018,0,0,0,0,0,0,5,39,3520627,13,13,3987141,0,0,0,0,0,0,3,26,2824200
201908,34,021,1,2,Mercer County                 ,10,10,2023796,1,2,86914,10,35,2312545,0,0,0,7,7,1102998,0,0,0,9,32,2198772,0,0,0
201908,34,023,1,2,Middlesex County              ,58,58,14458980,2,4,323100,10,34,1174500,10,337,38402818,54,54,13629387,1,2,18000,10,34,1174500,6,212,14192851
201908,34,025,1,2,Monmouth County               ,78,78,27050093,0,0,0,0,0,0,6,69,9508201,57,57,20074190,0,0,0,0,0,0,2,31,4405850
201908,34,027,1,2,Morris County                 ,81,81,16036559,0,0,0,0,0,0,6,80,4573026,39,39,7867652,0,0,0,0,0,0,0,0,0
201908,34,029,1,2,Ocean County                  ,118,118,27738820,1,2,330582,0,0,0,2,14,1110196,83,83,21192645,0,0,0,0,0,0,0,0,0
201908,34,031,1,2,Passaic County                ,8,8,1682772,2,4,194464,1,3,144000,5,101,2896324,4,4,790300,0,0,0,0,0,0,1,54,30000
201908,34,033,1,2,Salem County                  ,9,9,1122483,0,0,0,0,0,0,0,0,0,8,8,953400,0,0,0,0,0,0,0,0,0
201908,34,035,1,2,Somerset County               ,27,27,4293760,0,0,0,0,0,0,7,161,9231126,14,14,2347293,0,0,0,0,0,0,1,44,310000
201908,34,037,1,2,Sussex County                 ,6,6,991397,2,4,943000,0,0,0,0,0,0,5,5,720400,2,4,943000,0,0,0,0,0,0
201908,34,039,1,2,Union County                  ,23,23,5928279,5,10,727551,0,0,0,4,55,2450209,14,14,4380375,0,0,0,0,0,0,0,0,0
201908,34,041,1,2,Warren County                 ,7,7,1237974,0,0,0,0,0,0,1,5,180544,4,4,661050,0,0,0,0,0,0,0,0,0
201908,35,000,4,8,New Mexico Balance of State   ,44,44,11925891,0,0,0,0,0,0,0,0,0,0,0,0,0,0,0,0,0,0,0,0,0
201908,35,001,4,8,Bernalillo County             ,116,116,26884375,0,0,0,0,0,0,0,0,0,19,19,7514059,0,0,0,0,0,0,0,0,0
201908,35,005,4,8,Chaves County                 ,5,5,843760,0,0,0,0,0,0,0,0,0,0,0,0,0,0,0,0,0,0,0,0,0
201908,35,009,4,8,Curry County                  ,6,6,1511005,0,0,0,0,0,0,1,5,460938,0,0,0,0,0,0,0,0,0,0,0,0
201908,35,013,4,8,Dona Ana County               ,65,65,15482597,0,0,0,0,0,0,0,0,0,50,50,11341894,0,0,0,0,0,0,0,0,0
201908,35,015,4,8,Eddy County                   ,44,44,14169774,0,0,0,0,0,0,0,0,0,44,44,14169774,0,0,0,0,0,0,0,0,0
201908,35,017,4,8,Grant County                  ,1,1,161654,0,0,0,0,0,0,0,0,0,0,0,0,0,0,0,0,0,0,0,0,0
201908,35,025,4,8,Lea County                    ,17,17,3597601,0,0,0,0,0,0,0,0,0,0,0,0,0,0,0,0,0,0,0,0,0
201908,35,027,4,8,Lincoln County                ,6,6,1264764,0,0,0,0,0,0,0,0,0,6,6,1264764,0,0,0,0,0,0,0,0,0
201908,35,028,4,8,Los Alamos County             ,10,10,2828349,0,0,0,0,0,0,0,0,0,10,10,2828349,0,0,0,0,0,0,0,0,0
201908,35,029,4,8,Luna County                   ,2,2,342320,0,0,0,0,0,0,0,0,0,1,1,159000,0,0,0,0,0,0,0,0,0
201908,35,031,4,8,McKinley County               ,0,0,0,0,0,0,0,0,0,0,0,0,0,0,0,0,0,0,0,0,0,0,0,0
201908,35,035,4,8,Otero County                  ,0,0,0,0,0,0,0,0,0,0,0,0,0,0,0,0,0,0,0,0,0,0,0,0
201908,35,041,4,8,Roosevelt County              ,2,2,307813,0,0,0,0,0,0,0,0,0,0,0,0,0,0,0,0,0,0,0,0,0
201908,35,043,4,8,Sandoval County               ,59,59,13049071,0,0,0,0,0,0,1,5,208333,0,0,0,0,0,0,0,0,0,0,0,0
201908,35,045,4,8,San Juan County               ,8,8,1432546,0,0,0,1,3,179819,0,0,0,8,8,1432546,0,0,0,1,3,179819,0,0,0
201908,35,047,4,8,San Miguel County             ,0,0,0,0,0,0,0,0,0,0,0,0,0,0,0,0,0,0,0,0,0,0,0,0
201908,35,049,4,8,Santa Fe County               ,53,53,7552202,0,0,0,0,0,0,0,0,0,53,53,7552202,0,0,0,0,0,0,0,0,0
201908,35,051,4,8,Sierra County                 ,0,0,0,0,0,0,0,0,0,0,0,0,0,0,0,0,0,0,0,0,0,0,0,0
201908,35,055,4,8,Taos County                   ,12,12,1444853,0,0,0,0,0,0,0,0,0,0,0,0,0,0,0,0,0,0,0,0,0
201908,35,061,4,8,Valencia County               ,5,5,809036,0,0,0,0,0,0,0,0,0,5,5,809036,0,0,0,0,0,0,0,0,0
201908,36,001,1,2,Albany County                 ,20,20,4778748,1,2,200000,1,4,600000,3,24,2112405,18,18,4427709,1,2,200000,1,4,600000,2,16,800000
201908,36,005,1,2,Bronx County                  ,0,0,0,2,4,601314,0,0,0,6,444,57282792,0,0,0,2,4,601314,0,0,0,6,444,57282792
201908,36,029,1,2,Erie County                   ,59,59,20812708,0,0,0,2,8,2540000,6,77,9818743,45,45,17586978,0,0,0,2,8,2540000,4,44,3120000
201908,36,047,1,2,Kings County                  ,4,4,1049635,2,4,601314,6,21,2794008,28,739,95342304,4,4,1049635,2,4,601314,6,21,2794008,28,739,95342304
201908,36,051,1,2,Livingston County             ,5,5,925000,0,0,0,0,0,0,1,7,602000,5,5,925000,0,0,0,0,0,0,0,0,0
201908,36,055,1,2,Monroe County                 ,64,64,15311789,1,2,473900,3,12,1282000,6,92,7205430,53,53,13748100,1,2,473900,3,12,1282000,4,36,3468000
201908,36,059,1,2,Nassau County                 ,59,59,20115481,4,8,2024520,0,0,0,1,24,4203000,16,16,10029832,3,6,1819520,0,0,0,1,24,4203000
201908,36,061,1,2,New York County               ,0,0,0,0,0,0,0,0,0,3,194,25028968,0,0,0,0,0,0,0,0,0,3,194,25028968
201908,36,063,1,2,Niagara County                ,19,19,5302181,0,0,0,0,0,0,0,0,0,14,14,4060780,0,0,0,0,0,0,0,0,0
201908,36,069,1,2,Ontario County                ,21,21,6258677,3,6,114600,1,3,200000,0,0,0,14,14,4495540,3,6,114600,0,0,0,0,0,0
201908,36,073,1,2,Orleans County                ,5,5,1392409,0,0,0,0,0,0,0,0,0,5,5,1392409,0,0,0,0,0,0,0,0,0
201908,36,079,1,2,Putnam County                 ,4,4,1103662,0,0,0,0,0,0,0,0,0,2,2,670000,0,0,0,0,0,0,0,0,0
201908,36,081,1,2,Queens County                 ,7,7,1836861,12,24,3607886,0,0,0,11,218,28125335,7,7,1836861,12,24,3607886,0,0,0,11,218,28125335
201908,36,083,1,2,Rensselaer County             ,8,8,2633284,0,0,0,2,8,940000,0,0,0,4,4,1550000,0,0,0,2,8,940000,0,0,0
201908,36,085,1,2,Richmond County               ,6,6,1574452,11,22,3307229,3,9,1197432,0,0,0,6,6,1574452,11,22,3307229,3,9,1197432,0,0,0
201908,36,087,1,2,Rockland County               ,8,8,3018604,3,6,875953,2,6,654822,1,8,934870,3,3,1070000,0,0,0,0,0,0,0,0,0
201908,36,091,1,2,Saratoga County               ,70,70,22190002,0,0,0,0,0,0,1,8,310462,57,57,17953583,0,0,0,0,0,0,0,0,0
201908,36,093,1,2,Schenectady County            ,5,5,749188,0,0,0,0,0,0,0,0,0,4,4,550000,0,0,0,0,0,0,0,0,0
201908,36,095,1,2,Schoharie County              ,3,3,566040,0,0,0,0,0,0,0,0,0,3,3,566040,0,0,0,0,0,0,0,0,0
201908,36,099,1,2,Seneca County                 ,4,4,275800,0,0,0,0,0,0,0,0,0,4,4,275800,0,0,0,0,0,0,0,0,0
201908,36,103,1,2,Suffolk County                ,44,44,58538156,0,0,0,0,0,0,8,65,8152251,34,34,49075460,0,0,0,0,0,0,7,50,6450765
201908,36,117,1,2,Wayne County                  ,6,6,1345788,0,0,0,0,0,0,0,0,0,4,4,850000,0,0,0,0,0,0,0,0,0
201908,36,119,1,2,Westchester County            ,16,16,11663929,1,2,247500,1,3,120000,5,396,52906981,9,9,8145433,0,0,0,0,0,0,1,309,41494000
201908,37,007,3,5,Anson County                  ,4,4,599460,0,0,0,0,0,0,0,0,0,0,0,0,0,0,0,0,0,0,0,0,0
201908,37,011,3,5,Avery County                  ,17,17,5968075,0,0,0,2,8,1200000,0,0,0,17,17,5968075,0,0,0,2,8,1200000,0,0,0
201908,37,015,3,5,Bertie County                 ,1,1,284000,0,0,0,0,0,0,0,0,0,1,1,284000,0,0,0,0,0,0,0,0,0
201908,37,025,3,5,Cabarrus County               ,151,151,23834764,0,0,0,0,0,0,5,106,8413869,151,151,23834764,0,0,0,0,0,0,5,106,8413869
201908,37,033,3,5,Caswell County                ,2,2,290000,0,0,0,0,0,0,0,0,0,2,2,290000,0,0,0,0,0,0,0,0,0
201908,37,037,3,5,Chatham County                ,56,56,16938620,0,0,0,0,0,0,0,0,0,56,56,16938620,0,0,0,0,0,0,0,0,0
201908,37,051,3,5,Cumberland County             ,67,67,12984533,1,2,343204,0,0,0,0,0,0,67,67,12984533,0,0,0,0,0,0,0,0,0
201908,37,053,3,5,Currituck County              ,32,32,8588717,0,0,0,0,0,0,0,0,0,32,32,8588717,0,0,0,0,0,0,0,0,0
201908,37,059,3,5,Davie County                  ,14,14,2948338,0,0,0,0,0,0,2,32,1261909,0,0,0,0,0,0,0,0,0,0,0,0
201908,37,063,3,5,Durham County                 ,192,192,36812001,1,2,169897,0,0,0,4,146,11847310,0,0,0,0,0,0,0,0,0,0,0,0
201908,37,069,3,5,Franklin County               ,92,92,16516744,1,2,135000,0,0,0,0,0,0,92,92,16516744,1,2,135000,0,0,0,0,0,0
201908,37,071,3,5,Gaston County                 ,131,131,36735636,1,2,298806,1,3,253052,0,0,0,131,131,36735636,1,2,298806,1,3,253052,0,0,0
201908,37,077,3,5,Granville County              ,50,50,8700427,0,0,0,0,0,0,0,0,0,50,50,8700427,0,0,0,0,0,0,0,0,0
201908,37,081,3,5,Guilford County               ,134,134,33570724,0,0,0,0,0,0,0,0,0,82,82,15006875,0,0,0,0,0,0,0,0,0
201908,37,089,3,5,Henderson County              ,55,55,14277214,0,0,0,0,0,0,0,0,0,55,55,14277214,0,0,0,0,0,0,0,0,0
201908,37,093,3,5,Hoke County                   ,21,21,4986591,1,2,223682,0,0,0,0,0,0,21,21,4986591,1,2,223682,0,0,0,0,0,0
201908,37,097,3,5,Iredell County                ,75,75,18114876,0,0,0,0,0,0,0,0,0,75,75,18114876,0,0,0,0,0,0,0,0,0
201908,37,101,3,5,Johnston County               ,243,243,40350681,0,0,0,0,0,0,0,0,0,239,239,39650923,0,0,0,0,0,0,0,0,0
201908,37,119,3,5,Mecklenburg County            ,601,601,142711479,1,2,90000,1,3,525025,19,548,67744352,601,601,142711479,1,2,90000,1,3,525025,19,548,67744352
201908,37,133,3,5,Onslow County                 ,121,121,16889878,1,2,100000,0,0,0,0,0,0,107,107,14737723,1,2,100000,0,0,0,0,0,0
201908,37,135,3,5,Orange County                 ,42,42,10133122,0,0,0,0,0,0,0,0,0,42,42,10133122,0,0,0,0,0,0,0,0,0
201908,37,145,3,5,Person County                 ,11,11,3275010,0,0,0,0,0,0,0,0,0,11,11,3275010,0,0,0,0,0,0,0,0,0
201908,37,151,3,5,Randolph County               ,25,25,6127160,0,0,0,0,0,0,0,0,0,1,1,105000,0,0,0,0,0,0,0,0,0
201908,37,157,3,5,Rockingham County             ,17,17,4350182,0,0,0,0,0,0,0,0,0,17,17,4350182,0,0,0,0,0,0,0,0,0
201908,37,179,3,5,Union County                  ,180,180,37130535,0,0,0,0,0,0,0,0,0,180,180,37130535,0,0,0,0,0,0,0,0,0
201908,37,181,3,5,Vance County                  ,2,2,424300,0,0,0,0,0,0,0,0,0,2,2,424300,0,0,0,0,0,0,0,0,0
201908,37,183,3,5,Wake County                   ,690,690,156603262,1,2,570931,0,0,0,3,120,14261637,656,656,150372464,1,2,570931,0,0,0,3,120,14261637
201908,37,195,3,5,Wilson County                 ,16,16,2494283,0,0,0,0,0,0,0,0,0,16,16,2494283,0,0,0,0,0,0,0,0,0
201908,39,007,2,3,Ashtabula County              ,8,8,1489000,0,0,0,0,0,0,0,0,0,8,8,1489000,0,0,0,0,0,0,0,0,0
201908,39,015,2,3,Brown County                  ,8,8,2068453,0,0,0,0,0,0,0,0,0,0,0,0,0,0,0,0,0,0,0,0,0
201908,39,017,2,3,Butler County                 ,70,70,12798018,0,0,0,0,0,0,0,0,0,55,55,10438629,0,0,0,0,0,0,0,0,0
201908,39,025,2,3,Clermont County               ,33,33,7178575,0,0,0,0,0,0,0,0,0,33,33,7178575,0,0,0,0,0,0,0,0,0
201908,39,041,2,3,Delaware County               ,110,110,27489321,0,0,0,2,8,1440000,15,280,21769720,88,88,23638624,0,0,0,2,8,1440000,15,280,21769720
201908,39,049,2,3,Franklin County               ,88,88,28757411,0,0,0,1,4,649748,22,634,37374045,75,75,24314169,0,0,0,1,4,649748,21,629,37149045
201908,39,055,2,3,Geauga County                 ,15,15,8307788,0,0,0,0,0,0,0,0,0,15,15,8307788,0,0,0,0,0,0,0,0,0
201908,39,085,2,3,Lake County                   ,48,48,11313277,0,0,0,0,0,0,0,0,0,44,44,10764897,0,0,0,0,0,0,0,0,0
201908,39,089,2,3,Licking County                ,19,19,5241673,0,0,0,0,0,0,0,0,0,19,19,5241673,0,0,0,0,0,0,0,0,0
201908,39,093,2,3,Lorain County                 ,90,90,20878979,0,0,0,0,0,0,0,0,0,39,39,9383875,0,0,0,0,0,0,0,0,0
201908,39,097,2,3,Madison County                ,12,12,3650527,0,0,0,0,0,0,0,0,0,5,5,1353661,0,0,0,0,0,0,0,0,0
201908,39,103,2,3,Medina County                 ,46,46,11001163,0,0,0,0,0,0,0,0,0,46,46,11001163,0,0,0,0,0,0,0,0,0
201908,39,117,2,3,Morrow County                 ,7,7,1799411,0,0,0,0,0,0,0,0,0,5,5,1353661,0,0,0,0,0,0,0,0,0
201908,39,159,2,3,Union County                  ,30,30,8121966,0,0,0,0,0,0,6,144,7200000,30,30,8121966,0,0,0,0,0,0,6,144,7200000
201908,39,165,2,3,Warren County                 ,104,104,27062166,1,2,385151,0,0,0,1,6,890898,89,89,22536731,1,2,385151,0,0,0,1,6,890898
201908,40,001,3,7,Adair County                  ,0,0,0,0,0,0,0,0,0,0,0,0,0,0,0,0,0,0,0,0,0,0,0,0
201908,40,017,3,7,Canadian County               ,30,30,7995885,1,2,233039,0,0,0,0,0,0,12,12,4320000,0,0,0,0,0,0,0,0,0
201908,40,021,3,7,Cherokee County               ,7,7,918668,0,0,0,0,0,0,1,5,244048,0,0,0,0,0,0,0,0,0,0,0,0
201908,40,027,3,7,Cleveland County              ,64,64,15735869,0,0,0,4,16,1480000,1,6,600000,26,26,4897465,0,0,0,4,16,1480000,1,6,600000
201908,40,029,3,7,Coal County                   ,0,0,0,0,0,0,0,0,0,0,0,0,0,0,0,0,0,0,0,0,0,0,0,0
201908,40,037,3,7,Creek County                  ,6,6,1335159,0,0,0,0,0,0,1,16,1230769,0,0,0,0,0,0,0,0,0,0,0,0
201908,40,051,3,7,Grady County                  ,3,3,690000,0,0,0,0,0,0,0,0,0,3,3,690000,0,0,0,0,0,0,0,0,0
201908,40,055,3,7,Greer County                  ,0,0,0,0,0,0,0,0,0,0,0,0,0,0,0,0,0,0,0,0,0,0,0,0
201908,40,081,3,7,Lincoln County                ,1,1,237457,0,0,0,0,0,0,0,0,0,1,1,237457,0,0,0,0,0,0,0,0,0
201908,40,083,3,7,Logan County                  ,2,2,385000,0,0,0,0,0,0,0,0,0,2,2,385000,0,0,0,0,0,0,0,0,0
201908,40,087,3,7,McClain County                ,44,44,7837582,0,0,0,0,0,0,0,0,0,38,38,6479625,0,0,0,0,0,0,0,0,0
201908,40,109,3,7,Oklahoma County               ,363,363,83437679,6,12,1144368,1,3,337941,1,5,353031,69,69,23330782,0,0,0,0,0,0,0,0,0
201908,40,111,3,7,Okmulgee County               ,2,2,172000,0,0,0,0,0,0,0,0,0,2,2,172000,0,0,0,0,0,0,0,0,0
201908,40,113,3,7,Osage County                  ,10,10,2239156,0,0,0,0,0,0,0,0,0,10,10,2239156,0,0,0,0,0,0,0,0,0
201908,40,117,3,7,Pawnee County                 ,0,0,0,0,0,0,0,0,0,0,0,0,0,0,0,0,0,0,0,0,0,0,0,0
201908,40,131,3,7,Rogers County                 ,43,43,5766843,0,0,0,0,0,0,0,0,0,43,43,5766843,0,0,0,0,0,0,0,0,0
201908,40,143,3,7,Tulsa County                  ,181,181,43570984,0,0,0,0,0,0,1,202,43170187,181,181,43570984,0,0,0,0,0,0,1,202,43170187
201908,40,145,3,7,Wagoner County                ,48,48,9065334,0,0,0,0,0,0,0,0,0,48,48,9065334,0,0,0,0,0,0,0,0,0
201908,41,000,4,9,Oregon Balance of State       ,39,39,3882300,0,0,0,0,0,0,0,0,0,39,39,3882300,0,0,0,0,0,0,0,0,0
201908,41,005,4,9,Clackamas County              ,142,142,45159049,0,0,0,0,0,0,4,70,8158512,119,119,37202791,0,0,0,0,0,0,3,62,6995176
201908,41,017,4,9,Deschutes County              ,136,136,37510880,7,14,1970533,1,4,273588,2,18,1781545,136,136,37510880,7,14,1970533,1,4,273588,2,18,1781545
201908,41,019,4,9,Douglas County                ,34,34,10257397,0,0,0,0,0,0,0,0,0,33,33,10109633,0,0,0,0,0,0,0,0,0
201908,41,025,4,9,Harney County                 ,0,0,0,0,0,0,0,0,0,0,0,0,0,0,0,0,0,0,0,0,0,0,0,0
201908,41,035,4,9,Klamath County                ,11,11,2446503,0,0,0,0,0,0,0,0,0,11,11,2446503,0,0,0,0,0,0,0,0,0
201908,41,051,4,9,Multnomah County              ,70,70,19176381,8,16,2747305,0,0,0,13,594,96555630,70,70,19176381,8,16,2747305,0,0,0,13,594,96555630
201908,41,067,4,9,Washington County             ,190,190,55569511,0,0,0,0,0,0,2,36,5753609,190,190,55569511,0,0,0,0,0,0,2,36,5753609
201908,41,071,4,9,Yamhill County                ,40,40,10976952,0,0,0,0,0,0,9,106,10840415,39,39,10783528,0,0,0,0,0,0,9,106,10840415
201908,42,001,1,2,Adams County                  ,16,16,5877975,0,0,0,0,0,0,0,0,0,16,16,5877975,0,0,0,0,0,0,0,0,0
201908,42,017,1,2,Bucks County                  ,61,61,16319168,0,0,0,0,0,0,0,0,0,36,36,10437781,0,0,0,0,0,0,0,0,0
201908,42,029,1,2,Chester County                ,109,109,22463565,0,0,0,1,4,197400,8,404,39402135,88,88,17084602,0,0,0,1,4,197400,7,399,38877135
201908,42,037,1,2,Columbia County               ,7,7,2032438,0,0,0,0,0,0,1,7,922475,4,4,1222018,0,0,0,0,0,0,0,0,0
201908,42,041,1,2,Cumberland County             ,81,81,16531644,0,0,0,0,0,0,3,52,6618814,68,68,13224054,0,0,0,0,0,0,2,16,1868000
201908,42,043,1,2,Dauphin County                ,42,42,8275392,1,2,422205,1,3,428460,0,0,0,28,28,5599526,1,2,422205,1,3,428460,0,0,0
201908,42,045,1,2,Delaware County               ,16,16,3023517,0,0,0,0,0,0,1,5,2056072,7,7,1312000,0,0,0,0,0,0,0,0,0
201908,42,055,1,2,Franklin County               ,31,31,7147910,0,0,0,0,0,0,1,5,650767,24,24,5285767,0,0,0,0,0,0,0,0,0
201908,42,091,1,2,Montgomery County             ,99,99,27821143,1,2,353510,4,15,2228190,2,30,2664745,82,82,23864644,1,2,353510,4,15,2228190,1,12,600000
201908,42,093,1,2,Montour County                ,2,2,323153,0,0,0,0,0,0,0,0,0,1,1,80000,0,0,0,0,0,0,0,0,0
201908,42,099,1,2,Perry County                  ,10,10,2474012,0,0,0,0,0,0,0,0,0,1,1,165000,0,0,0,0,0,0,0,0,0
201908,42,101,1,2,Philadelphia County           ,100,100,26240869,17,34,4492500,6,20,2516000,18,315,34185142,100,100,26240869,17,34,4492500,6,20,2516000,18,315,34185142
201908,42,103,1,2,Pike County                   ,7,7,1718231,0,0,0,0,0,0,0,0,0,6,6,1534817,0,0,0,0,0,0,0,0,0
201908,44,001,1,1,Bristol County                ,1,1,257004,0,0,0,0,0,0,0,0,0,0,0,0,0,0,0,0,0,0,0,0,0
201908,44,003,1,1,Kent County                   ,11,11,1910984,1,2,208150,1,4,203460,0,0,0,0,0,0,0,0,0,1,4,203460,0,0,0
201908,44,005,1,1,Newport County                ,10,10,3974226,0,0,0,0,0,0,0,0,0,10,10,3974226,0,0,0,0,0,0,0,0,0
201908,44,007,1,1,Providence County             ,21,21,3611648,0,0,0,0,0,0,0,0,0,10,10,1790617,0,0,0,0,0,0,0,0,0
201908,44,009,1,1,Washington County             ,28,28,6825407,1,2,225000,0,0,0,1,5,828125,18,18,4053034,0,0,0,0,0,0,0,0,0
201908,45,003,3,5,Aiken County                  ,86,86,20044216,0,0,0,0,0,0,0,0,0,76,76,18041782,0,0,0,0,0,0,0,0,0
201908,45,009,3,5,Bamberg County                ,1,1,229000,0,0,0,0,0,0,0,0,0,1,1,229000,0,0,0,0,0,0,0,0,0
201908,45,015,3,5,Berkeley County               ,143,143,39932899,0,0,0,0,0,0,2,78,5729663,41,41,9271121,0,0,0,0,0,0,0,0,0
201908,45,017,3,5,Calhoun County                ,3,3,502052,0,0,0,0,0,0,0,0,0,0,0,0,0,0,0,0,0,0,0,0,0
201908,45,019,3,5,Charleston County             ,212,212,49473968,0,0,0,1,3,238125,5,128,8202195,93,93,31777750,0,0,0,0,0,0,0,0,0
201908,45,035,3,5,Dorchester County             ,49,49,15523500,0,0,0,0,0,0,0,0,0,49,49,15523500,0,0,0,0,0,0,0,0,0
201908,45,037,3,5,Edgefield County              ,7,7,1853800,0,0,0,0,0,0,0,0,0,7,7,1853800,0,0,0,0,0,0,0,0,0
201908,45,039,3,5,Fairfield County              ,5,5,1131230,0,0,0,0,0,0,0,0,0,0,0,0,0,0,0,0,0,0,0,0,0
201908,45,045,3,5,Greenville County             ,329,329,92655165,3,6,285945,0,0,0,3,91,18545669,327,327,92124571,3,6,285945,0,0,0,2,86,18369293
201908,45,051,3,5,Horry County                  ,287,287,52421715,3,6,799128,0,0,0,1,5,250000,287,287,52421715,3,6,799128,0,0,0,0,0,0
201908,45,055,3,5,Kershaw County                ,31,31,4964244,0,0,0,0,0,0,0,0,0,31,31,4964244,0,0,0,0,0,0,0,0,0
201908,45,059,3,5,Laurens County                ,11,11,2527021,0,0,0,0,0,0,0,0,0,11,11,2527021,0,0,0,0,0,0,0,0,0
201908,45,063,3,5,Lexington County              ,180,180,46308741,0,0,0,0,0,0,1,5,489336,31,31,8048673,0,0,0,0,0,0,0,0,0
201908,45,077,3,5,Pickens County                ,66,66,16790232,0,0,0,0,0,0,0,0,0,43,43,13339221,0,0,0,0,0,0,0,0,0
201908,45,079,3,5,Richland County               ,132,132,29946126,0,0,0,0,0,0,1,5,843131,115,115,25940872,0,0,0,0,0,0,0,0,0
201908,45,081,3,5,Saluda County                 ,4,4,850721,0,0,0,0,0,0,0,0,0,0,0,0,0,0,0,0,0,0,0,0,0
201908,45,085,3,5,Sumter County                 ,19,19,4453531,0,0,0,0,0,0,2,48,2500000,19,19,4453531,0,0,0,0,0,0,2,48,2500000
201908,45,091,3,5,York County                   ,233,233,79239317,0,0,0,0,0,0,1,16,1816234,30,30,8177002,0,0,0,0,0,0,0,0,0
201908,46,007,2,4,Bennett County                ,0,0,0,0,0,0,0,0,0,0,0,0,0,0,0,0,0,0,0,0,0,0,0,0
201908,46,055,2,4,Haakon County                 ,0,0,0,0,0,0,0,0,0,0,0,0,0,0,0,0,0,0,0,0,0,0,0,0
201908,46,071,2,4,Jackson County                ,0,0,0,0,0,0,0,0,0,0,0,0,0,0,0,0,0,0,0,0,0,0,0,0
201908,46,111,2,4,Sanborn County                ,0,0,0,0,0,0,0,0,0,0,0,0,0,0,0,0,0,0,0,0,0,0,0,0
201908,47,001,3,6,Anderson County               ,14,14,2050780,0,0,0,0,0,0,0,0,0,9,9,1454694,0,0,0,0,0,0,0,0,0
201908,47,015,3,6,Cannon County                 ,8,8,800000,0,0,0,0,0,0,0,0,0,8,8,800000,0,0,0,0,0,0,0,0,0
201908,47,021,3,6,Cheatham County               ,70,70,14707515,0,0,0,0,0,0,0,0,0,64,64,13760383,0,0,0,0,0,0,0,0,0
201908,47,037,3,6,Davidson County               ,515,515,127914916,0,0,0,0,0,0,10,813,91255185,513,513,125214661,0,0,0,0,0,0,10,813,91255185
201908,47,043,3,6,Dickson County                ,39,39,8263180,0,0,0,0,0,0,0,0,0,14,14,3231934,0,0,0,0,0,0,0,0,0
201908,47,049,3,6,Fentress County               ,0,0,0,0,0,0,0,0,0,0,0,0,0,0,0,0,0,0,0,0,0,0,0,0
201908,47,081,3,6,Hickman County                ,8,8,1493445,0,0,0,0,0,0,0,0,0,1,1,282500,0,0,0,0,0,0,0,0,0
201908,47,093,3,6,Knox County                   ,163,163,32051815,0,0,0,0,0,0,0,0,0,28,28,5626535,0,0,0,0,0,0,0,0,0
201908,47,105,3,6,Loudon County                 ,41,41,11153573,0,0,0,0,0,0,0,0,0,37,37,10410258,0,0,0,0,0,0,0,0,0
201908,47,125,3,6,Montgomery County             ,134,134,21879701,1,2,124167,4,15,925837,2,17,1050444,71,71,14289372,0,0,0,1,4,300000,0,0,0
201908,47,139,3,6,Polk County                   ,18,18,3242233,0,0,0,0,0,0,0,0,0,0,0,0,0,0,0,0,0,0,0,0,0
201908,47,149,3,6,Rutherford County             ,286,286,68759473,6,12,1899300,1,4,353912,0,0,0,279,279,67519226,6,12,1899300,1,4,353912,0,0,0
201908,47,153,3,6,Sequatchie County             ,0,0,0,0,0,0,0,0,0,0,0,0,0,0,0,0,0,0,0,0,0,0,0,0
201908,47,157,3,6,Shelby County                 ,86,86,23631480,0,0,0,0,0,0,0,0,0,86,86,23631480,0,0,0,0,0,0,0,0,0
201908,47,159,3,6,Smith County                  ,9,9,1976586,0,0,0,0,0,0,0,0,0,7,7,1662197,0,0,0,0,0,0,0,0,0
201908,47,161,3,6,Stewart County                ,0,0,0,0,0,0,0,0,0,0,0,0,0,0,0,0,0,0,0,0,0,0,0,0
201908,47,165,3,6,Sumner County                 ,109,109,37419938,0,0,0,0,0,0,0,0,0,109,109,37419938,0,0,0,0,0,0,0,0,0
201908,47,167,3,6,Tipton County                 ,20,20,3396853,0,0,0,0,0,0,0,0,0,13,13,2468784,0,0,0,0,0,0,0,0,0
201908,47,169,3,6,Trousdale County              ,7,7,1141000,0,0,0,0,0,0,0,0,0,7,7,1141000,0,0,0,0,0,0,0,0,0
201908,47,173,3,6,Union County                  ,8,8,1439140,0,0,0,0,0,0,0,0,0,0,0,0,0,0,0,0,0,0,0,0,0
201908,47,175,3,6,Van Buren County              ,0,0,0,0,0,0,0,0,0,0,0,0,0,0,0,0,0,0,0,0,0,0,0,0
201908,47,189,3,6,Wilson County                 ,159,159,41694933,0,0,0,0,0,0,0,0,0,112,112,25277338,0,0,0,0,0,0,0,0,0
201908,48,013,3,7,Atascosa County               ,3,3,574770,0,0,0,0,0,0,0,0,0,2,2,399490,0,0,0,0,0,0,0,0,0
201908,48,015,3,7,Austin County                 ,4,4,687271,0,0,0,0,0,0,0,0,0,2,2,366864,0,0,0,0,0,0,0,0,0
201908,48,019,3,7,Bandera County                ,0,0,0,0,0,0,0,0,0,0,0,0,0,0,0,0,0,0,0,0,0,0,0,0
201908,48,021,3,7,Bastrop County                ,17,17,2933514,1,2,80000,0,0,0,0,0,0,5,5,1024488,0,0,0,0,0,0,0,0,0
201908,48,025,3,7,Bee County                    ,0,0,0,0,0,0,0,0,0,0,0,0,0,0,0,0,0,0,0,0,0,0,0,0
201908,48,027,3,7,Bell County                   ,266,266,43103620,19,38,3151211,0,0,0,0,0,0,232,232,34652762,15,30,2395080,0,0,0,0,0,0
201908,48,029,3,7,Bexar County                  ,527,527,119454848,2,4,1450000,4,16,2148357,6,534,61904591,479,479,113401335,2,4,1450000,4,16,2148357,6,534,61904591
201908,48,051,3,7,Burleson County               ,2,2,470000,0,0,0,0,0,0,4,72,7494300,2,2,470000,0,0,0,0,0,0,4,72,7494300
201908,48,055,3,7,Caldwell County               ,24,24,4933689,1,2,173138,0,0,0,2,21,2297127,0,0,0,0,0,0,0,0,0,0,0,0
201908,48,085,3,7,Collin County                 ,863,863,250963829,0,0,0,0,0,0,5,780,91606873,540,540,131686796,0,0,0,0,0,0,5,780,91606873
201908,48,091,3,7,Comal County                  ,226,226,53665215,0,0,0,0,0,0,4,188,21102060,226,226,53665215,0,0,0,0,0,0,4,188,21102060
201908,48,099,3,7,Coryell County                ,21,21,3142441,1,2,145615,0,0,0,0,0,0,3,3,614693,0,0,0,0,0,0,0,0,0
201908,48,107,3,7,Crosby County                 ,0,0,0,0,0,0,0,0,0,0,0,0,0,0,0,0,0,0,0,0,0,0,0,0
201908,48,113,3,7,Dallas County                 ,476,476,145373593,10,20,1482984,2,8,1072798,26,1497,149947555,430,430,125692924,10,20,1482984,2,8,1072798,19,1061,97640838
201908,48,119,3,7,Delta County                  ,0,0,0,0,0,0,0,0,0,0,0,0,0,0,0,0,0,0,0,0,0,0,0,0
201908,48,135,3,7,Ector County                  ,45,45,10685552,0,0,0,0,0,0,4,23,2581635,45,45,10685552,0,0,0,0,0,0,4,23,2581635
201908,48,139,3,7,Ellis County                  ,196,196,44447315,0,0,0,0,0,0,1,10,1702249,136,136,32571899,0,0,0,0,0,0,0,0,0
201908,48,141,3,7,El Paso County                ,204,204,46057474,8,16,1889596,1,4,524763,5,54,9430780,43,43,10210638,0,0,0,0,0,0,0,0,0
201908,48,157,3,7,Fort Bend County              ,950,950,85490583,0,0,0,0,0,0,1,8,626067,186,186,43754576,0,0,0,0,0,0,0,0,0
201908,48,167,3,7,Galveston County              ,207,207,42700936,0,0,0,0,0,0,0,0,0,193,193,39469038,0,0,0,0,0,0,0,0,0
201908,48,185,3,7,Grimes County                 ,5,5,443152,0,0,0,0,0,0,0,0,0,5,5,443152,0,0,0,0,0,0,0,0,0
201908,48,187,3,7,Guadalupe County              ,98,98,21930989,0,0,0,0,0,0,14,324,26162210,96,96,21370702,0,0,0,0,0,0,14,324,26162210
201908,48,193,3,7,Hamilton County               ,0,0,0,0,0,0,0,0,0,0,0,0,0,0,0,0,0,0,0,0,0,0,0,0
201908,48,195,3,7,Hansford County               ,0,0,0,0,0,0,0,0,0,0,0,0,0,0,0,0,0,0,0,0,0,0,0,0
201908,48,201,3,7,Harris County                 ,1599,1599,329974118,13,26,2321672,0,0,0,24,804,108633010,1593,1593,322906832,13,26,2321672,0,0,0,24,804,108633010
201908,48,211,3,7,Hemphill County               ,0,0,0,0,0,0,0,0,0,0,0,0,0,0,0,0,0,0,0,0,0,0,0,0
201908,48,215,3,7,Hidalgo County                ,352,352,69255128,27,54,2703650,11,44,2987089,8,172,12620288,328,328,67104506,26,52,2553650,11,44,2987089,8,172,12620288
201908,48,233,3,7,Hutchinson County             ,0,0,0,0,0,0,0,0,0,0,0,0,0,0,0,0,0,0,0,0,0,0,0,0
201908,48,251,3,7,Johnson County                ,76,76,15291584,17,34,3802601,0,0,0,9,293,32887785,70,70,14261599,17,34,3802601,0,0,0,9,293,32887785
201908,48,257,3,7,Kaufman County                ,46,46,10363669,0,0,0,1,3,135000,0,0,0,38,38,8840984,0,0,0,0,0,0,0,0,0
201908,48,259,3,7,Kendall County                ,29,29,7543432,0,0,0,0,0,0,0,0,0,0,0,0,0,0,0,0,0,0,0,0,0
201908,48,271,3,7,Kinney County                 ,0,0,0,0,0,0,0,0,0,0,0,0,0,0,0,0,0,0,0,0,0,0,0,0
201908,48,281,3,7,Lampasas County               ,6,6,800000,0,0,0,0,0,0,0,0,0,6,6,800000,0,0,0,0,0,0,0,0,0
201908,48,291,3,7,Liberty County                ,67,67,7954363,0,0,0,0,0,0,0,0,0,58,58,6386193,0,0,0,0,0,0,0,0,0
201908,48,303,3,7,Lubbock County                ,132,132,31310093,0,0,0,0,0,0,0,0,0,8,8,3325217,0,0,0,0,0,0,0,0,0
201908,48,323,3,7,Maverick County               ,3,3,592705,0,0,0,0,0,0,0,0,0,3,3,592705,0,0,0,0,0,0,0,0,0
201908,48,325,3,7,Medina County                 ,3,3,647928,0,0,0,0,0,0,0,0,0,3,3,647928,0,0,0,0,0,0,0,0,0
201908,48,329,3,7,Midland County                ,85,85,12768400,0,0,0,0,0,0,0,0,0,85,85,12768400,0,0,0,0,0,0,0,0,0
201908,48,339,3,7,Montgomery County             ,607,607,134548332,0,0,0,0,0,0,2,275,3284039,597,597,132313856,0,0,0,0,0,0,1,264,2080782
201908,48,367,3,7,Parker County                 ,37,37,8067108,0,0,0,0,0,0,1,32,2785785,13,13,3547044,0,0,0,0,0,0,0,0,0
201908,48,375,3,7,Potter County                 ,26,26,6173874,1,2,223682,0,0,0,0,0,0,26,26,6173874,1,2,223682,0,0,0,0,0,0
201908,48,383,3,7,Reagan County                 ,0,0,0,0,0,0,0,0,0,0,0,0,0,0,0,0,0,0,0,0,0,0,0,0
201908,48,385,3,7,Real County                   ,0,0,0,0,0,0,0,0,0,0,0,0,0,0,0,0,0,0,0,0,0,0,0,0
201908,48,395,3,7,Robertson County              ,8,8,1551081,0,0,0,0,0,0,0,0,0,0,0,0,0,0,0,0,0,0,0,0,0
201908,48,397,3,7,Rockwall County               ,102,102,33219325,0,0,0,0,0,0,0,0,0,89,89,26036715,0,0,0,0,0,0,0,0,0
201908,48,407,3,7,San Jacinto County            ,39,39,8606848,0,0,0,0,0,0,0,0,0,0,0,0,0,0,0,0,0,0,0,0,0
201908,48,411,3,7,San Saba County               ,0,0,0,0,0,0,0,0,0,0,0,0,0,0,0,0,0,0,0,0,0,0,0,0
201908,48,451,3,7,Tom Green County              ,31,31,6351825,0,0,0,0,0,0,0,0,0,31,31,6351825,0,0,0,0,0,0,0,0,0
201908,48,453,3,7,Travis County                 ,1027,1027,219931014,17,34,4593296,0,0,0,36,1649,140969712,994,994,213490107,15,30,4247020,0,0,0,36,1649,140969712
201908,48,473,3,7,Waller County                 ,1,1,117000,0,0,0,0,0,0,2,10,221806,1,1,117000,0,0,0,0,0,0,0,0,0
201908,48,491,3,7,Williamson County             ,481,481,102460527,2,4,260000,0,0,0,0,0,0,455,455,96540343,2,4,260000,0,0,0,0,0,0
201908,48,493,3,7,Wilson County                 ,5,5,1014706,0,0,0,0,0,0,0,0,0,0,0,0,0,0,0,0,0,0,0,0,0
201908,48,497,3,7,Wise County                   ,9,9,1717913,0,0,0,0,0,0,0,0,0,9,9,1717913,0,0,0,0,0,0,0,0,0
201908,49,011,4,8,Davis County                  ,147,147,42665486,0,0,0,1,3,469047,3,16,2124927,132,132,37853220,0,0,0,0,0,0,0,0,0
201908,49,023,4,8,Juab County                   ,4,4,1320476,0,0,0,0,0,0,0,0,0,3,3,1050683,0,0,0,0,0,0,0,0,0
201908,49,029,4,8,Morgan County                 ,7,7,2840282,0,0,0,0,0,0,0,0,0,5,5,2348242,0,0,0,0,0,0,0,0,0
201908,49,035,4,8,Salt Lake County              ,328,328,87636246,14,28,4925633,4,15,2213096,20,639,107125762,245,245,65855727,12,24,4362690,1,4,949924,17,607,102351539
201908,49,039,4,8,Sanpete County                ,7,7,969606,0,0,0,0,0,0,0,0,0,7,7,969606,0,0,0,0,0,0,0,0,0
201908,49,043,4,8,Summit County                 ,24,24,11950638,0,0,0,1,3,841530,2,10,3040752,1,1,203438,0,0,0,0,0,0,0,0,0
201908,49,057,4,8,Weber County                  ,90,90,24041862,0,0,0,4,16,1600000,10,85,8819501,83,83,22103691,0,0,0,4,16,1600000,10,85,8819501
201908,51,003,3,5,Albemarle County              ,60,60,17057310,0,0,0,0,0,0,2,51,4540616,0,0,0,0,0,0,0,0,0,0,0,0
201908,51,007,3,5,Amelia County                 ,5,5,851336,0,0,0,0,0,0,0,0,0,0,0,0,0,0,0,0,0,0,0,0,0
201908,51,009,3,5,Amherst County                ,6,6,1604000,0,0,0,0,0,0,0,0,0,6,6,1604000,0,0,0,0,0,0,0,0,0
201908,51,013,3,5,Arlington County              ,9,9,3758000,0,0,0,0,0,0,0,0,0,9,9,3758000,0,0,0,0,0,0,0,0,0
201908,51,015,3,5,Augusta County                ,13,13,3460000,0,0,0,0,0,0,1,48,5900000,13,13,3460000,0,0,0,0,0,0,1,48,5900000
201908,51,019,3,5,Bedford County                ,2,2,406580,0,0,0,0,0,0,1,5,322222,0,0,0,0,0,0,0,0,0,0,0,0
201908,51,033,3,5,Caroline County               ,15,15,3293025,0,0,0,0,0,0,0,0,0,15,15,3293025,0,0,0,0,0,0,0,0,0
201908,51,036,3,5,Charles City County           ,2,2,327921,0,0,0,0,0,0,0,0,0,0,0,0,0,0,0,0,0,0,0,0,0
201908,51,037,3,5,Charlotte County              ,3,3,609748,0,0,0,0,0,0,0,0,0,0,0,0,0,0,0,0,0,0,0,0,0
201908,51,041,3,5,Chesterfield County           ,128,128,26226892,0,0,0,3,12,1372033,18,536,41363676,128,128,26226892,0,0,0,3,12,1372033,18,536,41363676
201908,51,043,3,5,Clarke County                 ,5,5,1303570,0,0,0,0,0,0,0,0,0,5,5,1303570,0,0,0,0,0,0,0,0,0
201908,51,049,3,5,Cumberland County             ,2,2,560000,0,0,0,0,0,0,0,0,0,2,2,560000,0,0,0,0,0,0,0,0,0
201908,51,051,3,5,Dickenson County              ,0,0,0,0,0,0,0,0,0,0,0,0,0,0,0,0,0,0,0,0,0,0,0,0
201908,51,053,3,5,Dinwiddie County              ,7,7,1078451,0,0,0,0,0,0,0,0,0,0,0,0,0,0,0,0,0,0,0,0,0
201908,51,059,3,5,Fairfax County                ,97,97,23338387,0,0,0,0,0,0,0,0,0,97,97,23338387,0,0,0,0,0,0,0,0,0
201908,51,061,3,5,Fauquier County               ,25,25,9651424,0,0,0,0,0,0,0,0,0,25,25,9651424,0,0,0,0,0,0,0,0,0
201908,51,069,3,5,Frederick County              ,84,84,16255020,0,0,0,0,0,0,0,0,0,84,84,16255020,0,0,0,0,0,0,0,0,0
201908,51,073,3,5,Gloucester County             ,9,9,2030750,0,0,0,0,0,0,0,0,0,9,9,2030750,0,0,0,0,0,0,0,0,0
201908,51,075,3,5,Goochland County              ,13,13,3011844,0,0,0,0,0,0,0,0,0,13,13,3011844,0,0,0,0,0,0,0,0,0
201908,51,085,3,5,Hanover County                ,46,46,9425289,0,0,0,0,0,0,0,0,0,46,46,9425289,0,0,0,0,0,0,0,0,0
201908,51,087,3,5,Henrico County                ,102,102,17923877,0,0,0,0,0,0,0,0,0,102,102,17923877,0,0,0,0,0,0,0,0,0
201908,51,093,3,5,Isle of Wight County          ,17,17,3471544,0,0,0,0,0,0,0,0,0,0,0,0,0,0,0,0,0,0,0,0,0
201908,51,095,3,5,James City County             ,22,22,6514242,0,0,0,2,7,1139199,0,0,0,22,22,6514242,0,0,0,2,7,1139199,0,0,0
201908,51,097,3,5,King and Queen County         ,4,4,736050,0,0,0,0,0,0,0,0,0,4,4,736050,0,0,0,0,0,0,0,0,0
201908,51,099,3,5,King George County            ,21,21,4302849,0,0,0,0,0,0,0,0,0,21,21,4302849,0,0,0,0,0,0,0,0,0
201908,51,107,3,5,Loudoun County                ,161,161,38230529,0,0,0,0,0,0,2,28,313000,161,161,38230529,0,0,0,0,0,0,2,28,313000
201908,51,109,3,5,Louisa County                 ,29,29,6278520,0,0,0,0,0,0,0,0,0,0,0,0,0,0,0,0,0,0,0,0,0
201908,51,115,3,5,Mathews County                ,0,0,0,0,0,0,0,0,0,0,0,0,0,0,0,0,0,0,0,0,0,0,0,0
201908,51,127,3,5,New Kent County               ,10,10,2048976,0,0,0,0,0,0,0,0,0,10,10,2048976,0,0,0,0,0,0,0,0,0
201908,51,139,3,5,Page County                   ,11,11,1182900,0,0,0,0,0,0,0,0,0,11,11,1182900,0,0,0,0,0,0,0,0,0
201908,51,145,3,5,Powhatan County               ,26,26,6272440,0,0,0,0,0,0,0,0,0,26,26,6272440,0,0,0,0,0,0,0,0,0
201908,51,149,3,5,Prince George County          ,11,11,1567785,0,0,0,0,0,0,0,0,0,11,11,1567785,0,0,0,0,0,0,0,0,0
201908,51,153,3,5,Prince William County         ,124,124,21373110,0,0,0,0,0,0,3,121,13602270,124,124,21373110,0,0,0,0,0,0,2,96,10763782
201908,51,165,3,5,Rockingham County             ,24,24,6726120,0,0,0,0,0,0,0,0,0,24,24,6726120,0,0,0,0,0,0,0,0,0
201908,51,175,3,5,Southampton County            ,5,5,806386,0,0,0,0,0,0,0,0,0,0,0,0,0,0,0,0,0,0,0,0,0
201908,51,177,3,5,Spotsylvania County           ,61,61,16108836,0,0,0,0,0,0,3,104,12265064,0,0,0,0,0,0,0,0,0,0,0,0
201908,51,179,3,5,Stafford County               ,68,68,18156659,0,0,0,0,0,0,0,0,0,68,68,18156659,0,0,0,0,0,0,0,0,0
201908,51,181,3,5,Surry County                  ,4,4,719000,0,0,0,0,0,0,0,0,0,4,4,719000,0,0,0,0,0,0,0,0,0
201908,51,183,3,5,Sussex County                 ,6,6,507156,0,0,0,0,0,0,0,0,0,6,6,507156,0,0,0,0,0,0,0,0,0
201908,51,187,3,5,Warren County                 ,16,16,3822000,0,0,0,0,0,0,0,0,0,16,16,3822000,0,0,0,0,0,0,0,0,0
201908,51,199,3,5,York County                   ,21,21,4986591,0,0,0,0,0,0,0,0,0,21,21,4986591,0,0,0,0,0,0,0,0,0
201908,51,510,3,5,Alexandria (Independent City) ,11,11,3646050,0,0,0,0,0,0,0,0,0,11,11,3646050,0,0,0,0,0,0,0,0,0
201908,51,540,3,5,Charlottesville (Independent C,6,6,2024323,0,0,0,0,0,0,1,12,2566316,0,0,0,0,0,0,0,0,0,0,0,0
201908,51,550,3,5,Chesapeake(Independent City)  ,150,150,37876441,0,0,0,0,0,0,0,0,0,150,150,37876441,0,0,0,0,0,0,0,0,0
201908,51,570,3,5,Colonial Heights (Independent ,0,0,0,0,0,0,0,0,0,0,0,0,0,0,0,0,0,0,0,0,0,0,0,0
201908,51,580,3,5,Covington (Independent City)  ,1,1,220000,0,0,0,0,0,0,0,0,0,1,1,220000,0,0,0,0,0,0,0,0,0
201908,51,600,3,5,Fairfax (Independent City)    ,0,0,0,0,0,0,0,0,0,0,0,0,0,0,0,0,0,0,0,0,0,0,0,0
201908,51,610,3,5,Falls Church (Independent City,2,2,1100000,0,0,0,0,0,0,0,0,0,2,2,1100000,0,0,0,0,0,0,0,0,0
201908,51,630,3,5,Fredericksburg(Independent Cit,8,8,1270000,0,0,0,0,0,0,0,0,0,8,8,1270000,0,0,0,0,0,0,0,0,0
201908,51,650,3,5,Hampton (Independent City)    ,17,17,1059464,0,0,0,0,0,0,0,0,0,0,0,0,0,0,0,0,0,0,0,0,0
201908,51,660,3,5,Harrisonburg (Independent City,1,1,304295,0,0,0,0,0,0,0,0,0,1,1,304295,0,0,0,0,0,0,0,0,0
201908,51,670,3,5,Hopewell (Independent City)   ,5,5,506395,0,0,0,0,0,0,1,8,689432,0,0,0,0,0,0,0,0,0,0,0,0
201908,51,680,3,5,Lynchburg (Independent City)  ,4,4,509966,0,0,0,0,0,0,3,30,3750000,4,4,509966,0,0,0,0,0,0,3,30,3750000
201908,51,683,3,5,Manassas (Independent City)   ,7,7,1641361,1,2,242983,0,0,0,0,0,0,0,0,0,0,0,0,0,0,0,0,0,0
201908,51,685,3,5,Manassas Park (Independent Cit,0,0,0,0,0,0,0,0,0,0,0,0,0,0,0,0,0,0,0,0,0,0,0,0
201908,51,700,3,5,Newport News (Independent City,7,7,900350,0,0,0,0,0,0,0,0,0,7,7,900350,0,0,0,0,0,0,0,0,0
201908,51,710,3,5,Norfolk (Independent City)    ,30,30,4778670,0,0,0,0,0,0,1,30,2648111,0,0,0,0,0,0,0,0,0,0,0,0
201908,51,730,3,5,Petersburg (Independent City) ,0,0,0,0,0,0,0,0,0,0,0,0,0,0,0,0,0,0,0,0,0,0,0,0
201908,51,735,3,5,Poquoson (Independent City)   ,0,0,0,0,0,0,0,0,0,0,0,0,0,0,0,0,0,0,0,0,0,0,0,0
201908,51,740,3,5,Portsmouth (Independent City) ,5,5,467000,0,0,0,0,0,0,0,0,0,5,5,467000,0,0,0,0,0,0,0,0,0
201908,51,760,3,5,Richmond (Independent City)   ,49,49,10039982,0,0,0,0,0,0,9,345,19169035,49,49,10039982,0,0,0,0,0,0,9,345,19169035
201908,51,800,3,5,Suffolk (Independent City)    ,62,62,14722316,0,0,0,0,0,0,0,0,0,62,62,14722316,0,0,0,0,0,0,0,0,0
201908,51,810,3,5,Virginia Beach (Independent Ci,90,90,11658428,0,0,0,0,0,0,0,0,0,90,90,11658428,0,0,0,0,0,0,0,0,0
201908,51,830,3,5,Williamsburg (Independent City,6,6,900000,0,0,0,0,0,0,0,0,0,6,6,900000,0,0,0,0,0,0,0,0,0
201908,53,005,4,9,Benton County                 ,115,115,32338611,1,2,241985,0,0,0,0,0,0,115,115,32338611,1,2,241985,0,0,0,0,0,0
201908,53,011,4,9,Clark County                  ,284,284,81704439,0,0,0,0,0,0,7,253,27822585,125,125,33443671,0,0,0,0,0,0,7,253,27822585
201908,53,021,4,9,Franklin County               ,48,48,12734448,0,0,0,0,0,0,0,0,0,6,6,1636121,0,0,0,0,0,0,0,0,0
201908,53,031,4,9,Jefferson County              ,15,15,3713950,0,0,0,0,0,0,0,0,0,4,4,906384,0,0,0,0,0,0,0,0,0
201908,53,033,4,9,King County                   ,332,332,133840311,16,32,7261202,17,59,11760968,37,830,86676645,260,260,101739154,16,32,7261202,17,59,11760968,34,621,69192725
201908,53,035,4,9,Kitsap County                 ,84,84,25486251,1,2,400878,0,0,0,1,56,3360056,84,84,25486251,1,2,400878,0,0,0,1,56,3360056
201908,53,053,4,9,Pierce County                 ,228,228,66982130,0,0,0,0,0,0,10,203,22444510,225,225,66001832,0,0,0,0,0,0,9,194,21616576
201908,53,055,4,9,San Juan County               ,13,13,2709974,0,0,0,0,0,0,0,0,0,0,0,0,0,0,0,0,0,0,0,0,0
201908,53,059,4,9,Skamania County               ,14,14,3159203,0,0,0,0,0,0,0,0,0,14,14,3159203,0,0,0,0,0,0,0,0,0
201908,53,061,4,9,Snohomish County              ,217,217,69593431,0,0,0,0,0,0,3,64,6657519,200,200,64693925,0,0,0,0,0,0,1,32,3220000
201908,54,011,3,5,Cabell County                 ,5,5,878716,0,0,0,0,0,0,0,0,0,0,0,0,0,0,0,0,0,0,0,0,0
201908,54,015,3,5,Clay County                   ,2,2,50000,0,0,0,0,0,0,0,0,0,0,0,0,0,0,0,0,0,0,0,0,0
201908,54,019,3,5,Fayette County                ,5,5,203000,0,0,0,0,0,0,0,0,0,5,5,203000,0,0,0,0,0,0,0,0,0
201908,54,037,3,5,Jefferson County              ,15,15,5420929,0,0,0,0,0,0,0,0,0,15,15,5420929,0,0,0,0,0,0,0,0,0
201908,54,081,3,5,Raleigh County                ,6,6,619800,0,0,0,0,0,0,0,0,0,6,6,619800,0,0,0,0,0,0,0,0,0
201908,55,025,2,3,Dane County                   ,102,102,32506509,0,0,0,1,3,447000,5,269,49677310,82,82,26780626,0,0,0,0,0,0,3,215,44900000
201908,55,031,2,3,Douglas County                ,5,5,940192,1,2,390971,0,0,0,0,0,0,5,5,940192,1,2,390971,0,0,0,0,0,0
201908,55,037,2,3,Florence County               ,3,3,596000,0,0,0,0,0,0,0,0,0,3,3,596000,0,0,0,0,0,0,0,0,0
201908,55,049,2,3,Iowa County                   ,7,7,1762000,0,0,0,0,0,0,0,0,0,7,7,1762000,0,0,0,0,0,0,0,0,0
201908,55,059,2,3,Kenosha County                ,25,25,9604927,0,0,0,0,0,0,1,7,560000,20,20,8204134,0,0,0,0,0,0,0,0,0
201908,55,079,2,3,Milwaukee County              ,17,17,6695752,1,2,408625,0,0,0,0,0,0,17,17,6695752,0,0,0,0,0,0,0,0,0
201908,55,089,2,3,Ozaukee County                ,24,24,8359028,0,0,0,0,0,0,0,0,0,14,14,3849277,0,0,0,0,0,0,0,0,0
201908,55,093,2,3,Pierce County                 ,11,11,2705000,0,0,0,0,0,0,0,0,0,11,11,2705000,0,0,0,0,0,0,0,0,0
201908,55,109,2,3,St. Croix County              ,56,56,12817785,0,0,0,0,0,0,0,0,0,56,56,12817785,0,0,0,0,0,0,0,0,0
201908,55,131,2,3,Washington County             ,28,28,8510409,4,8,1417500,0,0,0,0,0,0,9,9,3175183,3,6,975000,0,0,0,0,0,0
201908,56,029,4,8,Park County                   ,11,11,2701717,0,0,0,0,0,0,0,0,0,10,10,2529509,0,0,0,0,0,0,0,0,0
201908,56,039,4,8,Teton County                  ,10,10,13944921,0,0,0,0,0,0,1,5,1040398,7,7,12366900,0,0,0,0,0,0,0,0,0
