Survey,FIPS,FIPS,Region,Division,County,,1-unit,,,2-units,,,3-4 units,,,5+ units,,,1-unit rep,,,2-units rep,,,3-4 units rep,,, 5+units rep
Date,State,County,Code,Code,Name,Bldgs,Units,Value,Bldgs,Units,Value,Bldgs,Units,Value,Bldgs,Units,Value,Bldgs,Units,Value,Bldgs,Units,Value,Bldgs,Units,Value,Bldgs,Units,Value
 
201910,01,001,3,6,Autauga County                ,18,18,5279081,0,0,0,0,0,0,0,0,0,18,18,5279081,0,0,0,0,0,0,0,0,0
201910,01,007,3,6,Bibb County                   ,0,0,0,0,0,0,0,0,0,0,0,0,0,0,0,0,0,0,0,0,0,0,0,0
201910,01,009,3,6,Blount County                 ,2,2,350000,0,0,0,0,0,0,0,0,0,2,2,350000,0,0,0,0,0,0,0,0,0
201910,01,021,3,6,Chilton County                ,2,2,257000,0,0,0,0,0,0,0,0,0,2,2,257000,0,0,0,0,0,0,0,0,0
201910,01,073,3,6,Jefferson County              ,136,136,40808587,2,4,494658,0,0,0,2,18,1815115,101,101,26200184,0,0,0,0,0,0,0,0,0
201910,01,081,3,6,Lee County                    ,86,86,24494979,0,0,0,0,0,0,2,10,5728382,62,62,18733185,0,0,0,0,0,0,2,10,5728382
201910,01,083,3,6,Limestone County              ,34,34,8073528,0,0,0,0,0,0,0,0,0,34,34,8073528,0,0,0,0,0,0,0,0,0
201910,01,089,3,6,Madison County                ,289,289,48083409,0,0,0,0,0,0,0,0,0,274,274,44546238,0,0,0,0,0,0,0,0,0
201910,01,113,3,6,Russell County                ,12,12,1601616,0,0,0,0,0,0,0,0,0,3,3,342839,0,0,0,0,0,0,0,0,0
201910,01,115,3,6,St. Clair County              ,13,13,2617912,0,0,0,0,0,0,0,0,0,4,4,1068532,0,0,0,0,0,0,0,0,0
201910,01,117,3,6,Shelby County                 ,89,89,20814169,0,0,0,0,0,0,0,0,0,26,26,5255628,0,0,0,0,0,0,0,0,0
201910,01,127,3,6,Walker County                 ,10,10,2048976,0,0,0,0,0,0,0,0,0,10,10,2048976,0,0,0,0,0,0,0,0,0
201910,02,013,4,9,Aleutians East Borough        ,0,0,0,0,0,0,0,0,0,0,0,0,0,0,0,0,0,0,0,0,0,0,0,0
201910,02,016,4,9,Aleutians West Census Area    ,0,0,0,0,0,0,0,0,0,0,0,0,0,0,0,0,0,0,0,0,0,0,0,0
201910,02,020,4,9,Anchorage Municipality        ,77,77,24121764,0,0,0,1,4,694790,2,17,2687625,0,0,0,0,0,0,0,0,0,0,0,0
201910,02,050,4,9,Bethel Census Area            ,0,0,0,0,0,0,0,0,0,0,0,0,0,0,0,0,0,0,0,0,0,0,0,0
201910,02,060,4,9,Bristol Bay Borough           ,1,1,350000,0,0,0,0,0,0,0,0,0,1,1,350000,0,0,0,0,0,0,0,0,0
201910,02,070,4,9,Dillingham Census Area        ,0,0,0,0,0,0,0,0,0,0,0,0,0,0,0,0,0,0,0,0,0,0,0,0
201910,02,090,4,9,Fairbanks North Star Borough  ,0,0,0,0,0,0,0,0,0,0,0,0,0,0,0,0,0,0,0,0,0,0,0,0
201910,02,100,4,9,Haines Borough                ,1,1,160842,0,0,0,0,0,0,0,0,0,0,0,0,0,0,0,0,0,0,0,0,0
201910,02,105,4,9,Hoonah-Angoon Census Area     ,0,0,0,0,0,0,0,0,0,0,0,0,0,0,0,0,0,0,0,0,0,0,0,0
201910,02,110,4,9,Juneau City and Borough       ,4,4,692194,0,0,0,0,0,0,0,0,0,4,4,692194,0,0,0,0,0,0,0,0,0
201910,02,122,4,9,Kenai Peninsula Borough       ,8,8,1657112,1,2,300000,0,0,0,0,0,0,0,0,0,1,2,300000,0,0,0,0,0,0
201910,02,130,4,9,Ketchikan Gateway Borough     ,5,5,1414175,0,0,0,0,0,0,0,0,0,5,5,1414175,0,0,0,0,0,0,0,0,0
201910,02,150,4,9,Kodiak Island Borough         ,1,1,262406,0,0,0,0,0,0,0,0,0,1,1,262406,0,0,0,0,0,0,0,0,0
201910,02,170,4,9,Matanuska-Susitna Borough     ,2,2,388559,0,0,0,0,0,0,0,0,0,2,2,388559,0,0,0,0,0,0,0,0,0
201910,02,180,4,9,Nome Census Area              ,0,0,0,0,0,0,0,0,0,0,0,0,0,0,0,0,0,0,0,0,0,0,0,0
201910,02,185,4,9,North Slope Borough           ,0,0,0,0,0,0,0,0,0,0,0,0,0,0,0,0,0,0,0,0,0,0,0,0
201910,02,188,4,9,Northwest Arctic Borough      ,1,1,660000,0,0,0,0,0,0,0,0,0,0,0,0,0,0,0,0,0,0,0,0,0
201910,02,195,4,9,Petersburg Borough            ,1,1,100000,0,0,0,0,0,0,0,0,0,1,1,100000,0,0,0,0,0,0,0,0,0
201910,02,198,4,9,Prince of Wales-Hyder Census A,0,0,0,0,0,0,0,0,0,0,0,0,0,0,0,0,0,0,0,0,0,0,0,0
201910,02,220,4,9,Sitka City and Borough        ,1,1,264847,1,2,306156,0,0,0,0,0,0,0,0,0,0,0,0,0,0,0,0,0,0
201910,02,230,4,9,Skagway Municipality          ,0,0,0,0,0,0,0,0,0,0,0,0,0,0,0,0,0,0,0,0,0,0,0,0
201910,02,261,4,9,Valdez-Cordova Census Area    ,1,1,300000,0,0,0,0,0,0,0,0,0,1,1,300000,0,0,0,0,0,0,0,0,0
201910,02,275,4,9,Wrangell City and Borough     ,0,0,0,0,0,0,0,0,0,0,0,0,0,0,0,0,0,0,0,0,0,0,0,0
201910,02,282,4,9,Yakutat City and Borough      ,2,2,333846,0,0,0,0,0,0,0,0,0,0,0,0,0,0,0,0,0,0,0,0,0
201910,02,290,4,9,Yukon-Koyukuk Census Area     ,0,0,0,0,0,0,0,0,0,0,0,0,0,0,0,0,0,0,0,0,0,0,0,0
201910,04,013,4,8,Maricopa County               ,1785,1785,524621266,8,16,3479057,4,13,2050582,19,673,121571817,1538,1538,454006429,8,16,3479057,4,13,2050582,16,478,88039248
201910,04,019,4,8,Pima County                   ,300,300,89746741,1,2,298716,0,0,0,3,87,13362202,239,239,74685168,0,0,0,0,0,0,0,0,0
201910,04,021,4,8,Pinal County                  ,537,537,107699595,1,2,229873,0,0,0,1,36,3500000,525,525,105331493,1,2,229873,0,0,0,1,36,3500000
201910,05,013,3,7,Calhoun County                ,0,0,0,0,0,0,0,0,0,0,0,0,0,0,0,0,0,0,0,0,0,0,0,0
201910,05,035,3,7,Crittenden County             ,9,9,1780113,0,0,0,0,0,0,0,0,0,9,9,1780113,0,0,0,0,0,0,0,0,0
201910,05,043,3,7,Drew County                   ,2,2,208000,0,0,0,0,0,0,0,0,0,2,2,208000,0,0,0,0,0,0,0,0,0
201910,05,045,3,7,Faulkner County               ,24,24,5339349,2,4,303581,0,0,0,1,11,309252,4,4,688000,0,0,0,0,0,0,0,0,0
201910,05,053,3,7,Grant County                  ,3,3,467276,0,0,0,0,0,0,0,0,0,0,0,0,0,0,0,0,0,0,0,0,0
201910,05,085,3,7,Lonoke County                 ,34,34,4941363,0,0,0,0,0,0,0,0,0,20,20,3735937,0,0,0,0,0,0,0,0,0
201910,05,087,3,7,Madison County                ,0,0,0,0,0,0,0,0,0,0,0,0,0,0,0,0,0,0,0,0,0,0,0,0
201910,05,091,3,7,Miller County                 ,2,2,430470,0,0,0,0,0,0,0,0,0,0,0,0,0,0,0,0,0,0,0,0,0
201910,05,105,3,7,Perry County                  ,0,0,0,0,0,0,0,0,0,0,0,0,0,0,0,0,0,0,0,0,0,0,0,0
201910,05,119,3,7,Pulaski County                ,59,59,12915440,0,0,0,0,0,0,1,63,6000000,59,59,12915440,0,0,0,0,0,0,1,63,6000000
201910,05,129,3,7,Searcy County                 ,0,0,0,0,0,0,0,0,0,0,0,0,0,0,0,0,0,0,0,0,0,0,0,0
201910,05,143,3,7,Washington County             ,139,139,30424544,7,14,3653060,0,0,0,0,0,0,139,139,30424544,7,14,3653060,0,0,0,0,0,0
201910,06,001,4,9,Alameda County                ,116,116,34350240,9,18,4573375,6,20,6043243,10,462,112746789,61,61,16382885,9,18,4573375,3,11,3881890,3,248,63634760
201910,06,013,4,9,Contra Costa County           ,98,98,35736520,0,0,0,0,0,0,0,0,0,76,76,28802505,0,0,0,0,0,0,0,0,0
201910,06,017,4,9,El Dorado County              ,71,71,22925713,1,2,275000,0,0,0,0,0,0,71,71,22925713,1,2,275000,0,0,0,0,0,0
201910,06,019,4,9,Fresno County                 ,168,168,69264326,24,48,7422933,1,4,565040,20,136,20393666,154,154,66702100,22,44,7010243,1,4,565040,19,130,19594500
201910,06,037,4,9,Los Angeles County            ,526,526,212160938,84,168,31491210,8,30,6203873,43,1148,193862354,454,454,175361009,83,166,31121037,8,30,6203873,34,1074,182964988
201910,06,041,4,9,Marin County                  ,9,9,7400735,1,2,1531250,0,0,0,0,0,0,6,6,4134000,0,0,0,0,0,0,0,0,0
201910,06,059,4,9,Orange County                 ,310,310,93306578,12,24,7209720,5,18,4207604,6,411,51040362,255,255,66774346,10,20,5876363,3,12,2870638,4,377,43786089
201910,06,061,4,9,Placer County                 ,270,270,85641904,0,0,0,0,0,0,0,0,0,270,270,85641904,0,0,0,0,0,0,0,0,0
201910,06,063,4,9,Plumas County                 ,2,2,343450,0,0,0,0,0,0,0,0,0,2,2,343450,0,0,0,0,0,0,0,0,0
201910,06,067,4,9,Sacramento County             ,416,416,119900095,10,20,3438194,1,4,671882,12,584,102776726,416,416,119900095,10,20,3438194,1,4,671882,12,584,102776726
201910,06,069,4,9,San Benito County             ,112,112,34401882,0,0,0,0,0,0,0,0,0,73,73,21090447,0,0,0,0,0,0,0,0,0
201910,06,071,4,9,San Bernardino County         ,428,428,100461895,0,0,0,2,8,1412783,5,42,5125349,406,406,96069922,0,0,0,2,8,1412783,2,18,3131006
201910,06,073,4,9,San Diego County              ,310,310,96350652,5,10,2905296,8,26,4428841,14,289,43086436,286,286,91419005,5,10,2905296,6,20,3462539,11,230,34565507
201910,06,075,4,9,San Francisco County          ,1,1,277935,2,4,1212724,4,13,2650000,2,304,85000000,1,1,277935,2,4,1212724,4,13,2650000,2,304,85000000
201910,06,081,4,9,San Mateo County              ,26,26,23356132,0,0,0,0,0,0,5,234,53637641,12,12,16682035,0,0,0,0,0,0,1,172,41164326
201910,06,085,4,9,Santa Clara County            ,163,163,58637420,4,8,2327027,3,9,2418613,17,560,133521448,140,140,49990583,4,8,2327027,3,9,2418613,15,421,101311644
201910,06,091,4,9,Sierra County                 ,0,0,0,0,0,0,0,0,0,0,0,0,0,0,0,0,0,0,0,0,0,0,0,0
201910,06,113,4,9,Yolo County                   ,32,32,10311764,0,0,0,0,0,0,0,0,0,32,32,10311764,0,0,0,0,0,0,0,0,0
201910,08,001,4,8,Adams County                  ,144,144,41596735,0,0,0,0,0,0,4,258,30404420,110,110,33612921,0,0,0,0,0,0,3,242,28772039
201910,08,005,4,8,Arapahoe County               ,220,220,60573070,0,0,0,2,7,1751836,4,383,67120256,219,219,60347418,0,0,0,2,7,1751836,4,383,67120256
201910,08,014,4,8,Broomfield County             ,38,38,14616483,0,0,0,0,0,0,0,0,0,38,38,14616483,0,0,0,0,0,0,0,0,0
201910,08,015,4,8,Chaffee County                ,22,22,4871553,0,0,0,0,0,0,0,0,0,22,22,4871553,0,0,0,0,0,0,0,0,0
201910,08,019,4,8,Clear Creek County            ,2,2,519117,0,0,0,0,0,0,1,5,727085,0,0,0,0,0,0,0,0,0,0,0,0
201910,08,031,4,8,Denver County                 ,138,138,38355043,0,0,0,0,0,0,2,442,60737000,138,138,38355043,0,0,0,0,0,0,2,442,60737000
201910,08,035,4,8,Douglas County                ,225,225,69657066,0,0,0,0,0,0,3,42,6233732,218,218,67150391,0,0,0,0,0,0,3,42,6233732
201910,08,039,4,8,Elbert County                 ,16,16,4971372,0,0,0,0,0,0,0,0,0,16,16,4971372,0,0,0,0,0,0,0,0,0
201910,08,041,4,8,El Paso County                ,381,381,145449500,0,0,0,0,0,0,0,0,0,381,381,145449500,0,0,0,0,0,0,0,0,0
201910,08,047,4,8,Gilpin County                 ,5,5,1389675,0,0,0,0,0,0,0,0,0,5,5,1389675,0,0,0,0,0,0,0,0,0
201910,08,059,4,8,Jefferson County              ,39,39,15800929,0,0,0,0,0,0,1,326,40279206,37,37,15177620,0,0,0,0,0,0,1,326,40279206
201910,08,069,4,8,Larimer County                ,145,145,40448981,1,2,450000,4,16,1158582,19,149,22862320,145,145,40448981,1,2,450000,4,16,1158582,19,149,22862320
201910,08,077,4,8,Mesa County                   ,55,55,15555920,0,0,0,0,0,0,0,0,0,55,55,15555920,0,0,0,0,0,0,0,0,0
201910,08,093,4,8,Park County                   ,12,12,3344506,0,0,0,0,0,0,0,0,0,12,12,3344506,0,0,0,0,0,0,0,0,0
201910,08,101,4,8,Pueblo County                 ,49,49,7651376,0,0,0,0,0,0,0,0,0,49,49,7651376,0,0,0,0,0,0,0,0,0
201910,08,119,4,8,Teller County                 ,15,15,4404484,0,0,0,0,0,0,0,0,0,15,15,4404484,0,0,0,0,0,0,0,0,0
201910,09,001,1,1,Fairfield County              ,44,44,33439596,1,2,137500,0,0,0,8,866,225872989,18,18,11475456,0,0,0,0,0,0,7,861,222817433
201910,09,003,1,1,Hartford County               ,32,32,7187771,0,0,0,2,8,1013475,5,28,1862541,22,22,5425922,0,0,0,2,8,1013475,0,0,0
201910,09,007,1,1,Middlesex County              ,15,15,4676607,0,0,0,0,0,0,0,0,0,7,7,2587890,0,0,0,0,0,0,0,0,0
201910,09,013,1,1,Tolland County                ,12,12,2704254,0,0,0,0,0,0,4,21,2073217,6,6,1247949,0,0,0,0,0,0,0,0,0
201910,10,001,3,5,Kent County                   ,87,87,12113009,2,4,647758,0,0,0,4,26,2180969,74,74,10603089,2,4,647758,0,0,0,3,21,1696147
201910,10,003,3,5,New Castle County             ,116,116,10952958,0,0,0,0,0,0,1,5,470254,17,17,1867897,0,0,0,0,0,0,0,0,0
201910,10,005,3,5,Sussex County                 ,253,253,35216142,8,16,1650583,2,7,756000,1,5,514537,253,253,35216142,8,16,1650583,2,7,756000,1,5,514537
201910,11,001,3,5,Washington  DC                ,13,13,3086937,0,0,0,0,0,0,7,760,85306200,13,13,3086937,0,0,0,0,0,0,7,760,85306200
201910,12,003,3,5,Baker County                  ,13,13,2096934,0,0,0,0,0,0,0,0,0,13,13,2096934,0,0,0,0,0,0,0,0,0
201910,12,019,3,5,Clay County                   ,93,93,21189454,0,0,0,0,0,0,3,72,6210000,93,93,21189454,0,0,0,0,0,0,3,72,6210000
201910,12,029,3,5,Dixie County                  ,4,4,505294,0,0,0,0,0,0,0,0,0,0,0,0,0,0,0,0,0,0,0,0,0
201910,12,031,3,5,Duval County                  ,332,332,79365860,2,4,447365,2,7,939906,2,22,2469390,323,323,76510271,2,4,447365,2,7,939906,2,22,2469390
201910,12,033,3,5,Escambia County               ,104,104,24695497,20,40,3676025,0,0,0,0,0,0,104,104,24695497,20,40,3676025,0,0,0,0,0,0
201910,12,053,3,5,Hernando County               ,94,94,16422592,0,0,0,1,4,656488,0,0,0,94,94,16422592,0,0,0,1,4,656488,0,0,0
201910,12,057,3,5,Hillsborough County           ,776,776,245063629,1,2,462000,0,0,0,4,579,62402609,776,776,245063629,1,2,462000,0,0,0,4,579,62402609
201910,12,067,3,5,Lafayette County              ,0,0,0,0,0,0,0,0,0,0,0,0,0,0,0,0,0,0,0,0,0,0,0,0
201910,12,071,3,5,Lee County                    ,628,628,140587503,20,40,5224950,9,35,7961787,3,54,9493544,628,628,140587503,20,40,5224950,9,35,7961787,3,54,9493544
201910,12,073,3,5,Leon County                   ,65,65,12759945,1,2,221600,0,0,0,5,124,15579784,0,0,0,0,0,0,0,0,0,0,0,0
201910,12,081,3,5,Manatee County                ,262,262,54868574,0,0,0,0,0,0,2,24,1449280,261,261,54720923,0,0,0,0,0,0,2,24,1449280
201910,12,086,3,5,Miami-Dade County             ,185,185,60189744,17,34,5734101,0,0,0,6,560,70812144,162,162,52829081,17,34,5734101,0,0,0,5,542,68791734
201910,12,089,3,5,Nassau County                 ,72,72,22422155,0,0,0,0,0,0,1,23,2640874,54,54,17792041,0,0,0,0,0,0,0,0,0
201910,12,091,3,5,Okaloosa County               ,72,72,22574045,0,0,0,0,0,0,0,0,0,50,50,15441075,0,0,0,0,0,0,0,0,0
201910,12,095,3,5,Orange County                 ,465,465,126629079,10,20,3111257,1,4,500192,6,749,98171627,440,440,119802068,10,20,3111257,1,4,500192,6,749,98171627
201910,12,097,3,5,Osceola County                ,588,588,149594092,1,2,366788,7,28,6676999,1,24,2912847,588,588,149594092,1,2,366788,7,28,6676999,1,24,2912847
201910,12,101,3,5,Pasco County                  ,329,329,69341893,5,10,1322631,4,15,882128,5,31,1345358,328,328,69247175,4,8,1042631,4,15,882128,4,26,914108
201910,12,103,3,5,Pinellas County               ,73,73,18879239,1,2,368154,0,0,0,7,566,100665726,65,65,16465422,1,2,368154,0,0,0,6,561,98385726
201910,12,109,3,5,St. Johns County              ,388,388,92647570,2,4,698650,1,4,764000,0,0,0,388,388,92647570,2,4,698650,1,4,764000,0,0,0
201910,12,113,3,5,Santa Rosa County             ,194,194,34964857,0,0,0,0,0,0,0,0,0,194,194,34964857,0,0,0,0,0,0,0,0,0
201910,12,115,3,5,Sarasota County               ,327,327,95418051,1,2,1400000,1,3,569101,7,360,37159729,304,304,88493660,1,2,1400000,0,0,0,6,320,31750000
201910,12,117,3,5,Seminole County               ,77,77,26063620,10,20,2639256,0,0,0,3,224,21193104,73,73,24466226,10,20,2639256,0,0,0,3,224,21193104
201910,12,119,3,5,Sumter County                 ,285,285,89610406,0,0,0,0,0,0,0,0,0,285,285,89610406,0,0,0,0,0,0,0,0,0
201910,12,129,3,5,Wakulla County                ,25,25,4570058,0,0,0,0,0,0,0,0,0,25,25,4570058,0,0,0,0,0,0,0,0,0
201910,12,131,3,5,Walton County                 ,127,127,54940864,0,0,0,0,0,0,8,150,18260918,127,127,54940864,0,0,0,0,0,0,8,150,18260918
201910,12,133,3,5,Washington County             ,5,5,640770,0,0,0,0,0,0,0,0,0,0,0,0,0,0,0,0,0,0,0,0,0
201910,13,007,3,5,Baker County                  ,0,0,0,0,0,0,0,0,0,0,0,0,0,0,0,0,0,0,0,0,0,0,0,0
201910,13,013,3,5,Barrow County                 ,66,66,7950250,0,0,0,0,0,0,0,0,0,66,66,7950250,0,0,0,0,0,0,0,0,0
201910,13,015,3,5,Bartow County                 ,65,65,12550900,0,0,0,0,0,0,0,0,0,63,63,11501678,0,0,0,0,0,0,0,0,0
201910,13,021,3,5,Bibb County                   ,14,14,2399451,0,0,0,0,0,0,0,0,0,0,0,0,0,0,0,0,0,0,0,0,0
201910,13,029,3,5,Bryan County                  ,40,40,8127256,0,0,0,0,0,0,0,0,0,40,40,8127256,0,0,0,0,0,0,0,0,0
201910,13,033,3,5,Burke County                  ,5,5,890392,0,0,0,0,0,0,0,0,0,0,0,0,0,0,0,0,0,0,0,0,0
201910,13,035,3,5,Butts County                  ,9,9,2618900,0,0,0,0,0,0,0,0,0,9,9,2618900,0,0,0,0,0,0,0,0,0
201910,13,045,3,5,Carroll County                ,46,46,11425347,0,0,0,0,0,0,0,0,0,46,46,11425347,0,0,0,0,0,0,0,0,0
201910,13,051,3,5,Chatham County                ,92,92,26254151,0,0,0,0,0,0,0,0,0,29,29,12012109,0,0,0,0,0,0,0,0,0
201910,13,057,3,5,Cherokee County               ,194,194,55318774,0,0,0,0,0,0,0,0,0,194,194,55318774,0,0,0,0,0,0,0,0,0
201910,13,059,3,5,Clarke County                 ,120,120,15358653,17,34,4685448,2,8,1230642,44,343,37145460,120,120,15358653,17,34,4685448,2,8,1230642,44,343,37145460
201910,13,063,3,5,Clayton County                ,63,63,12497386,0,0,0,0,0,0,0,0,0,39,39,9260811,0,0,0,0,0,0,0,0,0
201910,13,067,3,5,Cobb County                   ,132,132,33266743,1,2,673721,0,0,0,6,321,48268349,114,114,29929528,1,2,673721,0,0,0,6,321,48268349
201910,13,073,3,5,Columbia County               ,118,118,24134110,0,0,0,1,3,277700,0,0,0,33,33,6486369,0,0,0,1,3,277700,0,0,0
201910,13,077,3,5,Coweta County                 ,102,102,35265102,0,0,0,0,0,0,2,51,4539209,67,67,23397898,0,0,0,0,0,0,0,0,0
201910,13,085,3,5,Dawson County                 ,43,43,7379057,0,0,0,0,0,0,0,0,0,7,7,803208,0,0,0,0,0,0,0,0,0
201910,13,095,3,5,Dougherty County              ,3,3,747021,0,0,0,0,0,0,0,0,0,3,3,747021,0,0,0,0,0,0,0,0,0
201910,13,097,3,5,Douglas County                ,41,41,5342981,0,0,0,0,0,0,0,0,0,41,41,5342981,0,0,0,0,0,0,0,0,0
201910,13,111,3,5,Fannin County                 ,28,28,5458916,0,0,0,0,0,0,1,5,429249,0,0,0,0,0,0,0,0,0,0,0,0
201910,13,113,3,5,Fayette County                ,45,45,14737622,0,0,0,0,0,0,0,0,0,19,19,6984620,0,0,0,0,0,0,0,0,0
201910,13,115,3,5,Floyd County                  ,20,20,3106833,0,0,0,0,0,0,0,0,0,20,20,3106833,0,0,0,0,0,0,0,0,0
201910,13,117,3,5,Forsyth County                ,152,152,26459915,0,0,0,0,0,0,0,0,0,152,152,26459915,0,0,0,0,0,0,0,0,0
201910,13,121,3,5,Fulton County                 ,253,253,64630470,1,2,223682,0,0,0,10,1038,117417887,224,224,59355185,1,2,223682,0,0,0,9,1007,114371549
201910,13,127,3,5,Glynn County                  ,41,41,9669947,0,0,0,0,0,0,0,0,0,41,41,9669947,0,0,0,0,0,0,0,0,0
201910,13,135,3,5,Gwinnett County               ,327,327,78286759,0,0,0,0,0,0,1,49,5359973,314,314,74796893,0,0,0,0,0,0,0,0,0
201910,13,143,3,5,Haralson County               ,4,4,914269,0,0,0,0,0,0,0,0,0,0,0,0,0,0,0,0,0,0,0,0,0
201910,13,145,3,5,Harris County                 ,18,18,4367870,0,0,0,0,0,0,0,0,0,18,18,4367870,0,0,0,0,0,0,0,0,0
201910,13,149,3,5,Heard County                  ,2,2,474913,0,0,0,0,0,0,0,0,0,2,2,474913,0,0,0,0,0,0,0,0,0
201910,13,151,3,5,Henry County                  ,141,141,28830881,0,0,0,0,0,0,0,0,0,141,141,28830881,0,0,0,0,0,0,0,0,0
201910,13,159,3,5,Jasper County                 ,7,7,937818,0,0,0,0,0,0,0,0,0,0,0,0,0,0,0,0,0,0,0,0,0
201910,13,171,3,5,Lamar County                  ,10,10,1574283,0,0,0,0,0,0,0,0,0,10,10,1574283,0,0,0,0,0,0,0,0,0
201910,13,177,3,5,Lee County                    ,11,11,1362434,0,0,0,0,0,0,0,0,0,11,11,1362434,0,0,0,0,0,0,0,0,0
201910,13,179,3,5,Liberty County                ,24,24,5005490,0,0,0,0,0,0,0,0,0,24,24,5005490,0,0,0,0,0,0,0,0,0
201910,13,189,3,5,McDuffie County               ,3,3,568455,0,0,0,0,0,0,0,0,0,0,0,0,0,0,0,0,0,0,0,0,0
201910,13,199,3,5,Meriwether County             ,5,5,1176714,0,0,0,0,0,0,0,0,0,0,0,0,0,0,0,0,0,0,0,0,0
201910,13,201,3,5,Miller County                 ,0,0,0,0,0,0,0,0,0,0,0,0,0,0,0,0,0,0,0,0,0,0,0,0
201910,13,207,3,5,Monroe County                 ,13,13,209531,0,0,0,0,0,0,0,0,0,0,0,0,0,0,0,0,0,0,0,0,0
201910,13,215,3,5,Muscogee County               ,31,31,6029012,0,0,0,1,4,246187,2,16,3005582,0,0,0,0,0,0,0,0,0,0,0,0
201910,13,217,3,5,Newton County                 ,68,68,16029059,0,0,0,0,0,0,0,0,0,68,68,16029059,0,0,0,0,0,0,0,0,0
201910,13,227,3,5,Pickens County                ,9,9,3150000,0,0,0,0,0,0,0,0,0,9,9,3150000,0,0,0,0,0,0,0,0,0
201910,13,231,3,5,Pike County                   ,12,12,2400000,0,0,0,0,0,0,0,0,0,0,0,0,0,0,0,0,0,0,0,0,0
201910,13,235,3,5,Pulaski County                ,1,1,60000,0,0,0,0,0,0,0,0,0,1,1,60000,0,0,0,0,0,0,0,0,0
201910,13,245,3,5,Richmond County               ,32,32,5192938,0,0,0,0,0,0,1,18,1102434,0,0,0,0,0,0,0,0,0,0,0,0
201910,13,247,3,5,Rockdale County               ,16,16,4767351,0,0,0,0,0,0,0,0,0,16,16,4767351,0,0,0,0,0,0,0,0,0
201910,13,255,3,5,Spalding County               ,38,38,5190385,0,0,0,0,0,0,0,0,0,37,37,5111935,0,0,0,0,0,0,0,0,0
201910,13,275,3,5,Thomas County                 ,7,7,1582541,0,0,0,0,0,0,0,0,0,3,3,677045,0,0,0,0,0,0,0,0,0
201910,13,291,3,5,Union County                  ,22,22,5995415,0,0,0,0,0,0,0,0,0,22,22,5995415,0,0,0,0,0,0,0,0,0
201910,15,001,4,9,Hawaii County                 ,94,94,29180467,0,0,0,0,0,0,1,5,329167,0,0,0,0,0,0,0,0,0,0,0,0
201910,15,003,4,9,Honolulu County               ,117,117,47841904,0,0,0,0,0,0,1,408,73625000,117,117,47841904,0,0,0,0,0,0,1,408,73625000
201910,15,007,4,9,Kauai County                  ,26,26,19882893,0,0,0,0,0,0,0,0,0,26,26,19882893,0,0,0,0,0,0,0,0,0
201910,15,009,4,9,Maui County                   ,22,22,8087867,0,0,0,0,0,0,0,0,0,22,22,8087867,0,0,0,0,0,0,0,0,0
201910,16,001,4,8,Ada County                    ,396,396,105973308,2,4,592791,1,4,460580,13,383,55846607,327,327,84993638,1,2,406455,1,4,460580,13,383,55846607
201910,16,015,4,8,Boise County                  ,8,8,2583668,1,2,200000,0,0,0,0,0,0,8,8,2583668,0,0,0,0,0,0,0,0,0
201910,16,027,4,8,Canyon County                 ,220,220,32410650,2,4,341742,2,8,658464,1,24,1862200,218,218,32058770,2,4,341742,2,8,658464,1,24,1862200
201910,16,045,4,8,Gem County                    ,8,8,1117462,0,0,0,0,0,0,0,0,0,6,6,873815,0,0,0,0,0,0,0,0,0
201910,16,073,4,8,Owyhee County                 ,5,5,1068608,0,0,0,0,0,0,0,0,0,4,4,882708,0,0,0,0,0,0,0,0,0
201910,17,005,2,3,Bond County                   ,1,1,176208,0,0,0,0,0,0,0,0,0,0,0,0,0,0,0,0,0,0,0,0,0
201910,17,013,2,3,Calhoun County                ,1,1,151336,0,0,0,0,0,0,0,0,0,0,0,0,0,0,0,0,0,0,0,0,0
201910,17,031,2,3,Cook County                   ,105,105,32223124,29,58,14744724,21,67,15358604,10,297,20333334,81,81,24763870,28,56,14229724,21,67,15358604,9,286,18419710
201910,17,037,2,3,DeKalb County                 ,10,10,1952515,0,0,0,1,4,453500,0,0,0,8,8,1679337,0,0,0,1,4,453500,0,0,0
201910,17,039,2,3,De Witt County                ,1,1,280000,0,0,0,0,0,0,0,0,0,1,1,280000,0,0,0,0,0,0,0,0,0
201910,17,043,2,3,DuPage County                 ,98,98,37977992,0,0,0,0,0,0,0,0,0,90,90,34730399,0,0,0,0,0,0,0,0,0
201910,17,063,2,3,Grundy County                 ,8,8,1406409,0,0,0,0,0,0,2,13,666666,7,7,1245860,0,0,0,0,0,0,0,0,0
201910,17,083,2,3,Jersey County                 ,2,2,362702,0,0,0,0,0,0,0,0,0,1,1,207093,0,0,0,0,0,0,0,0,0
201910,17,093,2,3,Kendall County                ,27,27,4635606,2,4,520977,1,4,581678,1,29,2288929,16,16,2678247,0,0,0,1,4,581678,0,0,0
201910,17,097,2,3,Lake County                   ,54,54,16880181,0,0,0,0,0,0,1,6,1234932,37,37,9984596,0,0,0,0,0,0,0,0,0
201910,17,111,2,3,McHenry County                ,49,49,8709073,0,0,0,0,0,0,1,9,135000,39,39,6997225,0,0,0,0,0,0,0,0,0
201910,17,119,2,3,Madison County                ,35,35,8720115,0,0,0,1,3,327896,0,0,0,27,27,6613848,0,0,0,0,0,0,0,0,0
201910,17,133,2,3,Monroe County                 ,7,7,2628386,0,0,0,0,0,0,0,0,0,7,7,2628386,0,0,0,0,0,0,0,0,0
201910,17,197,2,3,Will County                   ,124,124,34324518,5,10,1127200,0,0,0,0,0,0,111,111,32018080,5,10,1127200,0,0,0,0,0,0
201910,18,003,2,3,Allen County                  ,124,124,33570791,1,2,80000,1,3,286098,7,53,4699930,124,124,33570791,1,2,80000,1,3,286098,7,53,4699930
201910,18,011,2,3,Boone County                  ,46,46,15370536,0,0,0,0,0,0,0,0,0,45,45,15204078,0,0,0,0,0,0,0,0,0
201910,18,013,2,3,Brown County                  ,8,8,2165858,0,0,0,0,0,0,0,0,0,8,8,2165858,0,0,0,0,0,0,0,0,0
201910,18,019,2,3,Clark County                  ,42,42,9365355,0,0,0,0,0,0,0,0,0,35,35,8224589,0,0,0,0,0,0,0,0,0
201910,18,047,2,3,Franklin County               ,8,8,1394000,0,0,0,0,0,0,0,0,0,8,8,1394000,0,0,0,0,0,0,0,0,0
201910,18,057,2,3,Hamilton County               ,207,207,72690476,0,0,0,0,0,0,4,201,22000000,207,207,72690476,0,0,0,0,0,0,4,201,22000000
201910,18,059,2,3,Hancock County                ,55,55,12870494,1,2,50000,0,0,0,0,0,0,55,55,12870494,1,2,50000,0,0,0,0,0,0
201910,18,061,2,3,Harrison County               ,17,17,3571000,0,0,0,0,0,0,0,0,0,17,17,3571000,0,0,0,0,0,0,0,0,0
201910,18,063,2,3,Hendricks County              ,83,83,22593324,0,0,0,0,0,0,0,0,0,75,75,20367421,0,0,0,0,0,0,0,0,0
201910,18,069,2,3,Huntington County             ,8,8,1708025,0,0,0,0,0,0,0,0,0,8,8,1708025,0,0,0,0,0,0,0,0,0
201910,18,073,2,3,Jasper County                 ,15,15,3888448,0,0,0,0,0,0,0,0,0,15,15,3888448,0,0,0,0,0,0,0,0,0
201910,18,081,2,3,Johnson County                ,72,72,21577468,0,0,0,0,0,0,0,0,0,69,69,21230761,0,0,0,0,0,0,0,0,0
201910,18,087,2,3,Lagrange County               ,15,15,3252000,0,0,0,0,0,0,0,0,0,15,15,3252000,0,0,0,0,0,0,0,0,0
201910,18,089,2,3,Lake County                   ,117,117,30267242,0,0,0,1,3,630000,0,0,0,114,114,29587659,0,0,0,1,3,630000,0,0,0
201910,18,097,2,3,Marion County                 ,124,124,34304666,2,4,695725,0,0,0,0,0,0,124,124,34304666,2,4,695725,0,0,0,0,0,0
201910,18,105,2,3,Monroe County                 ,20,20,5414644,1,2,290559,0,0,0,3,97,11266744,20,20,5414644,1,2,290559,0,0,0,3,97,11266744
201910,18,109,2,3,Morgan County                 ,19,19,4454429,1,2,345500,0,0,0,0,0,0,9,9,2323720,1,2,345500,0,0,0,0,0,0
201910,18,111,2,3,Newton County                 ,2,2,408497,0,0,0,0,0,0,0,0,0,0,0,0,0,0,0,0,0,0,0,0,0
201910,18,115,2,3,Ohio County                   ,3,3,958000,0,0,0,0,0,0,0,0,0,3,3,958000,0,0,0,0,0,0,0,0,0
201910,18,119,2,3,Owen County                   ,1,1,270732,0,0,0,0,0,0,0,0,0,1,1,270732,0,0,0,0,0,0,0,0,0
201910,18,127,2,3,Porter County                 ,44,44,11925866,0,0,0,0,0,0,0,0,0,34,34,10184143,0,0,0,0,0,0,0,0,0
201910,18,133,2,3,Putnam County                 ,16,16,3727062,1,2,278179,0,0,0,0,0,0,7,7,1400000,0,0,0,0,0,0,0,0,0
201910,18,145,2,3,Shelby County                 ,5,5,1022775,0,0,0,0,0,0,0,0,0,5,5,1022775,0,0,0,0,0,0,0,0,0
201910,18,151,2,3,Steuben County                ,19,19,7063607,0,0,0,0,0,0,0,0,0,19,19,7063607,0,0,0,0,0,0,0,0,0
201910,18,157,2,3,Tippecanoe County             ,64,64,16523631,6,12,1743354,0,0,0,1,9,1046499,58,58,15736002,6,12,1743354,0,0,0,0,0,0
201910,18,163,2,3,Vanderburgh County            ,31,31,7320625,3,6,1029000,0,0,0,0,0,0,31,31,7320625,3,6,1029000,0,0,0,0,0,0
201910,18,167,2,3,Vigo County                   ,3,3,424229,0,0,0,0,0,0,1,5,433333,0,0,0,0,0,0,0,0,0,0,0,0
201910,18,175,2,3,Washington County             ,8,8,1935748,0,0,0,0,0,0,0,0,0,0,0,0,0,0,0,0,0,0,0,0,0
201910,18,183,2,3,Whitley County                ,11,11,2821227,0,0,0,0,0,0,0,0,0,11,11,2821227,0,0,0,0,0,0,0,0,0
201910,19,049,2,4,Dallas County                 ,63,63,17480449,0,0,0,0,0,0,1,5,460526,60,60,16529579,0,0,0,0,0,0,0,0,0
201910,19,085,2,4,Harrison County               ,3,3,740090,0,0,0,0,0,0,0,0,0,1,1,300000,0,0,0,0,0,0,0,0,0
201910,19,129,2,4,Mills County                  ,0,0,0,0,0,0,0,0,0,0,0,0,0,0,0,0,0,0,0,0,0,0,0,0
201910,19,153,2,4,Polk County                   ,344,344,97446476,0,0,0,0,0,0,9,553,74834683,341,341,96835753,0,0,0,0,0,0,9,553,74834683
201910,19,181,2,4,Warren County                 ,35,35,12528657,1,2,400000,0,0,0,0,0,0,33,33,12045824,1,2,400000,0,0,0,0,0,0
201910,20,061,2,4,Geary County                  ,1,1,254333,0,0,0,0,0,0,0,0,0,0,0,0,0,0,0,0,0,0,0,0,0
201910,20,091,2,4,Johnson County                ,153,153,53906979,3,6,1521164,3,9,1569429,5,315,62463901,103,103,33577715,2,4,836871,0,0,0,1,250,55534594
201910,20,103,2,4,Leavenworth County            ,23,23,4886760,4,8,998724,0,0,0,0,0,0,23,23,4886760,4,8,998724,0,0,0,0,0,0
201910,20,107,2,4,Linn County                   ,6,6,929273,0,0,0,0,0,0,0,0,0,4,4,734000,0,0,0,0,0,0,0,0,0
201910,20,121,2,4,Miami County                  ,6,6,1887542,0,0,0,0,0,0,0,0,0,0,0,0,0,0,0,0,0,0,0,0,0
201910,20,209,2,4,Wyandotte County              ,17,17,3431584,1,2,192348,0,0,0,0,0,0,1,1,270732,0,0,0,0,0,0,0,0,0
201910,21,005,3,6,Anderson County               ,7,7,1179213,0,0,0,0,0,0,0,0,0,7,7,1179213,0,0,0,0,0,0,0,0,0
201910,21,015,3,6,Boone County                  ,47,47,9176652,0,0,0,0,0,0,0,0,0,47,47,9176652,0,0,0,0,0,0,0,0,0
201910,21,017,3,6,Bourbon County                ,5,5,2626000,0,0,0,0,0,0,0,0,0,5,5,2626000,0,0,0,0,0,0,0,0,0
201910,21,021,3,6,Boyle County                  ,3,3,570368,0,0,0,0,0,0,0,0,0,0,0,0,0,0,0,0,0,0,0,0,0
201910,21,029,3,6,Bullitt County                ,24,24,5446766,2,4,560000,0,0,0,0,0,0,24,24,5446766,2,4,560000,0,0,0,0,0,0
201910,21,035,3,6,Calloway County               ,2,2,655966,0,0,0,1,4,181000,0,0,0,2,2,655966,0,0,0,1,4,181000,0,0,0
201910,21,037,3,6,Campbell County               ,17,17,4759371,0,0,0,0,0,0,1,33,3797413,2,2,1070000,0,0,0,0,0,0,0,0,0
201910,21,045,3,6,Casey County                  ,0,0,0,0,0,0,0,0,0,0,0,0,0,0,0,0,0,0,0,0,0,0,0,0
201910,21,047,3,6,Christian County              ,2,2,142400,1,2,120000,0,0,0,1,45,4400000,0,0,0,1,2,120000,0,0,0,1,45,4400000
201910,21,049,3,6,Clark County                  ,5,5,1179039,0,0,0,0,0,0,1,6,415500,0,0,0,0,0,0,0,0,0,0,0,0
201910,21,067,3,6,Fayette County                ,69,69,12602315,1,2,193378,0,0,0,3,116,5313782,0,0,0,0,0,0,0,0,0,0,0,0
201910,21,069,3,6,Fleming County                ,0,0,0,0,0,0,0,0,0,0,0,0,0,0,0,0,0,0,0,0,0,0,0,0
201910,21,077,3,6,Gallatin County               ,2,2,448477,0,0,0,0,0,0,0,0,0,0,0,0,0,0,0,0,0,0,0,0,0
201910,21,081,3,6,Grant County                  ,5,5,1176799,0,0,0,0,0,0,0,0,0,0,0,0,0,0,0,0,0,0,0,0,0
201910,21,091,3,6,Hancock County                ,0,0,0,0,0,0,0,0,0,0,0,0,0,0,0,0,0,0,0,0,0,0,0,0
201910,21,099,3,6,Hart County                   ,0,0,0,0,0,0,0,0,0,0,0,0,0,0,0,0,0,0,0,0,0,0,0,0
201910,21,101,3,6,Henderson County              ,5,5,1565645,0,0,0,0,0,0,0,0,0,5,5,1565645,0,0,0,0,0,0,0,0,0
201910,21,103,3,6,Henry County                  ,5,5,793000,0,0,0,0,0,0,0,0,0,5,5,793000,0,0,0,0,0,0,0,0,0
201910,21,111,3,6,Jefferson County              ,112,112,35931260,0,0,0,0,0,0,10,232,31036344,1,1,305800,0,0,0,0,0,0,0,0,0
201910,21,113,3,6,Jessamine County              ,9,9,1710024,0,0,0,1,3,502500,0,0,0,1,1,443000,0,0,0,0,0,0,0,0,0
201910,21,115,3,6,Johnson County                ,0,0,0,0,0,0,0,0,0,0,0,0,0,0,0,0,0,0,0,0,0,0,0,0
201910,21,117,3,6,Kenton County                 ,22,22,6230263,0,0,0,0,0,0,0,0,0,22,22,6230263,0,0,0,0,0,0,0,0,0
201910,21,121,3,6,Knox County                   ,0,0,0,0,0,0,0,0,0,0,0,0,0,0,0,0,0,0,0,0,0,0,0,0
201910,21,123,3,6,Larue County                  ,2,2,474913,0,0,0,0,0,0,0,0,0,2,2,474913,0,0,0,0,0,0,0,0,0
201910,21,137,3,6,Lincoln County                ,5,5,522873,0,0,0,0,0,0,0,0,0,0,0,0,0,0,0,0,0,0,0,0,0
201910,21,145,3,6,McCracken County              ,14,14,3252737,0,0,0,0,0,0,1,8,588667,14,14,3252737,0,0,0,0,0,0,1,8,588667
201910,21,151,3,6,Madison County                ,17,17,1551564,2,4,225992,0,0,0,1,5,168572,3,3,326000,0,0,0,0,0,0,0,0,0
201910,21,157,3,6,Marshall County               ,8,8,1948000,0,0,0,0,0,0,0,0,0,8,8,1948000,0,0,0,0,0,0,0,0,0
201910,21,161,3,6,Mason County                  ,1,1,230000,0,0,0,0,0,0,0,0,0,1,1,230000,0,0,0,0,0,0,0,0,0
201910,21,163,3,6,Meade County                  ,15,15,2520000,0,0,0,0,0,0,0,0,0,15,15,2520000,0,0,0,0,0,0,0,0,0
201910,21,167,3,6,Mercer County                 ,5,5,851264,0,0,0,0,0,0,0,0,0,0,0,0,0,0,0,0,0,0,0,0,0
201910,21,175,3,6,Morgan County                 ,2,2,150000,0,0,0,0,0,0,0,0,0,0,0,0,0,0,0,0,0,0,0,0,0
201910,21,179,3,6,Nelson County                 ,15,15,2779000,1,2,550000,1,3,850000,0,0,0,15,15,2779000,1,2,550000,1,3,850000,0,0,0
201910,21,185,3,6,Oldham County                 ,23,23,7963199,0,0,0,0,0,0,0,0,0,0,0,0,0,0,0,0,0,0,0,0,0
201910,21,191,3,6,Pendleton County              ,0,0,0,0,0,0,0,0,0,0,0,0,0,0,0,0,0,0,0,0,0,0,0,0
201910,21,209,3,6,Scott County                  ,31,31,6141173,3,6,875769,0,0,0,1,16,1069319,0,0,0,0,0,0,0,0,0,0,0,0
201910,21,211,3,6,Shelby County                 ,34,34,7541342,0,0,0,0,0,0,0,0,0,34,34,7541342,0,0,0,0,0,0,0,0,0
201910,21,213,3,6,Simpson County                ,34,34,3939328,0,0,0,0,0,0,0,0,0,34,34,3939328,0,0,0,0,0,0,0,0,0
201910,21,215,3,6,Spencer County                ,16,16,3799307,0,0,0,0,0,0,0,0,0,16,16,3799307,0,0,0,0,0,0,0,0,0
201910,21,221,3,6,Trigg County                  ,1,1,204898,0,0,0,0,0,0,0,0,0,1,1,204898,0,0,0,0,0,0,0,0,0
201910,21,239,3,6,Woodford County               ,9,9,2426560,0,0,0,0,0,0,0,0,0,9,9,2426560,0,0,0,0,0,0,0,0,0
201910,22,005,3,7,Ascension Parish              ,84,84,12993755,0,0,0,0,0,0,0,0,0,4,4,939960,0,0,0,0,0,0,0,0,0
201910,22,015,3,7,Bossier Parish                ,50,50,9170096,0,0,0,0,0,0,0,0,0,18,18,2358635,0,0,0,0,0,0,0,0,0
201910,22,017,3,7,Caddo Parish                  ,32,32,6554661,0,0,0,0,0,0,0,0,0,32,32,6554661,0,0,0,0,0,0,0,0,0
201910,22,031,3,7,De Soto Parish                ,11,11,2895058,0,0,0,0,0,0,0,0,0,6,6,1424740,0,0,0,0,0,0,0,0,0
201910,22,033,3,7,East Baton Rouge Parish       ,93,93,25587041,0,0,0,0,0,0,0,0,0,78,78,23542860,0,0,0,0,0,0,0,0,0
201910,22,037,3,7,East Feliciana Parish         ,4,4,779417,0,0,0,0,0,0,0,0,0,0,0,0,0,0,0,0,0,0,0,0,0
201910,22,047,3,7,Iberville Parish              ,7,7,1696912,0,0,0,0,0,0,0,0,0,0,0,0,0,0,0,0,0,0,0,0,0
201910,22,051,3,7,Jefferson Parish              ,61,61,13168669,0,0,0,0,0,0,0,0,0,59,59,12706142,0,0,0,0,0,0,0,0,0
201910,22,055,3,7,Lafayette Parish              ,97,97,21637526,0,0,0,0,0,0,0,0,0,41,41,7121319,0,0,0,0,0,0,0,0,0
201910,22,063,3,7,Livingston Parish             ,79,79,15480369,0,0,0,0,0,0,0,0,0,5,5,963080,0,0,0,0,0,0,0,0,0
201910,22,071,3,7,Orleans Parish                ,49,49,11036512,10,20,2067698,1,3,721976,1,67,13818264,0,0,0,0,0,0,0,0,0,0,0,0
201910,22,075,3,7,Plaquemines Parish            ,5,5,1324773,0,0,0,0,0,0,0,0,0,0,0,0,0,0,0,0,0,0,0,0,0
201910,22,077,3,7,Pointe Coupee Parish          ,4,4,869118,0,0,0,0,0,0,0,0,0,4,4,869118,0,0,0,0,0,0,0,0,0
201910,22,087,3,7,St. Bernard Parish            ,24,24,4215000,0,0,0,0,0,0,0,0,0,24,24,4215000,0,0,0,0,0,0,0,0,0
201910,22,089,3,7,St. Charles Parish            ,17,17,3194811,0,0,0,1,3,570000,0,0,0,0,0,0,0,0,0,0,0,0,0,0,0
201910,22,091,3,7,St. Helena Parish             ,3,3,539712,0,0,0,0,0,0,0,0,0,0,0,0,0,0,0,0,0,0,0,0,0
201910,22,095,3,7,St. John the Baptist Parish   ,2,2,254000,0,0,0,0,0,0,0,0,0,2,2,254000,0,0,0,0,0,0,0,0,0
201910,22,099,3,7,St. Martin Parish             ,16,16,2985307,0,0,0,0,0,0,0,0,0,0,0,0,0,0,0,0,0,0,0,0,0
201910,22,103,3,7,St. Tammany Parish            ,106,106,27011153,1,2,310000,0,0,0,0,0,0,102,102,25441746,1,2,310000,0,0,0,0,0,0
201910,22,109,3,7,Terrebonne Parish             ,11,11,2820854,1,2,155556,0,0,0,0,0,0,0,0,0,0,0,0,0,0,0,0,0,0
201910,22,121,3,7,West Baton Rouge Parish       ,21,21,3390193,0,0,0,0,0,0,1,38,3711901,0,0,0,0,0,0,0,0,0,0,0,0
201910,22,125,3,7,West Feliciana Parish         ,12,12,2860268,0,0,0,0,0,0,0,0,0,12,12,2860268,0,0,0,0,0,0,0,0,0
201910,23,000,1,1,Maine Unorganized Territory   ,6,6,796801,0,0,0,0,0,0,0,0,0,0,0,0,0,0,0,0,0,0,0,0,0
201910,24,003,3,5,Anne Arundel County           ,126,126,29591666,0,0,0,0,0,0,0,0,0,121,121,28732261,0,0,0,0,0,0,0,0,0
201910,24,005,3,5,Baltimore County              ,81,81,19233993,0,0,0,0,0,0,0,0,0,81,81,19233993,0,0,0,0,0,0,0,0,0
201910,24,009,3,5,Calvert County                ,17,17,4036764,0,0,0,0,0,0,0,0,0,17,17,4036764,0,0,0,0,0,0,0,0,0
201910,24,013,3,5,Carroll County                ,22,22,5224047,0,0,0,0,0,0,0,0,0,22,22,5224047,0,0,0,0,0,0,0,0,0
201910,24,015,3,5,Cecil County                  ,15,15,4104409,0,0,0,0,0,0,0,0,0,15,15,4104409,0,0,0,0,0,0,0,0,0
201910,24,017,3,5,Charles County                ,52,52,14454000,0,0,0,0,0,0,0,0,0,52,52,14454000,0,0,0,0,0,0,0,0,0
201910,24,021,3,5,Frederick County              ,135,135,32550669,1,2,70000,0,0,0,0,0,0,135,135,32550669,1,2,70000,0,0,0,0,0,0
201910,24,023,3,5,Garrett County                ,12,12,5968205,0,0,0,4,14,4160000,1,7,1639000,12,12,5968205,0,0,0,4,14,4160000,1,7,1639000
201910,24,025,3,5,Harford County                ,72,72,17205662,0,0,0,0,0,0,1,8,850000,72,72,17205662,0,0,0,0,0,0,1,8,850000
201910,24,027,3,5,Howard County                 ,44,44,10448095,0,0,0,0,0,0,0,0,0,44,44,10448095,0,0,0,0,0,0,0,0,0
201910,24,031,3,5,Montgomery County             ,53,53,12829186,0,0,0,0,0,0,4,417,202295631,53,53,12829186,0,0,0,0,0,0,4,417,202295631
201910,24,033,3,5,Prince George County          ,124,124,29515335,0,0,0,0,0,0,0,0,0,121,121,28732261,0,0,0,0,0,0,0,0,0
201910,24,035,3,5,Queen Anne County             ,17,17,2775000,0,0,0,0,0,0,0,0,0,17,17,2775000,0,0,0,0,0,0,0,0,0
201910,24,037,3,5,St. Marys County              ,78,78,17574000,0,0,0,0,0,0,0,0,0,78,78,17574000,0,0,0,0,0,0,0,0,0
201910,24,039,3,5,Somerset County               ,5,5,903686,0,0,0,0,0,0,0,0,0,2,2,269200,0,0,0,0,0,0,0,0,0
201910,24,045,3,5,Wicomico County               ,20,20,2418410,0,0,0,0,0,0,0,0,0,20,20,2418410,0,0,0,0,0,0,0,0,0
201910,24,510,3,5,Baltimore (Independent City)  ,9,9,1417975,0,0,0,0,0,0,1,164,24852463,0,0,0,0,0,0,0,0,0,0,0,0
201910,25,005,1,1,Bristol County                ,58,58,14806691,2,4,479050,0,0,0,0,0,0,39,39,11191030,1,2,263150,0,0,0,0,0,0
201910,25,009,1,1,Essex County                  ,57,57,18208826,9,18,3186998,0,0,0,3,41,5715918,43,43,14269213,4,8,1449000,0,0,0,1,30,3999774
201910,25,017,1,1,Middlesex County              ,107,107,33110822,8,16,3345520,2,8,1254034,12,332,50032599,32,32,10760577,3,6,1365000,1,4,420000,1,64,10715562
201910,25,021,1,1,Norfolk County                ,65,65,25952417,4,8,2872890,0,0,0,6,72,7474773,36,36,14594009,4,8,2872890,0,0,0,1,15,1700000
201910,25,023,1,1,Plymouth County               ,90,90,21811085,2,4,320000,1,4,700000,2,10,977742,22,22,5860540,2,4,320000,1,4,700000,0,0,0
201910,25,025,1,1,Suffolk County                ,5,5,1140082,4,8,1643385,6,20,4280000,7,83,19486077,3,3,787226,3,6,1424000,6,20,4280000,4,63,15294000
201910,26,000,2,3,Michigan Balance of State     ,6,6,1126335,0,0,0,0,0,0,0,0,0,0,0,0,0,0,0,0,0,0,0,0,0
201910,26,019,2,3,Benzie County                 ,7,7,1918825,0,0,0,0,0,0,0,0,0,0,0,0,0,0,0,0,0,0,0,0,0
201910,26,029,2,3,Charlevoix County             ,11,11,2798008,1,2,226390,0,0,0,0,0,0,0,0,0,0,0,0,0,0,0,0,0,0
201910,26,089,2,3,Leelanau County               ,21,21,4568385,0,0,0,0,0,0,0,0,0,21,21,4568385,0,0,0,0,0,0,0,0,0
201910,26,093,2,3,Livingston County             ,101,101,26303605,5,10,1400000,0,0,0,1,12,2251904,99,99,26036885,5,10,1400000,0,0,0,1,12,2251904
201910,26,095,2,3,Luce County                   ,0,0,0,0,0,0,0,0,0,0,0,0,0,0,0,0,0,0,0,0,0,0,0,0
201910,26,099,2,3,Macomb County                 ,95,95,30524323,1,2,140000,0,0,0,2,87,14803630,92,92,30088073,0,0,0,0,0,0,1,80,14628630
201910,26,103,2,3,Marquette County              ,9,9,2308000,0,0,0,0,0,0,0,0,0,9,9,2308000,0,0,0,0,0,0,0,0,0
201910,26,137,2,3,Otsego County                 ,2,2,162000,0,0,0,0,0,0,0,0,0,0,0,0,0,0,0,0,0,0,0,0,0
201910,26,147,2,3,St. Clair County              ,22,22,5101724,0,0,0,0,0,0,0,0,0,17,17,4060664,0,0,0,0,0,0,0,0,0
201910,26,163,2,3,Wayne County                  ,83,83,20660110,0,0,0,0,0,0,9,140,19692309,73,73,18766816,0,0,0,0,0,0,9,140,19692309
201910,27,003,2,4,Anoka County                  ,85,85,24036295,0,0,0,0,0,0,1,20,3047543,46,46,14035047,0,0,0,0,0,0,0,0,0
201910,27,019,2,4,Carver County                 ,64,64,21291583,0,0,0,0,0,0,0,0,0,56,56,19507350,0,0,0,0,0,0,0,0,0
201910,27,025,2,4,Chisago County                ,30,30,5083186,0,0,0,0,0,0,0,0,0,30,30,5083186,0,0,0,0,0,0,0,0,0
201910,27,027,2,4,Clay County                   ,16,16,3155900,0,0,0,0,0,0,0,0,0,16,16,3155900,0,0,0,0,0,0,0,0,0
201910,27,037,2,4,Dakota County                 ,97,97,28468574,2,4,738000,0,0,0,2,67,9034681,96,96,28125907,2,4,738000,0,0,0,1,49,6480336
201910,27,053,2,4,Hennepin County               ,218,218,88263356,2,4,643749,0,0,0,6,448,79831445,197,197,81051912,2,4,643749,0,0,0,6,448,79831445
201910,27,059,2,4,Isanti County                 ,28,28,5363674,0,0,0,0,0,0,0,0,0,13,13,2241739,0,0,0,0,0,0,0,0,0
201910,27,123,2,4,Ramsey County                 ,18,18,7298857,2,4,868256,0,0,0,4,260,18715034,15,15,6683857,2,4,868256,0,0,0,4,260,18715034
201910,27,139,2,4,Scott County                  ,55,55,18485337,0,0,0,0,0,0,1,60,10500000,53,53,17935461,0,0,0,0,0,0,1,60,10500000
201910,27,141,2,4,Sherburne County              ,34,34,7584069,0,0,0,0,0,0,0,0,0,33,33,7442124,0,0,0,0,0,0,0,0,0
201910,27,163,2,4,Washington County             ,133,133,40653475,0,0,0,0,0,0,0,0,0,129,129,38819759,0,0,0,0,0,0,0,0,0
201910,27,171,2,4,Wright County                 ,88,88,24372891,0,0,0,0,0,0,2,150,21110535,86,86,23960407,0,0,0,0,0,0,2,150,21110535
201910,28,033,3,6,DeSoto County                 ,128,128,21912740,0,0,0,0,0,0,0,0,0,122,122,21320121,0,0,0,0,0,0,0,0,0
201910,28,041,3,6,Greene County                 ,0,0,0,0,0,0,0,0,0,0,0,0,0,0,0,0,0,0,0,0,0,0,0,0
201910,28,045,3,6,Hancock County                ,43,43,7264245,1,2,185179,1,3,301084,1,13,1100615,13,13,2708287,0,0,0,0,0,0,0,0,0
201910,28,047,3,6,Harrison County               ,110,110,20925995,0,0,0,0,0,0,0,0,0,97,97,19449182,0,0,0,0,0,0,0,0,0
201910,28,067,3,6,Jones County                  ,1,1,298000,0,0,0,0,0,0,0,0,0,1,1,298000,0,0,0,0,0,0,0,0,0
201910,28,129,3,6,Smith County                  ,0,0,0,0,0,0,0,0,0,0,0,0,0,0,0,0,0,0,0,0,0,0,0,0
201910,28,137,3,6,Tate County                   ,14,14,2978448,0,0,0,0,0,0,0,0,0,11,11,2408000,0,0,0,0,0,0,0,0,0
201910,28,143,3,6,Tunica County                 ,11,11,2527802,0,0,0,0,0,0,0,0,0,0,0,0,0,0,0,0,0,0,0,0,0
201910,28,145,3,6,Union County                  ,4,4,539000,2,4,220000,0,0,0,0,0,0,4,4,539000,2,4,220000,0,0,0,0,0,0
201910,28,149,3,6,Warren County                 ,0,0,0,0,0,0,0,0,0,0,0,0,0,0,0,0,0,0,0,0,0,0,0,0
201910,29,013,2,4,Bates County                  ,1,1,33200,0,0,0,0,0,0,0,0,0,1,1,33200,0,0,0,0,0,0,0,0,0
201910,29,017,2,4,Bollinger County              ,0,0,0,0,0,0,0,0,0,0,0,0,0,0,0,0,0,0,0,0,0,0,0,0
201910,29,019,2,4,Boone County                  ,68,68,17116641,0,0,0,0,0,0,0,0,0,68,68,17116641,0,0,0,0,0,0,0,0,0
201910,29,049,2,4,Clinton County                ,8,8,1983661,0,0,0,0,0,0,0,0,0,8,8,1983661,0,0,0,0,0,0,0,0,0
201910,29,065,2,4,Dent County                   ,0,0,0,0,0,0,0,0,0,0,0,0,0,0,0,0,0,0,0,0,0,0,0,0
201910,29,071,2,4,Franklin County               ,21,21,5152325,0,0,0,0,0,0,1,16,925000,21,21,5152325,0,0,0,0,0,0,1,16,925000
201910,29,095,2,4,Jackson County                ,150,150,36736599,8,16,1224564,3,12,952200,12,516,54725802,144,144,35196819,8,16,1224564,3,12,952200,12,516,54725802
201910,29,099,2,4,Jefferson County              ,62,62,13939947,0,0,0,1,4,804000,0,0,0,59,59,13627475,0,0,0,1,4,804000,0,0,0
201910,29,105,2,4,Laclede County                ,1,1,115550,1,2,259500,0,0,0,0,0,0,0,0,0,0,0,0,0,0,0,0,0,0
201910,29,107,2,4,Lafayette County              ,5,5,752000,0,0,0,0,0,0,0,0,0,5,5,752000,0,0,0,0,0,0,0,0,0
201910,29,113,2,4,Lincoln County                ,14,14,1700464,0,0,0,0,0,0,0,0,0,14,14,1700464,0,0,0,0,0,0,0,0,0
201910,29,165,2,4,Platte County                 ,29,29,8102883,0,0,0,0,0,0,0,0,0,20,20,4971235,0,0,0,0,0,0,0,0,0
201910,29,185,2,4,St. Clair County              ,0,0,0,0,0,0,0,0,0,0,0,0,0,0,0,0,0,0,0,0,0,0,0,0
201910,29,189,2,4,St. Louis County              ,137,137,39476301,0,0,0,0,0,0,1,5,645353,80,80,15147142,0,0,0,0,0,0,0,0,0
201910,29,219,2,4,Warren County                 ,17,17,4209047,0,0,0,0,0,0,0,0,0,17,17,4209047,0,0,0,0,0,0,0,0,0
201910,29,221,2,4,Washington County             ,0,0,0,0,0,0,0,0,0,0,0,0,0,0,0,0,0,0,0,0,0,0,0,0
201910,29,510,2,4,St. Louis (Independent City)  ,4,4,1090000,0,0,0,0,0,0,0,0,0,4,4,1090000,0,0,0,0,0,0,0,0,0
201910,30,013,4,8,Cascade County                ,20,20,3932241,0,0,0,0,0,0,0,0,0,20,20,3932241,0,0,0,0,0,0,0,0,0
201910,30,033,4,8,Garfield County               ,0,0,0,0,0,0,0,0,0,0,0,0,0,0,0,0,0,0,0,0,0,0,0,0
201910,30,063,4,8,Missoula County               ,32,32,7010294,1,2,206308,1,4,164144,0,0,0,32,32,7010294,1,2,206308,1,4,164144,0,0,0
201910,30,093,4,8,Silver Bow County             ,3,3,299237,0,0,0,0,0,0,0,0,0,3,3,299237,0,0,0,0,0,0,0,0,0
201910,31,001,2,4,Adams County                  ,1,1,273125,0,0,0,0,0,0,0,0,0,0,0,0,0,0,0,0,0,0,0,0,0
201910,31,025,2,4,Cass County                   ,14,14,2590216,1,2,217585,0,0,0,0,0,0,6,6,1213484,0,0,0,0,0,0,0,0,0
201910,31,033,2,4,Cheyenne County               ,0,0,0,0,0,0,0,0,0,0,0,0,0,0,0,0,0,0,0,0,0,0,0,0
201910,31,055,2,4,Douglas County                ,110,110,16691764,0,0,0,0,0,0,0,0,0,110,110,16691764,0,0,0,0,0,0,0,0,0
201910,31,105,2,4,Kimball County                ,0,0,0,0,0,0,0,0,0,0,0,0,0,0,0,0,0,0,0,0,0,0,0,0
201910,31,153,2,4,Sarpy County                  ,99,99,26740353,0,0,0,0,0,0,0,0,0,26,26,7156682,0,0,0,0,0,0,0,0,0
201910,31,165,2,4,Sioux County                  ,0,0,0,0,0,0,0,0,0,0,0,0,0,0,0,0,0,0,0,0,0,0,0,0
201910,31,177,2,4,Washington County             ,5,5,1489761,0,0,0,0,0,0,0,0,0,5,5,1489761,0,0,0,0,0,0,0,0,0
201910,32,001,4,8,Churchill County              ,15,15,2850470,0,0,0,0,0,0,0,0,0,15,15,2850470,0,0,0,0,0,0,0,0,0
201910,32,003,4,8,Clark County                  ,803,803,189071044,1,2,518213,13,44,7714100,4,334,37380000,803,803,189071044,1,2,518213,13,44,7714100,4,334,37380000
201910,32,005,4,8,Douglas County                ,11,11,5726219,0,0,0,0,0,0,0,0,0,11,11,5726219,0,0,0,0,0,0,0,0,0
201910,32,007,4,8,Elko County                   ,14,14,2178799,0,0,0,0,0,0,0,0,0,14,14,2178799,0,0,0,0,0,0,0,0,0
201910,32,013,4,8,Humboldt County               ,3,3,465396,0,0,0,0,0,0,0,0,0,3,3,465396,0,0,0,0,0,0,0,0,0
201910,32,015,4,8,Lander County                 ,0,0,0,0,0,0,0,0,0,0,0,0,0,0,0,0,0,0,0,0,0,0,0,0
201910,32,017,4,8,Lincoln County                ,1,1,285178,0,0,0,0,0,0,0,0,0,0,0,0,0,0,0,0,0,0,0,0,0
201910,32,019,4,8,Lyon County                   ,19,19,4995638,0,0,0,0,0,0,0,0,0,8,8,2119141,0,0,0,0,0,0,0,0,0
201910,32,021,4,8,Mineral County                ,0,0,0,0,0,0,0,0,0,0,0,0,0,0,0,0,0,0,0,0,0,0,0,0
201910,32,027,4,8,Pershing County               ,0,0,0,0,0,0,0,0,0,0,0,0,0,0,0,0,0,0,0,0,0,0,0,0
201910,32,029,4,8,Storey County                 ,2,2,335657,0,0,0,0,0,0,0,0,0,2,2,335657,0,0,0,0,0,0,0,0,0
201910,32,031,4,8,Washoe County                 ,199,199,54460464,1,2,230714,0,0,0,10,220,25057014,0,0,0,0,0,0,0,0,0,0,0,0
201910,32,033,4,8,White Pine County             ,1,1,308222,0,0,0,0,0,0,0,0,0,0,0,0,0,0,0,0,0,0,0,0,0
201910,32,510,4,8,Carson City (Independent City),15,15,3910120,0,0,0,0,0,0,1,14,1397824,0,0,0,0,0,0,0,0,0,0,0,0
201910,33,015,1,1,Rockingham County             ,54,54,15138822,5,10,1626716,0,0,0,2,11,1152742,37,37,10153173,3,6,635000,0,0,0,0,0,0
201910,33,017,1,1,Strafford County              ,20,20,4499443,0,0,0,0,0,0,1,21,2109766,8,8,1784889,0,0,0,0,0,0,0,0,0
201910,34,001,1,2,Atlantic County               ,40,40,11497038,0,0,0,0,0,0,2,48,4780191,37,37,10925173,0,0,0,0,0,0,0,0,0
201910,34,003,1,2,Bergen County                 ,78,78,23981733,6,12,1983060,0,0,0,14,152,11868605,58,58,19299008,5,10,1606275,0,0,0,5,26,1671951
201910,34,005,1,2,Burlington County             ,51,51,8115782,0,0,0,0,0,0,9,61,5198671,20,20,4020888,0,0,0,0,0,0,5,25,1548468
201910,34,007,1,2,Camden County                 ,17,17,3148155,0,0,0,1,3,158100,1,5,266957,11,11,2168836,0,0,0,1,3,158100,0,0,0
201910,34,009,1,2,Cape May County               ,59,59,25910606,4,8,1071987,3,10,692400,0,0,0,58,58,25850092,4,8,1071987,3,10,692400,0,0,0
201910,34,011,1,2,Cumberland County             ,5,5,529083,0,0,0,0,0,0,0,0,0,1,1,100000,0,0,0,0,0,0,0,0,0
201910,34,013,1,2,Essex County                  ,47,47,8482783,6,12,1803943,5,15,6455253,4,73,4769114,32,32,7522685,6,12,1803943,3,9,1948288,0,0,0
201910,34,015,1,2,Gloucester County             ,26,26,2683545,1,2,54372,0,0,0,3,17,1655195,14,14,996984,0,0,0,0,0,0,0,0,0
201910,34,017,1,2,Hudson County                 ,267,267,21901404,6,12,1027046,9,31,282794430,5,81,13663025,267,267,21901404,5,10,792226,9,31,282794430,2,30,3850000
201910,34,019,1,2,Hunterdon County              ,24,24,4858418,0,0,0,1,3,399144,5,155,3456599,20,20,4121321,0,0,0,1,3,399144,2,140,2726700
201910,34,021,1,2,Mercer County                 ,17,17,3378992,0,0,0,2,6,1114568,4,34,3477450,15,15,2765126,0,0,0,1,3,1000795,4,34,3477450
201910,34,023,1,2,Middlesex County              ,47,47,9967578,2,4,511057,0,0,0,5,365,40032890,32,32,6828722,1,2,300657,0,0,0,1,232,14250000
201910,34,025,1,2,Monmouth County               ,75,75,34138857,1,2,52000,12,45,4757950,4,27,3404759,56,56,29666185,0,0,0,11,42,4085200,0,0,0
201910,34,027,1,2,Morris County                 ,49,49,13269008,0,0,0,2,7,3745000,25,154,5419874,21,21,7430610,0,0,0,2,7,3745000,23,121,2171500
201910,34,029,1,2,Ocean County                  ,165,165,44755941,3,6,1169583,0,0,0,79,395,796860,124,124,37784732,2,4,839001,0,0,0,78,390,463601
201910,34,031,1,2,Passaic County                ,28,28,1578972,3,6,291696,0,0,0,4,162,10403454,23,23,671450,0,0,0,0,0,0,1,120,8000000
201910,34,033,1,2,Salem County                  ,1,1,145050,0,0,0,0,0,0,0,0,0,1,1,145050,0,0,0,0,0,0,0,0,0
201910,34,035,1,2,Somerset County               ,30,30,7887310,0,0,0,0,0,0,7,190,10171259,23,23,6551850,0,0,0,0,0,0,1,86,4679533
201910,34,037,1,2,Sussex County                 ,11,11,2473090,0,0,0,0,0,0,0,0,0,10,10,2202093,0,0,0,0,0,0,0,0,0
201910,34,039,1,2,Union County                  ,18,18,5407931,9,18,1442282,0,0,0,7,591,11627517,14,14,4335000,0,0,0,0,0,0,2,477,1516000
201910,34,041,1,2,Warren County                 ,15,15,2205874,2,4,764700,0,0,0,0,0,0,12,12,1628950,2,4,764700,0,0,0,0,0,0
201910,35,000,4,8,New Mexico Balance of State   ,38,38,10299633,0,0,0,0,0,0,0,0,0,0,0,0,0,0,0,0,0,0,0,0,0
201910,35,001,4,8,Bernalillo County             ,123,123,34017491,0,0,0,0,0,0,1,102,10278521,123,123,34017491,0,0,0,0,0,0,1,102,10278521
201910,35,005,4,8,Chaves County                 ,6,6,989981,0,0,0,0,0,0,0,0,0,0,0,0,0,0,0,0,0,0,0,0,0
201910,35,009,4,8,Curry County                  ,5,5,1259171,0,0,0,0,0,0,1,5,460938,0,0,0,0,0,0,0,0,0,0,0,0
201910,35,013,4,8,Dona Ana County               ,90,90,23121675,0,0,0,0,0,0,0,0,0,75,75,18980972,0,0,0,0,0,0,0,0,0
201910,35,015,4,8,Eddy County                   ,20,20,5540696,0,0,0,0,0,0,0,0,0,20,20,5540696,0,0,0,0,0,0,0,0,0
201910,35,017,4,8,Grant County                  ,1,1,161654,0,0,0,0,0,0,0,0,0,0,0,0,0,0,0,0,0,0,0,0,0
201910,35,025,4,8,Lea County                    ,15,15,3174353,0,0,0,0,0,0,0,0,0,0,0,0,0,0,0,0,0,0,0,0,0
201910,35,027,4,8,Lincoln County                ,8,8,2728375,0,0,0,0,0,0,0,0,0,0,0,0,0,0,0,0,0,0,0,0,0
201910,35,028,4,8,Los Alamos County             ,12,12,2243300,0,0,0,0,0,0,0,0,0,12,12,2243300,0,0,0,0,0,0,0,0,0
201910,35,029,4,8,Luna County                   ,0,0,0,0,0,0,0,0,0,0,0,0,0,0,0,0,0,0,0,0,0,0,0,0
201910,35,031,4,8,McKinley County               ,0,0,0,0,0,0,0,0,0,0,0,0,0,0,0,0,0,0,0,0,0,0,0,0
201910,35,035,4,8,Otero County                  ,0,0,0,0,0,0,0,0,0,0,0,0,0,0,0,0,0,0,0,0,0,0,0,0
201910,35,041,4,8,Roosevelt County              ,2,2,307813,0,0,0,0,0,0,0,0,0,0,0,0,0,0,0,0,0,0,0,0,0
201910,35,043,4,8,Sandoval County               ,61,61,13645048,0,0,0,1,3,348242,1,8,333333,0,0,0,0,0,0,0,0,0,0,0,0
201910,35,045,4,8,San Juan County               ,6,6,1536343,0,0,0,0,0,0,0,0,0,6,6,1536343,0,0,0,0,0,0,0,0,0
201910,35,047,4,8,San Miguel County             ,0,0,0,0,0,0,0,0,0,0,0,0,0,0,0,0,0,0,0,0,0,0,0,0
201910,35,049,4,8,Santa Fe County               ,25,25,6263813,0,0,0,0,0,0,4,48,4730603,25,25,6263813,0,0,0,0,0,0,4,48,4730603
201910,35,051,4,8,Sierra County                 ,0,0,0,0,0,0,0,0,0,0,0,0,0,0,0,0,0,0,0,0,0,0,0,0
201910,35,055,4,8,Taos County                   ,9,9,817389,0,0,0,0,0,0,0,0,0,9,9,817389,0,0,0,0,0,0,0,0,0
201910,35,061,4,8,Valencia County               ,11,11,1799538,0,0,0,0,0,0,0,0,0,11,11,1799538,0,0,0,0,0,0,0,0,0
201910,36,001,1,2,Albany County                 ,25,25,5763509,1,2,364636,2,6,953908,3,17,2343607,21,21,4905720,1,2,364636,2,6,953908,0,0,0
201910,36,005,1,2,Bronx County                  ,0,0,0,1,2,300657,0,0,0,8,293,37801482,0,0,0,1,2,300657,0,0,0,8,293,37801482
201910,36,029,1,2,Erie County                   ,75,75,23646892,0,0,0,1,3,450000,4,53,8506436,68,68,22461520,0,0,0,1,3,450000,2,24,2000000
201910,36,047,1,2,Kings County                  ,2,2,524817,1,2,300657,7,22,2927056,18,1433,184878920,2,2,524817,1,2,300657,7,22,2927056,18,1433,184878920
201910,36,051,1,2,Livingston County             ,2,2,507500,0,0,0,0,0,0,1,7,602000,1,1,200000,0,0,0,0,0,0,0,0,0
201910,36,055,1,2,Monroe County                 ,55,55,13261471,0,0,0,3,10,814000,9,118,10086707,46,46,11943035,0,0,0,2,7,574000,7,63,6414000
201910,36,059,1,2,Nassau County                 ,63,63,27240823,0,0,0,0,0,0,3,197,37274091,22,22,16948836,0,0,0,0,0,0,2,192,36000000
201910,36,061,1,2,New York County               ,0,0,0,0,0,0,0,0,0,4,173,22319646,0,0,0,0,0,0,0,0,0,4,173,22319646
201910,36,063,1,2,Niagara County                ,18,18,5498234,0,0,0,0,0,0,0,0,0,17,17,5264999,0,0,0,0,0,0,0,0,0
201910,36,069,1,2,Ontario County                ,19,19,5441078,1,2,277047,0,0,0,0,0,0,18,18,5227745,1,2,277047,0,0,0,0,0,0
201910,36,073,1,2,Orleans County                ,2,2,333000,0,0,0,0,0,0,0,0,0,2,2,333000,0,0,0,0,0,0,0,0,0
201910,36,079,1,2,Putnam County                 ,1,1,195300,0,0,0,0,0,0,0,0,0,1,1,195300,0,0,0,0,0,0,0,0,0
201910,36,081,1,2,Queens County                 ,9,9,2361678,16,32,4810515,7,21,2794008,7,170,21932600,9,9,2361678,16,32,4810515,7,21,2794008,7,170,21932600
201910,36,083,1,2,Rensselaer County             ,12,12,3478750,1,2,137333,2,8,1000000,2,22,2270192,9,9,2579000,0,0,0,2,8,1000000,1,15,1200000
201910,36,085,1,2,Richmond County               ,13,13,3411313,21,42,6313801,0,0,0,0,0,0,13,13,3411313,21,42,6313801,0,0,0,0,0,0
201910,36,087,1,2,Rockland County               ,5,5,1654048,4,8,1316362,3,9,1272522,3,15,2177141,2,2,1100000,0,0,0,0,0,0,0,0,0
201910,36,091,1,2,Saratoga County               ,64,64,20330962,0,0,0,0,0,0,2,33,3251010,41,41,12291708,0,0,0,0,0,0,0,0,0
201910,36,093,1,2,Schenectady County            ,8,8,1672438,0,0,0,0,0,0,3,72,7899999,6,6,1192000,0,0,0,0,0,0,3,72,7899999
201910,36,095,1,2,Schoharie County              ,2,2,325320,0,0,0,0,0,0,0,0,0,1,1,216320,0,0,0,0,0,0,0,0,0
201910,36,099,1,2,Seneca County                 ,2,2,313000,0,0,0,0,0,0,0,0,0,2,2,313000,0,0,0,0,0,0,0,0,0
201910,36,103,1,2,Suffolk County                ,62,62,52797894,0,0,0,1,4,747560,0,0,0,61,61,52125541,0,0,0,1,4,747560,0,0,0
201910,36,117,1,2,Wayne County                  ,8,8,1756397,0,0,0,0,0,0,0,0,0,4,4,869400,0,0,0,0,0,0,0,0,0
201910,36,119,1,2,Westchester County            ,21,21,11051955,1,2,247500,0,0,0,2,74,8474649,16,16,8598537,0,0,0,0,0,0,0,0,0
201910,37,007,3,5,Anson County                  ,4,4,599460,0,0,0,0,0,0,0,0,0,0,0,0,0,0,0,0,0,0,0,0,0
201910,37,011,3,5,Avery County                  ,8,8,2502427,0,0,0,0,0,0,0,0,0,8,8,2502427,0,0,0,0,0,0,0,0,0
201910,37,015,3,5,Bertie County                 ,3,3,941000,0,0,0,0,0,0,0,0,0,3,3,941000,0,0,0,0,0,0,0,0,0
201910,37,025,3,5,Cabarrus County               ,207,207,31230387,0,0,0,0,0,0,0,0,0,207,207,31230387,0,0,0,0,0,0,0,0,0
201910,37,033,3,5,Caswell County                ,6,6,1283440,0,0,0,0,0,0,0,0,0,0,0,0,0,0,0,0,0,0,0,0,0
201910,37,037,3,5,Chatham County                ,40,40,16659302,0,0,0,0,0,0,12,256,40820000,40,40,16659302,0,0,0,0,0,0,12,256,40820000
201910,37,051,3,5,Cumberland County             ,51,51,7951178,0,0,0,0,0,0,0,0,0,51,51,7951178,0,0,0,0,0,0,0,0,0
201910,37,053,3,5,Currituck County              ,49,49,17307589,0,0,0,0,0,0,0,0,0,49,49,17307589,0,0,0,0,0,0,0,0,0
201910,37,059,3,5,Davie County                  ,15,15,3158933,0,0,0,0,0,0,1,33,1301344,0,0,0,0,0,0,0,0,0,0,0,0
201910,37,063,3,5,Durham County                 ,190,190,36372519,1,2,169897,0,0,0,5,148,12009602,0,0,0,0,0,0,0,0,0,0,0,0
201910,37,069,3,5,Franklin County               ,60,60,14247402,0,0,0,0,0,0,0,0,0,60,60,14247402,0,0,0,0,0,0,0,0,0
201910,37,071,3,5,Gaston County                 ,127,127,38287636,0,0,0,0,0,0,0,0,0,127,127,38287636,0,0,0,0,0,0,0,0,0
201910,37,077,3,5,Granville County              ,30,30,5933311,0,0,0,0,0,0,0,0,0,30,30,5933311,0,0,0,0,0,0,0,0,0
201910,37,081,3,5,Guilford County               ,124,124,28424723,0,0,0,0,0,0,6,142,17852472,124,124,28424723,0,0,0,0,0,0,6,142,17852472
201910,37,089,3,5,Henderson County              ,54,54,13881170,0,0,0,0,0,0,0,0,0,54,54,13881170,0,0,0,0,0,0,0,0,0
201910,37,093,3,5,Hoke County                   ,22,22,5224047,0,0,0,0,0,0,0,0,0,22,22,5224047,0,0,0,0,0,0,0,0,0
201910,37,097,3,5,Iredell County                ,108,108,26609422,0,0,0,0,0,0,0,0,0,108,108,26609422,0,0,0,0,0,0,0,0,0
201910,37,101,3,5,Johnston County               ,190,190,30752074,0,0,0,0,0,0,0,0,0,189,189,30593972,0,0,0,0,0,0,0,0,0
201910,37,119,3,5,Mecklenburg County            ,522,522,123952399,2,4,610058,0,0,0,7,686,53070896,522,522,123952399,2,4,610058,0,0,0,7,686,53070896
201910,37,133,3,5,Onslow County                 ,152,152,24200037,1,2,224000,0,0,0,0,0,0,152,152,24200037,1,2,224000,0,0,0,0,0,0
201910,37,135,3,5,Orange County                 ,47,47,15424339,0,0,0,0,0,0,0,0,0,47,47,15424339,0,0,0,0,0,0,0,0,0
201910,37,145,3,5,Person County                 ,15,15,2293950,0,0,0,0,0,0,0,0,0,15,15,2293950,0,0,0,0,0,0,0,0,0
201910,37,151,3,5,Randolph County               ,29,29,7047221,0,0,0,0,0,0,0,0,0,29,29,7047221,0,0,0,0,0,0,0,0,0
201910,37,157,3,5,Rockingham County             ,14,14,3284013,0,0,0,0,0,0,0,0,0,14,14,3284013,0,0,0,0,0,0,0,0,0
201910,37,179,3,5,Union County                  ,154,154,34892208,0,0,0,0,0,0,0,0,0,154,154,34892208,0,0,0,0,0,0,0,0,0
201910,37,181,3,5,Vance County                  ,4,4,588585,0,0,0,0,0,0,0,0,0,4,4,588585,0,0,0,0,0,0,0,0,0
201910,37,183,3,5,Wake County                   ,658,658,152604460,1,2,516024,7,25,4790549,7,42,7616791,658,658,152604460,1,2,516024,7,25,4790549,7,42,7616791
201910,37,195,3,5,Wilson County                 ,9,9,1584693,0,0,0,0,0,0,0,0,0,9,9,1584693,0,0,0,0,0,0,0,0,0
201910,39,007,2,3,Ashtabula County              ,4,4,590000,0,0,0,0,0,0,0,0,0,4,4,590000,0,0,0,0,0,0,0,0,0
201910,39,015,2,3,Brown County                  ,14,14,3790251,0,0,0,0,0,0,0,0,0,14,14,3790251,0,0,0,0,0,0,0,0,0
201910,39,017,2,3,Butler County                 ,96,96,20506663,3,6,690000,0,0,0,0,0,0,80,80,17817874,3,6,690000,0,0,0,0,0,0
201910,39,025,2,3,Clermont County               ,51,51,12541957,0,0,0,0,0,0,0,0,0,51,51,12541957,0,0,0,0,0,0,0,0,0
201910,39,041,2,3,Delaware County               ,120,120,30338288,2,4,1000000,0,0,0,0,0,0,101,101,27679279,2,4,1000000,0,0,0,0,0,0
201910,39,049,2,3,Franklin County               ,106,106,36670797,0,0,0,12,47,3788320,6,57,32320570,99,99,34264124,0,0,0,12,47,3788320,5,52,32095570
201910,39,055,2,3,Geauga County                 ,18,18,6216455,0,0,0,0,0,0,0,0,0,18,18,6216455,0,0,0,0,0,0,0,0,0
201910,39,085,2,3,Lake County                   ,30,30,8115058,0,0,0,0,0,0,0,0,0,30,30,8115058,0,0,0,0,0,0,0,0,0
201910,39,089,2,3,Licking County                ,27,27,7766870,0,0,0,0,0,0,0,0,0,26,26,7508166,0,0,0,0,0,0,0,0,0
201910,39,093,2,3,Lorain County                 ,115,115,29045231,1,2,231220,0,0,0,1,8,1192000,68,68,20813498,0,0,0,0,0,0,1,8,1192000
201910,39,097,2,3,Madison County                ,16,16,4443844,0,0,0,0,0,0,0,0,0,15,15,4180164,0,0,0,0,0,0,0,0,0
201910,39,103,2,3,Medina County                 ,33,33,8649933,0,0,0,0,0,0,0,0,0,33,33,8649933,0,0,0,0,0,0,0,0,0
201910,39,117,2,3,Morrow County                 ,5,5,1353661,0,0,0,0,0,0,0,0,0,5,5,1353661,0,0,0,0,0,0,0,0,0
201910,39,159,2,3,Union County                  ,53,53,14348806,0,0,0,0,0,0,1,5,3000000,53,53,14348806,0,0,0,0,0,0,1,5,3000000
201910,39,165,2,3,Warren County                 ,124,124,33250415,0,0,0,2,8,1867384,0,0,0,107,107,28121589,0,0,0,2,8,1867384,0,0,0
201910,40,001,3,7,Adair County                  ,0,0,0,0,0,0,0,0,0,0,0,0,0,0,0,0,0,0,0,0,0,0,0,0
201910,40,017,3,7,Canadian County               ,36,36,10259885,7,14,1068800,0,0,0,0,0,0,18,18,6584000,7,14,1068800,0,0,0,0,0,0
201910,40,021,3,7,Cherokee County               ,7,7,918668,1,2,130000,0,0,0,1,5,244048,0,0,0,0,0,0,0,0,0,0,0,0
201910,40,027,3,7,Cleveland County              ,51,51,13459143,1,2,390444,0,0,0,0,0,0,14,14,2905960,0,0,0,0,0,0,0,0,0
201910,40,029,3,7,Coal County                   ,0,0,0,0,0,0,0,0,0,0,0,0,0,0,0,0,0,0,0,0,0,0,0,0
201910,40,037,3,7,Creek County                  ,9,9,1832059,0,0,0,0,0,0,1,17,1307692,3,3,496900,0,0,0,0,0,0,0,0,0
201910,40,051,3,7,Grady County                  ,5,5,1048000,0,0,0,0,0,0,0,0,0,5,5,1048000,0,0,0,0,0,0,0,0,0
201910,40,055,3,7,Greer County                  ,0,0,0,0,0,0,0,0,0,0,0,0,0,0,0,0,0,0,0,0,0,0,0,0
201910,40,081,3,7,Lincoln County                ,0,0,0,0,0,0,0,0,0,0,0,0,0,0,0,0,0,0,0,0,0,0,0,0
201910,40,083,3,7,Logan County                  ,2,2,245000,0,0,0,0,0,0,0,0,0,2,2,245000,0,0,0,0,0,0,0,0,0
201910,40,087,3,7,McClain County                ,36,36,7081287,0,0,0,0,0,0,0,0,0,28,28,5336000,0,0,0,0,0,0,0,0,0
201910,40,109,3,7,Oklahoma County               ,391,391,91686558,21,42,5186000,0,0,0,0,0,0,372,372,88179976,21,42,5186000,0,0,0,0,0,0
201910,40,111,3,7,Okmulgee County               ,0,0,0,0,0,0,0,0,0,0,0,0,0,0,0,0,0,0,0,0,0,0,0,0
201910,40,113,3,7,Osage County                  ,16,16,3984161,1,2,180000,0,0,0,0,0,0,16,16,3984161,1,2,180000,0,0,0,0,0,0
201910,40,117,3,7,Pawnee County                 ,0,0,0,0,0,0,0,0,0,0,0,0,0,0,0,0,0,0,0,0,0,0,0,0
201910,40,131,3,7,Rogers County                 ,57,57,10381104,0,0,0,0,0,0,0,0,0,57,57,10381104,0,0,0,0,0,0,0,0,0
201910,40,143,3,7,Tulsa County                  ,229,229,52099889,0,0,0,2,8,320000,1,5,200000,229,229,52099889,0,0,0,2,8,320000,1,5,200000
201910,40,145,3,7,Wagoner County                ,50,50,10446533,0,0,0,0,0,0,0,0,0,50,50,10446533,0,0,0,0,0,0,0,0,0
201910,41,000,4,9,Oregon Balance of State       ,29,29,3523600,0,0,0,0,0,0,0,0,0,29,29,3523600,0,0,0,0,0,0,0,0,0
201910,41,005,4,9,Clackamas County              ,128,128,35235322,1,2,361319,0,0,0,1,11,1599587,109,109,28707710,1,2,361319,0,0,0,0,0,0
201910,41,017,4,9,Deschutes County              ,181,181,44106664,0,0,0,0,0,0,5,105,11921321,181,181,44106664,0,0,0,0,0,0,5,105,11921321
201910,41,019,4,9,Douglas County                ,22,22,5905558,0,0,0,0,0,0,0,0,0,22,22,5905558,0,0,0,0,0,0,0,0,0
201910,41,025,4,9,Harney County                 ,0,0,0,0,0,0,0,0,0,0,0,0,0,0,0,0,0,0,0,0,0,0,0,0
201910,41,035,4,9,Klamath County                ,14,14,4588682,0,0,0,0,0,0,0,0,0,14,14,4588682,0,0,0,0,0,0,0,0,0
201910,41,051,4,9,Multnomah County              ,73,73,19667634,8,16,2767520,2,8,1521538,25,1179,152380241,72,72,19324965,8,16,2767520,2,8,1521538,25,1179,152380241
201910,41,067,4,9,Washington County             ,145,145,45169261,0,0,0,0,0,0,4,96,12764560,145,145,45169261,0,0,0,0,0,0,4,96,12764560
201910,41,071,4,9,Yamhill County                ,32,32,8248079,0,0,0,0,0,0,0,0,0,31,31,8054655,0,0,0,0,0,0,0,0,0
201910,42,001,1,2,Adams County                  ,26,26,6113383,0,0,0,0,0,0,0,0,0,26,26,6113383,0,0,0,0,0,0,0,0,0
201910,42,017,1,2,Bucks County                  ,71,71,20513394,0,0,0,0,0,0,1,5,505512,42,42,12757506,0,0,0,0,0,0,0,0,0
201910,42,029,1,2,Chester County                ,111,111,22429556,0,0,0,1,4,446000,1,5,607500,89,89,17676612,0,0,0,1,4,446000,1,5,607500
201910,42,037,1,2,Columbia County               ,5,5,940098,0,0,0,0,0,0,0,0,0,1,1,125000,0,0,0,0,0,0,0,0,0
201910,42,041,1,2,Cumberland County             ,52,52,10228853,1,2,287847,0,0,0,4,82,9340041,50,50,9716960,1,2,287847,0,0,0,4,82,9340041
201910,42,043,1,2,Dauphin County                ,42,42,9336232,0,0,0,1,3,585005,0,0,0,34,34,8065045,0,0,0,1,3,585005,0,0,0
201910,42,045,1,2,Delaware County               ,32,32,6359725,2,4,900000,0,0,0,1,6,2467287,20,20,4115226,2,4,900000,0,0,0,0,0,0
201910,42,055,1,2,Franklin County               ,29,29,7219152,0,0,0,0,0,0,1,5,650767,22,22,5357009,0,0,0,0,0,0,0,0,0
201910,42,091,1,2,Montgomery County             ,71,71,16645851,0,0,0,1,3,450000,3,29,3421478,55,55,13399539,0,0,0,1,3,450000,2,10,1242025
201910,42,093,1,2,Montour County                ,5,5,1076983,0,0,0,0,0,0,1,5,250000,4,4,833830,0,0,0,0,0,0,0,0,0
201910,42,099,1,2,Perry County                  ,8,8,2199110,0,0,0,0,0,0,0,0,0,1,1,370000,0,0,0,0,0,0,0,0,0
201910,42,101,1,2,Philadelphia County           ,73,73,19155834,14,28,4209201,18,60,7982880,1,5,645076,73,73,19155834,14,28,4209201,18,60,7982880,1,5,645076
201910,42,103,1,2,Pike County                   ,10,10,1958062,0,0,0,0,0,0,0,0,0,6,6,1001145,0,0,0,0,0,0,0,0,0
201910,44,001,1,1,Bristol County                ,5,5,1769254,0,0,0,0,0,0,0,0,0,4,4,1512250,0,0,0,0,0,0,0,0,0
201910,44,003,1,1,Kent County                   ,7,7,1323107,1,2,208150,0,0,0,0,0,0,2,2,375000,1,2,208150,0,0,0,0,0,0
201910,44,005,1,1,Newport County                ,14,14,9115817,0,0,0,0,0,0,0,0,0,14,14,9115817,0,0,0,0,0,0,0,0,0
201910,44,007,1,1,Providence County             ,29,29,5808283,2,4,528540,0,0,0,1,5,375000,18,18,4218447,1,2,348540,0,0,0,0,0,0
201910,44,009,1,1,Washington County             ,34,34,9601106,1,2,398182,0,0,0,0,0,0,17,17,5056798,0,0,0,0,0,0,0,0,0
201910,45,003,3,5,Aiken County                  ,84,84,17918998,0,0,0,0,0,0,0,0,0,74,74,15916564,0,0,0,0,0,0,0,0,0
201910,45,009,3,5,Bamberg County                ,0,0,0,0,0,0,0,0,0,0,0,0,0,0,0,0,0,0,0,0,0,0,0,0
201910,45,015,3,5,Berkeley County               ,87,87,23310935,0,0,0,0,0,0,2,41,967275,77,77,20034349,0,0,0,0,0,0,0,0,0
201910,45,017,3,5,Calhoun County                ,3,3,502052,0,0,0,0,0,0,0,0,0,0,0,0,0,0,0,0,0,0,0,0,0
201910,45,019,3,5,Charleston County             ,202,202,55969095,0,0,0,1,4,317500,5,131,8433820,50,50,23665650,0,0,0,0,0,0,0,0,0
201910,45,035,3,5,Dorchester County             ,86,86,25241171,0,0,0,0,0,0,0,0,0,86,86,25241171,0,0,0,0,0,0,0,0,0
201910,45,037,3,5,Edgefield County              ,14,14,2772000,0,0,0,0,0,0,0,0,0,14,14,2772000,0,0,0,0,0,0,0,0,0
201910,45,039,3,5,Fairfield County              ,5,5,1131230,0,0,0,0,0,0,0,0,0,0,0,0,0,0,0,0,0,0,0,0,0
201910,45,045,3,5,Greenville County             ,351,351,94811558,0,0,0,0,0,0,1,5,176376,349,349,94280964,0,0,0,0,0,0,0,0,0
201910,45,051,3,5,Horry County                  ,460,460,82076855,5,10,1384772,0,0,0,1,5,250000,393,393,69012792,4,8,816292,0,0,0,0,0,0
201910,45,055,3,5,Kershaw County                ,46,46,7419514,0,0,0,0,0,0,0,0,0,46,46,7419514,0,0,0,0,0,0,0,0,0
201910,45,059,3,5,Laurens County                ,15,15,2435462,0,0,0,0,0,0,0,0,0,15,15,2435462,0,0,0,0,0,0,0,0,0
201910,45,063,3,5,Lexington County              ,175,175,44623032,0,0,0,0,0,0,1,5,489336,26,26,6272293,0,0,0,0,0,0,0,0,0
201910,45,077,3,5,Pickens County                ,60,60,19201068,1,2,253268,0,0,0,0,0,0,38,38,15905432,0,0,0,0,0,0,0,0,0
201910,45,079,3,5,Richland County               ,164,164,26301918,3,6,795000,0,0,0,0,0,0,148,148,22535937,3,6,795000,0,0,0,0,0,0
201910,45,081,3,5,Saluda County                 ,4,4,850721,0,0,0,0,0,0,0,0,0,0,0,0,0,0,0,0,0,0,0,0,0
201910,45,085,3,5,Sumter County                 ,31,31,4094183,0,0,0,0,0,0,0,0,0,31,31,4094183,0,0,0,0,0,0,0,0,0
201910,45,091,3,5,York County                   ,215,215,74786779,0,0,0,0,0,0,2,28,3083906,20,20,4935256,0,0,0,0,0,0,0,0,0
201910,46,007,2,4,Bennett County                ,0,0,0,0,0,0,0,0,0,0,0,0,0,0,0,0,0,0,0,0,0,0,0,0
201910,46,055,2,4,Haakon County                 ,2,2,150000,0,0,0,0,0,0,0,0,0,2,2,150000,0,0,0,0,0,0,0,0,0
201910,46,071,2,4,Jackson County                ,0,0,0,0,0,0,0,0,0,0,0,0,0,0,0,0,0,0,0,0,0,0,0,0
201910,46,111,2,4,Sanborn County                ,0,0,0,0,0,0,0,0,0,0,0,0,0,0,0,0,0,0,0,0,0,0,0,0
201910,47,001,3,6,Anderson County               ,13,13,2285518,0,0,0,0,0,0,0,0,0,7,7,1570215,0,0,0,0,0,0,0,0,0
201910,47,015,3,6,Cannon County                 ,8,8,828000,0,0,0,0,0,0,0,0,0,8,8,828000,0,0,0,0,0,0,0,0,0
201910,47,021,3,6,Cheatham County               ,18,18,3432562,0,0,0,0,0,0,0,0,0,17,17,3100330,0,0,0,0,0,0,0,0,0
201910,47,037,3,6,Davidson County               ,358,358,94961678,2,4,36720,2,6,805634,12,661,74193945,357,357,93611550,2,4,36720,2,6,805634,12,661,74193945
201910,47,043,3,6,Dickson County                ,28,28,6063143,0,0,0,0,0,0,0,0,0,4,4,1233000,0,0,0,0,0,0,0,0,0
201910,47,049,3,6,Fentress County               ,0,0,0,0,0,0,0,0,0,0,0,0,0,0,0,0,0,0,0,0,0,0,0,0
201910,47,081,3,6,Hickman County                ,9,9,1483938,0,0,0,0,0,0,0,0,0,1,1,100000,0,0,0,0,0,0,0,0,0
201910,47,093,3,6,Knox County                   ,165,165,33845571,0,0,0,0,0,0,3,110,13551296,31,31,7616034,0,0,0,0,0,0,3,110,13551296
201910,47,105,3,6,Loudon County                 ,34,34,11934777,0,0,0,0,0,0,0,0,0,30,30,11191462,0,0,0,0,0,0,0,0,0
201910,47,125,3,6,Montgomery County             ,148,148,23826084,1,2,124167,3,12,682731,3,17,1050444,85,85,16235755,0,0,0,0,0,0,0,0,0
201910,47,139,3,6,Polk County                   ,18,18,3242233,0,0,0,0,0,0,0,0,0,0,0,0,0,0,0,0,0,0,0,0,0
201910,47,149,3,6,Rutherford County             ,300,300,75542212,0,0,0,0,0,0,3,189,24331990,293,293,74301965,0,0,0,0,0,0,3,189,24331990
201910,47,153,3,6,Sequatchie County             ,2,2,235000,0,0,0,0,0,0,0,0,0,2,2,235000,0,0,0,0,0,0,0,0,0
201910,47,157,3,6,Shelby County                 ,123,123,31514221,0,0,0,0,0,0,6,240,40176582,123,123,31514221,0,0,0,0,0,0,6,240,40176582
201910,47,159,3,6,Smith County                  ,6,6,1255388,0,0,0,0,0,0,0,0,0,5,5,1122729,0,0,0,0,0,0,0,0,0
201910,47,161,3,6,Stewart County                ,1,1,162250,0,0,0,0,0,0,0,0,0,0,0,0,0,0,0,0,0,0,0,0,0
201910,47,165,3,6,Sumner County                 ,120,120,38164620,0,0,0,0,0,0,10,108,4908516,120,120,38164620,0,0,0,0,0,0,10,108,4908516
201910,47,167,3,6,Tipton County                 ,14,14,2500912,0,0,0,0,0,0,0,0,0,8,8,1705424,0,0,0,0,0,0,0,0,0
201910,47,169,3,6,Trousdale County              ,9,9,1505000,0,0,0,0,0,0,0,0,0,9,9,1505000,0,0,0,0,0,0,0,0,0
201910,47,173,3,6,Union County                  ,7,7,1300000,0,0,0,0,0,0,0,0,0,7,7,1300000,0,0,0,0,0,0,0,0,0
201910,47,175,3,6,Van Buren County              ,0,0,0,0,0,0,0,0,0,0,0,0,0,0,0,0,0,0,0,0,0,0,0,0
201910,47,189,3,6,Wilson County                 ,299,299,67177029,1,2,270000,0,0,0,5,80,1708000,299,299,67177029,1,2,270000,0,0,0,5,80,1708000
201910,48,013,3,7,Atascosa County               ,5,5,900847,0,0,0,0,0,0,0,0,0,4,4,725567,0,0,0,0,0,0,0,0,0
201910,48,015,3,7,Austin County                 ,3,3,444000,0,0,0,0,0,0,0,0,0,2,2,360000,0,0,0,0,0,0,0,0,0
201910,48,019,3,7,Bandera County                ,0,0,0,0,0,0,0,0,0,0,0,0,0,0,0,0,0,0,0,0,0,0,0,0
201910,48,021,3,7,Bastrop County                ,12,12,2287007,0,0,0,0,0,0,0,0,0,5,5,878645,0,0,0,0,0,0,0,0,0
201910,48,025,3,7,Bee County                    ,1,1,155000,1,2,150000,0,0,0,0,0,0,0,0,0,0,0,0,0,0,0,0,0,0
201910,48,027,3,7,Bell County                   ,203,203,37668239,8,16,1517071,0,0,0,0,0,0,171,171,30003641,4,8,760940,0,0,0,0,0,0
201910,48,029,3,7,Bexar County                  ,542,542,123694764,18,36,4485097,3,12,1611268,2,10,8571000,495,495,117799067,18,36,4485097,3,12,1611268,2,10,8571000
201910,48,051,3,7,Burleson County               ,0,0,0,0,0,0,0,0,0,0,0,0,0,0,0,0,0,0,0,0,0,0,0,0
201910,48,055,3,7,Caldwell County               ,26,26,5274868,1,2,173138,0,0,0,2,21,2297127,1,1,146000,0,0,0,0,0,0,0,0,0
201910,48,085,3,7,Collin County                 ,864,864,240495897,0,0,0,1,4,800000,4,20,2192242,630,630,163950407,0,0,0,1,4,800000,4,20,2192242
201910,48,091,3,7,Comal County                  ,346,346,82160020,1,2,135000,0,0,0,0,0,0,346,346,82160020,1,2,135000,0,0,0,0,0,0
201910,48,099,3,7,Coryell County                ,7,7,1009989,0,0,0,0,0,0,0,0,0,7,7,1009989,0,0,0,0,0,0,0,0,0
201910,48,107,3,7,Crosby County                 ,0,0,0,0,0,0,0,0,0,0,0,0,0,0,0,0,0,0,0,0,0,0,0,0
201910,48,113,3,7,Dallas County                 ,479,479,138313682,7,14,1565777,2,7,1239888,29,1945,250247057,407,407,110099016,7,14,1565777,1,4,849856,19,1433,192731705
201910,48,119,3,7,Delta County                  ,2,2,409795,0,0,0,0,0,0,0,0,0,2,2,409795,0,0,0,0,0,0,0,0,0
201910,48,135,3,7,Ector County                  ,68,68,13602293,1,2,148522,0,0,0,0,0,0,0,0,0,0,0,0,0,0,0,0,0,0
201910,48,139,3,7,Ellis County                  ,160,160,37084132,0,0,0,1,4,460419,1,10,1702249,100,100,25208716,0,0,0,1,4,460419,0,0,0
201910,48,141,3,7,El Paso County                ,198,198,46082849,8,16,2044120,1,3,393572,5,53,9256136,48,48,11397922,1,2,223682,0,0,0,0,0,0
201910,48,157,3,7,Fort Bend County              ,937,937,82425476,0,0,0,0,0,0,1,8,626067,210,210,49865908,0,0,0,0,0,0,0,0,0
201910,48,167,3,7,Galveston County              ,189,189,45257154,0,0,0,1,4,200000,1,148,18052000,119,119,27414928,0,0,0,1,4,200000,1,148,18052000
201910,48,185,3,7,Grimes County                 ,2,2,299496,0,0,0,0,0,0,0,0,0,2,2,299496,0,0,0,0,0,0,0,0,0
201910,48,187,3,7,Guadalupe County              ,55,55,16071533,1,2,223682,0,0,0,0,0,0,53,53,15511246,1,2,223682,0,0,0,0,0,0
201910,48,193,3,7,Hamilton County               ,1,1,80000,0,0,0,0,0,0,0,0,0,0,0,0,0,0,0,0,0,0,0,0,0
201910,48,195,3,7,Hansford County               ,0,0,0,0,0,0,0,0,0,0,0,0,0,0,0,0,0,0,0,0,0,0,0,0
201910,48,201,3,7,Harris County                 ,1682,1682,333066299,18,36,3746128,0,0,0,28,1010,79788589,1677,1677,328016317,18,36,3746128,0,0,0,28,1010,79788589
201910,48,211,3,7,Hemphill County               ,0,0,0,0,0,0,0,0,0,0,0,0,0,0,0,0,0,0,0,0,0,0,0,0
201910,48,215,3,7,Hidalgo County                ,296,296,43631155,41,82,67660740,18,72,3990000,5,144,10560900,275,275,41661402,40,80,67558370,18,72,3990000,5,144,10560900
201910,48,233,3,7,Hutchinson County             ,0,0,0,0,0,0,0,0,0,0,0,0,0,0,0,0,0,0,0,0,0,0,0,0
201910,48,251,3,7,Johnson County                ,80,80,12165138,5,10,1118412,0,0,0,0,0,0,77,77,11466211,5,10,1118412,0,0,0,0,0,0
201910,48,257,3,7,Kaufman County                ,59,59,13552756,0,0,0,0,0,0,0,0,0,58,58,13223256,0,0,0,0,0,0,0,0,0
201910,48,259,3,7,Kendall County                ,29,29,7543432,0,0,0,0,0,0,0,0,0,0,0,0,0,0,0,0,0,0,0,0,0
201910,48,271,3,7,Kinney County                 ,0,0,0,0,0,0,0,0,0,0,0,0,0,0,0,0,0,0,0,0,0,0,0,0
201910,48,281,3,7,Lampasas County               ,3,3,502336,0,0,0,0,0,0,0,0,0,0,0,0,0,0,0,0,0,0,0,0,0
201910,48,291,3,7,Liberty County                ,64,64,9063420,1,2,132500,0,0,0,0,0,0,54,54,7198637,0,0,0,0,0,0,0,0,0
201910,48,303,3,7,Lubbock County                ,142,142,33376167,0,0,0,1,3,187500,0,0,0,18,18,5391291,0,0,0,0,0,0,0,0,0
201910,48,323,3,7,Maverick County               ,7,7,1842890,0,0,0,0,0,0,0,0,0,0,0,0,0,0,0,0,0,0,0,0,0
201910,48,325,3,7,Medina County                 ,2,2,474914,0,0,0,0,0,0,0,0,0,2,2,474914,0,0,0,0,0,0,0,0,0
201910,48,329,3,7,Midland County                ,173,173,25583741,0,0,0,0,0,0,0,0,0,173,173,25583741,0,0,0,0,0,0,0,0,0
201910,48,339,3,7,Montgomery County             ,645,645,135377233,0,0,0,0,0,0,17,567,59715977,619,619,132065873,0,0,0,0,0,0,16,556,58512720
201910,48,367,3,7,Parker County                 ,32,32,6529508,5,10,1479384,0,0,0,0,0,0,23,23,4715106,5,10,1479384,0,0,0,0,0,0
201910,48,375,3,7,Potter County                 ,63,63,14959772,0,0,0,0,0,0,0,0,0,63,63,14959772,0,0,0,0,0,0,0,0,0
201910,48,383,3,7,Reagan County                 ,0,0,0,0,0,0,0,0,0,0,0,0,0,0,0,0,0,0,0,0,0,0,0,0
201910,48,385,3,7,Real County                   ,0,0,0,0,0,0,0,0,0,0,0,0,0,0,0,0,0,0,0,0,0,0,0,0
201910,48,395,3,7,Robertson County              ,9,9,1755979,0,0,0,0,0,0,0,0,0,1,1,204898,0,0,0,0,0,0,0,0,0
201910,48,397,3,7,Rockwall County               ,107,107,36648988,0,0,0,0,0,0,0,0,0,95,95,30018887,0,0,0,0,0,0,0,0,0
201910,48,407,3,7,San Jacinto County            ,39,39,8606848,0,0,0,0,0,0,0,0,0,0,0,0,0,0,0,0,0,0,0,0,0
201910,48,411,3,7,San Saba County               ,1,1,86400,0,0,0,0,0,0,0,0,0,1,1,86400,0,0,0,0,0,0,0,0,0
201910,48,451,3,7,Tom Green County              ,23,23,4712645,0,0,0,0,0,0,0,0,0,23,23,4712645,0,0,0,0,0,0,0,0,0
201910,48,453,3,7,Travis County                 ,754,754,187358439,22,44,5970512,0,0,0,49,1286,245480700,717,717,178830204,20,40,5624236,0,0,0,49,1286,245480700
201910,48,473,3,7,Waller County                 ,0,0,0,0,0,0,0,0,0,1,8,177445,0,0,0,0,0,0,0,0,0,0,0,0
201910,48,491,3,7,Williamson County             ,483,483,107870890,3,6,390000,0,0,0,18,360,14400000,459,459,102367820,3,6,390000,0,0,0,18,360,14400000
201910,48,493,3,7,Wilson County                 ,5,5,1014706,0,0,0,0,0,0,0,0,0,0,0,0,0,0,0,0,0,0,0,0,0
201910,48,497,3,7,Wise County                   ,6,6,1441620,0,0,0,0,0,0,0,0,0,5,5,1311370,0,0,0,0,0,0,0,0,0
201910,49,011,4,8,Davis County                  ,138,138,37763447,0,0,0,0,0,0,2,13,1423391,81,81,23492379,0,0,0,0,0,0,0,0,0
201910,49,023,4,8,Juab County                   ,4,4,1085179,0,0,0,1,3,225349,0,0,0,0,0,0,0,0,0,0,0,0,0,0,0
201910,49,029,4,8,Morgan County                 ,7,7,3560811,0,0,0,0,0,0,0,0,0,5,5,3068771,0,0,0,0,0,0,0,0,0
201910,49,035,4,8,Salt Lake County              ,383,383,103747693,9,18,3801681,2,7,1091454,11,617,82933003,272,272,72034275,8,16,3506868,0,0,0,7,562,74809570
201910,49,039,4,8,Sanpete County                ,6,6,1968350,0,0,0,0,0,0,0,0,0,6,6,1968350,0,0,0,0,0,0,0,0,0
201910,49,043,4,8,Summit County                 ,22,22,8394897,0,0,0,0,0,0,1,8,1366854,10,10,2893317,0,0,0,0,0,0,0,0,0
201910,49,057,4,8,Weber County                  ,81,81,20485485,0,0,0,7,24,3161450,6,55,6617203,77,77,19374878,0,0,0,7,24,3161450,5,50,6311940
201910,51,003,3,5,Albemarle County              ,60,60,17057310,0,0,0,0,0,0,2,51,4540616,0,0,0,0,0,0,0,0,0,0,0,0
201910,51,007,3,5,Amelia County                 ,4,4,681069,0,0,0,0,0,0,0,0,0,0,0,0,0,0,0,0,0,0,0,0,0
201910,51,009,3,5,Amherst County                ,7,7,1484937,0,0,0,0,0,0,0,0,0,0,0,0,0,0,0,0,0,0,0,0,0
201910,51,013,3,5,Arlington County              ,12,12,4985000,0,0,0,0,0,0,0,0,0,12,12,4985000,0,0,0,0,0,0,0,0,0
201910,51,015,3,5,Augusta County                ,15,15,3958810,0,0,0,0,0,0,0,0,0,15,15,3958810,0,0,0,0,0,0,0,0,0
201910,51,019,3,5,Bedford County                ,0,0,0,0,0,0,0,0,0,0,0,0,0,0,0,0,0,0,0,0,0,0,0,0
201910,51,033,3,5,Caroline County               ,13,13,1959683,0,0,0,0,0,0,0,0,0,13,13,1959683,0,0,0,0,0,0,0,0,0
201910,51,036,3,5,Charles City County           ,1,1,163960,0,0,0,0,0,0,0,0,0,0,0,0,0,0,0,0,0,0,0,0,0
201910,51,037,3,5,Charlotte County              ,2,2,125000,0,0,0,0,0,0,0,0,0,2,2,125000,0,0,0,0,0,0,0,0,0
201910,51,041,3,5,Chesterfield County           ,141,141,28890561,0,0,0,1,4,348000,2,12,1529885,141,141,28890561,0,0,0,1,4,348000,2,12,1529885
201910,51,043,3,5,Clarke County                 ,6,6,2101754,0,0,0,0,0,0,0,0,0,6,6,2101754,0,0,0,0,0,0,0,0,0
201910,51,049,3,5,Cumberland County             ,1,1,348066,1,2,90000,0,0,0,0,0,0,1,1,348066,1,2,90000,0,0,0,0,0,0
201910,51,051,3,5,Dickenson County              ,0,0,0,0,0,0,0,0,0,0,0,0,0,0,0,0,0,0,0,0,0,0,0,0
201910,51,053,3,5,Dinwiddie County              ,7,7,1078451,0,0,0,0,0,0,0,0,0,0,0,0,0,0,0,0,0,0,0,0,0
201910,51,059,3,5,Fairfax County                ,73,73,17350133,0,0,0,0,0,0,1,7,1096349,72,72,17096883,0,0,0,0,0,0,0,0,0
201910,51,061,3,5,Fauquier County               ,19,19,4405519,0,0,0,0,0,0,0,0,0,19,19,4405519,0,0,0,0,0,0,0,0,0
201910,51,069,3,5,Frederick County              ,45,45,11888035,0,0,0,2,8,1132000,0,0,0,45,45,11888035,0,0,0,2,8,1132000,0,0,0
201910,51,073,3,5,Gloucester County             ,11,11,3603500,0,0,0,0,0,0,0,0,0,11,11,3603500,0,0,0,0,0,0,0,0,0
201910,51,075,3,5,Goochland County              ,13,13,4161907,0,0,0,0,0,0,0,0,0,13,13,4161907,0,0,0,0,0,0,0,0,0
201910,51,085,3,5,Hanover County                ,60,60,14683380,0,0,0,0,0,0,0,0,0,60,60,14683380,0,0,0,0,0,0,0,0,0
201910,51,087,3,5,Henrico County                ,80,80,14830054,16,32,1100000,0,0,0,0,0,0,80,80,14830054,16,32,1100000,0,0,0,0,0,0
201910,51,093,3,5,Isle of Wight County          ,17,17,3471544,0,0,0,0,0,0,0,0,0,0,0,0,0,0,0,0,0,0,0,0,0
201910,51,095,3,5,James City County             ,15,15,3561851,0,0,0,0,0,0,0,0,0,15,15,3561851,0,0,0,0,0,0,0,0,0
201910,51,097,3,5,King and Queen County         ,2,2,201000,0,0,0,0,0,0,0,0,0,2,2,201000,0,0,0,0,0,0,0,0,0
201910,51,099,3,5,King George County            ,14,14,2868566,0,0,0,0,0,0,0,0,0,14,14,2868566,0,0,0,0,0,0,0,0,0
201910,51,107,3,5,Loudoun County                ,154,154,36568333,0,0,0,0,0,0,0,0,0,154,154,36568333,0,0,0,0,0,0,0,0,0
201910,51,109,3,5,Louisa County                 ,30,30,6495021,0,0,0,0,0,0,0,0,0,0,0,0,0,0,0,0,0,0,0,0,0
201910,51,115,3,5,Mathews County                ,2,2,295000,0,0,0,0,0,0,0,0,0,2,2,295000,0,0,0,0,0,0,0,0,0
201910,51,127,3,5,New Kent County               ,16,16,3278362,0,0,0,0,0,0,0,0,0,16,16,3278362,0,0,0,0,0,0,0,0,0
201910,51,139,3,5,Page County                   ,5,5,1126000,0,0,0,0,0,0,0,0,0,5,5,1126000,0,0,0,0,0,0,0,0,0
201910,51,145,3,5,Powhatan County               ,12,12,2458771,0,0,0,0,0,0,0,0,0,12,12,2458771,0,0,0,0,0,0,0,0,0
201910,51,149,3,5,Prince George County          ,3,3,340000,0,0,0,0,0,0,0,0,0,3,3,340000,0,0,0,0,0,0,0,0,0
201910,51,153,3,5,Prince William County         ,60,60,11159759,1,2,150000,0,0,0,3,57,6440389,60,60,11159759,1,2,150000,0,0,0,2,31,3488362
201910,51,165,3,5,Rockingham County             ,23,23,9584675,0,0,0,0,0,0,0,0,0,23,23,9584675,0,0,0,0,0,0,0,0,0
201910,51,175,3,5,Southampton County            ,4,4,645109,0,0,0,0,0,0,0,0,0,0,0,0,0,0,0,0,0,0,0,0,0
201910,51,177,3,5,Spotsylvania County           ,61,61,16108836,0,0,0,0,0,0,3,105,12382997,0,0,0,0,0,0,0,0,0,0,0,0
201910,51,179,3,5,Stafford County               ,77,77,18639678,0,0,0,0,0,0,0,0,0,77,77,18639678,0,0,0,0,0,0,0,0,0
201910,51,181,3,5,Surry County                  ,1,1,98000,0,0,0,0,0,0,0,0,0,1,1,98000,0,0,0,0,0,0,0,0,0
201910,51,183,3,5,Sussex County                 ,5,5,516095,0,0,0,0,0,0,0,0,0,5,5,516095,0,0,0,0,0,0,0,0,0
201910,51,187,3,5,Warren County                 ,16,16,3787248,0,0,0,0,0,0,0,0,0,16,16,3787248,0,0,0,0,0,0,0,0,0
201910,51,199,3,5,York County                   ,13,13,3086937,0,0,0,0,0,0,0,0,0,13,13,3086937,0,0,0,0,0,0,0,0,0
201910,51,510,3,5,Alexandria (Independent City) ,6,6,1424740,0,0,0,0,0,0,0,0,0,6,6,1424740,0,0,0,0,0,0,0,0,0
201910,51,540,3,5,Charlottesville (Independent C,2,2,606000,0,0,0,0,0,0,0,0,0,2,2,606000,0,0,0,0,0,0,0,0,0
201910,51,550,3,5,Chesapeake(Independent City)  ,42,42,12908500,0,0,0,0,0,0,0,0,0,42,42,12908500,0,0,0,0,0,0,0,0,0
201910,51,570,3,5,Colonial Heights (Independent ,0,0,0,0,0,0,0,0,0,0,0,0,0,0,0,0,0,0,0,0,0,0,0,0
201910,51,580,3,5,Covington (Independent City)  ,0,0,0,0,0,0,0,0,0,0,0,0,0,0,0,0,0,0,0,0,0,0,0,0
201910,51,600,3,5,Fairfax (Independent City)    ,0,0,0,0,0,0,0,0,0,0,0,0,0,0,0,0,0,0,0,0,0,0,0,0
201910,51,610,3,5,Falls Church (Independent City,5,5,2367789,0,0,0,0,0,0,0,0,0,0,0,0,0,0,0,0,0,0,0,0,0
201910,51,630,3,5,Fredericksburg(Independent Cit,9,9,1313000,0,0,0,0,0,0,0,0,0,9,9,1313000,0,0,0,0,0,0,0,0,0
201910,51,650,3,5,Hampton (Independent City)    ,17,17,1059464,0,0,0,0,0,0,0,0,0,0,0,0,0,0,0,0,0,0,0,0,0
201910,51,660,3,5,Harrisonburg (Independent City,11,11,1335500,0,0,0,0,0,0,0,0,0,11,11,1335500,0,0,0,0,0,0,0,0,0
201910,51,670,3,5,Hopewell (Independent City)   ,0,0,0,0,0,0,0,0,0,0,0,0,0,0,0,0,0,0,0,0,0,0,0,0
201910,51,680,3,5,Lynchburg (Independent City)  ,8,8,1825325,0,0,0,0,0,0,0,0,0,8,8,1825325,0,0,0,0,0,0,0,0,0
201910,51,683,3,5,Manassas (Independent City)   ,7,7,1641361,1,2,242983,0,0,0,0,0,0,0,0,0,0,0,0,0,0,0,0,0,0
201910,51,685,3,5,Manassas Park (Independent Cit,0,0,0,0,0,0,0,0,0,0,0,0,0,0,0,0,0,0,0,0,0,0,0,0
201910,51,700,3,5,Newport News (Independent City,7,7,985400,0,0,0,0,0,0,0,0,0,7,7,985400,0,0,0,0,0,0,0,0,0
201910,51,710,3,5,Norfolk (Independent City)    ,23,23,5461504,0,0,0,0,0,0,0,0,0,23,23,5461504,0,0,0,0,0,0,0,0,0
201910,51,730,3,5,Petersburg (Independent City) ,3,3,608616,0,0,0,0,0,0,0,0,0,3,3,608616,0,0,0,0,0,0,0,0,0
201910,51,735,3,5,Poquoson (Independent City)   ,3,3,500000,0,0,0,0,0,0,0,0,0,3,3,500000,0,0,0,0,0,0,0,0,0
201910,51,740,3,5,Portsmouth (Independent City) ,5,5,565000,0,0,0,0,0,0,0,0,0,5,5,565000,0,0,0,0,0,0,0,0,0
201910,51,760,3,5,Richmond (Independent City)   ,20,20,4097952,0,0,0,5,15,970875,0,0,0,20,20,4097952,0,0,0,5,15,970875,0,0,0
201910,51,800,3,5,Suffolk (Independent City)    ,51,51,12110292,0,0,0,0,0,0,0,0,0,51,51,12110292,0,0,0,0,0,0,0,0,0
201910,51,810,3,5,Virginia Beach (Independent Ci,45,45,10367250,0,0,0,0,0,0,0,0,0,45,45,10367250,0,0,0,0,0,0,0,0,0
201910,51,830,3,5,Williamsburg (Independent City,0,0,0,0,0,0,0,0,0,0,0,0,0,0,0,0,0,0,0,0,0,0,0,0
201910,53,005,4,9,Benton County                 ,102,102,29980278,4,8,1398524,0,0,0,2,36,3878304,70,70,21223885,2,4,683569,0,0,0,1,5,766414
201910,53,011,4,9,Clark County                  ,275,275,80630038,0,0,0,0,0,0,4,123,12129299,112,112,31101162,0,0,0,0,0,0,4,123,12129299
201910,53,021,4,9,Franklin County               ,49,49,13440888,0,0,0,0,0,0,0,0,0,6,6,2078315,0,0,0,0,0,0,0,0,0
201910,53,031,4,9,Jefferson County              ,12,12,3215252,0,0,0,0,0,0,0,0,0,2,2,662919,0,0,0,0,0,0,0,0,0
201910,53,033,4,9,King County                   ,290,290,114676180,29,58,13151828,18,61,11772166,32,904,155445669,210,210,78729529,29,58,13151828,16,55,10042377,29,626,132228710
201910,53,035,4,9,Kitsap County                 ,70,70,21621312,1,2,394632,0,0,0,3,18,793680,70,70,21621312,1,2,394632,0,0,0,3,18,793680
201910,53,053,4,9,Pierce County                 ,263,263,77709177,1,2,303862,0,0,0,3,39,4002665,260,260,76728879,1,2,303862,0,0,0,2,28,2990746
201910,53,055,4,9,San Juan County               ,12,12,2993055,0,0,0,0,0,0,0,0,0,1,1,700000,0,0,0,0,0,0,0,0,0
201910,53,059,4,9,Skamania County               ,2,2,374991,2,4,350000,0,0,0,0,0,0,2,2,374991,2,4,350000,0,0,0,0,0,0
201910,53,061,4,9,Snohomish County              ,234,234,72295791,1,2,520582,4,12,2310838,6,85,9096200,216,216,67130194,1,2,520582,4,12,2310838,4,43,4588050
201910,54,011,3,5,Cabell County                 ,6,6,1781797,0,0,0,0,0,0,0,0,0,0,0,0,0,0,0,0,0,0,0,0,0
201910,54,015,3,5,Clay County                   ,3,3,75000,0,0,0,0,0,0,0,0,0,3,3,75000,0,0,0,0,0,0,0,0,0
201910,54,019,3,5,Fayette County                ,2,2,324898,0,0,0,0,0,0,0,0,0,2,2,324898,0,0,0,0,0,0,0,0,0
201910,54,037,3,5,Jefferson County              ,14,14,3692958,0,0,0,0,0,0,0,0,0,9,9,2624973,0,0,0,0,0,0,0,0,0
201910,54,081,3,5,Raleigh County                ,6,6,1411140,0,0,0,0,0,0,0,0,0,6,6,1411140,0,0,0,0,0,0,0,0,0
201910,55,025,2,3,Dane County                   ,128,128,42337183,3,6,898333,1,3,296250,9,112,9757671,101,101,34465447,2,4,500000,0,0,0,6,66,5690000
201910,55,031,2,3,Douglas County                ,9,9,2312196,0,0,0,0,0,0,0,0,0,9,9,2312196,0,0,0,0,0,0,0,0,0
201910,55,037,2,3,Florence County               ,2,2,114000,0,0,0,0,0,0,0,0,0,2,2,114000,0,0,0,0,0,0,0,0,0
201910,55,049,2,3,Iowa County                   ,6,6,1799000,2,4,500000,0,0,0,0,0,0,6,6,1799000,2,4,500000,0,0,0,0,0,0
201910,55,059,2,3,Kenosha County                ,34,34,12259054,0,0,0,0,0,0,1,7,560000,31,31,11199964,0,0,0,0,0,0,0,0,0
201910,55,079,2,3,Milwaukee County              ,14,14,4765403,1,2,142500,0,0,0,0,0,0,13,13,4467070,1,2,142500,0,0,0,0,0,0
201910,55,089,2,3,Ozaukee County                ,21,21,8330919,1,2,400000,0,0,0,1,16,1600000,11,11,3768057,1,2,400000,0,0,0,1,16,1600000
201910,55,093,2,3,Pierce County                 ,19,19,4007560,0,0,0,0,0,0,1,24,3042000,19,19,4007560,0,0,0,0,0,0,1,24,3042000
201910,55,109,2,3,St. Croix County              ,53,53,14492401,2,4,681846,0,0,0,0,0,0,42,42,12498092,1,2,424000,0,0,0,0,0,0
201910,55,131,2,3,Washington County             ,37,37,12729998,1,2,442500,0,0,0,0,0,0,31,31,10529097,0,0,0,0,0,0,0,0,0
201910,56,029,4,8,Park County                   ,11,11,2613413,0,0,0,0,0,0,0,0,0,8,8,1849175,0,0,0,0,0,0,0,0,0
201910,56,039,4,8,Teton County                  ,8,8,5598814,1,2,623319,0,0,0,0,0,0,6,6,4546800,0,0,0,0,0,0,0,0,0
