Survey,FIPS,FIPS,Region,Division,County,,1-unit,,,2-units,,,3-4 units,,,5+ units,,,1-unit rep,,,2-units rep,,,3-4 units rep,,, 5+units rep
Date,State,County,Code,Code,Name,Bldgs,Units,Value,Bldgs,Units,Value,Bldgs,Units,Value,Bldgs,Units,Value,Bldgs,Units,Value,Bldgs,Units,Value,Bldgs,Units,Value,Bldgs,Units,Value
 
201904,01,001,3,6,Autauga County                ,26,26,7555895,0,0,0,0,0,0,0,0,0,26,26,7555895,0,0,0,0,0,0,0,0,0
201904,01,007,3,6,Bibb County                   ,2,2,372000,0,0,0,0,0,0,0,0,0,2,2,372000,0,0,0,0,0,0,0,0,0
201904,01,009,3,6,Blount County                 ,3,3,485000,0,0,0,0,0,0,0,0,0,3,3,485000,0,0,0,0,0,0,0,0,0
201904,01,021,3,6,Chilton County                ,4,4,602000,0,0,0,0,0,0,0,0,0,4,4,602000,0,0,0,0,0,0,0,0,0
201904,01,073,3,6,Jefferson County              ,143,143,36798561,0,0,0,0,0,0,0,0,0,77,77,20957750,0,0,0,0,0,0,0,0,0
201904,01,081,3,6,Lee County                    ,130,130,34495561,2,4,639939,0,0,0,1,36,9412741,77,77,19287340,1,2,429270,0,0,0,0,0,0
201904,01,083,3,6,Limestone County              ,16,16,3965403,0,0,0,0,0,0,0,0,0,16,16,3965403,0,0,0,0,0,0,0,0,0
201904,01,089,3,6,Madison County                ,288,288,39395752,0,0,0,0,0,0,0,0,0,288,288,39395752,0,0,0,0,0,0,0,0,0
201904,01,113,3,6,Russell County                ,11,11,1513225,0,0,0,0,0,0,0,0,0,11,11,1513225,0,0,0,0,0,0,0,0,0
201904,01,115,3,6,St. Clair County              ,17,17,2956600,0,0,0,0,0,0,0,0,0,13,13,2140669,0,0,0,0,0,0,0,0,0
201904,01,117,3,6,Shelby County                 ,96,96,21051915,0,0,0,0,0,0,0,0,0,38,38,7066843,0,0,0,0,0,0,0,0,0
201904,01,127,3,6,Walker County                 ,3,3,529299,0,0,0,0,0,0,0,0,0,3,3,529299,0,0,0,0,0,0,0,0,0
201904,02,013,4,9,Aleutians East Borough        ,0,0,0,0,0,0,0,0,0,0,0,0,0,0,0,0,0,0,0,0,0,0,0,0
201904,02,016,4,9,Aleutians West Census Area    ,1,1,98118,0,0,0,0,0,0,0,0,0,0,0,0,0,0,0,0,0,0,0,0,0
201904,02,020,4,9,Anchorage Municipality        ,76,76,23806974,0,0,0,2,6,1042370,2,15,2371433,0,0,0,0,0,0,0,0,0,0,0,0
201904,02,050,4,9,Bethel Census Area            ,0,0,0,0,0,0,0,0,0,0,0,0,0,0,0,0,0,0,0,0,0,0,0,0
201904,02,060,4,9,Bristol Bay Borough           ,0,0,0,0,0,0,0,0,0,0,0,0,0,0,0,0,0,0,0,0,0,0,0,0
201904,02,070,4,9,Dillingham Census Area        ,0,0,0,0,0,0,0,0,0,0,0,0,0,0,0,0,0,0,0,0,0,0,0,0
201904,02,090,4,9,Fairbanks North Star Borough  ,0,0,0,0,0,0,0,0,0,0,0,0,0,0,0,0,0,0,0,0,0,0,0,0
201904,02,100,4,9,Haines Borough                ,1,1,278425,0,0,0,0,0,0,0,0,0,0,0,0,0,0,0,0,0,0,0,0,0
201904,02,105,4,9,Hoonah-Angoon Census Area     ,1,1,350000,0,0,0,0,0,0,0,0,0,1,1,350000,0,0,0,0,0,0,0,0,0
201904,02,110,4,9,Juneau City and Borough       ,16,16,2863384,0,0,0,0,0,0,1,5,977483,16,16,2863384,0,0,0,0,0,0,1,5,977483
201904,02,122,4,9,Kenai Peninsula Borough       ,7,7,1428687,1,2,110000,0,0,0,0,0,0,0,0,0,0,0,0,0,0,0,0,0,0
201904,02,130,4,9,Ketchikan Gateway Borough     ,5,5,1425891,0,0,0,0,0,0,0,0,0,5,5,1425891,0,0,0,0,0,0,0,0,0
201904,02,150,4,9,Kodiak Island Borough         ,2,2,1053005,0,0,0,0,0,0,0,0,0,2,2,1053005,0,0,0,0,0,0,0,0,0
201904,02,158,4,9,Kusilvak Census Area          ,0,0,0,0,0,0,0,0,0,0,0,0,0,0,0,0,0,0,0,0,0,0,0,0
201904,02,170,4,9,Matanuska-Susitna Borough     ,4,4,984603,1,2,344763,0,0,0,0,0,0,4,4,984603,1,2,344763,0,0,0,0,0,0
201904,02,180,4,9,Nome Census Area              ,0,0,0,0,0,0,0,0,0,0,0,0,0,0,0,0,0,0,0,0,0,0,0,0
201904,02,185,4,9,North Slope Borough           ,0,0,0,0,0,0,0,0,0,0,0,0,0,0,0,0,0,0,0,0,0,0,0,0
201904,02,188,4,9,Northwest Arctic Borough      ,1,1,460000,0,0,0,0,0,0,0,0,0,0,0,0,0,0,0,0,0,0,0,0,0
201904,02,195,4,9,Petersburg Borough            ,1,1,60000,0,0,0,0,0,0,0,0,0,1,1,60000,0,0,0,0,0,0,0,0,0
201904,02,198,4,9,Prince of Wales-Hyder Census A,0,0,0,0,0,0,0,0,0,0,0,0,0,0,0,0,0,0,0,0,0,0,0,0
201904,02,220,4,9,Sitka City and Borough        ,1,1,213914,0,0,0,0,0,0,0,0,0,0,0,0,0,0,0,0,0,0,0,0,0
201904,02,230,4,9,Skagway Municipality          ,1,1,50000,0,0,0,0,0,0,0,0,0,1,1,50000,0,0,0,0,0,0,0,0,0
201904,02,261,4,9,Valdez-Cordova Census Area    ,3,3,680000,0,0,0,0,0,0,0,0,0,3,3,680000,0,0,0,0,0,0,0,0,0
201904,02,275,4,9,Wrangell City and Borough     ,0,0,0,0,0,0,0,0,0,0,0,0,0,0,0,0,0,0,0,0,0,0,0,0
201904,02,282,4,9,Yakutat City and Borough      ,0,0,0,0,0,0,0,0,0,0,0,0,0,0,0,0,0,0,0,0,0,0,0,0
201904,02,290,4,9,Yukon-Koyukuk Census Area     ,0,0,0,0,0,0,0,0,0,0,0,0,0,0,0,0,0,0,0,0,0,0,0,0
201904,04,013,4,8,Maricopa County               ,1767,1767,508112878,22,44,4926656,1,3,667031,34,1468,184459415,1538,1538,439879321,20,40,4274984,1,3,667031,29,1349,166500149
201904,04,019,4,8,Pima County                   ,285,285,81555543,6,12,4213718,0,0,0,9,111,15738759,143,143,42031517,3,6,3497258,0,0,0,0,0,0
201904,04,021,4,8,Pinal County                  ,412,412,83568498,6,12,704203,0,0,0,0,0,0,100,100,21003692,0,0,0,0,0,0,0,0,0
201904,05,013,3,7,Calhoun County                ,0,0,0,0,0,0,0,0,0,0,0,0,0,0,0,0,0,0,0,0,0,0,0,0
201904,05,035,3,7,Crittenden County             ,2,2,333000,0,0,0,0,0,0,0,0,0,2,2,333000,0,0,0,0,0,0,0,0,0
201904,05,043,3,7,Drew County                   ,0,0,0,0,0,0,0,0,0,0,0,0,0,0,0,0,0,0,0,0,0,0,0,0
201904,05,045,3,7,Faulkner County               ,24,24,5304665,0,0,0,0,0,0,1,9,237758,6,6,1095000,0,0,0,0,0,0,0,0,0
201904,05,053,3,7,Grant County                  ,2,2,301111,0,0,0,0,0,0,0,0,0,0,0,0,0,0,0,0,0,0,0,0,0
201904,05,085,3,7,Lonoke County                 ,30,30,2707580,0,0,0,0,0,0,0,0,0,9,9,915275,0,0,0,0,0,0,0,0,0
201904,05,087,3,7,Madison County                ,2,2,210000,0,0,0,0,0,0,0,0,0,2,2,210000,0,0,0,0,0,0,0,0,0
201904,05,091,3,7,Miller County                 ,3,3,685280,0,0,0,0,0,0,0,0,0,0,0,0,0,0,0,0,0,0,0,0,0
201904,05,105,3,7,Perry County                  ,0,0,0,0,0,0,0,0,0,0,0,0,0,0,0,0,0,0,0,0,0,0,0,0
201904,05,119,3,7,Pulaski County                ,84,84,20909285,1,2,289000,0,0,0,0,0,0,84,84,20909285,1,2,289000,0,0,0,0,0,0
201904,05,129,3,7,Searcy County                 ,0,0,0,0,0,0,0,0,0,0,0,0,0,0,0,0,0,0,0,0,0,0,0,0
201904,05,143,3,7,Washington County             ,155,155,45027390,4,8,1375115,1,3,180933,0,0,0,132,132,41892741,2,4,1068339,0,0,0,0,0,0
201904,06,001,4,9,Alameda County                ,279,279,111856694,2,4,941252,5,18,4863738,14,451,69193247,248,248,100955152,1,2,349717,4,15,4007027,9,401,60066890
201904,06,013,4,9,Contra Costa County           ,147,147,48806986,0,0,0,0,0,0,1,5,1007936,130,130,43470606,0,0,0,0,0,0,0,0,0
201904,06,017,4,9,El Dorado County              ,46,46,14622109,0,0,0,0,0,0,0,0,0,46,46,14622109,0,0,0,0,0,0,0,0,0
201904,06,019,4,9,Fresno County                 ,161,161,48054253,5,10,2123182,17,51,3246646,6,59,5840501,88,88,27842209,0,0,0,16,48,3122324,0,0,0
201904,06,037,4,9,Los Angeles County            ,473,473,164447852,70,140,25629576,7,21,3849367,35,549,100491590,398,398,127065613,68,136,24843260,0,0,0,27,455,83008083
201904,06,041,4,9,Marin County                  ,8,8,6319699,0,0,0,0,0,0,0,0,0,4,4,2833807,0,0,0,0,0,0,0,0,0
201904,06,059,4,9,Orange County                 ,421,421,131864579,4,8,2531892,3,9,2003185,5,225,25890144,370,370,112590625,1,2,531856,3,9,2003185,3,182,18884893
201904,06,061,4,9,Placer County                 ,146,146,46569556,0,0,0,0,0,0,0,0,0,146,146,46569556,0,0,0,0,0,0,0,0,0
201904,06,063,4,9,Plumas County                 ,4,4,553322,0,0,0,0,0,0,0,0,0,4,4,553322,0,0,0,0,0,0,0,0,0
201904,06,067,4,9,Sacramento County             ,365,365,101967785,2,4,702410,0,0,0,3,180,23635543,363,363,101489741,2,4,702410,0,0,0,3,180,23635543
201904,06,069,4,9,San Benito County             ,49,49,11802592,0,0,0,0,0,0,0,0,0,0,0,0,0,0,0,0,0,0,0,0,0
201904,06,071,4,9,San Bernardino County         ,347,347,78669053,0,0,0,2,8,1422073,10,221,28274739,264,264,59466879,0,0,0,2,8,1422073,8,183,26123928
201904,06,073,4,9,San Diego County              ,289,289,107798093,1,2,261286,26,91,21992389,22,530,73777112,256,256,96428452,0,0,0,26,91,21992389,18,494,70522384
201904,06,075,4,9,San Francisco County          ,2,2,539585,5,10,1748586,1,3,462863,4,347,135252619,2,2,539585,5,10,1748586,1,3,462863,4,347,135252619
201904,06,081,4,9,San Mateo County              ,33,33,31108789,1,2,402000,0,0,0,1,32,5562835,18,18,22375607,0,0,0,0,0,0,0,0,0
201904,06,085,4,9,Santa Clara County            ,205,205,80402929,0,0,0,1,4,1236670,10,274,43483934,162,162,66807007,0,0,0,0,0,0,7,46,9643292
201904,06,091,4,9,Sierra County                 ,0,0,0,0,0,0,0,0,0,0,0,0,0,0,0,0,0,0,0,0,0,0,0,0
201904,06,113,4,9,Yolo County                   ,92,92,30222851,0,0,0,0,0,0,0,0,0,91,91,29741979,0,0,0,0,0,0,0,0,0
201904,08,001,4,8,Adams County                  ,196,196,50680528,2,4,125976,0,0,0,0,0,0,196,196,50680528,2,4,125976,0,0,0,0,0,0
201904,08,005,4,8,Arapahoe County               ,173,173,50331329,1,2,406062,0,0,0,1,12,617760,170,170,49987106,1,2,406062,0,0,0,1,12,617760
201904,08,014,4,8,Broomfield County             ,26,26,8595961,0,0,0,0,0,0,0,0,0,26,26,8595961,0,0,0,0,0,0,0,0,0
201904,08,015,4,8,Chaffee County                ,12,12,3179332,0,0,0,1,3,549700,0,0,0,0,0,0,0,0,0,0,0,0,0,0,0
201904,08,019,4,8,Clear Creek County            ,2,2,674325,0,0,0,0,0,0,0,0,0,0,0,0,0,0,0,0,0,0,0,0,0
201904,08,031,4,8,Denver County                 ,180,180,48562684,0,0,0,0,0,0,2,625,16150000,180,180,48562684,0,0,0,0,0,0,2,625,16150000
201904,08,035,4,8,Douglas County                ,252,252,77440751,0,0,0,0,0,0,2,48,6499156,246,246,75395510,0,0,0,0,0,0,2,48,6499156
201904,08,039,4,8,Elbert County                 ,26,26,7447802,0,0,0,0,0,0,0,0,0,26,26,7447802,0,0,0,0,0,0,0,0,0
201904,08,041,4,8,El Paso County                ,380,380,138672269,0,0,0,1,4,478699,3,156,21980616,380,380,138672269,0,0,0,1,4,478699,3,156,21980616
201904,08,047,4,8,Gilpin County                 ,3,3,809378,0,0,0,0,0,0,0,0,0,3,3,809378,0,0,0,0,0,0,0,0,0
201904,08,059,4,8,Jefferson County              ,71,71,18536652,0,0,0,0,0,0,0,0,0,71,71,18536652,0,0,0,0,0,0,0,0,0
201904,08,069,4,8,Larimer County                ,108,108,30995326,0,0,0,1,3,206922,2,10,1282620,108,108,30995326,0,0,0,1,3,206922,2,10,1282620
201904,08,077,4,8,Mesa County                   ,79,79,11579472,0,0,0,0,0,0,0,0,0,79,79,11579472,0,0,0,0,0,0,0,0,0
201904,08,093,4,8,Park County                   ,18,18,4671280,0,0,0,0,0,0,0,0,0,18,18,4671280,0,0,0,0,0,0,0,0,0
201904,08,101,4,8,Pueblo County                 ,43,43,7128700,0,0,0,0,0,0,0,0,0,43,43,7128700,0,0,0,0,0,0,0,0,0
201904,08,119,4,8,Teller County                 ,7,7,1881530,0,0,0,0,0,0,0,0,0,7,7,1881530,0,0,0,0,0,0,0,0,0
201904,09,001,1,1,Fairfield County              ,66,66,49936680,2,4,921200,0,0,0,5,382,87432614,46,46,31755101,1,2,800000,0,0,0,3,368,82290204
201904,09,003,1,1,Hartford County               ,54,54,9687741,0,0,0,0,0,0,3,18,1120546,41,41,6575015,0,0,0,0,0,0,0,0,0
201904,09,007,1,1,Middlesex County              ,16,16,4197554,0,0,0,0,0,0,0,0,0,12,12,3434204,0,0,0,0,0,0,0,0,0
201904,09,013,1,1,Tolland County                ,14,14,3286759,0,0,0,0,0,0,3,20,1845971,9,9,2207667,0,0,0,0,0,0,1,8,700000
201904,10,001,3,5,Kent County                   ,115,115,17243315,0,0,0,0,0,0,1,5,487486,113,113,16810488,0,0,0,0,0,0,0,0,0
201904,10,003,3,5,New Castle County             ,151,151,13409486,1,2,113952,0,0,0,0,0,0,147,147,12516676,1,2,113952,0,0,0,0,0,0
201904,10,005,3,5,Sussex County                 ,113,113,15165063,1,2,255000,0,0,0,4,25,4038934,113,113,15165063,1,2,255000,0,0,0,4,25,4038934
201904,11,001,3,5,Washington  DC                ,31,31,7328614,6,12,1457899,0,0,0,3,430,47036497,31,31,7328614,6,12,1457899,0,0,0,3,430,47036497
201904,12,003,3,5,Baker County                  ,3,3,634364,0,0,0,0,0,0,0,0,0,3,3,634364,0,0,0,0,0,0,0,0,0
201904,12,019,3,5,Clay County                   ,111,111,24199816,0,0,0,0,0,0,0,0,0,111,111,24199816,0,0,0,0,0,0,0,0,0
201904,12,029,3,5,Dixie County                  ,3,3,378970,0,0,0,0,0,0,0,0,0,0,0,0,0,0,0,0,0,0,0,0,0
201904,12,031,3,5,Duval County                  ,388,388,92719369,0,0,0,0,0,0,0,0,0,388,388,92719369,0,0,0,0,0,0,0,0,0
201904,12,033,3,5,Escambia County               ,116,116,27325310,1,2,85000,0,0,0,1,93,10436732,116,116,27325310,1,2,85000,0,0,0,1,93,10436732
201904,12,053,3,5,Hernando County               ,84,84,14858971,0,0,0,0,0,0,0,0,0,84,84,14858971,0,0,0,0,0,0,0,0,0
201904,12,057,3,5,Hillsborough County           ,782,782,48203483,0,0,0,0,0,0,16,619,77089556,782,782,48203483,0,0,0,0,0,0,16,619,77089556
201904,12,067,3,5,Lafayette County              ,0,0,0,0,0,0,0,0,0,0,0,0,0,0,0,0,0,0,0,0,0,0,0,0
201904,12,071,3,5,Lee County                    ,508,508,110717429,10,20,2497417,2,8,2570477,3,17,4132867,495,495,108048446,9,18,2311690,2,8,2570477,2,12,3066691
201904,12,073,3,5,Leon County                   ,56,56,11207534,1,2,221600,0,0,0,4,116,15324878,0,0,0,0,0,0,0,0,0,0,0,0
201904,12,081,3,5,Manatee County                ,269,269,54155416,0,0,0,4,16,2337060,8,253,28380000,268,268,54007768,0,0,0,4,16,2337060,8,253,28380000
201904,12,086,3,5,Miami-Dade County             ,212,212,64417677,9,18,3259838,1,4,705390,15,1066,203347799,203,203,59307959,9,18,3259838,1,4,705390,13,985,193456107
201904,12,089,3,5,Nassau County                 ,121,121,35941379,0,0,0,0,0,0,0,0,0,106,106,31913648,0,0,0,0,0,0,0,0,0
201904,12,091,3,5,Okaloosa County               ,65,65,19123493,0,0,0,1,4,500000,1,5,600000,45,45,15093280,0,0,0,1,4,500000,1,5,600000
201904,12,095,3,5,Orange County                 ,418,418,125621254,7,14,2828927,0,0,0,7,328,39092105,418,418,125621254,7,14,2828927,0,0,0,7,328,39092105
201904,12,097,3,5,Osceola County                ,491,491,95058249,0,0,0,1,4,1324160,6,240,21742160,491,491,95058249,0,0,0,1,4,1324160,6,240,21742160
201904,12,101,3,5,Pasco County                  ,248,248,48174997,3,6,688000,0,0,0,4,25,1053383,247,247,48080279,3,6,688000,0,0,0,3,20,622133
201904,12,103,3,5,Pinellas County               ,50,50,18713616,0,0,0,0,0,0,2,303,29397889,48,48,17954258,0,0,0,0,0,0,1,298,27117889
201904,12,109,3,5,St. Johns County              ,289,289,70758355,5,10,1880060,0,0,0,8,254,26704736,289,289,70758355,5,10,1880060,0,0,0,8,254,26704736
201904,12,113,3,5,Santa Rosa County             ,152,152,35933850,0,0,0,0,0,0,0,0,0,152,152,35933850,0,0,0,0,0,0,0,0,0
201904,12,115,3,5,Sarasota County               ,243,243,71793710,0,0,0,2,8,1517602,8,126,51993127,124,124,42062939,0,0,0,0,0,0,7,121,51056794
201904,12,117,3,5,Seminole County               ,165,165,46740091,0,0,0,0,0,0,11,264,25096983,161,161,45796122,0,0,0,0,0,0,10,240,23063440
201904,12,119,3,5,Sumter County                 ,208,208,55258807,0,0,0,0,0,0,7,265,45000000,208,208,55258807,0,0,0,0,0,0,7,265,45000000
201904,12,129,3,5,Wakulla County                ,26,26,4862373,0,0,0,0,0,0,0,0,0,26,26,4862373,0,0,0,0,0,0,0,0,0
201904,12,131,3,5,Walton County                 ,124,124,61196017,2,4,403206,2,8,1244810,12,246,28349077,124,124,61196017,2,4,403206,2,8,1244810,12,246,28349077
201904,12,133,3,5,Washington County             ,4,4,554952,0,0,0,0,0,0,0,0,0,0,0,0,0,0,0,0,0,0,0,0,0
201904,13,007,3,5,Baker County                  ,0,0,0,0,0,0,0,0,0,0,0,0,0,0,0,0,0,0,0,0,0,0,0,0
201904,13,013,3,5,Barrow County                 ,52,52,6371996,0,0,0,0,0,0,1,14,1001133,29,29,3760925,0,0,0,0,0,0,0,0,0
201904,13,015,3,5,Bartow County                 ,54,54,7234880,0,0,0,0,0,0,0,0,0,13,13,4303249,0,0,0,0,0,0,0,0,0
201904,13,021,3,5,Bibb County                   ,0,0,0,0,0,0,0,0,0,0,0,0,0,0,0,0,0,0,0,0,0,0,0,0
201904,13,029,3,5,Bryan County                  ,51,51,11779396,0,0,0,0,0,0,0,0,0,51,51,11779396,0,0,0,0,0,0,0,0,0
201904,13,033,3,5,Burke County                  ,8,8,1120000,0,0,0,0,0,0,0,0,0,8,8,1120000,0,0,0,0,0,0,0,0,0
201904,13,035,3,5,Butts County                  ,8,8,2403400,0,0,0,0,0,0,0,0,0,8,8,2403400,0,0,0,0,0,0,0,0,0
201904,13,045,3,5,Carroll County                ,69,69,17369066,0,0,0,0,0,0,0,0,0,69,69,17369066,0,0,0,0,0,0,0,0,0
201904,13,051,3,5,Chatham County                ,111,111,26586490,0,0,0,0,0,0,0,0,0,59,59,14634651,0,0,0,0,0,0,0,0,0
201904,13,057,3,5,Cherokee County               ,169,169,52701417,0,0,0,0,0,0,0,0,0,169,169,52701417,0,0,0,0,0,0,0,0,0
201904,13,059,3,5,Clarke County                 ,27,27,4563061,0,0,0,0,0,0,0,0,0,27,27,4563061,0,0,0,0,0,0,0,0,0
201904,13,063,3,5,Clayton County                ,7,7,1654848,0,0,0,0,0,0,0,0,0,7,7,1654848,0,0,0,0,0,0,0,0,0
201904,13,067,3,5,Cobb County                   ,134,134,38513800,0,0,0,7,22,4539160,9,244,26833827,119,119,35696893,0,0,0,7,22,4539160,9,244,26833827
201904,13,073,3,5,Columbia County               ,73,73,13316799,0,0,0,0,0,0,0,0,0,73,73,13316799,0,0,0,0,0,0,0,0,0
201904,13,077,3,5,Coweta County                 ,78,78,26505895,0,0,0,0,0,0,0,0,0,75,75,25772413,0,0,0,0,0,0,0,0,0
201904,13,085,3,5,Dawson County                 ,20,20,5355999,0,0,0,0,0,0,0,0,0,3,3,667668,0,0,0,0,0,0,0,0,0
201904,13,095,3,5,Dougherty County              ,1,1,165000,0,0,0,0,0,0,0,0,0,1,1,165000,0,0,0,0,0,0,0,0,0
201904,13,097,3,5,Douglas County                ,19,19,2246681,0,0,0,0,0,0,0,0,0,19,19,2246681,0,0,0,0,0,0,0,0,0
201904,13,111,3,5,Fannin County                 ,28,28,5465012,0,0,0,0,0,0,0,0,0,28,28,5465012,0,0,0,0,0,0,0,0,0
201904,13,113,3,5,Fayette County                ,52,52,14955459,0,0,0,0,0,0,0,0,0,21,21,6969071,0,0,0,0,0,0,0,0,0
201904,13,115,3,5,Floyd County                  ,15,15,2602263,0,0,0,0,0,0,0,0,0,0,0,0,0,0,0,0,0,0,0,0,0
201904,13,117,3,5,Forsyth County                ,217,217,35947852,0,0,0,0,0,0,0,0,0,217,217,35947852,0,0,0,0,0,0,0,0,0
201904,13,121,3,5,Fulton County                 ,359,359,82888440,0,0,0,0,0,0,7,614,115075185,353,353,82257638,0,0,0,0,0,0,7,614,115075185
201904,13,127,3,5,Glynn County                  ,50,50,14610042,0,0,0,0,0,0,0,0,0,0,0,0,0,0,0,0,0,0,0,0,0
201904,13,135,3,5,Gwinnett County               ,261,261,62560916,0,0,0,0,0,0,0,0,0,254,254,60506857,0,0,0,0,0,0,0,0,0
201904,13,143,3,5,Haralson County               ,4,4,915362,0,0,0,0,0,0,0,0,0,0,0,0,0,0,0,0,0,0,0,0,0
201904,13,145,3,5,Harris County                 ,28,28,7113990,0,0,0,0,0,0,0,0,0,28,28,7113990,0,0,0,0,0,0,0,0,0
201904,13,149,3,5,Heard County                  ,6,6,1418441,0,0,0,0,0,0,0,0,0,6,6,1418441,0,0,0,0,0,0,0,0,0
201904,13,151,3,5,Henry County                  ,98,98,21447050,0,0,0,0,0,0,0,0,0,98,98,21447050,0,0,0,0,0,0,0,0,0
201904,13,159,3,5,Jasper County                 ,7,7,937818,0,0,0,0,0,0,0,0,0,0,0,0,0,0,0,0,0,0,0,0,0
201904,13,171,3,5,Lamar County                  ,12,12,1182040,0,0,0,0,0,0,0,0,0,12,12,1182040,0,0,0,0,0,0,0,0,0
201904,13,177,3,5,Lee County                    ,32,32,2681316,0,0,0,0,0,0,0,0,0,0,0,0,0,0,0,0,0,0,0,0,0
201904,13,179,3,5,Liberty County                ,26,26,5619660,0,0,0,0,0,0,0,0,0,26,26,5619660,0,0,0,0,0,0,0,0,0
201904,13,189,3,5,McDuffie County               ,3,3,552400,0,0,0,0,0,0,0,0,0,0,0,0,0,0,0,0,0,0,0,0,0
201904,13,199,3,5,Meriwether County             ,4,4,924060,0,0,0,0,0,0,0,0,0,0,0,0,0,0,0,0,0,0,0,0,0
201904,13,201,3,5,Miller County                 ,1,1,200000,0,0,0,0,0,0,0,0,0,1,1,200000,0,0,0,0,0,0,0,0,0
201904,13,207,3,5,Monroe County                 ,12,12,2704930,0,0,0,0,0,0,0,0,0,0,0,0,0,0,0,0,0,0,0,0,0
201904,13,215,3,5,Muscogee County               ,29,29,5663162,0,0,0,1,4,246186,1,14,2452907,0,0,0,0,0,0,0,0,0,0,0,0
201904,13,217,3,5,Newton County                 ,51,51,10060869,0,0,0,0,0,0,0,0,0,51,51,10060869,0,0,0,0,0,0,0,0,0
201904,13,227,3,5,Pickens County                ,12,12,2822489,0,0,0,0,0,0,0,0,0,0,0,0,0,0,0,0,0,0,0,0,0
201904,13,231,3,5,Pike County                   ,8,8,1569412,0,0,0,0,0,0,0,0,0,0,0,0,0,0,0,0,0,0,0,0,0
201904,13,235,3,5,Pulaski County                ,1,1,285000,0,0,0,0,0,0,0,0,0,1,1,285000,0,0,0,0,0,0,0,0,0
201904,13,245,3,5,Richmond County               ,15,15,2133838,0,0,0,0,0,0,0,0,0,15,15,2133838,0,0,0,0,0,0,0,0,0
201904,13,247,3,5,Rockdale County               ,16,16,3117516,0,0,0,0,0,0,0,0,0,16,16,3117516,0,0,0,0,0,0,0,0,0
201904,13,255,3,5,Spalding County               ,21,21,1845789,0,0,0,0,0,0,0,0,0,21,21,1845789,0,0,0,0,0,0,0,0,0
201904,13,275,3,5,Thomas County                 ,4,4,764650,0,0,0,0,0,0,0,0,0,2,2,393585,0,0,0,0,0,0,0,0,0
201904,13,291,3,5,Union County                  ,19,19,5362113,0,0,0,0,0,0,0,0,0,19,19,5362113,0,0,0,0,0,0,0,0,0
201904,15,001,4,9,Hawaii County                 ,48,48,17435504,0,0,0,0,0,0,0,0,0,48,48,17435504,0,0,0,0,0,0,0,0,0
201904,15,003,4,9,Honolulu County               ,60,60,26481102,0,0,0,0,0,0,0,0,0,60,60,26481102,0,0,0,0,0,0,0,0,0
201904,15,007,4,9,Kauai County                  ,12,12,10752097,2,4,1585175,0,0,0,0,0,0,12,12,10752097,2,4,1585175,0,0,0,0,0,0
201904,15,009,4,9,Maui County                   ,27,27,9961060,1,2,350000,0,0,0,0,0,0,27,27,9961060,1,2,350000,0,0,0,0,0,0
201904,16,001,4,8,Ada County                    ,379,379,102812310,2,4,894213,4,15,1540508,6,63,5801873,180,180,53107656,2,4,894213,1,3,552656,0,0,0
201904,16,015,4,8,Boise County                  ,7,7,2528756,0,0,0,0,0,0,0,0,0,7,7,2528756,0,0,0,0,0,0,0,0,0
201904,16,027,4,8,Canyon County                 ,250,250,35076577,0,0,0,2,8,641952,4,60,5188836,232,232,30988934,0,0,0,2,8,641952,4,60,5188836
201904,16,045,4,8,Gem County                    ,9,9,1402903,0,0,0,0,0,0,0,0,0,8,8,1284394,0,0,0,0,0,0,0,0,0
201904,16,073,4,8,Owyhee County                 ,4,4,755007,1,2,363316,0,0,0,0,0,0,1,1,176517,0,0,0,0,0,0,0,0,0
201904,17,005,2,3,Bond County                   ,1,1,176208,0,0,0,0,0,0,0,0,0,0,0,0,0,0,0,0,0,0,0,0,0
201904,17,013,2,3,Calhoun County                ,0,0,0,0,0,0,0,0,0,0,0,0,0,0,0,0,0,0,0,0,0,0,0,0
201904,17,031,2,3,Cook County                   ,135,135,43306871,1,2,650000,16,51,7731788,16,1392,199766939,113,113,36686695,1,2,650000,16,51,7731788,15,1387,198734395
201904,17,037,2,3,DeKalb County                 ,9,9,1969000,0,0,0,0,0,0,0,0,0,9,9,1969000,0,0,0,0,0,0,0,0,0
201904,17,039,2,3,De Witt County                ,0,0,0,0,0,0,0,0,0,0,0,0,0,0,0,0,0,0,0,0,0,0,0,0
201904,17,043,2,3,DuPage County                 ,95,95,36535936,1,2,336550,0,0,0,1,19,450674,83,83,31980183,0,0,0,0,0,0,0,0,0
201904,17,063,2,3,Grundy County                 ,13,13,2151596,0,0,0,0,0,0,1,14,717948,11,11,1740333,0,0,0,0,0,0,0,0,0
201904,17,083,2,3,Jersey County                 ,5,5,1084181,0,0,0,0,0,0,0,0,0,4,4,928572,0,0,0,0,0,0,0,0,0
201904,17,093,2,3,Kendall County                ,26,26,3777383,0,0,0,0,0,0,0,0,0,21,21,2642530,0,0,0,0,0,0,0,0,0
201904,17,097,2,3,Lake County                   ,74,74,25253805,1,2,83333,0,0,0,4,38,7550957,44,44,12364307,0,0,0,0,0,0,0,0,0
201904,17,111,2,3,McHenry County                ,37,37,6473379,0,0,0,1,3,443333,0,0,0,27,27,4471647,0,0,0,0,0,0,0,0,0
201904,17,119,2,3,Madison County                ,41,41,11230329,0,0,0,0,0,0,1,5,508029,32,32,9397065,0,0,0,0,0,0,0,0,0
201904,17,133,2,3,Monroe County                 ,11,11,2751779,0,0,0,0,0,0,0,0,0,11,11,2751779,0,0,0,0,0,0,0,0,0
201904,17,197,2,3,Will County                   ,110,110,30225798,1,2,455800,0,0,0,0,0,0,83,83,24034037,1,2,455800,0,0,0,0,0,0
201904,18,003,2,3,Allen County                  ,117,117,30246045,0,0,0,0,0,0,1,16,161500,117,117,30246045,0,0,0,0,0,0,1,16,161500
201904,18,011,2,3,Boone County                  ,37,37,10438311,0,0,0,0,0,0,0,0,0,34,34,9960400,0,0,0,0,0,0,0,0,0
201904,18,013,2,3,Brown County                  ,7,7,1809592,0,0,0,0,0,0,0,0,0,7,7,1809592,0,0,0,0,0,0,0,0,0
201904,18,019,2,3,Clark County                  ,45,45,9120891,3,6,495000,0,0,0,0,0,0,39,39,7253724,3,6,495000,0,0,0,0,0,0
201904,18,047,2,3,Franklin County               ,5,5,2179910,0,0,0,0,0,0,0,0,0,5,5,2179910,0,0,0,0,0,0,0,0,0
201904,18,057,2,3,Hamilton County               ,237,237,75366755,1,2,400000,0,0,0,1,112,18024895,233,233,74265722,1,2,400000,0,0,0,1,112,18024895
201904,18,059,2,3,Hancock County                ,73,73,31969997,0,0,0,0,0,0,0,0,0,73,73,31969997,0,0,0,0,0,0,0,0,0
201904,18,061,2,3,Harrison County               ,18,18,4686500,0,0,0,0,0,0,0,0,0,18,18,4686500,0,0,0,0,0,0,0,0,0
201904,18,063,2,3,Hendricks County              ,73,73,18902156,1,2,317771,1,3,678600,1,33,2285806,42,42,12058119,0,0,0,0,0,0,0,0,0
201904,18,069,2,3,Huntington County             ,3,3,896572,0,0,0,0,0,0,0,0,0,3,3,896572,0,0,0,0,0,0,0,0,0
201904,18,073,2,3,Jasper County                 ,15,15,3199582,0,0,0,0,0,0,0,0,0,14,14,3049582,0,0,0,0,0,0,0,0,0
201904,18,081,2,3,Johnson County                ,74,74,19625950,0,0,0,0,0,0,0,0,0,71,71,19279243,0,0,0,0,0,0,0,0,0
201904,18,087,2,3,Lagrange County               ,18,18,3596995,0,0,0,0,0,0,0,0,0,18,18,3596995,0,0,0,0,0,0,0,0,0
201904,18,089,2,3,Lake County                   ,102,102,26851795,8,16,1843800,0,0,0,0,0,0,95,95,25116344,8,16,1843800,0,0,0,0,0,0
201904,18,097,2,3,Marion County                 ,128,128,33064584,0,0,0,1,4,850000,2,189,23350000,122,122,31538611,0,0,0,1,4,850000,2,189,23350000
201904,18,105,2,3,Monroe County                 ,25,25,6450000,2,4,478303,0,0,0,1,25,2901872,0,0,0,0,0,0,0,0,0,0,0,0
201904,18,109,2,3,Morgan County                 ,22,22,6934048,0,0,0,0,0,0,0,0,0,22,22,6934048,0,0,0,0,0,0,0,0,0
201904,18,111,2,3,Newton County                 ,3,3,552672,0,0,0,0,0,0,0,0,0,1,1,147000,0,0,0,0,0,0,0,0,0
201904,18,115,2,3,Ohio County                   ,4,4,525000,0,0,0,0,0,0,0,0,0,4,4,525000,0,0,0,0,0,0,0,0,0
201904,18,119,2,3,Owen County                   ,4,4,895541,0,0,0,0,0,0,0,0,0,0,0,0,0,0,0,0,0,0,0,0,0
201904,18,127,2,3,Porter County                 ,47,47,14110335,3,6,930698,0,0,0,1,8,990279,37,37,12658949,3,6,930698,0,0,0,1,8,990279
201904,18,133,2,3,Putnam County                 ,13,13,3326899,0,0,0,0,0,0,0,0,0,12,12,3102158,0,0,0,0,0,0,0,0,0
201904,18,145,2,3,Shelby County                 ,7,7,1397830,0,0,0,0,0,0,0,0,0,7,7,1397830,0,0,0,0,0,0,0,0,0
201904,18,151,2,3,Steuben County                ,14,14,2728862,1,2,550000,0,0,0,0,0,0,14,14,2728862,1,2,550000,0,0,0,0,0,0
201904,18,157,2,3,Tippecanoe County             ,43,43,10478904,0,0,0,0,0,0,1,14,1368421,1,1,400000,0,0,0,0,0,0,0,0,0
201904,18,163,2,3,Vanderburgh County            ,46,46,8978210,6,12,720000,0,0,0,0,0,0,46,46,8978210,6,12,720000,0,0,0,0,0,0
201904,18,167,2,3,Vigo County                   ,2,2,372720,2,4,421636,0,0,0,1,15,1037903,0,0,0,1,2,284000,0,0,0,0,0,0
201904,18,175,2,3,Washington County             ,4,4,1083704,0,0,0,0,0,0,0,0,0,0,0,0,0,0,0,0,0,0,0,0,0
201904,18,183,2,3,Whitley County                ,6,6,1440000,0,0,0,0,0,0,0,0,0,6,6,1440000,0,0,0,0,0,0,0,0,0
201904,19,049,2,4,Dallas County                 ,54,54,14752317,0,0,0,0,0,0,0,0,0,54,54,14752317,0,0,0,0,0,0,0,0,0
201904,19,085,2,4,Harrison County               ,5,5,650000,0,0,0,0,0,0,0,0,0,5,5,650000,0,0,0,0,0,0,0,0,0
201904,19,129,2,4,Mills County                  ,1,1,350000,0,0,0,0,0,0,0,0,0,1,1,350000,0,0,0,0,0,0,0,0,0
201904,19,153,2,4,Polk County                   ,272,272,69665248,3,6,1090542,0,0,0,0,0,0,272,272,69665248,3,6,1090542,0,0,0,0,0,0
201904,19,181,2,4,Warren County                 ,38,38,10661534,0,0,0,0,0,0,0,0,0,36,36,10177665,0,0,0,0,0,0,0,0,0
201904,20,061,2,4,Geary County                  ,1,1,131208,0,0,0,0,0,0,0,0,0,0,0,0,0,0,0,0,0,0,0,0,0
201904,20,091,2,4,Johnson County                ,143,143,48251273,0,0,0,1,4,605193,2,163,4019781,82,82,26620182,0,0,0,0,0,0,1,134,1569740
201904,20,103,2,4,Leavenworth County            ,24,24,5459294,0,0,0,0,0,0,0,0,0,24,24,5459294,0,0,0,0,0,0,0,0,0
201904,20,107,2,4,Linn County                   ,5,5,488942,0,0,0,0,0,0,0,0,0,0,0,0,0,0,0,0,0,0,0,0,0
201904,20,121,2,4,Miami County                  ,6,6,1684560,0,0,0,0,0,0,0,0,0,1,1,170000,0,0,0,0,0,0,0,0,0
201904,20,209,2,4,Wyandotte County              ,28,28,5017442,1,2,197214,0,0,0,0,0,0,2,2,700000,0,0,0,0,0,0,0,0,0
201904,21,005,3,6,Anderson County               ,7,7,1261075,0,0,0,0,0,0,0,0,0,7,7,1261075,0,0,0,0,0,0,0,0,0
201904,21,015,3,6,Boone County                  ,44,44,7689714,0,0,0,0,0,0,1,8,736005,44,44,7689714,0,0,0,0,0,0,1,8,736005
201904,21,017,3,6,Bourbon County                ,7,7,1965900,0,0,0,0,0,0,0,0,0,7,7,1965900,0,0,0,0,0,0,0,0,0
201904,21,021,3,6,Boyle County                  ,1,1,50000,0,0,0,0,0,0,0,0,0,1,1,50000,0,0,0,0,0,0,0,0,0
201904,21,029,3,6,Bullitt County                ,47,47,12465544,1,2,280000,3,12,780000,0,0,0,47,47,12465544,1,2,280000,3,12,780000,0,0,0
201904,21,035,3,6,Calloway County               ,1,1,166000,0,0,0,0,0,0,0,0,0,1,1,166000,0,0,0,0,0,0,0,0,0
201904,21,037,3,6,Campbell County               ,14,14,3049970,0,0,0,1,3,315750,1,5,409345,0,0,0,0,0,0,0,0,0,0,0,0
201904,21,045,3,6,Casey County                  ,0,0,0,0,0,0,0,0,0,0,0,0,0,0,0,0,0,0,0,0,0,0,0,0
201904,21,047,3,6,Christian County              ,6,6,676400,0,0,0,0,0,0,0,0,0,4,4,534000,0,0,0,0,0,0,0,0,0
201904,21,049,3,6,Clark County                  ,4,4,850205,0,0,0,0,0,0,1,5,346250,0,0,0,0,0,0,0,0,0,0,0,0
201904,21,067,3,6,Fayette County                ,69,69,11124261,1,2,204889,0,0,0,2,59,4320015,0,0,0,0,0,0,0,0,0,0,0,0
201904,21,069,3,6,Fleming County                ,0,0,0,0,0,0,0,0,0,0,0,0,0,0,0,0,0,0,0,0,0,0,0,0
201904,21,077,3,6,Gallatin County               ,2,2,345043,0,0,0,0,0,0,0,0,0,0,0,0,0,0,0,0,0,0,0,0,0
201904,21,081,3,6,Grant County                  ,11,11,2067800,0,0,0,0,0,0,0,0,0,11,11,2067800,0,0,0,0,0,0,0,0,0
201904,21,091,3,6,Hancock County                ,0,0,0,0,0,0,0,0,0,0,0,0,0,0,0,0,0,0,0,0,0,0,0,0
201904,21,099,3,6,Hart County                   ,2,2,125000,0,0,0,0,0,0,0,0,0,2,2,125000,0,0,0,0,0,0,0,0,0
201904,21,101,3,6,Henderson County              ,4,4,983113,0,0,0,0,0,0,1,6,595000,4,4,983113,0,0,0,0,0,0,1,6,595000
201904,21,103,3,6,Henry County                  ,1,1,290000,0,0,0,0,0,0,0,0,0,1,1,290000,0,0,0,0,0,0,0,0,0
201904,21,111,3,6,Jefferson County              ,118,118,32558836,0,0,0,0,0,0,14,320,9875000,118,118,32558836,0,0,0,0,0,0,14,320,9875000
201904,21,113,3,6,Jessamine County              ,18,18,3851177,0,0,0,0,0,0,0,0,0,6,6,2123000,0,0,0,0,0,0,0,0,0
201904,21,115,3,6,Johnson County                ,0,0,0,0,0,0,0,0,0,0,0,0,0,0,0,0,0,0,0,0,0,0,0,0
201904,21,117,3,6,Kenton County                 ,36,36,7534852,0,0,0,0,0,0,0,0,0,36,36,7534852,0,0,0,0,0,0,0,0,0
201904,21,121,3,6,Knox County                   ,0,0,0,0,0,0,0,0,0,0,0,0,0,0,0,0,0,0,0,0,0,0,0,0
201904,21,123,3,6,Larue County                  ,3,3,709221,0,0,0,0,0,0,0,0,0,3,3,709221,0,0,0,0,0,0,0,0,0
201904,21,137,3,6,Lincoln County                ,4,4,495558,0,0,0,0,0,0,0,0,0,0,0,0,0,0,0,0,0,0,0,0,0
201904,21,145,3,6,McCracken County              ,4,4,1175250,0,0,0,0,0,0,0,0,0,1,1,267404,0,0,0,0,0,0,0,0,0
201904,21,151,3,6,Madison County                ,25,25,2761450,1,2,112996,0,0,0,1,5,168572,14,14,1795000,0,0,0,0,0,0,0,0,0
201904,21,157,3,6,Marshall County               ,5,5,3720000,0,0,0,0,0,0,0,0,0,5,5,3720000,0,0,0,0,0,0,0,0,0
201904,21,161,3,6,Mason County                  ,1,1,250000,0,0,0,0,0,0,0,0,0,1,1,250000,0,0,0,0,0,0,0,0,0
201904,21,163,3,6,Meade County                  ,17,17,3737000,0,0,0,0,0,0,0,0,0,17,17,3737000,0,0,0,0,0,0,0,0,0
201904,21,167,3,6,Mercer County                 ,4,4,688974,0,0,0,0,0,0,0,0,0,0,0,0,0,0,0,0,0,0,0,0,0
201904,21,175,3,6,Morgan County                 ,2,2,150000,0,0,0,0,0,0,0,0,0,0,0,0,0,0,0,0,0,0,0,0,0
201904,21,179,3,6,Nelson County                 ,29,29,4965834,0,0,0,0,0,0,0,0,0,29,29,4965834,0,0,0,0,0,0,0,0,0
201904,21,185,3,6,Oldham County                 ,30,30,9049306,0,0,0,0,0,0,0,0,0,0,0,0,0,0,0,0,0,0,0,0,0
201904,21,191,3,6,Pendleton County              ,0,0,0,0,0,0,0,0,0,0,0,0,0,0,0,0,0,0,0,0,0,0,0,0
201904,21,209,3,6,Scott County                  ,51,51,7878465,0,0,0,0,0,0,0,0,0,51,51,7878465,0,0,0,0,0,0,0,0,0
201904,21,211,3,6,Shelby County                 ,21,21,4487800,0,0,0,0,0,0,0,0,0,21,21,4487800,0,0,0,0,0,0,0,0,0
201904,21,213,3,6,Simpson County                ,5,5,742300,0,0,0,0,0,0,0,0,0,5,5,742300,0,0,0,0,0,0,0,0,0
201904,21,215,3,6,Spencer County                ,10,10,2364069,0,0,0,0,0,0,0,0,0,10,10,2364069,0,0,0,0,0,0,0,0,0
201904,21,221,3,6,Trigg County                  ,1,1,195179,0,0,0,0,0,0,0,0,0,1,1,195179,0,0,0,0,0,0,0,0,0
201904,21,239,3,6,Woodford County               ,13,13,1945870,0,0,0,0,0,0,0,0,0,13,13,1945870,0,0,0,0,0,0,0,0,0
201904,22,005,3,7,Ascension Parish              ,97,97,15112623,0,0,0,0,0,0,0,0,0,0,0,0,0,0,0,0,0,0,0,0,0
201904,22,015,3,7,Bossier Parish                ,45,45,10331795,0,0,0,0,0,0,0,0,0,45,45,10331795,0,0,0,0,0,0,0,0,0
201904,22,017,3,7,Caddo Parish                  ,27,27,7010820,0,0,0,0,0,0,0,0,0,0,0,0,0,0,0,0,0,0,0,0,0
201904,22,031,3,7,De Soto Parish                ,7,7,1936374,0,0,0,0,0,0,0,0,0,1,1,236407,0,0,0,0,0,0,0,0,0
201904,22,033,3,7,East Baton Rouge Parish       ,105,105,25426315,0,0,0,0,0,0,0,0,0,104,104,25256746,0,0,0,0,0,0,0,0,0
201904,22,037,3,7,East Feliciana Parish         ,4,4,780716,0,0,0,0,0,0,0,0,0,4,4,780716,0,0,0,0,0,0,0,0,0
201904,22,047,3,7,Iberville Parish              ,10,10,2220483,0,0,0,0,0,0,0,0,0,0,0,0,0,0,0,0,0,0,0,0,0
201904,22,051,3,7,Jefferson Parish              ,48,48,11866561,0,0,0,0,0,0,0,0,0,40,40,9428818,0,0,0,0,0,0,0,0,0
201904,22,055,3,7,Lafayette Parish              ,113,113,23886758,0,0,0,0,0,0,0,0,0,16,16,4640489,0,0,0,0,0,0,0,0,0
201904,22,063,3,7,Livingston Parish             ,72,72,16120463,0,0,0,0,0,0,0,0,0,2,2,350000,0,0,0,0,0,0,0,0,0
201904,22,071,3,7,Orleans Parish                ,42,42,9456403,6,12,1268384,0,0,0,1,9,2215274,0,0,0,0,0,0,0,0,0,0,0,0
201904,22,075,3,7,Plaquemines Parish            ,2,2,730000,0,0,0,0,0,0,0,0,0,2,2,730000,0,0,0,0,0,0,0,0,0
201904,22,077,3,7,Pointe Coupee Parish          ,4,4,1090509,0,0,0,0,0,0,0,0,0,0,0,0,0,0,0,0,0,0,0,0,0
201904,22,087,3,7,St. Bernard Parish            ,16,16,2956700,0,0,0,0,0,0,0,0,0,16,16,2956700,0,0,0,0,0,0,0,0,0
201904,22,089,3,7,St. Charles Parish            ,8,8,1891255,0,0,0,0,0,0,0,0,0,8,8,1891255,0,0,0,0,0,0,0,0,0
201904,22,091,3,7,St. Helena Parish             ,4,4,705756,0,0,0,0,0,0,0,0,0,0,0,0,0,0,0,0,0,0,0,0,0
201904,22,095,3,7,St. John the Baptist Parish   ,5,5,825155,0,0,0,0,0,0,0,0,0,0,0,0,0,0,0,0,0,0,0,0,0
201904,22,099,3,7,St. Martin Parish             ,15,15,2753710,0,0,0,0,0,0,0,0,0,0,0,0,0,0,0,0,0,0,0,0,0
201904,22,103,3,7,St. Tammany Parish            ,109,109,24054082,1,2,310000,0,0,0,0,0,0,106,106,22876645,1,2,310000,0,0,0,0,0,0
201904,22,109,3,7,Terrebonne Parish             ,12,12,3059292,0,0,0,0,0,0,0,0,0,0,0,0,0,0,0,0,0,0,0,0,0
201904,22,121,3,7,West Baton Rouge Parish       ,25,25,3643805,0,0,0,0,0,0,0,0,0,15,15,2291040,0,0,0,0,0,0,0,0,0
201904,22,125,3,7,West Feliciana Parish         ,4,4,1632379,0,0,0,0,0,0,1,5,942755,0,0,0,0,0,0,0,0,0,0,0,0
201904,23,000,1,1,Maine Unorganized Territory   ,7,7,929602,0,0,0,0,0,0,0,0,0,0,0,0,0,0,0,0,0,0,0,0,0
201904,24,003,3,5,Anne Arundel County           ,174,174,31972183,0,0,0,0,0,0,2,318,85680000,174,174,31972183,0,0,0,0,0,0,2,318,85680000
201904,24,005,3,5,Baltimore County              ,71,71,17721000,0,0,0,0,0,0,0,0,0,71,71,17721000,0,0,0,0,0,0,0,0,0
201904,24,009,3,5,Calvert County                ,14,14,3309697,0,0,0,0,0,0,5,240,25000000,14,14,3309697,0,0,0,0,0,0,5,240,25000000
201904,24,013,3,5,Carroll County                ,42,42,8602089,0,0,0,0,0,0,1,12,900000,42,42,8602089,0,0,0,0,0,0,1,12,900000
201904,24,015,3,5,Cecil County                  ,18,18,3084000,0,0,0,0,0,0,0,0,0,18,18,3084000,0,0,0,0,0,0,0,0,0
201904,24,017,3,5,Charles County                ,35,35,8866500,0,0,0,0,0,0,0,0,0,35,35,8866500,0,0,0,0,0,0,0,0,0
201904,24,021,3,5,Frederick County              ,183,183,42639593,0,0,0,0,0,0,1,41,5400000,183,183,42639593,0,0,0,0,0,0,1,41,5400000
201904,24,023,3,5,Garrett County                ,9,9,3563950,0,0,0,0,0,0,0,0,0,9,9,3563950,0,0,0,0,0,0,0,0,0
201904,24,025,3,5,Harford County                ,70,70,16146233,0,0,0,0,0,0,0,0,0,67,67,15528226,0,0,0,0,0,0,0,0,0
201904,24,027,3,5,Howard County                 ,61,61,14652312,0,0,0,0,0,0,0,0,0,61,61,14652312,0,0,0,0,0,0,0,0,0
201904,24,031,3,5,Montgomery County             ,65,65,14962030,2,4,266667,0,0,0,2,13,4800000,62,62,14471929,0,0,0,0,0,0,2,13,4800000
201904,24,033,3,5,Prince George County          ,255,255,60416344,0,0,0,0,0,0,0,0,0,252,252,59574540,0,0,0,0,0,0,0,0,0
201904,24,035,3,5,Queen Anne County             ,16,16,3665000,0,0,0,0,0,0,0,0,0,16,16,3665000,0,0,0,0,0,0,0,0,0
201904,24,037,3,5,St. Marys County              ,46,46,13042000,0,0,0,0,0,0,0,0,0,46,46,13042000,0,0,0,0,0,0,0,0,0
201904,24,039,3,5,Somerset County               ,3,3,457390,0,0,0,0,0,0,0,0,0,1,1,142000,0,0,0,0,0,0,0,0,0
201904,24,045,3,5,Wicomico County               ,18,18,2538464,0,0,0,0,0,0,0,0,0,9,9,940353,0,0,0,0,0,0,0,0,0
201904,24,510,3,5,Baltimore (Independent City)  ,12,12,2225000,0,0,0,0,0,0,0,0,0,12,12,2225000,0,0,0,0,0,0,0,0,0
201904,25,005,1,1,Bristol County                ,62,62,11954483,3,6,664940,0,0,0,2,10,1088617,37,37,7415000,2,4,386440,0,0,0,0,0,0
201904,25,009,1,1,Essex County                  ,50,50,13498033,5,10,2090291,0,0,0,2,12,2393199,32,32,8118332,0,0,0,0,0,0,0,0,0
201904,25,017,1,1,Middlesex County              ,97,97,31213979,9,18,2502720,6,23,5239406,8,111,18133161,54,54,18134295,8,16,2307720,5,19,4398564,2,39,5620000
201904,25,021,1,1,Norfolk County                ,49,49,21962421,3,6,1489331,0,0,0,4,40,4645193,29,29,13661771,3,6,1489331,0,0,0,0,0,0
201904,25,023,1,1,Plymouth County               ,111,111,22643593,2,4,520000,1,3,391015,1,5,825000,88,88,16568648,2,4,520000,0,0,0,1,5,825000
201904,25,025,1,1,Suffolk County                ,7,7,1773178,1,2,225976,8,25,5800000,7,115,15832962,6,6,1596122,0,0,0,8,25,5800000,5,105,13666096
201904,26,000,2,3,Michigan Balance of State     ,7,7,1314678,0,0,0,0,0,0,0,0,0,0,0,0,0,0,0,0,0,0,0,0,0
201904,26,019,2,3,Benzie County                 ,8,8,1848490,0,0,0,0,0,0,0,0,0,0,0,0,0,0,0,0,0,0,0,0,0
201904,26,029,2,3,Charlevoix County             ,11,11,2514645,0,0,0,0,0,0,0,0,0,0,0,0,0,0,0,0,0,0,0,0,0
201904,26,089,2,3,Leelanau County               ,12,12,3046735,0,0,0,0,0,0,0,0,0,12,12,3046735,0,0,0,0,0,0,0,0,0
201904,26,093,2,3,Livingston County             ,58,58,14935377,0,0,0,0,0,0,0,0,0,56,56,14418351,0,0,0,0,0,0,0,0,0
201904,26,095,2,3,Luce County                   ,1,1,190743,0,0,0,0,0,0,0,0,0,0,0,0,0,0,0,0,0,0,0,0,0
201904,26,099,2,3,Macomb County                 ,134,134,42187878,1,2,183192,0,0,0,2,90,11493010,133,133,42076767,0,0,0,0,0,0,2,90,11493010
201904,26,103,2,3,Marquette County              ,4,4,865852,0,0,0,0,0,0,0,0,0,4,4,865852,0,0,0,0,0,0,0,0,0
201904,26,137,2,3,Otsego County                 ,2,2,162000,0,0,0,0,0,0,0,0,0,0,0,0,0,0,0,0,0,0,0,0,0
201904,26,147,2,3,St. Clair County              ,27,27,5363287,0,0,0,0,0,0,0,0,0,22,22,4408825,0,0,0,0,0,0,0,0,0
201904,26,163,2,3,Wayne County                  ,88,88,27361794,0,0,0,1,3,443862,2,30,4551521,73,73,24406350,0,0,0,1,3,443862,1,10,3100000
201904,27,003,2,4,Anoka County                  ,98,98,27313655,0,0,0,0,0,0,1,19,2429713,89,89,24997536,0,0,0,0,0,0,0,0,0
201904,27,019,2,4,Carver County                 ,58,58,19599926,0,0,0,0,0,0,0,0,0,54,54,18751681,0,0,0,0,0,0,0,0,0
201904,27,025,2,4,Chisago County                ,20,20,3808101,1,2,354000,0,0,0,0,0,0,20,20,3808101,0,0,0,0,0,0,0,0,0
201904,27,027,2,4,Clay County                   ,19,19,4593400,0,0,0,0,0,0,0,0,0,19,19,4593400,0,0,0,0,0,0,0,0,0
201904,27,037,2,4,Dakota County                 ,99,99,29053825,0,0,0,0,0,0,0,0,0,86,86,24665805,0,0,0,0,0,0,0,0,0
201904,27,053,2,4,Hennepin County               ,164,164,68925813,1,2,567471,2,8,2200000,8,953,196957743,153,153,65070084,1,2,567471,2,8,2200000,8,953,196957743
201904,27,059,2,4,Isanti County                 ,24,24,4668100,0,0,0,0,0,0,0,0,0,14,14,2829822,0,0,0,0,0,0,0,0,0
201904,27,123,2,4,Ramsey County                 ,33,33,12392348,0,0,0,0,0,0,2,97,14118143,27,27,10285704,0,0,0,0,0,0,1,71,10000000
201904,27,139,2,4,Scott County                  ,52,52,18083662,0,0,0,0,0,0,2,61,11018085,41,41,14979223,0,0,0,0,0,0,1,48,8789972
201904,27,141,2,4,Sherburne County              ,43,43,9522016,0,0,0,0,0,0,0,0,0,43,43,9522016,0,0,0,0,0,0,0,0,0
201904,27,163,2,4,Washington County             ,98,98,32960734,0,0,0,0,0,0,1,45,5300000,93,93,30685688,0,0,0,0,0,0,1,45,5300000
201904,27,171,2,4,Wright County                 ,77,77,20840817,0,0,0,0,0,0,0,0,0,74,74,20241433,0,0,0,0,0,0,0,0,0
201904,28,033,3,6,DeSoto County                 ,134,134,23328046,0,0,0,0,0,0,0,0,0,130,130,22936290,0,0,0,0,0,0,0,0,0
201904,28,041,3,6,Greene County                 ,0,0,0,0,0,0,0,0,0,0,0,0,0,0,0,0,0,0,0,0,0,0,0,0
201904,28,045,3,6,Hancock County                ,45,45,7952950,0,0,0,0,0,0,1,7,592639,17,17,3710677,0,0,0,0,0,0,0,0,0
201904,28,047,3,6,Harrison County               ,84,84,14106053,1,2,149000,0,0,0,0,0,0,73,73,12856442,1,2,149000,0,0,0,0,0,0
201904,28,067,3,6,Jones County                  ,1,1,95000,0,0,0,0,0,0,0,0,0,1,1,95000,0,0,0,0,0,0,0,0,0
201904,28,129,3,6,Smith County                  ,0,0,0,0,0,0,0,0,0,0,0,0,0,0,0,0,0,0,0,0,0,0,0,0
201904,28,137,3,6,Tate County                   ,14,14,2551923,0,0,0,0,0,0,0,0,0,12,12,2177000,0,0,0,0,0,0,0,0,0
201904,28,143,3,6,Tunica County                 ,1,1,110844,0,0,0,0,0,0,0,0,0,0,0,0,0,0,0,0,0,0,0,0,0
201904,28,145,3,6,Union County                  ,1,1,156000,0,0,0,0,0,0,0,0,0,1,1,156000,0,0,0,0,0,0,0,0,0
201904,28,149,3,6,Warren County                 ,0,0,0,0,0,0,0,0,0,0,0,0,0,0,0,0,0,0,0,0,0,0,0,0
201904,29,013,2,4,Bates County                  ,0,0,0,0,0,0,0,0,0,0,0,0,0,0,0,0,0,0,0,0,0,0,0,0
201904,29,017,2,4,Bollinger County              ,0,0,0,0,0,0,0,0,0,0,0,0,0,0,0,0,0,0,0,0,0,0,0,0
201904,29,019,2,4,Boone County                  ,72,72,20272110,0,0,0,0,0,0,1,12,3000000,72,72,20272110,0,0,0,0,0,0,1,12,3000000
201904,29,049,2,4,Clinton County                ,5,5,979511,1,2,400000,0,0,0,0,0,0,1,1,310000,1,2,400000,0,0,0,0,0,0
201904,29,065,2,4,Dent County                   ,0,0,0,0,0,0,0,0,0,0,0,0,0,0,0,0,0,0,0,0,0,0,0,0
201904,29,071,2,4,Franklin County               ,25,25,5997599,0,0,0,0,0,0,0,0,0,24,24,5829849,0,0,0,0,0,0,0,0,0
201904,29,095,2,4,Jackson County                ,127,127,26765476,0,0,0,6,24,4572219,0,0,0,121,121,25258066,0,0,0,6,24,4572219,0,0,0
201904,29,099,2,4,Jefferson County              ,70,70,21042076,0,0,0,0,0,0,0,0,0,66,66,20593018,0,0,0,0,0,0,0,0,0
201904,29,105,2,4,Laclede County                ,3,3,535000,0,0,0,0,0,0,0,0,0,3,3,535000,0,0,0,0,0,0,0,0,0
201904,29,107,2,4,Lafayette County              ,10,10,1792161,0,0,0,0,0,0,0,0,0,10,10,1792161,0,0,0,0,0,0,0,0,0
201904,29,113,2,4,Lincoln County                ,13,13,2455987,0,0,0,0,0,0,0,0,0,8,8,1197000,0,0,0,0,0,0,0,0,0
201904,29,165,2,4,Platte County                 ,19,19,5866688,0,0,0,0,0,0,0,0,0,19,19,5866688,0,0,0,0,0,0,0,0,0
201904,29,185,2,4,St. Clair County              ,1,1,50000,0,0,0,0,0,0,0,0,0,1,1,50000,0,0,0,0,0,0,0,0,0
201904,29,189,2,4,St. Louis County              ,98,98,36057038,0,0,0,0,0,0,1,22,2594839,40,40,15512139,0,0,0,0,0,0,0,0,0
201904,29,219,2,4,Warren County                 ,27,27,5944927,0,0,0,2,7,1352095,0,0,0,27,27,5944927,0,0,0,2,7,1352095,0,0,0
201904,29,221,2,4,Washington County             ,0,0,0,0,0,0,0,0,0,0,0,0,0,0,0,0,0,0,0,0,0,0,0,0
201904,29,510,2,4,St. Louis (Independent City)  ,17,17,2930000,0,0,0,0,0,0,1,15,902000,17,17,2930000,0,0,0,0,0,0,1,15,902000
201904,30,013,4,8,Cascade County                ,10,10,5883906,0,0,0,0,0,0,0,0,0,10,10,5883906,0,0,0,0,0,0,0,0,0
201904,30,033,4,8,Garfield County               ,0,0,0,0,0,0,0,0,0,0,0,0,0,0,0,0,0,0,0,0,0,0,0,0
201904,30,063,4,8,Missoula County               ,45,45,10041774,0,0,0,1,3,133127,0,0,0,45,45,10041774,0,0,0,1,3,133127,0,0,0
201904,30,093,4,8,Silver Bow County             ,3,3,324519,0,0,0,0,0,0,0,0,0,3,3,324519,0,0,0,0,0,0,0,0,0
201904,31,001,2,4,Adams County                  ,12,12,3284525,15,30,5386614,0,0,0,0,0,0,11,11,2999525,15,30,5386614,0,0,0,0,0,0
201904,31,025,2,4,Cass County                   ,9,9,1502468,0,0,0,0,0,0,0,0,0,0,0,0,0,0,0,0,0,0,0,0,0
201904,31,033,2,4,Cheyenne County               ,0,0,0,0,0,0,0,0,0,0,0,0,0,0,0,0,0,0,0,0,0,0,0,0
201904,31,055,2,4,Douglas County                ,125,125,21546574,1,2,192848,0,0,0,0,0,0,109,109,15983660,1,2,192848,0,0,0,0,0,0
201904,31,105,2,4,Kimball County                ,0,0,0,0,0,0,0,0,0,0,0,0,0,0,0,0,0,0,0,0,0,0,0,0
201904,31,153,2,4,Sarpy County                  ,78,78,20889511,0,0,0,0,0,0,1,30,1377901,36,36,10767911,0,0,0,0,0,0,1,30,1377901
201904,31,165,2,4,Sioux County                  ,0,0,0,0,0,0,0,0,0,0,0,0,0,0,0,0,0,0,0,0,0,0,0,0
201904,31,177,2,4,Washington County             ,3,3,808234,0,0,0,0,0,0,0,0,0,3,3,808234,0,0,0,0,0,0,0,0,0
201904,32,001,4,8,Churchill County              ,4,4,873535,0,0,0,0,0,0,0,0,0,4,4,873535,0,0,0,0,0,0,0,0,0
201904,32,003,4,8,Clark County                  ,780,780,191041827,4,8,720000,14,42,3717194,6,113,8465000,780,780,191041827,4,8,720000,14,42,3717194,6,113,8465000
201904,32,005,4,8,Douglas County                ,12,12,5902091,0,0,0,0,0,0,0,0,0,12,12,5902091,0,0,0,0,0,0,0,0,0
201904,32,007,4,8,Elko County                   ,11,11,1720182,0,0,0,0,0,0,0,0,0,11,11,1720182,0,0,0,0,0,0,0,0,0
201904,32,013,4,8,Humboldt County               ,0,0,0,0,0,0,0,0,0,0,0,0,0,0,0,0,0,0,0,0,0,0,0,0
201904,32,015,4,8,Lander County                 ,0,0,0,0,0,0,0,0,0,0,0,0,0,0,0,0,0,0,0,0,0,0,0,0
201904,32,017,4,8,Lincoln County                ,1,1,273137,0,0,0,0,0,0,0,0,0,0,0,0,0,0,0,0,0,0,0,0,0
201904,32,019,4,8,Lyon County                   ,33,33,8593543,0,0,0,0,0,0,0,0,0,33,33,8593543,0,0,0,0,0,0,0,0,0
201904,32,021,4,8,Mineral County                ,0,0,0,0,0,0,0,0,0,0,0,0,0,0,0,0,0,0,0,0,0,0,0,0
201904,32,027,4,8,Pershing County               ,0,0,0,0,0,0,0,0,0,0,0,0,0,0,0,0,0,0,0,0,0,0,0,0
201904,32,029,4,8,Storey County                 ,1,1,201908,0,0,0,0,0,0,0,0,0,0,0,0,0,0,0,0,0,0,0,0,0
201904,32,031,4,8,Washoe County                 ,135,135,38898035,6,12,1058591,0,0,0,8,143,16627231,135,135,38898035,6,12,1058591,0,0,0,8,143,16627231
201904,32,033,4,8,White Pine County             ,1,1,356039,0,0,0,0,0,0,0,0,0,0,0,0,0,0,0,0,0,0,0,0,0
201904,32,510,4,8,Carson City (Independent City),11,11,3094226,0,0,0,1,3,381851,0,0,0,0,0,0,0,0,0,0,0,0,0,0,0
201904,33,015,1,1,Rockingham County             ,50,50,15966668,6,12,2026716,0,0,0,1,5,492136,40,40,12976373,4,8,1360000,0,0,0,0,0,0
201904,33,017,1,1,Strafford County              ,22,22,4339003,1,2,222000,0,0,0,0,0,0,20,20,4040570,1,2,222000,0,0,0,0,0,0
201904,34,001,1,2,Atlantic County               ,27,27,11839420,0,0,0,0,0,0,2,45,5532769,25,25,11711395,0,0,0,0,0,0,0,0,0
201904,34,003,1,2,Bergen County                 ,64,64,23768898,8,16,2751637,2,7,1063467,9,57,4395317,45,45,16128330,5,10,1710500,1,4,560000,0,0,0
201904,34,005,1,2,Burlington County             ,58,58,7039266,0,0,0,0,0,0,10,257,23285604,23,23,3338366,0,0,0,0,0,0,6,229,20866056
201904,34,007,1,2,Camden County                 ,10,10,1922141,0,0,0,0,0,0,2,17,433616,4,4,490000,0,0,0,0,0,0,0,0,0
201904,34,009,1,2,Cape May County               ,31,31,9302274,2,4,326439,1,4,55000,0,0,0,31,31,9302274,2,4,326439,1,4,55000,0,0,0
201904,34,011,1,2,Cumberland County             ,7,7,560137,0,0,0,0,0,0,0,0,0,2,2,90300,0,0,0,0,0,0,0,0,0
201904,34,013,1,2,Essex County                  ,43,43,4914774,9,18,2389609,5,15,1770321,5,178,15141320,25,25,3391175,9,18,2389609,4,12,1491691,1,104,8025000
201904,34,015,1,2,Gloucester County             ,33,33,4257967,1,2,86788,0,0,0,4,38,4437590,16,16,2412850,0,0,0,0,0,0,1,8,1227800
201904,34,017,1,2,Hudson County                 ,18,18,10218100,5,10,1010600,10,34,6868230,1,58,2048176,18,18,10218100,4,8,723100,10,34,6868230,1,58,2048176
201904,34,019,1,2,Hunterdon County              ,9,9,2717142,0,0,0,0,0,0,2,10,526510,7,7,2314362,0,0,0,0,0,0,0,0,0
201904,34,021,1,2,Mercer County                 ,20,20,6071357,0,0,0,5,18,518164,1,5,2892,14,14,3159217,0,0,0,0,0,0,0,0,0
201904,34,023,1,2,Middlesex County              ,60,60,11648816,2,4,518000,0,0,0,5,166,31219022,49,49,9954213,2,4,518000,0,0,0,2,125,28242100
201904,34,025,1,2,Monmouth County               ,78,78,22134823,0,0,0,0,0,0,1,5,35000,62,62,15016355,0,0,0,0,0,0,0,0,0
201904,34,027,1,2,Morris County                 ,89,89,20771817,0,0,0,3,12,487301,3,58,4947055,62,62,14439711,0,0,0,0,0,0,2,37,1440000
201904,34,029,1,2,Ocean County                  ,129,129,25655829,0,0,0,0,0,0,1,8,816528,125,125,24883723,0,0,0,0,0,0,0,0,0
201904,34,031,1,2,Passaic County                ,6,6,1453766,1,2,135858,0,0,0,2,23,2058389,3,3,813470,0,0,0,0,0,0,0,0,0
201904,34,033,1,2,Salem County                  ,23,23,3587800,0,0,0,0,0,0,0,0,0,23,23,3587800,0,0,0,0,0,0,0,0,0
201904,34,035,1,2,Somerset County               ,48,48,7949165,0,0,0,0,0,0,2,14,1090587,37,37,5942182,0,0,0,0,0,0,0,0,0
201904,34,037,1,2,Sussex County                 ,10,10,2932033,0,0,0,0,0,0,0,0,0,9,9,2653166,0,0,0,0,0,0,0,0,0
201904,34,039,1,2,Union County                  ,22,22,4039301,5,10,889349,0,0,0,3,17,952241,12,12,2425100,0,0,0,0,0,0,1,5,23000
201904,34,041,1,2,Warren County                 ,3,3,745389,0,0,0,0,0,0,0,0,0,3,3,745389,0,0,0,0,0,0,0,0,0
201904,35,000,4,8,New Mexico Balance of State   ,35,35,9490278,0,0,0,0,0,0,0,0,0,0,0,0,0,0,0,0,0,0,0,0,0
201904,35,001,4,8,Bernalillo County             ,85,85,19827662,0,0,0,0,0,0,0,0,0,85,85,19827662,0,0,0,0,0,0,0,0,0
201904,35,005,4,8,Chaves County                 ,7,7,1173987,0,0,0,0,0,0,0,0,0,0,0,0,0,0,0,0,0,0,0,0,0
201904,35,009,4,8,Curry County                  ,5,5,1265885,0,0,0,0,0,0,0,0,0,0,0,0,0,0,0,0,0,0,0,0,0
201904,35,013,4,8,Dona Ana County               ,72,72,15340794,0,0,0,0,0,0,2,26,1923219,13,13,2959280,0,0,0,0,0,0,0,0,0
201904,35,015,4,8,Eddy County                   ,25,25,6277502,0,0,0,0,0,0,0,0,0,25,25,6277502,0,0,0,0,0,0,0,0,0
201904,35,017,4,8,Grant County                  ,1,1,162507,0,0,0,0,0,0,0,0,0,0,0,0,0,0,0,0,0,0,0,0,0
201904,35,025,4,8,Lea County                    ,22,22,4741549,0,0,0,0,0,0,0,0,0,22,22,4741549,0,0,0,0,0,0,0,0,0
201904,35,027,4,8,Lincoln County                ,6,6,2099965,0,0,0,0,0,0,0,0,0,6,6,2099965,0,0,0,0,0,0,0,0,0
201904,35,028,4,8,Los Alamos County             ,1,1,290963,0,0,0,0,0,0,0,0,0,0,0,0,0,0,0,0,0,0,0,0,0
201904,35,029,4,8,Luna County                   ,1,1,186608,0,0,0,0,0,0,0,0,0,0,0,0,0,0,0,0,0,0,0,0,0
201904,35,031,4,8,McKinley County               ,1,1,265000,0,0,0,0,0,0,0,0,0,1,1,265000,0,0,0,0,0,0,0,0,0
201904,35,035,4,8,Otero County                  ,0,0,0,0,0,0,0,0,0,0,0,0,0,0,0,0,0,0,0,0,0,0,0,0
201904,35,041,4,8,Roosevelt County              ,2,2,302038,0,0,0,0,0,0,0,0,0,0,0,0,0,0,0,0,0,0,0,0,0
201904,35,043,4,8,Sandoval County               ,62,62,13756734,0,0,0,0,0,0,1,6,250000,0,0,0,0,0,0,0,0,0,0,0,0
201904,35,045,4,8,San Juan County               ,4,4,897601,0,0,0,0,0,0,0,0,0,4,4,897601,0,0,0,0,0,0,0,0,0
201904,35,047,4,8,San Miguel County             ,0,0,0,0,0,0,0,0,0,0,0,0,0,0,0,0,0,0,0,0,0,0,0,0
201904,35,049,4,8,Santa Fe County               ,13,13,2846559,0,0,0,0,0,0,1,77,11802560,13,13,2846559,0,0,0,0,0,0,1,77,11802560
201904,35,051,4,8,Sierra County                 ,0,0,0,0,0,0,0,0,0,0,0,0,0,0,0,0,0,0,0,0,0,0,0,0
201904,35,055,4,8,Taos County                   ,8,8,877246,0,0,0,0,0,0,0,0,0,0,0,0,0,0,0,0,0,0,0,0,0
201904,35,061,4,8,Valencia County               ,25,25,6925844,0,0,0,0,0,0,0,0,0,25,25,6925844,0,0,0,0,0,0,0,0,0
201904,36,001,1,2,Albany County                 ,18,18,4110556,0,0,0,0,0,0,2,45,3476455,15,15,3452759,0,0,0,0,0,0,1,36,2000000
201904,36,005,1,2,Bronx County                  ,0,0,0,3,6,889316,5,15,1864614,9,595,77441212,0,0,0,3,6,889316,5,15,1864614,9,595,77441212
201904,36,029,1,2,Erie County                   ,82,82,22520850,1,2,300000,0,0,0,1,19,4252887,54,54,13150910,1,2,300000,0,0,0,0,0,0
201904,36,047,1,2,Kings County                  ,2,2,532041,2,4,592877,3,11,1367384,41,593,77180905,2,2,532041,2,4,592877,3,11,1367384,41,593,77180905
201904,36,051,1,2,Livingston County             ,5,5,925000,0,0,0,0,0,0,0,0,0,2,2,430000,0,0,0,0,0,0,0,0,0
201904,36,055,1,2,Monroe County                 ,53,53,13702043,0,0,0,4,15,2072500,6,158,25419547,49,49,12561120,0,0,0,4,15,2072500,5,153,25013297
201904,36,059,1,2,Nassau County                 ,76,76,26267725,0,0,0,0,0,0,3,45,21493344,65,65,18962790,0,0,0,0,0,0,3,45,21493344
201904,36,061,1,2,New York County               ,0,0,0,1,2,296439,0,0,0,8,648,84339336,0,0,0,1,2,296439,0,0,0,8,648,84339336
201904,36,063,1,2,Niagara County                ,19,19,5435224,1,2,400000,0,0,0,0,0,0,13,13,3745000,1,2,400000,0,0,0,0,0,0
201904,36,069,1,2,Ontario County                ,25,25,7024728,0,0,0,0,0,0,1,8,700000,21,21,5410442,0,0,0,0,0,0,0,0,0
201904,36,073,1,2,Orleans County                ,1,1,255000,0,0,0,0,0,0,0,0,0,0,0,0,0,0,0,0,0,0,0,0,0
201904,36,079,1,2,Putnam County                 ,2,2,666100,0,0,0,0,0,0,1,28,2832870,2,2,666100,0,0,0,0,0,0,1,28,2832870
201904,36,081,1,2,Queens County                 ,4,4,1064082,6,12,1778632,2,6,745846,6,233,30325718,4,4,1064082,6,12,1778632,2,6,745846,6,233,30325718
201904,36,083,1,2,Rensselaer County             ,10,10,2245862,0,0,0,0,0,0,0,0,0,7,7,1445000,0,0,0,0,0,0,0,0,0
201904,36,085,1,2,Richmond County               ,19,19,5054388,16,32,4743018,0,0,0,0,0,0,19,19,5054388,16,32,4743018,0,0,0,0,0,0
201904,36,087,1,2,Rockland County               ,4,4,1087317,2,4,617351,2,6,655066,4,32,5758620,2,2,543000,0,0,0,0,0,0,0,0,0
201904,36,091,1,2,Saratoga County               ,43,43,12455385,2,4,470074,0,0,0,2,10,609250,32,32,9058461,1,2,200000,0,0,0,0,0,0
201904,36,093,1,2,Schenectady County            ,16,16,2479143,0,0,0,0,0,0,0,0,0,12,12,1760000,0,0,0,0,0,0,0,0,0
201904,36,095,1,2,Schoharie County              ,1,1,267838,0,0,0,0,0,0,0,0,0,0,0,0,0,0,0,0,0,0,0,0,0
201904,36,099,1,2,Seneca County                 ,2,2,354169,0,0,0,0,0,0,0,0,0,0,0,0,0,0,0,0,0,0,0,0,0
201904,36,103,1,2,Suffolk County                ,61,61,32634462,0,0,0,0,0,0,1,5,735846,52,52,26615493,0,0,0,0,0,0,0,0,0
201904,36,117,1,2,Wayne County                  ,6,6,1224333,0,0,0,0,0,0,2,12,550000,5,5,1080000,0,0,0,0,0,0,2,12,550000
201904,36,119,1,2,Westchester County            ,30,30,12954469,2,4,587500,0,0,0,3,37,3015003,24,24,10064554,1,2,350000,0,0,0,0,0,0
201904,37,007,3,5,Anson County                  ,4,4,599460,0,0,0,0,0,0,0,0,0,0,0,0,0,0,0,0,0,0,0,0,0
201904,37,011,3,5,Avery County                  ,10,10,4485500,1,2,29000,1,4,600000,0,0,0,10,10,4485500,1,2,29000,1,4,600000,0,0,0
201904,37,015,3,5,Bertie County                 ,1,1,134400,0,0,0,0,0,0,0,0,0,1,1,134400,0,0,0,0,0,0,0,0,0
201904,37,025,3,5,Cabarrus County               ,235,235,36433303,0,0,0,0,0,0,0,0,0,235,235,36433303,0,0,0,0,0,0,0,0,0
201904,37,033,3,5,Caswell County                ,2,2,571264,0,0,0,0,0,0,0,0,0,2,2,571264,0,0,0,0,0,0,0,0,0
201904,37,037,3,5,Chatham County                ,64,64,17361172,0,0,0,0,0,0,0,0,0,61,61,17061030,0,0,0,0,0,0,0,0,0
201904,37,051,3,5,Cumberland County             ,64,64,10740528,0,0,0,0,0,0,0,0,0,64,64,10740528,0,0,0,0,0,0,0,0,0
201904,37,053,3,5,Currituck County              ,38,38,7680914,0,0,0,0,0,0,0,0,0,38,38,7680914,0,0,0,0,0,0,0,0,0
201904,37,059,3,5,Davie County                  ,12,12,2645480,0,0,0,0,0,0,0,0,0,12,12,2645480,0,0,0,0,0,0,0,0,0
201904,37,063,3,5,Durham County                 ,177,177,34087198,0,0,0,0,0,0,4,118,9400041,0,0,0,0,0,0,0,0,0,0,0,0
201904,37,069,3,5,Franklin County               ,95,95,20477251,0,0,0,0,0,0,0,0,0,95,95,20477251,0,0,0,0,0,0,0,0,0
201904,37,071,3,5,Gaston County                 ,115,115,62369015,0,0,0,0,0,0,0,0,0,115,115,62369015,0,0,0,0,0,0,0,0,0
201904,37,077,3,5,Granville County              ,30,30,4829664,0,0,0,0,0,0,0,0,0,30,30,4829664,0,0,0,0,0,0,0,0,0
201904,37,081,3,5,Guilford County               ,119,119,26598881,0,0,0,0,0,0,1,36,1836300,119,119,26598881,0,0,0,0,0,0,1,36,1836300
201904,37,089,3,5,Henderson County              ,32,32,9713564,0,0,0,0,0,0,0,0,0,32,32,9713564,0,0,0,0,0,0,0,0,0
201904,37,093,3,5,Hoke County                   ,8,8,1891255,0,0,0,0,0,0,0,0,0,8,8,1891255,0,0,0,0,0,0,0,0,0
201904,37,097,3,5,Iredell County                ,82,82,22364721,0,0,0,0,0,0,0,0,0,82,82,22364721,0,0,0,0,0,0,0,0,0
201904,37,101,3,5,Johnston County               ,195,195,34489875,0,0,0,0,0,0,0,0,0,195,195,34489875,0,0,0,0,0,0,0,0,0
201904,37,119,3,5,Mecklenburg County            ,491,491,116075791,3,6,924136,5,16,2313392,12,331,36756557,491,491,116075791,3,6,924136,5,16,2313392,12,331,36756557
201904,37,133,3,5,Onslow County                 ,120,120,15605435,0,0,0,0,0,0,0,0,0,120,120,15605435,0,0,0,0,0,0,0,0,0
201904,37,135,3,5,Orange County                 ,48,48,15934830,0,0,0,0,0,0,0,0,0,9,9,3302050,0,0,0,0,0,0,0,0,0
201904,37,145,3,5,Person County                 ,9,9,3139224,0,0,0,0,0,0,0,0,0,9,9,3139224,0,0,0,0,0,0,0,0,0
201904,37,151,3,5,Randolph County               ,42,42,7929857,0,0,0,0,0,0,0,0,0,42,42,7929857,0,0,0,0,0,0,0,0,0
201904,37,157,3,5,Rockingham County             ,9,9,2764289,0,0,0,0,0,0,0,0,0,9,9,2764289,0,0,0,0,0,0,0,0,0
201904,37,179,3,5,Union County                  ,129,129,29618262,0,0,0,0,0,0,0,0,0,129,129,29618262,0,0,0,0,0,0,0,0,0
201904,37,181,3,5,Vance County                  ,6,6,930600,0,0,0,0,0,0,0,0,0,6,6,930600,0,0,0,0,0,0,0,0,0
201904,37,183,3,5,Wake County                   ,746,746,159480542,0,0,0,0,0,0,5,297,30465355,746,746,159480542,0,0,0,0,0,0,5,297,30465355
201904,37,195,3,5,Wilson County                 ,12,12,1947974,1,2,85000,0,0,0,0,0,0,12,12,1947974,1,2,85000,0,0,0,0,0,0
201904,39,007,2,3,Ashtabula County              ,16,16,2886000,1,2,85000,0,0,0,0,0,0,16,16,2886000,1,2,85000,0,0,0,0,0,0
201904,39,015,2,3,Brown County                  ,8,8,2068106,0,0,0,0,0,0,0,0,0,8,8,2068106,0,0,0,0,0,0,0,0,0
201904,39,017,2,3,Butler County                 ,84,84,17979633,0,0,0,0,0,0,0,0,0,70,70,15537079,0,0,0,0,0,0,0,0,0
201904,39,025,2,3,Clermont County               ,58,58,14489945,0,0,0,3,10,713220,5,40,2152460,58,58,14489945,0,0,0,3,10,713220,5,40,2152460
201904,39,041,2,3,Delaware County               ,113,113,29118954,0,0,0,0,0,0,3,25,3504916,99,99,24189972,0,0,0,0,0,0,2,10,1664000
201904,39,049,2,3,Franklin County               ,116,116,34018461,0,0,0,3,12,3984000,1,6,270000,97,97,27099340,0,0,0,3,12,3984000,0,0,0
201904,39,055,2,3,Geauga County                 ,21,21,7723051,0,0,0,0,0,0,0,0,0,21,21,7723051,0,0,0,0,0,0,0,0,0
201904,39,085,2,3,Lake County                   ,30,30,7007328,0,0,0,0,0,0,0,0,0,30,30,7007328,0,0,0,0,0,0,0,0,0
201904,39,089,2,3,Licking County                ,16,16,8717900,0,0,0,0,0,0,0,0,0,16,16,8717900,0,0,0,0,0,0,0,0,0
201904,39,093,2,3,Lorain County                 ,76,76,17695625,0,0,0,1,4,307674,2,26,2188250,37,37,11365838,0,0,0,0,0,0,1,20,2000000
201904,39,097,2,3,Madison County                ,11,11,2825132,0,0,0,0,0,0,0,0,0,11,11,2825132,0,0,0,0,0,0,0,0,0
201904,39,103,2,3,Medina County                 ,63,63,15583732,2,4,460000,0,0,0,0,0,0,56,56,14281978,2,4,460000,0,0,0,0,0,0
201904,39,117,2,3,Morrow County                 ,7,7,1601079,0,0,0,0,0,0,0,0,0,6,6,1551079,0,0,0,0,0,0,0,0,0
201904,39,159,2,3,Union County                  ,30,30,7755396,0,0,0,0,0,0,0,0,0,30,30,7755396,0,0,0,0,0,0,0,0,0
201904,39,165,2,3,Warren County                 ,128,128,33597875,0,0,0,1,4,920235,2,138,18481933,111,111,29131507,0,0,0,1,4,920235,2,138,18481933
201904,40,001,3,7,Adair County                  ,1,1,177418,0,0,0,0,0,0,0,0,0,0,0,0,0,0,0,0,0,0,0,0,0
201904,40,017,3,7,Canadian County               ,42,42,7811395,0,0,0,0,0,0,0,0,0,42,42,7811395,0,0,0,0,0,0,0,0,0
201904,40,021,3,7,Cherokee County               ,6,6,787429,0,0,0,0,0,0,0,0,0,0,0,0,0,0,0,0,0,0,0,0,0
201904,40,027,3,7,Cleveland County              ,62,62,13849230,3,6,600000,0,0,0,0,0,0,56,56,13041330,3,6,600000,0,0,0,0,0,0
201904,40,029,3,7,Coal County                   ,0,0,0,0,0,0,0,0,0,0,0,0,0,0,0,0,0,0,0,0,0,0,0,0
201904,40,037,3,7,Creek County                  ,7,7,1473325,0,0,0,0,0,0,0,0,0,3,3,498000,0,0,0,0,0,0,0,0,0
201904,40,051,3,7,Grady County                  ,2,2,363500,0,0,0,0,0,0,0,0,0,2,2,363500,0,0,0,0,0,0,0,0,0
201904,40,055,3,7,Greer County                  ,1,1,262500,0,0,0,0,0,0,0,0,0,0,0,0,0,0,0,0,0,0,0,0,0
201904,40,081,3,7,Lincoln County                ,1,1,154500,0,0,0,0,0,0,0,0,0,1,1,154500,0,0,0,0,0,0,0,0,0
201904,40,083,3,7,Logan County                  ,1,1,350000,0,0,0,0,0,0,0,0,0,1,1,350000,0,0,0,0,0,0,0,0,0
201904,40,087,3,7,McClain County                ,42,42,8904990,0,0,0,0,0,0,0,0,0,36,36,7548500,0,0,0,0,0,0,0,0,0
201904,40,109,3,7,Oklahoma County               ,324,324,79885916,3,6,550000,0,0,0,0,0,0,311,311,77857837,3,6,550000,0,0,0,0,0,0
201904,40,111,3,7,Okmulgee County               ,0,0,0,0,0,0,0,0,0,0,0,0,0,0,0,0,0,0,0,0,0,0,0,0
201904,40,113,3,7,Osage County                  ,15,15,3494501,0,0,0,0,0,0,0,0,0,15,15,3494501,0,0,0,0,0,0,0,0,0
201904,40,117,3,7,Pawnee County                 ,0,0,0,0,0,0,0,0,0,0,0,0,0,0,0,0,0,0,0,0,0,0,0,0
201904,40,131,3,7,Rogers County                 ,51,51,9046924,2,4,260000,0,0,0,0,0,0,51,51,9046924,2,4,260000,0,0,0,0,0,0
201904,40,143,3,7,Tulsa County                  ,168,168,41199042,0,0,0,0,0,0,1,9,809615,159,159,39827126,0,0,0,0,0,0,1,9,809615
201904,40,145,3,7,Wagoner County                ,47,47,8629705,0,0,0,0,0,0,0,0,0,47,47,8629705,0,0,0,0,0,0,0,0,0
201904,41,000,4,9,Oregon Balance of State       ,15,15,1663901,0,0,0,0,0,0,0,0,0,0,0,0,0,0,0,0,0,0,0,0,0
201904,41,005,4,9,Clackamas County              ,107,107,30909108,1,2,511373,3,12,1274272,1,8,1163336,94,94,24246545,1,2,511373,3,12,1274272,0,0,0
201904,41,017,4,9,Deschutes County              ,157,157,42899740,10,20,2059208,2,6,925727,0,0,0,128,128,35646707,10,20,2059208,2,6,925727,0,0,0
201904,41,019,4,9,Douglas County                ,18,18,4821385,0,0,0,0,0,0,0,0,0,18,18,4821385,0,0,0,0,0,0,0,0,0
201904,41,025,4,9,Harney County                 ,1,1,225138,0,0,0,0,0,0,0,0,0,0,0,0,0,0,0,0,0,0,0,0,0
201904,41,035,4,9,Klamath County                ,11,11,3168232,0,0,0,0,0,0,0,0,0,11,11,3168232,0,0,0,0,0,0,0,0,0
201904,41,051,4,9,Multnomah County              ,101,101,27998603,4,8,1700840,3,10,1122770,14,202,16636688,101,101,27998603,4,8,1700840,3,10,1122770,14,202,16636688
201904,41,067,4,9,Washington County             ,199,199,56242403,2,4,624916,0,0,0,1,16,2148917,195,195,54810607,2,4,624916,0,0,0,1,16,2148917
201904,41,071,4,9,Yamhill County                ,31,31,7040184,0,0,0,0,0,0,0,0,0,15,15,3283533,0,0,0,0,0,0,0,0,0
201904,42,001,1,2,Adams County                  ,21,21,4295228,0,0,0,0,0,0,0,0,0,0,0,0,0,0,0,0,0,0,0,0,0
201904,42,017,1,2,Bucks County                  ,68,68,17551159,0,0,0,1,3,600000,0,0,0,39,39,11222291,0,0,0,1,3,600000,0,0,0
201904,42,029,1,2,Chester County                ,106,106,20330423,0,0,0,1,3,386888,0,0,0,87,87,15432125,0,0,0,0,0,0,0,0,0
201904,42,037,1,2,Columbia County               ,5,5,1330901,0,0,0,0,0,0,0,0,0,1,1,310000,0,0,0,0,0,0,0,0,0
201904,42,041,1,2,Cumberland County             ,37,37,9037807,0,0,0,1,4,420000,6,64,5585990,29,29,7429325,0,0,0,1,4,420000,6,64,5585990
201904,42,043,1,2,Dauphin County                ,31,31,7383515,0,0,0,1,4,709990,1,5,636500,30,30,7125712,0,0,0,1,4,709990,1,5,636500
201904,42,045,1,2,Delaware County               ,35,35,8502016,0,0,0,0,0,0,0,0,0,14,14,3102000,0,0,0,0,0,0,0,0,0
201904,42,055,1,2,Franklin County               ,23,23,4633400,1,2,185000,0,0,0,1,5,487529,14,14,3314470,0,0,0,0,0,0,0,0,0
201904,42,091,1,2,Montgomery County             ,89,89,18498851,1,2,408010,1,3,588000,5,227,31657911,59,59,12050358,1,2,408010,1,3,588000,3,191,27197090
201904,42,093,1,2,Montour County                ,4,4,893348,0,0,0,0,0,0,0,0,0,3,3,653295,0,0,0,0,0,0,0,0,0
201904,42,099,1,2,Perry County                  ,6,6,1567074,0,0,0,0,0,0,0,0,0,0,0,0,0,0,0,0,0,0,0,0,0
201904,42,101,1,2,Philadelphia County           ,48,48,12768980,19,38,5220000,16,51,7475700,8,168,21865754,48,48,12768980,19,38,5220000,16,51,7475700,8,168,21865754
201904,42,103,1,2,Pike County                   ,16,16,5131360,0,0,0,0,0,0,0,0,0,16,16,5131360,0,0,0,0,0,0,0,0,0
201904,44,001,1,1,Bristol County                ,3,3,700262,0,0,0,0,0,0,0,0,0,2,2,200000,0,0,0,0,0,0,0,0,0
201904,44,003,1,1,Kent County                   ,12,12,1850481,0,0,0,0,0,0,0,0,0,8,8,1080896,0,0,0,0,0,0,0,0,0
201904,44,005,1,1,Newport County                ,12,12,5233630,0,0,0,0,0,0,0,0,0,12,12,5233630,0,0,0,0,0,0,0,0,0
201904,44,007,1,1,Providence County             ,31,31,6786476,0,0,0,0,0,0,0,0,0,21,21,5659580,0,0,0,0,0,0,0,0,0
201904,44,009,1,1,Washington County             ,19,19,6710418,0,0,0,0,0,0,1,9,600000,7,7,1664575,0,0,0,0,0,0,0,0,0
201904,45,003,3,5,Aiken County                  ,51,51,11970569,0,0,0,0,0,0,0,0,0,51,51,11970569,0,0,0,0,0,0,0,0,0
201904,45,009,3,5,Bamberg County                ,0,0,0,0,0,0,0,0,0,0,0,0,0,0,0,0,0,0,0,0,0,0,0,0
201904,45,015,3,5,Berkeley County               ,161,161,45230774,0,0,0,0,0,0,1,34,802131,127,127,37720936,0,0,0,0,0,0,0,0,0
201904,45,017,3,5,Calhoun County                ,2,2,295569,0,0,0,0,0,0,0,0,0,0,0,0,0,0,0,0,0,0,0,0,0
201904,45,019,3,5,Charleston County             ,241,241,65448247,0,0,0,0,0,0,6,121,8959379,111,111,46439188,0,0,0,0,0,0,0,0,0
201904,45,035,3,5,Dorchester County             ,51,51,13861530,0,0,0,0,0,0,0,0,0,50,50,13754030,0,0,0,0,0,0,0,0,0
201904,45,037,3,5,Edgefield County              ,8,8,1821400,0,0,0,0,0,0,0,0,0,8,8,1821400,0,0,0,0,0,0,0,0,0
201904,45,039,3,5,Fairfield County              ,5,5,1142031,0,0,0,0,0,0,0,0,0,0,0,0,0,0,0,0,0,0,0,0,0
201904,45,045,3,5,Greenville County             ,284,284,68777765,0,0,0,0,0,0,22,158,14923876,282,282,68453674,0,0,0,0,0,0,21,152,14712225
201904,45,051,3,5,Horry County                  ,379,379,62062011,10,20,4798480,0,0,0,0,0,0,352,352,55244136,9,18,4230000,0,0,0,0,0,0
201904,45,055,3,5,Kershaw County                ,30,30,4327362,0,0,0,0,0,0,0,0,0,30,30,4327362,0,0,0,0,0,0,0,0,0
201904,45,059,3,5,Laurens County                ,14,14,1744832,0,0,0,0,0,0,0,0,0,14,14,1744832,0,0,0,0,0,0,0,0,0
201904,45,063,3,5,Lexington County              ,156,156,38977514,0,0,0,0,0,0,1,20,1805018,18,18,4214190,0,0,0,0,0,0,0,0,0
201904,45,077,3,5,Pickens County                ,51,51,18330761,0,0,0,0,0,0,1,18,2198797,37,37,15000637,0,0,0,0,0,0,0,0,0
201904,45,079,3,5,Richland County               ,131,131,24193551,0,0,0,0,0,0,0,0,0,116,116,20641674,0,0,0,0,0,0,0,0,0
201904,45,081,3,5,Saluda County                 ,4,4,982070,0,0,0,0,0,0,0,0,0,0,0,0,0,0,0,0,0,0,0,0,0
201904,45,085,3,5,Sumter County                 ,20,20,2711720,0,0,0,0,0,0,0,0,0,0,0,0,0,0,0,0,0,0,0,0,0
201904,45,091,3,5,York County                   ,230,230,74045444,0,0,0,1,3,603866,3,38,4450012,44,44,11976199,0,0,0,1,3,603866,1,5,1006442
201904,46,007,2,4,Bennett County                ,0,0,0,0,0,0,0,0,0,0,0,0,0,0,0,0,0,0,0,0,0,0,0,0
201904,46,055,2,4,Haakon County                 ,0,0,0,0,0,0,0,0,0,0,0,0,0,0,0,0,0,0,0,0,0,0,0,0
201904,46,071,2,4,Jackson County                ,0,0,0,0,0,0,0,0,0,0,0,0,0,0,0,0,0,0,0,0,0,0,0,0
201904,46,111,2,4,Sanborn County                ,1,1,140000,0,0,0,0,0,0,0,0,0,1,1,140000,0,0,0,0,0,0,0,0,0
201904,47,001,3,6,Anderson County               ,10,10,1611973,0,0,0,0,0,0,0,0,0,7,7,1081483,0,0,0,0,0,0,0,0,0
201904,47,015,3,6,Cannon County                 ,1,1,165000,0,0,0,0,0,0,0,0,0,1,1,165000,0,0,0,0,0,0,0,0,0
201904,47,021,3,6,Cheatham County               ,19,19,3575000,0,0,0,0,0,0,0,0,0,19,19,3575000,0,0,0,0,0,0,0,0,0
201904,47,037,3,6,Davidson County               ,312,312,75539540,0,0,0,0,0,0,3,116,12688916,311,311,74324262,0,0,0,0,0,0,3,116,12688916
201904,47,043,3,6,Dickson County                ,29,29,5718783,0,0,0,0,0,0,0,0,0,8,8,1630429,0,0,0,0,0,0,0,0,0
201904,47,049,3,6,Fentress County               ,0,0,0,0,0,0,0,0,0,0,0,0,0,0,0,0,0,0,0,0,0,0,0,0
201904,47,081,3,6,Hickman County                ,5,5,888181,1,2,140000,0,0,0,0,0,0,0,0,0,1,2,140000,0,0,0,0,0,0
201904,47,093,3,6,Knox County                   ,170,170,38799619,0,0,0,0,0,0,3,154,42666588,28,28,6464043,0,0,0,0,0,0,1,96,38000000
201904,47,105,3,6,Loudon County                 ,35,35,8584334,0,0,0,0,0,0,0,0,0,32,32,8079844,0,0,0,0,0,0,0,0,0
201904,47,125,3,6,Montgomery County             ,167,167,25433675,2,4,190870,1,4,252571,3,15,823253,92,92,16265197,0,0,0,0,0,0,0,0,0
201904,47,139,3,6,Polk County                   ,18,18,3242233,0,0,0,0,0,0,0,0,0,0,0,0,0,0,0,0,0,0,0,0,0
201904,47,149,3,6,Rutherford County             ,193,193,46353032,0,0,0,0,0,0,0,0,0,186,186,45112785,0,0,0,0,0,0,0,0,0
201904,47,153,3,6,Sequatchie County             ,1,1,82000,0,0,0,0,0,0,0,0,0,1,1,82000,0,0,0,0,0,0,0,0,0
201904,47,157,3,6,Shelby County                 ,31,31,10341484,0,0,0,0,0,0,0,0,0,31,31,10341484,0,0,0,0,0,0,0,0,0
201904,47,159,3,6,Smith County                  ,9,9,1695000,0,0,0,0,0,0,0,0,0,9,9,1695000,0,0,0,0,0,0,0,0,0
201904,47,161,3,6,Stewart County                ,0,0,0,0,0,0,0,0,0,0,0,0,0,0,0,0,0,0,0,0,0,0,0,0
201904,47,165,3,6,Sumner County                 ,133,133,35281475,0,0,0,0,0,0,0,0,0,133,133,35281475,0,0,0,0,0,0,0,0,0
201904,47,167,3,6,Tipton County                 ,13,13,2285142,0,0,0,0,0,0,0,0,0,5,5,1204220,0,0,0,0,0,0,0,0,0
201904,47,169,3,6,Trousdale County              ,7,7,1165000,0,0,0,0,0,0,0,0,0,7,7,1165000,0,0,0,0,0,0,0,0,0
201904,47,173,3,6,Union County                  ,12,12,2220000,0,0,0,0,0,0,0,0,0,12,12,2220000,0,0,0,0,0,0,0,0,0
201904,47,175,3,6,Van Buren County              ,0,0,0,0,0,0,0,0,0,0,0,0,0,0,0,0,0,0,0,0,0,0,0,0
201904,47,189,3,6,Wilson County                 ,131,131,32706105,0,0,0,0,0,0,0,0,0,83,83,18479068,0,0,0,0,0,0,0,0,0
201904,48,013,3,7,Atascosa County               ,3,3,579011,0,0,0,0,0,0,0,0,0,0,0,0,0,0,0,0,0,0,0,0,0
201904,48,015,3,7,Austin County                 ,0,0,0,0,0,0,0,0,0,0,0,0,0,0,0,0,0,0,0,0,0,0,0,0
201904,48,019,3,7,Bandera County                ,0,0,0,0,0,0,0,0,0,0,0,0,0,0,0,0,0,0,0,0,0,0,0,0
201904,48,021,3,7,Bastrop County                ,16,16,2340375,0,0,0,0,0,0,0,0,0,3,3,585537,0,0,0,0,0,0,0,0,0
201904,48,025,3,7,Bee County                    ,1,1,99168,0,0,0,0,0,0,0,0,0,0,0,0,0,0,0,0,0,0,0,0,0
201904,48,027,3,7,Bell County                   ,187,187,33721076,24,48,4250104,0,0,0,1,5,396770,187,187,33721076,24,48,4250104,0,0,0,0,0,0
201904,48,029,3,7,Bexar County                  ,412,412,95000336,2,4,485966,4,15,1306776,38,195,22056488,367,367,89154707,2,4,485966,3,12,1306776,37,188,20564794
201904,48,051,3,7,Burleson County               ,0,0,0,0,0,0,0,0,0,0,0,0,0,0,0,0,0,0,0,0,0,0,0,0
201904,48,055,3,7,Caldwell County               ,22,22,4416070,0,0,0,0,0,0,0,0,0,0,0,0,0,0,0,0,0,0,0,0,0
201904,48,085,3,7,Collin County                 ,767,767,245326972,0,0,0,0,0,0,0,0,0,619,619,187772070,0,0,0,0,0,0,0,0,0
201904,48,091,3,7,Comal County                  ,180,180,42582557,0,0,0,0,0,0,0,0,0,180,180,42582557,0,0,0,0,0,0,0,0,0
201904,48,099,3,7,Coryell County                ,19,19,2930405,0,0,0,0,0,0,0,0,0,19,19,2930405,0,0,0,0,0,0,0,0,0
201904,48,107,3,7,Crosby County                 ,0,0,0,0,0,0,0,0,0,0,0,0,0,0,0,0,0,0,0,0,0,0,0,0
201904,48,113,3,7,Dallas County                 ,400,400,117018180,10,20,3441356,6,23,2990244,26,1682,170924136,371,371,102446268,10,20,3441356,6,23,2990244,20,1363,144497567
201904,48,119,3,7,Delta County                  ,3,3,585537,0,0,0,0,0,0,0,0,0,3,3,585537,0,0,0,0,0,0,0,0,0
201904,48,135,3,7,Ector County                  ,46,46,8670717,0,0,0,0,0,0,0,0,0,0,0,0,0,0,0,0,0,0,0,0,0
201904,48,139,3,7,Ellis County                  ,177,177,43104471,1,2,217141,0,0,0,1,8,1361799,123,123,31702136,0,0,0,0,0,0,0,0,0
201904,48,141,3,7,El Paso County                ,220,220,46728556,3,6,581042,5,20,2208685,4,67,7750432,1,1,539919,0,0,0,0,0,0,0,0,0
201904,48,157,3,7,Fort Bend County              ,742,742,57368895,1,2,229540,0,0,0,1,5,391292,43,43,11011900,0,0,0,0,0,0,0,0,0
201904,48,167,3,7,Galveston County              ,190,190,44083409,0,0,0,0,0,0,0,0,0,133,133,31661412,0,0,0,0,0,0,0,0,0
201904,48,185,3,7,Grimes County                 ,9,9,951339,0,0,0,0,0,0,0,0,0,9,9,951339,0,0,0,0,0,0,0,0,0
201904,48,187,3,7,Guadalupe County              ,70,70,15085639,0,0,0,0,0,0,0,0,0,70,70,15085639,0,0,0,0,0,0,0,0,0
201904,48,193,3,7,Hamilton County               ,0,0,0,0,0,0,0,0,0,0,0,0,0,0,0,0,0,0,0,0,0,0,0,0
201904,48,195,3,7,Hansford County               ,0,0,0,0,0,0,0,0,0,0,0,0,0,0,0,0,0,0,0,0,0,0,0,0
201904,48,201,3,7,Harris County                 ,1553,1553,326441589,18,36,4107289,8,32,2000000,24,1118,154081558,1544,1544,322045129,18,36,4107289,8,32,2000000,24,1118,154081558
201904,48,211,3,7,Hemphill County               ,0,0,0,0,0,0,0,0,0,0,0,0,0,0,0,0,0,0,0,0,0,0,0,0
201904,48,215,3,7,Hidalgo County                ,203,203,32030117,10,20,1266074,20,80,4204593,3,43,2497533,165,165,27602448,8,16,1066173,19,76,4002488,1,14,490000
201904,48,233,3,7,Hutchinson County             ,0,0,0,0,0,0,0,0,0,0,0,0,0,0,0,0,0,0,0,0,0,0,0,0
201904,48,251,3,7,Johnson County                ,42,42,8369476,0,0,0,0,0,0,0,0,0,41,41,8138230,0,0,0,0,0,0,0,0,0
201904,48,257,3,7,Kaufman County                ,68,68,14407559,0,0,0,0,0,0,0,0,0,61,61,12734574,0,0,0,0,0,0,0,0,0
201904,48,259,3,7,Kendall County                ,31,31,8279678,0,0,0,0,0,0,0,0,0,0,0,0,0,0,0,0,0,0,0,0,0
201904,48,271,3,7,Kinney County                 ,0,0,0,0,0,0,0,0,0,0,0,0,0,0,0,0,0,0,0,0,0,0,0,0
201904,48,281,3,7,Lampasas County               ,0,0,0,0,0,0,0,0,0,0,0,0,0,0,0,0,0,0,0,0,0,0,0,0
201904,48,291,3,7,Liberty County                ,50,50,5113441,0,0,0,0,0,0,0,0,0,0,0,0,0,0,0,0,0,0,0,0,0
201904,48,303,3,7,Lubbock County                ,111,111,27656800,0,0,0,0,0,0,12,72,5979216,110,110,27483800,0,0,0,0,0,0,12,72,5979216
201904,48,323,3,7,Maverick County               ,6,6,1397083,1,2,215921,0,0,0,0,0,0,0,0,0,0,0,0,0,0,0,0,0,0
201904,48,325,3,7,Medina County                 ,4,4,824480,0,0,0,0,0,0,0,0,0,2,2,398450,0,0,0,0,0,0,0,0,0
201904,48,329,3,7,Midland County                ,103,103,15640912,0,0,0,0,0,0,0,0,0,103,103,15640912,0,0,0,0,0,0,0,0,0
201904,48,339,3,7,Montgomery County             ,496,496,117150509,0,0,0,0,0,0,0,0,0,488,488,115805236,0,0,0,0,0,0,0,0,0
201904,48,367,3,7,Parker County                 ,48,48,6903071,0,0,0,0,0,0,0,0,0,25,25,2304938,0,0,0,0,0,0,0,0,0
201904,48,375,3,7,Potter County                 ,36,36,10075425,0,0,0,0,0,0,0,0,0,36,36,10075425,0,0,0,0,0,0,0,0,0
201904,48,383,3,7,Reagan County                 ,0,0,0,0,0,0,0,0,0,0,0,0,0,0,0,0,0,0,0,0,0,0,0,0
201904,48,385,3,7,Real County                   ,0,0,0,0,0,0,0,0,0,0,0,0,0,0,0,0,0,0,0,0,0,0,0,0
201904,48,395,3,7,Robertson County              ,9,9,1792678,0,0,0,0,0,0,0,0,0,8,8,1561432,0,0,0,0,0,0,0,0,0
201904,48,397,3,7,Rockwall County               ,123,123,42233016,0,0,0,0,0,0,0,0,0,93,93,31745924,0,0,0,0,0,0,0,0,0
201904,48,407,3,7,San Jacinto County            ,32,32,6983384,0,0,0,0,0,0,0,0,0,0,0,0,0,0,0,0,0,0,0,0,0
201904,48,411,3,7,San Saba County               ,0,0,0,0,0,0,0,0,0,0,0,0,0,0,0,0,0,0,0,0,0,0,0,0
201904,48,451,3,7,Tom Green County              ,24,24,5690753,0,0,0,0,0,0,0,0,0,24,24,5690753,0,0,0,0,0,0,0,0,0
201904,48,453,3,7,Travis County                 ,1053,1053,222615333,1,2,250000,0,0,0,35,1319,84213450,1010,1010,207845775,1,2,250000,0,0,0,35,1319,84213450
201904,48,473,3,7,Waller County                 ,0,0,0,0,0,0,0,0,0,2,10,221806,0,0,0,0,0,0,0,0,0,0,0,0
201904,48,491,3,7,Williamson County             ,449,449,124327372,0,0,0,1,3,218418,0,0,0,423,423,118160019,0,0,0,1,3,218418,0,0,0
201904,48,493,3,7,Wilson County                 ,5,5,1012512,0,0,0,0,0,0,0,0,0,0,0,0,0,0,0,0,0,0,0,0,0
201904,48,497,3,7,Wise County                   ,11,11,2978178,0,0,0,0,0,0,0,0,0,9,9,2475577,0,0,0,0,0,0,0,0,0
201904,49,011,4,8,Davis County                  ,144,144,36846230,1,2,274232,0,0,0,1,44,4230413,132,132,33443226,1,2,274232,0,0,0,1,44,4230413
201904,49,023,4,8,Juab County                   ,7,7,2577231,0,0,0,0,0,0,0,0,0,4,4,1769323,0,0,0,0,0,0,0,0,0
201904,49,029,4,8,Morgan County                 ,6,6,2377923,0,0,0,0,0,0,0,0,0,5,5,2072987,0,0,0,0,0,0,0,0,0
201904,49,035,4,8,Salt Lake County              ,339,339,86392144,5,10,1377930,7,24,4021954,17,412,53895534,196,196,47813597,1,2,289882,0,0,0,11,296,39078296
201904,49,039,4,8,Sanpete County                ,5,5,777451,0,0,0,0,0,0,0,0,0,0,0,0,0,0,0,0,0,0,0,0,0
201904,49,043,4,8,Summit County                 ,20,20,8380153,0,0,0,0,0,0,2,10,1708568,10,10,3371603,0,0,0,0,0,0,0,0,0
201904,49,057,4,8,Weber County                  ,85,85,24031266,0,0,0,7,25,3911340,1,6,653378,78,78,22111870,0,0,0,7,25,3911340,1,6,653378
201904,51,003,3,5,Albemarle County              ,56,56,17369096,0,0,0,0,0,0,2,22,2473423,0,0,0,0,0,0,0,0,0,0,0,0
201904,51,007,3,5,Amelia County                 ,5,5,894288,0,0,0,0,0,0,0,0,0,0,0,0,0,0,0,0,0,0,0,0,0
201904,51,009,3,5,Amherst County                ,5,5,860000,0,0,0,0,0,0,0,0,0,5,5,860000,0,0,0,0,0,0,0,0,0
201904,51,013,3,5,Arlington County              ,17,17,6792581,0,0,0,0,0,0,1,272,17105846,0,0,0,0,0,0,0,0,0,0,0,0
201904,51,015,3,5,Augusta County                ,21,21,3684500,0,0,0,1,4,250000,0,0,0,21,21,3684500,0,0,0,1,4,250000,0,0,0
201904,51,019,3,5,Bedford County                ,16,16,4148958,0,0,0,0,0,0,0,0,0,0,0,0,0,0,0,0,0,0,0,0,0
201904,51,033,3,5,Caroline County               ,12,12,1945060,0,0,0,0,0,0,0,0,0,12,12,1945060,0,0,0,0,0,0,0,0,0
201904,51,036,3,5,Charles City County           ,2,2,324892,0,0,0,0,0,0,0,0,0,0,0,0,0,0,0,0,0,0,0,0,0
201904,51,037,3,5,Charlotte County              ,1,1,216042,0,0,0,0,0,0,0,0,0,0,0,0,0,0,0,0,0,0,0,0,0
201904,51,041,3,5,Chesterfield County           ,133,133,25958807,2,4,756070,3,12,1408775,4,21,1720000,133,133,25958807,2,4,756070,3,12,1408775,4,21,1720000
201904,51,043,3,5,Clarke County                 ,5,5,1856773,0,0,0,0,0,0,0,0,0,0,0,0,0,0,0,0,0,0,0,0,0
201904,51,049,3,5,Cumberland County             ,3,3,547311,0,0,0,0,0,0,0,0,0,0,0,0,0,0,0,0,0,0,0,0,0
201904,51,051,3,5,Dickenson County              ,0,0,0,0,0,0,0,0,0,0,0,0,0,0,0,0,0,0,0,0,0,0,0,0
201904,51,053,3,5,Dinwiddie County              ,7,7,1007157,0,0,0,0,0,0,0,0,0,0,0,0,0,0,0,0,0,0,0,0,0
201904,51,059,3,5,Fairfax County                ,105,105,24822725,0,0,0,0,0,0,0,0,0,105,105,24822725,0,0,0,0,0,0,0,0,0
201904,51,061,3,5,Fauquier County               ,18,18,6623076,0,0,0,0,0,0,0,0,0,18,18,6623076,0,0,0,0,0,0,0,0,0
201904,51,069,3,5,Frederick County              ,85,85,18681989,0,0,0,0,0,0,0,0,0,85,85,18681989,0,0,0,0,0,0,0,0,0
201904,51,073,3,5,Gloucester County             ,9,9,1890650,0,0,0,0,0,0,0,0,0,9,9,1890650,0,0,0,0,0,0,0,0,0
201904,51,075,3,5,Goochland County              ,23,23,6891457,0,0,0,0,0,0,0,0,0,23,23,6891457,0,0,0,0,0,0,0,0,0
201904,51,085,3,5,Hanover County                ,58,58,11320382,0,0,0,0,0,0,0,0,0,58,58,11320382,0,0,0,0,0,0,0,0,0
201904,51,087,3,5,Henrico County                ,77,77,13501140,14,28,962500,0,0,0,0,0,0,77,77,13501140,14,28,962500,0,0,0,0,0,0
201904,51,093,3,5,Isle of Wight County          ,17,17,3303624,0,0,0,0,0,0,0,0,0,0,0,0,0,0,0,0,0,0,0,0,0
201904,51,095,3,5,James City County             ,32,32,8659769,2,4,431000,0,0,0,0,0,0,32,32,8659769,2,4,431000,0,0,0,0,0,0
201904,51,097,3,5,King and Queen County         ,0,0,0,0,0,0,0,0,0,0,0,0,0,0,0,0,0,0,0,0,0,0,0,0
201904,51,099,3,5,King George County            ,13,13,2537327,0,0,0,0,0,0,0,0,0,13,13,2537327,0,0,0,0,0,0,0,0,0
201904,51,107,3,5,Loudoun County                ,268,268,63357051,0,0,0,0,0,0,8,264,43639826,268,268,63357051,0,0,0,0,0,0,8,264,43639826
201904,51,109,3,5,Louisa County                 ,24,24,4950948,0,0,0,0,0,0,0,0,0,0,0,0,0,0,0,0,0,0,0,0,0
201904,51,115,3,5,Mathews County                ,2,2,416920,0,0,0,0,0,0,0,0,0,2,2,416920,0,0,0,0,0,0,0,0,0
201904,51,127,3,5,New Kent County               ,15,15,2927685,0,0,0,0,0,0,0,0,0,15,15,2927685,0,0,0,0,0,0,0,0,0
201904,51,139,3,5,Page County                   ,8,8,808000,0,0,0,0,0,0,0,0,0,8,8,808000,0,0,0,0,0,0,0,0,0
201904,51,145,3,5,Powhatan County               ,22,22,4293938,0,0,0,0,0,0,0,0,0,22,22,4293938,0,0,0,0,0,0,0,0,0
201904,51,149,3,5,Prince George County          ,4,4,600000,0,0,0,0,0,0,0,0,0,4,4,600000,0,0,0,0,0,0,0,0,0
201904,51,153,3,5,Prince William County         ,87,87,18999449,0,0,0,0,0,0,0,0,0,87,87,18999449,0,0,0,0,0,0,0,0,0
201904,51,165,3,5,Rockingham County             ,27,27,8887200,0,0,0,0,0,0,0,0,0,27,27,8887200,0,0,0,0,0,0,0,0,0
201904,51,175,3,5,Southampton County            ,4,4,634119,0,0,0,0,0,0,0,0,0,0,0,0,0,0,0,0,0,0,0,0,0
201904,51,177,3,5,Spotsylvania County           ,65,65,17673933,0,0,0,0,0,0,1,28,2352933,0,0,0,0,0,0,0,0,0,0,0,0
201904,51,179,3,5,Stafford County               ,86,86,20118331,0,0,0,0,0,0,0,0,0,86,86,20118331,0,0,0,0,0,0,0,0,0
201904,51,181,3,5,Surry County                  ,3,3,538400,0,0,0,0,0,0,0,0,0,3,3,538400,0,0,0,0,0,0,0,0,0
201904,51,183,3,5,Sussex County                 ,5,5,564734,0,0,0,0,0,0,0,0,0,5,5,564734,0,0,0,0,0,0,0,0,0
201904,51,187,3,5,Warren County                 ,16,16,3727500,0,0,0,0,0,0,0,0,0,16,16,3727500,0,0,0,0,0,0,0,0,0
201904,51,199,3,5,York County                   ,34,34,8037835,0,0,0,0,0,0,0,0,0,34,34,8037835,0,0,0,0,0,0,0,0,0
201904,51,510,3,5,Alexandria (Independent City) ,14,14,4607287,0,0,0,0,0,0,0,0,0,14,14,4607287,0,0,0,0,0,0,0,0,0
201904,51,540,3,5,Charlottesville (Independent C,3,3,900000,0,0,0,0,0,0,0,0,0,3,3,900000,0,0,0,0,0,0,0,0,0
201904,51,550,3,5,Chesapeake(Independent City)  ,38,38,8983462,0,0,0,0,0,0,0,0,0,38,38,8983462,0,0,0,0,0,0,0,0,0
201904,51,570,3,5,Colonial Heights (Independent ,2,2,333500,0,0,0,0,0,0,0,0,0,2,2,333500,0,0,0,0,0,0,0,0,0
201904,51,580,3,5,Covington (Independent City)  ,1,1,225000,0,0,0,0,0,0,0,0,0,1,1,225000,0,0,0,0,0,0,0,0,0
201904,51,600,3,5,Fairfax (Independent City)    ,0,0,0,0,0,0,0,0,0,0,0,0,0,0,0,0,0,0,0,0,0,0,0,0
201904,51,610,3,5,Falls Church (Independent City,2,2,997000,0,0,0,0,0,0,0,0,0,2,2,997000,0,0,0,0,0,0,0,0,0
201904,51,630,3,5,Fredericksburg(Independent Cit,16,16,2165000,0,0,0,0,0,0,0,0,0,16,16,2165000,0,0,0,0,0,0,0,0,0
201904,51,650,3,5,Hampton (Independent City)    ,16,16,999595,0,0,0,0,0,0,0,0,0,0,0,0,0,0,0,0,0,0,0,0,0
201904,51,660,3,5,Harrisonburg (Independent City,5,5,923990,0,0,0,0,0,0,0,0,0,0,0,0,0,0,0,0,0,0,0,0,0
201904,51,670,3,5,Hopewell (Independent City)   ,4,4,365919,0,0,0,0,0,0,0,0,0,0,0,0,0,0,0,0,0,0,0,0,0
201904,51,680,3,5,Lynchburg (Independent City)  ,7,7,1676375,0,0,0,0,0,0,1,24,1748871,7,7,1676375,0,0,0,0,0,0,1,24,1748871
201904,51,683,3,5,Manassas (Independent City)   ,15,15,3546104,0,0,0,0,0,0,0,0,0,15,15,3546104,0,0,0,0,0,0,0,0,0
201904,51,685,3,5,Manassas Park (Independent Cit,0,0,0,0,0,0,0,0,0,0,0,0,0,0,0,0,0,0,0,0,0,0,0,0
201904,51,700,3,5,Newport News (Independent City,13,13,4620930,0,0,0,0,0,0,0,0,0,13,13,4620930,0,0,0,0,0,0,0,0,0
201904,51,710,3,5,Norfolk (Independent City)    ,27,27,6382986,0,0,0,0,0,0,7,254,19564090,27,27,6382986,0,0,0,0,0,0,7,254,19564090
201904,51,730,3,5,Petersburg (Independent City) ,1,1,104000,0,0,0,0,0,0,0,0,0,1,1,104000,0,0,0,0,0,0,0,0,0
201904,51,735,3,5,Poquoson (Independent City)   ,3,3,818000,0,0,0,0,0,0,0,0,0,3,3,818000,0,0,0,0,0,0,0,0,0
201904,51,740,3,5,Portsmouth (Independent City) ,6,6,615000,0,0,0,0,0,0,0,0,0,6,6,615000,0,0,0,0,0,0,0,0,0
201904,51,760,3,5,Richmond (Independent City)   ,26,26,5074654,0,0,0,0,0,0,3,15,1292685,26,26,5074654,0,0,0,0,0,0,3,15,1292685
201904,51,800,3,5,Suffolk (Independent City)    ,43,43,10165497,0,0,0,0,0,0,0,0,0,43,43,10165497,0,0,0,0,0,0,0,0,0
201904,51,810,3,5,Virginia Beach (Independent Ci,55,55,9585102,0,0,0,0,0,0,0,0,0,55,55,9585102,0,0,0,0,0,0,0,0,0
201904,51,830,3,5,Williamsburg (Independent City,1,1,610000,0,0,0,0,0,0,0,0,0,1,1,610000,0,0,0,0,0,0,0,0,0
201904,53,005,4,9,Benton County                 ,101,101,30926038,0,0,0,0,0,0,9,276,32410740,92,92,27984628,0,0,0,0,0,0,9,276,32410740
201904,53,011,4,9,Clark County                  ,233,233,71532541,4,8,1487533,0,0,0,5,56,6004827,211,211,65644356,4,8,1487533,0,0,0,4,48,5133899
201904,53,021,4,9,Franklin County               ,56,56,16066233,3,6,520919,0,0,0,0,0,0,12,12,4844017,0,0,0,0,0,0,0,0,0
201904,53,031,4,9,Jefferson County              ,10,10,1918236,0,0,0,0,0,0,0,0,0,10,10,1918236,0,0,0,0,0,0,0,0,0
201904,53,033,4,9,King County                   ,363,363,142970223,21,42,8493320,20,67,13415489,27,1982,255385626,283,283,107559339,21,42,8493320,20,67,13415489,26,1970,253870086
201904,53,035,4,9,Kitsap County                 ,73,73,24572956,0,0,0,0,0,0,0,0,0,63,63,22086932,0,0,0,0,0,0,0,0,0
201904,53,053,4,9,Pierce County                 ,221,221,68321610,1,2,375602,0,0,0,1,8,1708835,219,219,67651228,1,2,375602,0,0,0,1,8,1708835
201904,53,055,4,9,San Juan County               ,9,9,2720000,1,2,150000,0,0,0,0,0,0,9,9,2720000,1,2,150000,0,0,0,0,0,0
201904,53,059,4,9,Skamania County               ,4,4,1012388,0,0,0,1,3,300000,0,0,0,4,4,1012388,0,0,0,1,3,300000,0,0,0
201904,53,061,4,9,Snohomish County              ,207,207,56951419,8,16,3435456,6,23,2611706,2,105,8352815,163,163,45229980,6,12,2731858,6,23,2611706,2,105,8352815
201904,54,011,3,5,Cabell County                 ,7,7,1168810,0,0,0,0,0,0,0,0,0,2,2,350000,0,0,0,0,0,0,0,0,0
201904,54,015,3,5,Clay County                   ,4,4,100000,0,0,0,0,0,0,0,0,0,4,4,100000,0,0,0,0,0,0,0,0,0
201904,54,019,3,5,Fayette County                ,3,3,525000,0,0,0,0,0,0,0,0,0,3,3,525000,0,0,0,0,0,0,0,0,0
201904,54,037,3,5,Jefferson County              ,21,21,5463544,0,0,0,0,0,0,0,0,0,18,18,4681028,0,0,0,0,0,0,0,0,0
201904,54,081,3,5,Raleigh County                ,4,4,610000,0,0,0,0,0,0,0,0,0,4,4,610000,0,0,0,0,0,0,0,0,0
201904,55,025,2,3,Dane County                   ,131,131,45330490,12,24,3924915,1,3,447000,9,411,56504981,105,105,38177482,11,22,3565000,0,0,0,7,338,49141751
201904,55,031,2,3,Douglas County                ,7,7,1413000,0,0,0,0,0,0,0,0,0,7,7,1413000,0,0,0,0,0,0,0,0,0
201904,55,037,2,3,Florence County               ,5,5,843200,0,0,0,0,0,0,0,0,0,5,5,843200,0,0,0,0,0,0,0,0,0
201904,55,049,2,3,Iowa County                   ,10,10,2780000,0,0,0,0,0,0,0,0,0,9,9,2500000,0,0,0,0,0,0,0,0,0
201904,55,059,2,3,Kenosha County                ,22,22,6814042,0,0,0,0,0,0,0,0,0,21,21,6479630,0,0,0,0,0,0,0,0,0
201904,55,079,2,3,Milwaukee County              ,15,15,4538276,0,0,0,0,0,0,5,190,18825208,15,15,4538276,0,0,0,0,0,0,5,190,18825208
201904,55,089,2,3,Ozaukee County                ,21,21,7719060,0,0,0,0,0,0,1,9,1267742,10,10,3253304,0,0,0,0,0,0,0,0,0
201904,55,093,2,3,Pierce County                 ,16,16,4787000,0,0,0,0,0,0,0,0,0,16,16,4787000,0,0,0,0,0,0,0,0,0
201904,55,109,2,3,St. Croix County              ,46,46,11869330,2,4,476801,0,0,0,0,0,0,39,39,10496238,0,0,0,0,0,0,0,0,0
201904,55,131,2,3,Washington County             ,18,18,5423142,2,4,718000,0,0,0,0,0,0,6,6,1648500,2,4,718000,0,0,0,0,0,0
201904,56,029,4,8,Park County                   ,11,11,2871426,1,2,70000,0,0,0,0,0,0,11,11,2871426,1,2,70000,0,0,0,0,0,0
201904,56,039,4,8,Teton County                  ,24,24,41055863,1,2,623319,1,3,116499,0,0,0,22,22,40020803,0,0,0,0,0,0,0,0,0
