Survey,FIPS,FIPS,Region,Division,County,,1-unit,,,2-units,,,3-4 units,,,5+ units,,,1-unit rep,,,2-units rep,,,3-4 units rep,,, 5+units rep
Date,State,County,Code,Code,Name,Bldgs,Units,Value,Bldgs,Units,Value,Bldgs,Units,Value,Bldgs,Units,Value,Bldgs,Units,Value,Bldgs,Units,Value,Bldgs,Units,Value,Bldgs,Units,Value
 
201911,01,001,3,6,Autauga County                ,19,19,4643641,0,0,0,0,0,0,0,0,0,19,19,4643641,0,0,0,0,0,0,0,0,0
201911,01,007,3,6,Bibb County                   ,1,1,186353,0,0,0,0,0,0,0,0,0,0,0,0,0,0,0,0,0,0,0,0,0
201911,01,009,3,6,Blount County                 ,1,1,237457,0,0,0,0,0,0,0,0,0,1,1,237457,0,0,0,0,0,0,0,0,0
201911,01,021,3,6,Chilton County                ,1,1,500000,0,0,0,0,0,0,0,0,0,1,1,500000,0,0,0,0,0,0,0,0,0
201911,01,073,3,6,Jefferson County              ,141,141,43250503,1,2,247329,0,0,0,1,13,1310916,116,116,37584803,0,0,0,0,0,0,0,0,0
201911,01,081,3,6,Lee County                    ,114,114,27514354,0,0,0,1,4,972640,3,18,2182178,114,114,27514354,0,0,0,1,4,972640,3,18,2182178
201911,01,083,3,6,Limestone County              ,31,31,5696031,0,0,0,0,0,0,0,0,0,31,31,5696031,0,0,0,0,0,0,0,0,0
201911,01,089,3,6,Madison County                ,197,197,27557702,0,0,0,0,0,0,0,0,0,134,134,16210595,0,0,0,0,0,0,0,0,0
201911,01,113,3,6,Russell County                ,7,7,979049,0,0,0,0,0,0,0,0,0,0,0,0,0,0,0,0,0,0,0,0,0
201911,01,115,3,6,St. Clair County              ,16,16,3146910,0,0,0,0,0,0,0,0,0,9,9,1931806,0,0,0,0,0,0,0,0,0
201911,01,117,3,6,Shelby County                 ,82,82,18290914,0,0,0,0,0,0,0,0,0,31,31,5997629,0,0,0,0,0,0,0,0,0
201911,01,127,3,6,Walker County                 ,0,0,0,0,0,0,0,0,0,0,0,0,0,0,0,0,0,0,0,0,0,0,0,0
201911,02,013,4,9,Aleutians East Borough        ,0,0,0,0,0,0,0,0,0,0,0,0,0,0,0,0,0,0,0,0,0,0,0,0
201911,02,016,4,9,Aleutians West Census Area    ,0,0,0,0,0,0,0,0,0,0,0,0,0,0,0,0,0,0,0,0,0,0,0,0
201911,02,020,4,9,Anchorage Municipality        ,65,65,20362528,0,0,0,1,4,694790,1,15,2371433,0,0,0,0,0,0,0,0,0,0,0,0
201911,02,050,4,9,Bethel Census Area            ,0,0,0,0,0,0,0,0,0,0,0,0,0,0,0,0,0,0,0,0,0,0,0,0
201911,02,060,4,9,Bristol Bay Borough           ,0,0,0,0,0,0,0,0,0,0,0,0,0,0,0,0,0,0,0,0,0,0,0,0
201911,02,070,4,9,Dillingham Census Area        ,0,0,0,0,0,0,0,0,0,0,0,0,0,0,0,0,0,0,0,0,0,0,0,0
201911,02,090,4,9,Fairbanks North Star Borough  ,0,0,0,0,0,0,0,0,0,0,0,0,0,0,0,0,0,0,0,0,0,0,0,0
201911,02,100,4,9,Haines Borough                ,1,1,160842,0,0,0,0,0,0,0,0,0,0,0,0,0,0,0,0,0,0,0,0,0
201911,02,105,4,9,Hoonah-Angoon Census Area     ,0,0,0,0,0,0,0,0,0,0,0,0,0,0,0,0,0,0,0,0,0,0,0,0
201911,02,110,4,9,Juneau City and Borough       ,5,5,1080437,0,0,0,0,0,0,0,0,0,5,5,1080437,0,0,0,0,0,0,0,0,0
201911,02,122,4,9,Kenai Peninsula Borough       ,4,4,816579,0,0,0,0,0,0,1,12,400000,1,1,200000,0,0,0,0,0,0,1,12,400000
201911,02,130,4,9,Ketchikan Gateway Borough     ,0,0,0,0,0,0,0,0,0,0,0,0,0,0,0,0,0,0,0,0,0,0,0,0
201911,02,150,4,9,Kodiak Island Borough         ,1,1,388270,0,0,0,0,0,0,0,0,0,1,1,388270,0,0,0,0,0,0,0,0,0
201911,02,170,4,9,Matanuska-Susitna Borough     ,3,3,857570,0,0,0,0,0,0,0,0,0,3,3,857570,0,0,0,0,0,0,0,0,0
201911,02,180,4,9,Nome Census Area              ,0,0,0,0,0,0,0,0,0,0,0,0,0,0,0,0,0,0,0,0,0,0,0,0
201911,02,185,4,9,North Slope Borough           ,0,0,0,0,0,0,0,0,0,0,0,0,0,0,0,0,0,0,0,0,0,0,0,0
201911,02,188,4,9,Northwest Arctic Borough      ,0,0,0,0,0,0,0,0,0,0,0,0,0,0,0,0,0,0,0,0,0,0,0,0
201911,02,195,4,9,Petersburg Borough            ,1,1,188279,0,0,0,0,0,0,0,0,0,0,0,0,0,0,0,0,0,0,0,0,0
201911,02,198,4,9,Prince of Wales-Hyder Census A,0,0,0,0,0,0,0,0,0,0,0,0,0,0,0,0,0,0,0,0,0,0,0,0
201911,02,220,4,9,Sitka City and Borough        ,1,1,264847,0,0,0,0,0,0,0,0,0,0,0,0,0,0,0,0,0,0,0,0,0
201911,02,230,4,9,Skagway Municipality          ,0,0,0,1,2,200000,0,0,0,0,0,0,0,0,0,0,0,0,0,0,0,0,0,0
201911,02,261,4,9,Valdez-Cordova Census Area    ,0,0,0,0,0,0,0,0,0,0,0,0,0,0,0,0,0,0,0,0,0,0,0,0
201911,02,275,4,9,Wrangell City and Borough     ,0,0,0,0,0,0,0,0,0,0,0,0,0,0,0,0,0,0,0,0,0,0,0,0
201911,02,282,4,9,Yakutat City and Borough      ,1,1,166923,0,0,0,0,0,0,0,0,0,0,0,0,0,0,0,0,0,0,0,0,0
201911,02,290,4,9,Yukon-Koyukuk Census Area     ,0,0,0,0,0,0,0,0,0,0,0,0,0,0,0,0,0,0,0,0,0,0,0,0
201911,04,013,4,8,Maricopa County               ,1572,1572,464372611,32,64,7453899,4,14,2761126,16,1367,241065167,1563,1563,462479763,32,64,7453899,4,14,2761126,15,1225,215940058
201911,04,019,4,8,Pima County                   ,232,232,71268893,1,2,298716,0,0,0,3,75,11519140,180,180,58445950,0,0,0,0,0,0,0,0,0
201911,04,021,4,8,Pinal County                  ,371,371,70899428,4,8,521000,1,3,300000,0,0,0,287,287,50973352,4,8,521000,1,3,300000,0,0,0
201911,05,013,3,7,Calhoun County                ,0,0,0,0,0,0,0,0,0,0,0,0,0,0,0,0,0,0,0,0,0,0,0,0
201911,05,035,3,7,Crittenden County             ,4,4,803485,0,0,0,0,0,0,0,0,0,3,3,570000,0,0,0,0,0,0,0,0,0
201911,05,043,3,7,Drew County                   ,0,0,0,0,0,0,0,0,0,0,0,0,0,0,0,0,0,0,0,0,0,0,0,0
201911,05,045,3,7,Faulkner County               ,25,25,5246079,1,2,151790,0,0,0,1,8,224911,8,8,1245000,0,0,0,0,0,0,0,0,0
201911,05,053,3,7,Grant County                  ,2,2,311517,0,0,0,0,0,0,0,0,0,0,0,0,0,0,0,0,0,0,0,0,0
201911,05,085,3,7,Lonoke County                 ,20,20,2646460,0,0,0,0,0,0,0,0,0,9,9,1699340,0,0,0,0,0,0,0,0,0
201911,05,087,3,7,Madison County                ,0,0,0,0,0,0,0,0,0,0,0,0,0,0,0,0,0,0,0,0,0,0,0,0
201911,05,091,3,7,Miller County                 ,2,2,430470,0,0,0,0,0,0,0,0,0,0,0,0,0,0,0,0,0,0,0,0,0
201911,05,105,3,7,Perry County                  ,0,0,0,0,0,0,0,0,0,0,0,0,0,0,0,0,0,0,0,0,0,0,0,0
201911,05,119,3,7,Pulaski County                ,131,131,18830215,0,0,0,0,0,0,1,181,18500000,131,131,18830215,0,0,0,0,0,0,1,181,18500000
201911,05,129,3,7,Searcy County                 ,0,0,0,0,0,0,0,0,0,0,0,0,0,0,0,0,0,0,0,0,0,0,0,0
201911,05,143,3,7,Washington County             ,130,130,32617150,6,12,2763291,0,0,0,11,132,12738271,130,130,32617150,6,12,2763291,0,0,0,11,132,12738271
201911,06,001,4,9,Alameda County                ,170,170,50693505,1,2,464021,2,8,1499940,6,49,11003671,136,136,39668204,0,0,0,2,8,1499940,3,19,4669625
201911,06,013,4,9,Contra Costa County           ,101,101,33189943,0,0,0,0,0,0,2,424,76771632,101,101,33189943,0,0,0,0,0,0,2,424,76771632
201911,06,017,4,9,El Dorado County              ,39,39,13845042,0,0,0,0,0,0,1,16,13500000,39,39,13845042,0,0,0,0,0,0,1,16,13500000
201911,06,019,4,9,Fresno County                 ,172,172,50613657,2,4,849273,1,3,124322,6,56,6977751,80,80,23663282,0,0,0,0,0,0,3,24,3618664
201911,06,037,4,9,Los Angeles County            ,511,511,174770183,1,2,549040,11,39,8433083,29,793,144915064,453,453,144676752,1,2,549040,9,33,7643922,23,741,137747606
201911,06,041,4,9,Marin County                  ,68,68,25280310,1,2,1531250,0,0,0,0,0,0,65,65,22722245,0,0,0,0,0,0,0,0,0
201911,06,059,4,9,Orange County                 ,212,212,63935153,14,28,7237237,10,32,7062407,12,416,64486436,149,149,37068146,12,24,5903880,9,29,6402215,9,339,49560148
201911,06,061,4,9,Placer County                 ,165,165,57912092,0,0,0,0,0,0,0,0,0,165,165,57912092,0,0,0,0,0,0,0,0,0
201911,06,063,4,9,Plumas County                 ,3,3,643464,0,0,0,0,0,0,0,0,0,3,3,643464,0,0,0,0,0,0,0,0,0
201911,06,067,4,9,Sacramento County             ,379,379,106255812,10,20,5289413,1,4,808857,9,63,9933426,378,378,106030108,10,20,5289413,1,4,808857,9,63,9933426
201911,06,069,4,9,San Benito County             ,58,58,21720174,0,0,0,0,0,0,0,0,0,54,54,19557488,0,0,0,0,0,0,0,0,0
201911,06,071,4,9,San Bernardino County         ,275,275,72420729,16,32,5369564,0,0,0,5,47,5477509,258,258,68586272,16,32,5369564,0,0,0,2,15,1304086
201911,06,073,4,9,San Diego County              ,231,231,72640920,3,6,836726,15,46,8036328,16,166,24072583,211,211,68620146,3,6,836726,14,43,7917470,13,126,17814094
201911,06,075,4,9,San Francisco County          ,3,3,833805,0,0,0,0,0,0,1,146,27000000,3,3,833805,0,0,0,0,0,0,1,146,27000000
201911,06,081,4,9,San Mateo County              ,73,73,35262539,1,2,300000,0,0,0,3,44,9318967,58,58,27399436,1,2,300000,0,0,0,0,0,0
201911,06,085,4,9,Santa Clara County            ,103,103,36234703,0,0,0,1,4,600000,7,187,40609296,60,60,21949680,0,0,0,1,4,600000,2,16,4217227
201911,06,091,4,9,Sierra County                 ,0,0,0,0,0,0,0,0,0,0,0,0,0,0,0,0,0,0,0,0,0,0,0,0
201911,06,113,4,9,Yolo County                   ,67,67,20842379,1,2,570000,0,0,0,1,64,6731661,67,67,20842379,1,2,570000,0,0,0,1,64,6731661
201911,08,001,4,8,Adams County                  ,166,166,50278943,0,0,0,0,0,0,0,0,0,166,166,50278943,0,0,0,0,0,0,0,0,0
201911,08,005,4,8,Arapahoe County               ,224,224,61474298,0,0,0,2,6,895042,3,108,18856032,220,220,60721357,0,0,0,1,3,534870,3,108,18856032
201911,08,014,4,8,Broomfield County             ,13,13,5525988,2,4,955282,0,0,0,0,0,0,13,13,5525988,2,4,955282,0,0,0,0,0,0
201911,08,015,4,8,Chaffee County                ,8,8,2085526,0,0,0,0,0,0,0,0,0,8,8,2085526,0,0,0,0,0,0,0,0,0
201911,08,019,4,8,Clear Creek County            ,2,2,369075,0,0,0,0,0,0,0,0,0,2,2,369075,0,0,0,0,0,0,0,0,0
201911,08,031,4,8,Denver County                 ,118,118,32796341,0,0,0,0,0,0,1,393,24765603,118,118,32796341,0,0,0,0,0,0,1,393,24765603
201911,08,035,4,8,Douglas County                ,176,176,53021426,7,14,2885501,0,0,0,1,10,1501919,170,170,50872847,7,14,2885501,0,0,0,1,10,1501919
201911,08,039,4,8,Elbert County                 ,8,8,2719971,0,0,0,0,0,0,0,0,0,4,4,1541063,0,0,0,0,0,0,0,0,0
201911,08,041,4,8,El Paso County                ,285,285,111089146,0,0,0,2,8,700000,12,264,36068694,285,285,111089146,0,0,0,2,8,700000,12,264,36068694
201911,08,047,4,8,Gilpin County                 ,0,0,0,0,0,0,0,0,0,0,0,0,0,0,0,0,0,0,0,0,0,0,0,0
201911,08,059,4,8,Jefferson County              ,56,56,16077639,1,2,604799,0,0,0,0,0,0,54,54,15454330,1,2,604799,0,0,0,0,0,0
201911,08,069,4,8,Larimer County                ,128,128,34792747,1,2,337552,0,0,0,3,67,13645640,89,89,25975131,1,2,337552,0,0,0,3,67,13645640
201911,08,077,4,8,Mesa County                   ,47,47,7705741,2,4,550674,0,0,0,1,34,1404740,47,47,7705741,2,4,550674,0,0,0,1,34,1404740
201911,08,093,4,8,Park County                   ,14,14,4183316,0,0,0,0,0,0,0,0,0,14,14,4183316,0,0,0,0,0,0,0,0,0
201911,08,101,4,8,Pueblo County                 ,45,45,6891644,0,0,0,0,0,0,0,0,0,45,45,6891644,0,0,0,0,0,0,0,0,0
201911,08,119,4,8,Teller County                 ,8,8,2338452,0,0,0,0,0,0,0,0,0,8,8,2338452,0,0,0,0,0,0,0,0,0
201911,09,001,1,1,Fairfield County              ,43,43,27293837,0,0,0,0,0,0,2,13,4196698,17,17,10276006,0,0,0,0,0,0,0,0,0
201911,09,003,1,1,Hartford County               ,37,37,6761404,0,0,0,3,12,585395,3,20,1371778,32,32,5828586,0,0,0,3,12,585395,0,0,0
201911,09,007,1,1,Middlesex County              ,8,8,2200618,0,0,0,0,0,0,0,0,0,3,3,674500,0,0,0,0,0,0,0,0,0
201911,09,013,1,1,Tolland County                ,13,13,2967549,1,2,173200,0,0,0,2,18,1750856,7,7,1567307,0,0,0,0,0,0,0,0,0
201911,10,001,3,5,Kent County                   ,69,69,9758100,0,0,0,0,0,0,2,13,1132352,59,59,8479645,0,0,0,0,0,0,1,8,647530
201911,10,003,3,5,New Castle County             ,64,64,7622447,0,0,0,0,0,0,1,24,822360,57,57,6233270,0,0,0,0,0,0,1,24,822360
201911,10,005,3,5,Sussex County                 ,272,272,39569040,7,14,1458013,2,8,929225,3,18,1859301,272,272,39569040,7,14,1458013,2,8,929225,3,18,1859301
201911,11,001,3,5,Washington  DC                ,24,24,5698961,4,8,894730,0,0,0,2,237,26602065,24,24,5698961,4,8,894730,0,0,0,2,237,26602065
201911,12,003,3,5,Baker County                  ,6,6,880012,0,0,0,0,0,0,0,0,0,6,6,880012,0,0,0,0,0,0,0,0,0
201911,12,019,3,5,Clay County                   ,106,106,23434233,0,0,0,0,0,0,0,0,0,106,106,23434233,0,0,0,0,0,0,0,0,0
201911,12,029,3,5,Dixie County                  ,2,2,252647,0,0,0,0,0,0,0,0,0,0,0,0,0,0,0,0,0,0,0,0,0
201911,12,031,3,5,Duval County                  ,288,288,69830792,0,0,0,1,4,537089,1,253,28397985,274,274,65063137,0,0,0,1,4,537089,1,253,28397985
201911,12,033,3,5,Escambia County               ,62,62,14722316,1,2,240605,0,0,0,0,0,0,62,62,14722316,1,2,240605,0,0,0,0,0,0
201911,12,053,3,5,Hernando County               ,53,53,11285216,0,0,0,0,0,0,0,0,0,53,53,11285216,0,0,0,0,0,0,0,0,0
201911,12,057,3,5,Hillsborough County           ,603,603,199027376,4,8,817000,0,0,0,6,176,22233436,603,603,199027376,4,8,817000,0,0,0,6,176,22233436
201911,12,067,3,5,Lafayette County              ,0,0,0,0,0,0,0,0,0,0,0,0,0,0,0,0,0,0,0,0,0,0,0,0
201911,12,071,3,5,Lee County                    ,496,496,112297185,6,12,1555960,2,8,2570477,9,282,21378983,496,496,112297185,6,12,1555960,2,8,2570477,9,282,21378983
201911,12,073,3,5,Leon County                   ,51,51,10002290,0,0,0,0,0,0,3,89,11182265,0,0,0,0,0,0,0,0,0,0,0,0
201911,12,081,3,5,Manatee County                ,251,251,52757116,0,0,0,4,16,4212540,4,96,7580580,250,250,52609465,0,0,0,4,16,4212540,4,96,7580580
201911,12,086,3,5,Miami-Dade County             ,165,165,39493498,16,32,4416431,0,0,0,7,412,75224364,147,147,33951147,16,32,4416431,0,0,0,6,399,73765179
201911,12,089,3,5,Nassau County                 ,60,60,17557348,0,0,0,0,0,0,1,18,2066771,47,47,13914841,0,0,0,0,0,0,0,0,0
201911,12,091,3,5,Okaloosa County               ,72,72,22108949,0,0,0,1,4,632192,0,0,0,55,55,17383000,0,0,0,1,4,632192,0,0,0
201911,12,095,3,5,Orange County                 ,272,272,76744145,3,6,1036600,0,0,0,5,535,27557502,252,252,71282536,3,6,1036600,0,0,0,4,530,27306766
201911,12,097,3,5,Osceola County                ,545,545,140261071,0,0,0,7,28,3759624,2,37,4372390,545,545,140261071,0,0,0,7,28,3759624,2,37,4372390
201911,12,101,3,5,Pasco County                  ,274,274,55762638,1,2,280000,2,8,418205,4,27,1158478,273,273,55667920,0,0,0,2,8,418205,3,22,727228
201911,12,103,3,5,Pinellas County               ,87,87,22279729,0,0,0,0,0,0,1,8,683904,84,84,20759562,0,0,0,0,0,0,1,8,683904
201911,12,109,3,5,St. Johns County              ,260,260,62676692,0,0,0,0,0,0,2,16,2502062,260,260,62676692,0,0,0,0,0,0,2,16,2502062
201911,12,113,3,5,Santa Rosa County             ,128,128,21044129,0,0,0,0,0,0,0,0,0,128,128,21044129,0,0,0,0,0,0,0,0,0
201911,12,115,3,5,Sarasota County               ,302,302,80602265,1,2,231975,1,3,1010076,5,56,9343975,281,281,73454970,0,0,0,1,3,1010076,4,27,5421921
201911,12,117,3,5,Seminole County               ,63,63,19018745,0,0,0,0,0,0,0,0,0,60,60,17582741,0,0,0,0,0,0,0,0,0
201911,12,119,3,5,Sumter County                 ,227,227,59809281,0,0,0,0,0,0,0,0,0,227,227,59809281,0,0,0,0,0,0,0,0,0
201911,12,129,3,5,Wakulla County                ,25,25,4295000,0,0,0,0,0,0,0,0,0,25,25,4295000,0,0,0,0,0,0,0,0,0
201911,12,131,3,5,Walton County                 ,117,117,59403451,1,2,359183,1,4,492899,6,39,5496021,117,117,59403451,1,2,359183,1,4,492899,6,39,5496021
201911,12,133,3,5,Washington County             ,4,4,512616,0,0,0,0,0,0,0,0,0,0,0,0,0,0,0,0,0,0,0,0,0
201911,13,007,3,5,Baker County                  ,0,0,0,0,0,0,0,0,0,0,0,0,0,0,0,0,0,0,0,0,0,0,0,0
201911,13,013,3,5,Barrow County                 ,37,37,5353040,0,0,0,0,0,0,0,0,0,37,37,5353040,0,0,0,0,0,0,0,0,0
201911,13,015,3,5,Bartow County                 ,41,41,8598325,0,0,0,0,0,0,0,0,0,40,40,8298325,0,0,0,0,0,0,0,0,0
201911,13,021,3,5,Bibb County                   ,11,11,1885283,0,0,0,0,0,0,0,0,0,0,0,0,0,0,0,0,0,0,0,0,0
201911,13,029,3,5,Bryan County                  ,40,40,10313248,0,0,0,0,0,0,0,0,0,40,40,10313248,0,0,0,0,0,0,0,0,0
201911,13,033,3,5,Burke County                  ,4,4,712314,0,0,0,0,0,0,0,0,0,0,0,0,0,0,0,0,0,0,0,0,0
201911,13,035,3,5,Butts County                  ,5,5,1428300,0,0,0,0,0,0,0,0,0,5,5,1428300,0,0,0,0,0,0,0,0,0
201911,13,045,3,5,Carroll County                ,68,68,15440806,0,0,0,0,0,0,0,0,0,65,65,15033626,0,0,0,0,0,0,0,0,0
201911,13,051,3,5,Chatham County                ,72,72,15076111,0,0,0,0,0,0,0,0,0,20,20,3808220,0,0,0,0,0,0,0,0,0
201911,13,057,3,5,Cherokee County               ,154,154,40597069,0,0,0,0,0,0,0,0,0,154,154,40597069,0,0,0,0,0,0,0,0,0
201911,13,059,3,5,Clarke County                 ,108,108,18451543,16,32,3267848,0,0,0,0,0,0,108,108,18451543,16,32,3267848,0,0,0,0,0,0
201911,13,063,3,5,Clayton County                ,35,35,6361597,0,0,0,0,0,0,0,0,0,16,16,3799308,0,0,0,0,0,0,0,0,0
201911,13,067,3,5,Cobb County                   ,97,97,22312601,0,0,0,0,0,0,5,32,5068297,83,83,19716989,0,0,0,0,0,0,5,32,5068297
201911,13,073,3,5,Columbia County               ,68,68,12567967,0,0,0,1,4,360000,1,6,540000,68,68,12567967,0,0,0,1,4,360000,1,6,540000
201911,13,077,3,5,Coweta County                 ,70,70,23929796,0,0,0,0,0,0,2,36,3204148,43,43,14742469,0,0,0,0,0,0,0,0,0
201911,13,085,3,5,Dawson County                 ,29,29,5270000,0,0,0,0,0,0,0,0,0,1,1,155450,0,0,0,0,0,0,0,0,0
201911,13,095,3,5,Dougherty County              ,2,2,275920,0,0,0,0,0,0,0,0,0,0,0,0,0,0,0,0,0,0,0,0,0
201911,13,097,3,5,Douglas County                ,24,24,1895437,0,0,0,0,0,0,0,0,0,24,24,1895437,0,0,0,0,0,0,0,0,0
201911,13,111,3,5,Fannin County                 ,25,25,5122440,0,0,0,0,0,0,0,0,0,25,25,5122440,0,0,0,0,0,0,0,0,0
201911,13,113,3,5,Fayette County                ,28,28,9184576,0,0,0,0,0,0,0,0,0,7,7,2926807,0,0,0,0,0,0,0,0,0
201911,13,115,3,5,Floyd County                  ,2,2,289900,0,0,0,0,0,0,0,0,0,2,2,289900,0,0,0,0,0,0,0,0,0
201911,13,117,3,5,Forsyth County                ,108,108,18134193,0,0,0,0,0,0,0,0,0,108,108,18134193,0,0,0,0,0,0,0,0,0
201911,13,121,3,5,Fulton County                 ,281,281,72566635,0,0,0,0,0,0,1,23,2260186,257,257,68000450,0,0,0,0,0,0,0,0,0
201911,13,127,3,5,Glynn County                  ,42,42,12371285,0,0,0,0,0,0,0,0,0,0,0,0,0,0,0,0,0,0,0,0,0
201911,13,135,3,5,Gwinnett County               ,217,217,50532497,0,0,0,0,0,0,0,0,0,209,209,48040765,0,0,0,0,0,0,0,0,0
201911,13,143,3,5,Haralson County               ,5,5,1090936,0,0,0,0,0,0,0,0,0,0,0,0,0,0,0,0,0,0,0,0,0
201911,13,145,3,5,Harris County                 ,10,10,2525510,0,0,0,0,0,0,0,0,0,10,10,2525510,0,0,0,0,0,0,0,0,0
201911,13,149,3,5,Heard County                  ,2,2,474913,0,0,0,0,0,0,0,0,0,2,2,474913,0,0,0,0,0,0,0,0,0
201911,13,151,3,5,Henry County                  ,162,162,35096363,0,0,0,0,0,0,0,0,0,162,162,35096363,0,0,0,0,0,0,0,0,0
201911,13,159,3,5,Jasper County                 ,6,6,803844,0,0,0,0,0,0,0,0,0,0,0,0,0,0,0,0,0,0,0,0,0
201911,13,171,3,5,Lamar County                  ,6,6,1040180,0,0,0,0,0,0,0,0,0,6,6,1040180,0,0,0,0,0,0,0,0,0
201911,13,177,3,5,Lee County                    ,10,10,1210155,0,0,0,0,0,0,0,0,0,10,10,1210155,0,0,0,0,0,0,0,0,0
201911,13,179,3,5,Liberty County                ,28,28,5747880,0,0,0,0,0,0,5,72,8071939,28,28,5747880,0,0,0,0,0,0,5,72,8071939
201911,13,189,3,5,McDuffie County               ,3,3,568455,0,0,0,0,0,0,0,0,0,0,0,0,0,0,0,0,0,0,0,0,0
201911,13,199,3,5,Meriwether County             ,9,9,980000,0,0,0,0,0,0,0,0,0,9,9,980000,0,0,0,0,0,0,0,0,0
201911,13,201,3,5,Miller County                 ,1,1,400000,0,0,0,0,0,0,0,0,0,1,1,400000,0,0,0,0,0,0,0,0,0
201911,13,207,3,5,Monroe County                 ,10,10,161178,0,0,0,0,0,0,0,0,0,0,0,0,0,0,0,0,0,0,0,0,0
201911,13,215,3,5,Muscogee County               ,14,14,3390000,0,0,0,0,0,0,1,20,4431000,14,14,3390000,0,0,0,0,0,0,1,20,4431000
201911,13,217,3,5,Newton County                 ,23,23,5878485,0,0,0,0,0,0,0,0,0,23,23,5878485,0,0,0,0,0,0,0,0,0
201911,13,227,3,5,Pickens County                ,6,6,1665000,0,0,0,0,0,0,0,0,0,6,6,1665000,0,0,0,0,0,0,0,0,0
201911,13,231,3,5,Pike County                   ,10,10,2000000,0,0,0,0,0,0,0,0,0,0,0,0,0,0,0,0,0,0,0,0,0
201911,13,235,3,5,Pulaski County                ,0,0,0,0,0,0,0,0,0,0,0,0,0,0,0,0,0,0,0,0,0,0,0,0
201911,13,245,3,5,Richmond County               ,27,27,4394263,0,0,0,0,0,0,1,13,796203,1,1,175000,0,0,0,0,0,0,0,0,0
201911,13,247,3,5,Rockdale County               ,33,33,10080505,0,0,0,0,0,0,0,0,0,19,19,6782449,0,0,0,0,0,0,0,0,0
201911,13,255,3,5,Spalding County               ,26,26,3211964,0,0,0,0,0,0,0,0,0,25,25,3133514,0,0,0,0,0,0,0,0,0
201911,13,275,3,5,Thomas County                 ,6,6,1411865,0,0,0,0,0,0,0,0,0,3,3,732743,0,0,0,0,0,0,0,0,0
201911,13,291,3,5,Union County                  ,15,15,4104392,0,0,0,0,0,0,0,0,0,15,15,4104392,0,0,0,0,0,0,0,0,0
201911,15,001,4,9,Hawaii County                 ,78,78,24213579,0,0,0,0,0,0,0,0,0,0,0,0,0,0,0,0,0,0,0,0,0
201911,15,003,4,9,Honolulu County               ,60,60,32234525,0,0,0,0,0,0,0,0,0,60,60,32234525,0,0,0,0,0,0,0,0,0
201911,15,007,4,9,Kauai County                  ,9,9,6631501,1,2,62100,0,0,0,0,0,0,9,9,6631501,1,2,62100,0,0,0,0,0,0
201911,15,009,4,9,Maui County                   ,28,28,8432721,1,2,625000,0,0,0,0,0,0,28,28,8432721,1,2,625000,0,0,0,0,0,0
201911,16,001,4,8,Ada County                    ,327,327,90004776,1,2,442454,4,16,1781252,2,249,38563092,269,269,72374968,1,2,442454,4,16,1781252,2,249,38563092
201911,16,015,4,8,Boise County                  ,6,6,2074166,0,0,0,0,0,0,0,0,0,5,5,1921396,0,0,0,0,0,0,0,0,0
201911,16,027,4,8,Canyon County                 ,200,200,30823983,0,0,0,4,16,1295468,6,116,4268824,164,164,22968225,0,0,0,4,16,1295468,6,116,4268824
201911,16,045,4,8,Gem County                    ,8,8,1300927,0,0,0,0,0,0,0,0,0,6,6,1057280,0,0,0,0,0,0,0,0,0
201911,16,073,4,8,Owyhee County                 ,3,3,402697,0,0,0,0,0,0,0,0,0,1,1,30896,0,0,0,0,0,0,0,0,0
201911,17,005,2,3,Bond County                   ,1,1,176208,0,0,0,0,0,0,0,0,0,0,0,0,0,0,0,0,0,0,0,0,0
201911,17,013,2,3,Calhoun County                ,1,1,151336,0,0,0,0,0,0,0,0,0,0,0,0,0,0,0,0,0,0,0,0,0
201911,17,031,2,3,Cook County                   ,95,95,32663389,8,16,1176050,20,66,4327550,13,744,9034457,72,72,24876645,7,14,661050,20,66,4327550,11,727,6842700
201911,17,037,2,3,DeKalb County                 ,3,3,493178,0,0,0,0,0,0,0,0,0,1,1,220000,0,0,0,0,0,0,0,0,0
201911,17,039,2,3,De Witt County                ,1,1,190000,0,0,0,0,0,0,0,0,0,1,1,190000,0,0,0,0,0,0,0,0,0
201911,17,043,2,3,DuPage County                 ,82,82,31429732,0,0,0,2,6,1079146,1,37,6427952,75,75,29391623,0,0,0,2,6,1079146,1,37,6427952
201911,17,063,2,3,Grundy County                 ,9,9,1515208,0,0,0,0,0,0,2,10,512820,8,8,1354659,0,0,0,0,0,0,0,0,0
201911,17,083,2,3,Jersey County                 ,2,2,549183,0,0,0,0,0,0,0,0,0,1,1,393574,0,0,0,0,0,0,0,0,0
201911,17,093,2,3,Kendall County                ,28,28,4209769,2,4,520977,3,12,2245810,2,33,2604643,21,21,2964177,0,0,0,3,12,2245810,0,0,0
201911,17,097,2,3,Lake County                   ,41,41,14278066,0,0,0,0,0,0,2,10,2058220,28,28,8987256,0,0,0,0,0,0,0,0,0
201911,17,111,2,3,McHenry County                ,59,59,10140844,0,0,0,0,0,0,0,0,0,56,56,9833522,0,0,0,0,0,0,0,0,0
201911,17,119,2,3,Madison County                ,29,29,6443834,1,2,244195,2,6,811896,0,0,0,26,26,5751361,1,2,244195,1,3,484000,0,0,0
201911,17,133,2,3,Monroe County                 ,6,6,1747929,0,0,0,0,0,0,0,0,0,6,6,1747929,0,0,0,0,0,0,0,0,0
201911,17,197,2,3,Will County                   ,103,103,26709688,0,0,0,0,0,0,1,25,3223669,93,93,24956534,0,0,0,0,0,0,1,25,3223669
201911,18,003,2,3,Allen County                  ,120,120,32487862,0,0,0,0,0,0,1,6,475000,120,120,32487862,0,0,0,0,0,0,1,6,475000
201911,18,011,2,3,Boone County                  ,37,37,10239000,0,0,0,0,0,0,0,0,0,37,37,10239000,0,0,0,0,0,0,0,0,0
201911,18,013,2,3,Brown County                  ,5,5,1353661,0,0,0,0,0,0,0,0,0,5,5,1353661,0,0,0,0,0,0,0,0,0
201911,18,019,2,3,Clark County                  ,58,58,9954681,0,0,0,0,0,0,0,0,0,55,55,9027381,0,0,0,0,0,0,0,0,0
201911,18,047,2,3,Franklin County               ,3,3,690811,0,0,0,0,0,0,0,0,0,0,0,0,0,0,0,0,0,0,0,0,0
201911,18,057,2,3,Hamilton County               ,167,167,52837351,2,4,451000,1,4,800000,0,0,0,166,166,52516170,2,4,451000,1,4,800000,0,0,0
201911,18,059,2,3,Hancock County                ,32,32,8707605,1,2,50000,0,0,0,0,0,0,32,32,8707605,1,2,50000,0,0,0,0,0,0
201911,18,061,2,3,Harrison County               ,5,5,1452000,0,0,0,0,0,0,0,0,0,5,5,1452000,0,0,0,0,0,0,0,0,0
201911,18,063,2,3,Hendricks County              ,63,63,16590002,1,2,238000,0,0,0,0,0,0,57,57,14920574,1,2,238000,0,0,0,0,0,0
201911,18,069,2,3,Huntington County             ,2,2,881107,0,0,0,0,0,0,0,0,0,2,2,881107,0,0,0,0,0,0,0,0,0
201911,18,073,2,3,Jasper County                 ,8,8,2287661,0,0,0,0,0,0,0,0,0,8,8,2287661,0,0,0,0,0,0,0,0,0
201911,18,081,2,3,Johnson County                ,49,49,17113667,3,6,1214900,0,0,0,0,0,0,46,46,16682529,3,6,1214900,0,0,0,0,0,0
201911,18,087,2,3,Lagrange County               ,9,9,1415000,0,0,0,0,0,0,0,0,0,9,9,1415000,0,0,0,0,0,0,0,0,0
201911,18,089,2,3,Lake County                   ,91,91,22872477,0,0,0,0,0,0,0,0,0,82,82,20337325,0,0,0,0,0,0,0,0,0
201911,18,097,2,3,Marion County                 ,76,76,19902128,1,2,177000,2,7,1650000,0,0,0,76,76,19902128,1,2,177000,2,7,1650000,0,0,0
201911,18,105,2,3,Monroe County                 ,15,15,3876789,2,4,537968,0,0,0,1,11,1266140,0,0,0,0,0,0,0,0,0,0,0,0
201911,18,109,2,3,Morgan County                 ,17,17,3564323,0,0,0,0,0,0,0,0,0,17,17,3564323,0,0,0,0,0,0,0,0,0
201911,18,111,2,3,Newton County                 ,2,2,362248,0,0,0,0,0,0,0,0,0,1,1,158000,0,0,0,0,0,0,0,0,0
201911,18,115,2,3,Ohio County                   ,0,0,0,0,0,0,0,0,0,0,0,0,0,0,0,0,0,0,0,0,0,0,0,0
201911,18,119,2,3,Owen County                   ,3,3,812197,0,0,0,0,0,0,0,0,0,3,3,812197,0,0,0,0,0,0,0,0,0
201911,18,127,2,3,Porter County                 ,36,36,9976603,0,0,0,0,0,0,0,0,0,28,28,8617397,0,0,0,0,0,0,0,0,0
201911,18,133,2,3,Putnam County                 ,8,8,1840849,0,0,0,0,0,0,0,0,0,0,0,0,0,0,0,0,0,0,0,0,0
201911,18,145,2,3,Shelby County                 ,6,6,1005905,0,0,0,0,0,0,0,0,0,6,6,1005905,0,0,0,0,0,0,0,0,0
201911,18,151,2,3,Steuben County                ,8,8,2614712,0,0,0,0,0,0,0,0,0,8,8,2614712,0,0,0,0,0,0,0,0,0
201911,18,157,2,3,Tippecanoe County             ,37,37,8876319,0,0,0,0,0,0,2,255,38727666,33,33,8351233,0,0,0,0,0,0,1,249,38030000
201911,18,163,2,3,Vanderburgh County            ,13,13,3049339,0,0,0,0,0,0,0,0,0,13,13,3049339,0,0,0,0,0,0,0,0,0
201911,18,167,2,3,Vigo County                   ,3,3,424229,1,2,180000,0,0,0,1,5,433333,0,0,0,0,0,0,0,0,0,0,0,0
201911,18,175,2,3,Washington County             ,5,5,1204264,0,0,0,0,0,0,0,0,0,0,0,0,0,0,0,0,0,0,0,0,0
201911,18,183,2,3,Whitley County                ,5,5,1369100,0,0,0,0,0,0,0,0,0,5,5,1369100,0,0,0,0,0,0,0,0,0
201911,19,049,2,4,Dallas County                 ,11,11,3101180,0,0,0,0,0,0,1,5,460526,10,10,2917680,0,0,0,0,0,0,0,0,0
201911,19,085,2,4,Harrison County               ,2,2,565090,0,0,0,0,0,0,0,0,0,1,1,350000,0,0,0,0,0,0,0,0,0
201911,19,129,2,4,Mills County                  ,0,0,0,0,0,0,0,0,0,0,0,0,0,0,0,0,0,0,0,0,0,0,0,0
201911,19,153,2,4,Polk County                   ,224,224,64519069,1,2,441773,0,0,0,2,10,844732,216,216,62602416,1,2,441773,0,0,0,2,10,844732
201911,19,181,2,4,Warren County                 ,17,17,5512949,0,0,0,0,0,0,0,0,0,16,16,5271532,0,0,0,0,0,0,0,0,0
201911,20,061,2,4,Geary County                  ,1,1,254333,0,0,0,0,0,0,0,0,0,0,0,0,0,0,0,0,0,0,0,0,0
201911,20,091,2,4,Johnson County                ,124,124,47223087,5,10,2866610,8,30,4287581,5,25,3280725,118,118,43610024,5,10,2866610,8,30,4287581,5,25,3280725
201911,20,103,2,4,Leavenworth County            ,13,13,3170168,0,0,0,0,0,0,0,0,0,13,13,3170168,0,0,0,0,0,0,0,0,0
201911,20,107,2,4,Linn County                   ,1,1,97636,0,0,0,0,0,0,0,0,0,0,0,0,0,0,0,0,0,0,0,0,0
201911,20,121,2,4,Miami County                  ,7,7,1991642,0,0,0,2,8,848000,0,0,0,3,3,733280,0,0,0,2,8,848000,0,0,0
201911,20,209,2,4,Wyandotte County              ,12,12,2370639,0,0,0,0,0,0,0,0,0,0,0,0,0,0,0,0,0,0,0,0,0
201911,21,005,3,6,Anderson County               ,5,5,1249195,0,0,0,0,0,0,0,0,0,5,5,1249195,0,0,0,0,0,0,0,0,0
201911,21,015,3,6,Boone County                  ,30,30,5193978,0,0,0,0,0,0,0,0,0,30,30,5193978,0,0,0,0,0,0,0,0,0
201911,21,017,3,6,Bourbon County                ,4,4,916877,0,0,0,0,0,0,0,0,0,0,0,0,0,0,0,0,0,0,0,0,0
201911,21,021,3,6,Boyle County                  ,3,3,570368,0,0,0,0,0,0,0,0,0,0,0,0,0,0,0,0,0,0,0,0,0
201911,21,029,3,6,Bullitt County                ,23,23,6711680,0,0,0,0,0,0,0,0,0,23,23,6711680,0,0,0,0,0,0,0,0,0
201911,21,035,3,6,Calloway County               ,3,3,460000,0,0,0,0,0,0,0,0,0,3,3,460000,0,0,0,0,0,0,0,0,0
201911,21,037,3,6,Campbell County               ,10,10,2379313,0,0,0,1,3,262500,1,24,2761755,0,0,0,0,0,0,0,0,0,0,0,0
201911,21,045,3,6,Casey County                  ,0,0,0,0,0,0,0,0,0,0,0,0,0,0,0,0,0,0,0,0,0,0,0,0
201911,21,047,3,6,Christian County              ,3,3,305130,0,0,0,0,0,0,0,0,0,2,2,233930,0,0,0,0,0,0,0,0,0
201911,21,049,3,6,Clark County                  ,3,3,924000,0,0,0,0,0,0,0,0,0,3,3,924000,0,0,0,0,0,0,0,0,0
201911,21,067,3,6,Fayette County                ,56,56,10227966,0,0,0,0,0,0,3,83,3802103,0,0,0,0,0,0,0,0,0,0,0,0
201911,21,069,3,6,Fleming County                ,0,0,0,0,0,0,0,0,0,0,0,0,0,0,0,0,0,0,0,0,0,0,0,0
201911,21,077,3,6,Gallatin County               ,2,2,448477,0,0,0,0,0,0,0,0,0,0,0,0,0,0,0,0,0,0,0,0,0
201911,21,081,3,6,Grant County                  ,6,6,1241100,0,0,0,0,0,0,0,0,0,6,6,1241100,0,0,0,0,0,0,0,0,0
201911,21,091,3,6,Hancock County                ,0,0,0,0,0,0,0,0,0,0,0,0,0,0,0,0,0,0,0,0,0,0,0,0
201911,21,099,3,6,Hart County                   ,0,0,0,0,0,0,0,0,0,0,0,0,0,0,0,0,0,0,0,0,0,0,0,0
201911,21,101,3,6,Henderson County              ,1,1,220000,0,0,0,0,0,0,0,0,0,1,1,220000,0,0,0,0,0,0,0,0,0
201911,21,103,3,6,Henry County                  ,2,2,360405,0,0,0,0,0,0,0,0,0,0,0,0,0,0,0,0,0,0,0,0,0
201911,21,111,3,6,Jefferson County              ,90,90,28868458,1,2,206250,0,0,0,7,166,22207039,1,1,303900,0,0,0,0,0,0,0,0,0
201911,21,113,3,6,Jessamine County              ,14,14,4306646,0,0,0,0,0,0,0,0,0,7,7,3198000,0,0,0,0,0,0,0,0,0
201911,21,115,3,6,Johnson County                ,0,0,0,0,0,0,0,0,0,0,0,0,0,0,0,0,0,0,0,0,0,0,0,0
201911,21,117,3,6,Kenton County                 ,21,21,5923146,0,0,0,0,0,0,0,0,0,21,21,5923146,0,0,0,0,0,0,0,0,0
201911,21,121,3,6,Knox County                   ,0,0,0,0,0,0,0,0,0,0,0,0,0,0,0,0,0,0,0,0,0,0,0,0
201911,21,123,3,6,Larue County                  ,2,2,474913,0,0,0,0,0,0,0,0,0,2,2,474913,0,0,0,0,0,0,0,0,0
201911,21,137,3,6,Lincoln County                ,3,3,313724,0,0,0,0,0,0,0,0,0,0,0,0,0,0,0,0,0,0,0,0,0
201911,21,145,3,6,McCracken County              ,9,9,2637395,0,0,0,1,4,376000,0,0,0,9,9,2637395,0,0,0,1,4,376000,0,0,0
201911,21,151,3,6,Madison County                ,15,15,1380484,1,2,112996,0,0,0,1,5,168572,3,3,330000,0,0,0,0,0,0,0,0,0
201911,21,157,3,6,Marshall County               ,3,3,855000,0,0,0,0,0,0,0,0,0,3,3,855000,0,0,0,0,0,0,0,0,0
201911,21,161,3,6,Mason County                  ,0,0,0,0,0,0,0,0,0,0,0,0,0,0,0,0,0,0,0,0,0,0,0,0
201911,21,163,3,6,Meade County                  ,6,6,770000,0,0,0,0,0,0,0,0,0,6,6,770000,0,0,0,0,0,0,0,0,0
201911,21,167,3,6,Mercer County                 ,4,4,681011,0,0,0,0,0,0,0,0,0,0,0,0,0,0,0,0,0,0,0,0,0
201911,21,175,3,6,Morgan County                 ,2,2,150000,0,0,0,0,0,0,0,0,0,0,0,0,0,0,0,0,0,0,0,0,0
201911,21,179,3,6,Nelson County                 ,9,9,1473000,0,0,0,0,0,0,0,0,0,9,9,1473000,0,0,0,0,0,0,0,0,0
201911,21,185,3,6,Oldham County                 ,19,19,6578295,0,0,0,0,0,0,0,0,0,0,0,0,0,0,0,0,0,0,0,0,0
201911,21,191,3,6,Pendleton County              ,0,0,0,0,0,0,0,0,0,0,0,0,0,0,0,0,0,0,0,0,0,0,0,0
201911,21,209,3,6,Scott County                  ,25,25,4952559,2,4,583846,0,0,0,1,11,735157,0,0,0,0,0,0,0,0,0,0,0,0
201911,21,211,3,6,Shelby County                 ,21,21,7235703,0,0,0,0,0,0,0,0,0,21,21,7235703,0,0,0,0,0,0,0,0,0
201911,21,213,3,6,Simpson County                ,12,12,2210875,0,0,0,0,0,0,0,0,0,12,12,2210875,0,0,0,0,0,0,0,0,0
201911,21,215,3,6,Spencer County                ,11,11,2612024,0,0,0,0,0,0,0,0,0,11,11,2612024,0,0,0,0,0,0,0,0,0
201911,21,221,3,6,Trigg County                  ,3,3,614693,0,0,0,0,0,0,0,0,0,3,3,614693,0,0,0,0,0,0,0,0,0
201911,21,239,3,6,Woodford County               ,9,9,1787027,0,0,0,0,0,0,0,0,0,9,9,1787027,0,0,0,0,0,0,0,0,0
201911,22,005,3,7,Ascension Parish              ,9,9,1733000,0,0,0,0,0,0,0,0,0,9,9,1733000,0,0,0,0,0,0,0,0,0
201911,22,015,3,7,Bossier Parish                ,13,13,2323083,0,0,0,0,0,0,0,0,0,13,13,2323083,0,0,0,0,0,0,0,0,0
201911,22,017,3,7,Caddo Parish                  ,22,22,5671636,0,0,0,0,0,0,0,0,0,0,0,0,0,0,0,0,0,0,0,0,0
201911,22,031,3,7,De Soto Parish                ,6,6,1451970,0,0,0,0,0,0,0,0,0,6,6,1451970,0,0,0,0,0,0,0,0,0
201911,22,033,3,7,East Baton Rouge Parish       ,95,95,22235933,0,0,0,0,0,0,0,0,0,82,82,20468788,0,0,0,0,0,0,0,0,0
201911,22,037,3,7,East Feliciana Parish         ,4,4,819590,0,0,0,0,0,0,0,0,0,4,4,819590,0,0,0,0,0,0,0,0,0
201911,22,047,3,7,Iberville Parish              ,10,10,2574677,0,0,0,0,0,0,0,0,0,3,3,869000,0,0,0,0,0,0,0,0,0
201911,22,051,3,7,Jefferson Parish              ,45,45,13895677,0,0,0,0,0,0,0,0,0,43,43,13515006,0,0,0,0,0,0,0,0,0
201911,22,055,3,7,Lafayette Parish              ,111,111,21099803,0,0,0,0,0,0,0,0,0,43,43,5908085,0,0,0,0,0,0,0,0,0
201911,22,063,3,7,Livingston Parish             ,61,61,11909604,0,0,0,0,0,0,0,0,0,2,2,320000,0,0,0,0,0,0,0,0,0
201911,22,071,3,7,Orleans Parish                ,39,39,8784163,6,12,1240618,0,0,0,1,47,9693409,0,0,0,0,0,0,0,0,0,0,0,0
201911,22,075,3,7,Plaquemines Parish            ,4,4,1059818,0,0,0,0,0,0,0,0,0,0,0,0,0,0,0,0,0,0,0,0,0
201911,22,077,3,7,Pointe Coupee Parish          ,5,5,1698466,0,0,0,0,0,0,0,0,0,5,5,1698466,0,0,0,0,0,0,0,0,0
201911,22,087,3,7,St. Bernard Parish            ,8,8,1125000,2,4,338000,0,0,0,0,0,0,8,8,1125000,2,4,338000,0,0,0,0,0,0
201911,22,089,3,7,St. Charles Parish            ,6,6,1506067,0,0,0,0,0,0,0,0,0,6,6,1506067,0,0,0,0,0,0,0,0,0
201911,22,091,3,7,St. Helena Parish             ,2,2,359808,0,0,0,0,0,0,0,0,0,0,0,0,0,0,0,0,0,0,0,0,0
201911,22,095,3,7,St. John the Baptist Parish   ,4,4,662612,0,0,0,0,0,0,0,0,0,0,0,0,0,0,0,0,0,0,0,0,0
201911,22,099,3,7,St. Martin Parish             ,12,12,2249268,0,0,0,0,0,0,0,0,0,0,0,0,0,0,0,0,0,0,0,0,0
201911,22,103,3,7,St. Tammany Parish            ,116,116,24707429,0,0,0,0,0,0,0,0,0,112,112,23223759,0,0,0,0,0,0,0,0,0
201911,22,109,3,7,Terrebonne Parish             ,9,9,2307971,1,2,155556,1,3,261750,0,0,0,0,0,0,0,0,0,0,0,0,0,0,0
201911,22,121,3,7,West Baton Rouge Parish       ,18,18,2830964,0,0,0,0,0,0,1,28,2735085,0,0,0,0,0,0,0,0,0,0,0,0
201911,22,125,3,7,West Feliciana Parish         ,0,0,0,0,0,0,0,0,0,0,0,0,0,0,0,0,0,0,0,0,0,0,0,0
201911,23,000,1,1,Maine Unorganized Territory   ,2,2,265600,0,0,0,0,0,0,0,0,0,0,0,0,0,0,0,0,0,0,0,0,0
201911,24,003,3,5,Anne Arundel County           ,151,151,35659235,0,0,0,0,0,0,0,0,0,148,148,35143592,0,0,0,0,0,0,0,0,0
201911,24,005,3,5,Baltimore County              ,71,71,16859426,0,0,0,0,0,0,0,0,0,71,71,16859426,0,0,0,0,0,0,0,0,0
201911,24,009,3,5,Calvert County                ,14,14,3282033,0,0,0,0,0,0,0,0,0,0,0,0,0,0,0,0,0,0,0,0,0
201911,24,013,3,5,Carroll County                ,20,20,4749134,0,0,0,0,0,0,0,0,0,20,20,4749134,0,0,0,0,0,0,0,0,0
201911,24,015,3,5,Cecil County                  ,11,11,2517770,0,0,0,0,0,0,0,0,0,11,11,2517770,0,0,0,0,0,0,0,0,0
201911,24,017,3,5,Charles County                ,19,19,5420750,0,0,0,0,0,0,0,0,0,19,19,5420750,0,0,0,0,0,0,0,0,0
201911,24,021,3,5,Frederick County              ,128,128,31837668,0,0,0,0,0,0,1,17,17000000,128,128,31837668,0,0,0,0,0,0,1,17,17000000
201911,24,023,3,5,Garrett County                ,6,6,4268745,0,0,0,0,0,0,0,0,0,6,6,4268745,0,0,0,0,0,0,0,0,0
201911,24,025,3,5,Harford County                ,66,66,16454621,6,12,3140220,0,0,0,0,0,0,65,65,16064621,6,12,3140220,0,0,0,0,0,0
201911,24,027,3,5,Howard County                 ,107,107,25407867,0,0,0,0,0,0,0,0,0,107,107,25407867,0,0,0,0,0,0,0,0,0
201911,24,031,3,5,Montgomery County             ,36,36,8548441,0,0,0,1,4,586365,3,43,8318000,36,36,8548441,0,0,0,1,4,586365,3,43,8318000
201911,24,033,3,5,Prince George County          ,139,139,33053617,0,0,0,0,0,0,1,5,283250,137,137,32531568,0,0,0,0,0,0,0,0,0
201911,24,035,3,5,Queen Anne County             ,12,12,2849480,0,0,0,0,0,0,0,0,0,12,12,2849480,0,0,0,0,0,0,0,0,0
201911,24,037,3,5,St. Marys County              ,107,107,20355902,0,0,0,0,0,0,0,0,0,107,107,20355902,0,0,0,0,0,0,0,0,0
201911,24,039,3,5,Somerset County               ,2,2,422991,0,0,0,0,0,0,0,0,0,0,0,0,0,0,0,0,0,0,0,0,0
201911,24,045,3,5,Wicomico County               ,25,25,4854042,0,0,0,0,0,0,0,0,0,25,25,4854042,0,0,0,0,0,0,0,0,0
201911,24,510,3,5,Baltimore (Independent City)  ,8,8,1260422,0,0,0,0,0,0,1,116,17578571,0,0,0,0,0,0,0,0,0,0,0,0
201911,25,005,1,1,Bristol County                ,56,56,12121144,1,2,215900,0,0,0,0,0,0,33,33,7417700,0,0,0,0,0,0,0,0,0
201911,25,009,1,1,Essex County                  ,26,26,9375769,3,6,929149,0,0,0,5,74,10572589,17,17,6429810,1,2,305000,0,0,0,2,57,8270261
201911,25,017,1,1,Middlesex County              ,101,101,30332154,5,10,2432183,1,3,787685,8,204,31317447,62,62,18487612,3,6,1368000,0,0,0,1,18,2750000
201911,25,021,1,1,Norfolk County                ,61,61,29385573,0,0,0,1,3,1157143,4,99,12250607,28,28,14497014,0,0,0,0,0,0,0,0,0
201911,25,023,1,1,Plymouth County               ,86,86,20760082,0,0,0,0,0,0,1,7,911073,18,18,4387155,0,0,0,0,0,0,0,0,0
201911,25,025,1,1,Suffolk County                ,3,3,787226,1,2,352250,6,20,4505360,11,508,96719714,3,3,787226,1,2,352250,6,20,4505360,8,490,92990000
201911,26,000,2,3,Michigan Balance of State     ,4,4,750890,0,0,0,0,0,0,0,0,0,0,0,0,0,0,0,0,0,0,0,0,0
201911,26,019,2,3,Benzie County                 ,4,4,1096472,0,0,0,0,0,0,0,0,0,0,0,0,0,0,0,0,0,0,0,0,0
201911,26,029,2,3,Charlevoix County             ,6,6,1526186,1,2,226390,0,0,0,0,0,0,0,0,0,0,0,0,0,0,0,0,0,0
201911,26,089,2,3,Leelanau County               ,16,16,3499890,0,0,0,0,0,0,0,0,0,16,16,3499890,0,0,0,0,0,0,0,0,0
201911,26,093,2,3,Livingston County             ,34,34,9587781,1,2,180263,0,0,0,0,0,0,33,33,9454421,1,2,180263,0,0,0,0,0,0
201911,26,095,2,3,Luce County                   ,1,1,98333,0,0,0,0,0,0,0,0,0,0,0,0,0,0,0,0,0,0,0,0,0
201911,26,099,2,3,Macomb County                 ,73,73,24939474,1,2,140000,6,23,4787622,2,11,1247652,72,72,24794057,0,0,0,6,23,4787622,1,6,1122652
201911,26,103,2,3,Marquette County              ,3,3,950000,0,0,0,0,0,0,0,0,0,3,3,950000,0,0,0,0,0,0,0,0,0
201911,26,137,2,3,Otsego County                 ,1,1,81000,0,0,0,0,0,0,0,0,0,0,0,0,0,0,0,0,0,0,0,0,0
201911,26,147,2,3,St. Clair County              ,14,14,3625715,0,0,0,0,0,0,0,0,0,12,12,3231932,0,0,0,0,0,0,0,0,0
201911,26,163,2,3,Wayne County                  ,63,63,14999041,0,0,0,1,4,794070,8,180,24375490,54,54,13703758,0,0,0,1,4,794070,7,175,24012609
201911,27,003,2,4,Anoka County                  ,96,96,24861964,0,0,0,1,3,583186,2,150,15064000,95,95,24574457,0,0,0,1,3,583186,2,150,15064000
201911,27,019,2,4,Carver County                 ,69,69,21285244,1,2,410170,0,0,0,0,0,0,66,66,20682040,1,2,410170,0,0,0,0,0,0
201911,27,025,2,4,Chisago County                ,13,13,2339342,0,0,0,0,0,0,0,0,0,12,12,2148784,0,0,0,0,0,0,0,0,0
201911,27,027,2,4,Clay County                   ,3,3,570000,0,0,0,0,0,0,0,0,0,3,3,570000,0,0,0,0,0,0,0,0,0
201911,27,037,2,4,Dakota County                 ,130,130,38837170,0,0,0,0,0,0,7,140,14928161,129,129,38447140,0,0,0,0,0,0,6,120,12090000
201911,27,053,2,4,Hennepin County               ,141,141,57986336,2,4,799728,4,13,2868750,4,389,185043830,130,130,54822621,2,4,799728,3,10,2332080,4,389,185043830
201911,27,059,2,4,Isanti County                 ,24,24,4276975,0,0,0,0,0,0,0,0,0,24,24,4276975,0,0,0,0,0,0,0,0,0
201911,27,123,2,4,Ramsey County                 ,13,13,5595876,0,0,0,0,0,0,8,770,41245793,11,11,4890925,0,0,0,0,0,0,8,770,41245793
201911,27,139,2,4,Scott County                  ,60,60,22558553,0,0,0,0,0,0,1,89,12718822,59,59,22283615,0,0,0,0,0,0,1,89,12718822
201911,27,141,2,4,Sherburne County              ,28,28,6498713,0,0,0,0,0,0,0,0,0,26,26,6120419,0,0,0,0,0,0,0,0,0
201911,27,163,2,4,Washington County             ,103,103,32641150,0,0,0,0,0,0,0,0,0,98,98,30577600,0,0,0,0,0,0,0,0,0
201911,27,171,2,4,Wright County                 ,69,69,20916668,1,2,346955,0,0,0,0,0,0,66,66,20266306,1,2,346955,0,0,0,0,0,0
201911,28,033,3,6,DeSoto County                 ,129,129,22012831,0,0,0,0,0,0,0,0,0,125,125,21617752,0,0,0,0,0,0,0,0,0
201911,28,041,3,6,Greene County                 ,0,0,0,0,0,0,0,0,0,0,0,0,0,0,0,0,0,0,0,0,0,0,0,0
201911,28,045,3,6,Hancock County                ,38,38,7084052,0,0,0,1,3,301084,1,5,423313,13,13,3287420,0,0,0,0,0,0,0,0,0
201911,28,047,3,6,Harrison County               ,58,58,14746834,1,2,245000,0,0,0,0,0,0,48,48,13610824,0,0,0,0,0,0,0,0,0
201911,28,067,3,6,Jones County                  ,0,0,0,0,0,0,0,0,0,0,0,0,0,0,0,0,0,0,0,0,0,0,0,0
201911,28,129,3,6,Smith County                  ,0,0,0,0,0,0,0,0,0,0,0,0,0,0,0,0,0,0,0,0,0,0,0,0
201911,28,137,3,6,Tate County                   ,8,8,1924560,0,0,0,0,0,0,0,0,0,8,8,1924560,0,0,0,0,0,0,0,0,0
201911,28,143,3,6,Tunica County                 ,8,8,1838402,0,0,0,0,0,0,0,0,0,0,0,0,0,0,0,0,0,0,0,0,0
201911,28,145,3,6,Union County                  ,0,0,0,0,0,0,0,0,0,0,0,0,0,0,0,0,0,0,0,0,0,0,0,0
201911,28,149,3,6,Warren County                 ,0,0,0,0,0,0,0,0,0,0,0,0,0,0,0,0,0,0,0,0,0,0,0,0
201911,29,013,2,4,Bates County                  ,0,0,0,0,0,0,0,0,0,0,0,0,0,0,0,0,0,0,0,0,0,0,0,0
201911,29,017,2,4,Bollinger County              ,0,0,0,0,0,0,0,0,0,0,0,0,0,0,0,0,0,0,0,0,0,0,0,0
201911,29,019,2,4,Boone County                  ,61,61,16052287,0,0,0,0,0,0,0,0,0,61,61,16052287,0,0,0,0,0,0,0,0,0
201911,29,049,2,4,Clinton County                ,6,6,1139215,0,0,0,0,0,0,0,0,0,2,2,314000,0,0,0,0,0,0,0,0,0
201911,29,065,2,4,Dent County                   ,0,0,0,0,0,0,0,0,0,0,0,0,0,0,0,0,0,0,0,0,0,0,0,0
201911,29,071,2,4,Franklin County               ,29,29,5459790,0,0,0,0,0,0,1,10,4800000,29,29,5459790,0,0,0,0,0,0,1,10,4800000
201911,29,095,2,4,Jackson County                ,146,146,38838797,7,14,943912,0,0,0,2,62,7390462,142,142,37833499,7,14,943912,0,0,0,2,62,7390462
201911,29,099,2,4,Jefferson County              ,67,67,16227301,0,0,0,0,0,0,0,0,0,64,64,15878620,0,0,0,0,0,0,0,0,0
201911,29,105,2,4,Laclede County                ,1,1,115550,0,0,0,0,0,0,0,0,0,0,0,0,0,0,0,0,0,0,0,0,0
201911,29,107,2,4,Lafayette County              ,3,3,738726,0,0,0,0,0,0,0,0,0,3,3,738726,0,0,0,0,0,0,0,0,0
201911,29,113,2,4,Lincoln County                ,3,3,442000,0,0,0,0,0,0,0,0,0,3,3,442000,0,0,0,0,0,0,0,0,0
201911,29,165,2,4,Platte County                 ,24,24,5933664,0,0,0,0,0,0,0,0,0,17,17,3582566,0,0,0,0,0,0,0,0,0
201911,29,185,2,4,St. Clair County              ,0,0,0,0,0,0,0,0,0,0,0,0,0,0,0,0,0,0,0,0,0,0,0,0
201911,29,189,2,4,St. Louis County              ,70,70,30985995,0,0,0,0,0,0,2,27,4255707,34,34,16439456,0,0,0,0,0,0,0,0,0
201911,29,219,2,4,Warren County                 ,15,15,3563771,0,0,0,3,12,1425499,2,12,1770968,15,15,3563771,0,0,0,3,12,1425499,2,12,1770968
201911,29,221,2,4,Washington County             ,0,0,0,0,0,0,0,0,0,0,0,0,0,0,0,0,0,0,0,0,0,0,0,0
201911,29,510,2,4,St. Louis (Independent City)  ,12,12,2297530,0,0,0,0,0,0,1,54,3383199,0,0,0,0,0,0,0,0,0,0,0,0
201911,30,013,4,8,Cascade County                ,11,11,2433000,0,0,0,0,0,0,0,0,0,11,11,2433000,0,0,0,0,0,0,0,0,0
201911,30,033,4,8,Garfield County               ,0,0,0,0,0,0,0,0,0,0,0,0,0,0,0,0,0,0,0,0,0,0,0,0
201911,30,063,4,8,Missoula County               ,32,32,8500465,0,0,0,0,0,0,1,6,173988,32,32,8500465,0,0,0,0,0,0,1,6,173988
201911,30,093,4,8,Silver Bow County             ,3,3,216100,7,14,1450000,0,0,0,0,0,0,3,3,216100,7,14,1450000,0,0,0,0,0,0
201911,31,001,2,4,Adams County                  ,5,5,1416675,0,0,0,0,0,0,0,0,0,5,5,1416675,0,0,0,0,0,0,0,0,0
201911,31,025,2,4,Cass County                   ,7,7,1283619,0,0,0,0,0,0,0,0,0,2,2,423161,0,0,0,0,0,0,0,0,0
201911,31,033,2,4,Cheyenne County               ,0,0,0,0,0,0,0,0,0,0,0,0,0,0,0,0,0,0,0,0,0,0,0,0
201911,31,055,2,4,Douglas County                ,85,85,15098212,0,0,0,0,0,0,5,182,12463090,80,80,13862280,0,0,0,0,0,0,5,182,12463090
201911,31,105,2,4,Kimball County                ,0,0,0,0,0,0,0,0,0,0,0,0,0,0,0,0,0,0,0,0,0,0,0,0
201911,31,153,2,4,Sarpy County                  ,64,64,18298099,0,0,0,0,0,0,0,0,0,41,41,12410266,0,0,0,0,0,0,0,0,0
201911,31,165,2,4,Sioux County                  ,1,1,85000,0,0,0,0,0,0,0,0,0,1,1,85000,0,0,0,0,0,0,0,0,0
201911,31,177,2,4,Washington County             ,4,4,933942,0,0,0,0,0,0,0,0,0,4,4,933942,0,0,0,0,0,0,0,0,0
201911,32,001,4,8,Churchill County              ,0,0,0,0,0,0,0,0,0,0,0,0,0,0,0,0,0,0,0,0,0,0,0,0
201911,32,003,4,8,Clark County                  ,539,539,128834689,0,0,0,6,22,3795712,6,121,12785642,539,539,128834689,0,0,0,6,22,3795712,6,121,12785642
201911,32,005,4,8,Douglas County                ,10,10,5119941,0,0,0,0,0,0,0,0,0,10,10,5119941,0,0,0,0,0,0,0,0,0
201911,32,007,4,8,Elko County                   ,13,13,2023270,0,0,0,0,0,0,0,0,0,12,12,1956603,0,0,0,0,0,0,0,0,0
201911,32,013,4,8,Humboldt County               ,1,1,190024,0,0,0,1,4,168942,0,0,0,1,1,190024,0,0,0,1,4,168942,0,0,0
201911,32,015,4,8,Lander County                 ,0,0,0,0,0,0,0,0,0,0,0,0,0,0,0,0,0,0,0,0,0,0,0,0
201911,32,017,4,8,Lincoln County                ,0,0,0,0,0,0,0,0,0,0,0,0,0,0,0,0,0,0,0,0,0,0,0,0
201911,32,019,4,8,Lyon County                   ,17,17,4422258,0,0,0,0,0,0,0,0,0,8,8,2068761,0,0,0,0,0,0,0,0,0
201911,32,021,4,8,Mineral County                ,0,0,0,0,0,0,0,0,0,0,0,0,0,0,0,0,0,0,0,0,0,0,0,0
201911,32,027,4,8,Pershing County               ,0,0,0,0,0,0,0,0,0,0,0,0,0,0,0,0,0,0,0,0,0,0,0,0
201911,32,029,4,8,Storey County                 ,2,2,252599,0,0,0,0,0,0,0,0,0,2,2,252599,0,0,0,0,0,0,0,0,0
201911,32,031,4,8,Washoe County                 ,165,165,45437381,1,2,230714,0,0,0,8,165,18210877,24,24,6332571,0,0,0,0,0,0,0,0,0
201911,32,033,4,8,White Pine County             ,0,0,0,0,0,0,0,0,0,0,0,0,0,0,0,0,0,0,0,0,0,0,0,0
201911,32,510,4,8,Carson City (Independent City),14,14,3649446,0,0,0,0,0,0,1,12,1198135,0,0,0,0,0,0,0,0,0,0,0,0
201911,33,015,1,1,Rockingham County             ,44,44,12397315,0,0,0,0,0,0,2,12,1232426,30,30,8671515,0,0,0,0,0,0,0,0,0
201911,33,017,1,1,Strafford County              ,23,23,4422080,1,2,268470,0,0,0,5,95,6394889,13,13,2316409,0,0,0,0,0,0,4,73,4184658
201911,34,001,1,2,Atlantic County               ,38,38,10486559,0,0,0,0,0,0,1,15,396502,36,36,10056434,0,0,0,0,0,0,0,0,0
201911,34,003,1,2,Bergen County                 ,59,59,19379839,12,24,5827507,2,6,954000,23,388,21384253,26,26,9375061,11,22,5603407,2,6,954000,15,278,13298050
201911,34,005,1,2,Burlington County             ,53,53,8643873,0,0,0,1,3,96565,5,47,3790573,33,33,5784420,0,0,0,0,0,0,0,0,0
201911,34,007,1,2,Camden County                 ,15,15,3097219,0,0,0,0,0,0,4,78,5084814,10,10,1571030,0,0,0,0,0,0,1,58,4700000
201911,34,009,1,2,Cape May County               ,56,56,25803167,10,20,3489149,5,15,161031,5,25,33750,55,55,25742653,10,20,3489149,5,15,161031,5,25,33750
201911,34,011,1,2,Cumberland County             ,2,2,184716,0,0,0,0,0,0,0,0,0,1,1,101500,0,0,0,0,0,0,0,0,0
201911,34,013,1,2,Essex County                  ,69,69,9344589,4,8,1202629,1,3,399144,8,228,22655734,50,50,8224319,4,8,1202629,1,3,399144,3,113,14553542
201911,34,015,1,2,Gloucester County             ,34,34,5876423,0,0,0,0,0,0,1,7,827359,23,23,4546223,0,0,0,0,0,0,0,0,0
201911,34,017,1,2,Hudson County                 ,679,679,90673072,3,6,804629,6,21,7062672,8,184,26638873,678,678,90593222,2,4,574000,6,21,7062672,5,129,16832100
201911,34,019,1,2,Hunterdon County              ,7,7,1974311,1,2,233200,0,0,0,2,15,777785,3,3,1140550,0,0,0,0,0,0,0,0,0
201911,34,021,1,2,Mercer County                 ,40,40,4305699,0,0,0,0,0,0,2,45,694712,39,39,4048694,0,0,0,0,0,0,1,32,650000
201911,34,023,1,2,Middlesex County              ,152,152,20447838,3,6,683000,1,3,637200,9,85,6511248,142,142,18844625,2,4,377900,1,3,637200,8,68,5568869
201911,34,025,1,2,Monmouth County               ,51,51,18332888,0,0,0,0,0,0,6,40,2086102,26,26,11347309,0,0,0,0,0,0,1,5,40000
201911,34,027,1,2,Morris County                 ,64,64,13642228,0,0,0,2,7,750000,2,10,593957,36,36,6895982,0,0,0,2,7,750000,0,0,0
201911,34,029,1,2,Ocean County                  ,126,126,31783770,2,4,667582,0,0,0,1,7,466563,94,94,26083400,1,2,337000,0,0,0,0,0,0
201911,34,031,1,2,Passaic County                ,4,4,362714,0,0,0,4,12,299700,4,28,1754671,3,3,148865,0,0,0,4,12,299700,2,18,1237500
201911,34,033,1,2,Salem County                  ,3,3,939583,0,0,0,0,0,0,0,0,0,2,2,770500,0,0,0,0,0,0,0,0,0
201911,34,035,1,2,Somerset County               ,19,19,4576254,0,0,0,1,3,1244812,4,117,8938785,11,11,3135609,0,0,0,1,3,1244812,0,0,0
201911,34,037,1,2,Sussex County                 ,5,5,1729135,2,4,193333,0,0,0,0,0,0,3,3,1183300,1,2,35000,0,0,0,0,0,0
201911,34,039,1,2,Union County                  ,13,13,4077595,6,12,898051,0,0,0,5,193,11628955,10,10,3255830,0,0,0,0,0,0,0,0,0
201911,34,041,1,2,Warren County                 ,13,13,1750717,1,2,800000,0,0,0,0,0,0,8,8,856681,1,2,800000,0,0,0,0,0,0
201911,35,000,4,8,New Mexico Balance of State   ,32,32,8673375,0,0,0,0,0,0,0,0,0,0,0,0,0,0,0,0,0,0,0,0,0
201911,35,001,4,8,Bernalillo County             ,95,95,22233476,0,0,0,0,0,0,0,0,0,12,12,5658875,0,0,0,0,0,0,0,0,0
201911,35,005,4,8,Chaves County                 ,4,4,669376,0,0,0,0,0,0,0,0,0,0,0,0,0,0,0,0,0,0,0,0,0
201911,35,009,4,8,Curry County                  ,5,5,1259171,0,0,0,0,0,0,1,5,460938,0,0,0,0,0,0,0,0,0,0,0,0
201911,35,013,4,8,Dona Ana County               ,68,68,17926317,0,0,0,0,0,0,0,0,0,68,68,17926317,0,0,0,0,0,0,0,0,0
201911,35,015,4,8,Eddy County                   ,13,13,2826147,0,0,0,0,0,0,1,9,679245,3,3,874700,0,0,0,0,0,0,0,0,0
201911,35,017,4,8,Grant County                  ,1,1,161654,0,0,0,0,0,0,0,0,0,0,0,0,0,0,0,0,0,0,0,0,0
201911,35,025,4,8,Lea County                    ,12,12,2539483,0,0,0,0,0,0,0,0,0,0,0,0,0,0,0,0,0,0,0,0,0
201911,35,027,4,8,Lincoln County                ,6,6,2046281,0,0,0,0,0,0,0,0,0,0,0,0,0,0,0,0,0,0,0,0,0
201911,35,028,4,8,Los Alamos County             ,1,1,400000,0,0,0,0,0,0,0,0,0,1,1,400000,0,0,0,0,0,0,0,0,0
201911,35,029,4,8,Luna County                   ,2,2,311132,0,0,0,0,0,0,0,0,0,1,1,165000,0,0,0,0,0,0,0,0,0
201911,35,031,4,8,McKinley County               ,1,1,110000,0,0,0,0,0,0,0,0,0,1,1,110000,0,0,0,0,0,0,0,0,0
201911,35,035,4,8,Otero County                  ,0,0,0,0,0,0,0,0,0,0,0,0,0,0,0,0,0,0,0,0,0,0,0,0
201911,35,041,4,8,Roosevelt County              ,2,2,307813,0,0,0,0,0,0,0,0,0,0,0,0,0,0,0,0,0,0,0,0,0
201911,35,043,4,8,Sandoval County               ,52,52,11539879,0,0,0,1,3,348242,1,6,250000,0,0,0,0,0,0,0,0,0,0,0,0
201911,35,045,4,8,San Juan County               ,7,7,1351525,0,0,0,0,0,0,0,0,0,7,7,1351525,0,0,0,0,0,0,0,0,0
201911,35,047,4,8,San Miguel County             ,0,0,0,0,0,0,0,0,0,0,0,0,0,0,0,0,0,0,0,0,0,0,0,0
201911,35,049,4,8,Santa Fe County               ,18,18,4514615,0,0,0,0,0,0,3,120,13503500,18,18,4514615,0,0,0,0,0,0,3,120,13503500
201911,35,051,4,8,Sierra County                 ,0,0,0,0,0,0,0,0,0,0,0,0,0,0,0,0,0,0,0,0,0,0,0,0
201911,35,055,4,8,Taos County                   ,5,5,463627,0,0,0,0,0,0,0,0,0,5,5,463627,0,0,0,0,0,0,0,0,0
201911,35,061,4,8,Valencia County               ,4,4,752619,0,0,0,0,0,0,0,0,0,4,4,752619,0,0,0,0,0,0,0,0,0
201911,36,001,1,2,Albany County                 ,24,24,8647578,2,4,660000,1,3,300000,2,13,1687405,23,23,8446305,2,4,660000,1,3,300000,0,0,0
201911,36,005,1,2,Bronx County                  ,0,0,0,0,0,0,0,0,0,12,1181,152367066,0,0,0,0,0,0,0,0,0,12,1181,152367066
201911,36,029,1,2,Erie County                   ,68,68,21563780,0,0,0,0,0,0,22,165,32255795,61,61,20261035,0,0,0,0,0,0,20,135,25524999
201911,36,047,1,2,Kings County                  ,3,3,787226,2,4,601314,2,6,798288,24,820,105792543,3,3,787226,2,4,601314,2,6,798288,24,820,105792543
201911,36,051,1,2,Livingston County             ,2,2,303000,0,0,0,0,0,0,1,7,602000,1,1,120000,0,0,0,0,0,0,0,0,0
201911,36,055,1,2,Monroe County                 ,52,52,11304283,1,2,520000,1,3,240000,5,53,5490000,45,45,9863405,1,2,520000,0,0,0,5,53,5490000
201911,36,059,1,2,Nassau County                 ,64,64,38871227,0,0,0,0,0,0,1,5,1274091,54,54,32381913,0,0,0,0,0,0,0,0,0
201911,36,061,1,2,New York County               ,0,0,0,0,0,0,0,0,0,6,1786,230421320,0,0,0,0,0,0,0,0,0,6,1786,230421320
201911,36,063,1,2,Niagara County                ,14,14,3787421,0,0,0,0,0,0,0,0,0,12,12,3320950,0,0,0,0,0,0,0,0,0
201911,36,069,1,2,Ontario County                ,13,13,3234681,0,0,0,0,0,0,0,0,0,9,9,2219300,0,0,0,0,0,0,0,0,0
201911,36,073,1,2,Orleans County                ,1,1,262409,0,0,0,0,0,0,1,40,7500000,1,1,262409,0,0,0,0,0,0,1,40,7500000
201911,36,079,1,2,Putnam County                 ,4,4,1221250,0,0,0,0,0,0,0,0,0,4,4,1221250,0,0,0,0,0,0,0,0,0
201911,36,081,1,2,Queens County                 ,13,13,3411313,18,36,5411829,4,13,1729624,5,95,12256453,13,13,3411313,18,36,5411829,4,13,1729624,5,95,12256453
201911,36,083,1,2,Rensselaer County             ,9,9,2301917,0,0,0,0,0,0,1,7,1070192,5,5,1275500,0,0,0,0,0,0,0,0,0
201911,36,085,1,2,Richmond County               ,12,12,3148904,11,22,3307229,2,7,931336,0,0,0,12,12,3148904,11,22,3307229,2,7,931336,0,0,0
201911,36,087,1,2,Rockland County               ,6,6,2061460,2,4,617351,3,9,1272522,2,17,2410859,3,3,885000,0,0,0,0,0,0,0,0,0
201911,36,091,1,2,Saratoga County               ,61,61,17426864,1,2,400000,1,4,800000,4,40,3030462,52,52,14483448,1,2,400000,1,4,800000,3,32,2720000
201911,36,093,1,2,Schenectady County            ,11,11,2045000,0,0,0,0,0,0,0,0,0,10,10,1960000,0,0,0,0,0,0,0,0,0
201911,36,095,1,2,Schoharie County              ,3,3,459000,0,0,0,0,0,0,0,0,0,1,1,150000,0,0,0,0,0,0,0,0,0
201911,36,099,1,2,Seneca County                 ,4,4,711691,0,0,0,0,0,0,0,0,0,4,4,711691,0,0,0,0,0,0,0,0,0
201911,36,103,1,2,Suffolk County                ,59,59,62659757,0,0,0,0,0,0,1,16,1814919,49,49,53205448,0,0,0,0,0,0,0,0,0
201911,36,117,1,2,Wayne County                  ,4,4,716000,0,0,0,0,0,0,0,0,0,4,4,716000,0,0,0,0,0,0,0,0,0
201911,36,119,1,2,Westchester County            ,22,22,9529278,5,10,3919755,0,0,0,2,80,9066647,15,15,4761482,3,6,3502255,0,0,0,0,0,0
201911,37,007,3,5,Anson County                  ,4,4,599460,0,0,0,0,0,0,0,0,0,0,0,0,0,0,0,0,0,0,0,0,0
201911,37,011,3,5,Avery County                  ,5,5,3105000,0,0,0,0,0,0,0,0,0,5,5,3105000,0,0,0,0,0,0,0,0,0
201911,37,015,3,5,Bertie County                 ,1,1,330000,0,0,0,0,0,0,0,0,0,1,1,330000,0,0,0,0,0,0,0,0,0
201911,37,025,3,5,Cabarrus County               ,98,98,16978848,1,2,138600,0,0,0,0,0,0,98,98,16978848,1,2,138600,0,0,0,0,0,0
201911,37,033,3,5,Caswell County                ,4,4,1003750,0,0,0,0,0,0,0,0,0,4,4,1003750,0,0,0,0,0,0,0,0,0
201911,37,037,3,5,Chatham County                ,44,44,15862249,0,0,0,0,0,0,0,0,0,44,44,15862249,0,0,0,0,0,0,0,0,0
201911,37,051,3,5,Cumberland County             ,39,39,8267089,0,0,0,0,0,0,0,0,0,39,39,8267089,0,0,0,0,0,0,0,0,0
201911,37,053,3,5,Currituck County              ,39,39,11028324,0,0,0,0,0,0,0,0,0,39,39,11028324,0,0,0,0,0,0,0,0,0
201911,37,059,3,5,Davie County                  ,11,11,2316551,0,0,0,0,0,0,1,23,906997,0,0,0,0,0,0,0,0,0,0,0,0
201911,37,063,3,5,Durham County                 ,153,153,29311277,0,0,0,0,0,0,3,106,8601472,0,0,0,0,0,0,0,0,0,0,0,0
201911,37,069,3,5,Franklin County               ,46,46,10923008,0,0,0,0,0,0,0,0,0,46,46,10923008,0,0,0,0,0,0,0,0,0
201911,37,071,3,5,Gaston County                 ,59,59,20538800,0,0,0,0,0,0,0,0,0,59,59,20538800,0,0,0,0,0,0,0,0,0
201911,37,077,3,5,Granville County              ,7,7,2004000,0,0,0,0,0,0,0,0,0,7,7,2004000,0,0,0,0,0,0,0,0,0
201911,37,081,3,5,Guilford County               ,152,152,31351437,0,0,0,0,0,0,2,48,7685182,110,110,16357559,0,0,0,0,0,0,2,48,7685182
201911,37,089,3,5,Henderson County              ,35,35,9598665,0,0,0,0,0,0,0,0,0,35,35,9598665,0,0,0,0,0,0,0,0,0
201911,37,093,3,5,Hoke County                   ,26,26,6173874,0,0,0,0,0,0,0,0,0,26,26,6173874,0,0,0,0,0,0,0,0,0
201911,37,097,3,5,Iredell County                ,76,76,19055426,0,0,0,0,0,0,0,0,0,76,76,19055426,0,0,0,0,0,0,0,0,0
201911,37,101,3,5,Johnston County               ,194,194,32226238,0,0,0,0,0,0,0,0,0,190,190,31543317,0,0,0,0,0,0,0,0,0
201911,37,119,3,5,Mecklenburg County            ,509,509,120865462,0,0,0,5,20,1710550,15,573,43735048,509,509,120865462,0,0,0,5,20,1710550,15,573,43735048
201911,37,133,3,5,Onslow County                 ,94,94,14376522,1,2,224000,0,0,0,0,0,0,94,94,14376522,1,2,224000,0,0,0,0,0,0
201911,37,135,3,5,Orange County                 ,30,30,6826675,0,0,0,0,0,0,0,0,0,30,30,6826675,0,0,0,0,0,0,0,0,0
201911,37,145,3,5,Person County                 ,12,12,3321000,0,0,0,0,0,0,0,0,0,12,12,3321000,0,0,0,0,0,0,0,0,0
201911,37,151,3,5,Randolph County               ,33,33,8884620,1,2,105000,0,0,0,0,0,0,33,33,8884620,1,2,105000,0,0,0,0,0,0
201911,37,157,3,5,Rockingham County             ,10,10,2320432,0,0,0,0,0,0,0,0,0,10,10,2320432,0,0,0,0,0,0,0,0,0
201911,37,179,3,5,Union County                  ,89,89,20010092,0,0,0,0,0,0,0,0,0,89,89,20010092,0,0,0,0,0,0,0,0,0
201911,37,181,3,5,Vance County                  ,4,4,747000,0,0,0,0,0,0,0,0,0,4,4,747000,0,0,0,0,0,0,0,0,0
201911,37,183,3,5,Wake County                   ,544,544,125938696,1,2,199871,0,0,0,19,440,49735149,544,544,125938696,1,2,199871,0,0,0,19,440,49735149
201911,37,195,3,5,Wilson County                 ,13,13,2275283,1,2,85000,0,0,0,0,0,0,13,13,2275283,1,2,85000,0,0,0,0,0,0
201911,39,007,2,3,Ashtabula County              ,15,15,3341175,0,0,0,0,0,0,0,0,0,15,15,3341175,0,0,0,0,0,0,0,0,0
201911,39,015,2,3,Brown County                  ,11,11,2978054,0,0,0,0,0,0,0,0,0,11,11,2978054,0,0,0,0,0,0,0,0,0
201911,39,017,2,3,Butler County                 ,58,58,12910030,0,0,0,0,0,0,0,0,0,46,46,11007567,0,0,0,0,0,0,0,0,0
201911,39,025,2,3,Clermont County               ,43,43,10452469,0,0,0,1,4,520000,2,20,654400,43,43,10452469,0,0,0,1,4,520000,2,20,654400
201911,39,041,2,3,Delaware County               ,123,123,32274999,0,0,0,0,0,0,0,0,0,106,106,29317002,0,0,0,0,0,0,0,0,0
201911,39,049,2,3,Franklin County               ,128,128,39887744,0,0,0,0,0,0,28,552,39102334,123,123,37867223,0,0,0,0,0,0,27,547,38877334
201911,39,055,2,3,Geauga County                 ,6,6,2739546,0,0,0,0,0,0,0,0,0,6,6,2739546,0,0,0,0,0,0,0,0,0
201911,39,085,2,3,Lake County                   ,31,31,7619953,0,0,0,0,0,0,0,0,0,31,31,7619953,0,0,0,0,0,0,0,0,0
201911,39,089,2,3,Licking County                ,25,25,5549969,0,0,0,0,0,0,0,0,0,25,25,5549969,0,0,0,0,0,0,0,0,0
201911,39,093,2,3,Lorain County                 ,67,67,18125849,1,2,231220,2,8,590000,2,25,2380000,40,40,13037762,0,0,0,2,8,590000,2,25,2380000
201911,39,097,2,3,Madison County                ,13,13,3411297,0,0,0,0,0,0,0,0,0,12,12,3331297,0,0,0,0,0,0,0,0,0
201911,39,103,2,3,Medina County                 ,30,30,8155037,0,0,0,0,0,0,0,0,0,30,30,8155037,0,0,0,0,0,0,0,0,0
201911,39,117,2,3,Morrow County                 ,4,4,1070709,0,0,0,0,0,0,0,0,0,3,3,812196,0,0,0,0,0,0,0,0,0
201911,39,159,2,3,Union County                  ,27,27,7309769,0,0,0,0,0,0,0,0,0,27,27,7309769,0,0,0,0,0,0,0,0,0
201911,39,165,2,3,Warren County                 ,65,65,17834803,0,0,0,1,4,1140696,1,8,1783475,64,64,17581398,0,0,0,1,4,1140696,1,8,1783475
201911,40,001,3,7,Adair County                  ,0,0,0,0,0,0,0,0,0,0,0,0,0,0,0,0,0,0,0,0,0,0,0,0
201911,40,017,3,7,Canadian County               ,17,17,4188092,2,4,389200,0,0,0,0,0,0,16,16,3939380,2,4,389200,0,0,0,0,0,0
201911,40,021,3,7,Cherokee County               ,6,6,787429,0,0,0,0,0,0,1,5,244048,0,0,0,0,0,0,0,0,0,0,0,0
201911,40,027,3,7,Cleveland County              ,25,25,6893102,0,0,0,0,0,0,2,15,1500000,20,20,6327040,0,0,0,0,0,0,2,15,1500000
201911,40,029,3,7,Coal County                   ,0,0,0,0,0,0,0,0,0,0,0,0,0,0,0,0,0,0,0,0,0,0,0,0
201911,40,037,3,7,Creek County                  ,8,8,1544167,0,0,0,0,0,0,1,12,923077,3,3,510000,0,0,0,0,0,0,0,0,0
201911,40,051,3,7,Grady County                  ,4,4,645000,0,0,0,0,0,0,0,0,0,4,4,645000,0,0,0,0,0,0,0,0,0
201911,40,055,3,7,Greer County                  ,1,1,262500,0,0,0,0,0,0,0,0,0,0,0,0,0,0,0,0,0,0,0,0,0
201911,40,081,3,7,Lincoln County                ,1,1,20000,0,0,0,0,0,0,0,0,0,1,1,20000,0,0,0,0,0,0,0,0,0
201911,40,083,3,7,Logan County                  ,0,0,0,0,0,0,0,0,0,0,0,0,0,0,0,0,0,0,0,0,0,0,0,0
201911,40,087,3,7,McClain County                ,31,31,6741665,2,4,447365,0,0,0,0,0,0,30,30,6548000,2,4,447365,0,0,0,0,0,0
201911,40,109,3,7,Oklahoma County               ,334,334,84216215,10,20,1980000,0,0,0,0,0,0,323,323,82542247,10,20,1980000,0,0,0,0,0,0
201911,40,111,3,7,Okmulgee County               ,1,1,150000,0,0,0,0,0,0,0,0,0,1,1,150000,0,0,0,0,0,0,0,0,0
201911,40,113,3,7,Osage County                  ,7,7,1662197,0,0,0,0,0,0,0,0,0,7,7,1662197,0,0,0,0,0,0,0,0,0
201911,40,117,3,7,Pawnee County                 ,0,0,0,0,0,0,0,0,0,0,0,0,0,0,0,0,0,0,0,0,0,0,0,0
201911,40,131,3,7,Rogers County                 ,35,35,6505042,0,0,0,0,0,0,6,136,9599000,35,35,6505042,0,0,0,0,0,0,6,136,9599000
201911,40,143,3,7,Tulsa County                  ,142,142,32225532,0,0,0,0,0,0,0,0,0,142,142,32225532,0,0,0,0,0,0,0,0,0
201911,40,145,3,7,Wagoner County                ,25,25,5936418,0,0,0,0,0,0,0,0,0,25,25,5936418,0,0,0,0,0,0,0,0,0
201911,41,000,4,9,Oregon Balance of State       ,25,25,2767825,0,0,0,0,0,0,0,0,0,25,25,2767825,0,0,0,0,0,0,0,0,0
201911,41,005,4,9,Clackamas County              ,89,89,24599423,0,0,0,0,0,0,0,0,0,89,89,24599423,0,0,0,0,0,0,0,0,0
201911,41,017,4,9,Deschutes County              ,100,100,25438495,2,4,997787,0,0,0,1,24,2500000,100,100,25438495,2,4,997787,0,0,0,1,24,2500000
201911,41,019,4,9,Douglas County                ,11,11,3161901,0,0,0,0,0,0,0,0,0,11,11,3161901,0,0,0,0,0,0,0,0,0
201911,41,025,4,9,Harney County                 ,1,1,502072,0,0,0,0,0,0,0,0,0,1,1,502072,0,0,0,0,0,0,0,0,0
201911,41,035,4,9,Klamath County                ,7,7,1291904,0,0,0,0,0,0,0,0,0,7,7,1291904,0,0,0,0,0,0,0,0,0
201911,41,051,4,9,Multnomah County              ,85,85,20897575,8,16,2630580,0,0,0,6,66,7150621,85,85,20897575,8,16,2630580,0,0,0,6,66,7150621
201911,41,065,4,9,Wasco County                  ,0,0,0,0,0,0,0,0,0,0,0,0,0,0,0,0,0,0,0,0,0,0,0,0
201911,41,067,4,9,Washington County             ,77,77,26185996,0,0,0,0,0,0,2,69,6969344,77,77,26185996,0,0,0,0,0,0,2,69,6969344
201911,41,071,4,9,Yamhill County                ,21,21,7059161,0,0,0,0,0,0,1,7,749943,14,14,5154434,0,0,0,0,0,0,0,0,0
201911,42,001,1,2,Adams County                  ,15,15,5332360,0,0,0,0,0,0,0,0,0,15,15,5332360,0,0,0,0,0,0,0,0,0
201911,42,017,1,2,Bucks County                  ,51,51,14158151,0,0,0,0,0,0,0,0,0,24,24,6791099,0,0,0,0,0,0,0,0,0
201911,42,029,1,2,Chester County                ,90,90,20874832,0,0,0,0,0,0,0,0,0,77,77,17518251,0,0,0,0,0,0,0,0,0
201911,42,037,1,2,Columbia County               ,3,3,677409,0,0,0,0,0,0,0,0,0,3,3,677409,0,0,0,0,0,0,0,0,0
201911,42,041,1,2,Cumberland County             ,33,33,6669707,0,0,0,0,0,0,1,38,5014748,20,20,3980214,0,0,0,0,0,0,0,0,0
201911,42,043,1,2,Dauphin County                ,21,21,4274673,0,0,0,0,0,0,1,5,675676,16,16,3214854,0,0,0,0,0,0,0,0,0
201911,42,045,1,2,Delaware County               ,20,20,3773221,1,2,300657,0,0,0,1,5,2056072,7,7,1134817,1,2,300657,0,0,0,0,0,0
201911,42,055,1,2,Franklin County               ,35,35,7517289,0,0,0,0,0,0,1,5,650767,28,28,5659634,0,0,0,0,0,0,0,0,0
201911,42,091,1,2,Montgomery County             ,86,86,18873832,0,0,0,0,0,0,2,33,3985667,74,74,16259049,0,0,0,0,0,0,1,14,1806214
201911,42,093,1,2,Montour County                ,2,2,808153,1,2,240000,0,0,0,0,0,0,1,1,565000,1,2,240000,0,0,0,0,0,0
201911,42,099,1,2,Perry County                  ,7,7,1829110,0,0,0,0,0,0,0,0,0,0,0,0,0,0,0,0,0,0,0,0,0
201911,42,101,1,2,Philadelphia County           ,30,30,7872261,8,16,1845000,13,44,7971900,6,55,5894200,30,30,7872261,8,16,1845000,13,44,7971900,6,55,5894200
201911,42,103,1,2,Pike County                   ,9,9,1145654,0,0,0,0,0,0,0,0,0,6,6,430200,0,0,0,0,0,0,0,0,0
201911,44,001,1,1,Bristol County                ,3,3,1518504,0,0,0,0,0,0,0,0,0,2,2,1261500,0,0,0,0,0,0,0,0,0
201911,44,003,1,1,Kent County                   ,9,9,1884510,0,0,0,0,0,0,0,0,0,8,8,1604943,0,0,0,0,0,0,0,0,0
201911,44,005,1,1,Newport County                ,5,5,2341500,0,0,0,0,0,0,0,0,0,5,5,2341500,0,0,0,0,0,0,0,0,0
201911,44,007,1,1,Providence County             ,23,23,4044796,4,8,1030440,2,8,1040000,0,0,0,15,15,2962791,3,6,850440,2,8,1040000,0,0,0
201911,44,009,1,1,Washington County             ,23,23,9534117,1,2,398182,0,0,0,2,10,905625,12,12,6225591,0,0,0,0,0,0,0,0,0
201911,45,003,3,5,Aiken County                  ,75,75,19732727,0,0,0,0,0,0,0,0,0,75,75,19732727,0,0,0,0,0,0,0,0,0
201911,45,009,3,5,Bamberg County                ,0,0,0,0,0,0,0,0,0,0,0,0,0,0,0,0,0,0,0,0,0,0,0,0
201911,45,015,3,5,Berkeley County               ,61,61,15747190,0,0,0,0,0,0,3,40,2658528,53,53,13125921,0,0,0,0,0,0,2,10,1950766
201911,45,017,3,5,Calhoun County                ,2,2,334701,0,0,0,0,0,0,0,0,0,0,0,0,0,0,0,0,0,0,0,0,0
201911,45,019,3,5,Charleston County             ,183,183,55278609,0,0,0,0,0,0,5,115,7596128,29,29,15186249,0,0,0,0,0,0,0,0,0
201911,45,035,3,5,Dorchester County             ,32,32,9227990,0,0,0,0,0,0,0,0,0,32,32,9227990,0,0,0,0,0,0,0,0,0
201911,45,037,3,5,Edgefield County              ,14,14,2772000,0,0,0,0,0,0,0,0,0,14,14,2772000,0,0,0,0,0,0,0,0,0
201911,45,039,3,5,Fairfield County              ,4,4,904984,0,0,0,0,0,0,0,0,0,0,0,0,0,0,0,0,0,0,0,0,0
201911,45,045,3,5,Greenville County             ,256,256,66383184,0,0,0,0,0,0,4,83,6402956,255,255,66117887,0,0,0,0,0,0,3,78,6226580
201911,45,051,3,5,Horry County                  ,296,296,53577135,8,16,1702405,0,0,0,0,0,0,231,231,33080066,8,16,1702405,0,0,0,0,0,0
201911,45,055,3,5,Kershaw County                ,26,26,3412290,0,0,0,0,0,0,0,0,0,26,26,3412290,0,0,0,0,0,0,0,0,0
201911,45,059,3,5,Laurens County                ,16,16,1864730,0,0,0,0,0,0,0,0,0,14,14,1723702,0,0,0,0,0,0,0,0,0
201911,45,063,3,5,Lexington County              ,128,128,32992755,0,0,0,0,0,0,1,5,489336,8,8,2232295,0,0,0,0,0,0,0,0,0
201911,45,077,3,5,Pickens County                ,54,54,12605156,1,2,253268,0,0,0,0,0,0,35,35,9759409,0,0,0,0,0,0,0,0,0
201911,45,079,3,5,Richland County               ,123,123,25553027,0,0,0,0,0,0,0,0,0,110,110,22489588,0,0,0,0,0,0,0,0,0
201911,45,081,3,5,Saluda County                 ,3,3,638041,0,0,0,0,0,0,0,0,0,0,0,0,0,0,0,0,0,0,0,0,0
201911,45,085,3,5,Sumter County                 ,24,24,3238181,0,0,0,0,0,0,0,0,0,24,24,3238181,0,0,0,0,0,0,0,0,0
201911,45,091,3,5,York County                   ,175,175,62871287,0,0,0,0,0,0,1,14,1589205,97,97,35577033,0,0,0,0,0,0,0,0,0
201911,46,007,2,4,Bennett County                ,0,0,0,0,0,0,0,0,0,0,0,0,0,0,0,0,0,0,0,0,0,0,0,0
201911,46,055,2,4,Haakon County                 ,0,0,0,0,0,0,0,0,0,0,0,0,0,0,0,0,0,0,0,0,0,0,0,0
201911,46,071,2,4,Jackson County                ,0,0,0,0,0,0,0,0,0,0,0,0,0,0,0,0,0,0,0,0,0,0,0,0
201911,46,111,2,4,Sanborn County                ,0,0,0,0,0,0,0,0,0,0,0,0,0,0,0,0,0,0,0,0,0,0,0,0
201911,47,001,3,6,Anderson County               ,13,13,2295633,0,0,0,0,0,0,0,0,0,8,8,1699547,0,0,0,0,0,0,0,0,0
201911,47,015,3,6,Cannon County                 ,0,0,0,0,0,0,0,0,0,0,0,0,0,0,0,0,0,0,0,0,0,0,0,0
201911,47,021,3,6,Cheatham County               ,47,47,6310901,0,0,0,0,0,0,0,0,0,47,47,6310901,0,0,0,0,0,0,0,0,0
201911,47,037,3,6,Davidson County               ,335,335,84324794,0,0,0,0,0,0,2,440,45112443,329,329,81246349,0,0,0,0,0,0,2,440,45112443
201911,47,043,3,6,Dickson County                ,30,30,5976296,0,0,0,0,0,0,0,0,0,11,11,2155337,0,0,0,0,0,0,0,0,0
201911,47,049,3,6,Fentress County               ,0,0,0,0,0,0,0,0,0,0,0,0,0,0,0,0,0,0,0,0,0,0,0,0
201911,47,081,3,6,Hickman County                ,5,5,864961,0,0,0,0,0,0,0,0,0,0,0,0,0,0,0,0,0,0,0,0,0
201911,47,093,3,6,Knox County                   ,142,142,31559983,0,0,0,0,0,0,0,0,0,35,35,10615502,0,0,0,0,0,0,0,0,0
201911,47,105,3,6,Loudon County                 ,22,22,5713902,0,0,0,0,0,0,0,0,0,17,17,4810926,0,0,0,0,0,0,0,0,0
201911,47,125,3,6,Montgomery County             ,108,108,17369606,1,2,124167,4,12,662048,2,12,741490,0,0,0,0,0,0,0,0,0,0,0,0
201911,47,139,3,6,Polk County                   ,14,14,2521737,0,0,0,0,0,0,0,0,0,0,0,0,0,0,0,0,0,0,0,0,0
201911,47,149,3,6,Rutherford County             ,297,297,68129231,0,0,0,0,0,0,2,16,2147824,291,291,67066162,0,0,0,0,0,0,2,16,2147824
201911,47,153,3,6,Sequatchie County             ,0,0,0,0,0,0,0,0,0,0,0,0,0,0,0,0,0,0,0,0,0,0,0,0
201911,47,157,3,6,Shelby County                 ,66,66,17384752,0,0,0,0,0,0,0,0,0,66,66,17384752,0,0,0,0,0,0,0,0,0
201911,47,159,3,6,Smith County                  ,3,3,747659,0,0,0,0,0,0,0,0,0,2,2,615000,0,0,0,0,0,0,0,0,0
201911,47,161,3,6,Stewart County                ,0,0,0,0,0,0,0,0,0,0,0,0,0,0,0,0,0,0,0,0,0,0,0,0
201911,47,165,3,6,Sumner County                 ,87,87,26715612,0,0,0,0,0,0,0,0,0,87,87,26715612,0,0,0,0,0,0,0,0,0
201911,47,167,3,6,Tipton County                 ,13,13,2748701,0,0,0,0,0,0,0,0,0,7,7,1887163,0,0,0,0,0,0,0,0,0
201911,47,169,3,6,Trousdale County              ,7,7,960000,0,0,0,1,3,224000,0,0,0,7,7,960000,0,0,0,1,3,224000,0,0,0
201911,47,173,3,6,Union County                  ,6,6,780000,0,0,0,0,0,0,0,0,0,6,6,780000,0,0,0,0,0,0,0,0,0
201911,47,175,3,6,Van Buren County              ,0,0,0,0,0,0,0,0,0,0,0,0,0,0,0,0,0,0,0,0,0,0,0,0
201911,47,189,3,6,Wilson County                 ,124,124,28614690,0,0,0,0,0,0,0,0,0,124,124,28614690,0,0,0,0,0,0,0,0,0
201911,48,013,3,7,Atascosa County               ,2,2,349300,0,0,0,0,0,0,0,0,0,1,1,174020,0,0,0,0,0,0,0,0,0
201911,48,015,3,7,Austin County                 ,1,1,84000,0,0,0,0,0,0,0,0,0,0,0,0,0,0,0,0,0,0,0,0,0
201911,48,019,3,7,Bandera County                ,1,1,237457,0,0,0,0,0,0,0,0,0,1,1,237457,0,0,0,0,0,0,0,0,0
201911,48,021,3,7,Bastrop County                ,26,26,3496228,0,0,0,0,0,0,0,0,0,26,26,3496228,0,0,0,0,0,0,0,0,0
201911,48,025,3,7,Bee County                    ,0,0,0,0,0,0,0,0,0,0,0,0,0,0,0,0,0,0,0,0,0,0,0,0
201911,48,027,3,7,Bell County                   ,143,143,28581611,6,12,920809,0,0,0,0,0,0,79,79,17410126,4,8,704289,0,0,0,0,0,0
201911,48,029,3,7,Bexar County                  ,420,420,94698153,0,0,0,2,8,1074178,27,673,85398080,382,382,89839742,0,0,0,2,8,1074178,26,654,83830580
201911,48,051,3,7,Burleson County               ,0,0,0,0,0,0,0,0,0,0,0,0,0,0,0,0,0,0,0,0,0,0,0,0
201911,48,055,3,7,Caldwell County               ,21,21,4400094,1,2,173138,0,0,0,1,15,1640805,2,2,409795,0,0,0,0,0,0,0,0,0
201911,48,085,3,7,Collin County                 ,756,756,215042888,0,0,0,0,0,0,31,538,64150000,641,641,189572037,0,0,0,0,0,0,31,538,64150000
201911,48,091,3,7,Comal County                  ,214,214,50815735,0,0,0,0,0,0,0,0,0,214,214,50815735,0,0,0,0,0,0,0,0,0
201911,48,099,3,7,Coryell County                ,13,13,1531736,4,8,748579,0,0,0,0,0,0,13,13,1531736,4,8,748579,0,0,0,0,0,0
201911,48,107,3,7,Crosby County                 ,0,0,0,0,0,0,0,0,0,0,0,0,0,0,0,0,0,0,0,0,0,0,0,0
201911,48,113,3,7,Dallas County                 ,413,413,110245109,2,4,1360710,9,34,7162330,48,1577,119943098,397,397,104273381,2,4,1360710,9,34,7162330,43,1263,82277658
201911,48,119,3,7,Delta County                  ,0,0,0,0,0,0,0,0,0,0,0,0,0,0,0,0,0,0,0,0,0,0,0,0
201911,48,135,3,7,Ector County                  ,22,22,5224047,0,0,0,0,0,0,0,0,0,22,22,5224047,0,0,0,0,0,0,0,0,0
201911,48,139,3,7,Ellis County                  ,151,151,36406475,0,0,0,0,0,0,1,6,1021349,102,102,26700502,0,0,0,0,0,0,0,0,0
201911,48,141,3,7,El Paso County                ,223,223,52205981,4,8,1040250,0,0,0,4,39,6811119,103,103,24458040,0,0,0,0,0,0,0,0,0
201911,48,157,3,7,Fort Bend County              ,798,798,77445061,0,0,0,0,0,0,1,6,469551,216,216,51328191,0,0,0,0,0,0,0,0,0
201911,48,167,3,7,Galveston County              ,177,177,35450615,0,0,0,0,0,0,0,0,0,119,119,20771690,0,0,0,0,0,0,0,0,0
201911,48,185,3,7,Grimes County                 ,22,22,4700696,0,0,0,0,0,0,0,0,0,22,22,4700696,0,0,0,0,0,0,0,0,0
201911,48,187,3,7,Guadalupe County              ,70,70,16196264,9,18,2013142,0,0,0,0,0,0,68,68,15635977,9,18,2013142,0,0,0,0,0,0
201911,48,193,3,7,Hamilton County               ,0,0,0,0,0,0,0,0,0,0,0,0,0,0,0,0,0,0,0,0,0,0,0,0
201911,48,195,3,7,Hansford County               ,0,0,0,0,0,0,0,0,0,0,0,0,0,0,0,0,0,0,0,0,0,0,0,0
201911,48,201,3,7,Harris County                 ,1104,1104,237378927,7,14,1518010,1,4,440000,45,2621,280934175,1100,1100,233145255,7,14,1518010,1,4,440000,45,2621,280934175
201911,48,211,3,7,Hemphill County               ,0,0,0,0,0,0,0,0,0,0,0,0,0,0,0,0,0,0,0,0,0,0,0,0
201911,48,215,3,7,Hidalgo County                ,228,228,31182179,6,12,540000,0,0,0,5,44,1700000,170,170,22956858,6,12,540000,0,0,0,5,44,1700000
201911,48,233,3,7,Hutchinson County             ,0,0,0,0,0,0,0,0,0,0,0,0,0,0,0,0,0,0,0,0,0,0,0,0
201911,48,251,3,7,Johnson County                ,71,71,16582792,1,2,223682,0,0,0,0,0,0,70,70,16346385,1,2,223682,0,0,0,0,0,0
201911,48,257,3,7,Kaufman County                ,43,43,8565591,0,0,0,0,0,0,0,0,0,41,41,8097664,0,0,0,0,0,0,0,0,0
201911,48,259,3,7,Kendall County                ,23,23,5982722,0,0,0,0,0,0,0,0,0,0,0,0,0,0,0,0,0,0,0,0,0
201911,48,271,3,7,Kinney County                 ,0,0,0,0,0,0,0,0,0,0,0,0,0,0,0,0,0,0,0,0,0,0,0,0
201911,48,281,3,7,Lampasas County               ,1,1,330000,0,0,0,0,0,0,0,0,0,1,1,330000,0,0,0,0,0,0,0,0,0
201911,48,291,3,7,Liberty County                ,55,55,7542469,0,0,0,0,0,0,0,0,0,45,45,5677686,0,0,0,0,0,0,0,0,0
201911,48,303,3,7,Lubbock County                ,125,125,28730762,5,10,1150000,0,0,0,0,0,0,124,124,28557762,5,10,1150000,0,0,0,0,0,0
201911,48,323,3,7,Maverick County               ,5,5,1316350,0,0,0,0,0,0,0,0,0,0,0,0,0,0,0,0,0,0,0,0,0
201911,48,325,3,7,Medina County                 ,2,2,307708,0,0,0,0,0,0,0,0,0,1,1,195000,0,0,0,0,0,0,0,0,0
201911,48,329,3,7,Midland County                ,108,108,17340066,0,0,0,0,0,0,0,0,0,108,108,17340066,0,0,0,0,0,0,0,0,0
201911,48,339,3,7,Montgomery County             ,541,541,113818585,0,0,0,0,0,0,1,6,656322,533,533,112097735,0,0,0,0,0,0,0,0,0
201911,48,367,3,7,Parker County                 ,27,27,5699104,0,0,0,1,3,163068,0,0,0,27,27,5699104,0,0,0,1,3,163068,0,0,0
201911,48,375,3,7,Potter County                 ,22,22,5224047,0,0,0,0,0,0,0,0,0,22,22,5224047,0,0,0,0,0,0,0,0,0
201911,48,383,3,7,Reagan County                 ,0,0,0,0,0,0,0,0,0,0,0,0,0,0,0,0,0,0,0,0,0,0,0,0
201911,48,385,3,7,Real County                   ,0,0,0,0,0,0,0,0,0,0,0,0,0,0,0,0,0,0,0,0,0,0,0,0
201911,48,395,3,7,Robertson County              ,6,6,1142460,0,0,0,0,0,0,0,0,0,1,1,90000,0,0,0,0,0,0,0,0,0
201911,48,397,3,7,Rockwall County               ,83,83,27165597,0,0,0,0,0,0,0,0,0,83,83,27165597,0,0,0,0,0,0,0,0,0
201911,48,407,3,7,San Jacinto County            ,31,31,6841341,0,0,0,0,0,0,0,0,0,0,0,0,0,0,0,0,0,0,0,0,0
201911,48,411,3,7,San Saba County               ,0,0,0,0,0,0,0,0,0,0,0,0,0,0,0,0,0,0,0,0,0,0,0,0
201911,48,451,3,7,Tom Green County              ,24,24,4917542,0,0,0,0,0,0,0,0,0,24,24,4917542,0,0,0,0,0,0,0,0,0
201911,48,453,3,7,Travis County                 ,691,691,174364175,12,24,2231730,0,0,0,2,235,33500000,662,662,167808781,11,22,2058592,0,0,0,2,235,33500000
201911,48,473,3,7,Waller County                 ,0,0,0,0,0,0,0,0,0,1,6,133084,0,0,0,0,0,0,0,0,0,0,0,0
201911,48,491,3,7,Williamson County             ,306,306,67968952,0,0,0,14,56,6228449,2,376,54862025,287,287,63615318,0,0,0,14,56,6228449,2,376,54862025
201911,48,493,3,7,Wilson County                 ,4,4,811765,0,0,0,0,0,0,0,0,0,0,0,0,0,0,0,0,0,0,0,0,0
201911,48,497,3,7,Wise County                   ,6,6,1332283,0,0,0,0,0,0,0,0,0,6,6,1332283,0,0,0,0,0,0,0,0,0
201911,49,011,4,8,Davis County                  ,127,127,33715154,0,0,0,1,3,469047,1,5,496967,100,100,24953063,0,0,0,0,0,0,0,0,0
201911,49,023,4,8,Juab County                   ,5,5,1504652,0,0,0,0,0,0,0,0,0,4,4,1234859,0,0,0,0,0,0,0,0,0
201911,49,029,4,8,Morgan County                 ,2,2,1127875,0,0,0,0,0,0,0,0,0,1,1,881855,0,0,0,0,0,0,0,0,0
201911,49,035,4,8,Salt Lake County              ,369,369,85952485,4,8,927717,5,18,3262770,11,487,97102977,278,278,59659324,3,6,632904,3,10,1999598,7,436,89509500
201911,49,039,4,8,Sanpete County                ,0,0,0,0,0,0,0,0,0,0,0,0,0,0,0,0,0,0,0,0,0,0,0,0
201911,49,043,4,8,Summit County                 ,14,14,8779927,0,0,0,1,3,841530,1,7,1195998,4,4,4004415,0,0,0,0,0,0,0,0,0
201911,49,057,4,8,Weber County                  ,106,106,20521094,2,4,832010,0,0,0,1,28,3220000,104,104,20053372,1,2,522510,0,0,0,1,28,3220000
201911,51,003,3,5,Albemarle County              ,48,48,13645848,0,0,0,0,0,0,2,37,3294172,0,0,0,0,0,0,0,0,0,0,0,0
201911,51,007,3,5,Amelia County                 ,5,5,883350,0,0,0,0,0,0,0,0,0,5,5,883350,0,0,0,0,0,0,0,0,0
201911,51,009,3,5,Amherst County                ,5,5,1060669,0,0,0,0,0,0,0,0,0,0,0,0,0,0,0,0,0,0,0,0,0
201911,51,013,3,5,Arlington County              ,15,15,6708180,0,0,0,0,0,0,1,203,21596923,0,0,0,0,0,0,0,0,0,0,0,0
201911,51,015,3,5,Augusta County                ,11,11,2550000,0,0,0,0,0,0,0,0,0,11,11,2550000,0,0,0,0,0,0,0,0,0
201911,51,019,3,5,Bedford County                ,3,3,609870,0,0,0,0,0,0,1,5,322222,0,0,0,0,0,0,0,0,0,0,0,0
201911,51,033,3,5,Caroline County               ,13,13,1556710,0,0,0,0,0,0,0,0,0,13,13,1556710,0,0,0,0,0,0,0,0,0
201911,51,036,3,5,Charles City County           ,1,1,163960,0,0,0,0,0,0,0,0,0,0,0,0,0,0,0,0,0,0,0,0,0
201911,51,037,3,5,Charlotte County              ,3,3,198000,0,0,0,0,0,0,0,0,0,3,3,198000,0,0,0,0,0,0,0,0,0
201911,51,041,3,5,Chesterfield County           ,105,105,21514247,0,0,0,6,23,3057547,2,16,1330000,105,105,21514247,0,0,0,6,23,3057547,2,16,1330000
201911,51,043,3,5,Clarke County                 ,3,3,803326,0,0,0,0,0,0,0,0,0,3,3,803326,0,0,0,0,0,0,0,0,0
201911,51,049,3,5,Cumberland County             ,2,2,267575,0,0,0,0,0,0,0,0,0,0,0,0,0,0,0,0,0,0,0,0,0
201911,51,051,3,5,Dickenson County              ,0,0,0,0,0,0,0,0,0,0,0,0,0,0,0,0,0,0,0,0,0,0,0,0
201911,51,053,3,5,Dinwiddie County              ,6,6,924387,0,0,0,0,0,0,0,0,0,0,0,0,0,0,0,0,0,0,0,0,0
201911,51,059,3,5,Fairfax County                ,92,92,21846017,0,0,0,0,0,0,2,11,1234695,92,92,21846017,0,0,0,0,0,0,2,11,1234695
201911,51,061,3,5,Fauquier County               ,12,12,3034900,0,0,0,0,0,0,0,0,0,12,12,3034900,0,0,0,0,0,0,0,0,0
201911,51,069,3,5,Frederick County              ,30,30,7513369,0,0,0,0,0,0,0,0,0,30,30,7513369,0,0,0,0,0,0,0,0,0
201911,51,073,3,5,Gloucester County             ,5,5,1005000,0,0,0,0,0,0,0,0,0,5,5,1005000,0,0,0,0,0,0,0,0,0
201911,51,075,3,5,Goochland County              ,23,23,6221775,0,0,0,0,0,0,0,0,0,23,23,6221775,0,0,0,0,0,0,0,0,0
201911,51,085,3,5,Hanover County                ,46,46,11491478,0,0,0,0,0,0,0,0,0,46,46,11491478,0,0,0,0,0,0,0,0,0
201911,51,087,3,5,Henrico County                ,36,36,6325942,12,24,825000,0,0,0,0,0,0,36,36,6325942,12,24,825000,0,0,0,0,0,0
201911,51,093,3,5,Isle of Wight County          ,13,13,2654710,0,0,0,0,0,0,0,0,0,0,0,0,0,0,0,0,0,0,0,0,0
201911,51,095,3,5,James City County             ,21,21,4986591,0,0,0,0,0,0,0,0,0,21,21,4986591,0,0,0,0,0,0,0,0,0
201911,51,097,3,5,King and Queen County         ,1,1,100000,0,0,0,0,0,0,0,0,0,1,1,100000,0,0,0,0,0,0,0,0,0
201911,51,099,3,5,King George County            ,5,5,1024488,0,0,0,0,0,0,0,0,0,5,5,1024488,0,0,0,0,0,0,0,0,0
201911,51,107,3,5,Loudoun County                ,133,133,31581742,0,0,0,0,0,0,0,0,0,133,133,31581742,0,0,0,0,0,0,0,0,0
201911,51,109,3,5,Louisa County                 ,17,17,4044193,0,0,0,0,0,0,0,0,0,17,17,4044193,0,0,0,0,0,0,0,0,0
201911,51,115,3,5,Mathews County                ,0,0,0,0,0,0,0,0,0,0,0,0,0,0,0,0,0,0,0,0,0,0,0,0
201911,51,127,3,5,New Kent County               ,6,6,1587000,0,0,0,0,0,0,0,0,0,6,6,1587000,0,0,0,0,0,0,0,0,0
201911,51,139,3,5,Page County                   ,6,6,550000,0,0,0,0,0,0,0,0,0,6,6,550000,0,0,0,0,0,0,0,0,0
201911,51,145,3,5,Powhatan County               ,18,18,3688157,0,0,0,0,0,0,0,0,0,18,18,3688157,0,0,0,0,0,0,0,0,0
201911,51,149,3,5,Prince George County          ,6,6,618000,0,0,0,0,0,0,0,0,0,6,6,618000,0,0,0,0,0,0,0,0,0
201911,51,153,3,5,Prince William County         ,107,107,13875000,0,0,0,0,0,0,1,17,1930172,107,107,13875000,0,0,0,0,0,0,0,0,0
201911,51,165,3,5,Rockingham County             ,19,19,5426390,0,0,0,0,0,0,0,0,0,19,19,5426390,0,0,0,0,0,0,0,0,0
201911,51,175,3,5,Southampton County            ,4,4,645109,0,0,0,0,0,0,0,0,0,0,0,0,0,0,0,0,0,0,0,0,0
201911,51,177,3,5,Spotsylvania County           ,49,49,12939885,0,0,0,0,0,0,3,75,8844998,0,0,0,0,0,0,0,0,0,0,0,0
201911,51,179,3,5,Stafford County               ,88,88,22553231,0,0,0,0,0,0,0,0,0,88,88,22553231,0,0,0,0,0,0,0,0,0
201911,51,181,3,5,Surry County                  ,1,1,95000,0,0,0,0,0,0,0,0,0,1,1,95000,0,0,0,0,0,0,0,0,0
201911,51,183,3,5,Sussex County                 ,2,2,178214,0,0,0,0,0,0,0,0,0,2,2,178214,0,0,0,0,0,0,0,0,0
201911,51,187,3,5,Warren County                 ,8,8,1875000,0,0,0,0,0,0,0,0,0,8,8,1875000,0,0,0,0,0,0,0,0,0
201911,51,199,3,5,York County                   ,12,12,2849480,0,0,0,0,0,0,0,0,0,12,12,2849480,0,0,0,0,0,0,0,0,0
201911,51,510,3,5,Alexandria (Independent City) ,0,0,0,0,0,0,0,0,0,0,0,0,0,0,0,0,0,0,0,0,0,0,0,0
201911,51,540,3,5,Charlottesville (Independent C,4,4,1349548,0,0,0,0,0,0,1,11,2352456,0,0,0,0,0,0,0,0,0,0,0,0
201911,51,550,3,5,Chesapeake(Independent City)  ,59,59,18704400,0,0,0,0,0,0,0,0,0,59,59,18704400,0,0,0,0,0,0,0,0,0
201911,51,570,3,5,Colonial Heights (Independent ,0,0,0,0,0,0,0,0,0,0,0,0,0,0,0,0,0,0,0,0,0,0,0,0
201911,51,580,3,5,Covington (Independent City)  ,0,0,0,0,0,0,0,0,0,0,0,0,0,0,0,0,0,0,0,0,0,0,0,0
201911,51,600,3,5,Fairfax (Independent City)    ,1,1,400000,0,0,0,0,0,0,0,0,0,1,1,400000,0,0,0,0,0,0,0,0,0
201911,51,610,3,5,Falls Church (Independent City,4,4,1894231,0,0,0,0,0,0,0,0,0,0,0,0,0,0,0,0,0,0,0,0,0
201911,51,630,3,5,Fredericksburg(Independent Cit,1,1,225000,0,0,0,0,0,0,0,0,0,1,1,225000,0,0,0,0,0,0,0,0,0
201911,51,650,3,5,Hampton (Independent City)    ,13,13,810179,0,0,0,0,0,0,0,0,0,0,0,0,0,0,0,0,0,0,0,0,0
201911,51,660,3,5,Harrisonburg (Independent City,1,1,100000,0,0,0,0,0,0,0,0,0,1,1,100000,0,0,0,0,0,0,0,0,0
201911,51,670,3,5,Hopewell (Independent City)   ,4,4,405116,0,0,0,0,0,0,1,5,430895,0,0,0,0,0,0,0,0,0,0,0,0
201911,51,680,3,5,Lynchburg (Independent City)  ,2,2,279397,0,0,0,0,0,0,0,0,0,2,2,279397,0,0,0,0,0,0,0,0,0
201911,51,683,3,5,Manassas (Independent City)   ,6,6,1406881,1,2,242983,0,0,0,0,0,0,0,0,0,0,0,0,0,0,0,0,0,0
201911,51,685,3,5,Manassas Park (Independent Cit,0,0,0,0,0,0,0,0,0,0,0,0,0,0,0,0,0,0,0,0,0,0,0,0
201911,51,700,3,5,Newport News (Independent City,12,12,2236525,0,0,0,0,0,0,4,96,5269791,12,12,2236525,0,0,0,0,0,0,4,96,5269791
201911,51,710,3,5,Norfolk (Independent City)    ,28,28,6648788,0,0,0,0,0,0,2,138,14201000,28,28,6648788,0,0,0,0,0,0,2,138,14201000
201911,51,730,3,5,Petersburg (Independent City) ,0,0,0,0,0,0,0,0,0,0,0,0,0,0,0,0,0,0,0,0,0,0,0,0
201911,51,735,3,5,Poquoson (Independent City)   ,4,4,601000,0,0,0,0,0,0,0,0,0,4,4,601000,0,0,0,0,0,0,0,0,0
201911,51,740,3,5,Portsmouth (Independent City) ,13,13,1402400,0,0,0,0,0,0,0,0,0,13,13,1402400,0,0,0,0,0,0,0,0,0
201911,51,760,3,5,Richmond (Independent City)   ,24,24,4917542,0,0,0,0,0,0,0,0,0,24,24,4917542,0,0,0,0,0,0,0,0,0
201911,51,800,3,5,Suffolk (Independent City)    ,43,43,10210638,0,0,0,0,0,0,1,51,7300000,43,43,10210638,0,0,0,0,0,0,1,51,7300000
201911,51,810,3,5,Virginia Beach (Independent Ci,41,41,11545810,0,0,0,0,0,0,0,0,0,41,41,11545810,0,0,0,0,0,0,0,0,0
201911,51,830,3,5,Williamsburg (Independent City,0,0,0,0,0,0,0,0,0,0,0,0,0,0,0,0,0,0,0,0,0,0,0,0
201911,53,005,4,9,Benton County                 ,77,77,24081659,2,4,617021,1,3,503172,1,27,2710356,44,44,14654891,0,0,0,0,0,0,0,0,0
201911,53,011,4,9,Clark County                  ,227,227,66111223,0,0,0,1,3,533988,2,16,1689937,91,91,24979780,0,0,0,1,3,533988,2,16,1689937
201911,53,021,4,9,Franklin County               ,43,43,11883217,0,0,0,0,0,0,0,0,0,7,7,2370365,0,0,0,0,0,0,0,0,0
201911,53,031,4,9,Jefferson County              ,11,11,2749220,0,0,0,0,0,0,0,0,0,3,3,707354,0,0,0,0,0,0,0,0,0
201911,53,033,4,9,King County                   ,254,254,89961108,8,16,4179865,10,32,6404021,28,1860,292249050,193,193,62952879,8,16,4179865,10,32,6404021,25,1619,272143633
201911,53,035,4,9,Kitsap County                 ,60,60,16487691,0,0,0,0,0,0,0,0,0,60,60,16487691,0,0,0,0,0,0,0,0,0
201911,53,053,4,9,Pierce County                 ,172,172,51557927,0,0,0,0,0,0,8,193,13237913,168,168,50297688,0,0,0,0,0,0,7,184,12409979
201911,53,055,4,9,San Juan County               ,9,9,1876136,0,0,0,0,0,0,0,0,0,0,0,0,0,0,0,0,0,0,0,0,0
201911,53,059,4,9,Skamania County               ,1,1,144504,0,0,0,0,0,0,0,0,0,1,1,144504,0,0,0,0,0,0,0,0,0
201911,53,061,4,9,Snohomish County              ,193,193,48587339,0,0,0,2,6,1469385,3,77,6835814,177,177,43965154,0,0,0,2,6,1469385,1,40,2853396
201911,54,011,3,5,Cabell County                 ,5,5,1338398,0,0,0,0,0,0,0,0,0,1,1,635425,0,0,0,0,0,0,0,0,0
201911,54,015,3,5,Clay County                   ,7,7,175000,0,0,0,0,0,0,0,0,0,7,7,175000,0,0,0,0,0,0,0,0,0
201911,54,019,3,5,Fayette County                ,2,2,283165,0,0,0,0,0,0,0,0,0,0,0,0,0,0,0,0,0,0,0,0,0
201911,54,037,3,5,Jefferson County              ,26,26,7194403,1,2,410500,0,0,0,0,0,0,24,24,6693125,0,0,0,0,0,0,0,0,0
201911,54,081,3,5,Raleigh County                ,3,3,373000,0,0,0,0,0,0,0,0,0,3,3,373000,0,0,0,0,0,0,0,0,0
201911,55,025,2,3,Dane County                   ,99,99,35443650,1,2,398333,1,3,447000,5,142,16860285,76,76,28387349,0,0,0,0,0,0,3,91,12350000
201911,55,031,2,3,Douglas County                ,7,7,1664278,0,0,0,0,0,0,0,0,0,7,7,1664278,0,0,0,0,0,0,0,0,0
201911,55,037,2,3,Florence County               ,1,1,200000,0,0,0,0,0,0,0,0,0,1,1,200000,0,0,0,0,0,0,0,0,0
201911,55,049,2,3,Iowa County                   ,2,2,350000,0,0,0,0,0,0,0,0,0,2,2,350000,0,0,0,0,0,0,0,0,0
201911,55,059,2,3,Kenosha County                ,17,17,5455951,0,0,0,0,0,0,1,7,560000,15,15,4831861,0,0,0,0,0,0,0,0,0
201911,55,079,2,3,Milwaukee County              ,9,9,3557038,0,0,0,0,0,0,0,0,0,9,9,3557038,0,0,0,0,0,0,0,0,0
201911,55,089,2,3,Ozaukee County                ,17,17,6488241,0,0,0,0,0,0,1,16,1600000,9,9,3065462,0,0,0,0,0,0,1,16,1600000
201911,55,093,2,3,Pierce County                 ,4,4,1230000,0,0,0,0,0,0,0,0,0,4,4,1230000,0,0,0,0,0,0,0,0,0
201911,55,109,2,3,St. Croix County              ,30,30,7404061,0,0,0,0,0,0,0,0,0,30,30,7404061,0,0,0,0,0,0,0,0,0
201911,55,131,2,3,Washington County             ,34,34,9781733,0,0,0,0,0,0,0,0,0,29,29,7941307,0,0,0,0,0,0,0,0,0
201911,56,029,4,8,Park County                   ,14,14,3796329,0,0,0,0,0,0,0,0,0,14,14,3796329,0,0,0,0,0,0,0,0,0
201911,56,039,4,8,Teton County                  ,3,3,1226007,1,2,623319,0,0,0,0,0,0,2,2,700000,0,0,0,0,0,0,0,0,0
