Survey,FIPS,FIPS,Region,Division,County,,1-unit,,,2-units,,,3-4 units,,,5+ units,,,1-unit rep,,,2-units rep,,,3-4 units rep,,, 5+units rep
Date,State,County,Code,Code,Name,Bldgs,Units,Value,Bldgs,Units,Value,Bldgs,Units,Value,Bldgs,Units,Value,Bldgs,Units,Value,Bldgs,Units,Value,Bldgs,Units,Value,Bldgs,Units,Value
 
201905,01,001,3,6,Autauga County                ,11,11,3336008,0,0,0,0,0,0,0,0,0,11,11,3336008,0,0,0,0,0,0,0,0,0
201905,01,007,3,6,Bibb County                   ,1,1,255129,0,0,0,0,0,0,0,0,0,0,0,0,0,0,0,0,0,0,0,0,0
201905,01,009,3,6,Blount County                 ,5,5,693000,0,0,0,0,0,0,0,0,0,5,5,693000,0,0,0,0,0,0,0,0,0
201905,01,021,3,6,Chilton County                ,2,2,414429,0,0,0,0,0,0,0,0,0,1,1,250000,0,0,0,0,0,0,0,0,0
201905,01,073,3,6,Jefferson County              ,134,134,37372130,0,0,0,0,0,0,0,0,0,62,62,20108967,0,0,0,0,0,0,0,0,0
201905,01,081,3,6,Lee County                    ,71,71,20427113,0,0,0,0,0,0,1,6,384526,71,71,20427113,0,0,0,0,0,0,1,6,384526
201905,01,083,3,6,Limestone County              ,20,20,4728138,0,0,0,0,0,0,0,0,0,20,20,4728138,0,0,0,0,0,0,0,0,0
201905,01,089,3,6,Madison County                ,260,260,33417950,0,0,0,15,60,1050000,0,0,0,260,260,33417950,0,0,0,15,60,1050000,0,0,0
201905,01,113,3,6,Russell County                ,16,16,2548085,0,0,0,0,0,0,0,0,0,16,16,2548085,0,0,0,0,0,0,0,0,0
201905,01,115,3,6,St. Clair County              ,11,11,2225906,0,0,0,0,0,0,0,0,0,4,4,756000,0,0,0,0,0,0,0,0,0
201905,01,117,3,6,Shelby County                 ,98,98,24130737,0,0,0,0,0,0,0,0,0,35,35,8959431,0,0,0,0,0,0,0,0,0
201905,01,127,3,6,Walker County                 ,1,1,185000,0,0,0,0,0,0,0,0,0,1,1,185000,0,0,0,0,0,0,0,0,0
201905,02,013,4,9,Aleutians East Borough        ,0,0,0,0,0,0,0,0,0,0,0,0,0,0,0,0,0,0,0,0,0,0,0,0
201905,02,016,4,9,Aleutians West Census Area    ,0,0,0,0,0,0,0,0,0,0,0,0,0,0,0,0,0,0,0,0,0,0,0,0
201905,02,020,4,9,Anchorage Municipality        ,77,77,24120224,0,0,0,1,4,694913,2,17,2687625,0,0,0,0,0,0,0,0,0,0,0,0
201905,02,050,4,9,Bethel Census Area            ,2,2,570356,0,0,0,0,0,0,0,0,0,2,2,570356,0,0,0,0,0,0,0,0,0
201905,02,060,4,9,Bristol Bay Borough           ,1,1,75000,0,0,0,0,0,0,0,0,0,1,1,75000,0,0,0,0,0,0,0,0,0
201905,02,070,4,9,Dillingham Census Area        ,0,0,0,0,0,0,0,0,0,0,0,0,0,0,0,0,0,0,0,0,0,0,0,0
201905,02,090,4,9,Fairbanks North Star Borough  ,0,0,0,0,0,0,0,0,0,0,0,0,0,0,0,0,0,0,0,0,0,0,0,0
201905,02,100,4,9,Haines Borough                ,1,1,278425,0,0,0,0,0,0,0,0,0,0,0,0,0,0,0,0,0,0,0,0,0
201905,02,105,4,9,Hoonah-Angoon Census Area     ,0,0,0,0,0,0,0,0,0,0,0,0,0,0,0,0,0,0,0,0,0,0,0,0
201905,02,110,4,9,Juneau City and Borough       ,3,3,704407,0,0,0,1,4,456905,0,0,0,3,3,704407,0,0,0,1,4,456905,0,0,0
201905,02,122,4,9,Kenai Peninsula Borough       ,9,9,1934962,1,2,500000,0,0,0,0,0,0,6,6,1283000,1,2,500000,0,0,0,0,0,0
201905,02,130,4,9,Ketchikan Gateway Borough     ,2,2,570356,0,0,0,0,0,0,0,0,0,2,2,570356,0,0,0,0,0,0,0,0,0
201905,02,150,4,9,Kodiak Island Borough         ,0,0,0,0,0,0,0,0,0,0,0,0,0,0,0,0,0,0,0,0,0,0,0,0
201905,02,158,4,9,Kusilvak Census Area          ,0,0,0,0,0,0,0,0,0,0,0,0,0,0,0,0,0,0,0,0,0,0,0,0
201905,02,170,4,9,Matanuska-Susitna Borough     ,8,8,2248527,0,0,0,0,0,0,2,52,6450000,7,7,1996247,0,0,0,0,0,0,2,52,6450000
201905,02,180,4,9,Nome Census Area              ,0,0,0,0,0,0,0,0,0,0,0,0,0,0,0,0,0,0,0,0,0,0,0,0
201905,02,185,4,9,North Slope Borough           ,0,0,0,0,0,0,0,0,0,0,0,0,0,0,0,0,0,0,0,0,0,0,0,0
201905,02,188,4,9,Northwest Arctic Borough      ,1,1,460000,0,0,0,0,0,0,0,0,0,0,0,0,0,0,0,0,0,0,0,0,0
201905,02,195,4,9,Petersburg Borough            ,1,1,155636,0,0,0,0,0,0,0,0,0,0,0,0,0,0,0,0,0,0,0,0,0
201905,02,198,4,9,Prince of Wales-Hyder Census A,0,0,0,0,0,0,0,0,0,0,0,0,0,0,0,0,0,0,0,0,0,0,0,0
201905,02,220,4,9,Sitka City and Borough        ,1,1,213914,0,0,0,0,0,0,0,0,0,0,0,0,0,0,0,0,0,0,0,0,0
201905,02,230,4,9,Skagway Municipality          ,1,1,149670,1,2,258333,0,0,0,0,0,0,0,0,0,0,0,0,0,0,0,0,0,0
201905,02,261,4,9,Valdez-Cordova Census Area    ,4,4,681000,0,0,0,0,0,0,0,0,0,4,4,681000,0,0,0,0,0,0,0,0,0
201905,02,275,4,9,Wrangell City and Borough     ,0,0,0,0,0,0,0,0,0,0,0,0,0,0,0,0,0,0,0,0,0,0,0,0
201905,02,282,4,9,Yakutat City and Borough      ,0,0,0,0,0,0,0,0,0,0,0,0,0,0,0,0,0,0,0,0,0,0,0,0
201905,02,290,4,9,Yukon-Koyukuk Census Area     ,0,0,0,0,0,0,0,0,0,0,0,0,0,0,0,0,0,0,0,0,0,0,0,0
201905,04,013,4,8,Maricopa County               ,1838,1838,519219770,13,26,5136635,5,15,3426782,26,1171,145331915,1588,1588,444990772,12,24,4850161,5,15,3426782,20,1037,125105200
201905,04,019,4,8,Pima County                   ,279,279,76324906,2,4,477640,0,0,0,11,125,17723828,134,134,36075913,0,0,0,0,0,0,0,0,0
201905,04,021,4,8,Pinal County                  ,333,333,69617547,7,14,823697,0,0,0,0,0,0,300,300,60098377,7,14,823697,0,0,0,0,0,0
201905,05,013,3,7,Calhoun County                ,0,0,0,0,0,0,0,0,0,0,0,0,0,0,0,0,0,0,0,0,0,0,0,0
201905,05,035,3,7,Crittenden County             ,6,6,1506400,0,0,0,0,0,0,0,0,0,6,6,1506400,0,0,0,0,0,0,0,0,0
201905,05,043,3,7,Drew County                   ,0,0,0,0,0,0,1,4,200000,0,0,0,0,0,0,0,0,0,1,4,200000,0,0,0
201905,05,045,3,7,Faulkner County               ,25,25,5395596,0,0,0,0,0,0,1,11,290593,4,4,520000,0,0,0,0,0,0,0,0,0
201905,05,053,3,7,Grant County                  ,2,2,301111,0,0,0,0,0,0,0,0,0,0,0,0,0,0,0,0,0,0,0,0,0
201905,05,085,3,7,Lonoke County                 ,30,30,3510736,0,0,0,0,0,0,0,0,0,7,7,1548441,0,0,0,0,0,0,0,0,0
201905,05,087,3,7,Madison County                ,3,3,809500,0,0,0,0,0,0,0,0,0,3,3,809500,0,0,0,0,0,0,0,0,0
201905,05,091,3,7,Miller County                 ,3,3,685280,0,0,0,0,0,0,0,0,0,0,0,0,0,0,0,0,0,0,0,0,0
201905,05,105,3,7,Perry County                  ,1,1,242571,0,0,0,0,0,0,0,0,0,0,0,0,0,0,0,0,0,0,0,0,0
201905,05,119,3,7,Pulaski County                ,77,77,19042890,0,0,0,0,0,0,1,64,5000000,77,77,19042890,0,0,0,0,0,0,1,64,5000000
201905,05,129,3,7,Searcy County                 ,0,0,0,0,0,0,0,0,0,0,0,0,0,0,0,0,0,0,0,0,0,0,0,0
201905,05,143,3,7,Washington County             ,169,169,44745071,3,6,1061184,1,3,180933,3,35,3337480,151,151,42386577,2,4,907796,0,0,0,3,35,3337480
201905,06,001,4,9,Alameda County                ,162,162,52783171,0,0,0,4,15,3102004,9,166,28582417,130,130,43558931,0,0,0,4,15,3102004,4,121,20590040
201905,06,013,4,9,Contra Costa County           ,152,152,58014154,1,2,20488,0,0,0,9,201,35361111,136,136,53371524,1,2,20488,0,0,0,8,194,33950000
201905,06,017,4,9,El Dorado County              ,60,60,20518105,0,0,0,0,0,0,0,0,0,60,60,20518105,0,0,0,0,0,0,0,0,0
201905,06,019,4,9,Fresno County                 ,237,237,72705358,1,2,248658,0,0,0,0,0,0,227,227,71025825,0,0,0,0,0,0,0,0,0
201905,06,037,4,9,Los Angeles County            ,588,588,213116811,63,126,20468945,3,10,1203782,51,1364,262608970,476,476,155357562,62,124,19744945,1,4,379430,41,1259,242484772
201905,06,041,4,9,Marin County                  ,15,15,7289796,0,0,0,0,0,0,0,0,0,13,13,5688430,0,0,0,0,0,0,0,0,0
201905,06,059,4,9,Orange County                 ,303,303,105295902,12,24,5552829,0,0,0,10,169,30643234,265,265,85308586,10,20,4219472,0,0,0,9,147,24820590
201905,06,061,4,9,Placer County                 ,199,199,70331929,0,0,0,0,0,0,0,0,0,199,199,70331929,0,0,0,0,0,0,0,0,0
201905,06,063,4,9,Plumas County                 ,4,4,661296,0,0,0,0,0,0,0,0,0,4,4,661296,0,0,0,0,0,0,0,0,0
201905,06,067,4,9,Sacramento County             ,378,378,100284128,5,10,1080610,0,0,0,3,24,4152392,376,376,99806084,5,10,1080610,0,0,0,3,24,4152392
201905,06,069,4,9,San Benito County             ,56,56,13744399,0,0,0,0,0,0,0,0,0,0,0,0,0,0,0,0,0,0,0,0,0
201905,06,071,4,9,San Bernardino County         ,452,452,129144063,0,0,0,0,0,0,12,300,34196344,370,370,110139552,0,0,0,0,0,0,10,257,31762436
201905,06,073,4,9,San Diego County              ,244,244,83070883,3,6,986757,0,0,0,15,1074,164640002,236,236,78171232,2,4,725471,0,0,0,14,1068,163858903
201905,06,075,4,9,San Francisco County          ,1,1,269793,0,0,0,1,4,617151,1,141,42000000,1,1,269793,0,0,0,1,4,617151,1,141,42000000
201905,06,081,4,9,San Mateo County              ,35,35,26698268,0,0,0,0,0,0,3,148,48590940,21,21,16432698,0,0,0,0,0,0,1,138,45750000
201905,06,085,4,9,Santa Clara County            ,142,142,58126926,0,0,0,1,4,1236670,9,294,45080131,119,119,51661923,0,0,0,0,0,0,5,40,7380936
201905,06,091,4,9,Sierra County                 ,1,1,773733,0,0,0,0,0,0,0,0,0,1,1,773733,0,0,0,0,0,0,0,0,0
201905,06,113,4,9,Yolo County                   ,52,52,15855013,2,4,844000,0,0,0,0,0,0,52,52,15855013,2,4,844000,0,0,0,0,0,0
201905,08,001,4,8,Adams County                  ,233,233,62612975,0,0,0,0,0,0,0,0,0,233,233,62612975,0,0,0,0,0,0,0,0,0
201905,08,005,4,8,Arapahoe County               ,172,172,47036669,0,0,0,1,3,616790,4,89,11988610,167,167,44837758,0,0,0,1,3,616790,4,89,11988610
201905,08,014,4,8,Broomfield County             ,31,31,11497064,0,0,0,0,0,0,0,0,0,31,31,11497064,0,0,0,0,0,0,0,0,0
201905,08,015,4,8,Chaffee County                ,13,13,3444276,0,0,0,1,3,549700,0,0,0,0,0,0,0,0,0,0,0,0,0,0,0
201905,08,019,4,8,Clear Creek County            ,2,2,505954,0,0,0,0,0,0,0,0,0,0,0,0,0,0,0,0,0,0,0,0,0
201905,08,031,4,8,Denver County                 ,268,268,72304440,0,0,0,0,0,0,3,341,48071700,268,268,72304440,0,0,0,0,0,0,3,341,48071700
201905,08,035,4,8,Douglas County                ,295,295,83812865,0,0,0,1,3,543547,0,0,0,289,289,81767624,0,0,0,1,3,543547,0,0,0
201905,08,039,4,8,Elbert County                 ,11,11,2992733,0,0,0,0,0,0,0,0,0,11,11,2992733,0,0,0,0,0,0,0,0,0
201905,08,041,4,8,El Paso County                ,433,433,162367298,1,2,662396,1,4,425000,14,299,39507111,433,433,162367298,1,2,662396,1,4,425000,14,299,39507111
201905,08,047,4,8,Gilpin County                 ,2,2,539585,0,0,0,0,0,0,0,0,0,2,2,539585,0,0,0,0,0,0,0,0,0
201905,08,059,4,8,Jefferson County              ,53,53,17232246,0,0,0,0,0,0,0,0,0,52,52,16976646,0,0,0,0,0,0,0,0,0
201905,08,069,4,8,Larimer County                ,133,133,38503293,0,0,0,0,0,0,2,24,3686960,106,106,31076630,0,0,0,0,0,0,1,6,1340027
201905,08,077,4,8,Mesa County                   ,71,71,12121989,0,0,0,0,0,0,1,60,4413813,71,71,12121989,0,0,0,0,0,0,1,60,4413813
201905,08,093,4,8,Park County                   ,14,14,3553929,0,0,0,0,0,0,0,0,0,14,14,3553929,0,0,0,0,0,0,0,0,0
201905,08,101,4,8,Pueblo County                 ,42,42,6838707,0,0,0,0,0,0,0,0,0,42,42,6838707,0,0,0,0,0,0,0,0,0
201905,08,119,4,8,Teller County                 ,18,18,6038628,0,0,0,0,0,0,0,0,0,18,18,6038628,0,0,0,0,0,0,0,0,0
201905,09,001,1,1,Fairfield County              ,56,56,34713338,1,2,121200,0,0,0,3,35,6061166,31,31,11071285,0,0,0,0,0,0,2,29,2394499
201905,09,003,1,1,Hartford County               ,45,45,9775685,0,0,0,0,0,0,2,10,369772,27,27,6268845,0,0,0,0,0,0,0,0,0
201905,09,007,1,1,Middlesex County              ,11,11,2661633,0,0,0,0,0,0,1,5,446138,4,4,716000,0,0,0,0,0,0,0,0,0
201905,09,013,1,1,Tolland County                ,16,16,3016587,1,2,194000,0,0,0,2,12,1145971,11,11,1937495,0,0,0,0,0,0,0,0,0
201905,10,001,3,5,Kent County                   ,100,100,14337465,1,2,211733,0,0,0,1,5,487486,98,98,13904638,1,2,211733,0,0,0,0,0,0
201905,10,003,3,5,New Castle County             ,131,131,11787064,0,0,0,0,0,0,2,16,1504813,18,18,1588659,0,0,0,0,0,0,0,0,0
201905,10,005,3,5,Sussex County                 ,300,300,43552830,4,8,624067,0,0,0,4,24,2775372,300,300,43552830,4,8,624067,0,0,0,4,24,2775372
201905,11,001,3,5,Washington  DC                ,8,8,1891255,2,4,485966,0,0,0,3,686,75039621,8,8,1891255,2,4,485966,0,0,0,3,686,75039621
201905,12,003,3,5,Baker County                  ,15,15,2471096,0,0,0,0,0,0,0,0,0,15,15,2471096,0,0,0,0,0,0,0,0,0
201905,12,019,3,5,Clay County                   ,70,70,13334954,0,0,0,0,0,0,0,0,0,70,70,13334954,0,0,0,0,0,0,0,0,0
201905,12,029,3,5,Dixie County                  ,4,4,505294,0,0,0,0,0,0,0,0,0,0,0,0,0,0,0,0,0,0,0,0,0
201905,12,031,3,5,Duval County                  ,460,460,112224388,0,0,0,0,0,0,15,441,48239757,439,439,104546225,0,0,0,0,0,0,15,441,48239757
201905,12,033,3,5,Escambia County               ,125,125,29550863,3,6,540966,2,6,460000,0,0,0,125,125,29550863,3,6,540966,2,6,460000,0,0,0
201905,12,053,3,5,Hernando County               ,80,80,14655550,0,0,0,0,0,0,0,0,0,80,80,14655550,0,0,0,0,0,0,0,0,0
201905,12,057,3,5,Hillsborough County           ,845,845,290699280,1,2,200000,0,0,0,1,24,1800000,845,845,290699280,1,2,200000,0,0,0,1,24,1800000
201905,12,067,3,5,Lafayette County              ,1,1,171429,0,0,0,0,0,0,0,0,0,0,0,0,0,0,0,0,0,0,0,0,0
201905,12,071,3,5,Lee County                    ,415,415,98534205,35,70,11029545,2,8,1250025,10,231,20074518,415,415,98534205,35,70,11029545,2,8,1250025,10,231,20074518
201905,12,073,3,5,Leon County                   ,60,60,12039473,0,0,0,0,0,0,4,133,17570765,0,0,0,0,0,0,0,0,0,0,0,0
201905,12,081,3,5,Manatee County                ,286,286,57335613,0,0,0,1,4,479020,2,41,4146459,269,269,54482535,0,0,0,1,4,479020,1,8,735200
201905,12,086,3,5,Miami-Dade County             ,236,236,53228470,12,24,3939156,1,4,313479,16,464,53716564,202,202,42970654,12,24,3939156,1,4,313479,12,296,31141772
201905,12,089,3,5,Nassau County                 ,118,118,36250129,0,0,0,4,16,1771315,1,9,996365,101,101,31847755,0,0,0,4,16,1771315,1,9,996365
201905,12,091,3,5,Okaloosa County               ,88,88,26818485,0,0,0,0,0,0,0,0,0,67,67,22586761,0,0,0,0,0,0,0,0,0
201905,12,095,3,5,Orange County                 ,362,362,104039314,0,0,0,0,0,0,0,0,0,325,325,92979029,0,0,0,0,0,0,0,0,0
201905,12,097,3,5,Osceola County                ,476,476,125163417,0,0,0,6,24,3120254,0,0,0,476,476,125163417,0,0,0,6,24,3120254,0,0,0
201905,12,101,3,5,Pasco County                  ,312,312,62122385,6,12,1419259,3,12,674997,1,6,203928,309,309,61689474,5,10,1139259,3,12,674997,1,6,203928
201905,12,103,3,5,Pinellas County               ,87,87,25977915,0,0,0,0,0,0,3,296,29199921,75,75,21536189,0,0,0,0,0,0,3,296,29199921
201905,12,109,3,5,St. Johns County              ,364,364,88485946,0,0,0,1,4,764000,3,24,4146862,364,364,88485946,0,0,0,1,4,764000,3,24,4146862
201905,12,113,3,5,Santa Rosa County             ,157,157,25667207,0,0,0,0,0,0,0,0,0,157,157,25667207,0,0,0,0,0,0,0,0,0
201905,12,115,3,5,Sarasota County               ,349,349,102249497,2,4,1187725,0,0,0,2,12,2413079,349,349,102249497,2,4,1187725,0,0,0,2,12,2413079
201905,12,117,3,5,Seminole County               ,113,113,37863674,0,0,0,0,0,0,2,53,4113152,105,105,35242787,0,0,0,0,0,0,0,0,0
201905,12,119,3,5,Sumter County                 ,202,202,59220052,0,0,0,0,0,0,0,0,0,202,202,59220052,0,0,0,0,0,0,0,0,0
201905,12,129,3,5,Wakulla County                ,22,22,4639000,0,0,0,0,0,0,0,0,0,22,22,4639000,0,0,0,0,0,0,0,0,0
201905,12,131,3,5,Walton County                 ,102,102,40260612,0,0,0,0,0,0,0,0,0,102,102,40260612,0,0,0,0,0,0,0,0,0
201905,12,133,3,5,Washington County             ,4,4,554952,0,0,0,0,0,0,0,0,0,0,0,0,0,0,0,0,0,0,0,0,0
201905,13,007,3,5,Baker County                  ,0,0,0,0,0,0,0,0,0,0,0,0,0,0,0,0,0,0,0,0,0,0,0,0
201905,13,013,3,5,Barrow County                 ,84,84,10255261,0,0,0,0,0,0,1,15,1072643,60,60,7530665,0,0,0,0,0,0,0,0,0
201905,13,015,3,5,Bartow County                 ,54,54,8149393,0,0,0,0,0,0,0,0,0,43,43,5725871,0,0,0,0,0,0,0,0,0
201905,13,021,3,5,Bibb County                   ,20,20,4462018,0,0,0,0,0,0,0,0,0,20,20,4462018,0,0,0,0,0,0,0,0,0
201905,13,029,3,5,Bryan County                  ,68,68,16375655,0,0,0,0,0,0,0,0,0,68,68,16375655,0,0,0,0,0,0,0,0,0
201905,13,033,3,5,Burke County                  ,4,4,808500,0,0,0,0,0,0,0,0,0,4,4,808500,0,0,0,0,0,0,0,0,0
201905,13,035,3,5,Butts County                  ,5,5,2848400,0,0,0,0,0,0,0,0,0,5,5,2848400,0,0,0,0,0,0,0,0,0
201905,13,045,3,5,Carroll County                ,82,82,17409691,0,0,0,0,0,0,0,0,0,82,82,17409691,0,0,0,0,0,0,0,0,0
201905,13,051,3,5,Chatham County                ,81,81,20602737,0,0,0,0,0,0,0,0,0,80,80,20319677,0,0,0,0,0,0,0,0,0
201905,13,057,3,5,Cherokee County               ,192,192,61272228,0,0,0,0,0,0,0,0,0,192,192,61272228,0,0,0,0,0,0,0,0,0
201905,13,059,3,5,Clarke County                 ,19,19,3685111,0,0,0,0,0,0,0,0,0,19,19,3685111,0,0,0,0,0,0,0,0,0
201905,13,063,3,5,Clayton County                ,52,52,11010837,0,0,0,0,0,0,0,0,0,51,51,10911707,0,0,0,0,0,0,0,0,0
201905,13,067,3,5,Cobb County                   ,161,161,43896661,1,2,531246,1,4,1085417,10,193,20117873,145,145,40891960,1,2,531246,1,4,1085417,10,193,20117873
201905,13,073,3,5,Columbia County               ,126,126,22506678,0,0,0,2,6,552400,0,0,0,16,16,2370092,0,0,0,2,6,552400,0,0,0
201905,13,077,3,5,Coweta County                 ,88,88,29392965,0,0,0,0,0,0,0,0,0,54,54,19971867,0,0,0,0,0,0,0,0,0
201905,13,085,3,5,Dawson County                 ,32,32,7403876,0,0,0,0,0,0,0,0,0,14,14,2439761,0,0,0,0,0,0,0,0,0
201905,13,095,3,5,Dougherty County              ,0,0,0,0,0,0,4,15,9006000,0,0,0,0,0,0,0,0,0,4,15,9006000,0,0,0
201905,13,097,3,5,Douglas County                ,26,26,3899033,0,0,0,0,0,0,0,0,0,26,26,3899033,0,0,0,0,0,0,0,0,0
201905,13,111,3,5,Fannin County                 ,34,34,6636086,0,0,0,0,0,0,0,0,0,34,34,6636086,0,0,0,0,0,0,0,0,0
201905,13,113,3,5,Fayette County                ,50,50,12708323,0,0,0,0,0,0,0,0,0,17,17,4256600,0,0,0,0,0,0,0,0,0
201905,13,115,3,5,Floyd County                  ,52,52,8660000,0,0,0,0,0,0,0,0,0,52,52,8660000,0,0,0,0,0,0,0,0,0
201905,13,117,3,5,Forsyth County                ,167,167,29022552,0,0,0,0,0,0,0,0,0,167,167,29022552,0,0,0,0,0,0,0,0,0
201905,13,121,3,5,Fulton County                 ,235,235,60847015,0,0,0,0,0,0,2,20,2187744,229,229,60216213,0,0,0,0,0,0,2,20,2187744
201905,13,127,3,5,Glynn County                  ,54,54,15778846,0,0,0,0,0,0,0,0,0,0,0,0,0,0,0,0,0,0,0,0,0
201905,13,135,3,5,Gwinnett County               ,442,442,105167174,0,0,0,0,0,0,0,0,0,440,440,104541400,0,0,0,0,0,0,0,0,0
201905,13,143,3,5,Haralson County               ,5,5,1144203,0,0,0,0,0,0,0,0,0,0,0,0,0,0,0,0,0,0,0,0,0
201905,13,145,3,5,Harris County                 ,17,17,4772505,0,0,0,0,0,0,0,0,0,17,17,4772505,0,0,0,0,0,0,0,0,0
201905,13,149,3,5,Heard County                  ,1,1,236407,0,0,0,0,0,0,0,0,0,1,1,236407,0,0,0,0,0,0,0,0,0
201905,13,151,3,5,Henry County                  ,150,150,27025418,0,0,0,0,0,0,0,0,0,109,109,21620822,0,0,0,0,0,0,0,0,0
201905,13,159,3,5,Jasper County                 ,7,7,937818,0,0,0,0,0,0,0,0,0,0,0,0,0,0,0,0,0,0,0,0,0
201905,13,171,3,5,Lamar County                  ,12,12,1314830,0,0,0,0,0,0,0,0,0,12,12,1314830,0,0,0,0,0,0,0,0,0
201905,13,177,3,5,Lee County                    ,9,9,967840,0,0,0,0,0,0,0,0,0,9,9,967840,0,0,0,0,0,0,0,0,0
201905,13,179,3,5,Liberty County                ,33,33,7628060,0,0,0,0,0,0,0,0,0,33,33,7628060,0,0,0,0,0,0,0,0,0
201905,13,189,3,5,McDuffie County               ,3,3,552400,0,0,0,0,0,0,0,0,0,0,0,0,0,0,0,0,0,0,0,0,0
201905,13,199,3,5,Meriwether County             ,15,15,3043909,0,0,0,0,0,0,0,0,0,15,15,3043909,0,0,0,0,0,0,0,0,0
201905,13,201,3,5,Miller County                 ,2,2,178800,0,0,0,0,0,0,0,0,0,2,2,178800,0,0,0,0,0,0,0,0,0
201905,13,207,3,5,Monroe County                 ,13,13,2930341,0,0,0,0,0,0,0,0,0,0,0,0,0,0,0,0,0,0,0,0,0
201905,13,215,3,5,Muscogee County               ,31,31,6053725,0,0,0,0,0,0,1,16,2803322,0,0,0,0,0,0,0,0,0,0,0,0
201905,13,217,3,5,Newton County                 ,67,67,13187906,0,0,0,0,0,0,0,0,0,67,67,13187906,0,0,0,0,0,0,0,0,0
201905,13,227,3,5,Pickens County                ,10,10,3140598,0,0,0,0,0,0,0,0,0,10,10,3140598,0,0,0,0,0,0,0,0,0
201905,13,231,3,5,Pike County                   ,8,8,1569412,0,0,0,0,0,0,0,0,0,0,0,0,0,0,0,0,0,0,0,0,0
201905,13,235,3,5,Pulaski County                ,0,0,0,0,0,0,0,0,0,0,0,0,0,0,0,0,0,0,0,0,0,0,0,0
201905,13,245,3,5,Richmond County               ,38,38,6245005,0,0,0,0,0,0,1,29,1665740,0,0,0,0,0,0,0,0,0,0,0,0
201905,13,247,3,5,Rockdale County               ,22,22,3626788,0,0,0,0,0,0,0,0,0,22,22,3626788,0,0,0,0,0,0,0,0,0
201905,13,255,3,5,Spalding County               ,33,33,4945967,0,0,0,0,0,0,0,0,0,33,33,4945967,0,0,0,0,0,0,0,0,0
201905,13,275,3,5,Thomas County                 ,8,8,1804036,0,0,0,0,0,0,0,0,0,5,5,1247438,0,0,0,0,0,0,0,0,0
201905,13,291,3,5,Union County                  ,15,15,4424659,0,0,0,0,0,0,0,0,0,15,15,4424659,0,0,0,0,0,0,0,0,0
201905,15,001,4,9,Hawaii County                 ,80,80,26088578,1,2,222064,0,0,0,1,7,897750,0,0,0,0,0,0,0,0,0,0,0,0
201905,15,003,4,9,Honolulu County               ,88,88,31461236,0,0,0,0,0,0,11,510,81685366,88,88,31461236,0,0,0,0,0,0,11,510,81685366
201905,15,007,4,9,Kauai County                  ,16,16,12803806,0,0,0,0,0,0,0,0,0,16,16,12803806,0,0,0,0,0,0,0,0,0
201905,15,009,4,9,Maui County                   ,76,76,21673542,1,2,701465,0,0,0,17,85,28225000,76,76,21673542,1,2,701465,0,0,0,17,85,28225000
201905,16,001,4,8,Ada County                    ,374,374,97105267,0,0,0,3,12,1119148,9,124,13391866,170,170,46150207,0,0,0,1,4,460580,2,54,6945340
201905,16,015,4,8,Boise County                  ,9,9,2602918,0,0,0,0,0,0,0,0,0,9,9,2602918,0,0,0,0,0,0,0,0,0
201905,16,027,4,8,Canyon County                 ,248,248,36149292,9,18,1113805,6,24,1604880,4,90,8177692,248,248,36149292,9,18,1113805,6,24,1604880,4,90,8177692
201905,16,045,4,8,Gem County                    ,13,13,2084833,0,0,0,0,0,0,0,0,0,13,13,2084833,0,0,0,0,0,0,0,0,0
201905,16,073,4,8,Owyhee County                 ,6,6,1132810,0,0,0,0,0,0,0,0,0,3,3,554320,0,0,0,0,0,0,0,0,0
201905,17,005,2,3,Bond County                   ,2,2,251208,0,0,0,0,0,0,0,0,0,0,0,0,0,0,0,0,0,0,0,0,0
201905,17,013,2,3,Calhoun County                ,1,1,82000,0,0,0,0,0,0,0,0,0,1,1,82000,0,0,0,0,0,0,0,0,0
201905,17,031,2,3,Cook County                   ,119,119,42584491,5,10,1835000,21,69,13757400,21,853,65736532,75,75,28064452,4,8,1305000,21,69,13757400,19,808,59888750
201905,17,037,2,3,DeKalb County                 ,8,8,1645000,0,0,0,0,0,0,0,0,0,8,8,1645000,0,0,0,0,0,0,0,0,0
201905,17,039,2,3,De Witt County                ,3,3,730000,0,0,0,0,0,0,0,0,0,3,3,730000,0,0,0,0,0,0,0,0,0
201905,17,043,2,3,DuPage County                 ,75,75,30247216,1,2,231619,3,10,2363506,1,19,450674,64,64,25742307,0,0,0,3,10,2363506,0,0,0
201905,17,063,2,3,Grundy County                 ,10,10,2349841,0,0,0,0,0,0,2,10,512820,6,6,1297863,0,0,0,0,0,0,0,0,0
201905,17,083,2,3,Jersey County                 ,3,3,542403,0,0,0,0,0,0,0,0,0,2,2,386794,0,0,0,0,0,0,0,0,0
201905,17,093,2,3,Kendall County                ,29,29,4743014,0,0,0,0,0,0,1,5,324254,25,25,3835131,0,0,0,0,0,0,1,5,324254
201905,17,097,2,3,Lake County                   ,54,54,18668564,0,0,0,0,0,0,1,5,2172673,37,37,11361506,0,0,0,0,0,0,0,0,0
201905,17,111,2,3,McHenry County                ,45,45,7294288,0,0,0,0,0,0,0,0,0,35,35,5074053,0,0,0,0,0,0,0,0,0
201905,17,119,2,3,Madison County                ,39,39,9985184,0,0,0,0,0,0,0,0,0,36,36,9492534,0,0,0,0,0,0,0,0,0
201905,17,133,2,3,Monroe County                 ,11,11,2855929,0,0,0,0,0,0,0,0,0,11,11,2855929,0,0,0,0,0,0,0,0,0
201905,17,197,2,3,Will County                   ,127,127,31937498,3,6,1197600,2,7,1043000,2,40,4000000,110,110,28293494,3,6,1197600,1,4,533000,2,40,4000000
201905,18,003,2,3,Allen County                  ,114,114,29470505,4,8,160000,0,0,0,1,8,450000,114,114,29470505,4,8,160000,0,0,0,1,8,450000
201905,18,011,2,3,Boone County                  ,74,74,19192027,0,0,0,0,0,0,0,0,0,70,70,18554812,0,0,0,0,0,0,0,0,0
201905,18,013,2,3,Brown County                  ,3,3,775540,0,0,0,0,0,0,0,0,0,3,3,775540,0,0,0,0,0,0,0,0,0
201905,18,019,2,3,Clark County                  ,53,53,11258249,0,0,0,1,3,443862,0,0,0,44,44,9269166,0,0,0,1,3,443862,0,0,0
201905,18,047,2,3,Franklin County               ,2,2,446000,0,0,0,0,0,0,0,0,0,2,2,446000,0,0,0,0,0,0,0,0,0
201905,18,057,2,3,Hamilton County               ,227,227,70022169,0,0,0,0,0,0,1,5,1000000,227,227,70022169,0,0,0,0,0,0,1,5,1000000
201905,18,059,2,3,Hancock County                ,67,67,16182563,0,0,0,0,0,0,0,0,0,67,67,16182563,0,0,0,0,0,0,0,0,0
201905,18,061,2,3,Harrison County               ,11,11,2541500,0,0,0,0,0,0,0,0,0,11,11,2541500,0,0,0,0,0,0,0,0,0
201905,18,063,2,3,Hendricks County              ,85,85,18689465,5,10,680000,0,0,0,1,27,1870205,24,24,7013904,4,8,480000,0,0,0,0,0,0
201905,18,069,2,3,Huntington County             ,5,5,1530648,0,0,0,0,0,0,0,0,0,5,5,1530648,0,0,0,0,0,0,0,0,0
201905,18,073,2,3,Jasper County                 ,9,9,2775986,0,0,0,0,0,0,0,0,0,4,4,1594450,0,0,0,0,0,0,0,0,0
201905,18,081,2,3,Johnson County                ,93,93,25836266,0,0,0,0,0,0,0,0,0,90,90,25489559,0,0,0,0,0,0,0,0,0
201905,18,087,2,3,Lagrange County               ,18,18,3036000,0,0,0,0,0,0,0,0,0,18,18,3036000,0,0,0,0,0,0,0,0,0
201905,18,089,2,3,Lake County                   ,96,96,25444375,5,10,1164400,0,0,0,0,0,0,85,85,22709505,5,10,1164400,0,0,0,0,0,0
201905,18,097,2,3,Marion County                 ,133,133,34352966,0,0,0,0,0,0,0,0,0,126,126,32572664,0,0,0,0,0,0,0,0,0
201905,18,105,2,3,Monroe County                 ,11,11,2843645,0,0,0,0,0,0,0,0,0,11,11,2843645,0,0,0,0,0,0,0,0,0
201905,18,109,2,3,Morgan County                 ,20,20,4718842,0,0,0,0,0,0,0,0,0,18,18,4203261,0,0,0,0,0,0,0,0,0
201905,18,111,2,3,Newton County                 ,2,2,405672,0,0,0,0,0,0,0,0,0,0,0,0,0,0,0,0,0,0,0,0,0
201905,18,115,2,3,Ohio County                   ,2,2,173500,0,0,0,0,0,0,0,0,0,2,2,173500,0,0,0,0,0,0,0,0,0
201905,18,119,2,3,Owen County                   ,1,1,258513,0,0,0,0,0,0,0,0,0,1,1,258513,0,0,0,0,0,0,0,0,0
201905,18,127,2,3,Porter County                 ,49,49,14109136,0,0,0,0,0,0,0,0,0,40,40,12802888,0,0,0,0,0,0,0,0,0
201905,18,133,2,3,Putnam County                 ,11,11,2509592,0,0,0,0,0,0,0,0,0,11,11,2509592,0,0,0,0,0,0,0,0,0
201905,18,145,2,3,Shelby County                 ,5,5,1046352,0,0,0,0,0,0,0,0,0,5,5,1046352,0,0,0,0,0,0,0,0,0
201905,18,151,2,3,Steuben County                ,20,20,5787269,0,0,0,0,0,0,0,0,0,20,20,5787269,0,0,0,0,0,0,0,0,0
201905,18,157,2,3,Tippecanoe County             ,41,41,9949742,0,0,0,0,0,0,2,16,1655562,0,0,0,0,0,0,0,0,0,0,0,0
201905,18,163,2,3,Vanderburgh County            ,34,34,11156926,0,0,0,0,0,0,0,0,0,34,34,11156926,0,0,0,0,0,0,0,0,0
201905,18,167,2,3,Vigo County                   ,1,1,800000,1,2,285000,0,0,0,0,0,0,1,1,800000,1,2,285000,0,0,0,0,0,0
201905,18,175,2,3,Washington County             ,5,5,1342408,0,0,0,0,0,0,0,0,0,0,0,0,0,0,0,0,0,0,0,0,0
201905,18,183,2,3,Whitley County                ,15,15,3798432,0,0,0,0,0,0,0,0,0,14,14,3619184,0,0,0,0,0,0,0,0,0
201905,19,049,2,4,Dallas County                 ,42,42,11367364,2,4,610894,0,0,0,0,0,0,42,42,11367364,2,4,610894,0,0,0,0,0,0
201905,19,085,2,4,Harrison County               ,5,5,1171667,0,0,0,0,0,0,0,0,0,4,4,1000000,0,0,0,0,0,0,0,0,0
201905,19,129,2,4,Mills County                  ,1,1,258513,0,0,0,0,0,0,0,0,0,1,1,258513,0,0,0,0,0,0,0,0,0
201905,19,153,2,4,Polk County                   ,259,259,69359225,1,2,433320,0,0,0,1,6,636750,249,249,66654923,1,2,433320,0,0,0,0,0,0
201905,19,181,2,4,Warren County                 ,48,48,10431388,0,0,0,0,0,0,0,0,0,41,41,8555850,0,0,0,0,0,0,0,0,0
201905,20,061,2,4,Geary County                  ,1,1,131208,0,0,0,0,0,0,0,0,0,0,0,0,0,0,0,0,0,0,0,0,0
201905,20,091,2,4,Johnson County                ,148,148,51087218,1,2,538288,4,15,2666418,8,272,43874418,88,88,29789727,1,2,538288,2,8,1607330,7,248,41846798
201905,20,103,2,4,Leavenworth County            ,29,29,6538697,0,0,0,0,0,0,0,0,0,29,29,6538697,0,0,0,0,0,0,0,0,0
201905,20,107,2,4,Linn County                   ,5,5,699500,0,0,0,0,0,0,0,0,0,4,4,607000,0,0,0,0,0,0,0,0,0
201905,20,121,2,4,Miami County                  ,9,9,2652860,0,0,0,0,0,0,0,0,0,3,3,835388,0,0,0,0,0,0,0,0,0
201905,20,209,2,4,Wyandotte County              ,27,27,4528359,1,2,197214,0,0,0,0,0,0,0,0,0,0,0,0,0,0,0,0,0,0
201905,21,005,3,6,Anderson County               ,8,8,1151879,0,0,0,1,4,215100,0,0,0,8,8,1151879,0,0,0,1,4,215100,0,0,0
201905,21,015,3,6,Boone County                  ,43,43,7742757,0,0,0,0,0,0,2,26,1681732,43,43,7742757,0,0,0,0,0,0,2,26,1681732
201905,21,017,3,6,Bourbon County                ,4,4,1255000,0,0,0,0,0,0,0,0,0,4,4,1255000,0,0,0,0,0,0,0,0,0
201905,21,021,3,6,Boyle County                  ,0,0,0,0,0,0,0,0,0,0,0,0,0,0,0,0,0,0,0,0,0,0,0,0
201905,21,029,3,6,Bullitt County                ,20,20,5584271,0,0,0,0,0,0,0,0,0,20,20,5584271,0,0,0,0,0,0,0,0,0
201905,21,035,3,6,Calloway County               ,0,0,0,0,0,0,1,4,202965,0,0,0,0,0,0,0,0,0,1,4,202965,0,0,0
201905,21,037,3,6,Campbell County               ,17,17,3705680,0,0,0,1,3,315750,1,5,409345,0,0,0,0,0,0,0,0,0,0,0,0
201905,21,045,3,6,Casey County                  ,0,0,0,0,0,0,0,0,0,0,0,0,0,0,0,0,0,0,0,0,0,0,0,0
201905,21,047,3,6,Christian County              ,9,9,1434600,1,2,155000,0,0,0,0,0,0,6,6,1221000,1,2,155000,0,0,0,0,0,0
201905,21,049,3,6,Clark County                  ,4,4,850205,0,0,0,0,0,0,1,5,346250,0,0,0,0,0,0,0,0,0,0,0,0
201905,21,067,3,6,Fayette County                ,74,74,11930367,0,0,0,0,0,0,2,69,5052221,0,0,0,0,0,0,0,0,0,0,0,0
201905,21,069,3,6,Fleming County                ,0,0,0,0,0,0,0,0,0,0,0,0,0,0,0,0,0,0,0,0,0,0,0,0
201905,21,077,3,6,Gallatin County               ,2,2,345043,0,0,0,0,0,0,0,0,0,0,0,0,0,0,0,0,0,0,0,0,0
201905,21,081,3,6,Grant County                  ,5,5,695000,0,0,0,0,0,0,0,0,0,5,5,695000,0,0,0,0,0,0,0,0,0
201905,21,091,3,6,Hancock County                ,0,0,0,0,0,0,0,0,0,0,0,0,0,0,0,0,0,0,0,0,0,0,0,0
201905,21,099,3,6,Hart County                   ,6,6,583500,0,0,0,0,0,0,1,5,567738,0,0,0,0,0,0,0,0,0,0,0,0
201905,21,101,3,6,Henderson County              ,3,3,879000,0,0,0,0,0,0,0,0,0,3,3,879000,0,0,0,0,0,0,0,0,0
201905,21,103,3,6,Henry County                  ,7,7,1340000,1,2,180000,0,0,0,0,0,0,7,7,1340000,1,2,180000,0,0,0,0,0,0
201905,21,111,3,6,Jefferson County              ,124,124,32641440,1,2,249511,1,3,333482,8,234,17156695,1,1,110000,0,0,0,0,0,0,0,0,0
201905,21,113,3,6,Jessamine County              ,23,23,6918177,0,0,0,1,3,375000,0,0,0,11,11,5190000,0,0,0,0,0,0,0,0,0
201905,21,115,3,6,Johnson County                ,0,0,0,0,0,0,0,0,0,0,0,0,0,0,0,0,0,0,0,0,0,0,0,0
201905,21,117,3,6,Kenton County                 ,29,29,6899553,0,0,0,0,0,0,0,0,0,29,29,6899553,0,0,0,0,0,0,0,0,0
201905,21,121,3,6,Knox County                   ,0,0,0,0,0,0,0,0,0,0,0,0,0,0,0,0,0,0,0,0,0,0,0,0
201905,21,123,3,6,Larue County                  ,7,7,1654848,0,0,0,0,0,0,0,0,0,7,7,1654848,0,0,0,0,0,0,0,0,0
201905,21,137,3,6,Lincoln County                ,3,3,300000,0,0,0,0,0,0,0,0,0,3,3,300000,0,0,0,0,0,0,0,0,0
201905,21,145,3,6,McCracken County              ,9,9,2886632,0,0,0,0,0,0,0,0,0,6,6,1978786,0,0,0,0,0,0,0,0,0
201905,21,151,3,6,Madison County                ,16,16,1490028,3,6,392996,0,0,0,1,6,202286,2,2,260000,2,4,280000,0,0,0,0,0,0
201905,21,157,3,6,Marshall County               ,16,16,4006630,0,0,0,0,0,0,0,0,0,16,16,4006630,0,0,0,0,0,0,0,0,0
201905,21,161,3,6,Mason County                  ,1,1,120000,0,0,0,0,0,0,0,0,0,1,1,120000,0,0,0,0,0,0,0,0,0
201905,21,163,3,6,Meade County                  ,5,5,1410000,0,0,0,0,0,0,0,0,0,5,5,1410000,0,0,0,0,0,0,0,0,0
201905,21,167,3,6,Mercer County                 ,5,5,861217,0,0,0,0,0,0,0,0,0,0,0,0,0,0,0,0,0,0,0,0,0
201905,21,175,3,6,Morgan County                 ,3,3,225000,0,0,0,0,0,0,0,0,0,0,0,0,0,0,0,0,0,0,0,0,0
201905,21,179,3,6,Nelson County                 ,19,19,3137000,8,16,1170000,0,0,0,0,0,0,19,19,3137000,8,16,1170000,0,0,0,0,0,0
201905,21,185,3,6,Oldham County                 ,31,31,9350949,0,0,0,0,0,0,0,0,0,0,0,0,0,0,0,0,0,0,0,0,0
201905,21,191,3,6,Pendleton County              ,0,0,0,0,0,0,0,0,0,0,0,0,0,0,0,0,0,0,0,0,0,0,0,0
201905,21,209,3,6,Scott County                  ,43,43,7111105,2,4,434545,0,0,0,0,0,0,0,0,0,0,0,0,0,0,0,0,0,0
201905,21,211,3,6,Shelby County                 ,25,25,6040718,0,0,0,0,0,0,0,0,0,25,25,6040718,0,0,0,0,0,0,0,0,0
201905,21,213,3,6,Simpson County                ,13,13,2436700,0,0,0,0,0,0,0,0,0,13,13,2436700,0,0,0,0,0,0,0,0,0
201905,21,215,3,6,Spencer County                ,16,16,3782510,0,0,0,0,0,0,0,0,0,16,16,3782510,0,0,0,0,0,0,0,0,0
201905,21,221,3,6,Trigg County                  ,3,3,585537,0,0,0,0,0,0,0,0,0,3,3,585537,0,0,0,0,0,0,0,0,0
201905,21,239,3,6,Woodford County               ,7,7,874484,0,0,0,0,0,0,0,0,0,7,7,874484,0,0,0,0,0,0,0,0,0
201905,22,005,3,7,Ascension Parish              ,76,76,12422088,0,0,0,0,0,0,0,0,0,76,76,12422088,0,0,0,0,0,0,0,0,0
201905,22,015,3,7,Bossier Parish                ,57,57,13840954,0,0,0,0,0,0,0,0,0,57,57,13840954,0,0,0,0,0,0,0,0,0
201905,22,017,3,7,Caddo Parish                  ,30,30,8600631,0,0,0,0,0,0,0,0,0,30,30,8600631,0,0,0,0,0,0,0,0,0
201905,22,031,3,7,De Soto Parish                ,14,14,3591222,0,0,0,0,0,0,0,0,0,8,8,1891255,0,0,0,0,0,0,0,0,0
201905,22,033,3,7,East Baton Rouge Parish       ,123,123,31942177,0,0,0,0,0,0,0,0,0,122,122,31772608,0,0,0,0,0,0,0,0,0
201905,22,037,3,7,East Feliciana Parish         ,2,2,390358,0,0,0,0,0,0,0,0,0,2,2,390358,0,0,0,0,0,0,0,0,0
201905,22,047,3,7,Iberville Parish              ,8,8,1995551,0,0,0,0,0,0,0,0,0,0,0,0,0,0,0,0,0,0,0,0,0
201905,22,051,3,7,Jefferson Parish              ,40,40,7915246,0,0,0,0,0,0,0,0,0,38,38,7538889,0,0,0,0,0,0,0,0,0
201905,22,055,3,7,Lafayette Parish              ,121,121,26001307,0,0,0,0,0,0,0,0,0,18,18,5495117,0,0,0,0,0,0,0,0,0
201905,22,063,3,7,Livingston Parish             ,78,78,17471183,0,0,0,0,0,0,0,0,0,3,3,514158,0,0,0,0,0,0,0,0,0
201905,22,071,3,7,Orleans Parish                ,45,45,10131860,5,10,1056987,0,0,0,1,12,2953699,0,0,0,0,0,0,0,0,0,0,0,0
201905,22,075,3,7,Plaquemines Parish            ,4,4,1014423,0,0,0,0,0,0,0,0,0,0,0,0,0,0,0,0,0,0,0,0,0
201905,22,077,3,7,Pointe Coupee Parish          ,4,4,1062966,0,0,0,0,0,0,0,0,0,4,4,1062966,0,0,0,0,0,0,0,0,0
201905,22,087,3,7,St. Bernard Parish            ,19,19,3288042,0,0,0,0,0,0,0,0,0,19,19,3288042,0,0,0,0,0,0,0,0,0
201905,22,089,3,7,St. Charles Parish            ,6,6,1418441,0,0,0,0,0,0,0,0,0,6,6,1418441,0,0,0,0,0,0,0,0,0
201905,22,091,3,7,St. Helena Parish             ,4,4,705756,0,0,0,0,0,0,0,0,0,0,0,0,0,0,0,0,0,0,0,0,0
201905,22,095,3,7,St. John the Baptist Parish   ,4,4,660124,0,0,0,0,0,0,0,0,0,0,0,0,0,0,0,0,0,0,0,0,0
201905,22,099,3,7,St. Martin Parish             ,17,17,3118604,0,0,0,0,0,0,0,0,0,0,0,0,0,0,0,0,0,0,0,0,0
201905,22,103,3,7,St. Tammany Parish            ,115,115,24751146,1,2,250000,0,0,0,0,0,0,111,111,23181231,1,2,250000,0,0,0,0,0,0
201905,22,109,3,7,Terrebonne Parish             ,8,8,4693745,0,0,0,0,0,0,0,0,0,8,8,4693745,0,0,0,0,0,0,0,0,0
201905,22,121,3,7,West Baton Rouge Parish       ,24,24,4519799,0,0,0,0,0,0,0,0,0,8,8,1904615,0,0,0,0,0,0,0,0,0
201905,22,125,3,7,West Feliciana Parish         ,4,4,1632379,0,0,0,0,0,0,1,5,942755,0,0,0,0,0,0,0,0,0,0,0,0
201905,23,000,1,1,Maine Unorganized Territory   ,9,9,1195202,0,0,0,0,0,0,0,0,0,0,0,0,0,0,0,0,0,0,0,0,0
201905,24,003,3,5,Anne Arundel County           ,201,201,47604037,0,0,0,0,0,0,17,465,50865049,197,197,46572161,0,0,0,0,0,0,17,465,50865049
201905,24,005,3,5,Baltimore County              ,65,65,16469500,0,0,0,0,0,0,0,0,0,65,65,16469500,0,0,0,0,0,0,0,0,0
201905,24,009,3,5,Calvert County                ,24,24,5673766,0,0,0,0,0,0,0,0,0,24,24,5673766,0,0,0,0,0,0,0,0,0
201905,24,013,3,5,Carroll County                ,29,29,6893000,0,0,0,0,0,0,0,0,0,29,29,6893000,0,0,0,0,0,0,0,0,0
201905,24,015,3,5,Cecil County                  ,31,31,6325224,0,0,0,0,0,0,0,0,0,31,31,6325224,0,0,0,0,0,0,0,0,0
201905,24,017,3,5,Charles County                ,83,83,19176900,0,0,0,0,0,0,0,0,0,83,83,19176900,0,0,0,0,0,0,0,0,0
201905,24,021,3,5,Frederick County              ,114,114,28170435,0,0,0,7,23,2990244,9,142,13143225,114,114,28170435,0,0,0,7,23,2990244,9,142,13143225
201905,24,023,3,5,Garrett County                ,6,6,1950000,0,0,0,0,0,0,0,0,0,6,6,1950000,0,0,0,0,0,0,0,0,0
201905,24,025,3,5,Harford County                ,83,83,19040444,0,0,0,0,0,0,1,39,1170000,81,81,18353288,0,0,0,0,0,0,1,39,1170000
201905,24,027,3,5,Howard County                 ,94,94,21365730,0,0,0,0,0,0,0,0,0,94,94,21365730,0,0,0,0,0,0,0,0,0
201905,24,031,3,5,Montgomery County             ,50,50,11820345,0,0,0,0,0,0,3,302,40009000,50,50,11820345,0,0,0,0,0,0,3,302,40009000
201905,24,033,3,5,Prince George County          ,179,179,42493614,0,0,0,0,0,0,0,0,0,175,175,41371209,0,0,0,0,0,0,0,0,0
201905,24,035,3,5,Queen Anne County             ,15,15,3646630,0,0,0,0,0,0,0,0,0,15,15,3646630,0,0,0,0,0,0,0,0,0
201905,24,037,3,5,St. Marys County              ,62,62,13655000,0,0,0,0,0,0,6,66,11825054,62,62,13655000,0,0,0,0,0,0,6,66,11825054
201905,24,039,3,5,Somerset County               ,4,4,468390,0,0,0,0,0,0,0,0,0,2,2,153000,0,0,0,0,0,0,0,0,0
201905,24,045,3,5,Wicomico County               ,17,17,1906324,0,0,0,0,0,0,4,30,2627838,17,17,1906324,0,0,0,0,0,0,4,30,2627838
201905,24,510,3,5,Baltimore (Independent City)  ,12,12,1760000,0,0,0,0,0,0,1,70,9000000,12,12,1760000,0,0,0,0,0,0,1,70,9000000
201905,25,005,1,1,Bristol County                ,59,59,11750027,1,2,278500,0,0,0,0,0,0,24,24,4784199,0,0,0,0,0,0,0,0,0
201905,25,009,1,1,Essex County                  ,41,41,11879722,3,6,1041539,0,0,0,3,82,4010333,26,26,7073165,1,2,250000,0,0,0,1,72,2016000
201905,25,017,1,1,Middlesex County              ,107,107,34205291,7,14,2179021,2,7,863838,6,68,12784086,43,43,13498926,1,2,215000,0,0,0,0,0,0
201905,25,021,1,1,Norfolk County                ,49,49,21945310,1,2,200000,0,0,0,6,255,34036905,28,28,14049831,1,2,200000,0,0,0,3,237,32500000
201905,25,023,1,1,Plymouth County               ,77,77,18493820,1,2,306400,0,0,0,0,0,0,59,59,13452879,0,0,0,0,0,0,0,0,0
201905,25,025,1,1,Suffolk County                ,3,3,709097,4,8,1410000,5,17,3940000,8,78,20952211,2,2,532041,3,6,1110000,5,17,3940000,6,68,18927000
201905,26,000,2,3,Michigan Balance of State     ,8,8,1502489,0,0,0,0,0,0,0,0,0,0,0,0,0,0,0,0,0,0,0,0,0
201905,26,019,2,3,Benzie County                 ,10,10,2310613,0,0,0,0,0,0,0,0,0,0,0,0,0,0,0,0,0,0,0,0,0
201905,26,029,2,3,Charlevoix County             ,12,12,2743249,0,0,0,0,0,0,0,0,0,0,0,0,0,0,0,0,0,0,0,0,0
201905,26,089,2,3,Leelanau County               ,17,17,4408970,0,0,0,0,0,0,0,0,0,17,17,4408970,0,0,0,0,0,0,0,0,0
201905,26,093,2,3,Livingston County             ,57,57,15740092,0,0,0,0,0,0,0,0,0,55,55,15223066,0,0,0,0,0,0,0,0,0
201905,26,095,2,3,Luce County                   ,0,0,0,0,0,0,0,0,0,0,0,0,0,0,0,0,0,0,0,0,0,0,0,0
201905,26,099,2,3,Macomb County                 ,102,102,37185946,6,12,2284895,2,8,1489790,10,178,22039070,102,102,37185946,5,10,2101703,2,8,1489790,10,178,22039070
201905,26,103,2,3,Marquette County              ,6,6,1300000,0,0,0,0,0,0,0,0,0,6,6,1300000,0,0,0,0,0,0,0,0,0
201905,26,137,2,3,Otsego County                 ,3,3,243000,0,0,0,0,0,0,0,0,0,0,0,0,0,0,0,0,0,0,0,0,0
201905,26,147,2,3,St. Clair County              ,23,23,5416847,0,0,0,0,0,0,0,0,0,19,19,4719052,0,0,0,0,0,0,0,0,0
201905,26,163,2,3,Wayne County                  ,97,97,30103182,0,0,0,3,10,1408760,1,18,1306369,90,90,27618510,0,0,0,3,10,1408760,0,0,0
201905,27,003,2,4,Anoka County                  ,112,112,31110891,0,0,0,0,0,0,1,16,2046074,81,81,23016551,0,0,0,0,0,0,0,0,0
201905,27,019,2,4,Carver County                 ,51,51,15124010,0,0,0,0,0,0,0,0,0,47,47,14275765,0,0,0,0,0,0,0,0,0
201905,27,025,2,4,Chisago County                ,36,36,6075928,1,2,354000,0,0,0,0,0,0,36,36,6075928,0,0,0,0,0,0,0,0,0
201905,27,027,2,4,Clay County                   ,50,50,10104432,0,0,0,0,0,0,0,0,0,50,50,10104432,0,0,0,0,0,0,0,0,0
201905,27,037,2,4,Dakota County                 ,133,133,42946831,0,0,0,1,4,800000,3,357,44391455,119,119,38294331,0,0,0,1,4,800000,3,357,44391455
201905,27,053,2,4,Hennepin County               ,201,201,72599912,0,0,0,0,0,0,6,751,110018483,188,188,67365197,0,0,0,0,0,0,6,751,110018483
201905,27,059,2,4,Isanti County                 ,21,21,3941503,0,0,0,0,0,0,0,0,0,3,3,478075,0,0,0,0,0,0,0,0,0
201905,27,123,2,4,Ramsey County                 ,13,13,4697902,0,0,0,0,0,0,2,171,24326192,5,5,2363220,0,0,0,0,0,0,1,150,21000000
201905,27,139,2,4,Scott County                  ,58,58,17985987,0,0,0,0,0,0,0,0,0,57,57,17702130,0,0,0,0,0,0,0,0,0
201905,27,141,2,4,Sherburne County              ,57,57,13064999,0,0,0,0,0,0,1,8,685000,56,56,12923054,0,0,0,0,0,0,1,8,685000
201905,27,163,2,4,Washington County             ,128,128,38099195,0,0,0,0,0,0,1,91,13433000,122,122,35382761,0,0,0,0,0,0,1,91,13433000
201905,27,171,2,4,Wright County                 ,97,97,25698890,0,0,0,0,0,0,2,13,2182900,96,96,25459418,0,0,0,0,0,0,2,13,2182900
201905,28,033,3,6,DeSoto County                 ,159,159,27652860,0,0,0,0,0,0,0,0,0,155,155,27261104,0,0,0,0,0,0,0,0,0
201905,28,041,3,6,Greene County                 ,0,0,0,0,0,0,0,0,0,0,0,0,0,0,0,0,0,0,0,0,0,0,0,0
201905,28,045,3,6,Hancock County                ,50,50,9169419,0,0,0,1,3,301084,1,8,677302,20,20,4624126,0,0,0,0,0,0,0,0,0
201905,28,047,3,6,Harrison County               ,83,83,16343336,0,0,0,0,0,0,0,0,0,71,71,14980124,0,0,0,0,0,0,0,0,0
201905,28,067,3,6,Jones County                  ,0,0,0,0,0,0,0,0,0,0,0,0,0,0,0,0,0,0,0,0,0,0,0,0
201905,28,129,3,6,Smith County                  ,0,0,0,0,0,0,0,0,0,0,0,0,0,0,0,0,0,0,0,0,0,0,0,0
201905,28,137,3,6,Tate County                   ,9,9,446318,0,0,0,0,0,0,0,0,0,7,7,71395,0,0,0,0,0,0,0,0,0
201905,28,143,3,6,Tunica County                 ,1,1,110844,0,0,0,0,0,0,0,0,0,0,0,0,0,0,0,0,0,0,0,0,0
201905,28,145,3,6,Union County                  ,0,0,0,0,0,0,0,0,0,0,0,0,0,0,0,0,0,0,0,0,0,0,0,0
201905,28,149,3,6,Warren County                 ,0,0,0,0,0,0,0,0,0,0,0,0,0,0,0,0,0,0,0,0,0,0,0,0
201905,29,013,2,4,Bates County                  ,0,0,0,0,0,0,0,0,0,0,0,0,0,0,0,0,0,0,0,0,0,0,0,0
201905,29,017,2,4,Bollinger County              ,0,0,0,0,0,0,0,0,0,0,0,0,0,0,0,0,0,0,0,0,0,0,0,0
201905,29,019,2,4,Boone County                  ,63,63,18430455,0,0,0,0,0,0,0,0,0,63,63,18430455,0,0,0,0,0,0,0,0,0
201905,29,049,2,4,Clinton County                ,4,4,662133,0,0,0,0,0,0,0,0,0,1,1,160000,0,0,0,0,0,0,0,0,0
201905,29,065,2,4,Dent County                   ,0,0,0,0,0,0,0,0,0,0,0,0,0,0,0,0,0,0,0,0,0,0,0,0
201905,29,071,2,4,Franklin County               ,28,28,6751687,1,2,278179,0,0,0,2,32,1850000,28,28,6751687,1,2,278179,0,0,0,2,32,1850000
201905,29,095,2,4,Jackson County                ,112,112,25728476,2,4,336884,0,0,0,0,0,0,103,103,23620114,2,4,336884,0,0,0,0,0,0
201905,29,099,2,4,Jefferson County              ,69,69,16325905,0,0,0,0,0,0,0,0,0,66,66,15981406,0,0,0,0,0,0,0,0,0
201905,29,105,2,4,Laclede County                ,7,7,891075,0,0,0,0,0,0,1,5,534750,0,0,0,0,0,0,0,0,0,0,0,0
201905,29,107,2,4,Lafayette County              ,5,5,990000,0,0,0,0,0,0,0,0,0,4,4,865000,0,0,0,0,0,0,0,0,0
201905,29,113,2,4,Lincoln County                ,14,14,2696784,1,2,234292,1,3,359288,7,50,5160000,8,8,1186000,1,2,234292,0,0,0,7,50,5160000
201905,29,165,2,4,Platte County                 ,22,22,5793746,0,0,0,0,0,0,0,0,0,16,16,3808669,0,0,0,0,0,0,0,0,0
201905,29,185,2,4,St. Clair County              ,0,0,0,0,0,0,0,0,0,0,0,0,0,0,0,0,0,0,0,0,0,0,0,0
201905,29,189,2,4,St. Louis County              ,84,84,31701679,0,0,0,0,0,0,1,17,2005103,24,24,10786456,0,0,0,0,0,0,0,0,0
201905,29,219,2,4,Warren County                 ,15,15,3595878,0,0,0,4,16,1675763,3,18,2656452,15,15,3595878,0,0,0,4,16,1675763,3,18,2656452
201905,29,221,2,4,Washington County             ,0,0,0,0,0,0,0,0,0,0,0,0,0,0,0,0,0,0,0,0,0,0,0,0
201905,29,510,2,4,St. Louis (Independent City)  ,10,10,1920000,0,0,0,0,0,0,1,30,5400500,10,10,1920000,0,0,0,0,0,0,1,30,5400500
201905,30,013,4,8,Cascade County                ,12,12,3070145,0,0,0,0,0,0,0,0,0,12,12,3070145,0,0,0,0,0,0,0,0,0
201905,30,033,4,8,Garfield County               ,0,0,0,0,0,0,0,0,0,0,0,0,0,0,0,0,0,0,0,0,0,0,0,0
201905,30,063,4,8,Missoula County               ,35,35,7296405,4,8,341192,0,0,0,0,0,0,35,35,7296405,4,8,341192,0,0,0,0,0,0
201905,30,093,4,8,Silver Bow County             ,9,9,1042992,0,0,0,0,0,0,0,0,0,9,9,1042992,0,0,0,0,0,0,0,0,0
201905,31,001,2,4,Adams County                  ,13,13,3864681,0,0,0,0,0,0,3,84,10220675,11,11,3294681,0,0,0,0,0,0,3,84,10220675
201905,31,025,2,4,Cass County                   ,14,14,2479430,0,0,0,0,0,0,0,0,0,5,5,976962,0,0,0,0,0,0,0,0,0
201905,31,033,2,4,Cheyenne County               ,0,0,0,0,0,0,0,0,0,0,0,0,0,0,0,0,0,0,0,0,0,0,0,0
201905,31,055,2,4,Douglas County                ,147,147,21757054,0,0,0,0,0,0,0,0,0,135,135,18923356,0,0,0,0,0,0,0,0,0
201905,31,105,2,4,Kimball County                ,0,0,0,0,0,0,0,0,0,0,0,0,0,0,0,0,0,0,0,0,0,0,0,0
201905,31,153,2,4,Sarpy County                  ,70,70,17172293,0,0,0,0,0,0,1,30,1377901,27,27,6817131,0,0,0,0,0,0,1,30,1377901
201905,31,165,2,4,Sioux County                  ,1,1,164000,0,0,0,0,0,0,0,0,0,1,1,164000,0,0,0,0,0,0,0,0,0
201905,31,177,2,4,Washington County             ,2,2,607668,0,0,0,0,0,0,0,0,0,2,2,607668,0,0,0,0,0,0,0,0,0
201905,32,001,4,8,Churchill County              ,10,10,1836151,0,0,0,0,0,0,0,0,0,10,10,1836151,0,0,0,0,0,0,0,0,0
201905,32,003,4,8,Clark County                  ,697,697,172149411,3,6,1349213,2,6,971000,19,376,20438449,697,697,172149411,3,6,1349213,2,6,971000,19,376,20438449
201905,32,005,4,8,Douglas County                ,12,12,7076625,0,0,0,0,0,0,0,0,0,12,12,7076625,0,0,0,0,0,0,0,0,0
201905,32,007,4,8,Elko County                   ,16,16,2793765,0,0,0,0,0,0,0,0,0,16,16,2793765,0,0,0,0,0,0,0,0,0
201905,32,013,4,8,Humboldt County               ,1,1,101027,0,0,0,0,0,0,0,0,0,0,0,0,0,0,0,0,0,0,0,0,0
201905,32,015,4,8,Lander County                 ,0,0,0,0,0,0,0,0,0,0,0,0,0,0,0,0,0,0,0,0,0,0,0,0
201905,32,017,4,8,Lincoln County                ,1,1,273137,0,0,0,0,0,0,0,0,0,0,0,0,0,0,0,0,0,0,0,0,0
201905,32,019,4,8,Lyon County                   ,62,62,20975652,0,0,0,0,0,0,0,0,0,62,62,20975652,0,0,0,0,0,0,0,0,0
201905,32,021,4,8,Mineral County                ,0,0,0,0,0,0,0,0,0,0,0,0,0,0,0,0,0,0,0,0,0,0,0,0
201905,32,027,4,8,Pershing County               ,2,2,131342,0,0,0,0,0,0,0,0,0,2,2,131342,0,0,0,0,0,0,0,0,0
201905,32,029,4,8,Storey County                 ,1,1,201908,0,0,0,0,0,0,0,0,0,0,0,0,0,0,0,0,0,0,0,0,0
201905,32,031,4,8,Washoe County                 ,178,178,46676409,2,4,109352,0,0,0,12,288,34322142,70,70,19586545,0,0,0,0,0,0,3,176,21803431
201905,32,033,4,8,White Pine County             ,1,1,356039,0,0,0,0,0,0,0,0,0,0,0,0,0,0,0,0,0,0,0,0,0
201905,32,510,4,8,Carson City (Independent City),12,12,3375520,0,0,0,0,0,0,0,0,0,0,0,0,0,0,0,0,0,0,0,0,0
201905,33,015,1,1,Rockingham County             ,49,49,14291039,4,8,1196716,0,0,0,1,9,704500,43,43,12506023,3,6,730000,0,0,0,1,9,704500
201905,33,017,1,1,Strafford County              ,22,22,4317109,0,0,0,0,0,0,1,5,465517,8,8,1692000,0,0,0,0,0,0,0,0,0
201905,34,001,1,2,Atlantic County               ,28,28,6183580,0,0,0,0,0,0,12,89,11261941,27,27,5949353,0,0,0,0,0,0,11,66,8234400
201905,34,003,1,2,Bergen County                 ,67,67,26941535,4,8,1807424,2,6,374923,14,268,16807129,47,47,20406048,2,4,751950,2,6,374923,7,230,13355501
201905,34,005,1,2,Burlington County             ,41,41,6225890,0,0,0,0,0,0,3,49,12314486,27,27,4533732,0,0,0,0,0,0,2,44,11796102
201905,34,007,1,2,Camden County                 ,67,67,4079077,0,0,0,6,21,1938000,2,10,744867,64,64,3639637,0,0,0,6,21,1938000,0,0,0
201905,34,009,1,2,Cape May County               ,46,46,15589867,6,12,1188966,2,6,1022520,3,18,948460,46,46,15589867,6,12,1188966,2,6,1022520,3,18,948460
201905,34,011,1,2,Cumberland County             ,11,11,1187366,0,0,0,0,0,0,0,0,0,9,9,1028245,0,0,0,0,0,0,0,0,0
201905,34,013,1,2,Essex County                  ,64,64,8222267,9,18,2486009,1,3,278630,12,308,91563474,44,44,6316023,8,16,2371509,0,0,0,9,262,88597642
201905,34,015,1,2,Gloucester County             ,40,40,5707636,0,0,0,0,0,0,2,20,1605085,28,28,4418496,0,0,0,0,0,0,0,0,0
201905,34,017,1,2,Hudson County                 ,92,92,8932758,2,4,551450,4,14,2457317,4,192,37718676,90,90,7884400,1,2,289000,3,11,2010153,3,162,33437541
201905,34,019,1,2,Hunterdon County              ,24,24,6455745,0,0,0,1,3,656000,9,74,4797672,22,22,6129690,0,0,0,1,3,656000,7,64,4271162
201905,34,021,1,2,Mercer County                 ,13,13,2647973,0,0,0,0,0,0,0,0,0,13,13,2647973,0,0,0,0,0,0,0,0,0
201905,34,023,1,2,Middlesex County              ,53,53,15460596,3,6,246800,11,38,1179500,5,28,1981800,36,36,12335180,2,4,36400,11,38,1179500,3,18,1283300
201905,34,025,1,2,Monmouth County               ,73,73,28757924,0,0,0,0,0,0,7,50,440400,52,52,21052650,0,0,0,0,0,0,7,50,440400
201905,34,027,1,2,Morris County                 ,39,39,11571280,0,0,0,0,0,100000,5,25,1200037,18,18,6744696,0,0,0,0,0,100000,3,15,599340
201905,34,029,1,2,Ocean County                  ,209,209,42356432,2,4,194839,4,13,520990,9,80,2483815,96,96,30414980,0,0,0,0,0,0,6,65,1505000
201905,34,031,1,2,Passaic County                ,8,8,1651491,1,2,71000,1,3,219751,1,5,227803,2,2,616430,0,0,0,0,0,0,0,0,0
201905,34,033,1,2,Salem County                  ,6,6,756528,0,0,0,0,0,0,0,0,0,6,6,756528,0,0,0,0,0,0,0,0,0
201905,34,035,1,2,Somerset County               ,25,25,4057158,0,0,0,0,0,0,4,26,1693172,13,13,2261740,0,0,0,0,0,0,0,0,0
201905,34,037,1,2,Sussex County                 ,13,13,3125367,0,0,0,0,0,0,0,0,0,12,12,2846500,0,0,0,0,0,0,0,0,0
201905,34,039,1,2,Union County                  ,13,13,2788885,14,28,1447100,1,3,5000000,4,28,1995634,2,2,536000,14,28,1447100,1,3,5000000,0,0,0
201905,34,041,1,2,Warren County                 ,12,12,1705961,0,0,0,0,0,0,1,5,180544,9,9,1290094,0,0,0,0,0,0,0,0,0
201905,35,000,4,8,New Mexico Balance of State   ,38,38,10303731,0,0,0,0,0,0,0,0,0,0,0,0,0,0,0,0,0,0,0,0,0
201905,35,001,4,8,Bernalillo County             ,87,87,20918432,0,0,0,0,0,0,1,86,9800000,87,87,20918432,0,0,0,0,0,0,1,86,9800000
201905,35,005,4,8,Chaves County                 ,3,3,436317,0,0,0,0,0,0,0,0,0,2,2,303000,0,0,0,0,0,0,0,0,0
201905,35,009,4,8,Curry County                  ,6,6,1519062,0,0,0,0,0,0,0,0,0,0,0,0,0,0,0,0,0,0,0,0,0
201905,35,013,4,8,Dona Ana County               ,94,94,22915457,1,2,256944,0,0,0,0,0,0,81,81,19185623,1,2,256944,0,0,0,0,0,0
201905,35,015,4,8,Eddy County                   ,21,21,6092493,0,0,0,0,0,0,0,0,0,21,21,6092493,0,0,0,0,0,0,0,0,0
201905,35,017,4,8,Grant County                  ,1,1,162507,0,0,0,0,0,0,0,0,0,0,0,0,0,0,0,0,0,0,0,0,0
201905,35,025,4,8,Lea County                    ,6,6,1842539,0,0,0,0,0,0,0,0,0,6,6,1842539,0,0,0,0,0,0,0,0,0
201905,35,027,4,8,Lincoln County                ,6,6,2226820,0,0,0,0,0,0,0,0,0,6,6,2226820,0,0,0,0,0,0,0,0,0
201905,35,028,4,8,Los Alamos County             ,2,2,560400,0,0,0,0,0,0,0,0,0,2,2,560400,0,0,0,0,0,0,0,0,0
201905,35,029,4,8,Luna County                   ,2,2,316608,0,0,0,0,0,0,0,0,0,1,1,130000,0,0,0,0,0,0,0,0,0
201905,35,031,4,8,McKinley County               ,0,0,0,0,0,0,0,0,0,0,0,0,0,0,0,0,0,0,0,0,0,0,0,0
201905,35,035,4,8,Otero County                  ,0,0,0,0,0,0,0,0,0,0,0,0,0,0,0,0,0,0,0,0,0,0,0,0
201905,35,041,4,8,Roosevelt County              ,2,2,302038,0,0,0,0,0,0,0,0,0,0,0,0,0,0,0,0,0,0,0,0,0
201905,35,043,4,8,Sandoval County               ,65,65,14402571,0,0,0,0,0,0,1,7,291666,0,0,0,0,0,0,0,0,0,0,0,0
201905,35,045,4,8,San Juan County               ,6,6,1114346,0,0,0,0,0,0,0,0,0,6,6,1114346,0,0,0,0,0,0,0,0,0
201905,35,047,4,8,San Miguel County             ,0,0,0,0,0,0,0,0,0,0,0,0,0,0,0,0,0,0,0,0,0,0,0,0
201905,35,049,4,8,Santa Fe County               ,30,30,6559491,0,0,0,0,0,0,0,0,0,30,30,6559491,0,0,0,0,0,0,0,0,0
201905,35,051,4,8,Sierra County                 ,0,0,0,0,0,0,0,0,0,0,0,0,0,0,0,0,0,0,0,0,0,0,0,0
201905,35,055,4,8,Taos County                   ,9,9,986902,0,0,0,0,0,0,0,0,0,0,0,0,0,0,0,0,0,0,0,0,0
201905,35,061,4,8,Valencia County               ,1,1,340690,0,0,0,0,0,0,0,0,0,1,1,340690,0,0,0,0,0,0,0,0,0
201905,36,001,1,2,Albany County                 ,22,22,6062982,0,0,0,0,0,0,2,16,1784304,20,20,5555459,0,0,0,0,0,0,1,10,800000
201905,36,005,1,2,Bronx County                  ,1,1,266020,0,0,0,4,12,1491691,4,273,35531850,1,1,266020,0,0,0,4,12,1491691,4,273,35531850
201905,36,029,1,2,Erie County                   ,81,81,27052847,0,0,0,3,12,1200000,4,29,3662198,68,68,23518967,0,0,0,3,12,1200000,3,18,1200000
201905,36,047,1,2,Kings County                  ,4,4,1064082,7,14,2075070,6,21,2610460,19,535,69632014,4,4,1064082,7,14,2075070,6,21,2610460,19,535,69632014
201905,36,051,1,2,Livingston County             ,9,9,2027100,0,0,0,0,0,0,1,5,214286,8,8,1882100,0,0,0,0,0,0,0,0,0
201905,36,055,1,2,Monroe County                 ,82,82,18342790,0,0,0,0,0,0,2,37,4184560,74,74,17063328,0,0,0,0,0,0,2,37,4184560
201905,36,059,1,2,Nassau County                 ,69,69,23747915,0,0,0,0,0,0,2,20,8327239,12,12,5262604,0,0,0,0,0,0,1,15,7164448
201905,36,061,1,2,New York County               ,0,0,0,0,0,0,0,0,0,3,94,12234410,0,0,0,0,0,0,0,0,0,3,94,12234410
201905,36,063,1,2,Niagara County                ,19,19,4008179,0,0,0,0,0,0,0,0,0,13,13,2317955,0,0,0,0,0,0,0,0,0
201905,36,069,1,2,Ontario County                ,32,32,8376705,0,0,0,0,0,0,1,5,437500,24,24,5973440,0,0,0,0,0,0,0,0,0
201905,36,073,1,2,Orleans County                ,0,0,0,0,0,0,0,0,0,0,0,0,0,0,0,0,0,0,0,0,0,0,0,0
201905,36,079,1,2,Putnam County                 ,2,2,1173500,0,0,0,0,0,0,0,0,0,2,2,1173500,0,0,0,0,0,0,0,0,0
201905,36,081,1,2,Queens County                 ,14,14,3724286,19,38,5632333,4,12,1491691,10,162,21084834,14,14,3724286,19,38,5632333,4,12,1491691,10,162,21084834
201905,36,083,1,2,Rensselaer County             ,9,9,2280754,0,0,0,0,0,0,0,0,0,5,5,1180000,0,0,0,0,0,0,0,0,0
201905,36,085,1,2,Richmond County               ,15,15,3990306,14,28,4150140,0,0,0,0,0,0,15,15,3990306,14,28,4150140,0,0,0,0,0,0
201905,36,087,1,2,Rockland County               ,19,19,5139387,3,6,775804,2,6,655066,2,10,1410307,16,16,4475000,0,0,0,0,0,0,0,0,0
201905,36,091,1,2,Saratoga County               ,69,69,23474531,0,0,0,0,0,0,2,10,891790,51,51,17232715,0,0,0,0,0,0,0,0,0
201905,36,093,1,2,Schenectady County            ,8,8,1508207,0,0,0,0,0,0,0,0,0,4,4,789064,0,0,0,0,0,0,0,0,0
201905,36,095,1,2,Schoharie County              ,5,5,1053313,0,0,0,0,0,0,0,0,0,3,3,560475,0,0,0,0,0,0,0,0,0
201905,36,099,1,2,Seneca County                 ,5,5,1005500,0,0,0,0,0,0,0,0,0,5,5,1005500,0,0,0,0,0,0,0,0,0
201905,36,103,1,2,Suffolk County                ,57,57,37202541,0,0,0,0,0,0,1,5,735846,46,46,27049939,0,0,0,0,0,0,0,0,0
201905,36,117,1,2,Wayne County                  ,5,5,768541,0,0,0,0,0,0,0,0,0,2,2,165000,0,0,0,0,0,0,0,0,0
201905,36,119,1,2,Westchester County            ,26,26,12361259,2,4,712500,1,3,120000,3,32,4636234,21,21,10337300,1,2,475000,0,0,0,0,0,0
201905,37,007,3,5,Anson County                  ,4,4,599460,0,0,0,0,0,0,0,0,0,0,0,0,0,0,0,0,0,0,0,0,0
201905,37,011,3,5,Avery County                  ,22,22,6728682,0,0,0,0,0,0,0,0,0,22,22,6728682,0,0,0,0,0,0,0,0,0
201905,37,015,3,5,Bertie County                 ,3,3,1171595,0,0,0,0,0,0,0,0,0,3,3,1171595,0,0,0,0,0,0,0,0,0
201905,37,025,3,5,Cabarrus County               ,150,150,26417650,1,2,80000,0,0,0,0,0,0,150,150,26417650,1,2,80000,0,0,0,0,0,0
201905,37,033,3,5,Caswell County                ,2,2,571264,0,0,0,0,0,0,0,0,0,2,2,571264,0,0,0,0,0,0,0,0,0
201905,37,037,3,5,Chatham County                ,42,42,11247635,0,0,0,0,0,0,0,0,0,42,42,11247635,0,0,0,0,0,0,0,0,0
201905,37,051,3,5,Cumberland County             ,81,81,15815598,0,0,0,0,0,0,0,0,0,81,81,15815598,0,0,0,0,0,0,0,0,0
201905,37,053,3,5,Currituck County              ,44,44,10093430,0,0,0,0,0,0,0,0,0,44,44,10093430,0,0,0,0,0,0,0,0,0
201905,37,059,3,5,Davie County                  ,18,18,4968572,0,0,0,0,0,0,0,0,0,18,18,4968572,0,0,0,0,0,0,0,0,0
201905,37,063,3,5,Durham County                 ,190,190,36603333,0,0,0,0,0,0,5,136,10833946,0,0,0,0,0,0,0,0,0,0,0,0
201905,37,069,3,5,Franklin County               ,138,138,32624153,0,0,0,0,0,0,0,0,0,138,138,32624153,0,0,0,0,0,0,0,0,0
201905,37,071,3,5,Gaston County                 ,100,100,27685318,1,2,248655,0,0,0,1,5,792450,23,23,5816772,0,0,0,0,0,0,0,0,0
201905,37,077,3,5,Granville County              ,23,23,4890986,0,0,0,0,0,0,0,0,0,23,23,4890986,0,0,0,0,0,0,0,0,0
201905,37,081,3,5,Guilford County               ,153,153,36797863,0,0,0,0,0,0,0,0,0,104,104,19940166,0,0,0,0,0,0,0,0,0
201905,37,089,3,5,Henderson County              ,49,49,14496139,0,0,0,0,0,0,0,0,0,49,49,14496139,0,0,0,0,0,0,0,0,0
201905,37,093,3,5,Hoke County                   ,25,25,5910173,0,0,0,0,0,0,0,0,0,25,25,5910173,0,0,0,0,0,0,0,0,0
201905,37,097,3,5,Iredell County                ,98,98,25970500,0,0,0,0,0,0,0,0,0,98,98,25970500,0,0,0,0,0,0,0,0,0
201905,37,101,3,5,Johnston County               ,313,313,54873575,0,0,0,0,0,0,0,0,0,313,313,54873575,0,0,0,0,0,0,0,0,0
201905,37,119,3,5,Mecklenburg County            ,588,588,139007261,1,2,251727,0,0,0,9,1015,120108549,588,588,139007261,1,2,251727,0,0,0,9,1015,120108549
201905,37,133,3,5,Onslow County                 ,107,107,16727978,3,6,780000,0,0,0,0,0,0,104,104,16167094,3,6,780000,0,0,0,0,0,0
201905,37,135,3,5,Orange County                 ,54,54,17015751,0,0,0,0,0,0,0,0,0,13,13,3735136,0,0,0,0,0,0,0,0,0
201905,37,145,3,5,Person County                 ,6,6,1521200,0,0,0,0,0,0,0,0,0,6,6,1521200,0,0,0,0,0,0,0,0,0
201905,37,151,3,5,Randolph County               ,27,27,5999538,0,0,0,0,0,0,0,0,0,27,27,5999538,0,0,0,0,0,0,0,0,0
201905,37,157,3,5,Rockingham County             ,25,25,6293318,0,0,0,0,0,0,0,0,0,25,25,6293318,0,0,0,0,0,0,0,0,0
201905,37,179,3,5,Union County                  ,179,179,38336564,0,0,0,0,0,0,0,0,0,179,179,38336564,0,0,0,0,0,0,0,0,0
201905,37,181,3,5,Vance County                  ,7,7,1072647,0,0,0,0,0,0,0,0,0,7,7,1072647,0,0,0,0,0,0,0,0,0
201905,37,183,3,5,Wake County                   ,804,804,189735695,0,0,0,0,0,0,11,608,66598603,804,804,189735695,0,0,0,0,0,0,11,608,66598603
201905,37,195,3,5,Wilson County                 ,9,9,1726253,0,0,0,0,0,0,0,0,0,9,9,1726253,0,0,0,0,0,0,0,0,0
201905,39,007,2,3,Ashtabula County              ,5,5,1296000,1,2,88000,1,3,130000,0,0,0,5,5,1296000,1,2,88000,1,3,130000,0,0,0
201905,39,015,2,3,Brown County                  ,9,9,2326619,0,0,0,0,0,0,0,0,0,9,9,2326619,0,0,0,0,0,0,0,0,0
201905,39,017,2,3,Butler County                 ,75,75,16403800,0,0,0,0,0,0,0,0,0,62,62,14110675,0,0,0,0,0,0,0,0,0
201905,39,025,2,3,Clermont County               ,57,57,13512699,0,0,0,0,0,0,6,43,3570000,57,57,13512699,0,0,0,0,0,0,6,43,3570000
201905,39,041,2,3,Delaware County               ,144,144,38933211,3,6,924000,0,0,0,1,11,1350005,130,130,34004229,3,6,924000,0,0,0,0,0,0
201905,39,049,2,3,Franklin County               ,122,122,38854707,2,4,981000,1,3,610000,2,55,6225000,115,115,36307788,2,4,981000,1,3,610000,1,50,6000000
201905,39,055,2,3,Geauga County                 ,17,17,5193762,0,0,0,0,0,0,0,0,0,17,17,5193762,0,0,0,0,0,0,0,0,0
201905,39,085,2,3,Lake County                   ,59,59,12379222,0,0,0,0,0,0,0,0,0,59,59,12379222,0,0,0,0,0,0,0,0,0
201905,39,089,2,3,Licking County                ,26,26,7473322,1,2,278179,0,0,0,0,0,0,26,26,7473322,1,2,278179,0,0,0,0,0,0
201905,39,093,2,3,Lorain County                 ,84,84,21451618,0,0,0,1,4,360000,3,15,1232497,50,50,16039904,0,0,0,1,4,360000,2,10,1075622
201905,39,097,2,3,Madison County                ,8,8,2254523,0,0,0,0,0,0,0,0,0,8,8,2254523,0,0,0,0,0,0,0,0,0
201905,39,103,2,3,Medina County                 ,39,39,9712904,2,4,636048,2,7,912726,0,0,0,39,39,9712904,2,4,636048,2,7,912726,0,0,0
201905,39,117,2,3,Morrow County                 ,7,7,1772566,0,0,0,0,0,0,0,0,0,7,7,1772566,0,0,0,0,0,0,0,0,0
201905,39,159,2,3,Union County                  ,38,38,9823502,0,0,0,0,0,0,0,0,0,38,38,9823502,0,0,0,0,0,0,0,0,0
201905,39,165,2,3,Warren County                 ,112,112,17762532,0,0,0,1,4,1140696,1,10,865814,96,96,13558892,0,0,0,1,4,1140696,1,10,865814
201905,40,001,3,7,Adair County                  ,1,1,177418,0,0,0,0,0,0,0,0,0,0,0,0,0,0,0,0,0,0,0,0,0
201905,40,017,3,7,Canadian County               ,18,18,3289800,0,0,0,0,0,0,0,0,0,18,18,3289800,0,0,0,0,0,0,0,0,0
201905,40,021,3,7,Cherokee County               ,7,7,918668,1,2,130000,0,0,0,0,0,0,0,0,0,0,0,0,0,0,0,0,0,0
201905,40,027,3,7,Cleveland County              ,60,60,11863750,0,0,0,0,0,0,0,0,0,60,60,11863750,0,0,0,0,0,0,0,0,0
201905,40,029,3,7,Coal County                   ,10,10,140000,0,0,0,0,0,0,0,0,0,10,10,140000,0,0,0,0,0,0,0,0,0
201905,40,037,3,7,Creek County                  ,5,5,1095325,0,0,0,0,0,0,0,0,0,1,1,120000,0,0,0,0,0,0,0,0,0
201905,40,051,3,7,Grady County                  ,4,4,1917513,0,0,0,0,0,0,0,0,0,3,3,1686267,0,0,0,0,0,0,0,0,0
201905,40,055,3,7,Greer County                  ,1,1,262500,0,0,0,0,0,0,0,0,0,0,0,0,0,0,0,0,0,0,0,0,0
201905,40,081,3,7,Lincoln County                ,0,0,0,0,0,0,0,0,0,0,0,0,0,0,0,0,0,0,0,0,0,0,0,0
201905,40,083,3,7,Logan County                  ,0,0,0,0,0,0,0,0,0,0,0,0,0,0,0,0,0,0,0,0,0,0,0,0
201905,40,087,3,7,McClain County                ,27,27,5882860,0,0,0,0,0,0,0,0,0,21,21,4526370,0,0,0,0,0,0,0,0,0
201905,40,109,3,7,Oklahoma County               ,331,331,77156845,16,32,2498400,0,0,0,0,0,0,319,319,75255304,16,32,2498400,0,0,0,0,0,0
201905,40,111,3,7,Okmulgee County               ,0,0,0,0,0,0,0,0,0,0,0,0,0,0,0,0,0,0,0,0,0,0,0,0
201905,40,113,3,7,Osage County                  ,10,10,2086085,0,0,0,0,0,0,0,0,0,10,10,2086085,0,0,0,0,0,0,0,0,0
201905,40,117,3,7,Pawnee County                 ,0,0,0,0,0,0,0,0,0,0,0,0,0,0,0,0,0,0,0,0,0,0,0,0
201905,40,131,3,7,Rogers County                 ,63,63,11944850,2,4,323934,0,0,0,0,0,0,61,61,11761517,2,4,323934,0,0,0,0,0,0
201905,40,143,3,7,Tulsa County                  ,180,180,42070912,0,0,0,0,0,0,0,0,0,143,143,34084798,0,0,0,0,0,0,0,0,0
201905,40,145,3,7,Wagoner County                ,70,70,10816175,0,0,0,0,0,0,1,5,340776,62,62,9714144,0,0,0,0,0,0,0,0,0
201905,41,000,4,9,Oregon Balance of State       ,16,16,1774828,0,0,0,0,0,0,0,0,0,0,0,0,0,0,0,0,0,0,0,0,0
201905,41,005,4,9,Clackamas County              ,134,134,40968990,2,4,273240,1,3,574079,0,0,0,133,133,40674475,2,4,273240,1,3,574079,0,0,0
201905,41,017,4,9,Deschutes County              ,119,119,33167379,3,6,1172138,0,0,0,0,0,0,89,89,25664242,2,4,778452,0,0,0,0,0,0
201905,41,019,4,9,Douglas County                ,26,26,6743324,0,0,0,0,0,0,0,0,0,26,26,6743324,0,0,0,0,0,0,0,0,0
201905,41,025,4,9,Harney County                 ,1,1,225138,0,0,0,0,0,0,0,0,0,0,0,0,0,0,0,0,0,0,0,0,0
201905,41,035,4,9,Klamath County                ,20,20,4508755,0,0,0,0,0,0,0,0,0,20,20,4508755,0,0,0,0,0,0,0,0,0
201905,41,051,4,9,Multnomah County              ,109,109,29674673,13,26,4135062,5,16,3842817,11,549,55301908,109,109,29674673,13,26,4135062,5,16,3842817,11,549,55301908
201905,41,067,4,9,Washington County             ,203,203,55613776,0,0,0,1,3,219165,1,6,639240,203,203,55613776,0,0,0,1,3,219165,1,6,639240
201905,41,071,4,9,Yamhill County                ,24,24,7814530,0,0,0,0,0,0,0,0,0,10,10,4468088,0,0,0,0,0,0,0,0,0
201905,42,001,1,2,Adams County                  ,14,14,3531183,0,0,0,0,0,0,0,0,0,14,14,3531183,0,0,0,0,0,0,0,0,0
201905,42,017,1,2,Bucks County                  ,55,55,14409133,0,0,0,0,0,0,0,0,0,11,11,3352300,0,0,0,0,0,0,0,0,0
201905,42,029,1,2,Chester County                ,94,94,19242325,0,0,0,0,0,0,0,0,0,76,76,14759106,0,0,0,0,0,0,0,0,0
201905,42,037,1,2,Columbia County               ,6,6,1618284,0,0,0,0,0,0,0,0,0,1,1,315000,0,0,0,0,0,0,0,0,0
201905,42,041,1,2,Cumberland County             ,97,97,18217167,0,0,0,1,4,564000,2,24,2771280,87,87,16085520,0,0,0,1,4,564000,2,24,2771280
201905,42,043,1,2,Dauphin County                ,32,32,7402677,1,2,303960,6,20,2308710,2,16,1430680,28,28,6861292,1,2,303960,6,20,2308710,2,16,1430680
201905,42,045,1,2,Delaware County               ,41,41,10501688,0,0,0,0,0,0,0,0,0,21,21,5305018,0,0,0,0,0,0,0,0,0
201905,42,055,1,2,Franklin County               ,29,29,4770272,0,0,0,0,0,0,1,5,487529,20,20,3432290,0,0,0,0,0,0,0,0,0
201905,42,091,1,2,Montgomery County             ,78,78,18909647,5,10,2216542,1,4,762770,4,26,4249559,48,48,12413537,5,10,2216542,1,4,762770,3,20,3541226
201905,42,093,1,2,Montour County                ,1,1,260237,0,0,0,0,0,0,0,0,0,0,0,0,0,0,0,0,0,0,0,0,0
201905,42,099,1,2,Perry County                  ,7,7,1828253,0,0,0,0,0,0,0,0,0,0,0,0,0,0,0,0,0,0,0,0,0
201905,42,101,1,2,Philadelphia County           ,63,63,16759286,16,32,4545700,17,64,7955686,11,167,17576600,63,63,16759286,16,32,4545700,17,64,7955686,11,167,17576600
201905,42,103,1,2,Pike County                   ,13,13,3582790,0,0,0,0,0,0,0,0,0,8,8,2377085,0,0,0,0,0,0,0,0,0
201905,44,001,1,1,Bristol County                ,3,3,906346,0,0,0,0,0,0,0,0,0,0,0,0,0,0,0,0,0,0,0,0,0
201905,44,003,1,1,Kent County                   ,15,15,2950918,1,2,208150,1,3,300000,0,0,0,10,10,2019484,1,2,208150,0,0,0,0,0,0
201905,44,005,1,1,Newport County                ,28,28,9126361,0,0,0,0,0,0,0,0,0,28,28,9126361,0,0,0,0,0,0,0,0,0
201905,44,007,1,1,Providence County             ,22,22,4244231,1,2,180000,0,0,0,0,0,0,14,14,2809001,0,0,0,0,0,0,0,0,0
201905,44,009,1,1,Washington County             ,26,26,6234321,0,0,0,0,0,0,1,6,400000,13,13,3207072,0,0,0,0,0,0,0,0,0
201905,45,003,3,5,Aiken County                  ,85,85,19027643,0,0,0,0,0,0,1,6,482143,74,74,16616841,0,0,0,0,0,0,0,0,0
201905,45,009,3,5,Bamberg County                ,2,2,503000,0,0,0,0,0,0,0,0,0,2,2,503000,0,0,0,0,0,0,0,0,0
201905,45,015,3,5,Berkeley County               ,179,179,51686927,0,0,0,0,0,0,1,39,920091,144,144,43995366,0,0,0,0,0,0,0,0,0
201905,45,017,3,5,Calhoun County                ,2,2,295569,0,0,0,0,0,0,0,0,0,0,0,0,0,0,0,0,0,0,0,0,0
201905,45,019,3,5,Charleston County             ,239,239,67886967,0,0,0,0,0,0,4,136,10156602,100,100,47559546,0,0,0,0,0,0,0,0,0
201905,45,035,3,5,Dorchester County             ,53,53,15844300,0,0,0,0,0,0,0,0,0,53,53,15844300,0,0,0,0,0,0,0,0,0
201905,45,037,3,5,Edgefield County              ,23,23,4347688,0,0,0,0,0,0,0,0,0,23,23,4347688,0,0,0,0,0,0,0,0,0
201905,45,039,3,5,Fairfield County              ,6,6,1137368,0,0,0,0,0,0,0,0,0,6,6,1137368,0,0,0,0,0,0,0,0,0
201905,45,045,3,5,Greenville County             ,343,343,80576964,0,0,0,0,0,0,17,323,32603594,341,341,80252873,0,0,0,0,0,0,16,318,32427218
201905,45,051,3,5,Horry County                  ,467,467,77380172,0,0,0,0,0,0,1,5,250000,437,437,69804756,0,0,0,0,0,0,0,0,0
201905,45,055,3,5,Kershaw County                ,29,29,4126075,0,0,0,0,0,0,0,0,0,29,29,4126075,0,0,0,0,0,0,0,0,0
201905,45,059,3,5,Laurens County                ,11,11,1554540,0,0,0,0,0,0,0,0,0,10,10,1457036,0,0,0,0,0,0,0,0,0
201905,45,063,3,5,Lexington County              ,164,164,41011618,0,0,0,0,0,0,1,24,2166021,15,15,3521072,0,0,0,0,0,0,0,0,0
201905,45,077,3,5,Pickens County                ,53,53,13721777,0,0,0,0,0,0,2,21,2565263,39,39,10450583,0,0,0,0,0,0,0,0,0
201905,45,079,3,5,Richland County               ,174,174,33404357,0,0,0,0,0,0,0,0,0,158,158,29618445,0,0,0,0,0,0,0,0,0
201905,45,081,3,5,Saluda County                 ,3,3,736552,0,0,0,0,0,0,0,0,0,0,0,0,0,0,0,0,0,0,0,0,0
201905,45,085,3,5,Sumter County                 ,20,20,2870099,1,2,200000,0,0,0,0,0,0,20,20,2870099,1,2,200000,0,0,0,0,0,0
201905,45,091,3,5,York County                   ,248,248,80992297,0,0,0,0,0,0,3,75,8114347,23,23,7492382,0,0,0,0,0,0,0,0,0
201905,46,007,2,4,Bennett County                ,1,1,120000,0,0,0,0,0,0,0,0,0,0,0,0,0,0,0,0,0,0,0,0,0
201905,46,055,2,4,Haakon County                 ,0,0,0,0,0,0,0,0,0,0,0,0,0,0,0,0,0,0,0,0,0,0,0,0
201905,46,071,2,4,Jackson County                ,0,0,0,0,0,0,0,0,0,0,0,0,0,0,0,0,0,0,0,0,0,0,0,0
201905,46,111,2,4,Sanborn County                ,1,1,140000,0,0,0,0,0,0,0,0,0,1,1,140000,0,0,0,0,0,0,0,0,0
201905,47,001,3,6,Anderson County               ,18,18,3291160,0,0,0,0,0,0,0,0,0,15,15,2760670,0,0,0,0,0,0,0,0,0
201905,47,015,3,6,Cannon County                 ,1,1,140000,0,0,0,0,0,0,0,0,0,1,1,140000,0,0,0,0,0,0,0,0,0
201905,47,021,3,6,Cheatham County               ,34,34,8001883,0,0,0,0,0,0,0,0,0,28,28,7231407,0,0,0,0,0,0,0,0,0
201905,47,037,3,6,Davidson County               ,361,361,92013721,0,0,0,0,0,0,8,781,23655896,361,361,92013721,0,0,0,0,0,0,8,781,23655896
201905,47,043,3,6,Dickson County                ,29,29,5882878,0,0,0,0,0,0,0,0,0,7,7,1600035,0,0,0,0,0,0,0,0,0
201905,47,049,3,6,Fentress County               ,0,0,0,0,0,0,0,0,0,0,0,0,0,0,0,0,0,0,0,0,0,0,0,0
201905,47,081,3,6,Hickman County                ,8,8,1528453,0,0,0,0,0,0,0,0,0,1,1,285000,0,0,0,0,0,0,0,0,0
201905,47,093,3,6,Knox County                   ,298,298,50681276,0,0,0,0,0,0,3,69,5551630,161,161,21511300,0,0,0,0,0,0,0,0,0
201905,47,105,3,6,Loudon County                 ,33,33,8103014,0,0,0,0,0,0,0,0,0,29,29,7430360,0,0,0,0,0,0,0,0,0
201905,47,125,3,6,Montgomery County             ,221,221,29140596,0,0,0,1,3,130000,0,0,0,153,153,17049026,0,0,0,1,3,130000,0,0,0
201905,47,139,3,6,Polk County                   ,19,19,3422357,0,0,0,0,0,0,0,0,0,0,0,0,0,0,0,0,0,0,0,0,0
201905,47,149,3,6,Rutherford County             ,219,219,52037456,0,0,0,0,0,0,11,367,43486287,212,212,50797209,0,0,0,0,0,0,11,367,43486287
201905,47,153,3,6,Sequatchie County             ,2,2,234000,0,0,0,0,0,0,0,0,0,2,2,234000,0,0,0,0,0,0,0,0,0
201905,47,157,3,6,Shelby County                 ,79,79,22455856,0,0,0,0,0,0,0,0,0,79,79,22455856,0,0,0,0,0,0,0,0,0
201905,47,159,3,6,Smith County                  ,10,10,2366436,0,0,0,0,0,0,0,0,0,8,8,1962000,0,0,0,0,0,0,0,0,0
201905,47,161,3,6,Stewart County                ,0,0,0,0,0,0,0,0,0,0,0,0,0,0,0,0,0,0,0,0,0,0,0,0
201905,47,165,3,6,Sumner County                 ,144,144,43025322,0,0,0,0,0,0,1,24,1750000,144,144,43025322,0,0,0,0,0,0,1,24,1750000
201905,47,167,3,6,Tipton County                 ,18,18,3448887,0,0,0,0,0,0,0,0,0,11,11,2519718,0,0,0,0,0,0,0,0,0
201905,47,169,3,6,Trousdale County              ,13,13,1439000,0,0,0,0,0,0,0,0,0,13,13,1439000,0,0,0,0,0,0,0,0,0
201905,47,173,3,6,Union County                  ,15,15,1050000,0,0,0,0,0,0,0,0,0,15,15,1050000,0,0,0,0,0,0,0,0,0
201905,47,175,3,6,Van Buren County              ,0,0,0,0,0,0,0,0,0,0,0,0,0,0,0,0,0,0,0,0,0,0,0,0
201905,47,189,3,6,Wilson County                 ,113,113,24547341,1,2,300000,0,0,0,0,0,0,63,63,9564438,1,2,300000,0,0,0,0,0,0
201905,48,013,3,7,Atascosa County               ,3,3,579011,0,0,0,0,0,0,0,0,0,0,0,0,0,0,0,0,0,0,0,0,0
201905,48,015,3,7,Austin County                 ,3,3,466857,0,0,0,0,0,0,0,0,0,1,1,90000,0,0,0,0,0,0,0,0,0
201905,48,019,3,7,Bandera County                ,1,1,210000,0,0,0,0,0,0,0,0,0,0,0,0,0,0,0,0,0,0,0,0,0
201905,48,021,3,7,Bastrop County                ,12,12,2366401,1,2,280000,0,0,0,0,0,0,8,8,1925016,0,0,0,0,0,0,0,0,0
201905,48,025,3,7,Bee County                    ,1,1,99168,0,0,0,0,0,0,0,0,0,0,0,0,0,0,0,0,0,0,0,0,0
201905,48,027,3,7,Bell County                   ,179,179,29731619,14,28,2333533,0,0,0,0,0,0,166,166,27159662,13,26,2140120,0,0,0,0,0,0
201905,48,029,3,7,Bexar County                  ,516,516,118520800,0,0,0,1,4,520042,1,7,1491694,445,445,106819944,0,0,0,1,4,520042,0,0,0
201905,48,051,3,7,Burleson County               ,0,0,0,0,0,0,0,0,0,0,0,0,0,0,0,0,0,0,0,0,0,0,0,0
201905,48,055,3,7,Caldwell County               ,25,25,4943777,1,2,180000,0,0,0,0,0,0,0,0,0,0,0,0,0,0,0,0,0,0
201905,48,085,3,7,Collin County                 ,832,832,245498846,0,0,0,0,0,0,11,698,78185659,674,674,184580142,0,0,0,0,0,0,11,698,78185659
201905,48,091,3,7,Comal County                  ,242,242,57353552,0,0,0,0,0,0,1,8,250000,240,240,56737657,0,0,0,0,0,0,1,8,250000
201905,48,099,3,7,Coryell County                ,13,13,1961409,0,0,0,0,0,0,0,0,0,1,1,210000,0,0,0,0,0,0,0,0,0
201905,48,107,3,7,Crosby County                 ,0,0,0,0,0,0,0,0,0,0,0,0,0,0,0,0,0,0,0,0,0,0,0,0
201905,48,113,3,7,Dallas County                 ,467,467,118235302,8,16,3899517,3,11,1879606,28,1033,101057383,224,224,56950978,1,2,716400,0,0,0,13,299,33850000
201905,48,119,3,7,Delta County                  ,0,0,0,0,0,0,0,0,0,0,0,0,0,0,0,0,0,0,0,0,0,0,0,0
201905,48,135,3,7,Ector County                  ,59,59,13977160,1,2,400000,0,0,0,0,0,0,59,59,13977160,1,2,400000,0,0,0,0,0,0
201905,48,139,3,7,Ellis County                  ,162,162,38353382,0,0,0,1,3,390032,1,13,2212924,105,105,26307244,0,0,0,1,3,390032,0,0,0
201905,48,141,3,7,El Paso County                ,171,171,40935936,4,8,696299,3,12,1359442,1,60,7659969,157,157,38339828,4,8,696299,3,12,1359442,1,60,7659969
201905,48,157,3,7,Fort Bend County              ,803,803,62410537,0,0,0,0,0,0,1,5,391292,54,54,12765973,0,0,0,0,0,0,0,0,0
201905,48,167,3,7,Galveston County              ,203,203,44193066,0,0,0,0,0,0,4,170,12371831,112,112,29138560,0,0,0,0,0,0,4,170,12371831
201905,48,185,3,7,Grimes County                 ,6,6,650562,0,0,0,0,0,0,0,0,0,0,0,0,0,0,0,0,0,0,0,0,0
201905,48,187,3,7,Guadalupe County              ,73,73,16308384,0,0,0,0,0,0,0,0,0,70,70,15506489,0,0,0,0,0,0,0,0,0
201905,48,193,3,7,Hamilton County               ,0,0,0,0,0,0,0,0,0,0,0,0,0,0,0,0,0,0,0,0,0,0,0,0
201905,48,195,3,7,Hansford County               ,0,0,0,0,0,0,0,0,0,0,0,0,0,0,0,0,0,0,0,0,0,0,0,0
201905,48,201,3,7,Harris County                 ,1679,1679,332167058,17,34,3787696,0,0,0,38,2407,307082381,1673,1673,326087828,17,34,3787696,0,0,0,36,2376,304697766
201905,48,211,3,7,Hemphill County               ,0,0,0,0,0,0,0,0,0,0,0,0,0,0,0,0,0,0,0,0,0,0,0,0
201905,48,215,3,7,Hidalgo County                ,259,259,42398214,6,12,901379,10,40,4387013,3,54,4236402,185,185,27732494,6,12,901379,1,4,228750,2,20,619200
201905,48,233,3,7,Hutchinson County             ,0,0,0,0,0,0,0,0,0,0,0,0,0,0,0,0,0,0,0,0,0,0,0,0
201905,48,251,3,7,Johnson County                ,61,61,13652452,0,0,0,0,0,0,0,0,0,61,61,13652452,0,0,0,0,0,0,0,0,0
201905,48,257,3,7,Kaufman County                ,29,29,6758824,1,2,80000,0,0,0,0,0,0,23,23,5667656,0,0,0,0,0,0,0,0,0
201905,48,259,3,7,Kendall County                ,32,32,8546764,0,0,0,0,0,0,0,0,0,0,0,0,0,0,0,0,0,0,0,0,0
201905,48,271,3,7,Kinney County                 ,0,0,0,0,0,0,0,0,0,0,0,0,0,0,0,0,0,0,0,0,0,0,0,0
201905,48,281,3,7,Lampasas County               ,1,1,332800,0,0,0,0,0,0,0,0,0,1,1,332800,0,0,0,0,0,0,0,0,0
201905,48,291,3,7,Liberty County                ,54,54,6969530,1,2,132500,0,0,0,0,0,0,45,45,5696970,0,0,0,0,0,0,0,0,0
201905,48,303,3,7,Lubbock County                ,147,147,32352162,4,8,1236000,0,0,0,10,89,9784383,1,1,185000,4,8,1236000,0,0,0,0,0,0
201905,48,323,3,7,Maverick County               ,8,8,1862777,1,2,215921,0,0,0,0,0,0,0,0,0,0,0,0,0,0,0,0,0,0
201905,48,325,3,7,Medina County                 ,3,3,526530,0,0,0,0,0,0,0,0,0,0,0,0,0,0,0,0,0,0,0,0,0
201905,48,329,3,7,Midland County                ,123,123,21106150,0,0,0,0,0,0,0,0,0,123,123,21106150,0,0,0,0,0,0,0,0,0
201905,48,339,3,7,Montgomery County             ,621,621,137984180,0,0,0,0,0,0,0,0,0,518,518,114704923,0,0,0,0,0,0,0,0,0
201905,48,367,3,7,Parker County                 ,33,33,5895515,0,0,0,0,0,0,0,0,0,6,6,611146,0,0,0,0,0,0,0,0,0
201905,48,375,3,7,Potter County                 ,32,32,7885972,0,0,0,0,0,0,0,0,0,32,32,7885972,0,0,0,0,0,0,0,0,0
201905,48,383,3,7,Reagan County                 ,0,0,0,0,0,0,0,0,0,0,0,0,0,0,0,0,0,0,0,0,0,0,0,0
201905,48,385,3,7,Real County                   ,0,0,0,0,0,0,0,0,0,0,0,0,0,0,0,0,0,0,0,0,0,0,0,0
201905,48,395,3,7,Robertson County              ,10,10,1951790,0,0,0,0,0,0,0,0,0,10,10,1951790,0,0,0,0,0,0,0,0,0
201905,48,397,3,7,Rockwall County               ,122,122,39554612,0,0,0,0,0,0,10,144,27500000,109,109,33069419,0,0,0,0,0,0,10,144,27500000
201905,48,407,3,7,San Jacinto County            ,42,42,9165692,0,0,0,0,0,0,0,0,0,0,0,0,0,0,0,0,0,0,0,0,0
201905,48,411,3,7,San Saba County               ,0,0,0,0,0,0,0,0,0,0,0,0,0,0,0,0,0,0,0,0,0,0,0,0
201905,48,451,3,7,Tom Green County              ,18,18,4595900,0,0,0,0,0,0,0,0,0,18,18,4595900,0,0,0,0,0,0,0,0,0
201905,48,453,3,7,Travis County                 ,942,942,250111620,0,0,0,0,0,0,34,1685,104116461,896,896,234504255,0,0,0,0,0,0,34,1685,104116461
201905,48,473,3,7,Waller County                 ,4,4,349368,0,0,0,0,0,0,1,7,155264,0,0,0,0,0,0,0,0,0,0,0,0
201905,48,491,3,7,Williamson County             ,523,523,118773810,2,4,450000,0,0,0,0,0,0,496,496,112356233,2,4,450000,0,0,0,0,0,0
201905,48,493,3,7,Wilson County                 ,5,5,1012512,0,0,0,0,0,0,0,0,0,0,0,0,0,0,0,0,0,0,0,0,0
201905,48,497,3,7,Wise County                   ,11,11,2405059,0,0,0,0,0,0,0,0,0,9,9,1887487,0,0,0,0,0,0,0,0,0
201905,49,011,4,8,Davis County                  ,121,121,31528811,1,2,245118,2,7,1133949,0,0,0,108,108,27697386,1,2,245118,1,3,395095,0,0,0
201905,49,023,4,8,Juab County                   ,7,7,1886589,0,0,0,0,0,0,0,0,0,3,3,809378,0,0,0,0,0,0,0,0,0
201905,49,029,4,8,Morgan County                 ,5,5,1622830,0,0,0,0,0,0,0,0,0,5,5,1622830,0,0,0,0,0,0,0,0,0
201905,49,035,4,8,Salt Lake County              ,295,295,81712489,14,28,4000000,5,18,3113882,17,627,70816720,156,156,44944832,14,28,4000000,1,4,785000,13,550,59990000
201905,49,039,4,8,Sanpete County                ,3,3,676555,0,0,0,0,0,0,0,0,0,3,3,676555,0,0,0,0,0,0,0,0,0
201905,49,043,4,8,Summit County                 ,23,23,12718592,0,0,0,0,0,0,2,10,1708568,10,10,6642145,0,0,0,0,0,0,0,0,0
201905,49,057,4,8,Weber County                  ,83,83,21540304,0,0,0,0,0,0,4,49,5154427,70,70,17847187,0,0,0,0,0,0,3,44,4600000
201905,51,003,3,5,Albemarle County              ,59,59,18299584,0,0,0,0,0,0,1,24,2698280,0,0,0,0,0,0,0,0,0,0,0,0
201905,51,007,3,5,Amelia County                 ,6,6,1073145,0,0,0,0,0,0,0,0,0,0,0,0,0,0,0,0,0,0,0,0,0
201905,51,009,3,5,Amherst County                ,6,6,1024000,0,0,0,0,0,0,0,0,0,6,6,1024000,0,0,0,0,0,0,0,0,0
201905,51,013,3,5,Arlington County              ,12,12,5750000,0,0,0,0,0,0,0,0,0,12,12,5750000,0,0,0,0,0,0,0,0,0
201905,51,015,3,5,Augusta County                ,23,23,6099490,0,0,0,0,0,0,0,0,0,23,23,6099490,0,0,0,0,0,0,0,0,0
201905,51,019,3,5,Bedford County                ,17,17,4408268,0,0,0,0,0,0,0,0,0,0,0,0,0,0,0,0,0,0,0,0,0
201905,51,033,3,5,Caroline County               ,6,6,1242790,0,0,0,0,0,0,0,0,0,6,6,1242790,0,0,0,0,0,0,0,0,0
201905,51,036,3,5,Charles City County           ,3,3,487337,0,0,0,0,0,0,0,0,0,0,0,0,0,0,0,0,0,0,0,0,0
201905,51,037,3,5,Charlotte County              ,1,1,216042,0,0,0,0,0,0,0,0,0,0,0,0,0,0,0,0,0,0,0,0,0
201905,51,041,3,5,Chesterfield County           ,156,156,30447924,0,0,0,4,16,1857179,2,12,1493813,156,156,30447924,0,0,0,4,16,1857179,2,12,1493813
201905,51,043,3,5,Clarke County                 ,11,11,2813177,0,0,0,0,0,0,0,0,0,11,11,2813177,0,0,0,0,0,0,0,0,0
201905,51,049,3,5,Cumberland County             ,3,3,547311,0,0,0,0,0,0,0,0,0,0,0,0,0,0,0,0,0,0,0,0,0
201905,51,051,3,5,Dickenson County              ,0,0,0,0,0,0,0,0,0,0,0,0,0,0,0,0,0,0,0,0,0,0,0,0
201905,51,053,3,5,Dinwiddie County              ,7,7,1007157,0,0,0,0,0,0,0,0,0,0,0,0,0,0,0,0,0,0,0,0,0
201905,51,059,3,5,Fairfax County                ,72,72,17021297,0,0,0,0,0,0,2,20,3000000,72,72,17021297,0,0,0,0,0,0,2,20,3000000
201905,51,061,3,5,Fauquier County               ,24,24,10568052,0,0,0,0,0,0,0,0,0,24,24,10568052,0,0,0,0,0,0,0,0,0
201905,51,069,3,5,Frederick County              ,44,44,11558582,0,0,0,4,13,2548810,0,0,0,44,44,11558582,0,0,0,4,13,2548810,0,0,0
201905,51,073,3,5,Gloucester County             ,7,7,2529000,0,0,0,0,0,0,0,0,0,7,7,2529000,0,0,0,0,0,0,0,0,0
201905,51,075,3,5,Goochland County              ,30,30,8775721,0,0,0,0,0,0,0,0,0,30,30,8775721,0,0,0,0,0,0,0,0,0
201905,51,085,3,5,Hanover County                ,42,42,8197518,0,0,0,0,0,0,0,0,0,42,42,8197518,0,0,0,0,0,0,0,0,0
201905,51,087,3,5,Henrico County                ,84,84,16376318,0,0,0,0,0,0,1,127,13450000,84,84,16376318,0,0,0,0,0,0,1,127,13450000
201905,51,093,3,5,Isle of Wight County          ,19,19,3692286,0,0,0,0,0,0,0,0,0,0,0,0,0,0,0,0,0,0,0,0,0
201905,51,095,3,5,James City County             ,23,23,5637060,0,0,0,0,0,0,0,0,0,23,23,5637060,0,0,0,0,0,0,0,0,0
201905,51,097,3,5,King and Queen County         ,4,4,540000,0,0,0,0,0,0,0,0,0,4,4,540000,0,0,0,0,0,0,0,0,0
201905,51,099,3,5,King George County            ,13,13,2537327,0,0,0,0,0,0,0,0,0,13,13,2537327,0,0,0,0,0,0,0,0,0
201905,51,107,3,5,Loudoun County                ,181,181,42789650,0,0,0,0,0,0,3,44,4813037,181,181,42789650,0,0,0,0,0,0,3,44,4813037
201905,51,109,3,5,Louisa County                 ,32,32,6601264,0,0,0,0,0,0,0,0,0,0,0,0,0,0,0,0,0,0,0,0,0
201905,51,115,3,5,Mathews County                ,0,0,0,0,0,0,0,0,0,0,0,0,0,0,0,0,0,0,0,0,0,0,0,0
201905,51,127,3,5,New Kent County               ,20,20,3903580,0,0,0,0,0,0,0,0,0,20,20,3903580,0,0,0,0,0,0,0,0,0
201905,51,139,3,5,Page County                   ,11,11,1462319,0,0,0,0,0,0,0,0,0,11,11,1462319,0,0,0,0,0,0,0,0,0
201905,51,145,3,5,Powhatan County               ,25,25,4711553,0,0,0,0,0,0,0,0,0,25,25,4711553,0,0,0,0,0,0,0,0,0
201905,51,149,3,5,Prince George County          ,6,6,645000,0,0,0,0,0,0,0,0,0,6,6,645000,0,0,0,0,0,0,0,0,0
201905,51,153,3,5,Prince William County         ,123,123,22091554,0,0,0,0,0,0,0,0,0,123,123,22091554,0,0,0,0,0,0,0,0,0
201905,51,165,3,5,Rockingham County             ,27,27,10422460,0,0,0,0,0,0,0,0,0,27,27,10422460,0,0,0,0,0,0,0,0,0
201905,51,175,3,5,Southampton County            ,13,13,1553700,0,0,0,0,0,0,0,0,0,13,13,1553700,0,0,0,0,0,0,0,0,0
201905,51,177,3,5,Spotsylvania County           ,67,67,15839263,0,0,0,0,0,0,0,0,0,67,67,15839263,0,0,0,0,0,0,0,0,0
201905,51,179,3,5,Stafford County               ,109,109,27255853,0,0,0,0,0,0,0,0,0,109,109,27255853,0,0,0,0,0,0,0,0,0
201905,51,181,3,5,Surry County                  ,2,2,309915,0,0,0,0,0,0,0,0,0,2,2,309915,0,0,0,0,0,0,0,0,0
201905,51,183,3,5,Sussex County                 ,0,0,0,0,0,0,0,0,0,0,0,0,0,0,0,0,0,0,0,0,0,0,0,0
201905,51,187,3,5,Warren County                 ,10,10,2270000,0,0,0,0,0,0,0,0,0,10,10,2270000,0,0,0,0,0,0,0,0,0
201905,51,199,3,5,York County                   ,8,8,1891255,0,0,0,0,0,0,0,0,0,8,8,1891255,0,0,0,0,0,0,0,0,0
201905,51,510,3,5,Alexandria (Independent City) ,1,1,365123,0,0,0,0,0,0,0,0,0,1,1,365123,0,0,0,0,0,0,0,0,0
201905,51,540,3,5,Charlottesville (Independent C,9,9,2684089,0,0,0,0,0,0,1,12,4326769,0,0,0,0,0,0,0,0,0,0,0,0
201905,51,550,3,5,Chesapeake(Independent City)  ,85,85,24762935,0,0,0,0,0,0,0,0,0,85,85,24762935,0,0,0,0,0,0,0,0,0
201905,51,570,3,5,Colonial Heights (Independent ,0,0,0,0,0,0,0,0,0,0,0,0,0,0,0,0,0,0,0,0,0,0,0,0
201905,51,580,3,5,Covington (Independent City)  ,1,1,150000,0,0,0,0,0,0,0,0,0,1,1,150000,0,0,0,0,0,0,0,0,0
201905,51,600,3,5,Fairfax (Independent City)    ,1,1,475000,0,0,0,0,0,0,0,0,0,1,1,475000,0,0,0,0,0,0,0,0,0
201905,51,610,3,5,Falls Church (Independent City,2,2,939932,0,0,0,0,0,0,0,0,0,0,0,0,0,0,0,0,0,0,0,0,0
201905,51,630,3,5,Fredericksburg(Independent Cit,1,1,225000,0,0,0,0,0,0,1,5,795000,1,1,225000,0,0,0,0,0,0,1,5,795000
201905,51,650,3,5,Hampton (Independent City)    ,17,17,1062069,0,0,0,0,0,0,0,0,0,0,0,0,0,0,0,0,0,0,0,0,0
201905,51,660,3,5,Harrisonburg (Independent City,10,10,2418493,0,0,0,0,0,0,0,0,0,10,10,2418493,0,0,0,0,0,0,0,0,0
201905,51,670,3,5,Hopewell (Independent City)   ,5,5,457399,0,0,0,0,0,0,0,0,0,0,0,0,0,0,0,0,0,0,0,0,0
201905,51,680,3,5,Lynchburg (Independent City)  ,4,4,642524,0,0,0,0,0,0,0,0,0,4,4,642524,0,0,0,0,0,0,0,0,0
201905,51,683,3,5,Manassas (Independent City)   ,4,4,900610,0,0,0,0,0,0,1,23,1423728,0,0,0,0,0,0,0,0,0,0,0,0
201905,51,685,3,5,Manassas Park (Independent Cit,0,0,0,0,0,0,0,0,0,0,0,0,0,0,0,0,0,0,0,0,0,0,0,0
201905,51,700,3,5,Newport News (Independent City,12,12,1876110,0,0,0,0,0,0,0,0,0,12,12,1876110,0,0,0,0,0,0,0,0,0
201905,51,710,3,5,Norfolk (Independent City)    ,25,25,5910173,0,0,0,0,0,0,1,10,1093872,25,25,5910173,0,0,0,0,0,0,1,10,1093872
201905,51,730,3,5,Petersburg (Independent City) ,2,2,295000,0,0,0,0,0,0,0,0,0,2,2,295000,0,0,0,0,0,0,0,0,0
201905,51,735,3,5,Poquoson (Independent City)   ,1,1,110000,0,0,0,0,0,0,0,0,0,1,1,110000,0,0,0,0,0,0,0,0,0
201905,51,740,3,5,Portsmouth (Independent City) ,8,8,783000,0,0,0,0,0,0,0,0,0,8,8,783000,0,0,0,0,0,0,0,0,0
201905,51,760,3,5,Richmond (Independent City)   ,20,20,3903580,0,0,0,0,0,0,0,0,0,20,20,3903580,0,0,0,0,0,0,0,0,0
201905,51,800,3,5,Suffolk (Independent City)    ,32,32,7565021,0,0,0,0,0,0,12,144,13564677,32,32,7565021,0,0,0,0,0,0,12,144,13564677
201905,51,810,3,5,Virginia Beach (Independent Ci,74,74,11643911,0,0,0,0,0,0,6,240,9958915,74,74,11643911,0,0,0,0,0,0,6,240,9958915
201905,51,830,3,5,Williamsburg (Independent City,0,0,0,0,0,0,0,0,0,0,0,0,0,0,0,0,0,0,0,0,0,0,0,0
201905,53,005,4,9,Benton County                 ,106,106,32359805,0,0,0,0,0,0,1,9,886644,48,48,14393939,0,0,0,0,0,0,0,0,0
201905,53,011,4,9,Clark County                  ,216,216,68902664,8,16,3866369,0,0,0,14,259,20197052,76,76,21889457,8,16,3866369,0,0,0,12,238,18074774
201905,53,021,4,9,Franklin County               ,56,56,15520748,2,4,347280,0,0,0,0,0,0,10,10,3788431,0,0,0,0,0,0,0,0,0
201905,53,031,4,9,Jefferson County              ,23,23,4887550,0,0,0,0,0,0,0,0,0,11,11,2025454,0,0,0,0,0,0,0,0,0
201905,53,033,4,9,King County                   ,395,395,160539749,23,46,11514115,23,84,14947044,29,978,131775209,299,299,117109515,23,46,11514115,23,84,14947044,27,939,127791106
201905,53,035,4,9,Kitsap County                 ,79,79,25725789,0,0,0,0,0,0,0,0,0,68,68,22991162,0,0,0,0,0,0,0,0,0
201905,53,053,4,9,Pierce County                 ,221,221,68653425,4,8,1776357,0,0,0,2,46,5498112,221,221,68653425,4,8,1776357,0,0,0,2,46,5498112
201905,53,055,4,9,San Juan County               ,14,14,2664867,0,0,0,0,0,0,0,0,0,4,4,420000,0,0,0,0,0,0,0,0,0
201905,53,059,4,9,Skamania County               ,8,8,1654280,0,0,0,0,0,0,0,0,0,8,8,1654280,0,0,0,0,0,0,0,0,0
201905,53,061,4,9,Snohomish County              ,214,214,59699380,1,2,351799,1,4,87000,14,334,44895217,171,171,47927631,0,0,0,1,4,87000,13,329,44307279
201905,54,011,3,5,Cabell County                 ,7,7,1162143,0,0,0,0,0,0,2,52,6395850,1,1,210000,0,0,0,0,0,0,1,47,5944600
201905,54,015,3,5,Clay County                   ,0,0,0,0,0,0,0,0,0,0,0,0,0,0,0,0,0,0,0,0,0,0,0,0
201905,54,019,3,5,Fayette County                ,5,5,858500,0,0,0,0,0,0,0,0,0,5,5,858500,0,0,0,0,0,0,0,0,0
201905,54,037,3,5,Jefferson County              ,25,25,5823475,0,0,0,0,0,0,0,0,0,22,22,5040959,0,0,0,0,0,0,0,0,0
201905,54,081,3,5,Raleigh County                ,3,3,529000,0,0,0,0,0,0,0,0,0,3,3,529000,0,0,0,0,0,0,0,0,0
201905,55,025,2,3,Dane County                   ,93,93,34604204,1,2,225000,0,0,0,3,130,14377392,80,80,30667891,1,2,225000,0,0,0,2,104,12000000
201905,55,031,2,3,Douglas County                ,9,9,1770000,1,2,250000,0,0,0,0,0,0,9,9,1770000,1,2,250000,0,0,0,0,0,0
201905,55,037,2,3,Florence County               ,1,1,200000,0,0,0,0,0,0,0,0,0,1,1,200000,0,0,0,0,0,0,0,0,0
201905,55,049,2,3,Iowa County                   ,5,5,1920000,0,0,0,0,0,0,0,0,0,4,4,1640000,0,0,0,0,0,0,0,0,0
201905,55,059,2,3,Kenosha County                ,24,24,6818915,0,0,0,0,0,0,0,0,0,19,19,5379525,0,0,0,0,0,0,0,0,0
201905,55,079,2,3,Milwaukee County              ,14,14,4801195,2,4,869143,0,0,0,1,28,3009849,11,11,4100381,0,0,0,0,0,0,0,0,0
201905,55,089,2,3,Ozaukee County                ,29,29,10168315,1,2,325000,0,0,0,1,7,986022,16,16,4708788,1,2,325000,0,0,0,0,0,0
201905,55,093,2,3,Pierce County                 ,27,27,6233338,1,2,250000,0,0,0,1,50,5333000,26,26,5879838,1,2,250000,0,0,0,1,50,5333000
201905,55,109,2,3,St. Croix County              ,46,46,10981824,0,0,0,0,0,0,0,0,0,43,43,10100029,0,0,0,0,0,0,0,0,0
201905,55,131,2,3,Washington County             ,31,31,10018091,2,4,675000,0,0,0,1,12,1300000,22,22,7050278,2,4,675000,0,0,0,1,12,1300000
201905,56,029,4,8,Park County                   ,13,13,3434569,0,0,0,0,0,0,1,12,2250000,13,13,3434569,0,0,0,0,0,0,1,12,2250000
201905,56,039,4,8,Teton County                  ,16,16,33645060,0,0,0,1,3,116499,0,0,0,14,14,32610000,0,0,0,0,0,0,0,0,0
