Survey,FIPS,FIPS,Region,Division,County,,1-unit,,,2-units,,,3-4 units,,,5+ units,,,1-unit rep,,,2-units rep,,,3-4 units rep,,, 5+units rep
Date,State,County,Code,Code,Name,Bldgs,Units,Value,Bldgs,Units,Value,Bldgs,Units,Value,Bldgs,Units,Value,Bldgs,Units,Value,Bldgs,Units,Value,Bldgs,Units,Value,Bldgs,Units,Value
 
201906,01,001,3,6,Autauga County                ,17,17,5391246,0,0,0,0,0,0,0,0,0,17,17,5391246,0,0,0,0,0,0,0,0,0
201906,01,007,3,6,Bibb County                   ,1,1,186000,0,0,0,0,0,0,0,0,0,1,1,186000,0,0,0,0,0,0,0,0,0
201906,01,009,3,6,Blount County                 ,1,1,40000,0,0,0,0,0,0,0,0,0,1,1,40000,0,0,0,0,0,0,0,0,0
201906,01,021,3,6,Chilton County                ,2,2,474714,0,0,0,0,0,0,0,0,0,1,1,307000,0,0,0,0,0,0,0,0,0
201906,01,073,3,6,Jefferson County              ,122,122,38300360,2,4,494658,0,0,0,1,9,907557,66,66,19390223,0,0,0,0,0,0,0,0,0
201906,01,081,3,6,Lee County                    ,105,105,29242490,1,2,371684,1,4,553719,1,5,573670,55,55,15162334,0,0,0,0,0,0,0,0,0
201906,01,083,3,6,Limestone County              ,13,13,2995090,0,0,0,0,0,0,0,0,0,13,13,2995090,0,0,0,0,0,0,0,0,0
201906,01,089,3,6,Madison County                ,286,286,49780566,0,0,0,0,0,0,0,0,0,282,282,48840371,0,0,0,0,0,0,0,0,0
201906,01,113,3,6,Russell County                ,18,18,2534958,0,0,0,0,0,0,0,0,0,18,18,2534958,0,0,0,0,0,0,0,0,0
201906,01,115,3,6,St. Clair County              ,27,27,5555410,0,0,0,0,0,0,0,0,0,26,26,5343132,0,0,0,0,0,0,0,0,0
201906,01,117,3,6,Shelby County                 ,80,80,18790140,0,0,0,0,0,0,0,0,0,24,24,5206446,0,0,0,0,0,0,0,0,0
201906,01,127,3,6,Walker County                 ,2,2,400000,0,0,0,0,0,0,0,0,0,2,2,400000,0,0,0,0,0,0,0,0,0
201906,02,013,4,9,Aleutians East Borough        ,0,0,0,0,0,0,0,0,0,0,0,0,0,0,0,0,0,0,0,0,0,0,0,0
201906,02,016,4,9,Aleutians West Census Area    ,1,1,98118,0,0,0,0,0,0,0,0,0,0,0,0,0,0,0,0,0,0,0,0,0
201906,02,020,4,9,Anchorage Municipality        ,77,77,24121764,0,0,0,1,4,694790,2,13,2055242,0,0,0,0,0,0,0,0,0,0,0,0
201906,02,050,4,9,Bethel Census Area            ,0,0,0,1,2,345783,0,0,0,0,0,0,0,0,0,1,2,345783,0,0,0,0,0,0
201906,02,060,4,9,Bristol Bay Borough           ,4,4,250000,0,0,0,0,0,0,0,0,0,4,4,250000,0,0,0,0,0,0,0,0,0
201906,02,070,4,9,Dillingham Census Area        ,0,0,0,0,0,0,0,0,0,0,0,0,0,0,0,0,0,0,0,0,0,0,0,0
201906,02,090,4,9,Fairbanks North Star Borough  ,0,0,0,0,0,0,0,0,0,0,0,0,0,0,0,0,0,0,0,0,0,0,0,0
201906,02,100,4,9,Haines Borough                ,1,1,160842,0,0,0,0,0,0,0,0,0,0,0,0,0,0,0,0,0,0,0,0,0
201906,02,105,4,9,Hoonah-Angoon Census Area     ,0,0,0,0,0,0,0,0,0,0,0,0,0,0,0,0,0,0,0,0,0,0,0,0
201906,02,110,4,9,Juneau City and Borough       ,0,0,0,0,0,0,0,0,0,0,0,0,0,0,0,0,0,0,0,0,0,0,0,0
201906,02,122,4,9,Kenai Peninsula Borough       ,9,9,2316579,0,0,0,0,0,0,1,10,800000,6,6,1700000,0,0,0,0,0,0,1,10,800000
201906,02,130,4,9,Ketchikan Gateway Borough     ,1,1,282835,0,0,0,0,0,0,0,0,0,1,1,282835,0,0,0,0,0,0,0,0,0
201906,02,150,4,9,Kodiak Island Borough         ,0,0,0,0,0,0,0,0,0,0,0,0,0,0,0,0,0,0,0,0,0,0,0,0
201906,02,158,4,9,Kusilvak Census Area          ,0,0,0,0,0,0,0,0,0,0,0,0,0,0,0,0,0,0,0,0,0,0,0,0
201906,02,170,4,9,Matanuska-Susitna Borough     ,2,2,626614,1,2,345783,0,0,0,0,0,0,1,1,341436,1,2,345783,0,0,0,0,0,0
201906,02,180,4,9,Nome Census Area              ,0,0,0,0,0,0,0,0,0,0,0,0,0,0,0,0,0,0,0,0,0,0,0,0
201906,02,185,4,9,North Slope Borough           ,0,0,0,0,0,0,0,0,0,0,0,0,0,0,0,0,0,0,0,0,0,0,0,0
201906,02,188,4,9,Northwest Arctic Borough      ,3,3,1160000,0,0,0,0,0,0,0,0,0,2,2,500000,0,0,0,0,0,0,0,0,0
201906,02,195,4,9,Petersburg Borough            ,5,5,1270880,0,0,0,0,0,0,0,0,0,5,5,1270880,0,0,0,0,0,0,0,0,0
201906,02,198,4,9,Prince of Wales-Hyder Census A,1,1,282835,0,0,0,0,0,0,0,0,0,1,1,282835,0,0,0,0,0,0,0,0,0
201906,02,220,4,9,Sitka City and Borough        ,1,1,264847,0,0,0,0,0,0,0,0,0,0,0,0,0,0,0,0,0,0,0,0,0
201906,02,230,4,9,Skagway Municipality          ,0,0,0,1,2,200000,0,0,0,0,0,0,0,0,0,0,0,0,0,0,0,0,0,0
201906,02,261,4,9,Valdez-Cordova Census Area    ,1,1,150000,0,0,0,0,0,0,0,0,0,1,1,150000,0,0,0,0,0,0,0,0,0
201906,02,275,4,9,Wrangell City and Borough     ,0,0,0,0,0,0,0,0,0,0,0,0,0,0,0,0,0,0,0,0,0,0,0,0
201906,02,282,4,9,Yakutat City and Borough      ,0,0,0,0,0,0,0,0,0,0,0,0,0,0,0,0,0,0,0,0,0,0,0,0
201906,02,290,4,9,Yukon-Koyukuk Census Area     ,0,0,0,0,0,0,0,0,0,0,0,0,0,0,0,0,0,0,0,0,0,0,0,0
201906,04,013,4,8,Maricopa County               ,1625,1625,462952087,28,56,4351107,2,6,1334337,35,1376,143196022,1600,1600,456461204,28,56,4351107,2,6,1334337,34,1243,119663349
201906,04,019,4,8,Pima County                   ,292,292,88120846,1,2,298716,0,0,0,4,92,13499867,125,125,41813171,0,0,0,0,0,0,0,0,0
201906,04,021,4,8,Pinal County                  ,463,463,92870528,14,28,1684538,0,0,0,0,0,0,430,430,84341022,14,28,1684538,0,0,0,0,0,0
201906,05,013,3,7,Calhoun County                ,0,0,0,0,0,0,0,0,0,0,0,0,0,0,0,0,0,0,0,0,0,0,0,0
201906,05,035,3,7,Crittenden County             ,9,9,2091985,0,0,0,0,0,0,0,0,0,8,8,1858500,0,0,0,0,0,0,0,0,0
201906,05,043,3,7,Drew County                   ,0,0,0,1,2,100000,0,0,0,0,0,0,0,0,0,1,2,100000,0,0,0,0,0,0
201906,05,045,3,7,Faulkner County               ,35,35,6404214,1,2,151790,0,0,0,1,8,224911,17,17,2218000,0,0,0,0,0,0,0,0,0
201906,05,053,3,7,Grant County                  ,3,3,467276,0,0,0,0,0,0,0,0,0,0,0,0,0,0,0,0,0,0,0,0,0
201906,05,085,3,7,Lonoke County                 ,32,32,5177549,0,0,0,0,0,0,0,0,0,20,20,4144327,0,0,0,0,0,0,0,0,0
201906,05,087,3,7,Madison County                ,0,0,0,0,0,0,0,0,0,0,0,0,0,0,0,0,0,0,0,0,0,0,0,0
201906,05,091,3,7,Miller County                 ,2,2,430470,0,0,0,0,0,0,0,0,0,0,0,0,0,0,0,0,0,0,0,0,0
201906,05,105,3,7,Perry County                  ,0,0,0,0,0,0,0,0,0,0,0,0,0,0,0,0,0,0,0,0,0,0,0,0
201906,05,119,3,7,Pulaski County                ,83,83,20986011,0,0,0,0,0,0,2,132,11000000,83,83,20986011,0,0,0,0,0,0,2,132,11000000
201906,05,129,3,7,Searcy County                 ,0,0,0,0,0,0,0,0,0,0,0,0,0,0,0,0,0,0,0,0,0,0,0,0
201906,05,143,3,7,Washington County             ,118,118,28752614,1,2,379626,0,0,0,0,0,0,90,90,24628073,1,2,379626,0,0,0,0,0,0
201906,06,001,4,9,Alameda County                ,100,100,36869773,5,10,2803526,1,4,1142281,18,436,68093158,40,40,16201907,3,6,1770854,0,0,0,14,405,61687828
201906,06,013,4,9,Contra Costa County           ,147,147,43006530,0,0,0,0,0,0,0,0,0,131,131,37918372,0,0,0,0,0,0,0,0,0
201906,06,017,4,9,El Dorado County              ,44,44,21787383,0,0,0,0,0,0,0,0,0,44,44,21787383,0,0,0,0,0,0,0,0,0
201906,06,019,4,9,Fresno County                 ,189,189,57202992,0,0,0,0,0,0,1,5,665972,185,185,56564158,0,0,0,0,0,0,0,0,0
201906,06,037,4,9,Los Angeles County            ,537,537,157532158,56,112,19305423,8,24,5407908,32,813,94402174,465,465,124698680,54,108,18319645,7,21,4920871,28,774,88879936
201906,06,041,4,9,Marin County                  ,15,15,21698057,0,0,0,0,0,0,0,0,0,11,11,17746970,0,0,0,0,0,0,0,0,0
201906,06,059,4,9,Orange County                 ,248,248,71982818,16,32,8779486,1,4,929422,9,106,21873730,209,209,57637852,14,28,7446129,1,4,929422,7,39,8545310
201906,06,061,4,9,Placer County                 ,209,209,68398665,0,0,0,0,0,0,0,0,0,209,209,68398665,0,0,0,0,0,0,0,0,0
201906,06,063,4,9,Plumas County                 ,2,2,185200,0,0,0,0,0,0,0,0,0,2,2,185200,0,0,0,0,0,0,0,0,0
201906,06,067,4,9,Sacramento County             ,389,389,104077237,4,8,2460229,0,0,0,6,42,5901496,387,387,103625829,4,8,2460229,0,0,0,6,42,5901496
201906,06,069,4,9,San Benito County             ,61,61,21625560,0,0,0,1,3,595698,0,0,0,55,55,18381531,0,0,0,1,3,595698,0,0,0
201906,06,071,4,9,San Bernardino County         ,363,363,100520240,0,0,0,0,0,0,6,47,4051646,350,350,97157731,0,0,0,0,0,0,4,32,2957106
201906,06,073,4,9,San Diego County              ,252,252,80635761,3,6,1007549,8,28,6569391,12,406,50087808,228,228,73203534,3,6,1007549,8,28,6569391,10,373,45163814
201906,06,075,4,9,San Francisco County          ,1,1,277935,0,0,0,2,6,1841852,6,490,140785000,1,1,277935,0,0,0,2,6,1841852,6,490,140785000
201906,06,081,4,9,San Mateo County              ,18,18,21238610,0,0,0,0,0,0,1,6,957193,5,5,8517650,0,0,0,0,0,0,0,0,0
201906,06,085,4,9,Santa Clara County            ,197,197,69176220,0,0,0,0,0,0,8,373,59012104,164,164,57866736,0,0,0,0,0,0,5,243,30469368
201906,06,091,4,9,Sierra County                 ,0,0,0,0,0,0,0,0,0,0,0,0,0,0,0,0,0,0,0,0,0,0,0,0
201906,06,113,4,9,Yolo County                   ,67,67,21430164,3,6,1058853,0,0,0,1,52,6143297,67,67,21430164,3,6,1058853,0,0,0,1,52,6143297
201906,08,001,4,8,Adams County                  ,183,183,52199607,1,2,80000,1,4,664084,6,30,4505757,157,157,42815017,1,2,80000,1,4,664084,6,30,4505757
201906,08,005,4,8,Arapahoe County               ,185,185,53745384,0,0,0,1,3,534870,1,27,3200000,180,180,49754332,0,0,0,1,3,534870,1,27,3200000
201906,08,014,4,8,Broomfield County             ,31,31,11372866,0,0,0,0,0,0,0,0,0,31,31,11372866,0,0,0,0,0,0,0,0,0
201906,08,015,4,8,Chaffee County                ,13,13,3444125,0,0,0,0,0,0,0,0,0,0,0,0,0,0,0,0,0,0,0,0,0
201906,08,019,4,8,Clear Creek County            ,2,2,519117,0,0,0,0,0,0,2,47,9500000,0,0,0,0,0,0,0,0,0,2,47,9500000
201906,08,031,4,8,Denver County                 ,244,244,67816163,0,0,0,1,3,513240,10,451,57549131,244,244,67816163,0,0,0,1,3,513240,10,451,57549131
201906,08,035,4,8,Douglas County                ,253,253,74794738,0,0,0,2,8,709763,13,245,19184246,247,247,72646159,0,0,0,2,8,709763,13,245,19184246
201906,08,039,4,8,Elbert County                 ,14,14,4257074,0,0,0,0,0,0,0,0,0,9,9,2783439,0,0,0,0,0,0,0,0,0
201906,08,041,4,8,El Paso County                ,368,368,137320593,25,50,3375594,0,0,0,0,0,0,368,368,137320593,25,50,3375594,0,0,0,0,0,0
201906,08,047,4,8,Gilpin County                 ,1,1,277935,0,0,0,0,0,0,0,0,0,1,1,277935,0,0,0,0,0,0,0,0,0
201906,08,059,4,8,Jefferson County              ,40,40,17708976,9,18,3016628,0,0,0,0,0,0,37,37,16635592,9,18,3016628,0,0,0,0,0,0
201906,08,069,4,8,Larimer County                ,135,135,36241015,0,0,0,0,0,0,3,68,15006397,135,135,36241015,0,0,0,0,0,0,3,68,15006397
201906,08,077,4,8,Mesa County                   ,21,21,4019497,0,0,0,0,0,0,0,0,0,21,21,4019497,0,0,0,0,0,0,0,0,0
201906,08,093,4,8,Park County                   ,24,24,7023158,0,0,0,0,0,0,0,0,0,24,24,7023158,0,0,0,0,0,0,0,0,0
201906,08,101,4,8,Pueblo County                 ,47,47,7856339,0,0,0,0,0,0,0,0,0,47,47,7856339,0,0,0,0,0,0,0,0,0
201906,08,119,4,8,Teller County                 ,10,10,3108596,0,0,0,0,0,0,0,0,0,10,10,3108596,0,0,0,0,0,0,0,0,0
201906,09,001,1,1,Fairfield County              ,48,48,32489541,2,4,927500,0,0,0,3,40,5572646,23,23,10125075,1,2,790000,0,0,0,1,30,1892090
201906,09,003,1,1,Hartford County               ,61,61,13174727,2,4,242000,0,0,0,3,18,1236492,44,44,10704661,2,4,242000,0,0,0,0,0,0
201906,09,007,1,1,Middlesex County              ,11,11,2949446,1,2,195000,0,0,0,0,0,0,6,6,1755617,0,0,0,0,0,0,0,0,0
201906,09,013,1,1,Tolland County                ,16,16,3406480,0,0,0,0,0,0,2,11,1075059,8,8,1569440,0,0,0,0,0,0,0,0,0
201906,10,001,3,5,Kent County                   ,132,132,19257596,3,6,636254,0,0,0,1,5,484822,130,130,18916399,3,6,636254,0,0,0,0,0,0
201906,10,003,3,5,New Castle County             ,115,115,12157393,0,0,0,0,0,0,3,72,2309910,27,27,4055718,0,0,0,0,0,0,3,72,2309910
201906,10,005,3,5,Sussex County                 ,265,265,37666478,3,6,657955,3,11,393091,4,24,3280792,265,265,37666478,3,6,657955,3,11,393091,4,24,3280792
201906,11,001,3,5,Washington  DC                ,5,5,1187284,3,6,671047,0,0,0,4,119,13357155,5,5,1187284,3,6,671047,0,0,0,4,119,13357155
201906,12,003,3,5,Baker County                  ,5,5,959934,0,0,0,0,0,0,0,0,0,5,5,959934,0,0,0,0,0,0,0,0,0
201906,12,019,3,5,Clay County                   ,87,87,19642009,0,0,0,0,0,0,0,0,0,87,87,19642009,0,0,0,0,0,0,0,0,0
201906,12,029,3,5,Dixie County                  ,3,3,378970,0,0,0,0,0,0,0,0,0,0,0,0,0,0,0,0,0,0,0,0,0
201906,12,031,3,5,Duval County                  ,324,324,78513335,2,4,447365,0,0,0,0,0,0,309,309,73374121,2,4,447365,0,0,0,0,0,0
201906,12,033,3,5,Escambia County               ,91,91,21608560,0,0,0,0,0,0,0,0,0,91,91,21608560,0,0,0,0,0,0,0,0,0
201906,12,053,3,5,Hernando County               ,106,106,16868576,0,0,0,0,0,0,0,0,0,106,106,16868576,0,0,0,0,0,0,0,0,0
201906,12,057,3,5,Hillsborough County           ,920,920,199479762,0,0,0,0,0,0,2,183,28481900,920,920,199479762,0,0,0,0,0,0,2,183,28481900
201906,12,067,3,5,Lafayette County              ,2,2,567000,0,0,0,0,0,0,0,0,0,2,2,567000,0,0,0,0,0,0,0,0,0
201906,12,071,3,5,Lee County                    ,361,361,73714751,27,54,8248350,5,20,2831139,15,501,70820985,361,361,73714751,27,54,8248350,5,20,2831139,15,501,70820985
201906,12,073,3,5,Leon County                   ,58,58,11381117,1,2,221600,0,0,0,2,74,9297613,0,0,0,0,0,0,0,0,0,0,0,0
201906,12,081,3,5,Manatee County                ,250,250,49537261,0,0,0,3,12,1437060,9,270,22247284,250,250,49537261,0,0,0,3,12,1437060,9,270,22247284
201906,12,086,3,5,Miami-Dade County             ,198,198,65703757,28,56,6632389,1,3,270000,10,603,74894708,175,175,57751954,28,56,6632389,0,0,0,9,598,67088203
201906,12,089,3,5,Nassau County                 ,89,89,26895706,0,0,0,0,0,0,1,12,1377847,74,74,22692814,0,0,0,0,0,0,0,0,0
201906,12,091,3,5,Okaloosa County               ,76,76,23838330,0,0,0,0,0,0,0,0,0,57,57,18517383,0,0,0,0,0,0,0,0,0
201906,12,095,3,5,Orange County                 ,382,382,105312363,1,2,500000,0,0,0,2,65,8990000,359,359,99031513,1,2,500000,0,0,0,2,65,8990000
201906,12,097,3,5,Osceola County                ,505,505,141700231,0,0,0,0,0,0,0,0,0,505,505,141700231,0,0,0,0,0,0,0,0,0
201906,12,101,3,5,Pasco County                  ,384,384,80279137,5,10,964535,2,7,386470,1,5,194068,383,383,80184419,5,10,964535,2,7,386470,1,5,194068
201906,12,103,3,5,Pinellas County               ,86,86,20960391,1,2,232000,0,0,0,1,5,2280000,79,79,18823249,0,0,0,0,0,0,0,0,0
201906,12,109,3,5,St. Johns County              ,356,356,87581204,0,0,0,1,4,808443,4,29,5974370,356,356,87581204,0,0,0,1,4,808443,4,29,5974370
201906,12,113,3,5,Santa Rosa County             ,102,102,24220584,0,0,0,0,0,0,0,0,0,102,102,24220584,0,0,0,0,0,0,0,0,0
201906,12,115,3,5,Sarasota County               ,208,208,60900851,1,2,357052,0,0,0,1,18,654781,208,208,60900851,1,2,357052,0,0,0,1,18,654781
201906,12,117,3,5,Seminole County               ,90,90,26943699,2,4,346178,0,0,0,0,0,0,81,81,23705638,2,4,346178,0,0,0,0,0,0
201906,12,119,3,5,Sumter County                 ,191,191,3824015,0,0,0,0,0,0,0,0,0,191,191,3824015,0,0,0,0,0,0,0,0,0
201906,12,129,3,5,Wakulla County                ,23,23,4032000,0,0,0,0,0,0,0,0,0,23,23,4032000,0,0,0,0,0,0,0,0,0
201906,12,131,3,5,Walton County                 ,113,113,54577797,0,0,0,2,8,1109996,5,34,5059595,113,113,54577797,0,0,0,2,8,1109996,5,34,5059595
201906,12,133,3,5,Washington County             ,4,4,512616,0,0,0,0,0,0,0,0,0,0,0,0,0,0,0,0,0,0,0,0,0
201906,13,007,3,5,Baker County                  ,0,0,0,0,0,0,0,0,0,0,0,0,0,0,0,0,0,0,0,0,0,0,0,0
201906,13,013,3,5,Barrow County                 ,86,86,12145527,0,0,0,0,0,0,1,8,572076,64,64,9850225,0,0,0,0,0,0,0,0,0
201906,13,015,3,5,Bartow County                 ,55,55,11129814,0,0,0,0,0,0,0,0,0,54,54,10380592,0,0,0,0,0,0,0,0,0
201906,13,021,3,5,Bibb County                   ,12,12,2056672,0,0,0,0,0,0,0,0,0,0,0,0,0,0,0,0,0,0,0,0,0
201906,13,029,3,5,Bryan County                  ,39,39,8203374,0,0,0,0,0,0,0,0,0,39,39,8203374,0,0,0,0,0,0,0,0,0
201906,13,033,3,5,Burke County                  ,3,3,612000,0,0,0,0,0,0,0,0,0,3,3,612000,0,0,0,0,0,0,0,0,0
201906,13,035,3,5,Butts County                  ,9,9,3111900,0,0,0,0,0,0,0,0,0,9,9,3111900,0,0,0,0,0,0,0,0,0
201906,13,045,3,5,Carroll County                ,43,43,13772422,0,0,0,0,0,0,1,8,815182,43,43,13772422,0,0,0,0,0,0,1,8,815182
201906,13,051,3,5,Chatham County                ,93,93,19226685,0,0,0,0,0,0,0,0,0,37,37,7025111,0,0,0,0,0,0,0,0,0
201906,13,057,3,5,Cherokee County               ,214,214,58164992,0,0,0,0,0,0,0,0,0,214,214,58164992,0,0,0,0,0,0,0,0,0
201906,13,059,3,5,Clarke County                 ,64,64,10061414,0,0,0,7,23,1900217,2,10,995220,64,64,10061414,0,0,0,7,23,1900217,2,10,995220
201906,13,063,3,5,Clayton County                ,45,45,8428365,0,0,0,0,0,0,0,0,0,23,23,5461504,0,0,0,0,0,0,0,0,0
201906,13,067,3,5,Cobb County                   ,168,168,43402410,1,2,396005,2,7,1267199,4,290,47836322,152,152,40435996,1,2,396005,2,7,1267199,4,290,47836322
201906,13,073,3,5,Columbia County               ,102,102,19782668,0,0,0,2,7,641256,0,0,0,25,25,3795891,0,0,0,2,7,641256,0,0,0
201906,13,077,3,5,Coweta County                 ,88,88,29863912,0,0,0,0,0,0,0,0,0,85,85,29131462,0,0,0,0,0,0,0,0,0
201906,13,085,3,5,Dawson County                 ,38,38,6644726,0,0,0,0,0,0,0,0,0,6,6,799526,0,0,0,0,0,0,0,0,0
201906,13,095,3,5,Dougherty County              ,2,2,490000,0,0,0,0,0,0,0,0,0,2,2,490000,0,0,0,0,0,0,0,0,0
201906,13,097,3,5,Douglas County                ,72,72,15667649,0,0,0,0,0,0,0,0,0,72,72,15667649,0,0,0,0,0,0,0,0,0
201906,13,111,3,5,Fannin County                 ,32,32,6556723,0,0,0,0,0,0,0,0,0,32,32,6556723,0,0,0,0,0,0,0,0,0
201906,13,113,3,5,Fayette County                ,48,48,15526736,1,2,800000,0,0,0,0,0,0,24,24,8438448,1,2,800000,0,0,0,0,0,0
201906,13,115,3,5,Floyd County                  ,12,12,1692100,0,0,0,0,0,0,0,0,0,12,12,1692100,0,0,0,0,0,0,0,0,0
201906,13,117,3,5,Forsyth County                ,144,144,24545745,0,0,0,0,0,0,0,0,0,144,144,24545745,0,0,0,0,0,0,0,0,0
201906,13,121,3,5,Fulton County                 ,300,300,75626975,0,0,0,0,0,0,0,0,0,208,208,55240532,0,0,0,0,0,0,0,0,0
201906,13,127,3,5,Glynn County                  ,49,49,14433166,0,0,0,0,0,0,0,0,0,0,0,0,0,0,0,0,0,0,0,0,0
201906,13,135,3,5,Gwinnett County               ,290,290,67621548,0,0,0,0,0,0,0,0,0,283,283,65586180,0,0,0,0,0,0,0,0,0
201906,13,143,3,5,Haralson County               ,6,6,1319503,1,2,175000,0,0,0,0,0,0,0,0,0,0,0,0,0,0,0,0,0,0
201906,13,145,3,5,Harris County                 ,28,28,6807400,0,0,0,0,0,0,0,0,0,28,28,6807400,0,0,0,0,0,0,0,0,0
201906,13,149,3,5,Heard County                  ,2,2,474913,0,0,0,0,0,0,0,0,0,2,2,474913,0,0,0,0,0,0,0,0,0
201906,13,151,3,5,Henry County                  ,111,111,22566229,0,0,0,0,0,0,0,0,0,111,111,22566229,0,0,0,0,0,0,0,0,0
201906,13,159,3,5,Jasper County                 ,6,6,803844,0,0,0,0,0,0,0,0,0,0,0,0,0,0,0,0,0,0,0,0,0
201906,13,171,3,5,Lamar County                  ,10,10,1642312,0,0,0,0,0,0,0,0,0,10,10,1642312,0,0,0,0,0,0,0,0,0
201906,13,177,3,5,Lee County                    ,7,7,943500,0,0,0,0,0,0,0,0,0,7,7,943500,0,0,0,0,0,0,0,0,0
201906,13,179,3,5,Liberty County                ,10,10,1913723,0,0,0,0,0,0,0,0,0,10,10,1913723,0,0,0,0,0,0,0,0,0
201906,13,189,3,5,McDuffie County               ,3,3,568455,0,0,0,0,0,0,0,0,0,0,0,0,0,0,0,0,0,0,0,0,0
201906,13,199,3,5,Meriwether County             ,4,4,892448,0,0,0,0,0,0,0,0,0,4,4,892448,0,0,0,0,0,0,0,0,0
201906,13,201,3,5,Miller County                 ,2,2,365000,0,0,0,0,0,0,0,0,0,2,2,365000,0,0,0,0,0,0,0,0,0
201906,13,207,3,5,Monroe County                 ,12,12,193414,0,0,0,0,0,0,0,0,0,0,0,0,0,0,0,0,0,0,0,0,0
201906,13,215,3,5,Muscogee County               ,28,28,5445559,0,0,0,2,6,369280,2,10,1878488,0,0,0,0,0,0,0,0,0,0,0,0
201906,13,217,3,5,Newton County                 ,53,53,11595809,0,0,0,0,0,0,0,0,0,53,53,11595809,0,0,0,0,0,0,0,0,0
201906,13,227,3,5,Pickens County                ,14,14,4645000,0,0,0,0,0,0,0,0,0,14,14,4645000,0,0,0,0,0,0,0,0,0
201906,13,231,3,5,Pike County                   ,11,11,2200000,0,0,0,0,0,0,0,0,0,0,0,0,0,0,0,0,0,0,0,0,0
201906,13,235,3,5,Pulaski County                ,2,2,275000,0,0,0,0,0,0,0,0,0,2,2,275000,0,0,0,0,0,0,0,0,0
201906,13,245,3,5,Richmond County               ,29,29,4706101,0,0,0,0,0,0,1,10,612464,0,0,0,0,0,0,0,0,0,0,0,0
201906,13,247,3,5,Rockdale County               ,16,16,3799307,0,0,0,0,0,0,0,0,0,16,16,3799307,0,0,0,0,0,0,0,0,0
201906,13,255,3,5,Spalding County               ,40,40,6570425,0,0,0,0,0,0,0,0,0,40,40,6570425,0,0,0,0,0,0,0,0,0
201906,13,275,3,5,Thomas County                 ,7,7,1571902,0,0,0,0,0,0,0,0,0,4,4,892780,0,0,0,0,0,0,0,0,0
201906,13,291,3,5,Union County                  ,18,18,5383276,0,0,0,0,0,0,0,0,0,18,18,5383276,0,0,0,0,0,0,0,0,0
201906,15,001,4,9,Hawaii County                 ,94,94,29180467,0,0,0,0,0,0,0,0,0,0,0,0,0,0,0,0,0,0,0,0,0
201906,15,003,4,9,Honolulu County               ,99,99,37633456,0,0,0,8,24,15590983,12,76,15264160,99,99,37633456,0,0,0,8,24,15590983,12,76,15264160
201906,15,007,4,9,Kauai County                  ,8,8,5139334,0,0,0,0,0,0,0,0,0,8,8,5139334,0,0,0,0,0,0,0,0,0
201906,15,009,4,9,Maui County                   ,37,37,10586643,0,0,0,0,0,0,0,0,0,37,37,10586643,0,0,0,0,0,0,0,0,0
201906,16,001,4,8,Ada County                    ,367,367,100563688,3,6,1077600,5,20,1759341,0,0,0,298,298,79584018,3,6,1077600,5,20,1759341,0,0,0
201906,16,015,4,8,Boise County                  ,15,15,4305654,0,0,0,0,0,0,0,0,0,14,14,4152884,0,0,0,0,0,0,0,0,0
201906,16,027,4,8,Canyon County                 ,184,184,28490678,0,0,0,4,16,1184890,2,40,4153846,184,184,28490678,0,0,0,4,16,1184890,2,40,4153846
201906,16,045,4,8,Gem County                    ,13,13,2307362,1,2,140786,0,0,0,0,0,0,11,11,2063715,0,0,0,0,0,0,0,0,0
201906,16,073,4,8,Owyhee County                 ,4,4,749480,0,0,0,0,0,0,0,0,0,2,2,377679,0,0,0,0,0,0,0,0,0
201906,17,005,2,3,Bond County                   ,1,1,176208,0,0,0,0,0,0,0,0,0,0,0,0,0,0,0,0,0,0,0,0,0
201906,17,013,2,3,Calhoun County                ,1,1,151336,0,0,0,0,0,0,0,0,0,0,0,0,0,0,0,0,0,0,0,0,0
201906,17,031,2,3,Cook County                   ,116,116,41022215,4,8,2377200,15,48,8851945,13,167,36026011,79,79,26102810,3,6,1862200,14,45,8449750,12,160,34808250
201906,17,037,2,3,DeKalb County                 ,11,11,2343178,0,0,0,0,0,0,0,0,0,8,8,1920000,0,0,0,0,0,0,0,0,0
201906,17,039,2,3,De Witt County                ,0,0,0,0,0,0,0,0,0,0,0,0,0,0,0,0,0,0,0,0,0,0,0,0
201906,17,043,2,3,DuPage County                 ,91,91,35034097,0,0,0,0,0,0,2,73,16656599,81,81,30317308,0,0,0,0,0,0,1,68,16538000
201906,17,063,2,3,Grundy County                 ,5,5,1207973,0,0,0,0,0,0,2,10,512820,4,4,1047424,0,0,0,0,0,0,0,0,0
201906,17,083,2,3,Jersey County                 ,7,7,1303930,0,0,0,0,0,0,0,0,0,6,6,1148321,0,0,0,0,0,0,0,0,0
201906,17,093,2,3,Kendall County                ,34,34,6733964,2,4,520977,0,0,0,1,11,868214,24,24,4954547,0,0,0,0,0,0,0,0,0
201906,17,097,2,3,Lake County                   ,27,27,8157646,1,2,415331,0,0,0,0,0,0,14,14,5447269,1,2,415331,0,0,0,0,0,0
201906,17,111,2,3,McHenry County                ,48,48,7426312,0,0,0,0,0,0,0,0,0,39,39,5220356,0,0,0,0,0,0,0,0,0
201906,17,119,2,3,Madison County                ,27,27,6434133,1,2,200000,0,0,0,0,0,0,26,26,6257466,1,2,200000,0,0,0,0,0,0
201906,17,133,2,3,Monroe County                 ,6,6,1969132,0,0,0,0,0,0,0,0,0,6,6,1969132,0,0,0,0,0,0,0,0,0
201906,17,197,2,3,Will County                   ,109,109,29523207,2,4,544000,0,0,0,0,0,0,88,88,25183144,2,4,544000,0,0,0,0,0,0
201906,18,003,2,3,Allen County                  ,123,123,33300059,0,0,0,0,0,0,0,0,0,123,123,33300059,0,0,0,0,0,0,0,0,0
201906,18,011,2,3,Boone County                  ,57,57,15045758,0,0,0,0,0,0,3,218,17079710,56,56,14879300,0,0,0,0,0,0,3,218,17079710
201906,18,013,2,3,Brown County                  ,7,7,1895125,0,0,0,0,0,0,0,0,0,7,7,1895125,0,0,0,0,0,0,0,0,0
201906,18,019,2,3,Clark County                  ,66,66,15594378,0,0,0,2,8,1230399,0,0,0,54,54,12753312,0,0,0,2,8,1230399,0,0,0
201906,18,047,2,3,Franklin County               ,5,5,1101000,1,2,140000,0,0,0,0,0,0,5,5,1101000,1,2,140000,0,0,0,0,0,0
201906,18,057,2,3,Hamilton County               ,216,216,76852086,0,0,0,0,0,0,0,0,0,216,216,76852086,0,0,0,0,0,0,0,0,0
201906,18,059,2,3,Hancock County                ,59,59,13116109,0,0,0,0,0,0,0,0,0,59,59,13116109,0,0,0,0,0,0,0,0,0
201906,18,061,2,3,Harrison County               ,8,8,1758988,0,0,0,0,0,0,0,0,0,8,8,1758988,0,0,0,0,0,0,0,0,0
201906,18,063,2,3,Hendricks County              ,50,50,12667547,1,2,137273,0,0,0,0,0,0,24,24,6377448,0,0,0,0,0,0,0,0,0
201906,18,069,2,3,Huntington County             ,7,7,1472000,0,0,0,0,0,0,0,0,0,7,7,1472000,0,0,0,0,0,0,0,0,0
201906,18,073,2,3,Jasper County                 ,11,11,2640533,0,0,0,0,0,0,0,0,0,10,10,2526089,0,0,0,0,0,0,0,0,0
201906,18,081,2,3,Johnson County                ,66,66,20120113,0,0,0,0,0,0,0,0,0,60,60,19273781,0,0,0,0,0,0,0,0,0
201906,18,087,2,3,Lagrange County               ,11,11,1936106,0,0,0,0,0,0,0,0,0,11,11,1936106,0,0,0,0,0,0,0,0,0
201906,18,089,2,3,Lake County                   ,121,121,30647909,5,10,834700,0,0,0,1,53,6100372,118,118,30123450,5,10,834700,0,0,0,1,53,6100372
201906,18,097,2,3,Marion County                 ,131,131,34802818,2,4,581118,0,0,0,7,166,20800000,121,121,32758595,2,4,581118,0,0,0,7,166,20800000
201906,18,105,2,3,Monroe County                 ,19,19,4910600,2,4,537968,0,0,0,1,9,1035933,0,0,0,0,0,0,0,0,0,0,0,0
201906,18,109,2,3,Morgan County                 ,11,11,3054307,0,0,0,0,0,0,0,0,0,11,11,3054307,0,0,0,0,0,0,0,0,0
201906,18,111,2,3,Newton County                 ,2,2,408497,0,0,0,0,0,0,0,0,0,0,0,0,0,0,0,0,0,0,0,0,0
201906,18,115,2,3,Ohio County                   ,2,2,742150,0,0,0,0,0,0,0,0,0,2,2,742150,0,0,0,0,0,0,0,0,0
201906,18,119,2,3,Owen County                   ,4,4,1034212,0,0,0,0,0,0,0,0,0,0,0,0,0,0,0,0,0,0,0,0,0
201906,18,127,2,3,Porter County                 ,43,43,12867223,0,0,0,0,0,0,0,0,0,34,34,11299672,0,0,0,0,0,0,0,0,0
201906,18,133,2,3,Putnam County                 ,11,11,2544599,0,0,0,0,0,0,8,92,7000000,9,9,2255125,0,0,0,0,0,0,8,92,7000000
201906,18,145,2,3,Shelby County                 ,3,3,790000,0,0,0,0,0,0,0,0,0,3,3,790000,0,0,0,0,0,0,0,0,0
201906,18,151,2,3,Steuben County                ,9,9,2895300,0,0,0,0,0,0,0,0,0,9,9,2895300,0,0,0,0,0,0,0,0,0
201906,18,157,2,3,Tippecanoe County             ,40,40,9949788,0,0,0,0,0,0,0,0,0,35,35,9293430,0,0,0,0,0,0,0,0,0
201906,18,163,2,3,Vanderburgh County            ,29,29,5505145,3,6,294000,0,0,0,0,0,0,29,29,5505145,3,6,294000,0,0,0,0,0,0
201906,18,167,2,3,Vigo County                   ,4,4,494451,1,2,180000,0,0,0,0,0,0,0,0,0,0,0,0,0,0,0,0,0,0
201906,18,175,2,3,Washington County             ,6,6,1440654,0,0,0,0,0,0,0,0,0,0,0,0,0,0,0,0,0,0,0,0,0
201906,18,183,2,3,Whitley County                ,6,6,1624393,0,0,0,0,0,0,1,5,462857,6,6,1624393,0,0,0,0,0,0,0,0,0
201906,19,049,2,4,Dallas County                 ,22,22,6119136,0,0,0,0,0,0,0,0,0,19,19,5495541,0,0,0,0,0,0,0,0,0
201906,19,085,2,4,Harrison County               ,5,5,1945090,0,0,0,0,0,0,0,0,0,4,4,1730000,0,0,0,0,0,0,0,0,0
201906,19,129,2,4,Mills County                  ,1,1,250000,0,0,0,0,0,0,0,0,0,1,1,250000,0,0,0,0,0,0,0,0,0
201906,19,153,2,4,Polk County                   ,250,250,64589617,0,0,0,1,4,891226,6,228,19972757,250,250,64589617,0,0,0,1,4,891226,6,228,19972757
201906,19,181,2,4,Warren County                 ,49,49,13020115,0,0,0,0,0,0,0,0,0,47,47,12537282,0,0,0,0,0,0,0,0,0
201906,20,061,2,4,Geary County                  ,1,1,254333,0,0,0,0,0,0,0,0,0,0,0,0,0,0,0,0,0,0,0,0,0
201906,20,091,2,4,Johnson County                ,144,144,48819318,1,2,530980,2,8,1644000,1,67,10500000,123,123,40783582,1,2,530980,2,8,1644000,1,67,10500000
201906,20,103,2,4,Leavenworth County            ,13,13,3141991,0,0,0,0,0,0,0,0,0,13,13,3141991,0,0,0,0,0,0,0,0,0
201906,20,107,2,4,Linn County                   ,5,5,518583,0,0,0,0,0,0,0,0,0,1,1,146742,0,0,0,0,0,0,0,0,0
201906,20,121,2,4,Miami County                  ,15,15,3092542,0,0,0,0,0,0,0,0,0,9,9,1205000,0,0,0,0,0,0,0,0,0
201906,20,209,2,4,Wyandotte County              ,15,15,2935746,1,2,192348,0,0,0,0,0,0,1,1,170000,0,0,0,0,0,0,0,0,0
201906,21,005,3,6,Anderson County               ,3,3,539518,0,0,0,0,0,0,0,0,0,3,3,539518,0,0,0,0,0,0,0,0,0
201906,21,015,3,6,Boone County                  ,47,47,8322280,0,0,0,1,4,650000,0,0,0,47,47,8322280,0,0,0,1,4,650000,0,0,0
201906,21,017,3,6,Bourbon County                ,3,3,671735,0,0,0,0,0,0,0,0,0,3,3,671735,0,0,0,0,0,0,0,0,0
201906,21,021,3,6,Boyle County                  ,2,2,380245,0,0,0,0,0,0,0,0,0,0,0,0,0,0,0,0,0,0,0,0,0
201906,21,029,3,6,Bullitt County                ,29,29,6499938,0,0,0,0,0,0,0,0,0,29,29,6499938,0,0,0,0,0,0,0,0,0
201906,21,035,3,6,Calloway County               ,2,2,491000,0,0,0,0,0,0,0,0,0,2,2,491000,0,0,0,0,0,0,0,0,0
201906,21,037,3,6,Campbell County               ,24,24,9481028,0,0,0,0,0,0,0,0,0,24,24,9481028,0,0,0,0,0,0,0,0,0
201906,21,045,3,6,Casey County                  ,0,0,0,0,0,0,0,0,0,0,0,0,0,0,0,0,0,0,0,0,0,0,0,0
201906,21,047,3,6,Christian County              ,3,3,221900,0,0,0,0,0,0,1,5,700000,1,1,79500,0,0,0,0,0,0,1,5,700000
201906,21,049,3,6,Clark County                  ,5,5,1252000,0,0,0,0,0,0,0,0,0,5,5,1252000,0,0,0,0,0,0,0,0,0
201906,21,067,3,6,Fayette County                ,63,63,11506462,0,0,0,0,0,0,2,68,3114976,0,0,0,0,0,0,0,0,0,0,0,0
201906,21,069,3,6,Fleming County                ,0,0,0,0,0,0,0,0,0,0,0,0,0,0,0,0,0,0,0,0,0,0,0,0
201906,21,077,3,6,Gallatin County               ,2,2,448477,0,0,0,0,0,0,0,0,0,0,0,0,0,0,0,0,0,0,0,0,0
201906,21,081,3,6,Grant County                  ,10,10,2110000,0,0,0,0,0,0,0,0,0,10,10,2110000,0,0,0,0,0,0,0,0,0
201906,21,091,3,6,Hancock County                ,1,1,204898,0,0,0,0,0,0,0,0,0,1,1,204898,0,0,0,0,0,0,0,0,0
201906,21,099,3,6,Hart County                   ,0,0,0,0,0,0,0,0,0,0,0,0,0,0,0,0,0,0,0,0,0,0,0,0
201906,21,101,3,6,Henderson County              ,3,3,560000,2,4,299900,0,0,0,0,0,0,3,3,560000,2,4,299900,0,0,0,0,0,0
201906,21,103,3,6,Henry County                  ,2,2,380000,0,0,0,0,0,0,0,0,0,2,2,380000,0,0,0,0,0,0,0,0,0
201906,21,111,3,6,Jefferson County              ,103,103,32736009,0,0,0,0,0,0,5,137,18327496,2,2,320050,0,0,0,0,0,0,0,0,0
201906,21,113,3,6,Jessamine County              ,12,12,3643646,0,0,0,0,0,0,0,0,0,5,5,2535000,0,0,0,0,0,0,0,0,0
201906,21,115,3,6,Johnson County                ,0,0,0,0,0,0,0,0,0,0,0,0,0,0,0,0,0,0,0,0,0,0,0,0
201906,21,117,3,6,Kenton County                 ,25,25,5510950,0,0,0,0,0,0,0,0,0,25,25,5510950,0,0,0,0,0,0,0,0,0
201906,21,121,3,6,Knox County                   ,0,0,0,0,0,0,0,0,0,0,0,0,0,0,0,0,0,0,0,0,0,0,0,0
201906,21,123,3,6,Larue County                  ,3,3,712370,0,0,0,0,0,0,0,0,0,3,3,712370,0,0,0,0,0,0,0,0,0
201906,21,137,3,6,Lincoln County                ,4,4,418298,0,0,0,0,0,0,0,0,0,0,0,0,0,0,0,0,0,0,0,0,0
201906,21,145,3,6,McCracken County              ,6,6,1490420,0,0,0,0,0,0,0,0,0,4,4,927684,0,0,0,0,0,0,0,0,0
201906,21,151,3,6,Madison County                ,13,13,1252943,2,4,225992,0,0,0,1,6,202286,2,2,290000,0,0,0,0,0,0,0,0,0
201906,21,157,3,6,Marshall County               ,6,6,934000,0,0,0,0,0,0,0,0,0,6,6,934000,0,0,0,0,0,0,0,0,0
201906,21,161,3,6,Mason County                  ,1,1,750000,1,2,250000,0,0,0,0,0,0,1,1,750000,1,2,250000,0,0,0,0,0,0
201906,21,163,3,6,Meade County                  ,10,10,2271443,0,0,0,0,0,0,0,0,0,10,10,2271443,0,0,0,0,0,0,0,0,0
201906,21,167,3,6,Mercer County                 ,4,4,681011,0,0,0,0,0,0,0,0,0,0,0,0,0,0,0,0,0,0,0,0,0
201906,21,175,3,6,Morgan County                 ,2,2,150000,0,0,0,0,0,0,0,0,0,0,0,0,0,0,0,0,0,0,0,0,0
201906,21,179,3,6,Nelson County                 ,28,28,3775840,0,0,0,0,0,0,0,0,0,28,28,3775840,0,0,0,0,0,0,0,0,0
201906,21,185,3,6,Oldham County                 ,21,21,7270747,0,0,0,0,0,0,0,0,0,0,0,0,0,0,0,0,0,0,0,0,0
201906,21,191,3,6,Pendleton County              ,0,0,0,0,0,0,0,0,0,0,0,0,0,0,0,0,0,0,0,0,0,0,0,0
201906,21,209,3,6,Scott County                  ,28,28,5546866,3,6,875769,0,0,0,1,9,601492,0,0,0,0,0,0,0,0,0,0,0,0
201906,21,211,3,6,Shelby County                 ,16,16,5215972,0,0,0,0,0,0,0,0,0,16,16,5215972,0,0,0,0,0,0,0,0,0
201906,21,213,3,6,Simpson County                ,8,8,1064334,0,0,0,0,0,0,1,5,287067,0,0,0,0,0,0,0,0,0,0,0,0
201906,21,215,3,6,Spencer County                ,7,7,1662197,0,0,0,0,0,0,0,0,0,7,7,1662197,0,0,0,0,0,0,0,0,0
201906,21,221,3,6,Trigg County                  ,1,1,204898,0,0,0,0,0,0,0,0,0,1,1,204898,0,0,0,0,0,0,0,0,0
201906,21,239,3,6,Woodford County               ,6,6,969955,0,0,0,0,0,0,0,0,0,6,6,969955,0,0,0,0,0,0,0,0,0
201906,22,005,3,7,Ascension Parish              ,62,62,10097638,0,0,0,0,0,0,0,0,0,54,54,8636550,0,0,0,0,0,0,0,0,0
201906,22,015,3,7,Bossier Parish                ,33,33,5728565,0,0,0,0,0,0,0,0,0,33,33,5728565,0,0,0,0,0,0,0,0,0
201906,22,017,3,7,Caddo Parish                  ,18,18,3871084,0,0,0,0,0,0,0,0,0,18,18,3871084,0,0,0,0,0,0,0,0,0
201906,22,031,3,7,De Soto Parish                ,6,6,1440284,0,0,0,0,0,0,0,0,0,6,6,1440284,0,0,0,0,0,0,0,0,0
201906,22,033,3,7,East Baton Rouge Parish       ,121,121,25317008,3,6,811846,0,0,0,0,0,0,121,121,25317008,3,6,811846,0,0,0,0,0,0
201906,22,037,3,7,East Feliciana Parish         ,0,0,0,0,0,0,0,0,0,0,0,0,0,0,0,0,0,0,0,0,0,0,0,0
201906,22,047,3,7,Iberville Parish              ,9,9,2217737,0,0,0,0,0,0,0,0,0,0,0,0,0,0,0,0,0,0,0,0,0
201906,22,051,3,7,Jefferson Parish              ,40,40,7492719,0,0,0,0,0,0,0,0,0,38,38,7112048,0,0,0,0,0,0,0,0,0
201906,22,055,3,7,Lafayette Parish              ,103,103,23639083,0,0,0,0,0,0,0,0,0,17,17,4411773,0,0,0,0,0,0,0,0,0
201906,22,063,3,7,Livingston Parish             ,68,68,13340036,0,0,0,0,0,0,0,0,0,1,1,189000,0,0,0,0,0,0,0,0,0
201906,22,071,3,7,Orleans Parish                ,45,45,10135572,9,18,1860928,1,3,721976,1,37,7630982,0,0,0,0,0,0,0,0,0,0,0,0
201906,22,075,3,7,Plaquemines Parish            ,4,4,1059818,0,0,0,0,0,0,0,0,0,0,0,0,0,0,0,0,0,0,0,0,0
201906,22,077,3,7,Pointe Coupee Parish          ,4,4,1149066,0,0,0,0,0,0,0,0,0,4,4,1149066,0,0,0,0,0,0,0,0,0
201906,22,087,3,7,St. Bernard Parish            ,17,17,2932000,0,0,0,0,0,0,0,0,0,17,17,2932000,0,0,0,0,0,0,0,0,0
201906,22,089,3,7,St. Charles Parish            ,12,12,2980605,0,0,0,0,0,0,0,0,0,12,12,2980605,0,0,0,0,0,0,0,0,0
201906,22,091,3,7,St. Helena Parish             ,2,2,359808,0,0,0,0,0,0,0,0,0,0,0,0,0,0,0,0,0,0,0,0,0
201906,22,095,3,7,St. John the Baptist Parish   ,4,4,662612,0,0,0,0,0,0,0,0,0,0,0,0,0,0,0,0,0,0,0,0,0
201906,22,099,3,7,St. Martin Parish             ,14,14,2617288,0,0,0,0,0,0,0,0,0,0,0,0,0,0,0,0,0,0,0,0,0
201906,22,103,3,7,St. Tammany Parish            ,128,128,28289444,0,0,0,0,0,0,0,0,0,124,124,26720037,0,0,0,0,0,0,0,0,0
201906,22,109,3,7,Terrebonne Parish             ,11,11,2820854,1,2,155556,0,0,0,0,0,0,0,0,0,0,0,0,0,0,0,0,0,0
201906,22,121,3,7,West Baton Rouge Parish       ,24,24,4127714,0,0,0,0,0,0,0,0,0,22,22,3945590,0,0,0,0,0,0,0,0,0
201906,22,125,3,7,West Feliciana Parish         ,3,3,1110526,0,0,0,0,0,0,0,0,0,0,0,0,0,0,0,0,0,0,0,0,0
201906,23,000,1,1,Maine Unorganized Territory   ,7,7,929602,0,0,0,0,0,0,0,0,0,0,0,0,0,0,0,0,0,0,0,0,0
201906,24,003,3,5,Anne Arundel County           ,198,198,33820586,0,0,0,0,0,0,0,0,0,194,194,33133062,0,0,0,0,0,0,0,0,0
201906,24,005,3,5,Baltimore County              ,94,94,19260000,0,0,0,0,0,0,0,0,0,94,94,19260000,0,0,0,0,0,0,0,0,0
201906,24,009,3,5,Calvert County                ,23,23,5461504,0,0,0,0,0,0,0,0,0,23,23,5461504,0,0,0,0,0,0,0,0,0
201906,24,013,3,5,Carroll County                ,32,32,7352000,0,0,0,0,0,0,0,0,0,32,32,7352000,0,0,0,0,0,0,0,0,0
201906,24,015,3,5,Cecil County                  ,10,10,238500,0,0,0,0,0,0,0,0,0,10,10,238500,0,0,0,0,0,0,0,0,0
201906,24,017,3,5,Charles County                ,88,88,19958500,0,0,0,0,0,0,0,0,0,88,88,19958500,0,0,0,0,0,0,0,0,0
201906,24,021,3,5,Frederick County              ,153,153,38907617,1,2,377925,1,4,2954088,1,24,3916781,32,32,7614291,0,0,0,0,0,0,0,0,0
201906,24,023,3,5,Garrett County                ,11,11,4733000,0,0,0,0,0,0,0,0,0,11,11,4733000,0,0,0,0,0,0,0,0,0
201906,24,025,3,5,Harford County                ,65,65,13919655,0,0,0,0,0,0,0,0,0,65,65,13919655,0,0,0,0,0,0,0,0,0
201906,24,027,3,5,Howard County                 ,56,56,12784095,1,2,300000,0,0,0,0,0,0,56,56,12784095,1,2,300000,0,0,0,0,0,0
201906,24,031,3,5,Montgomery County             ,63,63,14984859,0,0,0,0,0,0,1,456,94600000,63,63,14984859,0,0,0,0,0,0,1,456,94600000
201906,24,033,3,5,Prince George County          ,217,217,51598808,1,2,243837,0,0,0,0,0,0,214,214,50815734,0,0,0,0,0,0,0,0,0
201906,24,035,3,5,Queen Anne County             ,22,22,5224047,0,0,0,0,0,0,0,0,0,22,22,5224047,0,0,0,0,0,0,0,0,0
201906,24,037,3,5,St. Marys County              ,46,46,9212663,0,0,0,0,0,0,0,0,0,42,42,7917000,0,0,0,0,0,0,0,0,0
201906,24,039,3,5,Somerset County               ,4,4,623591,0,0,0,0,0,0,0,0,0,2,2,200600,0,0,0,0,0,0,0,0,0
201906,24,045,3,5,Wicomico County               ,17,17,3218402,0,0,0,0,0,0,1,5,439865,17,17,3218402,0,0,0,0,0,0,1,5,439865
201906,24,510,3,5,Baltimore (Independent City)  ,0,0,0,0,0,0,0,0,0,2,116,16630000,0,0,0,0,0,0,0,0,0,2,116,16630000
201906,25,005,1,1,Bristol County                ,63,63,14239054,6,12,1429586,0,0,0,0,0,0,29,29,7322150,3,6,903500,0,0,0,0,0,0
201906,25,009,1,1,Essex County                  ,32,32,10288644,6,12,2032755,0,0,0,2,10,1617460,20,20,6235123,3,6,954657,0,0,0,0,0,0
201906,25,017,1,1,Middlesex County              ,102,102,31331118,6,12,2946420,2,6,1413210,9,382,59129474,42,42,12388352,0,0,0,0,0,0,2,248,38112860
201906,25,021,1,1,Norfolk County                ,57,57,25317424,1,2,377860,1,3,660000,5,50,5249558,19,19,10583072,0,0,0,0,0,0,0,0,0
201906,25,023,1,1,Plymouth County               ,83,83,21605579,0,0,0,0,0,0,3,16,1797965,45,45,12103865,0,0,0,0,0,0,0,0,0
201906,25,025,1,1,Suffolk County                ,4,4,877673,5,10,1675385,6,18,3133888,10,347,105497415,2,2,524817,4,8,1456000,6,18,3133888,8,334,102637005
201906,26,000,2,3,Michigan Balance of State     ,7,7,1314058,0,0,0,0,0,0,0,0,0,0,0,0,0,0,0,0,0,0,0,0,0
201906,26,019,2,3,Benzie County                 ,8,8,2192943,0,0,0,0,0,0,0,0,0,0,0,0,0,0,0,0,0,0,0,0,0
201906,26,029,2,3,Charlevoix County             ,11,11,2798008,1,2,226390,0,0,0,0,0,0,0,0,0,0,0,0,0,0,0,0,0,0
201906,26,089,2,3,Leelanau County               ,19,19,4408858,0,0,0,0,0,0,0,0,0,0,0,0,0,0,0,0,0,0,0,0,0
201906,26,093,2,3,Livingston County             ,47,47,12793848,8,16,1815606,4,16,1500000,0,0,0,45,45,12527128,8,16,1815606,4,16,1500000,0,0,0
201906,26,095,2,3,Luce County                   ,1,1,98333,0,0,0,0,0,0,0,0,0,0,0,0,0,0,0,0,0,0,0,0,0
201906,26,099,2,3,Macomb County                 ,128,128,44165608,3,6,1454504,4,12,3546564,3,33,3931910,125,125,43674775,2,4,1314504,4,12,3546564,2,28,3806910
201906,26,103,2,3,Marquette County              ,13,13,3177000,0,0,0,0,0,0,0,0,0,13,13,3177000,0,0,0,0,0,0,0,0,0
201906,26,137,2,3,Otsego County                 ,2,2,162000,0,0,0,0,0,0,0,0,0,0,0,0,0,0,0,0,0,0,0,0,0
201906,26,147,2,3,St. Clair County              ,32,32,6136318,0,0,0,0,0,0,0,0,0,26,26,4985796,0,0,0,0,0,0,0,0,0
201906,26,163,2,3,Wayne County                  ,73,73,21941159,0,0,0,0,0,0,1,65,3000000,57,57,19493966,0,0,0,0,0,0,1,65,3000000
201906,27,003,2,4,Anoka County                  ,110,110,30262067,0,0,0,0,0,0,1,14,1985502,86,86,24643063,0,0,0,0,0,0,0,0,0
201906,27,019,2,4,Carver County                 ,64,64,19229737,1,2,405090,1,4,675000,0,0,0,55,55,16530139,1,2,405090,1,4,675000,0,0,0
201906,27,025,2,4,Chisago County                ,29,29,5247183,0,0,0,0,0,0,0,0,0,29,29,5247183,0,0,0,0,0,0,0,0,0
201906,27,027,2,4,Clay County                   ,29,29,5447500,0,0,0,0,0,0,0,0,0,29,29,5447500,0,0,0,0,0,0,0,0,0
201906,27,037,2,4,Dakota County                 ,98,98,31354779,0,0,0,0,0,0,2,119,13419080,94,94,29900072,0,0,0,0,0,0,1,109,12000000
201906,27,053,2,4,Hennepin County               ,162,162,67223380,0,0,0,0,0,0,4,325,48429229,141,141,60223235,0,0,0,0,0,0,2,311,45158982
201906,27,059,2,4,Isanti County                 ,20,20,3959520,0,0,0,0,0,0,0,0,0,6,6,1043129,0,0,0,0,0,0,0,0,0
201906,27,123,2,4,Ramsey County                 ,27,27,10669541,0,0,0,0,0,0,0,0,0,25,25,10149733,0,0,0,0,0,0,0,0,0
201906,27,139,2,4,Scott County                  ,75,75,24753074,0,0,0,0,0,0,0,0,0,56,56,19840516,0,0,0,0,0,0,0,0,0
201906,27,141,2,4,Sherburne County              ,60,60,13946941,0,0,0,0,0,0,0,0,0,59,59,13804996,0,0,0,0,0,0,0,0,0
201906,27,163,2,4,Washington County             ,112,112,34361931,0,0,0,0,0,0,0,0,0,105,105,31205792,0,0,0,0,0,0,0,0,0
201906,27,171,2,4,Wright County                 ,82,82,22695479,0,0,0,0,0,0,1,5,514626,80,80,22282995,0,0,0,0,0,0,0,0,0
201906,28,033,3,6,DeSoto County                 ,153,153,26901472,0,0,0,0,0,0,0,0,0,148,148,26407623,0,0,0,0,0,0,0,0,0
201906,28,041,3,6,Greene County                 ,0,0,0,0,0,0,0,0,0,0,0,0,0,0,0,0,0,0,0,0,0,0,0,0
201906,28,045,3,6,Hancock County                ,38,38,6769354,0,0,0,1,3,301084,1,7,592639,10,10,2517127,0,0,0,0,0,0,0,0,0
201906,28,047,3,6,Harrison County               ,73,73,14909726,0,0,0,0,0,0,0,0,0,62,62,13660115,0,0,0,0,0,0,0,0,0
201906,28,067,3,6,Jones County                  ,0,0,0,0,0,0,0,0,0,0,0,0,0,0,0,0,0,0,0,0,0,0,0,0
201906,28,129,3,6,Smith County                  ,0,0,0,0,0,0,0,0,0,0,0,0,0,0,0,0,0,0,0,0,0,0,0,0
201906,28,137,3,6,Tate County                   ,10,10,1793448,0,0,0,0,0,0,0,0,0,7,7,1223000,0,0,0,0,0,0,0,0,0
201906,28,143,3,6,Tunica County                 ,9,9,2068202,0,0,0,0,0,0,0,0,0,0,0,0,0,0,0,0,0,0,0,0,0
201906,28,145,3,6,Union County                  ,1,1,225000,0,0,0,0,0,0,0,0,0,1,1,225000,0,0,0,0,0,0,0,0,0
201906,28,149,3,6,Warren County                 ,0,0,0,0,0,0,0,0,0,0,0,0,0,0,0,0,0,0,0,0,0,0,0,0
201906,29,013,2,4,Bates County                  ,1,1,135000,0,0,0,0,0,0,0,0,0,1,1,135000,0,0,0,0,0,0,0,0,0
201906,29,017,2,4,Bollinger County              ,0,0,0,0,0,0,0,0,0,0,0,0,0,0,0,0,0,0,0,0,0,0,0,0
201906,29,019,2,4,Boone County                  ,53,53,15321159,0,0,0,0,0,0,0,0,0,53,53,15321159,0,0,0,0,0,0,0,0,0
201906,29,049,2,4,Clinton County                ,6,6,1351487,0,0,0,0,0,0,0,0,0,2,2,500000,0,0,0,0,0,0,0,0,0
201906,29,065,2,4,Dent County                   ,0,0,0,0,0,0,0,0,0,0,0,0,0,0,0,0,0,0,0,0,0,0,0,0
201906,29,071,2,4,Franklin County               ,26,26,5896470,0,0,0,0,0,0,0,0,0,9,9,1803641,0,0,0,0,0,0,0,0,0
201906,29,095,2,4,Jackson County                ,154,154,37369579,2,4,724305,2,6,877507,0,0,0,148,148,35737099,2,4,724305,2,6,877507,0,0,0
201906,29,099,2,4,Jefferson County              ,47,47,11180466,0,0,0,0,0,0,0,0,0,41,41,10206755,0,0,0,0,0,0,0,0,0
201906,29,105,2,4,Laclede County                ,2,2,231100,1,2,259500,0,0,0,0,0,0,0,0,0,0,0,0,0,0,0,0,0,0
201906,29,107,2,4,Lafayette County              ,2,2,575000,0,0,0,0,0,0,0,0,0,2,2,575000,0,0,0,0,0,0,0,0,0
201906,29,113,2,4,Lincoln County                ,15,15,2774621,0,0,0,1,3,359288,0,0,0,10,10,1513000,0,0,0,0,0,0,0,0,0
201906,29,165,2,4,Platte County                 ,24,24,8176390,0,0,0,0,0,0,0,0,0,14,14,4781409,0,0,0,0,0,0,0,0,0
201906,29,185,2,4,St. Clair County              ,0,0,0,0,0,0,0,0,0,0,0,0,0,0,0,0,0,0,0,0,0,0,0,0
201906,29,189,2,4,St. Louis County              ,67,67,27451789,0,0,0,0,0,0,4,34,11468882,18,18,7499530,0,0,0,0,0,0,2,18,9000000
201906,29,219,2,4,Warren County                 ,29,29,6836590,0,0,0,2,8,1052059,2,12,1303945,29,29,6836590,0,0,0,2,8,1052059,2,12,1303945
201906,29,221,2,4,Washington County             ,0,0,0,0,0,0,0,0,0,0,0,0,0,0,0,0,0,0,0,0,0,0,0,0
201906,29,510,2,4,St. Louis (Independent City)  ,14,14,2680452,0,0,0,0,0,0,1,29,1816903,0,0,0,0,0,0,0,0,0,0,0,0
201906,30,013,4,8,Cascade County                ,9,9,2664896,0,0,0,0,0,0,0,0,0,9,9,2664896,0,0,0,0,0,0,0,0,0
201906,30,033,4,8,Garfield County               ,0,0,0,0,0,0,0,0,0,0,0,0,0,0,0,0,0,0,0,0,0,0,0,0
201906,30,063,4,8,Missoula County               ,45,45,9764873,4,8,794277,2,8,251074,1,6,205767,45,45,9764873,4,8,794277,2,8,251074,1,6,205767
201906,30,093,4,8,Silver Bow County             ,9,9,926978,0,0,0,0,0,0,0,0,0,9,9,926978,0,0,0,0,0,0,0,0,0
201906,31,001,2,4,Adams County                  ,1,1,273125,0,0,0,0,0,0,0,0,0,0,0,0,0,0,0,0,0,0,0,0,0
201906,31,025,2,4,Cass County                   ,8,8,1496641,0,0,0,0,0,0,0,0,0,1,1,292000,0,0,0,0,0,0,0,0,0
201906,31,033,2,4,Cheyenne County               ,1,1,226041,0,0,0,0,0,0,0,0,0,1,1,226041,0,0,0,0,0,0,0,0,0
201906,31,055,2,4,Douglas County                ,119,119,20912041,0,0,0,0,0,0,4,120,7290630,113,113,19428922,0,0,0,0,0,0,4,120,7290630
201906,31,105,2,4,Kimball County                ,0,0,0,0,0,0,0,0,0,0,0,0,0,0,0,0,0,0,0,0,0,0,0,0
201906,31,153,2,4,Sarpy County                  ,93,93,25186556,0,0,0,0,0,0,4,204,15741544,51,51,13584550,0,0,0,0,0,0,4,204,15741544
201906,31,165,2,4,Sioux County                  ,0,0,0,0,0,0,0,0,0,0,0,0,0,0,0,0,0,0,0,0,0,0,0,0
201906,31,177,2,4,Washington County             ,3,3,654875,0,0,0,0,0,0,0,0,0,3,3,654875,0,0,0,0,0,0,0,0,0
201906,32,001,4,8,Churchill County              ,23,23,3671047,0,0,0,0,0,0,0,0,0,23,23,3671047,0,0,0,0,0,0,0,0,0
201906,32,003,4,8,Clark County                  ,775,775,196856590,0,0,0,0,0,0,7,540,61607169,775,775,196856590,0,0,0,0,0,0,7,540,61607169
201906,32,005,4,8,Douglas County                ,12,12,7017251,0,0,0,0,0,0,0,0,0,12,12,7017251,0,0,0,0,0,0,0,0,0
201906,32,007,4,8,Elko County                   ,9,9,1469478,0,0,0,0,0,0,0,0,0,9,9,1469478,0,0,0,0,0,0,0,0,0
201906,32,013,4,8,Humboldt County               ,0,0,0,0,0,0,0,0,0,0,0,0,0,0,0,0,0,0,0,0,0,0,0,0
201906,32,015,4,8,Lander County                 ,0,0,0,0,0,0,0,0,0,0,0,0,0,0,0,0,0,0,0,0,0,0,0,0
201906,32,017,4,8,Lincoln County                ,1,1,285178,0,0,0,0,0,0,0,0,0,0,0,0,0,0,0,0,0,0,0,0,0
201906,32,019,4,8,Lyon County                   ,44,44,10512987,0,0,0,0,0,0,0,0,0,32,32,7406490,0,0,0,0,0,0,0,0,0
201906,32,021,4,8,Mineral County                ,0,0,0,0,0,0,0,0,0,0,0,0,0,0,0,0,0,0,0,0,0,0,0,0
201906,32,027,4,8,Pershing County               ,0,0,0,0,0,0,0,0,0,0,0,0,0,0,0,0,0,0,0,0,0,0,0,0
201906,32,029,4,8,Storey County                 ,1,1,187714,0,0,0,0,0,0,0,0,0,0,0,0,0,0,0,0,0,0,0,0,0
201906,32,031,4,8,Washoe County                 ,195,195,57727363,1,2,346829,3,12,2049287,22,588,98247309,147,147,43322139,1,2,346829,3,12,2049287,22,588,98247309
201906,32,033,4,8,White Pine County             ,1,1,308222,0,0,0,0,0,0,0,0,0,0,0,0,0,0,0,0,0,0,0,0,0
201906,32,510,4,8,Carson City (Independent City),16,16,4170795,0,0,0,0,0,0,1,11,1098290,0,0,0,0,0,0,0,0,0,0,0,0
201906,33,015,1,1,Rockingham County             ,64,64,18433343,5,10,1245739,0,0,0,1,8,637476,46,46,13294786,2,4,724000,0,0,0,0,0,0
201906,33,017,1,1,Strafford County              ,22,22,4656321,4,8,698949,0,0,0,1,17,1707906,7,7,1635409,3,6,430479,0,0,0,0,0,0
201906,34,001,1,2,Atlantic County               ,26,26,6671935,4,8,1053137,0,0,0,24,182,14288117,21,21,4556188,3,6,763425,0,0,0,22,144,10517100
201906,34,003,1,2,Bergen County                 ,56,56,18070095,7,14,2938902,1,3,1039000,11,301,32785862,32,32,9716205,7,14,2938902,1,3,1039000,3,231,27192906
201906,34,005,1,2,Burlington County             ,61,61,7341664,0,0,0,0,0,0,5,25,2303309,40,40,5419782,0,0,0,0,0,0,3,15,994966
201906,34,007,1,2,Camden County                 ,29,29,4409643,0,0,0,0,0,0,6,46,1950126,22,22,3039914,0,0,0,0,0,0,4,20,120001
201906,34,009,1,2,Cape May County               ,54,54,19226214,3,6,867125,1,3,540000,1,5,350000,50,50,16533848,3,6,867125,1,3,540000,1,5,350000
201906,34,011,1,2,Cumberland County             ,16,16,1387778,0,0,0,0,0,0,0,0,0,14,14,1202153,0,0,0,0,0,0,0,0,0
201906,34,013,1,2,Essex County                  ,41,41,22267519,6,12,1803943,5,16,4497667,7,129,11395306,22,22,20761473,6,12,1803943,3,10,529144,3,52,6075719
201906,34,015,1,2,Gloucester County             ,27,27,4236799,0,0,0,0,0,0,1,5,590971,13,13,2612560,0,0,0,0,0,0,0,0,0
201906,34,017,1,2,Hudson County                 ,402,402,2207862,6,12,1561920,10,33,2435361,8,123,13536905,400,400,2000335,3,6,754501,8,27,1570836,4,38,5639500
201906,34,019,1,2,Hunterdon County              ,15,15,1737290,1,2,233200,0,0,0,5,52,1041504,13,13,1417000,0,0,0,0,0,0,3,42,515000
201906,34,021,1,2,Mercer County                 ,4,4,675545,0,0,0,0,0,0,2,22,425617,3,3,420777,0,0,0,0,0,0,1,17,425000
201906,34,023,1,2,Middlesex County              ,29,29,5667511,1,2,305100,20,69,2141400,8,140,13918454,21,21,4234887,0,0,0,20,69,2141400,5,97,6960291
201906,34,025,1,2,Monmouth County               ,78,78,22528243,1,2,52000,0,0,0,6,112,11251490,48,48,14052574,0,0,0,0,0,0,2,90,9826000
201906,34,027,1,2,Morris County                 ,74,74,14033863,0,0,0,1,3,121825,3,34,4636350,48,48,9784781,0,0,0,0,0,0,0,0,0
201906,34,029,1,2,Ocean County                  ,136,136,32445123,6,12,40001,0,0,0,0,0,0,133,133,32006157,6,12,40001,0,0,0,0,0,0
201906,34,031,1,2,Passaic County                ,8,8,1701379,3,6,291696,0,0,0,4,41,2739888,1,1,239865,0,0,0,0,0,0,0,0,0
201906,34,033,1,2,Salem County                  ,3,3,494300,0,0,0,0,0,0,0,0,0,3,3,494300,0,0,0,0,0,0,0,0,0
201906,34,035,1,2,Somerset County               ,20,20,3878561,0,0,0,0,0,0,6,117,7558543,7,7,1989200,0,0,0,0,0,0,1,24,543000
201906,34,037,1,2,Sussex County                 ,6,6,1474052,0,0,0,0,0,0,0,0,0,6,6,1474052,0,0,0,0,0,0,0,0,0
201906,34,039,1,2,Union County                  ,22,22,4477999,11,22,1906592,0,0,0,4,33,1899492,17,17,3717203,2,4,597000,0,0,0,0,0,0
201906,34,041,1,2,Warren County                 ,16,16,2505867,0,0,0,0,0,0,0,0,0,11,11,1865850,0,0,0,0,0,0,0,0,0
201906,35,000,4,8,New Mexico Balance of State   ,38,38,10299633,0,0,0,0,0,0,0,0,0,0,0,0,0,0,0,0,0,0,0,0,0
201906,35,001,4,8,Bernalillo County             ,119,119,27505411,0,0,0,0,0,0,0,0,0,119,119,27505411,0,0,0,0,0,0,0,0,0
201906,35,005,4,8,Chaves County                 ,4,4,640748,0,0,0,0,0,0,0,0,0,2,2,348306,0,0,0,0,0,0,0,0,0
201906,35,009,4,8,Curry County                  ,5,5,1259171,0,0,0,0,0,0,1,5,460938,0,0,0,0,0,0,0,0,0,0,0,0
201906,35,013,4,8,Dona Ana County               ,79,79,19228957,0,0,0,0,0,0,0,0,0,79,79,19228957,0,0,0,0,0,0,0,0,0
201906,35,015,4,8,Eddy County                   ,26,26,6863884,0,0,0,0,0,0,0,0,0,26,26,6863884,0,0,0,0,0,0,0,0,0
201906,35,017,4,8,Grant County                  ,0,0,0,0,0,0,0,0,0,0,0,0,0,0,0,0,0,0,0,0,0,0,0,0
201906,35,025,4,8,Lea County                    ,15,15,3174353,0,0,0,0,0,0,0,0,0,0,0,0,0,0,0,0,0,0,0,0,0
201906,35,027,4,8,Lincoln County                ,4,4,1042261,0,0,0,0,0,0,0,0,0,4,4,1042261,0,0,0,0,0,0,0,0,0
201906,35,028,4,8,Los Alamos County             ,1,1,321488,0,0,0,0,0,0,0,0,0,0,0,0,0,0,0,0,0,0,0,0,0
201906,35,029,4,8,Luna County                   ,0,0,0,0,0,0,0,0,0,0,0,0,0,0,0,0,0,0,0,0,0,0,0,0
201906,35,031,4,8,McKinley County               ,0,0,0,0,0,0,0,0,0,0,0,0,0,0,0,0,0,0,0,0,0,0,0,0
201906,35,035,4,8,Otero County                  ,0,0,0,0,0,0,0,0,0,0,0,0,0,0,0,0,0,0,0,0,0,0,0,0
201906,35,041,4,8,Roosevelt County              ,2,2,307813,0,0,0,0,0,0,0,0,0,0,0,0,0,0,0,0,0,0,0,0,0
201906,35,043,4,8,Sandoval County               ,61,61,13480473,0,0,0,0,0,0,1,6,250000,0,0,0,0,0,0,0,0,0,0,0,0
201906,35,045,4,8,San Juan County               ,7,7,2398791,0,0,0,0,0,0,0,0,0,7,7,2398791,0,0,0,0,0,0,0,0,0
201906,35,047,4,8,San Miguel County             ,0,0,0,0,0,0,0,0,0,0,0,0,0,0,0,0,0,0,0,0,0,0,0,0
201906,35,049,4,8,Santa Fe County               ,21,21,5521321,0,0,0,0,0,0,1,5,344000,0,0,0,0,0,0,0,0,0,0,0,0
201906,35,051,4,8,Sierra County                 ,0,0,0,0,0,0,0,0,0,0,0,0,0,0,0,0,0,0,0,0,0,0,0,0
201906,35,055,4,8,Taos County                   ,11,11,1335197,0,0,0,0,0,0,0,0,0,0,0,0,0,0,0,0,0,0,0,0,0
201906,35,061,4,8,Valencia County               ,9,9,1568629,0,0,0,0,0,0,0,0,0,9,9,1568629,0,0,0,0,0,0,0,0,0
201906,36,001,1,2,Albany County                 ,19,19,4854856,1,2,330000,0,0,0,1,11,1804557,16,16,4197567,1,2,330000,0,0,0,0,0,0
201906,36,005,1,2,Bronx County                  ,1,1,262409,3,6,901972,3,9,1197432,6,310,39994742,1,1,262409,3,6,901972,3,9,1197432,6,310,39994742
201906,36,029,1,2,Erie County                   ,68,68,21131581,1,2,575000,0,0,0,5,94,10760152,52,52,14285926,0,0,0,0,0,0,4,72,5824235
201906,36,047,1,2,Kings County                  ,3,3,787226,2,4,601314,5,15,1995720,13,676,87214341,3,3,787226,2,4,601314,5,15,1995720,13,676,87214341
201906,36,051,1,2,Livingston County             ,2,2,345000,0,0,0,0,0,0,1,5,312500,1,1,200000,0,0,0,0,0,0,0,0,0
201906,36,055,1,2,Monroe County                 ,60,60,15832188,0,0,0,1,3,482727,1,21,403340,42,42,12726010,0,0,0,0,0,0,1,21,403340
201906,36,059,1,2,Nassau County                 ,56,56,19427533,7,14,3908000,0,0,0,0,0,0,16,16,9826378,6,12,3633000,0,0,0,0,0,0
201906,36,061,1,2,New York County               ,0,0,0,0,0,0,1,4,532192,5,422,54444455,0,0,0,0,0,0,1,4,532192,5,422,54444455
201906,36,063,1,2,Niagara County                ,14,14,4144051,0,0,0,0,0,0,0,0,0,10,10,2933885,0,0,0,0,0,0,0,0,0
201906,36,069,1,2,Ontario County                ,29,29,7421957,0,0,0,0,0,0,0,0,0,23,23,5880153,0,0,0,0,0,0,0,0,0
201906,36,073,1,2,Orleans County                ,1,1,100000,0,0,0,0,0,0,0,0,0,1,1,100000,0,0,0,0,0,0,0,0,0
201906,36,079,1,2,Putnam County                 ,6,6,5244262,0,0,0,0,0,0,0,0,0,4,4,4810600,0,0,0,0,0,0,0,0,0
201906,36,081,1,2,Queens County                 ,9,9,2361678,14,28,4209201,6,18,2394864,7,713,91987907,9,9,2361678,14,28,4209201,6,18,2394864,7,713,91987907
201906,36,083,1,2,Rensselaer County             ,12,12,2656420,2,4,687333,0,0,0,1,5,764423,9,9,1756670,0,0,0,0,0,0,0,0,0
201906,36,085,1,2,Richmond County               ,14,14,3673722,10,20,3006572,0,0,0,0,0,0,14,14,3673722,10,20,3006572,0,0,0,0,0,0
201906,36,087,1,2,Rockland County               ,6,6,2137109,3,6,875953,3,12,1696696,2,13,1943424,3,3,1322000,0,0,0,0,0,0,0,0,0
201906,36,091,1,2,Saratoga County               ,45,45,13906719,0,0,0,1,3,465000,2,26,2585285,23,23,6560270,0,0,0,0,0,0,0,0,0
201906,36,093,1,2,Schenectady County            ,8,8,1783525,0,0,0,0,0,0,0,0,0,5,5,1103900,0,0,0,0,0,0,0,0,0
201906,36,095,1,2,Schoharie County              ,1,1,312000,0,0,0,0,0,0,0,0,0,0,0,0,0,0,0,0,0,0,0,0,0
201906,36,099,1,2,Seneca County                 ,2,2,235000,0,0,0,0,0,0,0,0,0,2,2,235000,0,0,0,0,0,0,0,0,0
201906,36,103,1,2,Suffolk County                ,44,44,37341032,0,0,0,1,4,497230,1,13,1474621,29,29,26546596,0,0,0,0,0,0,0,0,0
201906,36,117,1,2,Wayne County                  ,7,7,1508917,0,0,0,0,0,0,0,0,0,6,6,1184700,0,0,0,0,0,0,0,0,0
201906,36,119,1,2,Westchester County            ,49,49,12587301,1,2,247500,0,0,0,4,78,9638503,38,38,8872885,0,0,0,0,0,0,0,0,0
201906,37,007,3,5,Anson County                  ,4,4,599460,0,0,0,0,0,0,0,0,0,0,0,0,0,0,0,0,0,0,0,0,0
201906,37,011,3,5,Avery County                  ,9,9,6379831,0,0,0,0,0,0,0,0,0,9,9,6379831,0,0,0,0,0,0,0,0,0
201906,37,015,3,5,Bertie County                 ,1,1,267338,0,0,0,0,0,0,0,0,0,0,0,0,0,0,0,0,0,0,0,0,0
201906,37,025,3,5,Cabarrus County               ,148,148,24636166,0,0,0,0,0,0,11,244,14812005,148,148,24636166,0,0,0,0,0,0,11,244,14812005
201906,37,033,3,5,Caswell County                ,2,2,328446,0,0,0,0,0,0,0,0,0,2,2,328446,0,0,0,0,0,0,0,0,0
201906,37,037,3,5,Chatham County                ,60,60,18779323,0,0,0,0,0,0,0,0,0,60,60,18779323,0,0,0,0,0,0,0,0,0
201906,37,051,3,5,Cumberland County             ,40,40,7383992,4,8,1372816,0,0,0,0,0,0,40,40,7383992,4,8,1372816,0,0,0,0,0,0
201906,37,053,3,5,Currituck County              ,28,28,9570175,0,0,0,0,0,0,0,0,0,28,28,9570175,0,0,0,0,0,0,0,0,0
201906,37,059,3,5,Davie County                  ,14,14,2948338,0,0,0,0,0,0,1,19,749259,0,0,0,0,0,0,0,0,0,0,0,0
201906,37,063,3,5,Durham County                 ,173,173,33122911,1,2,169897,0,0,0,2,87,7059699,0,0,0,0,0,0,0,0,0,0,0,0
201906,37,069,3,5,Franklin County               ,159,159,27250655,0,0,0,0,0,0,0,0,0,159,159,27250655,0,0,0,0,0,0,0,0,0
201906,37,071,3,5,Gaston County                 ,112,112,35464224,0,0,0,0,0,0,0,0,0,112,112,35464224,0,0,0,0,0,0,0,0,0
201906,37,077,3,5,Granville County              ,24,24,4942055,0,0,0,0,0,0,0,0,0,24,24,4942055,0,0,0,0,0,0,0,0,0
201906,37,081,3,5,Guilford County               ,122,122,31036468,0,0,0,0,0,0,0,0,0,122,122,31036468,0,0,0,0,0,0,0,0,0
201906,37,089,3,5,Henderson County              ,45,45,13854272,0,0,0,0,0,0,0,0,0,45,45,13854272,0,0,0,0,0,0,0,0,0
201906,37,093,3,5,Hoke County                   ,20,20,4749134,0,0,0,0,0,0,0,0,0,20,20,4749134,0,0,0,0,0,0,0,0,0
201906,37,097,3,5,Iredell County                ,141,141,38167828,0,0,0,0,0,0,0,0,0,141,141,38167828,0,0,0,0,0,0,0,0,0
201906,37,101,3,5,Johnston County               ,254,254,40376563,0,0,0,0,0,0,0,0,0,251,251,39851744,0,0,0,0,0,0,0,0,0
201906,37,119,3,5,Mecklenburg County            ,387,387,91895744,0,0,0,0,0,0,22,627,87468740,387,387,91895744,0,0,0,0,0,0,22,627,87468740
201906,37,133,3,5,Onslow County                 ,67,67,10287937,0,0,0,0,0,0,0,0,0,67,67,10287937,0,0,0,0,0,0,0,0,0
201906,37,135,3,5,Orange County                 ,41,41,13790616,1,2,150000,0,0,0,0,0,0,9,9,3200211,1,2,150000,0,0,0,0,0,0
201906,37,145,3,5,Person County                 ,7,7,1674705,0,0,0,0,0,0,0,0,0,7,7,1674705,0,0,0,0,0,0,0,0,0
201906,37,151,3,5,Randolph County               ,15,15,3421809,0,0,0,0,0,0,0,0,0,15,15,3421809,0,0,0,0,0,0,0,0,0
201906,37,157,3,5,Rockingham County             ,15,15,3530288,0,0,0,0,0,0,0,0,0,0,0,0,0,0,0,0,0,0,0,0,0
201906,37,179,3,5,Union County                  ,176,176,40217027,0,0,0,0,0,0,0,0,0,176,176,40217027,0,0,0,0,0,0,0,0,0
201906,37,181,3,5,Vance County                  ,3,3,496145,0,0,0,0,0,0,0,0,0,3,3,496145,0,0,0,0,0,0,0,0,0
201906,37,183,3,5,Wake County                   ,784,784,169152545,1,2,490905,0,0,0,7,566,79332947,753,753,163471523,1,2,490905,0,0,0,7,566,79332947
201906,37,195,3,5,Wilson County                 ,24,24,3017541,0,0,0,0,0,0,0,0,0,24,24,3017541,0,0,0,0,0,0,0,0,0
201906,39,007,2,3,Ashtabula County              ,10,10,2007848,1,2,249375,0,0,0,0,0,0,0,0,0,0,0,0,0,0,0,0,0,0
201906,39,015,2,3,Brown County                  ,8,8,2165858,0,0,0,0,0,0,0,0,0,8,8,2165858,0,0,0,0,0,0,0,0,0
201906,39,017,2,3,Butler County                 ,65,65,13604504,0,0,0,0,0,0,0,0,0,53,53,11627287,0,0,0,0,0,0,0,0,0
201906,39,025,2,3,Clermont County               ,38,38,7837737,0,0,0,1,4,540000,0,0,0,38,38,7837737,0,0,0,1,4,540000,0,0,0
201906,39,041,2,3,Delaware County               ,113,113,28873302,6,12,1848000,5,20,3172000,2,11,1757000,90,90,24689696,6,12,1848000,5,20,3172000,2,11,1757000
201906,39,049,2,3,Franklin County               ,100,100,27769835,0,0,0,3,12,1331056,7,281,27025000,83,83,22263255,0,0,0,3,12,1331056,6,276,26800000
201906,39,055,2,3,Geauga County                 ,18,18,4700000,0,0,0,0,0,0,0,0,0,18,18,4700000,0,0,0,0,0,0,0,0,0
201906,39,085,2,3,Lake County                   ,61,61,12209768,0,0,0,0,0,0,0,0,0,61,61,12209768,0,0,0,0,0,0,0,0,0
201906,39,089,2,3,Licking County                ,24,24,6780775,0,0,0,0,0,0,0,0,0,23,23,6522071,0,0,0,0,0,0,0,0,0
201906,39,093,2,3,Lorain County                 ,92,92,17505043,2,4,528761,1,4,360000,2,13,394832,36,36,5181638,0,0,0,1,4,360000,2,13,394832
201906,39,097,2,3,Madison County                ,9,9,2838330,0,0,0,0,0,0,0,0,0,2,2,541464,0,0,0,0,0,0,0,0,0
201906,39,103,2,3,Medina County                 ,45,45,14030854,0,0,0,0,0,0,0,0,0,45,45,14030854,0,0,0,0,0,0,0,0,0
201906,39,117,2,3,Morrow County                 ,6,6,1612174,0,0,0,0,0,0,0,0,0,5,5,1353661,0,0,0,0,0,0,0,0,0
201906,39,159,2,3,Union County                  ,51,51,13807342,0,0,0,0,0,0,1,32,1235838,51,51,13807342,0,0,0,0,0,0,1,32,1235838
201906,39,165,2,3,Warren County                 ,104,104,26979694,1,2,324422,0,0,0,1,8,890900,88,88,22200854,1,2,324422,0,0,0,1,8,890900
201906,40,001,3,7,Adair County                  ,1,1,155676,0,0,0,0,0,0,0,0,0,0,0,0,0,0,0,0,0,0,0,0,0
201906,40,017,3,7,Canadian County               ,48,48,13865300,0,0,0,0,0,0,0,0,0,31,31,10393630,0,0,0,0,0,0,0,0,0
201906,40,021,3,7,Cherokee County               ,5,5,656191,0,0,0,0,0,0,1,5,244048,0,0,0,0,0,0,0,0,0,0,0,0
201906,40,027,3,7,Cleveland County              ,45,45,8841222,0,0,0,0,0,0,0,0,0,45,45,8841222,0,0,0,0,0,0,0,0,0
201906,40,029,3,7,Coal County                   ,0,0,0,0,0,0,0,0,0,0,0,0,0,0,0,0,0,0,0,0,0,0,0,0
201906,40,037,3,7,Creek County                  ,9,9,2200089,0,0,0,0,0,0,1,11,846154,4,4,1087457,0,0,0,0,0,0,0,0,0
201906,40,051,3,7,Grady County                  ,4,4,1889454,0,0,0,0,0,0,0,0,0,4,4,1889454,0,0,0,0,0,0,0,0,0
201906,40,055,3,7,Greer County                  ,0,0,0,0,0,0,0,0,0,0,0,0,0,0,0,0,0,0,0,0,0,0,0,0
201906,40,081,3,7,Lincoln County                ,0,0,0,0,0,0,0,0,0,0,0,0,0,0,0,0,0,0,0,0,0,0,0,0
201906,40,083,3,7,Logan County                  ,0,0,0,0,0,0,0,0,0,0,0,0,0,0,0,0,0,0,0,0,0,0,0,0
201906,40,087,3,7,McClain County                ,22,22,4308340,0,0,0,0,0,0,0,0,0,10,10,1733800,0,0,0,0,0,0,0,0,0
201906,40,109,3,7,Oklahoma County               ,325,325,70962107,24,48,3758400,0,0,0,0,0,0,312,312,68877168,24,48,3758400,0,0,0,0,0,0
201906,40,111,3,7,Okmulgee County               ,4,4,500000,0,0,0,0,0,0,0,0,0,4,4,500000,0,0,0,0,0,0,0,0,0
201906,40,113,3,7,Osage County                  ,10,10,1997093,0,0,0,0,0,0,1,8,500000,10,10,1997093,0,0,0,0,0,0,1,8,500000
201906,40,117,3,7,Pawnee County                 ,0,0,0,0,0,0,0,0,0,0,0,0,0,0,0,0,0,0,0,0,0,0,0,0
201906,40,131,3,7,Rogers County                 ,46,46,4346665,0,0,0,0,0,0,0,0,0,46,46,4346665,0,0,0,0,0,0,0,0,0
201906,40,143,3,7,Tulsa County                  ,157,157,33205717,1,2,201667,0,0,0,0,0,0,146,146,31212322,0,0,0,0,0,0,0,0,0
201906,40,145,3,7,Wagoner County                ,39,39,6554253,0,0,0,0,0,0,0,0,0,39,39,6554253,0,0,0,0,0,0,0,0,0
201906,41,000,4,9,Oregon Balance of State       ,16,16,1933513,0,0,0,0,0,0,0,0,0,0,0,0,0,0,0,0,0,0,0,0,0
201906,41,005,4,9,Clackamas County              ,114,114,36990165,0,0,0,0,0,0,0,0,0,109,109,35144251,0,0,0,0,0,0,0,0,0
201906,41,017,4,9,Deschutes County              ,120,120,33001818,3,6,965299,0,0,0,1,8,800000,120,120,33001818,3,6,965299,0,0,0,1,8,800000
201906,41,019,4,9,Douglas County                ,34,34,9648415,0,0,0,0,0,0,0,0,0,34,34,9648415,0,0,0,0,0,0,0,0,0
201906,41,025,4,9,Harney County                 ,0,0,0,0,0,0,0,0,0,0,0,0,0,0,0,0,0,0,0,0,0,0,0,0
201906,41,035,4,9,Klamath County                ,12,12,3902357,0,0,0,0,0,0,0,0,0,12,12,3902357,0,0,0,0,0,0,0,0,0
201906,41,051,4,9,Multnomah County              ,69,69,19762025,8,16,3079924,2,8,1532765,8,120,11964723,69,69,19762025,8,16,3079924,2,8,1532765,8,120,11964723
201906,41,067,4,9,Washington County             ,197,197,56308463,1,2,303701,2,6,498472,4,84,12616120,197,197,56308463,1,2,303701,2,6,498472,4,84,12616120
201906,41,071,4,9,Yamhill County                ,35,35,9493269,1,2,163969,0,0,0,1,5,535673,15,15,4480969,1,2,163969,0,0,0,0,0,0
201906,42,001,1,2,Adams County                  ,28,28,14926635,0,0,0,0,0,0,0,0,0,28,28,14926635,0,0,0,0,0,0,0,0,0
201906,42,017,1,2,Bucks County                  ,70,70,19553803,0,0,0,0,0,0,1,5,505512,45,45,13387582,0,0,0,0,0,0,0,0,0
201906,42,029,1,2,Chester County                ,86,86,18400239,4,8,2391353,2,7,1220587,1,7,1414000,59,59,11553083,4,8,2391353,1,4,823644,1,7,1414000
201906,42,037,1,2,Columbia County               ,4,4,902400,7,14,2000000,0,0,0,1,6,790693,3,3,708000,7,14,2000000,0,0,0,0,0,0
201906,42,041,1,2,Cumberland County             ,63,63,14011861,0,0,0,1,4,553400,8,103,12785628,51,51,11511225,0,0,0,1,4,553400,6,74,8958584
201906,42,043,1,2,Dauphin County                ,31,31,5932951,0,0,0,2,7,971770,4,160,16966040,25,25,5234645,0,0,0,2,7,971770,4,160,16966040
201906,42,045,1,2,Delaware County               ,19,19,5254936,1,2,455520,0,0,0,0,0,0,1,1,600000,0,0,0,0,0,0,0,0,0
201906,42,055,1,2,Franklin County               ,31,31,7808738,0,0,0,0,0,0,1,5,650767,24,24,5946595,0,0,0,0,0,0,0,0,0
201906,42,091,1,2,Montgomery County             ,70,70,16453397,1,2,408460,2,8,1231370,3,89,19450037,45,45,10733646,1,2,408460,2,8,1231370,2,72,17500000
201906,42,093,1,2,Montour County                ,2,2,473153,0,0,0,0,0,0,0,0,0,1,1,230000,0,0,0,0,0,0,0,0,0
201906,42,099,1,2,Perry County                  ,7,7,1829110,0,0,0,0,0,0,0,0,0,0,0,0,0,0,0,0,0,0,0,0,0
201906,42,101,1,2,Philadelphia County           ,86,86,22567147,14,28,4067380,13,46,4369020,8,166,13983000,86,86,22567147,14,28,4067380,13,46,4369020,8,166,13983000
201906,42,103,1,2,Pike County                   ,6,6,1779600,0,0,0,0,0,0,0,0,0,4,4,1247560,0,0,0,0,0,0,0,0,0
201906,44,001,1,1,Bristol County                ,5,5,6325000,0,0,0,0,0,0,0,0,0,5,5,6325000,0,0,0,0,0,0,0,0,0
201906,44,003,1,1,Kent County                   ,9,9,1584700,0,0,0,0,0,0,1,5,429000,0,0,0,0,0,0,0,0,0,0,0,0
201906,44,005,1,1,Newport County                ,13,13,4432427,1,2,187000,0,0,0,0,0,0,13,13,4432427,1,2,187000,0,0,0,0,0,0
201906,44,007,1,1,Providence County             ,20,20,4321880,1,2,180000,0,0,0,1,6,962240,10,10,2914904,0,0,0,0,0,0,1,6,962240
201906,44,009,1,1,Washington County             ,31,31,8072510,2,4,796364,0,0,0,1,5,77500,19,19,4279506,0,0,0,0,0,0,0,0,0
201906,45,003,3,5,Aiken County                  ,66,66,14282922,0,0,0,0,0,0,0,0,0,57,57,12480732,0,0,0,0,0,0,0,0,0
201906,45,009,3,5,Bamberg County                ,1,1,180000,0,0,0,0,0,0,0,0,0,1,1,180000,0,0,0,0,0,0,0,0,0
201906,45,015,3,5,Berkeley County               ,100,100,27695407,0,0,0,0,0,0,1,25,589802,67,67,20643066,0,0,0,0,0,0,0,0,0
201906,45,017,3,5,Calhoun County                ,3,3,502052,0,0,0,0,0,0,0,0,0,0,0,0,0,0,0,0,0,0,0,0,0
201906,45,019,3,5,Charleston County             ,209,209,58722539,0,0,0,1,3,238125,4,81,5264971,101,101,42722562,0,0,0,0,0,0,0,0,0
201906,45,035,3,5,Dorchester County             ,102,102,27968000,0,0,0,0,0,0,0,0,0,102,102,27968000,0,0,0,0,0,0,0,0,0
201906,45,037,3,5,Edgefield County              ,17,17,4164700,0,0,0,0,0,0,0,0,0,17,17,4164700,0,0,0,0,0,0,0,0,0
201906,45,039,3,5,Fairfield County              ,3,3,529875,0,0,0,0,0,0,0,0,0,3,3,529875,0,0,0,0,0,0,0,0,0
201906,45,045,3,5,Greenville County             ,273,273,63935427,3,6,1635000,0,0,0,1,5,176376,271,271,63404833,3,6,1635000,0,0,0,0,0,0
201906,45,051,3,5,Horry County                  ,443,443,67131336,0,0,0,0,0,0,0,0,0,416,416,60304189,0,0,0,0,0,0,0,0,0
201906,45,055,3,5,Kershaw County                ,18,18,2618413,0,0,0,0,0,0,0,0,0,18,18,2618413,0,0,0,0,0,0,0,0,0
201906,45,059,3,5,Laurens County                ,23,23,2475392,0,0,0,0,0,0,0,0,0,23,23,2475392,0,0,0,0,0,0,0,0,0
201906,45,063,3,5,Lexington County              ,164,164,41057951,0,0,0,0,0,0,0,0,0,28,28,6151066,0,0,0,0,0,0,0,0,0
201906,45,077,3,5,Pickens County                ,49,49,10530361,0,0,0,0,0,0,0,0,0,28,28,7381982,0,0,0,0,0,0,0,0,0
201906,45,079,3,5,Richland County               ,188,188,25727267,0,0,0,0,0,0,2,32,2367085,40,40,7111461,0,0,0,0,0,0,0,0,0
201906,45,081,3,5,Saluda County                 ,3,3,638041,0,0,0,0,0,0,0,0,0,0,0,0,0,0,0,0,0,0,0,0,0
201906,45,085,3,5,Sumter County                 ,21,21,2581676,0,0,0,0,0,0,0,0,0,21,21,2581676,0,0,0,0,0,0,0,0,0
201906,45,091,3,5,York County                   ,208,208,71045391,0,0,0,0,0,0,1,11,1248661,24,24,6646542,0,0,0,0,0,0,0,0,0
201906,46,007,2,4,Bennett County                ,0,0,0,0,0,0,0,0,0,0,0,0,0,0,0,0,0,0,0,0,0,0,0,0
201906,46,055,2,4,Haakon County                 ,0,0,0,0,0,0,0,0,0,0,0,0,0,0,0,0,0,0,0,0,0,0,0,0
201906,46,071,2,4,Jackson County                ,0,0,0,0,0,0,0,0,0,0,0,0,0,0,0,0,0,0,0,0,0,0,0,0
201906,46,111,2,4,Sanborn County                ,3,3,753000,0,0,0,0,0,0,0,0,0,3,3,753000,0,0,0,0,0,0,0,0,0
201906,47,001,3,6,Anderson County               ,13,13,2422146,0,0,0,0,0,0,0,0,0,8,8,1826060,0,0,0,0,0,0,0,0,0
201906,47,015,3,6,Cannon County                 ,5,5,860000,0,0,0,0,0,0,0,0,0,5,5,860000,0,0,0,0,0,0,0,0,0
201906,47,021,3,6,Cheatham County               ,32,32,6659960,0,0,0,0,0,0,0,0,0,32,32,6659960,0,0,0,0,0,0,0,0,0
201906,47,037,3,6,Davidson County               ,312,312,83231960,0,0,0,0,0,0,8,223,21535052,312,312,83231960,0,0,0,0,0,0,8,223,21535052
201906,47,043,3,6,Dickson County                ,28,28,5400394,0,0,0,0,0,0,0,0,0,6,6,972457,0,0,0,0,0,0,0,0,0
201906,47,049,3,6,Fentress County               ,0,0,0,0,0,0,0,0,0,0,0,0,0,0,0,0,0,0,0,0,0,0,0,0
201906,47,081,3,6,Hickman County                ,11,11,945851,0,0,0,0,0,0,0,0,0,11,11,945851,0,0,0,0,0,0,0,0,0
201906,47,093,3,6,Knox County                   ,159,159,33510043,0,0,0,0,0,0,1,18,2188509,28,28,5415112,0,0,0,0,0,0,0,0,0
201906,47,105,3,6,Loudon County                 ,17,17,5492718,0,0,0,0,0,0,0,0,0,14,14,4935232,0,0,0,0,0,0,0,0,0
201906,47,125,3,6,Montgomery County             ,148,148,21364575,0,0,0,0,0,0,1,6,525000,148,148,21364575,0,0,0,0,0,0,1,6,525000
201906,47,139,3,6,Polk County                   ,16,16,2881985,0,0,0,0,0,0,0,0,0,0,0,0,0,0,0,0,0,0,0,0,0
201906,47,149,3,6,Rutherford County             ,284,284,40810707,1,2,241156,0,0,0,3,82,9089237,149,149,11691802,0,0,0,0,0,0,0,0,0
201906,47,153,3,6,Sequatchie County             ,0,0,0,0,0,0,0,0,0,0,0,0,0,0,0,0,0,0,0,0,0,0,0,0
201906,47,157,3,6,Shelby County                 ,77,77,20501873,0,0,0,0,0,0,1,85,8600053,18,18,6625879,0,0,0,0,0,0,0,0,0
201906,47,159,3,6,Smith County                  ,9,9,1824389,0,0,0,0,0,0,0,0,0,7,7,1510000,0,0,0,0,0,0,0,0,0
201906,47,161,3,6,Stewart County                ,1,1,162250,0,0,0,0,0,0,0,0,0,0,0,0,0,0,0,0,0,0,0,0,0
201906,47,165,3,6,Sumner County                 ,139,139,38521784,0,0,0,0,0,0,0,0,0,139,139,38521784,0,0,0,0,0,0,0,0,0
201906,47,167,3,6,Tipton County                 ,16,16,2943258,0,0,0,0,0,0,0,0,0,10,10,2147770,0,0,0,0,0,0,0,0,0
201906,47,169,3,6,Trousdale County              ,8,8,1194000,0,0,0,0,0,0,0,0,0,8,8,1194000,0,0,0,0,0,0,0,0,0
201906,47,173,3,6,Union County                  ,6,6,1230000,0,0,0,0,0,0,0,0,0,6,6,1230000,0,0,0,0,0,0,0,0,0
201906,47,175,3,6,Van Buren County              ,0,0,0,0,0,0,0,0,0,0,0,0,0,0,0,0,0,0,0,0,0,0,0,0
201906,47,189,3,6,Wilson County                 ,102,102,29362667,1,2,115000,0,0,0,0,0,0,60,60,14538956,1,2,115000,0,0,0,0,0,0
201906,48,013,3,7,Atascosa County               ,1,1,175280,0,0,0,0,0,0,0,0,0,0,0,0,0,0,0,0,0,0,0,0,0
201906,48,015,3,7,Austin County                 ,1,1,237457,0,0,0,0,0,0,0,0,0,1,1,237457,0,0,0,0,0,0,0,0,0
201906,48,019,3,7,Bandera County                ,0,0,0,0,0,0,0,0,0,0,0,0,0,0,0,0,0,0,0,0,0,0,0,0
201906,48,021,3,7,Bastrop County                ,10,10,1864695,0,0,0,0,0,0,0,0,0,5,5,1279813,0,0,0,0,0,0,0,0,0
201906,48,025,3,7,Bee County                    ,0,0,0,1,2,150000,0,0,0,0,0,0,0,0,0,0,0,0,0,0,0,0,0,0
201906,48,027,3,7,Bell County                   ,142,142,30416584,4,8,590370,0,0,0,0,0,0,60,60,15544545,0,0,0,0,0,0,0,0,0
201906,48,029,3,7,Bexar County                  ,443,443,101853043,0,0,0,7,26,2114371,15,426,35387913,397,397,95634217,0,0,0,7,26,2114371,15,426,35387913
201906,48,051,3,7,Burleson County               ,1,1,162260,0,0,0,0,0,0,0,0,0,0,0,0,0,0,0,0,0,0,0,0,0
201906,48,055,3,7,Caldwell County               ,22,22,4379747,0,0,0,0,0,0,0,0,0,2,2,364990,0,0,0,0,0,0,0,0,0
201906,48,085,3,7,Collin County                 ,792,792,231806332,0,0,0,0,0,0,3,915,117500000,612,612,166962584,0,0,0,0,0,0,3,915,117500000
201906,48,091,3,7,Comal County                  ,136,136,32294112,0,0,0,0,0,0,0,0,0,136,136,32294112,0,0,0,0,0,0,0,0,0
201906,48,099,3,7,Coryell County                ,14,14,1767604,0,0,0,0,0,0,0,0,0,14,14,1767604,0,0,0,0,0,0,0,0,0
201906,48,107,3,7,Crosby County                 ,0,0,0,0,0,0,0,0,0,0,0,0,0,0,0,0,0,0,0,0,0,0,0,0
201906,48,113,3,7,Dallas County                 ,381,381,108035968,4,8,894730,3,11,2697000,10,623,71138035,340,340,92041376,4,8,894730,3,11,2697000,3,331,37153095
201906,48,119,3,7,Delta County                  ,0,0,0,0,0,0,0,0,0,0,0,0,0,0,0,0,0,0,0,0,0,0,0,0
201906,48,135,3,7,Ector County                  ,62,62,12402091,1,2,148522,0,0,0,0,0,0,0,0,0,0,0,0,0,0,0,0,0,0
201906,48,139,3,7,Ellis County                  ,144,144,33179432,0,0,0,0,0,0,1,9,1532024,92,92,22408048,0,0,0,0,0,0,0,0,0
201906,48,141,3,7,El Paso County                ,147,147,33873068,7,14,1820438,40,160,21471241,3,32,5588610,8,8,1862197,0,0,0,39,156,20946478,0,0,0
201906,48,157,3,7,Fort Bend County              ,760,760,59965231,1,2,184162,0,0,0,1,5,391292,33,33,7836071,0,0,0,0,0,0,0,0,0
201906,48,167,3,7,Galveston County              ,181,181,43936664,0,0,0,0,0,0,0,0,0,115,115,27230201,0,0,0,0,0,0,0,0,0
201906,48,185,3,7,Grimes County                 ,6,6,718872,0,0,0,0,0,0,0,0,0,6,6,718872,0,0,0,0,0,0,0,0,0
201906,48,187,3,7,Guadalupe County              ,46,46,10640714,2,4,447365,0,0,0,0,0,0,44,44,10080427,2,4,447365,0,0,0,0,0,0
201906,48,193,3,7,Hamilton County               ,0,0,0,0,0,0,0,0,0,0,0,0,0,0,0,0,0,0,0,0,0,0,0,0
201906,48,195,3,7,Hansford County               ,0,0,0,0,0,0,0,0,0,0,0,0,0,0,0,0,0,0,0,0,0,0,0,0
201906,48,201,3,7,Harris County                 ,1308,1308,281795188,9,18,2203435,0,0,0,32,718,71028297,1294,1294,272210497,9,18,2203435,0,0,0,32,718,71028297
201906,48,211,3,7,Hemphill County               ,0,0,0,0,0,0,0,0,0,0,0,0,0,0,0,0,0,0,0,0,0,0,0,0
201906,48,215,3,7,Hidalgo County                ,414,414,78917150,8,16,1138173,13,52,6337981,2,25,2432655,378,378,75584529,1,2,223682,13,52,6337981,2,25,2432655
201906,48,233,3,7,Hutchinson County             ,0,0,0,0,0,0,0,0,0,0,0,0,0,0,0,0,0,0,0,0,0,0,0,0
201906,48,251,3,7,Johnson County                ,36,36,7442897,0,0,0,0,0,0,0,0,0,35,35,7206490,0,0,0,0,0,0,0,0,0
201906,48,257,3,7,Kaufman County                ,30,30,7679652,0,0,0,0,0,0,0,0,0,27,27,7027288,0,0,0,0,0,0,0,0,0
201906,48,259,3,7,Kendall County                ,27,27,7023196,0,0,0,0,0,0,0,0,0,0,0,0,0,0,0,0,0,0,0,0,0
201906,48,271,3,7,Kinney County                 ,0,0,0,0,0,0,0,0,0,0,0,0,0,0,0,0,0,0,0,0,0,0,0,0
201906,48,281,3,7,Lampasas County               ,5,5,866315,0,0,0,0,0,0,0,0,0,4,4,819590,0,0,0,0,0,0,0,0,0
201906,48,291,3,7,Liberty County                ,61,61,7791609,0,0,0,0,0,0,0,0,0,0,0,0,0,0,0,0,0,0,0,0,0
201906,48,303,3,7,Lubbock County                ,101,101,24079446,0,0,0,0,0,0,9,176,15221545,100,100,23906446,0,0,0,0,0,0,9,176,15221545
201906,48,323,3,7,Maverick County               ,6,6,1699322,0,0,0,0,0,0,0,0,0,6,6,1699322,0,0,0,0,0,0,0,0,0
201906,48,325,3,7,Medina County                 ,3,3,393035,0,0,0,0,0,0,0,0,0,1,1,40000,0,0,0,0,0,0,0,0,0
201906,48,329,3,7,Midland County                ,102,102,14950006,0,0,0,0,0,0,0,0,0,102,102,14950006,0,0,0,0,0,0,0,0,0
201906,48,339,3,7,Montgomery County             ,502,502,113774057,0,0,0,1,3,105000,9,347,35106082,478,478,110872018,0,0,0,0,0,0,8,342,34559147
201906,48,367,3,7,Parker County                 ,25,25,4315673,0,0,0,0,0,0,1,19,1654060,6,6,473406,0,0,0,0,0,0,0,0,0
201906,48,375,3,7,Potter County                 ,42,42,9973182,1,2,223682,0,0,0,0,0,0,42,42,9973182,1,2,223682,0,0,0,0,0,0
201906,48,383,3,7,Reagan County                 ,0,0,0,0,0,0,0,0,0,0,0,0,0,0,0,0,0,0,0,0,0,0,0,0
201906,48,385,3,7,Real County                   ,0,0,0,0,0,0,0,0,0,0,0,0,0,0,0,0,0,0,0,0,0,0,0,0
201906,48,395,3,7,Robertson County              ,3,3,487431,0,0,0,0,0,0,0,0,0,2,2,409795,0,0,0,0,0,0,0,0,0
201906,48,397,3,7,Rockwall County               ,121,121,36369768,0,0,0,0,0,0,0,0,0,80,80,25720509,0,0,0,0,0,0,0,0,0
201906,48,407,3,7,San Jacinto County            ,31,31,6841341,0,0,0,0,0,0,0,0,0,0,0,0,0,0,0,0,0,0,0,0,0
201906,48,411,3,7,San Saba County               ,0,0,0,0,0,0,0,0,0,0,0,0,0,0,0,0,0,0,0,0,0,0,0,0
201906,48,451,3,7,Tom Green County              ,33,33,6761621,0,0,0,0,0,0,0,0,0,33,33,6761621,0,0,0,0,0,0,0,0,0
201906,48,453,3,7,Travis County                 ,736,736,174349303,14,28,2606019,0,0,0,3,232,30000000,702,702,165899924,13,26,2432881,0,0,0,3,232,30000000
201906,48,473,3,7,Waller County                 ,5,5,723225,0,0,0,0,0,0,1,5,110903,5,5,723225,0,0,0,0,0,0,0,0,0
201906,48,491,3,7,Williamson County             ,517,517,118360167,3,6,690000,1,4,856000,3,66,8068000,495,495,113274213,3,6,690000,1,4,856000,3,66,8068000
201906,48,493,3,7,Wilson County                 ,4,4,811765,0,0,0,0,0,0,0,0,0,0,0,0,0,0,0,0,0,0,0,0,0
201906,48,497,3,7,Wise County                   ,12,12,2409026,0,0,0,0,0,0,0,0,0,12,12,2409026,0,0,0,0,0,0,0,0,0
201906,49,011,4,8,Davis County                  ,160,160,40563266,0,0,0,1,3,469047,1,6,596360,144,144,35294756,0,0,0,0,0,0,0,0,0
201906,49,023,4,8,Juab County                   ,4,4,1087182,0,0,0,0,0,0,0,0,0,0,0,0,0,0,0,0,0,0,0,0,0
201906,49,029,4,8,Morgan County                 ,6,6,2159453,0,0,0,0,0,0,0,0,0,4,4,1667413,0,0,0,0,0,0,0,0,0
201906,49,035,4,8,Salt Lake County              ,384,384,94569622,1,2,294813,4,14,2703172,13,937,146375807,269,269,62839154,0,0,0,2,6,1440000,8,895,140212257
201906,49,039,4,8,Sanpete County                ,6,6,1163957,0,0,0,0,0,0,0,0,0,0,0,0,0,0,0,0,0,0,0,0,0
201906,49,043,4,8,Summit County                 ,26,26,12234693,0,0,0,1,3,841530,2,10,3040752,8,8,2464194,0,0,0,0,0,0,0,0,0
201906,49,057,4,8,Weber County                  ,120,120,33382088,0,0,0,4,14,1845148,2,10,805263,114,114,31677778,0,0,0,4,14,1845148,1,5,500000
201906,51,003,3,5,Albemarle County              ,55,55,15635868,0,0,0,0,0,0,1,30,2670951,0,0,0,0,0,0,0,0,0,0,0,0
201906,51,007,3,5,Amelia County                 ,6,6,1144620,0,0,0,0,0,0,0,0,0,6,6,1144620,0,0,0,0,0,0,0,0,0
201906,51,009,3,5,Amherst County                ,5,5,702000,0,0,0,0,0,0,0,0,0,5,5,702000,0,0,0,0,0,0,0,0,0
201906,51,013,3,5,Arlington County              ,11,11,5350000,0,0,0,0,0,0,0,0,0,11,11,5350000,0,0,0,0,0,0,0,0,0
201906,51,015,3,5,Augusta County                ,36,36,7908025,0,0,0,0,0,0,4,156,16126000,36,36,7908025,0,0,0,0,0,0,4,156,16126000
201906,51,019,3,5,Bedford County                ,2,2,406580,0,0,0,0,0,0,1,5,322222,0,0,0,0,0,0,0,0,0,0,0,0
201906,51,033,3,5,Caroline County               ,12,12,2247710,0,0,0,0,0,0,0,0,0,12,12,2247710,0,0,0,0,0,0,0,0,0
201906,51,036,3,5,Charles City County           ,2,2,327921,0,0,0,0,0,0,0,0,0,0,0,0,0,0,0,0,0,0,0,0,0
201906,51,037,3,5,Charlotte County              ,0,0,0,0,0,0,0,0,0,0,0,0,0,0,0,0,0,0,0,0,0,0,0,0
201906,51,041,3,5,Chesterfield County           ,140,140,28685663,0,0,0,4,16,1609034,3,308,34375235,140,140,28685663,0,0,0,4,16,1609034,3,308,34375235
201906,51,043,3,5,Clarke County                 ,3,3,701689,0,0,0,0,0,0,0,0,0,3,3,701689,0,0,0,0,0,0,0,0,0
201906,51,049,3,5,Cumberland County             ,2,2,267575,0,0,0,0,0,0,0,0,0,0,0,0,0,0,0,0,0,0,0,0,0
201906,51,051,3,5,Dickenson County              ,0,0,0,0,0,0,0,0,0,0,0,0,0,0,0,0,0,0,0,0,0,0,0,0
201906,51,053,3,5,Dinwiddie County              ,6,6,924387,0,0,0,0,0,0,0,0,0,0,0,0,0,0,0,0,0,0,0,0,0
201906,51,059,3,5,Fairfax County                ,133,133,31581742,0,0,0,0,0,0,1,12,1800000,133,133,31581742,0,0,0,0,0,0,1,12,1800000
201906,51,061,3,5,Fauquier County               ,18,18,6981578,0,0,0,0,0,0,0,0,0,18,18,6981578,0,0,0,0,0,0,0,0,0
201906,51,069,3,5,Frederick County              ,47,47,11260598,0,0,0,3,9,1263000,0,0,0,47,47,11260598,0,0,0,3,9,1263000,0,0,0
201906,51,073,3,5,Gloucester County             ,17,17,3760446,0,0,0,0,0,0,0,0,0,17,17,3760446,0,0,0,0,0,0,0,0,0
201906,51,075,3,5,Goochland County              ,14,14,4579047,0,0,0,0,0,0,0,0,0,14,14,4579047,0,0,0,0,0,0,0,0,0
201906,51,085,3,5,Hanover County                ,42,42,8473716,0,0,0,0,0,0,0,0,0,0,0,0,0,0,0,0,0,0,0,0,0
201906,51,087,3,5,Henrico County                ,81,81,11942505,18,36,1237500,0,0,0,3,71,4133967,81,81,11942505,18,36,1237500,0,0,0,3,71,4133967
201906,51,093,3,5,Isle of Wight County          ,15,15,3063127,0,0,0,0,0,0,0,0,0,0,0,0,0,0,0,0,0,0,0,0,0
201906,51,095,3,5,James City County             ,29,29,6886244,0,0,0,0,0,0,0,0,0,29,29,6886244,0,0,0,0,0,0,0,0,0
201906,51,097,3,5,King and Queen County         ,2,2,220000,0,0,0,0,0,0,0,0,0,2,2,220000,0,0,0,0,0,0,0,0,0
201906,51,099,3,5,King George County            ,13,13,2663669,0,0,0,0,0,0,0,0,0,13,13,2663669,0,0,0,0,0,0,0,0,0
201906,51,107,3,5,Loudoun County                ,218,218,45155363,0,0,0,0,0,0,1,23,2420000,218,218,45155363,0,0,0,0,0,0,1,23,2420000
201906,51,109,3,5,Louisa County                 ,29,29,6553146,0,0,0,0,0,0,0,0,0,29,29,6553146,0,0,0,0,0,0,0,0,0
201906,51,115,3,5,Mathews County                ,2,2,274900,0,0,0,0,0,0,0,0,0,2,2,274900,0,0,0,0,0,0,0,0,0
201906,51,127,3,5,New Kent County               ,22,22,4507747,0,0,0,0,0,0,0,0,0,22,22,4507747,0,0,0,0,0,0,0,0,0
201906,51,139,3,5,Page County                   ,8,8,620000,0,0,0,0,0,0,0,0,0,8,8,620000,0,0,0,0,0,0,0,0,0
201906,51,145,3,5,Powhatan County               ,21,21,4302849,0,0,0,0,0,0,0,0,0,21,21,4302849,0,0,0,0,0,0,0,0,0
201906,51,149,3,5,Prince George County          ,9,9,1390000,0,0,0,0,0,0,0,0,0,9,9,1390000,0,0,0,0,0,0,0,0,0
201906,51,153,3,5,Prince William County         ,100,100,19834862,2,4,300000,0,0,0,1,13,1476014,100,100,19834862,2,4,300000,0,0,0,0,0,0
201906,51,165,3,5,Rockingham County             ,35,35,8613615,0,0,0,0,0,0,0,0,0,35,35,8613615,0,0,0,0,0,0,0,0,0
201906,51,175,3,5,Southampton County            ,4,4,645109,0,0,0,0,0,0,0,0,0,0,0,0,0,0,0,0,0,0,0,0,0
201906,51,177,3,5,Spotsylvania County           ,56,56,14788440,0,0,0,0,0,0,2,62,7311865,0,0,0,0,0,0,0,0,0,0,0,0
201906,51,179,3,5,Stafford County               ,83,83,19604504,0,0,0,0,0,0,0,0,0,83,83,19604504,0,0,0,0,0,0,0,0,0
201906,51,181,3,5,Surry County                  ,2,2,212050,0,0,0,0,0,0,0,0,0,2,2,212050,0,0,0,0,0,0,0,0,0
201906,51,183,3,5,Sussex County                 ,2,2,172000,0,0,0,0,0,0,0,0,0,2,2,172000,0,0,0,0,0,0,0,0,0
201906,51,187,3,5,Warren County                 ,8,8,2110000,0,0,0,0,0,0,0,0,0,8,8,2110000,0,0,0,0,0,0,0,0,0
201906,51,199,3,5,York County                   ,21,21,4986591,0,0,0,0,0,0,2,36,2831000,21,21,4986591,0,0,0,0,0,0,2,36,2831000
201906,51,510,3,5,Alexandria (Independent City) ,0,0,0,0,0,0,0,0,0,0,0,0,0,0,0,0,0,0,0,0,0,0,0,0
201906,51,540,3,5,Charlottesville (Independent C,5,5,1686935,0,0,0,0,0,0,1,5,1069298,0,0,0,0,0,0,0,0,0,0,0,0
201906,51,550,3,5,Chesapeake(Independent City)  ,102,102,30389300,0,0,0,0,0,0,0,0,0,102,102,30389300,0,0,0,0,0,0,0,0,0
201906,51,570,3,5,Colonial Heights (Independent ,0,0,0,0,0,0,0,0,0,0,0,0,0,0,0,0,0,0,0,0,0,0,0,0
201906,51,580,3,5,Covington (Independent City)  ,0,0,0,0,0,0,0,0,0,0,0,0,0,0,0,0,0,0,0,0,0,0,0,0
201906,51,600,3,5,Fairfax (Independent City)    ,2,2,760000,0,0,0,0,0,0,0,0,0,2,2,760000,0,0,0,0,0,0,0,0,0
201906,51,610,3,5,Falls Church (Independent City,0,0,0,0,0,0,0,0,0,0,0,0,0,0,0,0,0,0,0,0,0,0,0,0
201906,51,630,3,5,Fredericksburg(Independent Cit,11,11,1740000,0,0,0,0,0,0,0,0,0,11,11,1740000,0,0,0,0,0,0,0,0,0
201906,51,650,3,5,Hampton (Independent City)    ,15,15,934821,0,0,0,0,0,0,0,0,0,0,0,0,0,0,0,0,0,0,0,0,0
201906,51,660,3,5,Harrisonburg (Independent City,1,1,345833,0,0,0,0,0,0,0,0,0,1,1,345833,0,0,0,0,0,0,0,0,0
201906,51,670,3,5,Hopewell (Independent City)   ,5,5,506395,0,0,0,0,0,0,1,5,430895,0,0,0,0,0,0,0,0,0,0,0,0
201906,51,680,3,5,Lynchburg (Independent City)  ,1,1,150000,0,0,0,0,0,0,0,0,0,1,1,150000,0,0,0,0,0,0,0,0,0
201906,51,683,3,5,Manassas (Independent City)   ,6,6,1406881,1,2,242983,0,0,0,0,0,0,0,0,0,0,0,0,0,0,0,0,0,0
201906,51,685,3,5,Manassas Park (Independent Cit,0,0,0,0,0,0,0,0,0,0,0,0,0,0,0,0,0,0,0,0,0,0,0,0
201906,51,700,3,5,Newport News (Independent City,17,17,3695674,0,0,0,0,0,0,0,0,0,17,17,3695674,0,0,0,0,0,0,0,0,0
201906,51,710,3,5,Norfolk (Independent City)    ,27,27,4300803,0,0,0,0,0,0,1,18,1588867,0,0,0,0,0,0,0,0,0,0,0,0
201906,51,730,3,5,Petersburg (Independent City) ,3,3,250000,0,0,0,0,0,0,0,0,0,3,3,250000,0,0,0,0,0,0,0,0,0
201906,51,735,3,5,Poquoson (Independent City)   ,1,1,200000,0,0,0,1,4,1010000,0,0,0,1,1,200000,0,0,0,1,4,1010000,0,0,0
201906,51,740,3,5,Portsmouth (Independent City) ,10,10,1010000,0,0,0,0,0,0,0,0,0,10,10,1010000,0,0,0,0,0,0,0,0,0
201906,51,760,3,5,Richmond (Independent City)   ,36,36,7376313,0,0,0,0,0,0,0,0,0,36,36,7376313,0,0,0,0,0,0,0,0,0
201906,51,800,3,5,Suffolk (Independent City)    ,39,39,9260811,0,0,0,0,0,0,0,0,0,39,39,9260811,0,0,0,0,0,0,0,0,0
201906,51,810,3,5,Virginia Beach (Independent Ci,25,25,7338480,0,0,0,0,0,0,7,226,12599581,25,25,7338480,0,0,0,0,0,0,7,226,12599581
201906,51,830,3,5,Williamsburg (Independent City,11,11,1575000,0,0,0,0,0,0,0,0,0,11,11,1575000,0,0,0,0,0,0,0,0,0
201906,53,005,4,9,Benton County                 ,95,95,25195777,0,0,0,0,0,0,0,0,0,60,60,13992719,0,0,0,0,0,0,0,0,0
201906,53,011,4,9,Clark County                  ,256,256,73615254,4,8,1478804,0,0,0,7,246,25196368,93,93,24123081,4,8,1478804,0,0,0,7,246,25196368
201906,53,021,4,9,Franklin County               ,51,51,14498831,0,0,0,0,0,0,0,0,0,8,8,3136258,0,0,0,0,0,0,0,0,0
201906,53,031,4,9,Jefferson County              ,16,16,3755563,0,0,0,0,0,0,0,0,0,6,6,1203230,0,0,0,0,0,0,0,0,0
201906,53,033,4,9,King County                   ,308,308,130026427,18,36,7503499,7,23,4911903,13,626,75188581,208,208,83934693,17,34,6753499,6,20,4556362,10,410,58033143
201906,53,035,4,9,Kitsap County                 ,76,76,22602338,3,6,1527723,0,0,0,0,0,0,76,76,22602338,3,6,1527723,0,0,0,0,0,0
201906,53,053,4,9,Pierce County                 ,257,257,74785692,7,14,2532626,0,0,0,2,33,3624750,254,254,73805394,7,14,2532626,0,0,0,1,24,2796816
201906,53,055,4,9,San Juan County               ,18,18,3052709,8,16,1876900,0,0,0,0,0,0,6,6,551194,8,16,1876900,0,0,0,0,0,0
201906,53,059,4,9,Skamania County               ,9,9,2507759,0,0,0,0,0,0,0,0,0,9,9,2507759,0,0,0,0,0,0,0,0,0
201906,53,061,4,9,Snohomish County              ,279,279,86050995,0,0,0,0,0,0,12,230,28873113,262,262,81151489,0,0,0,0,0,0,10,197,25322781
201906,54,011,3,5,Cabell County                 ,7,7,978716,1,2,277667,0,0,0,0,0,0,2,2,100000,0,0,0,0,0,0,0,0,0
201906,54,015,3,5,Clay County                   ,4,4,100000,0,0,0,0,0,0,0,0,0,4,4,100000,0,0,0,0,0,0,0,0,0
201906,54,019,3,5,Fayette County                ,1,1,141583,0,0,0,0,0,0,0,0,0,0,0,0,0,0,0,0,0,0,0,0,0
201906,54,037,3,5,Jefferson County              ,18,18,4694697,0,0,0,0,0,0,0,0,0,17,17,4444058,0,0,0,0,0,0,0,0,0
201906,54,081,3,5,Raleigh County                ,3,3,425000,0,0,0,0,0,0,0,0,0,3,3,425000,0,0,0,0,0,0,0,0,0
201906,55,025,2,3,Dane County                   ,116,116,40211574,2,4,899856,2,7,1047000,5,133,16053540,84,84,29473631,0,0,0,1,4,600000,2,95,12065100
201906,55,031,2,3,Douglas County                ,10,10,2055268,1,2,450000,0,0,0,0,0,0,10,10,2055268,1,2,450000,0,0,0,0,0,0
201906,55,037,2,3,Florence County               ,2,2,255000,0,0,0,0,0,0,0,0,0,2,2,255000,0,0,0,0,0,0,0,0,0
201906,55,049,2,3,Iowa County                   ,6,6,1116000,0,0,0,0,0,0,0,0,0,5,5,900000,0,0,0,0,0,0,0,0,0
201906,55,059,2,3,Kenosha County                ,24,24,8700929,0,0,0,0,0,0,8,145,8581691,22,22,7963406,0,0,0,0,0,0,7,140,8181691
201906,55,079,2,3,Milwaukee County              ,15,15,5796994,0,0,0,0,0,0,0,0,0,14,14,5561349,0,0,0,0,0,0,0,0,0
201906,55,089,2,3,Ozaukee County                ,16,16,6668854,0,0,0,0,0,0,1,16,1600000,6,6,2105992,0,0,0,0,0,0,1,16,1600000
201906,55,093,2,3,Pierce County                 ,22,22,4893514,0,0,0,0,0,0,5,60,4750000,22,22,4893514,0,0,0,0,0,0,5,60,4750000
201906,55,109,2,3,St. Croix County              ,44,44,11244553,0,0,0,0,0,0,0,0,0,42,42,10559842,0,0,0,0,0,0,0,0,0
201906,55,131,2,3,Washington County             ,30,30,9426376,0,0,0,0,0,0,0,0,0,24,24,7186029,0,0,0,0,0,0,0,0,0
201906,56,029,4,8,Park County                   ,15,15,3960601,0,0,0,0,0,0,0,0,0,13,13,3616184,0,0,0,0,0,0,0,0,0
201906,56,039,4,8,Teton County                  ,12,12,24974739,1,2,623319,0,0,0,0,0,0,10,10,23922725,0,0,0,0,0,0,0,0,0
