Survey,FIPS,FIPS,Region,Division,County,,1-unit,,,2-units,,,3-4 units,,,5+ units,,,1-unit rep,,,2-units rep,,,3-4 units rep,,, 5+units rep
Date,State,County,Code,Code,Name,Bldgs,Units,Value,Bldgs,Units,Value,Bldgs,Units,Value,Bldgs,Units,Value,Bldgs,Units,Value,Bldgs,Units,Value,Bldgs,Units,Value,Bldgs,Units,Value
 
201901,01,001,3,6,Autauga County                ,26,26,6617577,0,0,0,0,0,0,0,0,0,26,26,6617577,0,0,0,0,0,0,0,0,0
201901,01,007,3,6,Bibb County                   ,1,1,255129,0,0,0,0,0,0,0,0,0,0,0,0,0,0,0,0,0,0,0,0,0
201901,01,009,3,6,Blount County                 ,1,1,82789,0,0,0,0,0,0,0,0,0,1,1,82789,0,0,0,0,0,0,0,0,0
201901,01,021,3,6,Chilton County                ,4,4,675000,0,0,0,0,0,0,0,0,0,4,4,675000,0,0,0,0,0,0,0,0,0
201901,01,073,3,6,Jefferson County              ,105,105,28447792,0,0,0,0,0,0,0,0,0,55,55,15015139,0,0,0,0,0,0,0,0,0
201901,01,081,3,6,Lee County                    ,84,84,23367642,1,2,210669,0,0,0,1,31,8105416,20,20,5598027,0,0,0,0,0,0,0,0,0
201901,01,083,3,6,Limestone County              ,20,20,4728138,0,0,0,0,0,0,0,0,0,20,20,4728138,0,0,0,0,0,0,0,0,0
201901,01,089,3,6,Madison County                ,235,235,32754995,0,0,0,0,0,0,0,0,0,235,235,32754995,0,0,0,0,0,0,0,0,0
201901,01,113,3,6,Russell County                ,14,14,1647865,0,0,0,0,0,0,0,0,0,6,6,677946,0,0,0,0,0,0,0,0,0
201901,01,115,3,6,St. Clair County              ,20,20,4283106,0,0,0,0,0,0,0,0,0,15,15,3246311,0,0,0,0,0,0,0,0,0
201901,01,117,3,6,Shelby County                 ,86,86,22090249,0,0,0,0,0,0,0,0,0,30,30,8396780,0,0,0,0,0,0,0,0,0
201901,01,127,3,6,Walker County                 ,1,1,207778,0,0,0,0,0,0,0,0,0,0,0,0,0,0,0,0,0,0,0,0,0
201901,02,013,4,9,Aleutians East Borough        ,0,0,0,0,0,0,0,0,0,0,0,0,0,0,0,0,0,0,0,0,0,0,0,0
201901,02,016,4,9,Aleutians West Census Area    ,0,0,0,0,0,0,0,0,0,0,0,0,0,0,0,0,0,0,0,0,0,0,0,0
201901,02,020,4,9,Anchorage Municipality        ,56,56,17541981,0,0,0,1,4,694913,1,13,2055242,0,0,0,0,0,0,0,0,0,0,0,0
201901,02,050,4,9,Bethel Census Area            ,0,0,0,0,0,0,0,0,0,0,0,0,0,0,0,0,0,0,0,0,0,0,0,0
201901,02,060,4,9,Bristol Bay Borough           ,0,0,0,0,0,0,0,0,0,0,0,0,0,0,0,0,0,0,0,0,0,0,0,0
201901,02,070,4,9,Dillingham Census Area        ,0,0,0,0,0,0,0,0,0,0,0,0,0,0,0,0,0,0,0,0,0,0,0,0
201901,02,090,4,9,Fairbanks North Star Borough  ,0,0,0,0,0,0,0,0,0,0,0,0,0,0,0,0,0,0,0,0,0,0,0,0
201901,02,100,4,9,Haines Borough                ,1,1,278425,0,0,0,0,0,0,0,0,0,0,0,0,0,0,0,0,0,0,0,0,0
201901,02,105,4,9,Hoonah-Angoon Census Area     ,0,0,0,0,0,0,0,0,0,0,0,0,0,0,0,0,0,0,0,0,0,0,0,0
201901,02,110,4,9,Juneau City and Borough       ,0,0,0,0,0,0,0,0,0,0,0,0,0,0,0,0,0,0,0,0,0,0,0,0
201901,02,122,4,9,Kenai Peninsula Borough       ,6,6,1234506,0,0,0,0,0,0,0,0,0,0,0,0,0,0,0,0,0,0,0,0,0
201901,02,130,4,9,Ketchikan Gateway Borough     ,4,4,1140713,1,2,344763,0,0,0,0,0,0,4,4,1140713,1,2,344763,0,0,0,0,0,0
201901,02,150,4,9,Kodiak Island Borough         ,0,0,0,0,0,0,0,0,0,0,0,0,0,0,0,0,0,0,0,0,0,0,0,0
201901,02,158,4,9,Kusilvak Census Area          ,0,0,0,0,0,0,0,0,0,0,0,0,0,0,0,0,0,0,0,0,0,0,0,0
201901,02,170,4,9,Matanuska-Susitna Borough     ,0,0,0,0,0,0,0,0,0,0,0,0,0,0,0,0,0,0,0,0,0,0,0,0
201901,02,180,4,9,Nome Census Area              ,0,0,0,0,0,0,0,0,0,0,0,0,0,0,0,0,0,0,0,0,0,0,0,0
201901,02,185,4,9,North Slope Borough           ,0,0,0,0,0,0,0,0,0,0,0,0,0,0,0,0,0,0,0,0,0,0,0,0
201901,02,188,4,9,Northwest Arctic Borough      ,0,0,0,0,0,0,0,0,0,0,0,0,0,0,0,0,0,0,0,0,0,0,0,0
201901,02,195,4,9,Petersburg Borough            ,1,1,155636,0,0,0,0,0,0,0,0,0,0,0,0,0,0,0,0,0,0,0,0,0
201901,02,198,4,9,Prince of Wales-Hyder Census A,0,0,0,1,2,354708,0,0,0,0,0,0,0,0,0,0,0,0,0,0,0,0,0,0
201901,02,220,4,9,Sitka City and Borough        ,1,1,213914,0,0,0,0,0,0,0,0,0,0,0,0,0,0,0,0,0,0,0,0,0
201901,02,230,4,9,Skagway Municipality          ,0,0,0,0,0,0,0,0,0,0,0,0,0,0,0,0,0,0,0,0,0,0,0,0
201901,02,261,4,9,Valdez-Cordova Census Area    ,0,0,0,0,0,0,0,0,0,0,0,0,0,0,0,0,0,0,0,0,0,0,0,0
201901,02,275,4,9,Wrangell City and Borough     ,0,0,0,0,0,0,0,0,0,0,0,0,0,0,0,0,0,0,0,0,0,0,0,0
201901,02,282,4,9,Yakutat City and Borough      ,0,0,0,0,0,0,0,0,0,0,0,0,0,0,0,0,0,0,0,0,0,0,0,0
201901,02,290,4,9,Yukon-Koyukuk Census Area     ,0,0,0,0,0,0,0,0,0,0,0,0,0,0,0,0,0,0,0,0,0,0,0,0
201901,04,013,4,8,Maricopa County               ,1332,1332,360897579,30,60,6850066,1,4,2981030,11,240,35303558,1155,1155,316625307,28,56,6198394,1,4,2981030,10,193,27722078
201901,04,019,4,8,Pima County                   ,176,176,50167838,2,4,477640,0,0,0,9,115,16313753,72,72,22620963,0,0,0,0,0,0,0,0,0
201901,04,021,4,8,Pinal County                  ,341,341,69673290,4,8,469469,0,0,0,0,0,0,125,125,28454464,0,0,0,0,0,0,0,0,0
201901,05,013,3,7,Calhoun County                ,0,0,0,0,0,0,0,0,0,0,0,0,0,0,0,0,0,0,0,0,0,0,0,0
201901,05,035,3,7,Crittenden County             ,5,5,902369,0,0,0,0,0,0,0,0,0,1,1,90000,0,0,0,0,0,0,0,0,0
201901,05,043,3,7,Drew County                   ,0,0,0,0,0,0,0,0,0,0,0,0,0,0,0,0,0,0,0,0,0,0,0,0
201901,05,045,3,7,Faulkner County               ,24,24,4893827,1,2,151241,0,0,0,1,8,211340,6,6,901000,0,0,0,0,0,0,0,0,0
201901,05,053,3,7,Grant County                  ,2,2,301111,0,0,0,0,0,0,0,0,0,0,0,0,0,0,0,0,0,0,0,0,0
201901,05,085,3,7,Lonoke County                 ,24,24,2238374,0,0,0,0,0,0,0,0,0,11,11,1119668,0,0,0,0,0,0,0,0,0
201901,05,087,3,7,Madison County                ,0,0,0,0,0,0,0,0,0,0,0,0,0,0,0,0,0,0,0,0,0,0,0,0
201901,05,091,3,7,Miller County                 ,2,2,456853,0,0,0,0,0,0,0,0,0,0,0,0,0,0,0,0,0,0,0,0,0
201901,05,105,3,7,Perry County                  ,0,0,0,0,0,0,0,0,0,0,0,0,0,0,0,0,0,0,0,0,0,0,0,0
201901,05,119,3,7,Pulaski County                ,54,54,12049798,0,0,0,0,0,0,0,0,0,54,54,12049798,0,0,0,0,0,0,0,0,0
201901,05,129,3,7,Searcy County                 ,0,0,0,0,0,0,0,0,0,0,0,0,0,0,0,0,0,0,0,0,0,0,0,0
201901,05,143,3,7,Washington County             ,112,112,29280114,1,2,153388,1,3,180933,0,0,0,94,94,26955745,0,0,0,0,0,0,0,0,0
201901,06,001,4,9,Alameda County                ,154,154,42883836,1,2,715600,1,4,974243,10,403,14610646,135,135,37208515,1,2,715600,1,4,974243,8,373,8991118
201901,06,013,4,9,Contra Costa County           ,104,104,22309970,0,0,0,0,0,0,7,45,11964552,104,104,22309970,0,0,0,0,0,0,7,45,11964552
201901,06,017,4,9,El Dorado County              ,45,45,17942299,0,0,0,0,0,0,0,0,0,44,44,17718963,0,0,0,0,0,0,0,0,0
201901,06,019,4,9,Fresno County                 ,128,128,37558885,4,8,1698546,20,60,3493589,7,56,5532780,70,70,21559326,0,0,0,20,60,3493589,0,0,0
201901,06,037,4,9,Los Angeles County            ,441,441,156502971,75,150,28371203,4,13,2623714,45,2071,516050139,377,377,119353176,73,146,27342220,0,0,0,37,1997,505751676
201901,06,041,4,9,Marin County                  ,7,7,4644066,0,0,0,0,0,0,0,0,0,5,5,3210000,0,0,0,0,0,0,0,0,0
201901,06,059,4,9,Orange County                 ,236,236,73291104,25,50,11954439,5,18,3229336,6,196,32307272,149,149,42106111,22,44,10297415,5,18,3229336,4,161,26277945
201901,06,061,4,9,Placer County                 ,108,108,37521458,0,0,0,0,0,0,0,0,0,108,108,37521458,0,0,0,0,0,0,0,0,0
201901,06,063,4,9,Plumas County                 ,2,2,373760,0,0,0,0,0,0,0,0,0,2,2,373760,0,0,0,0,0,0,0,0,0
201901,06,067,4,9,Sacramento County             ,230,230,63593522,11,22,2937154,1,3,350000,2,136,13762046,229,229,63354500,11,22,2937154,1,3,350000,2,136,13762046
201901,06,069,4,9,San Benito County             ,48,48,8905664,0,0,0,0,0,0,0,0,0,12,12,234372,0,0,0,0,0,0,0,0,0
201901,06,071,4,9,San Bernardino County         ,182,182,47144072,0,0,0,3,10,1371216,7,52,7217993,162,162,41647964,0,0,0,3,10,1371216,6,45,6831786
201901,06,073,4,9,San Diego County              ,248,248,83481553,2,4,484950,2,7,1163667,6,85,10702271,243,243,80591645,2,4,484950,2,7,1163667,6,85,10702271
201901,06,075,4,9,San Francisco County          ,0,0,0,1,2,349717,0,0,0,5,637,212908658,0,0,0,1,2,349717,0,0,0,5,637,212908658
201901,06,081,4,9,San Mateo County              ,19,19,22058957,0,0,0,0,0,0,4,145,33698120,8,8,15350414,0,0,0,0,0,0,1,107,26551080
201901,06,085,4,9,Santa Clara County            ,173,173,67267498,0,0,0,2,7,1322343,11,475,67172064,127,127,56285882,0,0,0,1,4,394841,7,272,37393192
201901,06,091,4,9,Sierra County                 ,0,0,0,0,0,0,0,0,0,0,0,0,0,0,0,0,0,0,0,0,0,0,0,0
201901,06,113,4,9,Yolo County                   ,61,61,17972886,0,0,0,0,0,0,0,0,0,60,60,17708596,0,0,0,0,0,0,0,0,0
201901,08,001,4,8,Adams County                  ,141,141,37540806,1,2,402328,0,0,0,1,8,900000,141,141,37540806,1,2,402328,0,0,0,1,8,900000
201901,08,005,4,8,Arapahoe County               ,163,163,43535113,0,0,0,2,6,880215,1,20,2084898,160,160,41551166,0,0,0,1,3,534870,1,20,2084898
201901,08,014,4,8,Broomfield County             ,25,25,7995366,0,0,0,0,0,0,0,0,0,25,25,7995366,0,0,0,0,0,0,0,0,0
201901,08,015,4,8,Chaffee County                ,9,9,2384499,0,0,0,1,3,549700,0,0,0,0,0,0,0,0,0,0,0,0,0,0,0
201901,08,019,4,8,Clear Creek County            ,1,1,337163,0,0,0,0,0,0,0,0,0,0,0,0,0,0,0,0,0,0,0,0,0
201901,08,031,4,8,Denver County                 ,234,234,63131489,0,0,0,0,0,0,15,794,118548709,234,234,63131489,0,0,0,0,0,0,15,794,118548709
201901,08,035,4,8,Douglas County                ,163,163,50940644,0,0,0,3,9,1647684,0,0,0,159,159,49577150,0,0,0,3,9,1647684,0,0,0
201901,08,039,4,8,Elbert County                 ,13,13,4974048,0,0,0,0,0,0,0,0,0,13,13,4974048,0,0,0,0,0,0,0,0,0
201901,08,041,4,8,El Paso County                ,184,184,75040701,1,2,349509,0,0,0,8,214,33338525,184,184,75040701,1,2,349509,0,0,0,8,214,33338525
201901,08,047,4,8,Gilpin County                 ,0,0,0,0,0,0,0,0,0,0,0,0,0,0,0,0,0,0,0,0,0,0,0,0
201901,08,059,4,8,Jefferson County              ,55,55,16142569,7,14,2495877,0,0,0,0,0,0,51,51,15036883,7,14,2495877,0,0,0,0,0,0
201901,08,069,4,8,Larimer County                ,99,99,31016392,0,0,0,0,0,0,4,22,4311255,99,99,31016392,0,0,0,0,0,0,4,22,4311255
201901,08,077,4,8,Mesa County                   ,41,41,11692306,0,0,0,0,0,0,0,0,0,41,41,11692306,0,0,0,0,0,0,0,0,0
201901,08,093,4,8,Park County                   ,8,8,1389069,0,0,0,0,0,0,0,0,0,8,8,1389069,0,0,0,0,0,0,0,0,0
201901,08,101,4,8,Pueblo County                 ,39,39,6473199,0,0,0,0,0,0,0,0,0,39,39,6473199,0,0,0,0,0,0,0,0,0
201901,08,119,4,8,Teller County                 ,7,7,2230174,0,0,0,0,0,0,0,0,0,7,7,2230174,0,0,0,0,0,0,0,0,0
201901,09,001,1,1,Fairfield County              ,54,54,36530769,1,2,125000,1,3,372923,1,10,6111111,39,39,22412138,1,2,125000,1,3,372923,0,0,0
201901,09,003,1,1,Hartford County               ,22,22,4872542,0,0,0,0,0,0,4,31,3601598,14,14,2963886,0,0,0,0,0,0,0,0,0
201901,09,007,1,1,Middlesex County              ,7,7,1685991,0,0,0,0,0,0,0,0,0,4,4,1112000,0,0,0,0,0,0,0,0,0
201901,09,013,1,1,Tolland County                ,6,6,1229118,0,0,0,0,0,0,2,11,1069925,1,1,260374,0,0,0,0,0,0,0,0,0
201901,10,001,3,5,Kent County                   ,88,88,12573894,0,0,0,0,0,0,1,5,424393,87,87,12357481,0,0,0,0,0,0,1,5,424393
201901,10,003,3,5,New Castle County             ,108,108,9977923,0,0,0,0,0,0,3,35,1706999,12,12,1404107,0,0,0,0,0,0,0,0,0
201901,10,005,3,5,Sussex County                 ,316,316,45463059,10,20,2674031,4,14,1930856,3,18,2033123,316,316,45463059,10,20,2674031,4,14,1930856,3,18,2033123
201901,11,001,3,5,Washington  DC                ,16,16,3782510,4,8,971933,0,0,0,5,567,62022544,16,16,3782510,4,8,971933,0,0,0,5,567,62022544
201901,12,003,3,5,Baker County                  ,5,5,1039033,0,0,0,0,0,0,0,0,0,1,1,235000,0,0,0,0,0,0,0,0,0
201901,12,019,3,5,Clay County                   ,57,57,12127168,0,0,0,0,0,0,0,0,0,57,57,12127168,0,0,0,0,0,0,0,0,0
201901,12,029,3,5,Dixie County                  ,2,2,252647,0,0,0,0,0,0,0,0,0,0,0,0,0,0,0,0,0,0,0,0,0
201901,12,031,3,5,Duval County                  ,296,296,72099058,1,2,242983,0,0,0,0,0,0,280,280,66207527,1,2,242983,0,0,0,0,0,0
201901,12,033,3,5,Escambia County               ,111,111,26241167,8,16,4000000,2,8,500000,1,20,2187744,111,111,26241167,8,16,4000000,2,8,500000,1,20,2187744
201901,12,053,3,5,Hernando County               ,92,92,16970088,0,0,0,0,0,0,0,0,0,92,92,16970088,0,0,0,0,0,0,0,0,0
201901,12,057,3,5,Hillsborough County           ,725,725,217695991,0,0,0,0,0,0,11,435,55816228,713,713,216114192,0,0,0,0,0,0,11,435,55816228
201901,12,067,3,5,Lafayette County              ,1,1,240000,0,0,0,0,0,0,0,0,0,1,1,240000,0,0,0,0,0,0,0,0,0
201901,12,071,3,5,Lee County                    ,395,395,78428387,18,36,4373550,3,12,3223025,8,318,48710609,395,395,78428387,18,36,4373550,3,12,3223025,8,318,48710609
201901,12,073,3,5,Leon County                   ,49,49,9783042,0,0,0,0,0,0,4,100,13211102,0,0,0,0,0,0,0,0,0,0,0,0
201901,12,081,3,5,Manatee County                ,198,198,36710657,0,0,0,1,4,479020,1,30,1621616,198,198,36710657,0,0,0,1,4,479020,1,30,1621616
201901,12,086,3,5,Miami-Dade County             ,221,221,74232682,6,12,1339446,2,8,1106642,15,322,26213035,195,195,66638705,6,12,1339446,2,8,1106642,14,252,25803879
201901,12,089,3,5,Nassau County                 ,100,100,31392427,0,0,0,0,0,0,0,0,0,87,87,27901727,0,0,0,0,0,0,0,0,0
201901,12,091,3,5,Okaloosa County               ,61,61,21952488,0,0,0,0,0,0,0,0,0,56,56,20836451,0,0,0,0,0,0,0,0,0
201901,12,095,3,5,Orange County                 ,559,559,159791785,9,18,3355408,0,0,0,0,0,0,487,487,130715376,9,18,3355408,0,0,0,0,0,0
201901,12,097,3,5,Osceola County                ,304,304,61066422,1,2,219195,0,0,0,5,213,15880581,304,304,61066422,1,2,219195,0,0,0,5,213,15880581
201901,12,101,3,5,Pasco County                  ,371,371,74815241,1,2,280000,2,8,508820,1,8,203928,370,370,74720523,0,0,0,2,8,508820,1,8,203928
201901,12,103,3,5,Pinellas County               ,74,74,25594515,1,2,250000,0,0,0,7,527,57562096,73,73,25094057,1,2,250000,0,0,0,6,522,55282096
201901,12,109,3,5,St. Johns County              ,394,394,94538229,0,0,0,0,0,0,0,0,0,394,394,94538229,0,0,0,0,0,0,0,0,0
201901,12,113,3,5,Santa Rosa County             ,113,113,20015340,0,0,0,0,0,0,0,0,0,113,113,20015340,0,0,0,0,0,0,0,0,0
201901,12,115,3,5,Sarasota County               ,304,304,84843631,0,0,0,7,28,6525756,2,17,2845324,287,287,79985434,0,0,0,6,24,5766955,2,17,2845324
201901,12,117,3,5,Seminole County               ,104,104,34221033,0,0,0,0,0,0,1,26,2203005,101,101,33441468,0,0,0,0,0,0,0,0,0
201901,12,119,3,5,Sumter County                 ,198,198,44442465,0,0,0,0,0,0,0,0,0,198,198,44442465,0,0,0,0,0,0,0,0,0
201901,12,129,3,5,Wakulla County                ,18,18,3319796,0,0,0,0,0,0,0,0,0,18,18,3319796,0,0,0,0,0,0,0,0,0
201901,12,131,3,5,Walton County                 ,127,127,56585578,0,0,0,13,50,3633844,9,283,31775488,127,127,56585578,0,0,0,13,50,3633844,9,283,31775488
201901,12,133,3,5,Washington County             ,3,3,416214,0,0,0,0,0,0,0,0,0,0,0,0,0,0,0,0,0,0,0,0,0
201901,13,007,3,5,Baker County                  ,0,0,0,0,0,0,0,0,0,0,0,0,0,0,0,0,0,0,0,0,0,0,0,0
201901,13,013,3,5,Barrow County                 ,28,28,3520200,0,0,0,0,0,0,1,11,786605,6,6,964315,0,0,0,0,0,0,0,0,0
201901,13,015,3,5,Bartow County                 ,58,58,8341188,0,0,0,0,0,0,0,0,0,23,23,5924136,0,0,0,0,0,0,0,0,0
201901,13,021,3,5,Bibb County                   ,9,9,1432153,0,0,0,0,0,0,0,0,0,0,0,0,0,0,0,0,0,0,0,0,0
201901,13,029,3,5,Bryan County                  ,55,55,7637528,0,0,0,0,0,0,0,0,0,55,55,7637528,0,0,0,0,0,0,0,0,0
201901,13,033,3,5,Burke County                  ,3,3,532232,0,0,0,0,0,0,0,0,0,0,0,0,0,0,0,0,0,0,0,0,0
201901,13,035,3,5,Butts County                  ,8,8,1586000,0,0,0,0,0,0,0,0,0,8,8,1586000,0,0,0,0,0,0,0,0,0
201901,13,045,3,5,Carroll County                ,67,67,16716108,0,0,0,0,0,0,0,0,0,67,67,16716108,0,0,0,0,0,0,0,0,0
201901,13,051,3,5,Chatham County                ,71,71,15519540,0,0,0,0,0,0,26,206,10330000,10,10,1614485,0,0,0,0,0,0,25,200,10000000
201901,13,057,3,5,Cherokee County               ,146,146,38414741,0,0,0,0,0,0,0,0,0,146,146,38414741,0,0,0,0,0,0,0,0,0
201901,13,059,3,5,Clarke County                 ,10,10,2074633,0,0,0,0,0,0,20,265,33089524,10,10,2074633,0,0,0,0,0,0,20,265,33089524
201901,13,063,3,5,Clayton County                ,32,32,6198988,0,0,0,0,0,0,0,0,0,32,32,6198988,0,0,0,0,0,0,0,0,0
201901,13,067,3,5,Cobb County                   ,94,94,24449106,0,0,0,0,0,0,0,0,107779,81,81,22007787,0,0,0,0,0,0,0,0,107779
201901,13,073,3,5,Columbia County               ,106,106,18974381,0,0,0,3,11,605000,1,8,392000,17,17,2682052,0,0,0,3,11,605000,1,8,392000
201901,13,077,3,5,Coweta County                 ,70,70,23889322,0,0,0,0,0,0,0,0,0,42,42,16149698,0,0,0,0,0,0,0,0,0
201901,13,085,3,5,Dawson County                 ,29,29,6553829,0,0,0,0,0,0,0,0,0,14,14,2417066,0,0,0,0,0,0,0,0,0
201901,13,095,3,5,Dougherty County              ,1,1,152422,0,0,0,0,0,0,0,0,0,1,1,152422,0,0,0,0,0,0,0,0,0
201901,13,097,3,5,Douglas County                ,23,23,4418351,0,0,0,0,0,0,0,0,0,23,23,4418351,0,0,0,0,0,0,0,0,0
201901,13,111,3,5,Fannin County                 ,21,21,4098759,0,0,0,0,0,0,0,0,0,21,21,4098759,0,0,0,0,0,0,0,0,0
201901,13,113,3,5,Fayette County                ,42,42,11716082,0,0,0,0,0,0,0,0,0,15,15,4815102,0,0,0,0,0,0,0,0,0
201901,13,115,3,5,Floyd County                  ,13,13,2255295,0,0,0,0,0,0,0,0,0,0,0,0,0,0,0,0,0,0,0,0,0
201901,13,117,3,5,Forsyth County                ,164,164,29936692,0,0,0,0,0,0,0,0,0,164,164,29936692,0,0,0,0,0,0,0,0,0
201901,13,121,3,5,Fulton County                 ,436,436,113303216,0,0,0,0,0,0,1,157,17173791,401,401,104631088,0,0,0,0,0,0,1,157,17173791
201901,13,127,3,5,Glynn County                  ,43,43,12564636,0,0,0,0,0,0,0,0,0,0,0,0,0,0,0,0,0,0,0,0,0
201901,13,135,3,5,Gwinnett County               ,236,236,56023362,0,0,0,0,0,0,1,6,816667,223,223,52576786,0,0,0,0,0,0,0,0,0
201901,13,143,3,5,Haralson County               ,4,4,915362,0,0,0,0,0,0,0,0,0,0,0,0,0,0,0,0,0,0,0,0,0
201901,13,145,3,5,Harris County                 ,16,16,4537205,0,0,0,0,0,0,0,0,0,16,16,4537205,0,0,0,0,0,0,0,0,0
201901,13,149,3,5,Heard County                  ,1,1,236407,0,0,0,0,0,0,0,0,0,1,1,236407,0,0,0,0,0,0,0,0,0
201901,13,151,3,5,Henry County                  ,138,138,26034358,0,0,0,0,0,0,0,0,0,90,90,19339013,0,0,0,0,0,0,0,0,0
201901,13,159,3,5,Jasper County                 ,5,5,669870,0,0,0,0,0,0,0,0,0,0,0,0,0,0,0,0,0,0,0,0,0
201901,13,171,3,5,Lamar County                  ,3,3,397050,0,0,0,0,0,0,0,0,0,0,0,0,0,0,0,0,0,0,0,0,0
201901,13,177,3,5,Lee County                    ,28,28,2346152,0,0,0,0,0,0,0,0,0,0,0,0,0,0,0,0,0,0,0,0,0
201901,13,179,3,5,Liberty County                ,35,35,7157153,0,0,0,0,0,0,1,6,250002,25,25,5266762,0,0,0,0,0,0,0,0,0
201901,13,189,3,5,McDuffie County               ,3,3,552400,0,0,0,0,0,0,0,0,0,0,0,0,0,0,0,0,0,0,0,0,0
201901,13,199,3,5,Meriwether County             ,6,6,1037134,0,0,0,0,0,0,0,0,0,3,3,344089,0,0,0,0,0,0,0,0,0
201901,13,201,3,5,Miller County                 ,0,0,0,0,0,0,0,0,0,0,0,0,0,0,0,0,0,0,0,0,0,0,0,0
201901,13,207,3,5,Monroe County                 ,16,16,4630000,0,0,0,0,0,0,0,0,0,16,16,4630000,0,0,0,0,0,0,0,0,0
201901,13,215,3,5,Muscogee County               ,26,26,5077317,0,0,0,1,4,246186,2,11,1927284,0,0,0,0,0,0,0,0,0,0,0,0
201901,13,217,3,5,Newton County                 ,40,40,9405368,0,0,0,0,0,0,0,0,0,39,39,9219869,0,0,0,0,0,0,0,0,0
201901,13,227,3,5,Pickens County                ,10,10,2001000,0,0,0,0,0,0,0,0,0,9,9,1854000,0,0,0,0,0,0,0,0,0
201901,13,231,3,5,Pike County                   ,7,7,1373235,0,0,0,0,0,0,0,0,0,0,0,0,0,0,0,0,0,0,0,0,0
201901,13,235,3,5,Pulaski County                ,1,1,150000,0,0,0,0,0,0,0,0,0,1,1,150000,0,0,0,0,0,0,0,0,0
201901,13,245,3,5,Richmond County               ,30,30,4930267,0,0,0,0,0,0,1,21,1206225,0,0,0,0,0,0,0,0,0,0,0,0
201901,13,247,3,5,Rockdale County               ,39,39,10342045,0,0,0,0,0,0,0,0,0,39,39,10342045,0,0,0,0,0,0,0,0,0
201901,13,255,3,5,Spalding County               ,13,13,1617257,0,0,0,0,0,0,0,0,0,12,12,1538807,0,0,0,0,0,0,0,0,0
201901,13,275,3,5,Thomas County                 ,6,6,1134732,0,0,0,0,0,0,0,0,0,4,4,763667,0,0,0,0,0,0,0,0,0
201901,13,291,3,5,Union County                  ,14,14,3323320,0,0,0,0,0,0,0,0,0,14,14,3323320,0,0,0,0,0,0,0,0,0
201901,15,001,4,9,Hawaii County                 ,65,65,23574859,0,0,0,0,0,0,0,0,0,65,65,23574859,0,0,0,0,0,0,0,0,0
201901,15,003,4,9,Honolulu County               ,55,55,31524592,0,0,0,0,0,0,17,246,67423880,55,55,31524592,0,0,0,0,0,0,17,246,67423880
201901,15,007,4,9,Kauai County                  ,19,19,15940879,1,2,344763,0,0,0,0,0,0,19,19,15940879,1,2,344763,0,0,0,0,0,0
201901,15,009,4,9,Maui County                   ,23,23,11490695,0,0,0,0,0,0,1,22,8929729,23,23,11490695,0,0,0,0,0,0,1,22,8929729
201901,16,001,4,8,Ada County                    ,357,357,90514396,1,2,324029,3,11,905531,8,99,7727755,209,209,53545166,1,2,324029,0,0,0,4,48,3031000
201901,16,015,4,8,Boise County                  ,2,2,785701,0,0,0,0,0,0,0,0,0,2,2,785701,0,0,0,0,0,0,0,0,0
201901,16,027,4,8,Canyon County                 ,106,106,18379353,0,0,0,2,8,525665,1,5,350521,34,34,8008710,0,0,0,0,0,0,0,0,0
201901,16,045,4,8,Gem County                    ,6,6,828026,0,0,0,0,0,0,0,0,0,4,4,591009,0,0,0,0,0,0,0,0,0
201901,16,073,4,8,Owyhee County                 ,1,1,188123,0,0,0,0,0,0,0,0,0,0,0,0,0,0,0,0,0,0,0,0,0
201901,17,005,2,3,Bond County                   ,0,0,0,0,0,0,0,0,0,0,0,0,0,0,0,0,0,0,0,0,0,0,0,0
201901,17,013,2,3,Calhoun County                ,1,1,113971,0,0,0,0,0,0,0,0,0,0,0,0,0,0,0,0,0,0,0,0,0
201901,17,031,2,3,Cook County                   ,75,75,22104993,3,6,1449100,12,38,7819800,8,551,91859700,58,58,17098422,3,6,1449100,12,38,7819800,8,551,91859700
201901,17,037,2,3,DeKalb County                 ,3,3,875000,0,0,0,0,0,0,0,0,0,3,3,875000,0,0,0,0,0,0,0,0,0
201901,17,039,2,3,De Witt County                ,0,0,0,0,0,0,0,0,0,0,0,0,0,0,0,0,0,0,0,0,0,0,0,0
201901,17,043,2,3,DuPage County                 ,49,49,22400350,1,2,231619,0,0,0,1,12,284636,45,45,20785708,0,0,0,0,0,0,0,0,0
201901,17,063,2,3,Grundy County                 ,0,0,0,0,0,0,0,0,0,1,9,461538,0,0,0,0,0,0,0,0,0,0,0,0
201901,17,083,2,3,Jersey County                 ,1,1,155609,0,0,0,0,0,0,0,0,0,0,0,0,0,0,0,0,0,0,0,0,0
201901,17,093,2,3,Kendall County                ,22,22,3730095,0,0,0,0,0,0,0,0,0,20,20,3276154,0,0,0,0,0,0,0,0,0
201901,17,097,2,3,Lake County                   ,30,30,8750455,1,2,83333,0,0,0,2,14,1961253,19,19,3934932,0,0,0,0,0,0,0,0,0
201901,17,111,2,3,McHenry County                ,12,12,2910774,0,0,0,0,0,0,0,0,0,9,9,2207508,0,0,0,0,0,0,0,0,0
201901,17,119,2,3,Madison County                ,17,17,5046593,0,0,0,0,0,0,0,0,0,11,11,3645000,0,0,0,0,0,0,0,0,0
201901,17,133,2,3,Monroe County                 ,7,7,1807162,0,0,0,0,0,0,1,5,432000,5,5,1357026,0,0,0,0,0,0,0,0,0
201901,17,197,2,3,Will County                   ,40,40,9038543,1,2,460000,0,0,0,0,0,0,31,31,7125034,1,2,460000,0,0,0,0,0,0
201901,18,003,2,3,Allen County                  ,61,61,15769305,0,0,0,8,24,960000,1,119,12500000,61,61,15769305,0,0,0,8,24,960000,1,119,12500000
201901,18,011,2,3,Boone County                  ,23,23,8285304,0,0,0,0,0,0,0,0,0,22,22,8126000,0,0,0,0,0,0,0,0,0
201901,18,013,2,3,Brown County                  ,1,1,258513,0,0,0,0,0,0,0,0,0,1,1,258513,0,0,0,0,0,0,0,0,0
201901,18,019,2,3,Clark County                  ,33,33,6771530,0,0,0,0,0,0,0,0,0,31,31,6168132,0,0,0,0,0,0,0,0,0
201901,18,047,2,3,Franklin County               ,3,3,649000,0,0,0,0,0,0,0,0,0,3,3,649000,0,0,0,0,0,0,0,0,0
201901,18,057,2,3,Hamilton County               ,162,162,49794984,0,0,0,0,0,0,0,0,0,162,162,49794984,0,0,0,0,0,0,0,0,0
201901,18,059,2,3,Hancock County                ,21,21,5112990,0,0,0,0,0,0,0,0,0,14,14,3274679,0,0,0,0,0,0,0,0,0
201901,18,061,2,3,Harrison County               ,0,0,0,0,0,0,0,0,0,0,0,0,0,0,0,0,0,0,0,0,0,0,0,0
201901,18,063,2,3,Hendricks County              ,41,41,9520945,1,2,210000,0,0,0,0,0,0,22,22,6187698,1,2,210000,0,0,0,0,0,0
201901,18,069,2,3,Huntington County             ,4,4,795494,0,0,0,0,0,0,0,0,0,4,4,795494,0,0,0,0,0,0,0,0,0
201901,18,073,2,3,Jasper County                 ,3,3,667026,0,0,0,0,0,0,0,0,0,2,2,517026,0,0,0,0,0,0,0,0,0
201901,18,081,2,3,Johnson County                ,69,69,19258136,0,0,0,0,0,0,0,0,0,67,67,19026998,0,0,0,0,0,0,0,0,0
201901,18,087,2,3,Lagrange County               ,6,6,1186032,0,0,0,0,0,0,0,0,0,0,0,0,0,0,0,0,0,0,0,0,0
201901,18,089,2,3,Lake County                   ,46,46,12065141,0,0,0,0,0,0,0,0,0,23,23,6573484,0,0,0,0,0,0,0,0,0
201901,18,097,2,3,Marion County                 ,52,52,13092147,1,2,278179,4,16,3400000,10,321,29113840,52,52,13092147,1,2,278179,4,16,3400000,10,321,29113840
201901,18,105,2,3,Monroe County                 ,12,12,3096000,1,2,239151,0,0,0,1,16,1857198,0,0,0,0,0,0,0,0,0,0,0,0
201901,18,109,2,3,Morgan County                 ,19,19,3549948,0,0,0,0,0,0,0,0,0,15,15,2507530,0,0,0,0,0,0,0,0,0
201901,18,111,2,3,Newton County                 ,1,1,202836,0,0,0,0,0,0,0,0,0,0,0,0,0,0,0,0,0,0,0,0,0
201901,18,115,2,3,Ohio County                   ,2,2,600000,0,0,0,0,0,0,0,0,0,2,2,600000,0,0,0,0,0,0,0,0,0
201901,18,119,2,3,Owen County                   ,2,2,447771,0,0,0,0,0,0,0,0,0,0,0,0,0,0,0,0,0,0,0,0,0
201901,18,127,2,3,Porter County                 ,23,23,5299347,0,0,0,0,0,0,1,6,750934,14,14,3399888,0,0,0,0,0,0,0,0,0
201901,18,133,2,3,Putnam County                 ,1,1,258513,0,0,0,0,0,0,0,0,0,1,1,258513,0,0,0,0,0,0,0,0,0
201901,18,145,2,3,Shelby County                 ,6,6,1127113,0,0,0,0,0,0,0,0,0,6,6,1127113,0,0,0,0,0,0,0,0,0
201901,18,151,2,3,Steuben County                ,7,7,2049355,0,0,0,0,0,0,1,7,854000,7,7,2049355,0,0,0,0,0,0,1,7,854000
201901,18,157,2,3,Tippecanoe County             ,21,21,5182212,0,0,0,0,0,0,1,6,586466,18,18,4794724,0,0,0,0,0,0,0,0,0
201901,18,163,2,3,Vanderburgh County            ,14,14,2414143,0,0,0,0,0,0,0,0,0,0,0,0,0,0,0,0,0,0,0,0,0
201901,18,167,2,3,Vigo County                   ,1,1,186360,1,2,137636,0,0,0,1,10,691935,0,0,0,0,0,0,0,0,0,0,0,0
201901,18,175,2,3,Washington County             ,2,2,533704,0,0,0,0,0,0,0,0,0,0,0,0,0,0,0,0,0,0,0,0,0
201901,18,183,2,3,Whitley County                ,8,8,1949000,0,0,0,0,0,0,0,0,0,8,8,1949000,0,0,0,0,0,0,0,0,0
201901,19,049,2,4,Dallas County                 ,22,22,5237157,1,2,314176,0,0,0,0,0,0,8,8,2019363,0,0,0,0,0,0,0,0,0
201901,19,085,2,4,Harrison County               ,0,0,0,0,0,0,0,0,0,0,0,0,0,0,0,0,0,0,0,0,0,0,0,0
201901,19,129,2,4,Mills County                  ,0,0,0,0,0,0,0,0,0,0,0,0,0,0,0,0,0,0,0,0,0,0,0,0
201901,19,153,2,4,Polk County                   ,98,98,25813966,0,0,0,0,0,0,3,117,17057580,93,93,24582834,0,0,0,0,0,0,3,117,17057580
201901,19,181,2,4,Warren County                 ,11,11,2833950,0,0,0,0,0,0,0,0,0,10,10,2592015,0,0,0,0,0,0,0,0,0
201901,20,061,2,4,Geary County                  ,1,1,131208,0,0,0,0,0,0,0,0,0,0,0,0,0,0,0,0,0,0,0,0,0
201901,20,091,2,4,Johnson County                ,99,99,35173917,0,0,0,0,0,0,4,116,6870125,89,89,31925599,0,0,0,0,0,0,3,108,6095994
201901,20,103,2,4,Leavenworth County            ,12,12,2671806,0,0,0,0,0,0,0,0,0,12,12,2671806,0,0,0,0,0,0,0,0,0
201901,20,107,2,4,Linn County                   ,2,2,351013,0,0,0,0,0,0,0,0,0,1,1,258513,0,0,0,0,0,0,0,0,0
201901,20,121,2,4,Miami County                  ,3,3,908736,0,0,0,0,0,0,0,0,0,0,0,0,0,0,0,0,0,0,0,0,0
201901,20,209,2,4,Wyandotte County              ,7,7,884999,0,0,0,0,0,0,0,0,0,7,7,884999,0,0,0,0,0,0,0,0,0
201901,21,005,3,6,Anderson County               ,2,2,390358,0,0,0,0,0,0,0,0,0,2,2,390358,0,0,0,0,0,0,0,0,0
201901,21,015,3,6,Boone County                  ,26,26,5182823,0,0,0,0,0,0,0,0,0,26,26,5182823,0,0,0,0,0,0,0,0,0
201901,21,017,3,6,Bourbon County                ,4,4,897729,1,2,157000,0,0,0,0,0,0,0,0,0,0,0,0,0,0,0,0,0,0
201901,21,021,3,6,Boyle County                  ,2,2,441187,0,0,0,0,0,0,0,0,0,0,0,0,0,0,0,0,0,0,0,0,0
201901,21,029,3,6,Bullitt County                ,24,24,4911326,0,0,0,0,0,0,0,0,0,24,24,4911326,0,0,0,0,0,0,0,0,0
201901,21,035,3,6,Calloway County               ,0,0,0,0,0,0,0,0,0,0,0,0,0,0,0,0,0,0,0,0,0,0,0,0
201901,21,037,3,6,Campbell County               ,3,3,1389435,0,0,0,0,0,0,0,0,0,2,2,849435,0,0,0,0,0,0,0,0,0
201901,21,045,3,6,Casey County                  ,0,0,0,0,0,0,0,0,0,0,0,0,0,0,0,0,0,0,0,0,0,0,0,0
201901,21,047,3,6,Christian County              ,5,5,655400,0,0,0,0,0,0,5,48,6542000,3,3,513000,0,0,0,0,0,0,5,48,6542000
201901,21,049,3,6,Clark County                  ,3,3,637654,0,0,0,0,0,0,1,5,346250,0,0,0,0,0,0,0,0,0,0,0,0
201901,21,067,3,6,Fayette County                ,60,60,9673270,0,0,0,0,0,0,1,50,3661030,0,0,0,0,0,0,0,0,0,0,0,0
201901,21,069,3,6,Fleming County                ,0,0,0,0,0,0,0,0,0,0,0,0,0,0,0,0,0,0,0,0,0,0,0,0
201901,21,077,3,6,Gallatin County               ,1,1,172521,0,0,0,0,0,0,0,0,0,0,0,0,0,0,0,0,0,0,0,0,0
201901,21,081,3,6,Grant County                  ,5,5,293500,0,0,0,0,0,0,0,0,0,5,5,293500,0,0,0,0,0,0,0,0,0
201901,21,091,3,6,Hancock County                ,0,0,0,0,0,0,0,0,0,0,0,0,0,0,0,0,0,0,0,0,0,0,0,0
201901,21,099,3,6,Hart County                   ,4,4,389000,0,0,0,0,0,0,1,8,908381,0,0,0,0,0,0,0,0,0,0,0,0
201901,21,101,3,6,Henderson County              ,0,0,0,8,16,1454976,0,0,0,0,0,0,0,0,0,8,16,1454976,0,0,0,0,0,0
201901,21,103,3,6,Henry County                  ,4,4,1184500,0,0,0,0,0,0,0,0,0,4,4,1184500,0,0,0,0,0,0,0,0,0
201901,21,111,3,6,Jefferson County              ,103,103,27441413,1,2,249511,1,4,444643,7,174,12757543,3,3,993088,0,0,0,0,0,0,0,0,0
201901,21,113,3,6,Jessamine County              ,16,16,5855147,0,0,0,0,0,0,0,0,0,6,6,4415000,0,0,0,0,0,0,0,0,0
201901,21,115,3,6,Johnson County                ,0,0,0,0,0,0,0,0,0,0,0,0,0,0,0,0,0,0,0,0,0,0,0,0
201901,21,117,3,6,Kenton County                 ,19,19,4219631,0,0,0,0,0,0,0,0,0,19,19,4219631,0,0,0,0,0,0,0,0,0
201901,21,121,3,6,Knox County                   ,0,0,0,0,0,0,0,0,0,0,0,0,0,0,0,0,0,0,0,0,0,0,0,0
201901,21,123,3,6,Larue County                  ,4,4,945628,0,0,0,0,0,0,0,0,0,4,4,945628,0,0,0,0,0,0,0,0,0
201901,21,137,3,6,Lincoln County                ,4,4,495558,0,0,0,0,0,0,0,0,0,0,0,0,0,0,0,0,0,0,0,0,0
201901,21,145,3,6,McCracken County              ,1,1,302615,0,0,0,0,0,0,0,0,0,0,0,0,0,0,0,0,0,0,0,0,0
201901,21,151,3,6,Madison County                ,12,12,1550732,2,4,225992,0,0,0,1,5,168572,3,3,760000,0,0,0,0,0,0,0,0,0
201901,21,157,3,6,Marshall County               ,2,2,532690,0,0,0,0,0,0,0,0,0,2,2,532690,0,0,0,0,0,0,0,0,0
201901,21,161,3,6,Mason County                  ,0,0,0,0,0,0,0,0,0,0,0,0,0,0,0,0,0,0,0,0,0,0,0,0
201901,21,163,3,6,Meade County                  ,6,6,1123515,0,0,0,0,0,0,0,0,0,1,1,375000,0,0,0,0,0,0,0,0,0
201901,21,167,3,6,Mercer County                 ,4,4,688974,0,0,0,0,0,0,0,0,0,0,0,0,0,0,0,0,0,0,0,0,0
201901,21,175,3,6,Morgan County                 ,2,2,150000,0,0,0,0,0,0,0,0,0,0,0,0,0,0,0,0,0,0,0,0,0
201901,21,179,3,6,Nelson County                 ,14,14,1745000,0,0,0,0,0,0,0,0,0,14,14,1745000,0,0,0,0,0,0,0,0,0
201901,21,185,3,6,Oldham County                 ,26,26,7842732,0,0,0,0,0,0,0,0,0,0,0,0,0,0,0,0,0,0,0,0,0
201901,21,191,3,6,Pendleton County              ,0,0,0,0,0,0,0,0,0,0,0,0,0,0,0,0,0,0,0,0,0,0,0,0
201901,21,209,3,6,Scott County                  ,15,15,1964000,0,0,0,0,0,0,0,0,0,15,15,1964000,0,0,0,0,0,0,0,0,0
201901,21,211,3,6,Shelby County                 ,21,21,4666940,0,0,0,0,0,0,0,0,0,21,21,4666940,0,0,0,0,0,0,0,0,0
201901,21,213,3,6,Simpson County                ,5,5,748331,0,0,0,0,0,0,1,5,435562,0,0,0,0,0,0,0,0,0,0,0,0
201901,21,215,3,6,Spencer County                ,9,9,2127662,0,0,0,0,0,0,0,0,0,9,9,2127662,0,0,0,0,0,0,0,0,0
201901,21,221,3,6,Trigg County                  ,4,4,780716,0,0,0,0,0,0,0,0,0,4,4,780716,0,0,0,0,0,0,0,0,0
201901,21,239,3,6,Woodford County               ,6,6,1074200,0,0,0,0,0,0,0,0,0,6,6,1074200,0,0,0,0,0,0,0,0,0
201901,22,005,3,7,Ascension Parish              ,58,58,8566357,0,0,0,0,0,0,0,0,0,58,58,8566357,0,0,0,0,0,0,0,0,0
201901,22,015,3,7,Bossier Parish                ,63,63,11811955,0,0,0,0,0,0,0,0,0,63,63,11811955,0,0,0,0,0,0,0,0,0
201901,22,017,3,7,Caddo Parish                  ,23,23,4878107,0,0,0,0,0,0,0,0,0,23,23,4878107,0,0,0,0,0,0,0,0,0
201901,22,031,3,7,De Soto Parish                ,6,6,1479082,0,0,0,0,0,0,0,0,0,2,2,695000,0,0,0,0,0,0,0,0,0
201901,22,033,3,7,East Baton Rouge Parish       ,79,79,24439618,0,0,0,0,0,0,0,0,0,79,79,24439618,0,0,0,0,0,0,0,0,0
201901,22,037,3,7,East Feliciana Parish         ,5,5,975895,0,0,0,0,0,0,0,0,0,5,5,975895,0,0,0,0,0,0,0,0,0
201901,22,047,3,7,Iberville Parish              ,8,8,2004306,0,0,0,0,0,0,0,0,0,1,1,240000,0,0,0,0,0,0,0,0,0
201901,22,051,3,7,Jefferson Parish              ,35,35,7097652,0,0,0,1,3,182137,0,0,0,3,3,265000,0,0,0,0,0,0,0,0,0
201901,22,055,3,7,Lafayette Parish              ,101,101,21051332,0,0,0,0,0,0,0,0,0,67,67,16661982,0,0,0,0,0,0,0,0,0
201901,22,063,3,7,Livingston Parish             ,65,65,14818758,0,0,0,0,0,0,0,0,0,1,1,350000,0,0,0,0,0,0,0,0,0
201901,22,071,3,7,Orleans Parish                ,36,36,8105488,5,10,1056987,0,0,0,1,8,1969133,0,0,0,0,0,0,0,0,0,0,0,0
201901,22,075,3,7,Plaquemines Parish            ,4,4,1014423,0,0,0,0,0,0,0,0,0,0,0,0,0,0,0,0,0,0,0,0,0
201901,22,077,3,7,Pointe Coupee Parish          ,2,2,478634,0,0,0,0,0,0,0,0,0,2,2,478634,0,0,0,0,0,0,0,0,0
201901,22,087,3,7,St. Bernard Parish            ,14,14,2243000,0,0,0,0,0,0,0,0,0,14,14,2243000,0,0,0,0,0,0,0,0,0
201901,22,089,3,7,St. Charles Parish            ,11,11,2344198,0,0,0,0,0,0,0,0,0,0,0,0,0,0,0,0,0,0,0,0,0
201901,22,091,3,7,St. Helena Parish             ,3,3,529317,0,0,0,0,0,0,0,0,0,0,0,0,0,0,0,0,0,0,0,0,0
201901,22,095,3,7,St. John the Baptist Parish   ,4,4,660124,0,0,0,0,0,0,0,0,0,0,0,0,0,0,0,0,0,0,0,0,0
201901,22,099,3,7,St. Martin Parish             ,12,12,2341619,0,0,0,0,0,0,0,0,0,1,1,334704,0,0,0,0,0,0,0,0,0
201901,22,103,3,7,St. Tammany Parish            ,148,148,35819600,1,2,380000,0,0,0,0,0,0,143,143,34160598,0,0,0,0,0,0,0,0,0
201901,22,109,3,7,Terrebonne Parish             ,11,11,2804351,0,0,0,0,0,0,0,0,0,0,0,0,0,0,0,0,0,0,0,0,0
201901,22,121,3,7,West Baton Rouge Parish       ,12,12,1745931,0,0,0,0,0,0,0,0,0,3,3,533355,0,0,0,0,0,0,0,0,0
201901,22,125,3,7,West Feliciana Parish         ,3,3,1224284,0,0,0,0,0,0,0,0,0,0,0,0,0,0,0,0,0,0,0,0,0
201901,23,000,1,1,Maine Unorganized Territory   ,3,3,398401,0,0,0,0,0,0,0,0,0,0,0,0,0,0,0,0,0,0,0,0,0
201901,24,003,3,5,Anne Arundel County           ,151,151,25395464,0,0,0,0,0,0,0,0,0,151,151,25395464,0,0,0,0,0,0,0,0,0
201901,24,005,3,5,Baltimore County              ,79,79,16355000,0,0,0,0,0,0,4,192,22800000,79,79,16355000,0,0,0,0,0,0,4,192,22800000
201901,24,009,3,5,Calvert County                ,9,9,2127662,0,0,0,0,0,0,0,0,0,9,9,2127662,0,0,0,0,0,0,0,0,0
201901,24,013,3,5,Carroll County                ,26,26,7856826,0,0,0,0,0,0,0,0,0,26,26,7856826,0,0,0,0,0,0,0,0,0
201901,24,015,3,5,Cecil County                  ,14,14,3180454,0,0,0,0,0,0,0,0,0,14,14,3180454,0,0,0,0,0,0,0,0,0
201901,24,017,3,5,Charles County                ,46,46,11974000,0,0,0,0,0,0,0,0,0,46,46,11974000,0,0,0,0,0,0,0,0,0
201901,24,021,3,5,Frederick County              ,139,139,30297847,0,0,0,0,0,0,1,20,3008592,139,139,30297847,0,0,0,0,0,0,1,20,3008592
201901,24,023,3,5,Garrett County                ,2,2,442000,0,0,0,0,0,0,0,0,0,2,2,442000,0,0,0,0,0,0,0,0,0
201901,24,025,3,5,Harford County                ,64,64,15501061,0,0,0,0,0,0,0,0,0,61,61,14676691,0,0,0,0,0,0,0,0,0
201901,24,027,3,5,Howard County                 ,69,69,17515843,0,0,0,0,0,0,0,0,0,69,69,17515843,0,0,0,0,0,0,0,0,0
201901,24,031,3,5,Montgomery County             ,63,63,14807228,0,0,0,7,28,875000,7,453,50643760,63,63,14807228,0,0,0,7,28,875000,7,453,50643760
201901,24,033,3,5,Prince George County          ,193,193,45759116,0,0,0,0,0,0,1,5,1439240,190,190,44917312,0,0,0,0,0,0,0,0,0
201901,24,035,3,5,Queen Anne County             ,25,25,5181120,0,0,0,0,0,0,4,66,9072000,25,25,5181120,0,0,0,0,0,0,4,66,9072000
201901,24,037,3,5,St. Marys County              ,2,2,844000,0,0,0,0,0,0,0,0,0,2,2,844000,0,0,0,0,0,0,0,0,0
201901,24,039,3,5,Somerset County               ,0,0,0,0,0,0,0,0,0,0,0,0,0,0,0,0,0,0,0,0,0,0,0,0
201901,24,045,3,5,Wicomico County               ,21,21,2817266,0,0,0,0,0,0,0,0,0,13,13,1396723,0,0,0,0,0,0,0,0,0
201901,24,510,3,5,Baltimore (Independent City)  ,14,14,1650000,0,0,0,0,0,0,0,0,0,14,14,1650000,0,0,0,0,0,0,0,0,0
201901,25,005,1,1,Bristol County                ,42,42,7979574,6,12,1653500,0,0,0,0,0,0,17,17,3198400,5,10,1375000,0,0,0,0,0,0
201901,25,009,1,1,Essex County                  ,44,44,13781455,2,4,739000,3,12,3500000,2,12,2393199,32,32,9817524,1,2,570000,3,12,3500000,0,0,0
201901,25,017,1,1,Middlesex County              ,79,79,26150681,5,10,2108247,5,18,2493711,7,184,26951172,48,48,16143861,2,4,1080526,4,15,2034000,3,134,17652346
201901,25,021,1,1,Norfolk County                ,40,40,17796399,2,4,1547833,0,0,0,3,31,3939860,20,20,8608404,1,2,1200000,0,0,0,1,11,2200000
201901,25,023,1,1,Plymouth County               ,79,79,19512990,1,2,306400,1,3,391015,4,22,2923157,52,52,13157357,0,0,0,0,0,0,0,0,0
201901,25,025,1,1,Suffolk County                ,2,2,532041,3,6,1300000,6,21,2610460,6,43,8522047,2,2,532041,2,4,1000000,6,21,2610460,4,32,6124000
201901,26,000,2,3,Michigan Balance of State     ,2,2,375622,0,0,0,0,0,0,0,0,0,0,0,0,0,0,0,0,0,0,0,0,0
201901,26,019,2,3,Benzie County                 ,5,5,984366,0,0,0,0,0,0,0,0,0,5,5,984366,0,0,0,0,0,0,0,0,0
201901,26,029,2,3,Charlevoix County             ,4,4,914416,0,0,0,0,0,0,0,0,0,0,0,0,0,0,0,0,0,0,0,0,0
201901,26,089,2,3,Leelanau County               ,5,5,866670,0,0,0,0,0,0,0,0,0,5,5,866670,0,0,0,0,0,0,0,0,0
201901,26,093,2,3,Livingston County             ,21,21,5370264,0,0,0,0,0,0,0,0,0,20,20,5111751,0,0,0,0,0,0,0,0,0
201901,26,095,2,3,Luce County                   ,0,0,0,0,0,0,0,0,0,0,0,0,0,0,0,0,0,0,0,0,0,0,0,0
201901,26,099,2,3,Macomb County                 ,33,33,11630788,1,2,183192,0,0,0,5,58,8576923,33,33,11630788,0,0,0,0,0,0,5,58,8576923
201901,26,103,2,3,Marquette County              ,0,0,0,0,0,0,0,0,0,0,0,0,0,0,0,0,0,0,0,0,0,0,0,0
201901,26,137,2,3,Otsego County                 ,1,1,81000,0,0,0,0,0,0,0,0,0,0,0,0,0,0,0,0,0,0,0,0,0
201901,26,147,2,3,St. Clair County              ,6,6,1099382,0,0,0,0,0,0,0,0,0,5,5,940920,0,0,0,0,0,0,0,0,0
201901,26,163,2,3,Wayne County                  ,43,43,13385162,0,0,0,0,0,0,1,12,2092362,35,35,11514204,0,0,0,0,0,0,1,12,2092362
201901,27,003,2,4,Anoka County                  ,54,54,17096617,0,0,0,0,0,0,2,20,2777799,53,53,16868555,0,0,0,0,0,0,0,0,0
201901,27,019,2,4,Carver County                 ,27,27,8043221,0,0,0,0,0,0,0,0,0,23,23,7208914,0,0,0,0,0,0,0,0,0
201901,27,025,2,4,Chisago County                ,9,9,1405161,0,0,0,0,0,0,0,0,0,1,1,135444,0,0,0,0,0,0,0,0,0
201901,27,027,2,4,Clay County                   ,1,1,375000,0,0,0,0,0,0,0,0,0,1,1,375000,0,0,0,0,0,0,0,0,0
201901,27,037,2,4,Dakota County                 ,67,67,19541545,0,0,0,0,0,0,1,32,2400000,56,56,16033015,0,0,0,0,0,0,1,32,2400000
201901,27,053,2,4,Hennepin County               ,96,96,40433402,0,0,0,0,0,0,5,584,99294562,89,89,37285655,0,0,0,0,0,0,4,567,96857833
201901,27,059,2,4,Isanti County                 ,12,12,2543920,0,0,0,0,0,0,0,0,0,7,7,1549269,0,0,0,0,0,0,0,0,0
201901,27,123,2,4,Ramsey County                 ,6,6,2280447,0,0,0,0,0,0,0,0,0,3,3,953513,0,0,0,0,0,0,0,0,0
201901,27,139,2,4,Scott County                  ,42,42,14342043,0,0,0,0,0,0,1,118,40318822,38,38,12734610,0,0,0,0,0,0,1,118,40318822
201901,27,141,2,4,Sherburne County              ,10,10,2389754,0,0,0,0,0,0,0,0,0,7,7,1792443,0,0,0,0,0,0,0,0,0
201901,27,163,2,4,Washington County             ,49,49,15988258,0,0,0,0,0,0,0,0,0,47,47,15071429,0,0,0,0,0,0,0,0,0
201901,27,171,2,4,Wright County                 ,41,41,12079728,0,0,0,0,0,0,0,0,0,36,36,10789674,0,0,0,0,0,0,0,0,0
201901,28,033,3,6,DeSoto County                 ,97,97,16240223,0,0,0,0,0,0,0,0,0,18,18,2541900,0,0,0,0,0,0,0,0,0
201901,28,041,3,6,Greene County                 ,0,0,0,0,0,0,0,0,0,0,0,0,0,0,0,0,0,0,0,0,0,0,0,0
201901,28,045,3,6,Hancock County                ,34,34,5733098,0,0,0,1,3,301084,1,5,423313,6,6,1404658,0,0,0,0,0,0,0,0,0
201901,28,047,3,6,Harrison County               ,88,88,13757878,2,4,720000,0,0,0,0,0,0,32,32,4610931,2,4,720000,0,0,0,0,0,0
201901,28,067,3,6,Jones County                  ,0,0,0,0,0,0,0,0,0,0,0,0,0,0,0,0,0,0,0,0,0,0,0,0
201901,28,129,3,6,Smith County                  ,0,0,0,0,0,0,0,0,0,0,0,0,0,0,0,0,0,0,0,0,0,0,0,0
201901,28,137,3,6,Tate County                   ,9,9,1273462,0,0,0,0,0,0,0,0,0,8,8,1086000,0,0,0,0,0,0,0,0,0
201901,28,143,3,6,Tunica County                 ,1,1,110844,0,0,0,0,0,0,0,0,0,0,0,0,0,0,0,0,0,0,0,0,0
201901,28,145,3,6,Union County                  ,0,0,0,0,0,0,0,0,0,0,0,0,0,0,0,0,0,0,0,0,0,0,0,0
201901,28,149,3,6,Warren County                 ,0,0,0,0,0,0,0,0,0,0,0,0,0,0,0,0,0,0,0,0,0,0,0,0
201901,29,013,2,4,Bates County                  ,0,0,0,0,0,0,0,0,0,0,0,0,0,0,0,0,0,0,0,0,0,0,0,0
201901,29,017,2,4,Bollinger County              ,0,0,0,0,0,0,0,0,0,0,0,0,0,0,0,0,0,0,0,0,0,0,0,0
201901,29,019,2,4,Boone County                  ,38,38,8193756,1,2,199531,0,0,0,2,54,7243090,19,19,3582000,0,0,0,0,0,0,0,0,0
201901,29,049,2,4,Clinton County                ,1,1,167378,0,0,0,0,0,0,0,0,0,0,0,0,0,0,0,0,0,0,0,0,0
201901,29,065,2,4,Dent County                   ,0,0,0,0,0,0,0,0,0,0,0,0,0,0,0,0,0,0,0,0,0,0,0,0
201901,29,071,2,4,Franklin County               ,16,16,3017671,1,2,601600,0,0,0,0,0,0,16,16,3017671,1,2,601600,0,0,0,0,0,0
201901,29,095,2,4,Jackson County                ,89,89,24042741,1,2,116432,0,0,0,8,139,11899140,86,86,23303786,1,2,116432,0,0,0,8,139,11899140
201901,29,099,2,4,Jefferson County              ,39,39,8276087,0,0,0,0,0,0,0,0,0,36,36,7750619,0,0,0,0,0,0,0,0,0
201901,29,105,2,4,Laclede County                ,0,0,0,0,0,0,0,0,0,0,0,0,0,0,0,0,0,0,0,0,0,0,0,0
201901,29,107,2,4,Lafayette County              ,2,2,415440,0,0,0,0,0,0,0,0,0,1,1,185000,0,0,0,0,0,0,0,0,0
201901,29,113,2,4,Lincoln County                ,10,10,1818595,0,0,0,1,3,359288,0,0,0,8,8,1315000,0,0,0,0,0,0,0,0,0
201901,29,165,2,4,Platte County                 ,12,12,3132968,0,0,0,0,0,0,0,0,0,12,12,3132968,0,0,0,0,0,0,0,0,0
201901,29,185,2,4,St. Clair County              ,0,0,0,0,0,0,0,0,0,0,0,0,0,0,0,0,0,0,0,0,0,0,0,0
201901,29,189,2,4,St. Louis County              ,52,52,31313217,0,0,0,0,0,0,0,0,0,44,44,28058659,0,0,0,0,0,0,0,0,0
201901,29,219,2,4,Warren County                 ,11,11,2755629,0,0,0,0,0,0,0,0,0,11,11,2755629,0,0,0,0,0,0,0,0,0
201901,29,221,2,4,Washington County             ,0,0,0,0,0,0,0,0,0,0,0,0,0,0,0,0,0,0,0,0,0,0,0,0
201901,29,510,2,4,St. Louis (Independent City)  ,9,9,1665000,0,0,0,0,0,0,0,0,0,9,9,1665000,0,0,0,0,0,0,0,0,0
201901,30,013,4,8,Cascade County                ,10,10,2659058,0,0,0,0,0,0,1,12,1002000,10,10,2659058,0,0,0,0,0,0,1,12,1002000
201901,30,033,4,8,Garfield County               ,0,0,0,0,0,0,0,0,0,0,0,0,0,0,0,0,0,0,0,0,0,0,0,0
201901,30,063,4,8,Missoula County               ,23,23,5860682,0,0,0,0,0,0,0,0,0,23,23,5860682,0,0,0,0,0,0,0,0,0
201901,30,093,4,8,Silver Bow County             ,0,0,0,0,0,0,0,0,0,0,0,0,0,0,0,0,0,0,0,0,0,0,0,0
201901,31,001,2,4,Adams County                  ,3,3,1022567,0,0,0,0,0,0,0,0,0,3,3,1022567,0,0,0,0,0,0,0,0,0
201901,31,025,2,4,Cass County                   ,6,6,1094830,0,0,0,0,0,0,0,0,0,1,1,91566,0,0,0,0,0,0,0,0,0
201901,31,033,2,4,Cheyenne County               ,2,2,429000,0,0,0,0,0,0,0,0,0,2,2,429000,0,0,0,0,0,0,0,0,0
201901,31,055,2,4,Douglas County                ,85,85,13517391,0,0,0,0,0,0,3,286,17514790,85,85,13517391,0,0,0,0,0,0,3,286,17514790
201901,31,105,2,4,Kimball County                ,0,0,0,0,0,0,0,0,0,0,0,0,0,0,0,0,0,0,0,0,0,0,0,0
201901,31,153,2,4,Sarpy County                  ,57,57,15321174,0,0,0,0,0,0,0,0,0,42,42,10870802,0,0,0,0,0,0,0,0,0
201901,31,165,2,4,Sioux County                  ,0,0,0,0,0,0,0,0,0,0,0,0,0,0,0,0,0,0,0,0,0,0,0,0
201901,31,177,2,4,Washington County             ,4,4,1021033,0,0,0,0,0,0,0,0,0,4,4,1021033,0,0,0,0,0,0,0,0,0
201901,32,001,4,8,Churchill County              ,10,10,1697089,1,2,139828,0,0,0,0,0,0,10,10,1697089,1,2,139828,0,0,0,0,0,0
201901,32,003,4,8,Clark County                  ,561,561,126792093,4,8,628714,9,28,3376651,9,136,20498258,561,561,126792093,4,8,628714,9,28,3376651,9,136,20498258
201901,32,005,4,8,Douglas County                ,13,13,4759052,0,0,0,0,0,0,0,0,0,13,13,4759052,0,0,0,0,0,0,0,0,0
201901,32,007,4,8,Elko County                   ,10,10,1745267,0,0,0,0,0,0,0,0,0,10,10,1745267,0,0,0,0,0,0,0,0,0
201901,32,013,4,8,Humboldt County               ,0,0,0,0,0,0,0,0,0,0,0,0,0,0,0,0,0,0,0,0,0,0,0,0
201901,32,015,4,8,Lander County                 ,0,0,0,0,0,0,0,0,0,0,0,0,0,0,0,0,0,0,0,0,0,0,0,0
201901,32,017,4,8,Lincoln County                ,1,1,285178,0,0,0,0,0,0,0,0,0,1,1,285178,0,0,0,0,0,0,0,0,0
201901,32,019,4,8,Lyon County                   ,27,27,6010054,0,0,0,0,0,0,0,0,0,13,13,2814920,0,0,0,0,0,0,0,0,0
201901,32,021,4,8,Mineral County                ,0,0,0,0,0,0,0,0,0,0,0,0,0,0,0,0,0,0,0,0,0,0,0,0
201901,32,027,4,8,Pershing County               ,0,0,0,0,0,0,0,0,0,0,0,0,0,0,0,0,0,0,0,0,0,0,0,0
201901,32,029,4,8,Storey County                 ,1,1,132098,0,0,0,0,0,0,0,0,0,1,1,132098,0,0,0,0,0,0,0,0,0
201901,32,031,4,8,Washoe County                 ,148,148,39934709,0,0,0,0,0,0,5,248,34675535,106,106,30801730,0,0,0,0,0,0,1,158,26703616
201901,32,033,4,8,White Pine County             ,1,1,356039,0,0,0,0,0,0,0,0,0,0,0,0,0,0,0,0,0,0,0,0,0
201901,32,510,4,8,Carson City (Independent City),10,10,2791751,0,0,0,0,0,0,0,0,0,10,10,2791751,0,0,0,0,0,0,0,0,0
201901,33,015,1,1,Rockingham County             ,53,53,14574975,2,4,822000,0,0,0,2,19,1925271,42,42,11620657,2,4,822000,0,0,0,1,14,1433135
201901,33,017,1,1,Strafford County              ,20,20,5727009,3,6,948077,0,0,0,3,155,60058204,13,13,4197920,2,4,592877,0,0,0,2,150,59592687
201901,34,001,1,2,Atlantic County               ,30,30,7577186,0,0,0,0,0,0,3,67,5544599,29,29,7342959,0,0,0,0,0,0,2,36,1464000
201901,34,003,1,2,Bergen County                 ,53,53,17828959,6,12,1699979,1,3,503467,9,77,10524298,28,28,10243550,4,8,1089316,0,0,0,2,30,5950600
201901,34,005,1,2,Burlington County             ,40,40,4952933,0,0,0,0,0,0,8,127,6832312,19,19,3281680,0,0,0,0,0,0,5,106,4763380
201901,34,007,1,2,Camden County                 ,19,19,2319435,0,0,0,0,0,0,10,172,2770857,14,14,1635100,0,0,0,0,0,0,7,132,718161
201901,34,009,1,2,Cape May County               ,31,31,10460240,7,14,1954000,0,0,0,0,0,0,31,31,10460240,7,14,1954000,0,0,0,0,0,0
201901,34,011,1,2,Cumberland County             ,3,3,294506,0,0,0,0,0,0,0,0,0,0,0,0,0,0,0,0,0,0,0,0,0
201901,34,013,1,2,Essex County                  ,33,33,5506389,3,6,707377,0,0,0,5,87,7086967,18,18,4398985,2,4,592877,0,0,0,0,0,0
201901,34,015,1,2,Gloucester County             ,29,29,3643372,0,0,0,0,0,0,4,39,4197398,20,20,2672857,0,0,0,0,0,0,1,8,920000
201901,34,017,1,2,Hudson County                 ,12,12,2176854,4,8,1025950,5,16,3579400,3,73,11193333,11,11,1652675,3,6,763500,5,16,3579400,1,9,1177450
201901,34,019,1,2,Hunterdon County              ,10,10,2087162,0,0,0,0,0,0,2,15,777793,8,8,1862100,0,0,0,0,0,0,0,0,0
201901,34,021,1,2,Mercer County                 ,17,17,2564467,0,0,0,1,4,340000,3,29,1709792,17,17,2564467,0,0,0,1,4,340000,2,24,1706900
201901,34,023,1,2,Middlesex County              ,66,66,12661680,0,0,0,1,4,458967,7,97,9104985,60,60,11794519,0,0,0,1,4,458967,3,54,6742358
201901,34,025,1,2,Monmouth County               ,60,60,17478333,0,0,0,0,0,0,3,19,462787,49,49,13929499,0,0,0,0,0,0,1,5,31400
201901,34,027,1,2,Morris County                 ,49,49,12055155,0,0,0,4,14,650192,2,10,993258,34,34,6708745,0,0,0,1,3,203500,0,0,0
201901,34,029,1,2,Ocean County                  ,220,220,36806604,3,6,477839,2,8,320610,2,33,2937436,120,120,25931485,1,2,283000,0,0,0,1,24,2515800
201901,34,031,1,2,Passaic County                ,8,8,1629324,0,0,0,1,3,219751,2,12,676724,2,2,298400,0,0,0,0,0,0,0,0,0
201901,34,033,1,2,Salem County                  ,6,6,913000,0,0,0,0,0,0,0,0,0,6,6,913000,0,0,0,0,0,0,0,0,0
201901,34,035,1,2,Somerset County               ,15,15,2877938,0,0,0,0,0,0,3,25,1680972,7,7,1542020,0,0,0,0,0,0,0,0,0
201901,34,037,1,2,Sussex County                 ,13,13,2043625,9,18,1494000,0,0,0,1,5,202145,11,11,1684550,9,18,1494000,0,0,0,0,0,0
201901,34,039,1,2,Union County                  ,22,22,5116696,3,6,533610,0,0,0,3,23,1568240,15,15,3950920,0,0,0,0,0,0,0,0,0
201901,34,041,1,2,Warren County                 ,2,2,366584,0,0,0,0,0,0,1,8,288870,1,1,164900,0,0,0,0,0,0,0,0,0
201901,35,000,4,8,New Mexico Balance of State   ,26,26,7049921,0,0,0,0,0,0,0,0,0,0,0,0,0,0,0,0,0,0,0,0,0
201901,35,001,4,8,Bernalillo County             ,91,91,20341293,0,0,0,0,0,0,1,14,1381222,15,15,5678537,0,0,0,0,0,0,0,0,0
201901,35,005,4,8,Chaves County                 ,4,4,677729,1,2,303676,0,0,0,0,0,0,0,0,0,0,0,0,0,0,0,0,0,0
201901,35,009,4,8,Curry County                  ,4,4,1012708,0,0,0,0,0,0,1,5,460938,0,0,0,0,0,0,0,0,0,0,0,0
201901,35,013,4,8,Dona Ana County               ,55,55,11606345,0,0,0,0,0,0,2,22,1627339,22,22,5472180,0,0,0,0,0,0,0,0,0
201901,35,015,4,8,Eddy County                   ,16,16,11434359,0,0,0,0,0,0,0,0,0,16,16,11434359,0,0,0,0,0,0,0,0,0
201901,35,017,4,8,Grant County                  ,1,1,162507,0,0,0,0,0,0,0,0,0,0,0,0,0,0,0,0,0,0,0,0,0
201901,35,025,4,8,Lea County                    ,5,5,1027530,0,0,0,0,0,0,0,0,0,0,0,0,0,0,0,0,0,0,0,0,0
201901,35,027,4,8,Lincoln County                ,4,4,700745,0,0,0,0,0,0,0,0,0,4,4,700745,0,0,0,0,0,0,0,0,0
201901,35,028,4,8,Los Alamos County             ,0,0,0,0,0,0,0,0,0,0,0,0,0,0,0,0,0,0,0,0,0,0,0,0
201901,35,029,4,8,Luna County                   ,0,0,0,0,0,0,0,0,0,0,0,0,0,0,0,0,0,0,0,0,0,0,0,0
201901,35,031,4,8,McKinley County               ,0,0,0,0,0,0,0,0,0,0,0,0,0,0,0,0,0,0,0,0,0,0,0,0
201901,35,035,4,8,Otero County                  ,0,0,0,0,0,0,0,0,0,0,0,0,0,0,0,0,0,0,0,0,0,0,0,0
201901,35,041,4,8,Roosevelt County              ,2,2,302038,0,0,0,0,0,0,0,0,0,0,0,0,0,0,0,0,0,0,0,0,0
201901,35,043,4,8,Sandoval County               ,46,46,10176036,1,2,283271,0,0,0,1,5,208333,0,0,0,0,0,0,0,0,0,0,0,0
201901,35,045,4,8,San Juan County               ,7,7,1618052,0,0,0,0,0,0,0,0,0,0,0,0,0,0,0,0,0,0,0,0,0
201901,35,047,4,8,San Miguel County             ,1,1,140000,0,0,0,0,0,0,0,0,0,0,0,0,0,0,0,0,0,0,0,0,0
201901,35,049,4,8,Santa Fe County               ,28,28,7894686,0,0,0,0,0,0,0,0,0,28,28,7894686,0,0,0,0,0,0,0,0,0
201901,35,051,4,8,Sierra County                 ,0,0,0,0,0,0,0,0,0,0,0,0,0,0,0,0,0,0,0,0,0,0,0,0
201901,35,055,4,8,Taos County                   ,6,6,657935,0,0,0,0,0,0,0,0,0,0,0,0,0,0,0,0,0,0,0,0,0
201901,35,061,4,8,Valencia County               ,3,3,629597,0,0,0,0,0,0,0,0,0,3,3,629597,0,0,0,0,0,0,0,0,0
201901,36,001,1,2,Albany County                 ,11,11,2879302,0,0,0,0,0,0,1,9,1476455,11,11,2879302,0,0,0,0,0,0,0,0,0
201901,36,005,1,2,Bronx County                  ,0,0,0,2,4,592877,0,0,0,5,460,59870517,0,0,0,2,4,592877,0,0,0,5,460,59870517
201901,36,029,1,2,Erie County                   ,37,37,11879773,0,0,0,0,0,0,1,20,4476723,24,24,8706415,0,0,0,0,0,0,0,0,0
201901,36,047,1,2,Kings County                  ,8,8,2128163,1,2,296439,8,25,3107690,25,879,114404748,8,8,2128163,1,2,296439,8,25,3107690,25,879,114404748
201901,36,051,1,2,Livingston County             ,2,2,340115,0,0,0,0,0,0,2,10,562500,1,1,200000,0,0,0,0,0,0,0,0,0
201901,36,055,1,2,Monroe County                 ,38,38,9834274,0,0,0,0,0,0,4,67,10907453,33,33,9071495,0,0,0,0,0,0,4,67,10907453
201901,36,059,1,2,Nassau County                 ,60,60,23916570,1,2,302667,0,0,0,2,16,6176012,20,20,12761324,0,0,0,0,0,0,0,0,0
201901,36,061,1,2,New York County               ,1,1,266020,0,0,0,0,0,0,6,126,16399315,1,1,266020,0,0,0,0,0,0,6,126,16399315
201901,36,063,1,2,Niagara County                ,8,8,2409140,0,0,0,0,0,0,0,0,0,2,2,784900,0,0,0,0,0,0,0,0,0
201901,36,069,1,2,Ontario County                ,15,15,6124625,0,0,0,0,0,0,0,0,0,13,13,5734000,0,0,0,0,0,0,0,0,0
201901,36,073,1,2,Orleans County                ,0,0,0,0,0,0,0,0,0,0,0,0,0,0,0,0,0,0,0,0,0,0,0,0
201901,36,079,1,2,Putnam County                 ,1,1,207267,0,0,0,0,0,0,0,0,0,0,0,0,0,0,0,0,0,0,0,0,0
201901,36,081,1,2,Queens County                 ,6,6,1596122,2,4,592877,1,3,372923,7,1413,183906608,6,6,1596122,2,4,592877,1,3,372923,7,1413,183906608
201901,36,083,1,2,Rensselaer County             ,5,5,1189777,0,0,0,0,0,0,1,12,900000,1,1,146300,0,0,0,0,0,0,1,12,900000
201901,36,085,1,2,Richmond County               ,10,10,2660204,16,32,4743018,1,3,372923,0,0,0,10,10,2660204,16,32,4743018,1,3,372923,0,0,0
201901,36,087,1,2,Rockland County               ,6,6,1668614,2,4,617351,2,7,829882,3,21,2821375,2,2,485000,0,0,0,0,0,0,0,0,0
201901,36,091,1,2,Saratoga County               ,46,46,13603142,0,0,0,0,0,0,2,11,1028298,36,36,10045347,0,0,0,0,0,0,0,0,0
201901,36,093,1,2,Schenectady County            ,1,1,225000,0,0,0,0,0,0,0,0,0,0,0,0,0,0,0,0,0,0,0,0,0
201901,36,095,1,2,Schoharie County              ,1,1,130000,0,0,0,0,0,0,0,0,0,1,1,130000,0,0,0,0,0,0,0,0,0
201901,36,099,1,2,Seneca County                 ,5,5,347000,0,0,0,0,0,0,0,0,0,5,5,347000,0,0,0,0,0,0,0,0,0
201901,36,103,1,2,Suffolk County                ,47,47,44871905,1,2,296439,0,0,0,1,5,735846,39,39,39532597,1,2,296439,0,0,0,0,0,0
201901,36,117,1,2,Wayne County                  ,4,4,897850,0,0,0,0,0,0,0,0,0,3,3,697600,0,0,0,0,0,0,0,0,0
201901,36,119,1,2,Westchester County            ,21,21,12254945,1,2,291666,0,0,0,3,70,5636785,14,14,8400020,0,0,0,0,0,0,1,29,2279906
201901,37,007,3,5,Anson County                  ,4,4,599460,0,0,0,0,0,0,0,0,0,0,0,0,0,0,0,0,0,0,0,0,0
201901,37,011,3,5,Avery County                  ,3,3,585000,0,0,0,0,0,0,0,0,0,3,3,585000,0,0,0,0,0,0,0,0,0
201901,37,015,3,5,Bertie County                 ,1,1,130996,0,0,0,0,0,0,0,0,0,0,0,0,0,0,0,0,0,0,0,0,0
201901,37,025,3,5,Cabarrus County               ,93,93,16549344,1,2,90000,0,0,0,0,0,0,93,93,16549344,1,2,90000,0,0,0,0,0,0
201901,37,033,3,5,Caswell County                ,1,1,166000,0,0,0,0,0,0,0,0,0,1,1,166000,0,0,0,0,0,0,0,0,0
201901,37,037,3,5,Chatham County                ,49,49,15865609,0,0,0,0,0,0,0,0,0,46,46,15565467,0,0,0,0,0,0,0,0,0
201901,37,051,3,5,Cumberland County             ,39,39,5849830,0,0,0,0,0,0,0,0,0,39,39,5849830,0,0,0,0,0,0,0,0,0
201901,37,053,3,5,Currituck County              ,43,43,11180896,0,0,0,0,0,0,0,0,0,43,43,11180896,0,0,0,0,0,0,0,0,0
201901,37,059,3,5,Davie County                  ,12,12,2874700,0,0,0,0,0,0,1,7,315828,0,0,0,0,0,0,0,0,0,0,0,0
201901,37,063,3,5,Durham County                 ,154,154,29685852,1,2,169897,0,0,0,3,101,8045798,0,0,0,0,0,0,0,0,0,0,0,0
201901,37,069,3,5,Franklin County               ,56,56,9715286,0,0,0,0,0,0,0,0,0,56,56,9715286,0,0,0,0,0,0,0,0,0
201901,37,071,3,5,Gaston County                 ,67,67,19601363,0,0,0,0,0,0,1,5,792450,4,4,1708916,0,0,0,0,0,0,0,0,0
201901,37,077,3,5,Granville County              ,21,21,4333120,0,0,0,0,0,0,0,0,0,21,21,4333120,0,0,0,0,0,0,0,0,0
201901,37,081,3,5,Guilford County               ,98,98,23967994,0,0,0,0,0,0,0,0,0,74,74,20859069,0,0,0,0,0,0,0,0,0
201901,37,089,3,5,Henderson County              ,24,24,7275636,0,0,0,0,0,0,0,0,0,24,24,7275636,0,0,0,0,0,0,0,0,0
201901,37,093,3,5,Hoke County                   ,18,18,4255324,0,0,0,0,0,0,0,0,0,18,18,4255324,0,0,0,0,0,0,0,0,0
201901,37,097,3,5,Iredell County                ,97,97,25313304,0,0,0,0,0,0,0,0,0,97,97,25313304,0,0,0,0,0,0,0,0,0
201901,37,101,3,5,Johnston County               ,154,154,24587625,0,0,0,0,0,0,0,0,0,106,106,17905556,0,0,0,0,0,0,0,0,0
201901,37,119,3,5,Mecklenburg County            ,227,227,53664368,2,4,777457,0,0,0,1,278,30409642,227,227,53664368,2,4,777457,0,0,0,1,278,30409642
201901,37,133,3,5,Onslow County                 ,92,92,13516135,2,4,251640,1,3,300000,1,5,300000,78,78,11032204,1,2,128000,0,0,0,0,0,0
201901,37,135,3,5,Orange County                 ,41,41,15224162,0,0,0,0,0,0,0,0,0,5,5,3951847,0,0,0,0,0,0,0,0,0
201901,37,145,3,5,Person County                 ,4,4,894500,0,0,0,0,0,0,0,0,0,4,4,894500,0,0,0,0,0,0,0,0,0
201901,37,151,3,5,Randolph County               ,22,22,5179452,1,2,85000,0,0,0,0,0,0,18,18,4804521,0,0,0,0,0,0,0,0,0
201901,37,157,3,5,Rockingham County             ,13,13,3426591,0,0,0,0,0,0,0,0,0,13,13,3426591,0,0,0,0,0,0,0,0,0
201901,37,179,3,5,Union County                  ,102,102,20688863,0,0,0,0,0,0,0,0,0,102,102,20688863,0,0,0,0,0,0,0,0,0
201901,37,181,3,5,Vance County                  ,2,2,333549,0,0,0,0,0,0,0,0,0,2,2,333549,0,0,0,0,0,0,0,0,0
201901,37,183,3,5,Wake County                   ,602,602,151075358,0,0,0,0,0,0,3,91,13050466,602,602,151075358,0,0,0,0,0,0,3,91,13050466
201901,37,195,3,5,Wilson County                 ,12,12,2342148,0,0,0,0,0,0,0,0,0,12,12,2342148,0,0,0,0,0,0,0,0,0
201901,39,007,2,3,Ashtabula County              ,1,1,70000,0,0,0,0,0,0,0,0,0,1,1,70000,0,0,0,0,0,0,0,0,0
201901,39,015,2,3,Brown County                  ,4,4,1034053,0,0,0,0,0,0,0,0,0,4,4,1034053,0,0,0,0,0,0,0,0,0
201901,39,017,2,3,Butler County                 ,35,35,7632709,0,0,0,0,0,0,0,0,0,28,28,6421882,0,0,0,0,0,0,0,0,0
201901,39,025,2,3,Clermont County               ,28,28,7197337,0,0,0,0,0,0,0,0,0,28,28,7197337,0,0,0,0,0,0,0,0,0
201901,39,041,2,3,Delaware County               ,102,102,26777949,0,0,0,0,0,0,1,9,1104550,100,100,25985302,0,0,0,0,0,0,0,0,0
201901,39,049,2,3,Franklin County               ,78,78,24125861,0,0,0,1,3,166800,5,111,26510541,74,74,22746728,0,0,0,0,0,0,4,102,25600000
201901,39,055,2,3,Geauga County                 ,9,9,2326619,0,0,0,0,0,0,0,0,0,9,9,2326619,0,0,0,0,0,0,0,0,0
201901,39,085,2,3,Lake County                   ,26,26,5289717,0,0,0,0,0,0,0,0,0,26,26,5289717,0,0,0,0,0,0,0,0,0
201901,39,089,2,3,Licking County                ,12,12,3168383,0,0,0,0,0,0,0,0,0,0,0,0,0,0,0,0,0,0,0,0,0
201901,39,093,2,3,Lorain County                 ,63,63,13564891,1,2,301076,1,4,710000,0,0,0,49,49,11122848,1,2,301076,1,4,710000,0,0,0
201901,39,097,2,3,Madison County                ,6,6,1551079,0,0,0,0,0,0,0,0,0,6,6,1551079,0,0,0,0,0,0,0,0,0
201901,39,103,2,3,Medina County                 ,30,30,9068424,0,0,0,0,0,0,0,0,0,26,26,8324565,0,0,0,0,0,0,0,0,0
201901,39,117,2,3,Morrow County                 ,5,5,564000,0,0,0,0,0,0,0,0,0,3,3,534000,0,0,0,0,0,0,0,0,0
201901,39,159,2,3,Union County                  ,32,32,8272422,0,0,0,0,0,0,0,0,0,32,32,8272422,0,0,0,0,0,0,0,0,0
201901,39,165,2,3,Warren County                 ,79,79,22393653,0,0,0,0,0,0,1,7,865812,71,71,20291833,0,0,0,0,0,0,1,7,865812
201901,40,001,3,7,Adair County                  ,1,1,177418,0,0,0,0,0,0,0,0,0,0,0,0,0,0,0,0,0,0,0,0,0
201901,40,017,3,7,Canadian County               ,30,30,6926062,6,12,1349590,2,8,996000,0,0,0,30,30,6926062,6,12,1349590,2,8,996000,0,0,0
201901,40,021,3,7,Cherokee County               ,4,4,524953,1,2,130000,0,0,0,0,0,0,0,0,0,0,0,0,0,0,0,0,0,0
201901,40,027,3,7,Cleveland County              ,61,61,19301286,0,0,0,1,3,612750,0,0,0,56,56,18628036,0,0,0,1,3,612750,0,0,0
201901,40,029,3,7,Coal County                   ,0,0,0,0,0,0,0,0,0,0,0,0,0,0,0,0,0,0,0,0,0,0,0,0
201901,40,037,3,7,Creek County                  ,0,0,0,0,0,0,0,0,0,0,0,0,0,0,0,0,0,0,0,0,0,0,0,0
201901,40,051,3,7,Grady County                  ,3,3,933714,0,0,0,0,0,0,0,0,0,2,2,800000,0,0,0,0,0,0,0,0,0
201901,40,055,3,7,Greer County                  ,1,1,262500,0,0,0,0,0,0,0,0,0,0,0,0,0,0,0,0,0,0,0,0,0
201901,40,081,3,7,Lincoln County                ,1,1,236407,0,0,0,0,0,0,0,0,0,1,1,236407,0,0,0,0,0,0,0,0,0
201901,40,083,3,7,Logan County                  ,1,1,200000,0,0,0,0,0,0,0,0,0,1,1,200000,0,0,0,0,0,0,0,0,0
201901,40,087,3,7,McClain County                ,29,29,6709023,0,0,0,0,0,0,0,0,0,6,6,1622000,0,0,0,0,0,0,0,0,0
201901,40,109,3,7,Oklahoma County               ,285,285,63159442,0,0,0,0,0,0,0,0,0,278,278,62029289,0,0,0,0,0,0,0,0,0
201901,40,111,3,7,Okmulgee County               ,0,0,0,0,0,0,0,0,0,0,0,0,0,0,0,0,0,0,0,0,0,0,0,0
201901,40,113,3,7,Osage County                  ,7,7,1444233,0,0,0,0,0,0,0,0,0,7,7,1444233,0,0,0,0,0,0,0,0,0
201901,40,117,3,7,Pawnee County                 ,0,0,0,0,0,0,0,0,0,0,0,0,0,0,0,0,0,0,0,0,0,0,0,0
201901,40,131,3,7,Rogers County                 ,39,39,8368424,0,0,0,0,0,0,0,0,0,39,39,8368424,0,0,0,0,0,0,0,0,0
201901,40,143,3,7,Tulsa County                  ,133,133,30727161,1,2,265000,0,0,0,0,0,0,125,125,29518956,1,2,265000,0,0,0,0,0,0
201901,40,145,3,7,Wagoner County                ,30,30,6484900,0,0,0,0,0,0,0,0,0,30,30,6484900,0,0,0,0,0,0,0,0,0
201901,41,000,4,9,Oregon Balance of State       ,11,11,1220194,0,0,0,0,0,0,0,0,0,0,0,0,0,0,0,0,0,0,0,0,0
201901,41,005,4,9,Clackamas County              ,115,115,31960048,0,0,0,0,0,0,1,5,727085,89,89,23823735,0,0,0,0,0,0,0,0,0
201901,41,017,4,9,Deschutes County              ,121,121,34166942,2,4,541010,0,0,0,1,15,2269610,55,55,17838950,0,0,0,0,0,0,0,0,0
201901,41,019,4,9,Douglas County                ,20,20,5688623,0,0,0,0,0,0,0,0,0,20,20,5688623,0,0,0,0,0,0,0,0,0
201901,41,025,4,9,Harney County                 ,0,0,0,0,0,0,0,0,0,0,0,0,0,0,0,0,0,0,0,0,0,0,0,0
201901,41,035,4,9,Klamath County                ,4,4,1166170,0,0,0,0,0,0,0,0,0,4,4,1166170,0,0,0,0,0,0,0,0,0
201901,41,051,4,9,Multnomah County              ,79,79,21388775,7,14,2309195,1,4,1250000,6,344,51668540,79,79,21388775,7,14,2309195,1,4,1250000,5,339,51315388
201901,41,067,4,9,Washington County             ,143,143,38796857,0,0,0,0,0,0,1,15,2202981,114,114,30719954,0,0,0,0,0,0,0,0,0
201901,41,071,4,9,Yamhill County                ,26,26,6728138,0,0,0,0,0,0,0,0,0,18,18,4731600,0,0,0,0,0,0,0,0,0
201901,42,001,1,2,Adams County                  ,11,11,2662745,0,0,0,0,0,0,0,0,0,11,11,2662745,0,0,0,0,0,0,0,0,0
201901,42,017,1,2,Bucks County                  ,52,52,12751738,0,0,0,0,0,0,0,0,0,30,30,8045121,0,0,0,0,0,0,0,0,0
201901,42,029,1,2,Chester County                ,88,88,18166723,0,0,0,0,0,0,0,0,0,54,54,12456979,0,0,0,0,0,0,0,0,0
201901,42,037,1,2,Columbia County               ,6,6,1378723,0,0,0,0,0,0,0,0,0,2,2,481010,0,0,0,0,0,0,0,0,0
201901,42,041,1,2,Cumberland County             ,51,51,10375850,0,0,0,2,6,1595444,1,10,886000,35,35,6622005,0,0,0,2,6,1595444,1,10,886000
201901,42,043,1,2,Dauphin County                ,25,25,5829872,0,0,0,2,6,892255,0,0,0,18,18,4638875,0,0,0,2,6,892255,0,0,0
201901,42,045,1,2,Delaware County               ,9,9,2289985,0,0,0,0,0,0,0,0,0,6,6,1291020,0,0,0,0,0,0,0,0,0
201901,42,055,1,2,Franklin County               ,13,13,2539872,0,0,0,0,0,0,1,5,487529,8,8,1866990,0,0,0,0,0,0,0,0,0
201901,42,091,1,2,Montgomery County             ,58,58,13581025,0,0,0,2,7,1128020,0,0,0,35,35,8714014,0,0,0,2,7,1128020,0,0,0
201901,42,093,1,2,Montour County                ,2,2,442053,0,0,0,0,0,0,0,0,0,1,1,202000,0,0,0,0,0,0,0,0,0
201901,42,099,1,2,Perry County                  ,5,5,1305895,0,0,0,0,0,0,0,0,0,0,0,0,0,0,0,0,0,0,0,0,0
201901,42,101,1,2,Philadelphia County           ,48,48,12734010,10,20,3326720,9,31,3906881,6,168,22769384,0,0,0,0,0,0,0,0,0,0,0,0
201901,42,103,1,2,Pike County                   ,8,8,1855495,0,0,0,0,0,0,0,0,0,7,7,1730495,0,0,0,0,0,0,0,0,0
201901,44,001,1,1,Bristol County                ,3,3,1210800,0,0,0,0,0,0,0,0,0,3,3,1210800,0,0,0,0,0,0,0,0,0
201901,44,003,1,1,Kent County                   ,5,5,1019585,2,4,436000,1,3,300000,0,0,0,1,1,250000,2,4,436000,0,0,0,0,0,0
201901,44,005,1,1,Newport County                ,6,6,1403502,0,0,0,0,0,0,0,0,0,4,4,854740,0,0,0,0,0,0,0,0,0
201901,44,007,1,1,Providence County             ,24,24,4157777,0,0,0,0,0,0,1,5,375000,16,16,2854735,0,0,0,0,0,0,0,0,0
201901,44,009,1,1,Washington County             ,17,17,4092100,0,0,0,0,0,0,0,0,0,8,8,1908655,0,0,0,0,0,0,0,0,0
201901,45,003,3,5,Aiken County                  ,70,70,15542687,0,0,0,0,0,0,1,5,401786,61,61,13570213,0,0,0,0,0,0,0,0,0
201901,45,009,3,5,Bamberg County                ,1,1,300000,0,0,0,0,0,0,0,0,0,1,1,300000,0,0,0,0,0,0,0,0,0
201901,45,015,3,5,Berkeley County               ,170,170,45953865,0,0,0,0,0,0,11,297,20634414,149,149,42137674,0,0,0,0,0,0,11,297,20634414
201901,45,017,3,5,Calhoun County                ,2,2,295569,0,0,0,0,0,0,0,0,0,0,0,0,0,0,0,0,0,0,0,0,0
201901,45,019,3,5,Charleston County             ,230,230,63066500,2,4,1670596,0,0,0,1,21,1052178,168,168,53219098,2,4,1670596,0,0,0,0,0,0
201901,45,035,3,5,Dorchester County             ,44,44,12730500,0,0,0,0,0,0,0,0,0,44,44,12730500,0,0,0,0,0,0,0,0,0
201901,45,037,3,5,Edgefield County              ,13,13,3605382,0,0,0,0,0,0,0,0,0,13,13,3605382,0,0,0,0,0,0,0,0,0
201901,45,039,3,5,Fairfield County              ,4,4,1198540,0,0,0,0,0,0,0,0,0,4,4,1198540,0,0,0,0,0,0,0,0,0
201901,45,045,3,5,Greenville County             ,329,329,80863257,0,0,0,0,0,0,7,268,18577274,315,315,78292469,0,0,0,0,0,0,5,228,15796972
201901,45,051,3,5,Horry County                  ,309,309,57094807,4,8,618562,0,0,0,2,24,1098214,239,239,37504616,4,8,618562,0,0,0,0,0,0
201901,45,055,3,5,Kershaw County                ,26,26,3471406,0,0,0,0,0,0,0,0,0,23,23,2989671,0,0,0,0,0,0,0,0,0
201901,45,059,3,5,Laurens County                ,13,13,1357196,0,0,0,0,0,0,0,0,0,12,12,1259692,0,0,0,0,0,0,0,0,0
201901,45,063,3,5,Lexington County              ,135,135,33802388,0,0,0,0,0,0,0,0,0,20,20,4373705,0,0,0,0,0,0,0,0,0
201901,45,077,3,5,Pickens County                ,49,49,18460878,0,0,0,0,0,0,3,39,4326921,37,37,15598067,0,0,0,0,0,0,2,24,2494590
201901,45,079,3,5,Richland County               ,168,168,22726308,0,0,0,0,0,0,1,32,1806168,34,34,5810407,0,0,0,0,0,0,0,0,0
201901,45,081,3,5,Saluda County                 ,3,3,736552,0,0,0,0,0,0,0,0,0,0,0,0,0,0,0,0,0,0,0,0,0
201901,45,085,3,5,Sumter County                 ,18,18,2440548,0,0,0,0,0,0,0,0,0,0,0,0,0,0,0,0,0,0,0,0,0
201901,45,091,3,5,York County                   ,202,202,65077874,0,0,0,0,0,0,3,52,5634466,36,36,11251502,0,0,0,0,0,0,0,0,0
201901,46,007,2,4,Bennett County                ,0,0,0,0,0,0,0,0,0,0,0,0,0,0,0,0,0,0,0,0,0,0,0,0
201901,46,055,2,4,Haakon County                 ,0,0,0,0,0,0,0,0,0,0,0,0,0,0,0,0,0,0,0,0,0,0,0,0
201901,46,071,2,4,Jackson County                ,0,0,0,0,0,0,0,0,0,0,0,0,0,0,0,0,0,0,0,0,0,0,0,0
201901,46,111,2,4,Sanborn County                ,0,0,0,0,0,0,0,0,0,0,0,0,0,0,0,0,0,0,0,0,0,0,0,0
201901,47,001,3,6,Anderson County               ,12,12,1753339,0,0,0,0,0,0,0,0,0,12,12,1753339,0,0,0,0,0,0,0,0,0
201901,47,015,3,6,Cannon County                 ,1,1,236407,0,0,0,0,0,0,0,0,0,0,0,0,0,0,0,0,0,0,0,0,0
201901,47,021,3,6,Cheatham County               ,18,18,3464098,0,0,0,0,0,0,0,0,0,10,10,2287564,0,0,0,0,0,0,0,0,0
201901,47,037,3,6,Davidson County               ,214,214,62359161,0,0,0,0,0,0,7,440,48361516,206,206,60342055,0,0,0,0,0,0,6,435,47583433
201901,47,043,3,6,Dickson County                ,22,22,4645796,0,0,0,0,0,0,0,0,0,16,16,3472861,0,0,0,0,0,0,0,0,0
201901,47,049,3,6,Fentress County               ,0,0,0,0,0,0,0,0,0,0,0,0,0,0,0,0,0,0,0,0,0,0,0,0
201901,47,081,3,6,Hickman County                ,5,5,888181,0,0,0,0,0,0,0,0,0,0,0,0,0,0,0,0,0,0,0,0,0
201901,47,093,3,6,Knox County                   ,155,155,29062670,2,4,900000,0,0,0,0,0,0,155,155,29062670,2,4,900000,0,0,0,0,0,0
201901,47,105,3,6,Loudon County                 ,31,31,8386232,0,0,0,0,0,0,0,0,0,28,28,7881742,0,0,0,0,0,0,0,0,0
201901,47,125,3,6,Montgomery County             ,144,144,23720141,2,4,190870,2,8,400000,3,23,1133486,79,79,15774127,0,0,0,2,8,400000,2,10,420000
201901,47,139,3,6,Polk County                   ,15,15,2701861,0,0,0,0,0,0,0,0,0,0,0,0,0,0,0,0,0,0,0,0,0
201901,47,149,3,6,Rutherford County             ,169,169,44687461,3,6,1158836,0,0,0,4,80,9706878,143,143,40695950,2,4,704800,0,0,0,3,70,9024172
201901,47,153,3,6,Sequatchie County             ,0,0,0,0,0,0,0,0,0,0,0,0,0,0,0,0,0,0,0,0,0,0,0,0
201901,47,157,3,6,Shelby County                 ,3,3,794900,0,0,0,0,0,0,0,0,0,3,3,794900,0,0,0,0,0,0,0,0,0
201901,47,159,3,6,Smith County                  ,2,2,482712,0,0,0,0,0,0,0,0,0,2,2,482712,0,0,0,0,0,0,0,0,0
201901,47,161,3,6,Stewart County                ,0,0,0,0,0,0,0,0,0,0,0,0,0,0,0,0,0,0,0,0,0,0,0,0
201901,47,165,3,6,Sumner County                 ,72,72,16739328,0,0,0,0,0,0,0,0,0,72,72,16739328,0,0,0,0,0,0,0,0,0
201901,47,167,3,6,Tipton County                 ,8,8,1269185,0,0,0,0,0,0,0,0,0,2,2,453740,0,0,0,0,0,0,0,0,0
201901,47,169,3,6,Trousdale County              ,7,7,898000,0,0,0,0,0,0,0,0,0,7,7,898000,0,0,0,0,0,0,0,0,0
201901,47,173,3,6,Union County                  ,7,7,1027688,0,0,0,0,0,0,0,0,0,0,0,0,0,0,0,0,0,0,0,0,0
201901,47,175,3,6,Van Buren County              ,0,0,0,0,0,0,0,0,0,0,0,0,0,0,0,0,0,0,0,0,0,0,0,0
201901,47,189,3,6,Wilson County                 ,74,74,23769799,0,0,0,0,0,0,0,0,0,33,33,11483818,0,0,0,0,0,0,0,0,0
201901,48,013,3,7,Atascosa County               ,3,3,579011,0,0,0,0,0,0,0,0,0,0,0,0,0,0,0,0,0,0,0,0,0
201901,48,015,3,7,Austin County                 ,3,3,561265,0,0,0,0,0,0,0,0,0,0,0,0,0,0,0,0,0,0,0,0,0
201901,48,019,3,7,Bandera County                ,0,0,0,0,0,0,0,0,0,0,0,0,0,0,0,0,0,0,0,0,0,0,0,0
201901,48,021,3,7,Bastrop County                ,11,11,1498553,1,2,280000,0,0,0,0,0,0,0,0,0,0,0,0,0,0,0,0,0,0
201901,48,025,3,7,Bee County                    ,1,1,99168,0,0,0,0,0,0,0,0,0,0,0,0,0,0,0,0,0,0,0,0,0
201901,48,027,3,7,Bell County                   ,130,130,22379749,13,26,2336827,0,0,0,0,0,0,120,120,20307035,11,22,1950000,0,0,0,0,0,0
201901,48,029,3,7,Bexar County                  ,99,99,20711264,0,0,0,6,24,2634693,1,5,1065496,41,41,10559653,0,0,0,6,24,2634693,0,0,0
201901,48,051,3,7,Burleson County               ,0,0,0,0,0,0,0,0,0,0,0,0,0,0,0,0,0,0,0,0,0,0,0,0
201901,48,055,3,7,Caldwell County               ,19,19,3777677,1,2,180000,0,0,0,0,0,0,0,0,0,0,0,0,0,0,0,0,0,0
201901,48,085,3,7,Collin County                 ,632,632,207054570,0,0,0,0,0,0,0,0,0,569,569,189545440,0,0,0,0,0,0,0,0,0
201901,48,091,3,7,Comal County                  ,165,165,36917744,10,20,1936072,1,3,651197,2,63,7473875,59,59,13948008,0,0,0,0,0,0,0,0,0
201901,48,099,3,7,Coryell County                ,17,17,2535360,0,0,0,0,0,0,0,0,0,17,17,2535360,0,0,0,0,0,0,0,0,0
201901,48,107,3,7,Crosby County                 ,0,0,0,0,0,0,0,0,0,0,0,0,0,0,0,0,0,0,0,0,0,0,0,0
201901,48,113,3,7,Dallas County                 ,368,368,112582924,11,22,2672815,2,8,1040085,30,1402,161795616,346,346,105730341,11,22,2672815,2,8,1040085,27,1229,145871547
201901,48,119,3,7,Delta County                  ,0,0,0,0,0,0,0,0,0,0,0,0,0,0,0,0,0,0,0,0,0,0,0,0
201901,48,135,3,7,Ector County                  ,39,39,7351260,0,0,0,0,0,0,0,0,0,0,0,0,0,0,0,0,0,0,0,0,0
201901,48,139,3,7,Ellis County                  ,140,140,31358049,1,2,242983,0,0,0,1,9,1532024,77,77,16285602,1,2,242983,0,0,0,0,0,0
201901,48,141,3,7,El Paso County                ,226,226,44933497,4,8,646877,16,64,7020948,3,60,6940686,61,61,8640699,2,4,259516,12,48,5254000,0,0,0
201901,48,157,3,7,Fort Bend County              ,640,640,47407914,1,2,229540,0,0,0,1,5,391292,47,47,13807402,0,0,0,0,0,0,0,0,0
201901,48,167,3,7,Galveston County              ,211,211,47449118,0,0,0,1,3,366181,0,0,0,174,174,39508463,0,0,0,0,0,0,0,0,0
201901,48,185,3,7,Grimes County                 ,3,3,325281,0,0,0,0,0,0,0,0,0,0,0,0,0,0,0,0,0,0,0,0,0
201901,48,187,3,7,Guadalupe County              ,54,54,12326289,0,0,0,0,0,0,0,0,0,51,51,11524394,0,0,0,0,0,0,0,0,0
201901,48,193,3,7,Hamilton County               ,1,1,80000,0,0,0,0,0,0,0,0,0,0,0,0,0,0,0,0,0,0,0,0,0
201901,48,195,3,7,Hansford County               ,0,0,0,0,0,0,0,0,0,0,0,0,0,0,0,0,0,0,0,0,0,0,0,0
201901,48,201,3,7,Harris County                 ,1404,1404,280243455,9,18,2116849,0,0,0,45,2988,277212454,1375,1375,272044842,8,16,2010182,0,0,0,43,2964,275366300
201901,48,211,3,7,Hemphill County               ,0,0,0,0,0,0,0,0,0,0,0,0,0,0,0,0,0,0,0,0,0,0,0,0
201901,48,215,3,7,Hidalgo County                ,237,237,36902419,2,4,150000,14,55,1670000,1,5,154412,210,210,33416259,2,4,150000,14,55,1670000,0,0,0
201901,48,233,3,7,Hutchinson County             ,0,0,0,0,0,0,0,0,0,0,0,0,0,0,0,0,0,0,0,0,0,0,0,0
201901,48,251,3,7,Johnson County                ,46,46,10402027,0,0,0,0,0,0,0,0,0,18,18,3397165,0,0,0,0,0,0,0,0,0
201901,48,257,3,7,Kaufman County                ,66,66,13357557,0,0,0,0,0,0,0,0,0,51,51,11074497,0,0,0,0,0,0,0,0,0
201901,48,259,3,7,Kendall County                ,27,27,7211332,0,0,0,0,0,0,0,0,0,0,0,0,0,0,0,0,0,0,0,0,0
201901,48,271,3,7,Kinney County                 ,0,0,0,0,0,0,0,0,0,0,0,0,0,0,0,0,0,0,0,0,0,0,0,0
201901,48,281,3,7,Lampasas County               ,2,2,360000,0,0,0,0,0,0,0,0,0,2,2,360000,0,0,0,0,0,0,0,0,0
201901,48,291,3,7,Liberty County                ,39,39,3909885,0,0,0,0,0,0,0,0,0,1,1,230000,0,0,0,0,0,0,0,0,0
201901,48,303,3,7,Lubbock County                ,133,133,25395371,0,0,0,0,0,0,0,0,0,132,132,25222371,0,0,0,0,0,0,0,0,0
201901,48,323,3,7,Maverick County               ,5,5,1164236,1,2,215921,0,0,0,0,0,0,0,0,0,0,0,0,0,0,0,0,0,0
201901,48,325,3,7,Medina County                 ,2,2,426030,0,0,0,0,0,0,0,0,0,0,0,0,0,0,0,0,0,0,0,0,0
201901,48,329,3,7,Midland County                ,70,70,10446181,0,0,0,0,0,0,0,0,0,70,70,10446181,0,0,0,0,0,0,0,0,0
201901,48,339,3,7,Montgomery County             ,435,435,98942725,0,0,0,0,0,0,0,0,0,426,426,97360638,0,0,0,0,0,0,0,0,0
201901,48,367,3,7,Parker County                 ,33,33,7367748,0,0,0,0,0,0,0,0,0,14,14,3569290,0,0,0,0,0,0,0,0,0
201901,48,375,3,7,Potter County                 ,30,30,7047121,0,0,0,0,0,0,0,0,0,30,30,7047121,0,0,0,0,0,0,0,0,0
201901,48,383,3,7,Reagan County                 ,0,0,0,0,0,0,0,0,0,0,0,0,0,0,0,0,0,0,0,0,0,0,0,0
201901,48,385,3,7,Real County                   ,0,0,0,0,0,0,0,0,0,0,0,0,0,0,0,0,0,0,0,0,0,0,0,0
201901,48,395,3,7,Robertson County              ,2,2,390358,0,0,0,0,0,0,0,0,0,2,2,390358,0,0,0,0,0,0,0,0,0
201901,48,397,3,7,Rockwall County               ,73,73,25512961,0,0,0,0,0,0,0,0,0,57,57,21512285,0,0,0,0,0,0,0,0,0
201901,48,407,3,7,San Jacinto County            ,28,28,6110461,0,0,0,0,0,0,0,0,0,0,0,0,0,0,0,0,0,0,0,0,0
201901,48,411,3,7,San Saba County               ,1,1,80000,0,0,0,0,0,0,0,0,0,1,1,80000,0,0,0,0,0,0,0,0,0
201901,48,451,3,7,Tom Green County              ,22,22,4293938,0,0,0,0,0,0,0,0,0,22,22,4293938,0,0,0,0,0,0,0,0,0
201901,48,453,3,7,Travis County                 ,596,596,149317929,0,0,0,0,0,0,1,37,4211538,545,545,135314259,0,0,0,0,0,0,1,37,4211538
201901,48,473,3,7,Waller County                 ,0,0,0,0,0,0,0,0,0,1,5,110903,0,0,0,0,0,0,0,0,0,0,0,0
201901,48,491,3,7,Williamson County             ,324,324,91268285,0,0,0,0,0,0,0,0,0,303,303,86284358,0,0,0,0,0,0,0,0,0
201901,48,493,3,7,Wilson County                 ,5,5,992509,0,0,0,0,0,0,0,0,0,0,0,0,0,0,0,0,0,0,0,0,0
201901,48,497,3,7,Wise County                   ,9,9,1853757,0,0,0,1,3,275000,0,0,0,9,9,1853757,0,0,0,1,3,275000,0,0,0
201901,49,011,4,8,Davis County                  ,90,90,12933987,0,0,0,0,0,0,2,48,9091571,71,71,7341704,0,0,0,0,0,0,2,48,9091571
201901,49,023,4,8,Juab County                   ,4,4,1134382,0,0,0,0,0,0,0,0,0,2,2,595777,0,0,0,0,0,0,0,0,0
201901,49,029,4,8,Morgan County                 ,2,2,835000,0,0,0,0,0,0,0,0,0,1,1,530064,0,0,0,0,0,0,0,0,0
201901,49,035,4,8,Salt Lake County              ,287,287,70884010,5,10,1625170,4,13,2126555,11,258,33951390,86,86,23731830,4,8,1300000,0,0,0,4,158,20552513
201901,49,039,4,8,Sanpete County                ,4,4,621961,0,0,0,0,0,0,0,0,0,0,0,0,0,0,0,0,0,0,0,0,0
201901,49,043,4,8,Summit County                 ,29,29,8279429,0,0,0,1,3,841530,1,5,854284,21,21,4717801,0,0,0,0,0,0,0,0,0
201901,49,057,4,8,Weber County                  ,50,50,14616858,0,0,0,2,6,600000,4,23,2470665,48,48,14071466,0,0,0,2,6,600000,4,23,2470665
201901,51,003,3,5,Albemarle County              ,48,48,14887797,0,0,0,0,0,0,1,16,1798853,0,0,0,0,0,0,0,0,0,0,0,0
201901,51,007,3,5,Amelia County                 ,4,4,715430,0,0,0,0,0,0,0,0,0,0,0,0,0,0,0,0,0,0,0,0,0
201901,51,009,3,5,Amherst County                ,6,6,1120075,0,0,0,0,0,0,0,0,0,0,0,0,0,0,0,0,0,0,0,0,0
201901,51,013,3,5,Arlington County              ,15,15,5993453,0,0,0,0,0,0,1,234,14716059,0,0,0,0,0,0,0,0,0,0,0,0
201901,51,015,3,5,Augusta County                ,17,17,3107153,0,0,0,0,0,0,0,0,0,0,0,0,0,0,0,0,0,0,0,0,0
201901,51,019,3,5,Bedford County                ,14,14,3630338,0,0,0,1,3,630000,0,0,0,0,0,0,0,0,0,0,0,0,0,0,0
201901,51,033,3,5,Caroline County               ,6,6,945000,0,0,0,0,0,0,0,0,0,6,6,945000,0,0,0,0,0,0,0,0,0
201901,51,036,3,5,Charles City County           ,2,2,324892,0,0,0,0,0,0,0,0,0,0,0,0,0,0,0,0,0,0,0,0,0
201901,51,037,3,5,Charlotte County              ,1,1,216042,0,0,0,0,0,0,0,0,0,0,0,0,0,0,0,0,0,0,0,0,0
201901,51,041,3,5,Chesterfield County           ,129,129,25178091,0,0,0,5,20,2170745,10,204,5057090,129,129,25178091,0,0,0,5,20,2170745,10,204,5057090
201901,51,043,3,5,Clarke County                 ,2,2,655371,0,0,0,0,0,0,0,0,0,2,2,655371,0,0,0,0,0,0,0,0,0
201901,51,049,3,5,Cumberland County             ,2,2,364874,0,0,0,0,0,0,0,0,0,0,0,0,0,0,0,0,0,0,0,0,0
201901,51,051,3,5,Dickenson County              ,0,0,0,0,0,0,0,0,0,0,0,0,0,0,0,0,0,0,0,0,0,0,0,0
201901,51,053,3,5,Dinwiddie County              ,6,6,863277,0,0,0,0,0,0,0,0,0,0,0,0,0,0,0,0,0,0,0,0,0
201901,51,059,3,5,Fairfax County                ,66,66,15666449,0,0,0,0,0,0,0,0,0,66,66,15666449,0,0,0,0,0,0,0,0,0
201901,51,061,3,5,Fauquier County               ,9,9,4355595,0,0,0,0,0,0,0,0,0,9,9,4355595,0,0,0,0,0,0,0,0,0
201901,51,069,3,5,Frederick County              ,37,37,8279900,0,0,0,3,11,1300000,0,0,0,37,37,8279900,0,0,0,3,11,1300000,0,0,0
201901,51,073,3,5,Gloucester County             ,4,4,837000,0,0,0,0,0,0,0,0,0,4,4,837000,0,0,0,0,0,0,0,0,0
201901,51,075,3,5,Goochland County              ,16,16,4537324,0,0,0,0,0,0,0,0,0,0,0,0,0,0,0,0,0,0,0,0,0
201901,51,085,3,5,Hanover County                ,39,39,8979436,0,0,0,0,0,0,5,208,14974504,39,39,8979436,0,0,0,0,0,0,5,208,14974504
201901,51,087,3,5,Henrico County                ,77,77,12184510,0,0,0,0,0,0,0,0,0,77,77,12184510,0,0,0,0,0,0,0,0,0
201901,51,093,3,5,Isle of Wight County          ,15,15,2914963,0,0,0,0,0,0,0,0,0,0,0,0,0,0,0,0,0,0,0,0,0
201901,51,095,3,5,James City County             ,27,27,6382986,0,0,0,0,0,0,0,0,0,27,27,6382986,0,0,0,0,0,0,0,0,0
201901,51,097,3,5,King and Queen County         ,4,4,625000,0,0,0,0,0,0,0,0,0,4,4,625000,0,0,0,0,0,0,0,0,0
201901,51,099,3,5,King George County            ,6,6,1171074,0,0,0,0,0,0,0,0,0,6,6,1171074,0,0,0,0,0,0,0,0,0
201901,51,107,3,5,Loudoun County                ,206,206,48699823,0,0,0,0,0,0,3,56,4714263,206,206,48699823,0,0,0,0,0,0,3,56,4714263
201901,51,109,3,5,Louisa County                 ,21,21,4332080,0,0,0,0,0,0,0,0,0,0,0,0,0,0,0,0,0,0,0,0,0
201901,51,115,3,5,Mathews County                ,0,0,0,0,0,0,0,0,0,0,0,0,0,0,0,0,0,0,0,0,0,0,0,0
201901,51,127,3,5,New Kent County               ,0,0,0,0,0,0,0,0,0,0,0,0,0,0,0,0,0,0,0,0,0,0,0,0
201901,51,139,3,5,Page County                   ,2,2,273000,0,0,0,0,0,0,0,0,0,2,2,273000,0,0,0,0,0,0,0,0,0
201901,51,145,3,5,Powhatan County               ,18,18,3513222,0,0,0,0,0,0,0,0,0,18,18,3513222,0,0,0,0,0,0,0,0,0
201901,51,149,3,5,Prince George County          ,6,6,985500,0,0,0,0,0,0,0,0,0,6,6,985500,0,0,0,0,0,0,0,0,0
201901,51,153,3,5,Prince William County         ,94,94,17786000,0,0,0,0,0,0,0,0,0,94,94,17786000,0,0,0,0,0,0,0,0,0
201901,51,165,3,5,Rockingham County             ,14,14,4251320,0,0,0,0,0,0,0,0,0,14,14,4251320,0,0,0,0,0,0,0,0,0
201901,51,175,3,5,Southampton County            ,2,2,178000,0,0,0,0,0,0,0,0,0,2,2,178000,0,0,0,0,0,0,0,0,0
201901,51,177,3,5,Spotsylvania County           ,71,71,21260812,0,0,0,0,0,0,0,0,0,71,71,21260812,0,0,0,0,0,0,0,0,0
201901,51,179,3,5,Stafford County               ,61,61,13527172,0,0,0,0,0,0,0,0,0,61,61,13527172,0,0,0,0,0,0,0,0,0
201901,51,181,3,5,Surry County                  ,2,2,338606,0,0,0,0,0,0,0,0,0,0,0,0,0,0,0,0,0,0,0,0,0
201901,51,183,3,5,Sussex County                 ,6,6,730787,0,0,0,0,0,0,0,0,0,6,6,730787,0,0,0,0,0,0,0,0,0
201901,51,187,3,5,Warren County                 ,9,9,1933000,0,0,0,0,0,0,0,0,0,9,9,1933000,0,0,0,0,0,0,0,0,0
201901,51,199,3,5,York County                   ,19,19,4014360,0,0,0,0,0,0,0,0,0,19,19,4014360,0,0,0,0,0,0,0,0,0
201901,51,510,3,5,Alexandria (Independent City) ,4,4,950000,0,0,0,0,0,0,0,0,0,4,4,950000,0,0,0,0,0,0,0,0,0
201901,51,540,3,5,Charlottesville (Independent C,5,5,1150000,0,0,0,0,0,0,0,0,0,5,5,1150000,0,0,0,0,0,0,0,0,0
201901,51,550,3,5,Chesapeake(Independent City)  ,23,23,5437359,0,0,0,0,0,0,0,0,0,23,23,5437359,0,0,0,0,0,0,0,0,0
201901,51,570,3,5,Colonial Heights (Independent ,1,1,100000,0,0,0,0,0,0,0,0,0,1,1,100000,0,0,0,0,0,0,0,0,0
201901,51,580,3,5,Covington (Independent City)  ,1,1,171034,0,0,0,0,0,0,0,0,0,1,1,171034,0,0,0,0,0,0,0,0,0
201901,51,600,3,5,Fairfax (Independent City)    ,3,3,540441,0,0,0,0,0,0,1,5,600000,0,0,0,0,0,0,0,0,0,0,0,0
201901,51,610,3,5,Falls Church (Independent City,4,4,1812000,0,0,0,0,0,0,0,0,0,4,4,1812000,0,0,0,0,0,0,0,0,0
201901,51,630,3,5,Fredericksburg(Independent Cit,0,0,0,0,0,0,0,0,0,0,0,0,0,0,0,0,0,0,0,0,0,0,0,0
201901,51,650,3,5,Hampton (Independent City)    ,14,14,874645,0,0,0,0,0,0,0,0,0,0,0,0,0,0,0,0,0,0,0,0,0
201901,51,660,3,5,Harrisonburg (Independent City,8,8,1218000,0,0,0,0,0,0,0,0,0,8,8,1218000,0,0,0,0,0,0,0,0,0
201901,51,670,3,5,Hopewell (Independent City)   ,3,3,274439,0,0,0,0,0,0,0,0,0,0,0,0,0,0,0,0,0,0,0,0,0
201901,51,680,3,5,Lynchburg (Independent City)  ,3,3,1000600,0,0,0,0,0,0,1,24,1748871,3,3,1000600,0,0,0,0,0,0,1,24,1748871
201901,51,683,3,5,Manassas (Independent City)   ,9,9,2127662,0,0,0,0,0,0,0,0,0,9,9,2127662,0,0,0,0,0,0,0,0,0
201901,51,685,3,5,Manassas Park (Independent Cit,0,0,0,0,0,0,0,0,0,0,0,0,0,0,0,0,0,0,0,0,0,0,0,0
201901,51,700,3,5,Newport News (Independent City,4,4,401660,0,0,0,0,0,0,0,0,0,4,4,401660,0,0,0,0,0,0,0,0,0
201901,51,710,3,5,Norfolk (Independent City)    ,25,25,5910173,0,0,0,2,8,1080000,0,0,0,25,25,5910173,0,0,0,2,8,1080000,0,0,0
201901,51,730,3,5,Petersburg (Independent City) ,1,1,64583,0,0,0,0,0,0,0,0,0,0,0,0,0,0,0,0,0,0,0,0,0
201901,51,735,3,5,Poquoson (Independent City)   ,3,3,640000,0,0,0,0,0,0,0,0,0,3,3,640000,0,0,0,0,0,0,0,0,0
201901,51,740,3,5,Portsmouth (Independent City) ,6,6,625000,0,0,0,0,0,0,0,0,0,6,6,625000,0,0,0,0,0,0,0,0,0
201901,51,760,3,5,Richmond (Independent City)   ,25,25,4879475,0,0,0,0,0,0,1,166,11779614,25,25,4879475,0,0,0,0,0,0,1,166,11779614
201901,51,800,3,5,Suffolk (Independent City)    ,28,28,6619393,0,0,0,0,0,0,0,0,0,28,28,6619393,0,0,0,0,0,0,0,0,0
201901,51,810,3,5,Virginia Beach (Independent Ci,49,49,8485487,0,0,0,0,0,0,2,157,8883200,49,49,8485487,0,0,0,0,0,0,2,157,8883200
201901,51,830,3,5,Williamsburg (Independent City,1,1,130000,0,0,0,0,0,0,0,0,0,1,1,130000,0,0,0,0,0,0,0,0,0
201901,53,005,4,9,Benton County                 ,87,87,24918228,1,2,758350,0,0,0,12,276,32410740,69,69,19351686,1,2,758350,0,0,0,12,276,32410740
201901,53,011,4,9,Clark County                  ,182,182,49764337,0,0,0,1,4,282761,4,40,4298643,171,171,47031758,0,0,0,1,4,282761,4,40,4298643
201901,53,021,4,9,Franklin County               ,37,37,9824177,3,6,520919,0,0,0,0,0,0,4,4,1407515,0,0,0,0,0,0,0,0,0
201901,53,031,4,9,Jefferson County              ,11,11,2855075,0,0,0,0,0,0,0,0,0,11,11,2855075,0,0,0,0,0,0,0,0,0
201901,53,033,4,9,King County                   ,256,256,101907382,25,50,11003242,15,53,10200511,15,623,91263832,160,160,61075676,25,50,11003242,15,53,10200511,14,618,90763767
201901,53,035,4,9,Kitsap County                 ,52,52,15157095,0,0,0,0,0,0,0,0,0,44,44,13168276,0,0,0,0,0,0,0,0,0
201901,53,053,4,9,Pierce County                 ,179,179,54848851,1,2,150000,10,40,6160580,3,80,10878148,167,167,51516382,0,0,0,10,40,6160580,1,7,1794444
201901,53,055,4,9,San Juan County               ,6,6,899072,0,0,0,0,0,0,0,0,0,6,6,899072,0,0,0,0,0,0,0,0,0
201901,53,059,4,9,Skamania County               ,6,6,1449636,0,0,0,0,0,0,0,0,0,6,6,1449636,0,0,0,0,0,0,0,0,0
201901,53,061,4,9,Snohomish County              ,143,143,41720833,0,0,0,9,36,8542369,11,69,12376215,139,139,40511917,0,0,0,9,36,8542369,11,69,12376215
201901,54,011,3,5,Cabell County                 ,4,4,655048,0,0,0,0,0,0,0,0,0,0,0,0,0,0,0,0,0,0,0,0,0
201901,54,015,3,5,Clay County                   ,0,0,0,0,0,0,0,0,0,0,0,0,0,0,0,0,0,0,0,0,0,0,0,0
201901,54,019,3,5,Fayette County                ,3,3,808000,0,0,0,0,0,0,0,0,0,3,3,808000,0,0,0,0,0,0,0,0,0
201901,54,037,3,5,Jefferson County              ,6,6,1514677,0,0,0,0,0,0,0,0,0,3,3,800000,0,0,0,0,0,0,0,0,0
201901,54,081,3,5,Raleigh County                ,4,4,811307,0,0,0,0,0,0,0,0,0,0,0,0,0,0,0,0,0,0,0,0,0
201901,55,025,2,3,Dane County                   ,77,77,25564004,6,12,2386598,1,3,447000,6,100,12796944,59,59,19755863,5,10,2126598,0,0,0,2,45,6700000
201901,55,031,2,3,Douglas County                ,1,1,325000,0,0,0,0,0,0,0,0,0,1,1,325000,0,0,0,0,0,0,0,0,0
201901,55,037,2,3,Florence County               ,1,1,75000,0,0,0,0,0,0,0,0,0,1,1,75000,0,0,0,0,0,0,0,0,0
201901,55,049,2,3,Iowa County                   ,2,2,722000,0,0,0,0,0,0,0,0,0,2,2,722000,0,0,0,0,0,0,0,0,0
201901,55,059,2,3,Kenosha County                ,8,8,2671236,0,0,0,0,0,0,0,0,0,7,7,2362103,0,0,0,0,0,0,0,0,0
201901,55,079,2,3,Milwaukee County              ,10,10,3845403,0,0,0,0,0,0,0,0,0,10,10,3845403,0,0,0,0,0,0,0,0,0
201901,55,089,2,3,Ozaukee County                ,34,34,3550589,1,2,413800,0,0,0,1,5,704301,29,29,1552476,1,2,413800,0,0,0,0,0,0
201901,55,093,2,3,Pierce County                 ,4,4,996579,0,0,0,0,0,0,0,0,0,4,4,996579,0,0,0,0,0,0,0,0,0
201901,55,109,2,3,St. Croix County              ,18,18,3802345,1,2,238400,0,0,0,0,0,0,12,12,2584430,0,0,0,0,0,0,0,0,0
201901,55,131,2,3,Washington County             ,11,11,2851727,2,4,600000,0,0,0,0,0,0,7,7,1572100,2,4,600000,0,0,0,0,0,0
201901,56,029,4,8,Park County                   ,7,7,1530971,0,0,0,0,0,0,0,0,0,3,3,855535,0,0,0,0,0,0,0,0,0
201901,56,039,4,8,Teton County                  ,7,7,6421060,0,0,0,0,0,0,0,0,0,5,5,5386000,0,0,0,0,0,0,0,0,0
