Survey,FIPS,FIPS,Region,Division,County,,1-unit,,,2-units,,,3-4 units,,,5+ units,,,1-unit rep,,,2-units rep,,,3-4 units rep,,, 5+units rep
Date,State,County,Code,Code,Name,Bldgs,Units,Value,Bldgs,Units,Value,Bldgs,Units,Value,Bldgs,Units,Value,Bldgs,Units,Value,Bldgs,Units,Value,Bldgs,Units,Value,Bldgs,Units,Value
 
202004,01,001,3,6,Autauga County                ,22,22,6874180,0,0,0,0,0,0,0,0,0,22,22,6874180,0,0,0,0,0,0,0,0,0
202004,01,007,3,6,Bibb County                   ,2,2,475000,0,0,0,0,0,0,0,0,0,2,2,475000,0,0,0,0,0,0,0,0,0
202004,01,009,3,6,Blount County                 ,1,1,124000,0,0,0,0,0,0,0,0,0,1,1,124000,0,0,0,0,0,0,0,0,0
202004,01,021,3,6,Chilton County                ,3,3,275000,0,0,0,0,0,0,0,0,0,3,3,275000,0,0,0,0,0,0,0,0,0
202004,01,073,3,6,Jefferson County              ,110,110,35005328,1,2,247329,0,0,0,1,7,705878,65,65,18484934,0,0,0,0,0,0,0,0,0
202004,01,081,3,6,Lee County                    ,146,146,37342981,1,2,429270,0,0,0,10,281,35611875,122,122,31712412,0,0,0,0,0,0,10,281,35611875
202004,01,083,3,6,Limestone County              ,30,30,6993870,0,0,0,0,0,0,0,0,0,30,30,6993870,0,0,0,0,0,0,0,0,0
202004,01,089,3,6,Madison County                ,260,260,41669458,0,0,0,0,0,0,0,0,0,260,260,41669458,0,0,0,0,0,0,0,0,0
202004,01,113,3,6,Russell County                ,12,12,1776734,0,0,0,0,0,0,0,0,0,4,4,631409,0,0,0,0,0,0,0,0,0
202004,01,115,3,6,St. Clair County              ,17,17,2820847,0,0,0,0,0,0,0,0,0,16,16,2535847,0,0,0,0,0,0,0,0,0
202004,01,117,3,6,Shelby County                 ,99,99,25515018,0,0,0,0,0,0,0,0,0,42,42,9144224,0,0,0,0,0,0,0,0,0
202004,01,127,3,6,Walker County                 ,1,1,400000,0,0,0,0,0,0,0,0,0,1,1,400000,0,0,0,0,0,0,0,0,0
202004,02,013,4,9,Aleutians East Borough        ,0,0,0,0,0,0,0,0,0,0,0,0,0,0,0,0,0,0,0,0,0,0,0,0
202004,02,016,4,9,Aleutians West Census Area    ,1,1,98118,0,0,0,0,0,0,0,0,0,0,0,0,0,0,0,0,0,0,0,0,0
202004,02,020,4,9,Anchorage Municipality        ,51,51,15976349,0,0,0,1,3,521133,1,12,1897147,0,0,0,0,0,0,0,0,0,0,0,0
202004,02,050,4,9,Bethel Census Area            ,5,5,1484169,2,4,691450,0,0,0,0,0,0,5,5,1484169,2,4,691450,0,0,0,0,0,0
202004,02,060,4,9,Bristol Bay Borough           ,1,1,115625,0,0,0,0,0,0,0,0,0,0,0,0,0,0,0,0,0,0,0,0,0
202004,02,070,4,9,Dillingham Census Area        ,0,0,0,0,0,0,0,0,0,0,0,0,0,0,0,0,0,0,0,0,0,0,0,0
202004,02,090,4,9,Fairbanks North Star Borough  ,1,1,274000,0,0,0,0,0,0,0,0,0,1,1,274000,0,0,0,0,0,0,0,0,0
202004,02,100,4,9,Haines Borough                ,0,0,0,0,0,0,0,0,0,0,0,0,0,0,0,0,0,0,0,0,0,0,0,0
202004,02,105,4,9,Hoonah-Angoon Census Area     ,0,0,0,0,0,0,0,0,0,0,0,0,0,0,0,0,0,0,0,0,0,0,0,0
202004,02,110,4,9,Juneau City and Borough       ,2,2,297223,0,0,0,0,0,0,0,0,0,2,2,297223,0,0,0,0,0,0,0,0,0
202004,02,122,4,9,Kenai Peninsula Borough       ,5,5,1263344,0,0,0,0,0,0,0,0,0,3,3,821000,0,0,0,0,0,0,0,0,0
202004,02,130,4,9,Ketchikan Gateway Borough     ,3,3,890501,1,2,345725,0,0,0,0,0,0,3,3,890501,1,2,345725,0,0,0,0,0,0
202004,02,150,4,9,Kodiak Island Borough         ,0,0,0,0,0,0,0,0,0,0,0,0,0,0,0,0,0,0,0,0,0,0,0,0
202004,02,170,4,9,Matanuska-Susitna Borough     ,1,1,296834,0,0,0,0,0,0,0,0,0,1,1,296834,0,0,0,0,0,0,0,0,0
202004,02,180,4,9,Nome Census Area              ,1,1,181950,0,0,0,0,0,0,0,0,0,0,0,0,0,0,0,0,0,0,0,0,0
202004,02,185,4,9,North Slope Borough           ,0,0,0,0,0,0,0,0,0,0,0,0,0,0,0,0,0,0,0,0,0,0,0,0
202004,02,188,4,9,Northwest Arctic Borough      ,0,0,0,0,0,0,0,0,0,0,0,0,0,0,0,0,0,0,0,0,0,0,0,0
202004,02,195,4,9,Petersburg Borough            ,0,0,0,1,2,400000,0,0,0,0,0,0,0,0,0,1,2,400000,0,0,0,0,0,0
202004,02,198,4,9,Prince of Wales-Hyder Census A,0,0,0,0,0,0,0,0,0,0,0,0,0,0,0,0,0,0,0,0,0,0,0,0
202004,02,220,4,9,Sitka City and Borough        ,0,0,0,0,0,0,0,0,0,0,0,0,0,0,0,0,0,0,0,0,0,0,0,0
202004,02,230,4,9,Skagway Municipality          ,0,0,0,1,2,219444,0,0,0,0,0,0,0,0,0,0,0,0,0,0,0,0,0,0
202004,02,261,4,9,Valdez-Cordova Census Area    ,1,1,260000,0,0,0,0,0,0,0,0,0,1,1,260000,0,0,0,0,0,0,0,0,0
202004,02,275,4,9,Wrangell City and Borough     ,1,1,150000,0,0,0,0,0,0,0,0,0,1,1,150000,0,0,0,0,0,0,0,0,0
202004,02,282,4,9,Yakutat City and Borough      ,0,0,0,0,0,0,0,0,0,0,0,0,0,0,0,0,0,0,0,0,0,0,0,0
202004,02,290,4,9,Yukon-Koyukuk Census Area     ,0,0,0,0,0,0,0,0,0,0,0,0,0,0,0,0,0,0,0,0,0,0,0,0
202004,04,013,4,8,Maricopa County               ,1505,1505,454363151,2,4,604221,0,0,0,17,585,101146415,1498,1498,452902872,1,2,344541,0,0,0,16,495,85484360
202004,04,019,4,8,Pima County                   ,229,229,72876683,1,2,237051,0,0,0,3,54,8113263,169,169,57486282,0,0,0,0,0,0,0,0,0
202004,04,021,4,8,Pinal County                  ,327,327,64412067,0,0,0,0,0,0,0,0,0,319,319,62876789,0,0,0,0,0,0,0,0,0
202004,05,013,3,7,Calhoun County                ,0,0,0,0,0,0,0,0,0,0,0,0,0,0,0,0,0,0,0,0,0,0,0,0
202004,05,035,3,7,Crittenden County             ,3,3,689953,0,0,0,0,0,0,0,0,0,2,2,456900,0,0,0,0,0,0,0,0,0
202004,05,043,3,7,Drew County                   ,1,1,62167,0,0,0,0,0,0,0,0,0,0,0,0,0,0,0,0,0,0,0,0,0
202004,05,045,3,7,Faulkner County               ,25,25,5263802,1,2,151668,0,0,0,1,7,191506,5,5,900236,0,0,0,0,0,0,0,0,0
202004,05,053,3,7,Grant County                  ,2,2,335862,0,0,0,0,0,0,0,0,0,0,0,0,0,0,0,0,0,0,0,0,0
202004,05,085,3,7,Lonoke County                 ,35,35,3950878,0,0,0,0,0,0,0,0,0,23,23,2917905,0,0,0,0,0,0,0,0,0
202004,05,087,3,7,Madison County                ,1,1,150000,0,0,0,0,0,0,0,0,0,1,1,150000,0,0,0,0,0,0,0,0,0
202004,05,091,3,7,Miller County                 ,3,3,628181,0,0,0,0,0,0,0,0,0,0,0,0,0,0,0,0,0,0,0,0,0
202004,05,105,3,7,Perry County                  ,1,1,18500,0,0,0,0,0,0,0,0,0,1,1,18500,0,0,0,0,0,0,0,0,0
202004,05,119,3,7,Pulaski County                ,64,64,20271200,0,0,0,5,15,1124500,7,84,11050000,64,64,20271200,0,0,0,5,15,1124500,7,84,11050000
202004,05,129,3,7,Searcy County                 ,0,0,0,0,0,0,0,0,0,0,0,0,0,0,0,0,0,0,0,0,0,0,0,0
202004,05,143,3,7,Washington County             ,133,133,33387582,8,16,2197108,0,0,0,0,0,0,131,131,32694478,8,16,2197108,0,0,0,0,0,0
202004,06,001,4,9,Alameda County                ,86,86,25226094,0,0,0,0,0,0,8,624,196776036,57,57,16035647,0,0,0,0,0,0,4,593,189722230
202004,06,013,4,9,Contra Costa County           ,31,31,10240799,0,0,0,0,0,0,2,17,3803750,20,20,6297329,0,0,0,0,0,0,0,0,0
202004,06,017,4,9,El Dorado County              ,49,49,16577338,0,0,0,0,0,0,0,0,0,49,49,16577338,0,0,0,0,0,0,0,0,0
202004,06,019,4,9,Fresno County                 ,117,117,33655620,4,8,984000,3,12,1641000,0,0,0,100,100,27623620,4,8,984000,3,12,1641000,0,0,0
202004,06,037,4,9,Los Angeles County            ,291,291,90770978,34,68,14146124,6,21,4801028,22,981,154641331,232,232,66131678,30,60,12288569,3,11,2519235,16,940,147305185
202004,06,041,4,9,Marin County                  ,3,3,1266869,0,0,0,0,0,0,0,0,0,1,1,95000,0,0,0,0,0,0,0,0,0
202004,06,059,4,9,Orange County                 ,116,116,38861579,3,6,1938929,5,17,3879524,5,351,55912876,74,74,19666277,1,2,605572,4,14,3217956,2,273,43201171
202004,06,061,4,9,Placer County                 ,151,151,41180132,0,0,0,0,0,0,0,0,0,150,150,40988130,0,0,0,0,0,0,0,0,0
202004,06,063,4,9,Plumas County                 ,4,4,712128,0,0,0,0,0,0,0,0,0,4,4,712128,0,0,0,0,0,0,0,0,0
202004,06,067,4,9,Sacramento County             ,119,119,32525225,1,2,375431,0,0,0,1,9,983008,118,118,32293306,1,2,375431,0,0,0,1,9,983008
202004,06,069,4,9,San Benito County             ,45,45,15656636,0,0,0,0,0,0,0,0,0,0,0,0,0,0,0,0,0,0,0,0,0
202004,06,071,4,9,San Bernardino County         ,169,169,45799810,29,58,6805888,1,4,587798,10,87,12967952,135,135,37242539,29,58,6805888,0,0,0,8,60,10068534
202004,06,073,4,9,San Diego County              ,154,154,40815856,2,4,1112460,20,65,15477791,8,460,64904770,153,153,40751960,2,4,1112460,20,65,15477791,7,449,63931004
202004,06,075,4,9,San Francisco County          ,0,0,0,0,0,0,0,0,0,0,0,0,0,0,0,0,0,0,0,0,0,0,0,0
202004,06,081,4,9,San Mateo County              ,12,12,5948819,0,0,0,0,0,0,3,39,10983298,0,0,0,0,0,0,0,0,0,0,0,0
202004,06,085,4,9,Santa Clara County            ,49,49,20212426,1,2,592814,1,3,795129,3,197,27434049,4,4,1897063,0,0,0,0,0,0,1,130,13974798
202004,06,091,4,9,Sierra County                 ,0,0,0,0,0,0,0,0,0,0,0,0,0,0,0,0,0,0,0,0,0,0,0,0
202004,06,113,4,9,Yolo County                   ,28,28,6967345,0,0,0,0,0,0,1,5,1283128,24,24,5763902,0,0,0,0,0,0,0,0,0
202004,08,001,4,8,Adams County                  ,170,170,50732475,0,0,0,1,4,664084,1,274,51718000,170,170,50732475,0,0,0,1,4,664084,1,274,51718000
202004,08,005,4,8,Arapahoe County               ,181,181,54105103,0,0,0,0,0,0,8,341,35811831,138,138,41827247,0,0,0,0,0,0,6,320,33471076
202004,08,014,4,8,Broomfield County             ,25,25,9425438,3,6,1794030,0,0,0,0,0,0,25,25,9425438,3,6,1794030,0,0,0,0,0,0
202004,08,015,4,8,Chaffee County                ,10,10,2580075,0,0,0,1,3,549700,0,0,0,0,0,0,0,0,0,0,0,0,0,0,0
202004,08,019,4,8,Clear Creek County            ,1,1,285291,0,0,0,0,0,0,0,0,0,0,0,0,0,0,0,0,0,0,0,0,0
202004,08,031,4,8,Denver County                 ,102,102,28323698,0,0,0,0,0,0,0,0,0,102,102,28323698,0,0,0,0,0,0,0,0,0
202004,08,035,4,8,Douglas County                ,142,142,44065921,0,0,0,0,0,0,1,134,11917039,139,139,42913700,0,0,0,0,0,0,1,134,11917039
202004,08,039,4,8,Elbert County                 ,11,11,3249510,0,0,0,0,0,0,0,0,0,7,7,2212180,0,0,0,0,0,0,0,0,0
202004,08,041,4,8,El Paso County                ,373,373,141190217,0,0,0,1,4,1007100,6,254,33354768,373,373,141190217,0,0,0,1,4,1007100,6,254,33354768
202004,08,047,4,8,Gilpin County                 ,0,0,0,0,0,0,0,0,0,0,0,0,0,0,0,0,0,0,0,0,0,0,0,0
202004,08,059,4,8,Jefferson County              ,39,39,12839725,0,0,0,0,0,0,0,0,0,35,35,11667937,0,0,0,0,0,0,0,0,0
202004,08,069,4,8,Larimer County                ,179,179,52239358,0,0,0,0,0,0,1,9,797956,157,157,46983992,0,0,0,0,0,0,0,0,0
202004,08,077,4,8,Mesa County                   ,52,52,9911789,0,0,0,0,0,0,7,196,14747036,52,52,9911789,0,0,0,0,0,0,7,196,14747036
202004,08,093,4,8,Park County                   ,8,8,1899455,0,0,0,0,0,0,0,0,0,8,8,1899455,0,0,0,0,0,0,0,0,0
202004,08,101,4,8,Pueblo County                 ,35,35,5082451,0,0,0,0,0,0,0,0,0,35,35,5082451,0,0,0,0,0,0,0,0,0
202004,08,119,4,8,Teller County                 ,6,6,1952387,0,0,0,0,0,0,0,0,0,6,6,1952387,0,0,0,0,0,0,0,0,0
202004,09,001,1,1,Fairfield County              ,48,48,24077043,3,6,768862,0,0,0,2,11,1715908,34,34,12698460,2,4,617300,0,0,0,1,6,335000
202004,09,003,1,1,Hartford County               ,38,38,7937452,0,0,0,0,0,0,2,10,757087,31,31,6543709,0,0,0,0,0,0,0,0,0
202004,09,007,1,1,Middlesex County              ,10,10,2818443,0,0,0,0,0,0,0,0,0,7,7,2096680,0,0,0,0,0,0,0,0,0
202004,09,013,1,1,Tolland County                ,5,5,1867908,0,0,0,0,0,0,0,0,0,1,1,1000000,0,0,0,0,0,0,0,0,0
202004,10,001,3,5,Kent County                   ,100,100,14461221,1,2,168250,0,0,0,0,0,0,97,97,13913863,1,2,168250,0,0,0,0,0,0
202004,10,003,3,5,New Castle County             ,99,99,10581906,0,0,0,0,0,0,6,72,9268332,2,2,579616,0,0,0,0,0,0,4,53,8384005
202004,10,005,3,5,Sussex County                 ,238,238,34815718,3,6,860013,0,0,0,3,19,3170861,238,238,34815718,3,6,860013,0,0,0,3,19,3170861
202004,11,001,3,5,Washington  DC                ,8,8,1865032,2,4,494032,0,0,0,3,244,29245205,8,8,1865032,2,4,494032,0,0,0,3,244,29245205
202004,12,003,3,5,Baker County                  ,12,12,2194696,0,0,0,0,0,0,0,0,0,12,12,2194696,0,0,0,0,0,0,0,0,0
202004,12,019,3,5,Clay County                   ,97,97,22335380,0,0,0,0,0,0,0,0,0,97,97,22335380,0,0,0,0,0,0,0,0,0
202004,12,029,3,5,Dixie County                  ,3,3,378970,0,0,0,0,0,0,0,0,0,0,0,0,0,0,0,0,0,0,0,0,0
202004,12,031,3,5,Duval County                  ,366,366,85336034,2,4,494032,6,24,3139092,1,184,22053761,366,366,85336034,2,4,494032,6,24,3139092,1,184,22053761
202004,12,033,3,5,Escambia County               ,164,164,38233156,1,2,247016,1,3,392386,0,0,0,164,164,38233156,1,2,247016,1,3,392386,0,0,0
202004,12,053,3,5,Hernando County               ,58,58,13823535,0,0,0,0,0,0,1,12,1149445,58,58,13823535,0,0,0,0,0,0,1,12,1149445
202004,12,057,3,5,Hillsborough County           ,929,929,314723591,0,0,0,0,0,0,1,522,156000000,929,929,314723591,0,0,0,0,0,0,1,522,156000000
202004,12,067,3,5,Lafayette County              ,1,1,170000,0,0,0,0,0,0,0,0,0,1,1,170000,0,0,0,0,0,0,0,0,0
202004,12,071,3,5,Lee County                    ,389,389,100209795,28,56,7095890,1,4,995025,0,0,0,387,387,98863424,28,56,7095890,1,4,995025,0,0,0
202004,12,073,3,5,Leon County                   ,53,53,10475728,1,2,221600,0,0,0,3,91,11691655,0,0,0,0,0,0,0,0,0,0,0,0
202004,12,081,3,5,Manatee County                ,296,296,65116504,7,14,895300,2,8,958040,4,212,23400000,291,291,62002802,7,14,895300,2,8,958040,4,212,23400000
202004,12,086,3,5,Miami-Dade County             ,147,147,43737723,14,28,4327633,1,3,627900,5,409,19526442,23,23,7821081,0,0,0,0,0,0,0,0,0
202004,12,089,3,5,Nassau County                 ,104,104,24597582,0,0,0,0,0,0,1,5,1161440,8,8,1632588,0,0,0,0,0,0,0,0,0
202004,12,091,3,5,Okaloosa County               ,61,61,18687170,0,0,0,0,0,0,1,6,1000000,47,47,14946216,0,0,0,0,0,0,1,6,1000000
202004,12,095,3,5,Orange County                 ,363,363,97511142,20,40,6686185,0,0,0,5,635,142000789,329,329,85894477,20,40,6686185,0,0,0,5,635,142000789
202004,12,097,3,5,Osceola County                ,338,338,69891032,0,0,0,0,0,0,2,370,34305194,338,338,69891032,0,0,0,0,0,0,2,370,34305194
202004,12,101,3,5,Pasco County                  ,322,322,67183154,0,0,0,0,0,0,0,0,0,321,321,67088436,0,0,0,0,0,0,0,0,0
202004,12,103,3,5,Pinellas County               ,62,62,20715583,1,2,385333,0,0,0,0,0,0,57,57,18864714,0,0,0,0,0,0,0,0,0
202004,12,109,3,5,St. Johns County              ,415,415,97598902,0,0,0,1,4,808443,0,0,0,415,415,97598902,0,0,0,1,4,808443,0,0,0
202004,12,113,3,5,Santa Rosa County             ,296,296,69006184,0,0,0,7,21,2746706,0,0,0,296,296,69006184,0,0,0,7,21,2746706,0,0,0
202004,12,115,3,5,Sarasota County               ,264,264,86648179,1,2,1250000,0,0,0,2,23,2379098,251,251,82275549,1,2,1250000,0,0,0,0,0,0
202004,12,117,3,5,Seminole County               ,94,94,28094824,3,6,821100,0,0,0,5,107,11759319,88,88,26840479,3,6,821100,0,0,0,3,70,8287508
202004,12,119,3,5,Sumter County                 ,241,241,71544905,0,0,0,0,0,0,1,6,1334000,241,241,71544905,0,0,0,0,0,0,1,6,1334000
202004,12,129,3,5,Wakulla County                ,30,30,4971474,0,0,0,0,0,0,0,0,0,30,30,4971474,0,0,0,0,0,0,0,0,0
202004,12,131,3,5,Walton County                 ,157,157,61965475,0,0,0,0,0,0,1,40,10200000,157,157,61965475,0,0,0,0,0,0,1,40,10200000
202004,12,133,3,5,Washington County             ,7,7,1034098,0,0,0,0,0,0,0,0,0,0,0,0,0,0,0,0,0,0,0,0,0
202004,13,007,3,5,Baker County                  ,0,0,0,0,0,0,0,0,0,0,0,0,0,0,0,0,0,0,0,0,0,0,0,0
202004,13,013,3,5,Barrow County                 ,59,59,7923434,0,0,0,0,0,0,0,0,0,10,10,1367000,0,0,0,0,0,0,0,0,0
202004,13,015,3,5,Bartow County                 ,48,48,8538592,0,0,0,0,0,0,0,0,0,48,48,8538592,0,0,0,0,0,0,0,0,0
202004,13,021,3,5,Bibb County                   ,10,10,1768093,0,0,0,0,0,0,0,0,0,0,0,0,0,0,0,0,0,0,0,0,0
202004,13,029,3,5,Bryan County                  ,34,34,7314746,0,0,0,0,0,0,0,0,0,11,11,2564419,0,0,0,0,0,0,0,0,0
202004,13,033,3,5,Burke County                  ,6,6,1190000,0,0,0,0,0,0,0,0,0,6,6,1190000,0,0,0,0,0,0,0,0,0
202004,13,035,3,5,Butts County                  ,3,3,1148700,0,0,0,0,0,0,0,0,0,3,3,1148700,0,0,0,0,0,0,0,0,0
202004,13,045,3,5,Carroll County                ,41,41,9638753,0,0,0,0,0,0,0,0,0,41,41,9638753,0,0,0,0,0,0,0,0,0
202004,13,051,3,5,Chatham County                ,81,81,17285670,0,0,0,0,0,0,0,0,0,31,31,6624496,0,0,0,0,0,0,0,0,0
202004,13,057,3,5,Cherokee County               ,139,139,40612587,0,0,0,0,0,0,0,0,0,139,139,40612587,0,0,0,0,0,0,0,0,0
202004,13,059,3,5,Clarke County                 ,24,24,4195982,0,0,0,0,0,0,0,0,0,24,24,4195982,0,0,0,0,0,0,0,0,0
202004,13,063,3,5,Clayton County                ,25,25,4128841,0,0,0,0,0,0,1,5,317891,9,9,2098161,0,0,0,0,0,0,0,0,0
202004,13,067,3,5,Cobb County                   ,141,141,38365700,0,0,0,0,0,0,0,0,0,120,120,33473439,0,0,0,0,0,0,0,0,0
202004,13,073,3,5,Columbia County               ,92,92,16768064,0,0,0,2,7,653962,1,6,540000,21,21,2969609,0,0,0,2,7,653962,1,6,540000
202004,13,077,3,5,Coweta County                 ,85,85,30748931,0,0,0,0,0,0,0,0,0,79,79,28990340,0,0,0,0,0,0,0,0,0
202004,13,085,3,5,Dawson County                 ,45,45,5917398,0,0,0,0,0,0,0,0,0,45,45,5917398,0,0,0,0,0,0,0,0,0
202004,13,095,3,5,Dougherty County              ,1,1,205076,0,0,0,0,0,0,1,15,2239046,0,0,0,0,0,0,0,0,0,0,0,0
202004,13,097,3,5,Douglas County                ,22,22,6178369,0,0,0,0,0,0,0,0,0,22,22,6178369,0,0,0,0,0,0,0,0,0
202004,13,111,3,5,Fannin County                 ,19,19,3972440,0,0,0,0,0,0,0,0,0,19,19,3972440,0,0,0,0,0,0,0,0,0
202004,13,113,3,5,Fayette County                ,70,70,11487068,0,0,0,0,0,0,0,0,0,50,50,5237167,0,0,0,0,0,0,0,0,0
202004,13,115,3,5,Floyd County                  ,10,10,2299500,0,0,0,0,0,0,0,0,0,10,10,2299500,0,0,0,0,0,0,0,0,0
202004,13,117,3,5,Forsyth County                ,162,162,28004638,0,0,0,0,0,0,1,95,4890700,162,162,28004638,0,0,0,0,0,0,1,95,4890700
202004,13,121,3,5,Fulton County                 ,133,133,38721825,0,0,0,0,0,0,0,0,0,111,111,34519003,0,0,0,0,0,0,0,0,0
202004,13,127,3,5,Glynn County                  ,29,29,9335114,0,0,0,0,0,0,0,0,0,0,0,0,0,0,0,0,0,0,0,0,0
202004,13,135,3,5,Gwinnett County               ,213,213,52079359,0,0,0,0,0,0,1,5,1500000,195,195,46682556,0,0,0,0,0,0,0,0,0
202004,13,143,3,5,Haralson County               ,3,3,686718,0,0,0,0,0,0,0,0,0,0,0,0,0,0,0,0,0,0,0,0,0
202004,13,145,3,5,Harris County                 ,20,20,4904510,0,0,0,0,0,0,0,0,0,20,20,4904510,0,0,0,0,0,0,0,0,0
202004,13,149,3,5,Heard County                  ,2,2,474038,0,0,0,0,0,0,0,0,0,0,0,0,0,0,0,0,0,0,0,0,0
202004,13,151,3,5,Henry County                  ,121,121,26988026,0,0,0,0,0,0,0,0,0,86,86,21635376,0,0,0,0,0,0,0,0,0
202004,13,159,3,5,Jasper County                 ,6,6,803844,0,0,0,0,0,0,0,0,0,0,0,0,0,0,0,0,0,0,0,0,0
202004,13,171,3,5,Lamar County                  ,12,12,2412382,0,0,0,0,0,0,0,0,0,11,11,2285000,0,0,0,0,0,0,0,0,0
202004,13,177,3,5,Lee County                    ,9,9,687200,0,0,0,0,0,0,0,0,0,9,9,687200,0,0,0,0,0,0,0,0,0
202004,13,179,3,5,Liberty County                ,14,14,2285660,0,0,0,0,0,0,0,0,0,14,14,2285660,0,0,0,0,0,0,0,0,0
202004,13,189,3,5,McDuffie County               ,3,3,601971,0,0,0,0,0,0,0,0,0,0,0,0,0,0,0,0,0,0,0,0,0
202004,13,199,3,5,Meriwether County             ,11,11,1876257,0,0,0,0,0,0,0,0,0,11,11,1876257,0,0,0,0,0,0,0,0,0
202004,13,201,3,5,Miller County                 ,0,0,0,0,0,0,0,0,0,0,0,0,0,0,0,0,0,0,0,0,0,0,0,0
202004,13,207,3,5,Monroe County                 ,12,12,1708010,0,0,0,0,0,0,0,0,0,0,0,0,0,0,0,0,0,0,0,0,0
202004,13,215,3,5,Muscogee County               ,23,23,4338648,0,0,0,1,3,95320,1,29,4116343,0,0,0,0,0,0,0,0,0,0,0,0
202004,13,217,3,5,Newton County                 ,31,31,7228093,0,0,0,0,0,0,0,0,0,31,31,7228093,0,0,0,0,0,0,0,0,0
202004,13,227,3,5,Pickens County                ,9,9,2985000,0,0,0,0,0,0,0,0,0,9,9,2985000,0,0,0,0,0,0,0,0,0
202004,13,231,3,5,Pike County                   ,13,13,3030677,0,0,0,0,0,0,0,0,0,13,13,3030677,0,0,0,0,0,0,0,0,0
202004,13,235,3,5,Pulaski County                ,2,2,350000,0,0,0,0,0,0,0,0,0,2,2,350000,0,0,0,0,0,0,0,0,0
202004,13,245,3,5,Richmond County               ,27,27,4273665,0,0,0,0,0,0,1,5,287197,0,0,0,0,0,0,0,0,0,0,0,0
202004,13,247,3,5,Rockdale County               ,14,14,3508482,0,0,0,0,0,0,0,0,0,14,14,3508482,0,0,0,0,0,0,0,0,0
202004,13,255,3,5,Spalding County               ,19,19,3071400,0,0,0,0,0,0,0,0,0,19,19,3071400,0,0,0,0,0,0,0,0,0
202004,13,275,3,5,Thomas County                 ,3,3,1022425,0,0,0,0,0,0,0,0,0,3,3,1022425,0,0,0,0,0,0,0,0,0
202004,13,291,3,5,Union County                  ,10,10,2591524,0,0,0,0,0,0,0,0,0,10,10,2591524,0,0,0,0,0,0,0,0,0
202004,15,001,4,9,Hawaii County                 ,50,50,16283036,0,0,0,0,0,0,0,0,0,50,50,16283036,0,0,0,0,0,0,0,0,0
202004,15,003,4,9,Honolulu County               ,55,55,22561734,0,0,0,1,3,1948873,2,95,17791379,0,0,0,0,0,0,0,0,0,0,0,0
202004,15,007,4,9,Kauai County                  ,12,12,8422034,0,0,0,0,0,0,0,0,0,0,0,0,0,0,0,0,0,0,0,0,0
202004,15,009,4,9,Maui County                   ,24,24,10430285,1,2,500000,0,0,0,0,0,0,24,24,10430285,1,2,500000,0,0,0,0,0,0
202004,16,001,4,8,Ada County                    ,289,289,78882784,1,2,293916,0,0,0,2,28,1945271,270,270,72343562,1,2,293916,0,0,0,2,28,1945271
202004,16,015,4,8,Boise County                  ,8,8,3157023,0,0,0,0,0,0,0,0,0,7,7,3003353,0,0,0,0,0,0,0,0,0
202004,16,027,4,8,Canyon County                 ,175,175,27098390,1,2,123710,2,8,975096,1,39,3196952,97,97,15285889,0,0,0,1,4,677699,0,0,0
202004,16,045,4,8,Gem County                    ,8,8,1799499,0,0,0,0,0,0,0,0,0,5,5,1388417,0,0,0,0,0,0,0,0,0
202004,16,073,4,8,Owyhee County                 ,5,5,1307833,0,0,0,0,0,0,0,0,0,3,3,892013,0,0,0,0,0,0,0,0,0
202004,17,005,2,3,Bond County                   ,0,0,0,0,0,0,0,0,0,0,0,0,0,0,0,0,0,0,0,0,0,0,0,0
202004,17,013,2,3,Calhoun County                ,0,0,0,0,0,0,0,0,0,0,0,0,0,0,0,0,0,0,0,0,0,0,0,0
202004,17,031,2,3,Cook County                   ,83,83,27214482,3,6,1225350,11,34,7739500,12,333,82856427,65,65,21706525,3,6,1225350,10,31,7239500,11,320,79135100
202004,17,037,2,3,DeKalb County                 ,2,2,894000,0,0,0,2,8,1600000,0,0,0,2,2,894000,0,0,0,2,8,1600000,0,0,0
202004,17,039,2,3,De Witt County                ,3,3,364000,0,0,0,0,0,0,0,0,0,3,3,364000,0,0,0,0,0,0,0,0,0
202004,17,043,2,3,DuPage County                 ,61,61,24681147,0,0,0,0,0,0,5,98,14686093,39,39,14236435,0,0,0,0,0,0,4,90,13300000
202004,17,063,2,3,Grundy County                 ,5,5,1305000,0,0,0,0,0,0,0,0,0,5,5,1305000,0,0,0,0,0,0,0,0,0
202004,17,083,2,3,Jersey County                 ,4,4,1155895,0,0,0,0,0,0,0,0,0,0,0,0,0,0,0,0,0,0,0,0,0
202004,17,093,2,3,Kendall County                ,25,25,5145101,1,2,284812,0,0,0,0,0,0,18,18,3916309,1,2,284812,0,0,0,0,0,0
202004,17,097,2,3,Lake County                   ,38,38,12297674,0,0,0,0,0,0,1,5,1029110,24,24,6707677,0,0,0,0,0,0,0,0,0
202004,17,111,2,3,McHenry County                ,33,33,4100438,0,0,0,0,0,0,0,0,0,27,27,3131569,0,0,0,0,0,0,0,0,0
202004,17,119,2,3,Madison County                ,33,33,9984403,1,2,231801,0,0,0,1,5,249559,27,27,8686686,0,0,0,0,0,0,0,0,0
202004,17,133,2,3,Monroe County                 ,10,10,2520155,1,2,300708,0,0,0,0,0,0,10,10,2520155,1,2,300708,0,0,0,0,0,0
202004,17,197,2,3,Will County                   ,104,104,27847997,0,0,0,1,3,555000,0,0,0,99,99,26823168,0,0,0,1,3,555000,0,0,0
202004,18,003,2,3,Allen County                  ,89,89,24781107,0,0,0,0,0,0,0,0,0,89,89,24781107,0,0,0,0,0,0,0,0,0
202004,18,011,2,3,Boone County                  ,36,36,10655676,2,4,400000,0,0,0,0,0,0,34,34,10109120,2,4,400000,0,0,0,0,0,0
202004,18,013,2,3,Brown County                  ,6,6,1670636,0,0,0,0,0,0,0,0,0,6,6,1670636,0,0,0,0,0,0,0,0,0
202004,18,019,2,3,Clark County                  ,45,45,8819988,0,0,0,0,0,0,0,0,0,35,35,6835623,0,0,0,0,0,0,0,0,0
202004,18,047,2,3,Franklin County               ,7,7,1897000,0,0,0,0,0,0,0,0,0,7,7,1897000,0,0,0,0,0,0,0,0,0
202004,18,057,2,3,Hamilton County               ,167,167,57717941,0,0,0,1,4,800000,19,486,39477461,161,161,56266100,0,0,0,1,4,800000,19,486,39477461
202004,18,059,2,3,Hancock County                ,74,74,17975740,2,4,888587,0,0,0,0,0,0,74,74,17975740,2,4,888587,0,0,0,0,0,0
202004,18,061,2,3,Harrison County               ,16,16,4455030,0,0,0,0,0,0,0,0,0,16,16,4455030,0,0,0,0,0,0,0,0,0
202004,18,063,2,3,Hendricks County              ,63,63,16985693,0,0,0,0,0,0,1,5,366372,26,26,7239425,0,0,0,0,0,0,0,0,0
202004,18,069,2,3,Huntington County             ,6,6,1517403,0,0,0,0,0,0,0,0,0,1,1,244556,0,0,0,0,0,0,0,0,0
202004,18,073,2,3,Jasper County                 ,8,8,2183489,0,0,0,0,0,0,0,0,0,7,7,2051267,0,0,0,0,0,0,0,0,0
202004,18,081,2,3,Johnson County                ,74,74,21872495,2,4,783100,0,0,0,0,0,0,74,74,21872495,2,4,783100,0,0,0,0,0,0
202004,18,087,2,3,Lagrange County               ,12,12,3717738,0,0,0,0,0,0,0,0,0,12,12,3717738,0,0,0,0,0,0,0,0,0
202004,18,089,2,3,Lake County                   ,76,76,22283515,3,6,1003085,0,0,0,0,0,0,63,63,19360917,2,4,798832,0,0,0,0,0,0
202004,18,097,2,3,Marion County                 ,147,147,40629320,2,4,853000,0,0,0,2,109,15103333,147,147,40629320,2,4,853000,0,0,0,1,104,15000000
202004,18,105,2,3,Monroe County                 ,17,17,4526160,1,2,283485,0,0,0,1,32,3715136,0,0,0,0,0,0,0,0,0,0,0,0
202004,18,109,2,3,Morgan County                 ,15,15,3412262,0,0,0,0,0,0,0,0,0,7,7,1539323,0,0,0,0,0,0,0,0,0
202004,18,111,2,3,Newton County                 ,2,2,420429,0,0,0,0,0,0,0,0,0,0,0,0,0,0,0,0,0,0,0,0,0
202004,18,115,2,3,Ohio County                   ,2,2,300000,0,0,0,0,0,0,0,0,0,2,2,300000,0,0,0,0,0,0,0,0,0
202004,18,119,2,3,Owen County                   ,2,2,534947,0,0,0,0,0,0,0,0,0,0,0,0,0,0,0,0,0,0,0,0,0
202004,18,127,2,3,Porter County                 ,38,38,10665931,1,2,269235,0,0,0,0,0,0,16,16,4627598,1,2,269235,0,0,0,0,0,0
202004,18,133,2,3,Putnam County                 ,10,10,2756491,0,0,0,0,0,0,0,0,0,1,1,255000,0,0,0,0,0,0,0,0,0
202004,18,145,2,3,Shelby County                 ,2,2,369185,0,0,0,0,0,0,0,0,0,2,2,369185,0,0,0,0,0,0,0,0,0
202004,18,151,2,3,Steuben County                ,6,6,1596000,0,0,0,0,0,0,0,0,0,6,6,1596000,0,0,0,0,0,0,0,0,0
202004,18,157,2,3,Tippecanoe County             ,33,33,8337444,1,2,290559,0,0,0,2,68,7417545,0,0,0,0,0,0,0,0,0,1,48,6000000
202004,18,163,2,3,Vanderburgh County            ,34,34,6104653,0,0,0,0,0,0,0,0,0,34,34,6104653,0,0,0,0,0,0,0,0,0
202004,18,167,2,3,Vigo County                   ,1,1,221809,0,0,0,0,0,0,0,0,0,0,0,0,0,0,0,0,0,0,0,0,0
202004,18,175,2,3,Washington County             ,3,3,705000,0,0,0,0,0,0,0,0,0,0,0,0,0,0,0,0,0,0,0,0,0
202004,18,183,2,3,Whitley County                ,8,8,2395562,0,0,0,0,0,0,0,0,0,8,8,2395562,0,0,0,0,0,0,0,0,0
202004,19,049,2,4,Dallas County                 ,63,63,17516300,0,0,0,0,0,0,0,0,0,62,62,17341300,0,0,0,0,0,0,0,0,0
202004,19,085,2,4,Harrison County               ,2,2,303000,0,0,0,0,0,0,0,0,0,2,2,303000,0,0,0,0,0,0,0,0,0
202004,19,129,2,4,Mills County                  ,0,0,0,0,0,0,0,0,0,0,0,0,0,0,0,0,0,0,0,0,0,0,0,0
202004,19,153,2,4,Polk County                   ,209,209,61043251,2,4,862902,0,0,0,4,93,10185298,201,201,58677281,2,4,862902,0,0,0,3,84,9250298
202004,19,181,2,4,Warren County                 ,26,26,7059224,0,0,0,0,0,0,1,59,7841568,21,21,6063957,0,0,0,0,0,0,1,59,7841568
202004,20,061,2,4,Geary County                  ,1,1,260128,0,0,0,0,0,0,0,0,0,0,0,0,0,0,0,0,0,0,0,0,0
202004,20,091,2,4,Johnson County                ,152,152,62009993,3,6,1977158,0,0,0,0,0,0,132,132,55322214,2,4,1537000,0,0,0,0,0,0
202004,20,103,2,4,Leavenworth County            ,15,15,3045051,0,0,0,0,0,0,0,0,0,15,15,3045051,0,0,0,0,0,0,0,0,0
202004,20,107,2,4,Linn County                   ,2,2,200000,0,0,0,0,0,0,0,0,0,2,2,200000,0,0,0,0,0,0,0,0,0
202004,20,121,2,4,Miami County                  ,7,7,1968656,0,0,0,0,0,0,0,0,0,3,3,502000,0,0,0,0,0,0,0,0,0
202004,20,209,2,4,Wyandotte County              ,15,15,3030212,0,0,0,0,0,0,0,0,0,2,2,520000,0,0,0,0,0,0,0,0,0
202004,21,005,3,6,Anderson County               ,7,7,1387416,0,0,0,0,0,0,0,0,0,7,7,1387416,0,0,0,0,0,0,0,0,0
202004,21,015,3,6,Boone County                  ,44,44,8202588,0,0,0,0,0,0,0,0,0,44,44,8202588,0,0,0,0,0,0,0,0,0
202004,21,017,3,6,Bourbon County                ,4,4,1051908,0,0,0,0,0,0,0,0,0,0,0,0,0,0,0,0,0,0,0,0,0
202004,21,021,3,6,Boyle County                  ,2,2,376616,1,2,182926,0,0,0,0,0,0,0,0,0,0,0,0,0,0,0,0,0,0
202004,21,029,3,6,Bullitt County                ,29,29,8230741,0,0,0,0,0,0,0,0,0,29,29,8230741,0,0,0,0,0,0,0,0,0
202004,21,035,3,6,Calloway County               ,3,3,415000,0,0,0,0,0,0,1,8,550000,3,3,415000,0,0,0,0,0,0,1,8,550000
202004,21,037,3,6,Campbell County               ,13,13,4050807,0,0,0,0,0,0,1,5,1021944,1,1,400000,0,0,0,0,0,0,0,0,0
202004,21,045,3,6,Casey County                  ,0,0,0,0,0,0,0,0,0,0,0,0,0,0,0,0,0,0,0,0,0,0,0,0
202004,21,047,3,6,Christian County              ,9,9,908400,0,0,0,0,0,0,0,0,0,7,7,766000,0,0,0,0,0,0,0,0,0
202004,21,049,3,6,Clark County                  ,4,4,932694,0,0,0,0,0,0,1,5,346250,0,0,0,0,0,0,0,0,0,0,0,0
202004,21,059,3,6,Daviess County                ,27,27,2576237,0,0,0,5,20,1300000,0,0,0,27,27,2576237,0,0,0,5,20,1300000,0,0,0
202004,21,067,3,6,Fayette County                ,46,46,10357873,0,0,0,0,0,0,1,53,5765688,0,0,0,0,0,0,0,0,0,0,0,0
202004,21,069,3,6,Fleming County                ,0,0,0,0,0,0,0,0,0,0,0,0,0,0,0,0,0,0,0,0,0,0,0,0
202004,21,077,3,6,Gallatin County               ,2,2,412275,0,0,0,0,0,0,0,0,0,0,0,0,0,0,0,0,0,0,0,0,0
202004,21,081,3,6,Grant County                  ,4,4,741397,0,0,0,0,0,0,0,0,0,0,0,0,0,0,0,0,0,0,0,0,0
202004,21,091,3,6,Hancock County                ,1,1,204898,0,0,0,0,0,0,0,0,0,0,0,0,0,0,0,0,0,0,0,0,0
202004,21,099,3,6,Hart County                   ,1,1,87321,0,0,0,0,0,0,0,0,0,0,0,0,0,0,0,0,0,0,0,0,0
202004,21,101,3,6,Henderson County              ,4,4,793900,0,0,0,0,0,0,0,0,0,4,4,793900,0,0,0,0,0,0,0,0,0
202004,21,103,3,6,Henry County                  ,2,2,418091,0,0,0,0,0,0,0,0,0,0,0,0,0,0,0,0,0,0,0,0,0
202004,21,111,3,6,Jefferson County              ,69,69,11812129,0,0,0,1,3,600000,0,0,0,69,69,11812129,0,0,0,1,3,600000,0,0,0
202004,21,113,3,6,Jessamine County              ,11,11,2293373,0,0,0,0,0,0,0,0,0,2,2,935000,0,0,0,0,0,0,0,0,0
202004,21,115,3,6,Johnson County                ,0,0,0,0,0,0,0,0,0,0,0,0,0,0,0,0,0,0,0,0,0,0,0,0
202004,21,117,3,6,Kenton County                 ,29,29,7539125,0,0,0,0,0,0,0,0,0,29,29,7539125,0,0,0,0,0,0,0,0,0
202004,21,121,3,6,Knox County                   ,0,0,0,0,0,0,0,0,0,0,0,0,0,0,0,0,0,0,0,0,0,0,0,0
202004,21,123,3,6,Larue County                  ,6,6,1398774,0,0,0,0,0,0,0,0,0,6,6,1398774,0,0,0,0,0,0,0,0,0
202004,21,137,3,6,Lincoln County                ,5,5,444898,0,0,0,0,0,0,0,0,0,0,0,0,0,0,0,0,0,0,0,0,0
202004,21,145,3,6,McCracken County              ,9,9,1957904,0,0,0,0,0,0,0,0,0,1,1,142036,0,0,0,0,0,0,0,0,0
202004,21,151,3,6,Madison County                ,16,16,1536898,2,4,252996,0,0,0,1,5,168572,4,4,485000,1,2,140000,0,0,0,0,0,0
202004,21,157,3,6,Marshall County               ,7,7,1854000,0,0,0,0,0,0,0,0,0,7,7,1854000,0,0,0,0,0,0,0,0,0
202004,21,161,3,6,Mason County                  ,1,1,620000,0,0,0,0,0,0,0,0,0,1,1,620000,0,0,0,0,0,0,0,0,0
202004,21,163,3,6,Meade County                  ,9,9,1640000,0,0,0,1,3,265000,0,0,0,9,9,1640000,0,0,0,1,3,265000,0,0,0
202004,21,167,3,6,Mercer County                 ,6,6,1170000,1,2,120000,0,0,0,0,0,0,6,6,1170000,1,2,120000,0,0,0,0,0,0
202004,21,175,3,6,Morgan County                 ,3,3,225000,0,0,0,0,0,0,0,0,0,0,0,0,0,0,0,0,0,0,0,0,0
202004,21,179,3,6,Nelson County                 ,17,17,3609644,0,0,0,3,9,1170000,0,0,0,17,17,3609644,0,0,0,3,9,1170000,0,0,0
202004,21,185,3,6,Oldham County                 ,17,17,6221580,0,0,0,0,0,0,1,5,246094,0,0,0,0,0,0,0,0,0,0,0,0
202004,21,191,3,6,Pendleton County              ,0,0,0,0,0,0,0,0,0,0,0,0,0,0,0,0,0,0,0,0,0,0,0,0
202004,21,209,3,6,Scott County                  ,18,18,3375361,0,0,0,0,0,0,0,0,0,18,18,3375361,0,0,0,0,0,0,0,0,0
202004,21,211,3,6,Shelby County                 ,20,20,4699525,0,0,0,0,0,0,0,0,0,20,20,4699525,0,0,0,0,0,0,0,0,0
202004,21,213,3,6,Simpson County                ,11,11,1605777,1,2,167333,0,0,0,0,0,0,0,0,0,0,0,0,0,0,0,0,0,0
202004,21,215,3,6,Spencer County                ,10,10,2488141,0,0,0,0,0,0,0,0,0,0,0,0,0,0,0,0,0,0,0,0,0
202004,21,221,3,6,Trigg County                  ,0,0,0,0,0,0,0,0,0,0,0,0,0,0,0,0,0,0,0,0,0,0,0,0
202004,21,239,3,6,Woodford County               ,5,5,1299446,0,0,0,0,0,0,0,0,0,5,5,1299446,0,0,0,0,0,0,0,0,0
202004,22,005,3,7,Ascension Parish              ,68,68,10549312,0,0,0,0,0,0,0,0,0,0,0,0,0,0,0,0,0,0,0,0,0
202004,22,015,3,7,Bossier Parish                ,50,50,9774582,0,0,0,0,0,0,0,0,0,0,0,0,0,0,0,0,0,0,0,0,0
202004,22,017,3,7,Caddo Parish                  ,19,19,4812558,0,0,0,0,0,0,0,0,0,19,19,4812558,0,0,0,0,0,0,0,0,0
202004,22,031,3,7,De Soto Parish                ,11,11,2637421,0,0,0,0,0,0,0,0,0,7,7,1688845,0,0,0,0,0,0,0,0,0
202004,22,033,3,7,East Baton Rouge Parish       ,110,110,24691809,0,0,0,0,0,0,0,0,0,109,109,24541125,0,0,0,0,0,0,0,0,0
202004,22,037,3,7,East Feliciana Parish         ,9,9,1881682,0,0,0,0,0,0,0,0,0,9,9,1881682,0,0,0,0,0,0,0,0,0
202004,22,047,3,7,Iberville Parish              ,8,8,1953557,0,0,0,0,0,0,0,0,0,0,0,0,0,0,0,0,0,0,0,0,0
202004,22,051,3,7,Jefferson Parish              ,43,43,9604962,0,0,0,0,0,0,0,0,0,7,7,1788703,0,0,0,0,0,0,0,0,0
202004,22,055,3,7,Lafayette Parish              ,189,189,24757209,0,0,0,0,0,0,1,5,645833,140,140,12326567,0,0,0,0,0,0,0,0,0
202004,22,063,3,7,Livingston Parish             ,18,18,3745735,0,0,0,0,0,0,0,0,0,16,16,3345213,0,0,0,0,0,0,0,0,0
202004,22,071,3,7,Orleans Parish                ,44,44,9645237,10,20,2150324,0,0,0,1,37,6885395,0,0,0,0,0,0,0,0,0,0,0,0
202004,22,075,3,7,Plaquemines Parish            ,7,7,2008794,0,0,0,0,0,0,0,0,0,0,0,0,0,0,0,0,0,0,0,0,0
202004,22,077,3,7,Pointe Coupee Parish          ,5,5,1692200,0,0,0,0,0,0,0,0,0,5,5,1692200,0,0,0,0,0,0,0,0,0
202004,22,087,3,7,St. Bernard Parish            ,12,12,2457000,0,0,0,0,0,0,0,0,0,12,12,2457000,0,0,0,0,0,0,0,0,0
202004,22,089,3,7,St. Charles Parish            ,12,12,3996580,0,0,0,0,0,0,0,0,0,12,12,3996580,0,0,0,0,0,0,0,0,0
202004,22,091,3,7,St. Helena Parish             ,2,2,356244,0,0,0,0,0,0,0,0,0,0,0,0,0,0,0,0,0,0,0,0,0
202004,22,095,3,7,St. John the Baptist Parish   ,1,1,253326,0,0,0,0,0,0,0,0,0,1,1,253326,0,0,0,0,0,0,0,0,0
202004,22,099,3,7,St. Martin Parish             ,13,13,2383790,0,0,0,0,0,0,0,0,0,0,0,0,0,0,0,0,0,0,0,0,0
202004,22,103,3,7,St. Tammany Parish            ,107,107,33295871,0,0,0,0,0,0,0,0,0,103,103,31726273,0,0,0,0,0,0,0,0,0
202004,22,109,3,7,Terrebonne Parish             ,11,11,2999796,0,0,0,0,0,0,0,0,0,0,0,0,0,0,0,0,0,0,0,0,0
202004,22,121,3,7,West Baton Rouge Parish       ,21,21,3974019,0,0,0,0,0,0,0,0,0,19,19,3707513,0,0,0,0,0,0,0,0,0
202004,22,125,3,7,West Feliciana Parish         ,6,6,1579791,0,0,0,0,0,0,0,0,0,6,6,1579791,0,0,0,0,0,0,0,0,0
202004,23,000,1,1,Maine Unorganized Territory   ,7,7,929602,0,0,0,0,0,0,0,0,0,0,0,0,0,0,0,0,0,0,0,0,0
202004,24,003,3,5,Anne Arundel County           ,152,152,35429291,0,0,0,0,0,0,1,14,3531756,149,149,34736221,0,0,0,0,0,0,0,0,0
202004,24,005,3,5,Baltimore County              ,48,48,11190192,0,0,0,0,0,0,0,0,0,48,48,11190192,0,0,0,0,0,0,0,0,0
202004,24,009,3,5,Calvert County                ,6,6,1398774,0,0,0,0,0,0,0,0,0,6,6,1398774,0,0,0,0,0,0,0,0,0
202004,24,013,3,5,Carroll County                ,15,15,3496935,0,0,0,0,0,0,0,0,0,15,15,3496935,0,0,0,0,0,0,0,0,0
202004,24,015,3,5,Cecil County                  ,17,17,3218140,0,0,0,0,0,0,0,0,0,3,3,313960,0,0,0,0,0,0,0,0,0
202004,24,017,3,5,Charles County                ,56,56,17010000,0,0,0,0,0,0,0,0,0,56,56,17010000,0,0,0,0,0,0,0,0,0
202004,24,021,3,5,Frederick County              ,67,67,15619643,1,2,247016,4,15,1961932,6,48,5753155,67,67,15619643,1,2,247016,4,15,1961932,6,48,5753155
202004,24,023,3,5,Garrett County                ,12,12,3545000,0,0,0,0,0,0,0,0,0,12,12,3545000,0,0,0,0,0,0,0,0,0
202004,24,025,3,5,Harford County                ,43,43,10286269,0,0,0,0,0,0,4,56,6712014,42,42,9883902,0,0,0,0,0,0,4,56,6712014
202004,24,027,3,5,Howard County                 ,60,60,14053972,0,0,0,0,0,0,0,0,0,0,0,0,0,0,0,0,0,0,0,0,0
202004,24,031,3,5,Montgomery County             ,70,70,15037617,0,0,0,0,0,0,0,0,0,70,70,15037617,0,0,0,0,0,0,0,0,0
202004,24,033,3,5,Prince George County          ,229,229,53511753,0,0,0,0,0,0,0,0,0,227,227,52920283,0,0,0,0,0,0,0,0,0
202004,24,035,3,5,Queen Anne County             ,16,16,3317548,0,0,0,0,0,0,0,0,0,16,16,3317548,0,0,0,0,0,0,0,0,0
202004,24,037,3,5,St. Marys County              ,34,34,6725000,0,0,0,0,0,0,12,68,12284000,34,34,6725000,0,0,0,0,0,0,12,68,12284000
202004,24,039,3,5,Somerset County               ,1,1,221954,0,0,0,0,0,0,0,0,0,0,0,0,0,0,0,0,0,0,0,0,0
202004,24,045,3,5,Wicomico County               ,14,14,2773418,0,0,0,0,0,0,3,21,2029865,8,8,1717556,0,0,0,0,0,0,3,21,2029865
202004,24,510,3,5,Baltimore (Independent City)  ,10,10,1674154,0,0,0,1,3,462976,1,26,3784178,0,0,0,0,0,0,0,0,0,0,0,0
202004,25,005,1,1,Bristol County                ,34,34,8174699,0,0,0,0,0,0,0,0,0,16,16,4215750,0,0,0,0,0,0,0,0,0
202004,25,009,1,1,Essex County                  ,35,35,11090942,2,4,1225000,0,0,0,1,5,1392167,23,23,7290495,0,0,0,0,0,0,0,0,0
202004,25,017,1,1,Middlesex County              ,100,100,27811459,1,2,711622,2,6,1288276,19,139,16171111,70,70,18192402,0,0,0,1,3,577018,3,48,8422200
202004,25,021,1,1,Norfolk County                ,31,31,12836428,1,2,299602,1,3,394376,3,15,1555584,11,11,4577194,0,0,0,0,0,0,0,0,0
202004,25,023,1,1,Plymouth County               ,49,49,12620366,0,0,0,0,0,0,0,0,0,16,16,4576506,0,0,0,0,0,0,0,0,0
202004,25,025,1,1,Suffolk County                ,0,0,0,1,2,400000,0,0,0,2,10,1917812,0,0,0,1,2,400000,0,0,0,0,0,0
202004,26,000,2,3,Michigan Balance of State     ,6,6,1126536,0,0,0,0,0,0,0,0,0,0,0,0,0,0,0,0,0,0,0,0,0
202004,26,019,2,3,Benzie County                 ,0,0,0,0,0,0,0,0,0,0,0,0,0,0,0,0,0,0,0,0,0,0,0,0
202004,26,029,2,3,Charlevoix County             ,10,10,2410889,0,0,0,0,0,0,0,0,0,0,0,0,0,0,0,0,0,0,0,0,0
202004,26,089,2,3,Leelanau County               ,2,2,623525,0,0,0,0,0,0,0,0,0,2,2,623525,0,0,0,0,0,0,0,0,0
202004,26,093,2,3,Livingston County             ,5,5,1191130,0,0,0,0,0,0,0,0,0,4,4,1016052,0,0,0,0,0,0,0,0,0
202004,26,095,2,3,Luce County                   ,1,1,238400,0,0,0,0,0,0,0,0,0,0,0,0,0,0,0,0,0,0,0,0,0
202004,26,099,2,3,Macomb County                 ,31,31,9995166,0,0,0,0,0,0,1,5,571429,3,3,1281583,0,0,0,0,0,0,0,0,0
202004,26,103,2,3,Marquette County              ,0,0,0,0,0,0,0,0,0,0,0,0,0,0,0,0,0,0,0,0,0,0,0,0
202004,26,137,2,3,Otsego County                 ,2,2,162000,0,0,0,0,0,0,0,0,0,0,0,0,0,0,0,0,0,0,0,0,0
202004,26,147,2,3,St. Clair County              ,4,4,883176,0,0,0,0,0,0,0,0,0,2,2,558439,0,0,0,0,0,0,0,0,0
202004,26,163,2,3,Wayne County                  ,31,31,7163382,0,0,0,0,0,0,3,37,9227273,13,13,3003642,0,0,0,0,0,0,1,25,6500000
202004,27,003,2,4,Anoka County                  ,53,53,15470039,0,0,0,0,0,0,2,41,6314513,47,47,13769466,0,0,0,0,0,0,2,41,6314513
202004,27,019,2,4,Carver County                 ,33,33,10602242,0,0,0,0,0,0,0,0,0,30,30,9658362,0,0,0,0,0,0,0,0,0
202004,27,025,2,4,Chisago County                ,37,37,7431291,1,2,357000,0,0,0,0,0,0,37,37,7431291,0,0,0,0,0,0,0,0,0
202004,27,027,2,4,Clay County                   ,25,25,5404500,0,0,0,0,0,0,0,0,0,24,24,5095500,0,0,0,0,0,0,0,0,0
202004,27,037,2,4,Dakota County                 ,108,108,31563309,0,0,0,0,0,0,0,0,0,106,106,31026835,0,0,0,0,0,0,0,0,0
202004,27,053,2,4,Hennepin County               ,117,117,55933106,0,0,0,0,0,0,3,191,20047107,94,94,48081840,0,0,0,0,0,0,3,191,20047107
202004,27,059,2,4,Isanti County                 ,14,14,3003810,0,0,0,0,0,0,0,0,0,8,8,1852697,0,0,0,0,0,0,0,0,0
202004,27,123,2,4,Ramsey County                 ,11,11,4523470,0,0,0,0,0,0,2,142,17539629,10,10,4176606,0,0,0,0,0,0,1,137,17009287
202004,27,139,2,4,Scott County                  ,44,44,13746109,0,0,0,0,0,0,1,16,2000000,29,29,9561755,0,0,0,0,0,0,1,16,2000000
202004,27,141,2,4,Sherburne County              ,31,31,7367450,0,0,0,0,0,0,1,5,931316,24,24,6110667,0,0,0,0,0,0,0,0,0
202004,27,163,2,4,Washington County             ,74,74,25388983,0,0,0,0,0,0,2,260,35488873,66,66,22675897,0,0,0,0,0,0,1,253,34911000
202004,27,171,2,4,Wright County                 ,55,55,17464860,0,0,0,0,0,0,1,5,839577,43,43,14499576,0,0,0,0,0,0,0,0,0
202004,28,033,3,6,DeSoto County                 ,128,128,25974499,0,0,0,0,0,0,0,0,0,85,85,16387946,0,0,0,0,0,0,0,0,0
202004,28,041,3,6,Greene County                 ,0,0,0,0,0,0,0,0,0,0,0,0,0,0,0,0,0,0,0,0,0,0,0,0
202004,28,045,3,6,Hancock County                ,41,41,7157507,0,0,0,1,3,301084,1,8,677302,11,11,2216582,0,0,0,0,0,0,0,0,0
202004,28,047,3,6,Harrison County               ,84,84,16565431,0,0,0,0,0,0,0,0,0,73,73,15315820,0,0,0,0,0,0,0,0,0
202004,28,067,3,6,Jones County                  ,0,0,0,0,0,0,0,0,0,0,0,0,0,0,0,0,0,0,0,0,0,0,0,0
202004,28,129,3,6,Smith County                  ,0,0,0,0,0,0,0,0,0,0,0,0,0,0,0,0,0,0,0,0,0,0,0,0
202004,28,137,3,6,Tate County                   ,8,8,1596134,0,0,0,0,0,0,0,0,0,0,0,0,0,0,0,0,0,0,0,0,0
202004,28,143,3,6,Tunica County                 ,6,6,1338591,0,0,0,0,0,0,0,0,0,0,0,0,0,0,0,0,0,0,0,0,0
202004,28,145,3,6,Union County                  ,1,1,50000,0,0,0,0,0,0,0,0,0,1,1,50000,0,0,0,0,0,0,0,0,0
202004,28,149,3,6,Warren County                 ,2,2,445465,0,0,0,0,0,0,0,0,0,0,0,0,0,0,0,0,0,0,0,0,0
202004,29,013,2,4,Bates County                  ,0,0,0,0,0,0,0,0,0,0,0,0,0,0,0,0,0,0,0,0,0,0,0,0
202004,29,017,2,4,Bollinger County              ,0,0,0,0,0,0,0,0,0,0,0,0,0,0,0,0,0,0,0,0,0,0,0,0
202004,29,019,2,4,Boone County                  ,91,91,21185441,0,0,0,0,0,0,0,0,0,91,91,21185441,0,0,0,0,0,0,0,0,0
202004,29,049,2,4,Clinton County                ,6,6,1608117,0,0,0,0,0,0,0,0,0,5,5,1392197,0,0,0,0,0,0,0,0,0
202004,29,065,2,4,Dent County                   ,0,0,0,0,0,0,0,0,0,0,0,0,0,0,0,0,0,0,0,0,0,0,0,0
202004,29,071,2,4,Franklin County               ,26,26,5973695,0,0,0,0,0,0,0,0,0,13,13,2431591,0,0,0,0,0,0,0,0,0
202004,29,095,2,4,Jackson County                ,142,142,32509696,0,0,0,0,0,0,0,0,0,134,134,30566518,0,0,0,0,0,0,0,0,0
202004,29,099,2,4,Jefferson County              ,47,47,12106481,0,0,0,0,0,0,0,0,0,45,45,11897888,0,0,0,0,0,0,0,0,0
202004,29,105,2,4,Laclede County                ,6,6,1229275,0,0,0,0,0,0,0,0,0,6,6,1229275,0,0,0,0,0,0,0,0,0
202004,29,107,2,4,Lafayette County              ,6,6,815513,0,0,0,0,0,0,0,0,0,5,5,557000,0,0,0,0,0,0,0,0,0
202004,29,113,2,4,Lincoln County                ,10,10,1244488,0,0,0,0,0,0,0,0,0,10,10,1244488,0,0,0,0,0,0,0,0,0
202004,29,165,2,4,Platte County                 ,27,27,6937158,0,0,0,0,0,0,1,23,1870570,17,17,4973054,0,0,0,0,0,0,0,0,0
202004,29,185,2,4,St. Clair County              ,0,0,0,0,0,0,0,0,0,0,0,0,0,0,0,0,0,0,0,0,0,0,0,0
202004,29,189,2,4,St. Louis County              ,69,69,30061731,0,0,0,0,0,0,2,18,1748053,31,31,11950999,0,0,0,0,0,0,0,0,0
202004,29,219,2,4,Warren County                 ,34,34,8092613,0,0,0,0,0,0,0,0,0,34,34,8092613,0,0,0,0,0,0,0,0,0
202004,29,221,2,4,Washington County             ,0,0,0,0,0,0,0,0,0,0,0,0,0,0,0,0,0,0,0,0,0,0,0,0
202004,29,510,2,4,St. Louis (Independent City)  ,8,8,1593495,0,0,0,0,0,0,1,18,1411394,0,0,0,0,0,0,0,0,0,0,0,0
202004,30,013,4,8,Cascade County                ,15,15,4809831,0,0,0,0,0,0,0,0,0,15,15,4809831,0,0,0,0,0,0,0,0,0
202004,30,033,4,8,Garfield County               ,0,0,0,0,0,0,0,0,0,0,0,0,0,0,0,0,0,0,0,0,0,0,0,0
202004,30,063,4,8,Missoula County               ,28,28,6031938,0,0,0,0,0,0,1,8,363307,28,28,6031938,0,0,0,0,0,0,1,8,363307
202004,30,093,4,8,Silver Bow County             ,5,5,513662,1,2,315000,0,0,0,0,0,0,5,5,513662,1,2,315000,0,0,0,0,0,0
202004,31,001,2,4,Adams County                  ,2,2,531716,0,0,0,0,0,0,0,0,0,2,2,531716,0,0,0,0,0,0,0,0,0
202004,31,025,2,4,Cass County                   ,7,7,1270130,1,2,144197,0,0,0,0,0,0,3,3,520892,1,2,144197,0,0,0,0,0,0
202004,31,033,2,4,Cheyenne County               ,1,1,237744,0,0,0,0,0,0,0,0,0,1,1,237744,0,0,0,0,0,0,0,0,0
202004,31,055,2,4,Douglas County                ,88,88,15504677,0,0,0,0,0,0,12,301,23717449,85,85,14804256,0,0,0,0,0,0,12,301,23717449
202004,31,105,2,4,Kimball County                ,0,0,0,0,0,0,0,0,0,0,0,0,0,0,0,0,0,0,0,0,0,0,0,0
202004,31,153,2,4,Sarpy County                  ,76,76,23035821,1,2,758630,0,0,0,0,0,0,49,49,15924186,1,2,758630,0,0,0,0,0,0
202004,31,165,2,4,Sioux County                  ,0,0,0,0,0,0,0,0,0,0,0,0,0,0,0,0,0,0,0,0,0,0,0,0
202004,31,177,2,4,Washington County             ,5,5,1397400,0,0,0,0,0,0,0,0,0,5,5,1397400,0,0,0,0,0,0,0,0,0
202004,32,001,4,8,Churchill County              ,3,3,586215,0,0,0,0,0,0,0,0,0,3,3,586215,0,0,0,0,0,0,0,0,0
202004,32,003,4,8,Clark County                  ,429,429,116631380,27,54,1964870,3,9,1616548,4,131,10507460,429,429,116631380,27,54,1964870,3,9,1616548,4,131,10507460
202004,32,005,4,8,Douglas County                ,18,18,7120513,0,0,0,0,0,0,0,0,0,18,18,7120513,0,0,0,0,0,0,0,0,0
202004,32,007,4,8,Elko County                   ,19,19,3028550,0,0,0,0,0,0,0,0,0,19,19,3028550,0,0,0,0,0,0,0,0,0
202004,32,013,4,8,Humboldt County               ,1,1,170845,0,0,0,0,0,0,0,0,0,0,0,0,0,0,0,0,0,0,0,0,0
202004,32,015,4,8,Lander County                 ,1,1,143561,0,0,0,0,0,0,0,0,0,0,0,0,0,0,0,0,0,0,0,0,0
202004,32,017,4,8,Lincoln County                ,1,1,296834,0,0,0,0,0,0,0,0,0,1,1,296834,0,0,0,0,0,0,0,0,0
202004,32,019,4,8,Lyon County                   ,27,27,6690332,0,0,0,0,0,0,0,0,0,27,27,6690332,0,0,0,0,0,0,0,0,0
202004,32,021,4,8,Mineral County                ,0,0,0,0,0,0,0,0,0,0,0,0,0,0,0,0,0,0,0,0,0,0,0,0
202004,32,027,4,8,Pershing County               ,0,0,0,0,0,0,0,0,0,0,0,0,0,0,0,0,0,0,0,0,0,0,0,0
202004,32,029,4,8,Storey County                 ,1,1,76767,0,0,0,0,0,0,0,0,0,1,1,76767,0,0,0,0,0,0,0,0,0
202004,32,031,4,8,Washoe County                 ,171,171,46413134,2,4,413804,1,4,539328,6,144,18877255,63,63,15717284,0,0,0,0,0,0,0,0,0
202004,32,033,4,8,White Pine County             ,0,0,0,0,0,0,0,0,0,0,0,0,0,0,0,0,0,0,0,0,0,0,0,0
202004,32,510,4,8,Carson City (Independent City),10,10,2661991,0,0,0,0,0,0,1,5,499223,0,0,0,0,0,0,0,0,0,0,0,0
202004,33,015,1,1,Rockingham County             ,39,39,12087876,1,2,400000,1,4,530546,1,5,420735,23,23,7765432,1,2,400000,1,4,530546,0,0,0
202004,33,017,1,1,Strafford County              ,15,15,3175057,0,0,0,0,0,0,0,0,0,11,11,2309981,0,0,0,0,0,0,0,0,0
202004,34,001,1,2,Atlantic County               ,46,46,10541701,0,0,0,0,0,0,2,10,597322,45,45,10234701,0,0,0,0,0,0,1,5,1
202004,34,003,1,2,Bergen County                 ,49,49,12767141,7,14,2314542,1,3,372923,16,126,14062426,20,20,3553325,6,12,1910675,0,0,0,4,64,5803127
202004,34,005,1,2,Burlington County             ,35,35,5772097,0,0,0,0,0,0,2,10,642796,26,26,4294095,0,0,0,0,0,0,0,0,0
202004,34,007,1,2,Camden County                 ,28,28,3662335,0,0,0,0,0,0,3,65,3071957,23,23,2932050,0,0,0,0,0,0,2,60,2805000
202004,34,009,1,2,Cape May County               ,19,19,3839893,2,4,418600,0,0,0,0,0,0,16,16,3121505,2,4,418600,0,0,0,0,0,0
202004,34,011,1,2,Cumberland County             ,1,1,116099,0,0,0,0,0,0,0,0,0,1,1,116099,0,0,0,0,0,0,0,0,0
202004,34,013,1,2,Essex County                  ,24,24,3756575,12,24,124693,6,20,519301,6,37,3733129,7,7,1296329,12,24,124693,6,20,519301,3,16,695100
202004,34,015,1,2,Gloucester County             ,47,47,6598852,0,0,0,0,0,0,0,0,0,39,39,5561602,0,0,0,0,0,0,0,0,0
202004,34,017,1,2,Hudson County                 ,7,7,1275852,5,10,1098706,0,0,0,3,58,1463245,6,6,1007732,4,8,829000,0,0,0,2,34,523475
202004,34,019,1,2,Hunterdon County              ,5,5,455045,0,0,0,0,0,0,2,10,526506,2,2,26300,0,0,0,0,0,0,0,0,0
202004,34,021,1,2,Mercer County                 ,28,28,3354570,0,0,0,1,3,16500,1,5,413592,25,25,2718626,0,0,0,0,0,0,0,0,0
202004,34,023,1,2,Middlesex County              ,33,33,4990826,0,0,0,2,6,557480,6,33,3521558,24,24,3317551,0,0,0,2,6,557480,4,22,1535600
202004,34,025,1,2,Monmouth County               ,52,52,16188477,0,0,0,0,0,0,0,0,0,30,30,8981689,0,0,0,0,0,0,0,0,0
202004,34,027,1,2,Morris County                 ,51,51,10505105,0,0,0,0,0,0,1,36,2245000,30,30,6047851,0,0,0,0,0,0,1,36,2245000
202004,34,029,1,2,Ocean County                  ,112,112,16964249,2,4,124800,0,0,0,14,70,2317000,89,89,12902035,0,0,0,0,0,0,14,70,2317000
202004,34,031,1,2,Passaic County                ,5,5,494127,1,2,113134,0,0,0,2,14,551486,0,0,0,0,0,0,0,0,0,0,0,0
202004,34,033,1,2,Salem County                  ,2,2,176500,0,0,0,0,0,0,0,0,0,2,2,176500,0,0,0,0,0,0,0,0,0
202004,34,035,1,2,Somerset County               ,11,11,1869210,0,0,0,1,3,686600,1,6,455161,8,8,1399720,0,0,0,1,3,686600,0,0,0
202004,34,037,1,2,Sussex County                 ,3,3,455614,0,0,0,3,12,1455300,0,0,0,2,2,302918,0,0,0,3,12,1455300,0,0,0
202004,34,039,1,2,Union County                  ,12,12,2726308,3,6,490807,1,3,5462628,5,40,1846356,2,2,498600,0,0,0,1,3,5462628,1,5,125000
202004,34,041,1,2,Warren County                 ,13,13,1338589,0,0,0,0,0,0,2,10,19000,9,9,753437,0,0,0,0,0,0,2,10,19000
202004,35,000,4,8,New Mexico Balance of State   ,25,25,6777205,0,0,0,0,0,0,0,0,0,0,0,0,0,0,0,0,0,0,0,0,0
202004,35,001,4,8,Bernalillo County             ,63,63,18287273,0,0,0,0,0,0,0,0,0,63,63,18287273,0,0,0,0,0,0,0,0,0
202004,35,005,4,8,Chaves County                 ,4,4,699231,0,0,0,0,0,0,0,0,0,0,0,0,0,0,0,0,0,0,0,0,0
202004,35,009,4,8,Curry County                  ,4,4,1009426,0,0,0,0,0,0,1,5,460938,0,0,0,0,0,0,0,0,0,0,0,0
202004,35,013,4,8,Dona Ana County               ,84,84,21726244,0,0,0,0,0,0,0,0,0,84,84,21726244,0,0,0,0,0,0,0,0,0
202004,35,015,4,8,Eddy County                   ,20,20,5833498,0,0,0,0,0,0,0,0,0,6,6,1889600,0,0,0,0,0,0,0,0,0
202004,35,017,4,8,Grant County                  ,1,1,162080,0,0,0,0,0,0,0,0,0,0,0,0,0,0,0,0,0,0,0,0,0
202004,35,025,4,8,Lea County                    ,11,11,2410492,0,0,0,0,0,0,0,0,0,0,0,0,0,0,0,0,0,0,0,0,0
202004,35,027,4,8,Lincoln County                ,4,4,532247,0,0,0,0,0,0,0,0,0,4,4,532247,0,0,0,0,0,0,0,0,0
202004,35,028,4,8,Los Alamos County             ,3,3,712493,0,0,0,0,0,0,0,0,0,3,3,712493,0,0,0,0,0,0,0,0,0
202004,35,029,4,8,Luna County                   ,1,1,249663,0,0,0,0,0,0,0,0,0,0,0,0,0,0,0,0,0,0,0,0,0
202004,35,031,4,8,McKinley County               ,0,0,0,0,0,0,0,0,0,0,0,0,0,0,0,0,0,0,0,0,0,0,0,0
202004,35,035,4,8,Otero County                  ,0,0,0,0,0,0,0,0,0,0,0,0,0,0,0,0,0,0,0,0,0,0,0,0
202004,35,041,4,8,Roosevelt County              ,1,1,152857,0,0,0,0,0,0,0,0,0,0,0,0,0,0,0,0,0,0,0,0,0
202004,35,043,4,8,Sandoval County               ,41,41,9137967,0,0,0,1,3,324072,1,5,208333,0,0,0,0,0,0,0,0,0,0,0,0
202004,35,045,4,8,San Juan County               ,6,6,1909182,0,0,0,0,0,0,0,0,0,6,6,1909182,0,0,0,0,0,0,0,0,0
202004,35,047,4,8,San Miguel County             ,0,0,0,0,0,0,0,0,0,0,0,0,0,0,0,0,0,0,0,0,0,0,0,0
202004,35,049,4,8,Santa Fe County               ,21,21,7320755,0,0,0,0,0,0,2,48,6000000,21,21,7320755,0,0,0,0,0,0,2,48,6000000
202004,35,051,4,8,Sierra County                 ,0,0,0,0,0,0,0,0,0,0,0,0,0,0,0,0,0,0,0,0,0,0,0,0
202004,35,055,4,8,Taos County                   ,6,6,1500152,0,0,0,0,0,0,0,0,0,6,6,1500152,0,0,0,0,0,0,0,0,0
202004,35,061,4,8,Valencia County               ,5,5,1072802,0,0,0,0,0,0,0,0,0,5,5,1072802,0,0,0,0,0,0,0,0,0
202004,36,001,1,2,Albany County                 ,10,10,2523203,1,2,297500,0,0,0,0,0,0,4,4,984139,0,0,0,0,0,0,0,0,0
202004,36,005,1,2,Bronx County                  ,0,0,0,0,0,0,0,0,0,0,0,0,0,0,0,0,0,0,0,0,0,0,0,0
202004,36,029,1,2,Erie County                   ,38,38,12487726,0,0,0,0,0,0,1,5,1120990,28,28,8475240,0,0,0,0,0,0,0,0,0
202004,36,047,1,2,Kings County                  ,4,4,1061308,3,6,910823,2,6,795818,15,516,58213677,4,4,1061308,3,6,910823,2,6,795818,15,516,58213677
202004,36,051,1,2,Livingston County             ,2,2,610000,0,0,0,0,0,0,0,0,0,2,2,610000,0,0,0,0,0,0,0,0,0
202004,36,055,1,2,Monroe County                 ,26,26,5764825,0,0,0,0,0,0,2,10,1225000,21,21,4845400,0,0,0,0,0,0,0,0,0
202004,36,059,1,2,Nassau County                 ,28,28,11587371,0,0,0,0,0,0,2,14,2149987,4,4,5672544,0,0,0,0,0,0,0,0,0
202004,36,061,1,2,New York County               ,0,0,0,0,0,0,0,0,0,0,0,0,0,0,0,0,0,0,0,0,0,0,0,0
202004,36,063,1,2,Niagara County                ,5,5,1416333,0,0,0,0,0,0,0,0,0,3,3,700000,0,0,0,0,0,0,0,0,0
202004,36,069,1,2,Ontario County                ,4,4,1339186,0,0,0,0,0,0,0,0,0,1,1,210000,0,0,0,0,0,0,0,0,0
202004,36,073,1,2,Orleans County                ,0,0,0,0,0,0,0,0,0,0,0,0,0,0,0,0,0,0,0,0,0,0,0,0
202004,36,079,1,2,Putnam County                 ,2,2,1074068,0,0,0,0,0,0,0,0,0,1,1,836200,0,0,0,0,0,0,0,0,0
202004,36,081,1,2,Queens County                 ,0,0,0,0,0,0,0,0,0,0,0,0,0,0,0,0,0,0,0,0,0,0,0,0
202004,36,083,1,2,Rensselaer County             ,6,6,1335528,0,0,0,0,0,0,0,0,0,3,3,790000,0,0,0,0,0,0,0,0,0
202004,36,085,1,2,Richmond County               ,0,0,0,0,0,0,0,0,0,0,0,0,0,0,0,0,0,0,0,0,0,0,0,0
202004,36,087,1,2,Rockland County               ,3,3,978525,1,2,258601,1,3,533502,0,0,0,1,1,500000,0,0,0,0,0,0,0,0,0
202004,36,091,1,2,Saratoga County               ,21,21,6767688,2,4,600000,1,4,600000,2,17,1921400,10,10,2728308,2,4,600000,1,4,600000,1,12,1722291
202004,36,093,1,2,Schenectady County            ,1,1,180000,0,0,0,0,0,0,0,0,0,1,1,180000,0,0,0,0,0,0,0,0,0
202004,36,095,1,2,Schoharie County              ,2,2,314978,0,0,0,0,0,0,0,0,0,0,0,0,0,0,0,0,0,0,0,0,0
202004,36,099,1,2,Seneca County                 ,5,5,655287,0,0,0,0,0,0,0,0,0,0,0,0,0,0,0,0,0,0,0,0,0
202004,36,103,1,2,Suffolk County                ,20,20,15609606,0,0,0,1,3,560670,0,0,0,13,13,9681031,0,0,0,0,0,0,0,0,0
202004,36,117,1,2,Wayne County                  ,3,3,570500,0,0,0,0,0,0,0,0,0,2,2,493000,0,0,0,0,0,0,0,0,0
202004,36,119,1,2,Westchester County            ,8,8,5117301,2,4,320750,0,0,0,3,44,9651643,0,0,0,1,2,70000,0,0,0,0,0,0
202004,37,007,3,5,Anson County                  ,4,4,599460,0,0,0,0,0,0,0,0,0,0,0,0,0,0,0,0,0,0,0,0,0
202004,37,011,3,5,Avery County                  ,16,16,5887297,0,0,0,0,0,0,0,0,0,16,16,5887297,0,0,0,0,0,0,0,0,0
202004,37,015,3,5,Bertie County                 ,0,0,0,0,0,0,0,0,0,0,0,0,0,0,0,0,0,0,0,0,0,0,0,0
202004,37,025,3,5,Cabarrus County               ,242,242,33727156,0,0,0,0,0,0,0,0,0,242,242,33727156,0,0,0,0,0,0,0,0,0
202004,37,033,3,5,Caswell County                ,3,3,882576,0,0,0,0,0,0,0,0,0,3,3,882576,0,0,0,0,0,0,0,0,0
202004,37,037,3,5,Chatham County                ,44,44,14287049,0,0,0,0,0,0,0,0,0,44,44,14287049,0,0,0,0,0,0,0,0,0
202004,37,051,3,5,Cumberland County             ,26,26,3736355,0,0,0,0,0,0,0,0,0,26,26,3736355,0,0,0,0,0,0,0,0,0
202004,37,053,3,5,Currituck County              ,35,35,9376209,0,0,0,0,0,0,0,0,0,0,0,0,0,0,0,0,0,0,0,0,0
202004,37,059,3,5,Davie County                  ,12,12,2723683,0,0,0,0,0,0,1,5,197173,0,0,0,0,0,0,0,0,0,0,0,0
202004,37,063,3,5,Durham County                 ,163,163,31458345,1,2,169897,0,0,0,3,132,19999266,0,0,0,0,0,0,0,0,0,0,0,0
202004,37,069,3,5,Franklin County               ,66,66,15386514,0,0,0,0,0,0,0,0,0,66,66,15386514,0,0,0,0,0,0,0,0,0
202004,37,071,3,5,Gaston County                 ,17,17,6170991,0,0,0,0,0,0,0,0,0,17,17,6170991,0,0,0,0,0,0,0,0,0
202004,37,077,3,5,Granville County              ,49,49,8012268,0,0,0,0,0,0,0,0,0,49,49,8012268,0,0,0,0,0,0,0,0,0
202004,37,081,3,5,Guilford County               ,118,118,26871691,0,0,0,0,0,0,2,48,5861388,70,70,10401915,0,0,0,0,0,0,2,48,5861388
202004,37,089,3,5,Henderson County              ,43,43,14968234,0,0,0,0,0,0,0,0,0,43,43,14968234,0,0,0,0,0,0,0,0,0
202004,37,093,3,5,Hoke County                   ,29,29,6760741,0,0,0,0,0,0,0,0,0,29,29,6760741,0,0,0,0,0,0,0,0,0
202004,37,097,3,5,Iredell County                ,99,99,23873031,0,0,0,0,0,0,0,0,0,99,99,23873031,0,0,0,0,0,0,0,0,0
202004,37,101,3,5,Johnston County               ,258,258,40305180,0,0,0,0,0,0,0,0,0,254,254,39493180,0,0,0,0,0,0,0,0,0
202004,37,119,3,5,Mecklenburg County            ,400,400,93251600,0,0,0,0,0,0,1,5,751935,400,400,93251600,0,0,0,0,0,0,1,5,751935
202004,37,133,3,5,Onslow County                 ,85,85,15280816,0,0,0,0,0,0,0,0,0,85,85,15280816,0,0,0,0,0,0,0,0,0
202004,37,135,3,5,Orange County                 ,26,26,9182076,0,0,0,0,0,0,0,0,0,26,26,9182076,0,0,0,0,0,0,0,0,0
202004,37,145,3,5,Person County                 ,5,5,1165000,0,0,0,0,0,0,0,0,0,5,5,1165000,0,0,0,0,0,0,0,0,0
202004,37,151,3,5,Randolph County               ,35,35,8510479,0,0,0,0,0,0,0,0,0,32,32,8220241,0,0,0,0,0,0,0,0,0
202004,37,157,3,5,Rockingham County             ,21,21,4674218,2,4,647682,0,0,0,0,0,0,19,19,4314594,1,2,269332,0,0,0,0,0,0
202004,37,179,3,5,Union County                  ,136,136,30387366,0,0,0,0,0,0,0,0,0,136,136,30387366,0,0,0,0,0,0,0,0,0
202004,37,181,3,5,Vance County                  ,4,4,541000,0,0,0,0,0,0,0,0,0,4,4,541000,0,0,0,0,0,0,0,0,0
202004,37,183,3,5,Wake County                   ,711,711,169943435,3,6,1168698,0,0,0,5,193,38640343,554,554,139309523,2,4,968827,0,0,0,3,149,33968984
202004,37,195,3,5,Wilson County                 ,9,9,1831773,0,0,0,0,0,0,0,0,0,9,9,1831773,0,0,0,0,0,0,0,0,0
202004,39,007,2,3,Ashtabula County              ,8,8,1391000,1,2,200000,1,3,240000,0,0,0,8,8,1391000,1,2,200000,1,3,240000,0,0,0
202004,39,015,2,3,Brown County                  ,3,3,835318,0,0,0,0,0,0,0,0,0,3,3,835318,0,0,0,0,0,0,0,0,0
202004,39,017,2,3,Butler County                 ,76,76,15895315,0,0,0,0,0,0,0,0,0,66,66,14294092,0,0,0,0,0,0,0,0,0
202004,39,025,2,3,Clermont County               ,44,44,10913046,0,0,0,4,15,1400000,3,24,1153550,44,44,10913046,0,0,0,4,15,1400000,3,24,1153550
202004,39,041,2,3,Delaware County               ,119,119,32141470,0,0,0,1,4,658857,3,27,2579329,76,76,21161395,0,0,0,0,0,0,0,0,0
202004,39,049,2,3,Franklin County               ,126,126,39828065,2,4,850000,0,0,0,4,333,34650000,92,92,28733358,2,4,850000,0,0,0,4,333,34650000
202004,39,055,2,3,Geauga County                 ,14,14,3898152,0,0,0,0,0,0,0,0,0,14,14,3898152,0,0,0,0,0,0,0,0,0
202004,39,085,2,3,Lake County                   ,44,44,9893158,0,0,0,0,0,0,0,0,0,44,44,9893158,0,0,0,0,0,0,0,0,0
202004,39,089,2,3,Licking County                ,20,20,5289793,0,0,0,0,0,0,0,0,0,20,20,5289793,0,0,0,0,0,0,0,0,0
202004,39,093,2,3,Lorain County                 ,97,97,26469878,0,0,0,0,0,0,3,15,2323324,71,71,18836358,0,0,0,0,0,0,3,15,2323324
202004,39,097,2,3,Madison County                ,13,13,3589982,0,0,0,0,0,0,0,0,0,0,0,0,0,0,0,0,0,0,0,0,0
202004,39,103,2,3,Medina County                 ,39,39,13296944,0,0,0,0,0,0,0,0,0,39,39,13296944,0,0,0,0,0,0,0,0,0
202004,39,117,2,3,Morrow County                 ,4,4,1113757,0,0,0,0,0,0,0,0,0,4,4,1113757,0,0,0,0,0,0,0,0,0
202004,39,159,2,3,Union County                  ,40,40,11170283,0,0,0,0,0,0,3,16,1200000,40,40,11170283,0,0,0,0,0,0,3,16,1200000
202004,39,165,2,3,Warren County                 ,91,91,25498988,0,0,0,0,0,0,0,0,0,91,91,25498988,0,0,0,0,0,0,0,0,0
202004,40,001,3,7,Adair County                  ,0,0,0,0,0,0,0,0,0,0,0,0,0,0,0,0,0,0,0,0,0,0,0,0
202004,40,017,3,7,Canadian County               ,54,54,12204898,0,0,0,0,0,0,0,0,0,48,48,9973500,0,0,0,0,0,0,0,0,0
202004,40,021,3,7,Cherokee County               ,14,14,1237429,0,0,0,0,0,0,0,0,0,8,8,450000,0,0,0,0,0,0,0,0,0
202004,40,027,3,7,Cleveland County              ,67,67,13943824,0,0,0,0,0,0,0,0,0,34,34,5006258,0,0,0,0,0,0,0,0,0
202004,40,029,3,7,Coal County                   ,0,0,0,0,0,0,0,0,0,0,0,0,0,0,0,0,0,0,0,0,0,0,0,0
202004,40,037,3,7,Creek County                  ,4,4,915832,0,0,0,0,0,0,1,8,615385,0,0,0,0,0,0,0,0,0,0,0,0
202004,40,051,3,7,Grady County                  ,4,4,465000,6,12,792000,0,0,0,0,0,0,4,4,465000,6,12,792000,0,0,0,0,0,0
202004,40,055,3,7,Greer County                  ,0,0,0,0,0,0,0,0,0,0,0,0,0,0,0,0,0,0,0,0,0,0,0,0
202004,40,081,3,7,Lincoln County                ,1,1,91700,0,0,0,0,0,0,0,0,0,0,0,0,0,0,0,0,0,0,0,0,0
202004,40,083,3,7,Logan County                  ,5,5,974000,0,0,0,0,0,0,0,0,0,5,5,974000,0,0,0,0,0,0,0,0,0
202004,40,087,3,7,McClain County                ,47,47,9002668,0,0,0,0,0,0,0,0,0,5,5,1838229,0,0,0,0,0,0,0,0,0
202004,40,109,3,7,Oklahoma County               ,321,321,72624437,8,16,1657099,0,0,0,0,0,0,62,62,17382743,2,4,357120,0,0,0,0,0,0
202004,40,111,3,7,Okmulgee County               ,0,0,0,0,0,0,0,0,0,0,0,0,0,0,0,0,0,0,0,0,0,0,0,0
202004,40,113,3,7,Osage County                  ,7,7,1527613,0,0,0,0,0,0,0,0,0,7,7,1527613,0,0,0,0,0,0,0,0,0
202004,40,117,3,7,Pawnee County                 ,0,0,0,0,0,0,0,0,0,0,0,0,0,0,0,0,0,0,0,0,0,0,0,0
202004,40,131,3,7,Rogers County                 ,28,28,7394224,0,0,0,0,0,0,0,0,0,27,27,7279474,0,0,0,0,0,0,0,0,0
202004,40,143,3,7,Tulsa County                  ,240,240,62999667,0,0,0,0,0,0,0,0,0,237,237,62337897,0,0,0,0,0,0,0,0,0
202004,40,145,3,7,Wagoner County                ,40,40,8996244,0,0,0,0,0,0,0,0,0,40,40,8996244,0,0,0,0,0,0,0,0,0
202004,41,000,4,9,Oregon Balance of State       ,23,23,3402600,0,0,0,0,0,0,0,0,0,23,23,3402600,0,0,0,0,0,0,0,0,0
202004,41,005,4,9,Clackamas County              ,87,87,27512649,0,0,0,0,0,0,0,0,0,83,83,25254463,0,0,0,0,0,0,0,0,0
202004,41,017,4,9,Deschutes County              ,130,130,32226483,1,2,364605,0,0,0,0,0,0,130,130,32226483,1,2,364605,0,0,0,0,0,0
202004,41,019,4,9,Douglas County                ,18,18,4323313,0,0,0,0,0,0,0,0,0,18,18,4323313,0,0,0,0,0,0,0,0,0
202004,41,025,4,9,Harney County                 ,1,1,253294,0,0,0,0,0,0,0,0,0,1,1,253294,0,0,0,0,0,0,0,0,0
202004,41,035,4,9,Klamath County                ,10,10,2095789,0,0,0,0,0,0,0,0,0,10,10,2095789,0,0,0,0,0,0,0,0,0
202004,41,051,4,9,Multnomah County              ,47,47,13161143,7,14,2696047,0,0,0,8,377,46805234,4,4,1375782,0,0,0,0,0,0,3,84,8570982
202004,41,065,4,9,Wasco County                  ,4,4,1289698,0,0,0,0,0,0,0,0,0,4,4,1289698,0,0,0,0,0,0,0,0,0
202004,41,067,4,9,Washington County             ,66,66,18208248,0,0,0,0,0,0,7,306,41640223,66,66,18208248,0,0,0,0,0,0,7,306,41640223
202004,41,071,4,9,Yamhill County                ,27,27,7944554,0,0,0,0,0,0,0,0,0,27,27,7944554,0,0,0,0,0,0,0,0,0
202004,42,001,1,2,Adams County                  ,11,11,3396231,0,0,0,0,0,0,0,0,0,0,0,0,0,0,0,0,0,0,0,0,0
202004,42,017,1,2,Bucks County                  ,44,44,10123452,0,0,0,0,0,0,0,0,0,37,37,8539122,0,0,0,0,0,0,0,0,0
202004,42,029,1,2,Chester County                ,66,66,19043093,2,4,613624,0,0,0,0,0,0,45,45,13737550,2,4,613624,0,0,0,0,0,0
202004,42,037,1,2,Columbia County               ,5,5,920674,0,0,0,0,0,0,0,0,0,0,0,0,0,0,0,0,0,0,0,0,0
202004,42,041,1,2,Cumberland County             ,34,34,7776129,0,0,0,2,7,1190615,0,0,0,19,19,4769480,0,0,0,1,4,420000,0,0,0
202004,42,043,1,2,Dauphin County                ,25,25,4861196,0,0,0,0,0,0,0,0,0,23,23,4353164,0,0,0,0,0,0,0,0,0
202004,42,045,1,2,Delaware County               ,8,8,1883895,0,0,0,0,0,0,1,5,375000,0,0,0,0,0,0,0,0,0,0,0,0
202004,42,055,1,2,Franklin County               ,6,6,1515991,1,2,200000,0,0,0,0,0,0,3,3,920000,1,2,200000,0,0,0,0,0,0
202004,42,091,1,2,Montgomery County             ,41,41,9643513,0,0,0,0,0,0,1,5,776667,20,20,5266027,0,0,0,0,0,0,0,0,0
202004,42,093,1,2,Montour County                ,0,0,0,0,0,0,0,0,0,0,0,0,0,0,0,0,0,0,0,0,0,0,0,0
202004,42,099,1,2,Perry County                  ,4,4,904264,0,0,0,0,0,0,0,0,0,0,0,0,0,0,0,0,0,0,0,0,0
202004,42,101,1,2,Philadelphia County           ,46,46,12135471,5,10,1441398,5,16,1966226,4,62,8819423,0,0,0,0,0,0,0,0,0,0,0,0
202004,42,103,1,2,Pike County                   ,7,7,1796989,0,0,0,0,0,0,0,0,0,3,3,731227,0,0,0,0,0,0,0,0,0
202004,44,001,1,1,Bristol County                ,2,2,517073,0,0,0,0,0,0,0,0,0,1,1,54000,0,0,0,0,0,0,0,0,0
202004,44,003,1,1,Kent County                   ,13,13,2064857,0,0,0,1,4,320000,0,0,0,10,10,1510900,0,0,0,1,4,320000,0,0,0
202004,44,005,1,1,Newport County                ,8,8,3168556,0,0,0,0,0,0,0,0,0,7,7,2808327,0,0,0,0,0,0,0,0,0
202004,44,007,1,1,Providence County             ,23,23,4702676,1,2,103048,0,0,0,0,0,0,15,15,3049280,0,0,0,0,0,0,0,0,0
202004,44,009,1,1,Washington County             ,22,22,5460532,0,0,0,0,0,0,0,0,0,18,18,4697404,0,0,0,0,0,0,0,0,0
202004,45,003,3,5,Aiken County                  ,98,98,21534379,0,0,0,0,0,0,0,0,0,49,49,11423492,0,0,0,0,0,0,0,0,0
202004,45,009,3,5,Bamberg County                ,0,0,0,0,0,0,0,0,0,0,0,0,0,0,0,0,0,0,0,0,0,0,0,0
202004,45,015,3,5,Berkeley County               ,115,115,33539171,0,0,0,0,0,0,1,27,636986,79,79,26076618,0,0,0,0,0,0,0,0,0
202004,45,017,3,5,Calhoun County                ,8,8,968800,0,0,0,0,0,0,0,0,0,8,8,968800,0,0,0,0,0,0,0,0,0
202004,45,019,3,5,Charleston County             ,191,191,52328019,0,0,0,0,0,0,3,90,6062067,3,3,3635046,0,0,0,0,0,0,0,0,0
202004,45,035,3,5,Dorchester County             ,67,67,19820440,0,0,0,0,0,0,0,0,0,66,66,19712940,0,0,0,0,0,0,0,0,0
202004,45,037,3,5,Edgefield County              ,26,26,5962900,0,0,0,0,0,0,0,0,0,26,26,5962900,0,0,0,0,0,0,0,0,0
202004,45,039,3,5,Fairfield County              ,4,4,890935,0,0,0,0,0,0,0,0,0,0,0,0,0,0,0,0,0,0,0,0,0
202004,45,045,3,5,Greenville County             ,314,314,78057419,0,0,0,0,0,0,8,40,1180151,284,284,73368662,0,0,0,0,0,0,6,30,249996
202004,45,051,3,5,Horry County                  ,346,346,59699993,0,0,0,0,0,0,0,0,0,320,320,53369611,0,0,0,0,0,0,0,0,0
202004,45,055,3,5,Kershaw County                ,18,18,3240835,0,0,0,0,0,0,0,0,0,18,18,3240835,0,0,0,0,0,0,0,0,0
202004,45,059,3,5,Laurens County                ,14,14,1698758,0,0,0,0,0,0,0,0,0,13,13,1631627,0,0,0,0,0,0,0,0,0
202004,45,063,3,5,Lexington County              ,162,162,40894758,0,0,0,0,0,0,2,15,2482829,13,13,2912031,0,0,0,0,0,0,0,0,0
202004,45,077,3,5,Pickens County                ,31,31,10169923,0,0,0,0,0,0,1,8,899018,4,4,678933,0,0,0,0,0,0,0,0,0
202004,45,079,3,5,Richland County               ,125,125,23912630,0,0,0,0,0,0,0,0,0,30,30,5499353,0,0,0,0,0,0,0,0,0
202004,45,081,3,5,Saluda County                 ,3,3,677445,0,0,0,0,0,0,0,0,0,0,0,0,0,0,0,0,0,0,0,0,0
202004,45,085,3,5,Sumter County                 ,21,21,2476412,0,0,0,0,0,0,0,0,0,21,21,2476412,0,0,0,0,0,0,0,0,0
202004,45,091,3,5,York County                   ,199,199,69558326,0,0,0,0,0,0,1,13,1475690,61,61,18896102,0,0,0,0,0,0,0,0,0
202004,46,007,2,4,Bennett County                ,0,0,0,0,0,0,0,0,0,0,0,0,0,0,0,0,0,0,0,0,0,0,0,0
202004,46,055,2,4,Haakon County                 ,0,0,0,0,0,0,0,0,0,0,0,0,0,0,0,0,0,0,0,0,0,0,0,0
202004,46,071,2,4,Jackson County                ,0,0,0,0,0,0,0,0,0,0,0,0,0,0,0,0,0,0,0,0,0,0,0,0
202004,46,111,2,4,Sanborn County                ,0,0,0,0,0,0,0,0,0,0,0,0,0,0,0,0,0,0,0,0,0,0,0,0
202004,47,001,3,6,Anderson County               ,20,20,4061590,0,0,0,0,0,0,0,0,0,14,14,3216696,0,0,0,0,0,0,0,0,0
202004,47,015,3,6,Cannon County                 ,2,2,220200,0,0,0,0,0,0,0,0,0,0,0,0,0,0,0,0,0,0,0,0,0
202004,47,021,3,6,Cheatham County               ,6,6,1315000,0,0,0,0,0,0,0,0,0,6,6,1315000,0,0,0,0,0,0,0,0,0
202004,47,037,3,6,Davidson County               ,294,294,69948999,0,0,0,0,0,0,15,936,40594629,287,287,67674894,0,0,0,0,0,0,15,936,40594629
202004,47,043,3,6,Dickson County                ,28,28,5002782,0,0,0,0,0,0,0,0,0,5,5,865000,0,0,0,0,0,0,0,0,0
202004,47,049,3,6,Fentress County               ,0,0,0,0,0,0,0,0,0,0,0,0,0,0,0,0,0,0,0,0,0,0,0,0
202004,47,081,3,6,Hickman County                ,9,9,1461030,1,2,120920,0,0,0,0,0,0,0,0,0,0,0,0,0,0,0,0,0,0
202004,47,093,3,6,Knox County                   ,87,87,17682386,0,0,0,0,0,0,2,160,16572404,30,30,5825071,0,0,0,0,0,0,2,160,16572404
202004,47,105,3,6,Loudon County                 ,24,24,7181608,0,0,0,0,0,0,0,0,0,20,20,6520790,0,0,0,0,0,0,0,0,0
202004,47,117,3,6,Marshall County               ,15,15,2852504,0,0,0,0,0,0,0,0,0,0,0,0,0,0,0,0,0,0,0,0,0
202004,47,125,3,6,Montgomery County             ,238,238,30449437,7,14,490000,5,18,995000,0,0,0,238,238,30449437,7,14,490000,5,18,995000,0,0,0
202004,47,139,3,6,Polk County                   ,15,15,2701861,0,0,0,0,0,0,0,0,0,0,0,0,0,0,0,0,0,0,0,0,0
202004,47,149,3,6,Rutherford County             ,259,259,63665238,0,0,0,0,0,0,1,22,2520665,216,216,56134918,0,0,0,0,0,0,0,0,0
202004,47,153,3,6,Sequatchie County             ,0,0,0,0,0,0,0,0,0,0,0,0,0,0,0,0,0,0,0,0,0,0,0,0
202004,47,157,3,6,Shelby County                 ,62,62,14453998,0,0,0,1,3,392386,0,0,0,62,62,14453998,0,0,0,1,3,392386,0,0,0
202004,47,159,3,6,Smith County                  ,4,4,875000,0,0,0,0,0,0,0,0,0,4,4,875000,0,0,0,0,0,0,0,0,0
202004,47,161,3,6,Stewart County                ,1,1,263333,0,0,0,0,0,0,0,0,0,0,0,0,0,0,0,0,0,0,0,0,0
202004,47,165,3,6,Sumner County                 ,110,110,28345314,0,0,0,0,0,0,0,0,0,52,52,10650191,0,0,0,0,0,0,0,0,0
202004,47,167,3,6,Tipton County                 ,13,13,2262946,0,0,0,0,0,0,0,0,0,7,7,1467058,0,0,0,0,0,0,0,0,0
202004,47,169,3,6,Trousdale County              ,4,4,344000,0,0,0,0,0,0,0,0,0,4,4,344000,0,0,0,0,0,0,0,0,0
202004,47,173,3,6,Union County                  ,9,9,1537778,0,0,0,0,0,0,0,0,0,7,7,1460000,0,0,0,0,0,0,0,0,0
202004,47,175,3,6,Van Buren County              ,0,0,0,0,0,0,0,0,0,0,0,0,0,0,0,0,0,0,0,0,0,0,0,0
202004,47,189,3,6,Wilson County                 ,165,165,44200734,0,0,0,0,0,0,1,5,106750,106,106,33838711,0,0,0,0,0,0,0,0,0
202004,48,013,3,7,Atascosa County               ,4,4,685709,0,0,0,0,0,0,0,0,0,0,0,0,0,0,0,0,0,0,0,0,0
202004,48,015,3,7,Austin County                 ,1,1,209544,0,0,0,0,0,0,0,0,0,0,0,0,0,0,0,0,0,0,0,0,0
202004,48,019,3,7,Bandera County                ,0,0,0,0,0,0,0,0,0,0,0,0,0,0,0,0,0,0,0,0,0,0,0,0
202004,48,021,3,7,Bastrop County                ,16,16,2780010,0,0,0,0,0,0,0,0,0,16,16,2780010,0,0,0,0,0,0,0,0,0
202004,48,025,3,7,Bee County                    ,1,1,118255,0,0,0,0,0,0,0,0,0,0,0,0,0,0,0,0,0,0,0,0,0
202004,48,027,3,7,Bell County                   ,182,182,32677368,28,56,5359431,0,0,0,0,0,0,72,72,15053457,25,50,4692775,0,0,0,0,0,0
202004,48,029,3,7,Bexar County                  ,334,334,77495718,1,2,70000,2,8,1046364,22,379,35385146,308,308,71870603,1,2,70000,2,8,1046364,21,374,34319650
202004,48,051,3,7,Burleson County               ,6,6,738000,0,0,0,0,0,0,0,0,0,6,6,738000,0,0,0,0,0,0,0,0,0
202004,48,055,3,7,Caldwell County               ,22,22,4649947,1,2,187145,0,0,0,0,0,0,0,0,0,0,0,0,0,0,0,0,0,0
202004,48,085,3,7,Collin County                 ,734,734,183233460,0,0,0,0,0,0,1,212,26200000,622,622,157958515,0,0,0,0,0,0,1,212,26200000
202004,48,091,3,7,Comal County                  ,185,185,43128865,0,0,0,0,0,0,9,300,31000000,185,185,43128865,0,0,0,0,0,0,9,300,31000000
202004,48,099,3,7,Coryell County                ,26,26,3698620,2,4,333906,0,0,0,0,0,0,26,26,3698620,2,4,333906,0,0,0,0,0,0
202004,48,107,3,7,Crosby County                 ,1,1,10000,0,0,0,0,0,0,0,0,0,0,0,0,0,0,0,0,0,0,0,0,0
202004,48,113,3,7,Dallas County                 ,352,352,103208324,14,28,3458224,0,0,0,10,354,43676530,337,337,96620895,14,28,3458224,0,0,0,9,346,43072086
202004,48,119,3,7,Delta County                  ,1,1,209076,1,2,187711,0,0,0,0,0,0,1,1,209076,1,2,187711,0,0,0,0,0,0
202004,48,135,3,7,Ector County                  ,49,49,11423321,0,0,0,0,0,0,0,0,0,49,49,11423321,0,0,0,0,0,0,0,0,0
202004,48,139,3,7,Ellis County                  ,147,147,33911768,0,0,0,0,0,0,1,9,1532024,92,92,22486661,0,0,0,0,0,0,0,0,0
202004,48,141,3,7,El Paso County                ,175,175,41136471,3,6,723361,4,16,2143769,1,24,2747734,2,2,466258,0,0,0,0,0,0,0,0,0
202004,48,157,3,7,Fort Bend County              ,739,739,62884654,0,0,0,0,0,0,6,164,18408180,214,214,49831477,0,0,0,0,0,0,0,0,0
202004,48,167,3,7,Galveston County              ,192,192,41077771,0,0,0,0,0,0,0,0,0,82,82,11019352,0,0,0,0,0,0,0,0,0
202004,48,185,3,7,Grimes County                 ,2,2,194188,0,0,0,0,0,0,0,0,0,2,2,194188,0,0,0,0,0,0,0,0,0
202004,48,187,3,7,Guadalupe County              ,64,64,14747653,0,0,0,0,0,0,0,0,0,62,62,14182133,0,0,0,0,0,0,0,0,0
202004,48,193,3,7,Hamilton County               ,0,0,0,0,0,0,0,0,0,0,0,0,0,0,0,0,0,0,0,0,0,0,0,0
202004,48,195,3,7,Hansford County               ,1,1,204898,0,0,0,0,0,0,0,0,0,0,0,0,0,0,0,0,0,0,0,0,0
202004,48,201,3,7,Harris County                 ,1259,1259,246134203,18,36,4578819,0,0,0,22,950,120160837,1243,1243,241162626,18,36,4578819,0,0,0,21,925,118839408
202004,48,211,3,7,Hemphill County               ,0,0,0,0,0,0,0,0,0,0,0,0,0,0,0,0,0,0,0,0,0,0,0,0
202004,48,215,3,7,Hidalgo County                ,184,184,34167732,10,20,6180948,1,3,135000,1,29,2212089,135,135,28207528,1,2,247016,0,0,0,0,0,0
202004,48,233,3,7,Hutchinson County             ,1,1,209076,0,0,0,0,0,0,0,0,0,1,1,209076,0,0,0,0,0,0,0,0,0
202004,48,251,3,7,Johnson County                ,83,83,17894083,0,0,0,0,0,0,24,672,80544172,83,83,17894083,0,0,0,0,0,0,24,672,80544172
202004,48,257,3,7,Kaufman County                ,48,48,10723029,0,0,0,0,0,0,1,12,1258741,46,46,10225892,0,0,0,0,0,0,0,0,0
202004,48,259,3,7,Kendall County                ,42,42,9791418,0,0,0,0,0,0,0,0,0,42,42,9791418,0,0,0,0,0,0,0,0,0
202004,48,271,3,7,Kinney County                 ,0,0,0,0,0,0,0,0,0,0,0,0,0,0,0,0,0,0,0,0,0,0,0,0
202004,48,281,3,7,Lampasas County               ,5,5,622500,0,0,0,0,0,0,0,0,0,5,5,622500,0,0,0,0,0,0,0,0,0
202004,48,291,3,7,Liberty County                ,49,49,7877898,0,0,0,0,0,0,0,0,0,39,39,5503330,0,0,0,0,0,0,0,0,0
202004,48,303,3,7,Lubbock County                ,114,114,25724965,6,12,1366610,0,0,0,5,39,2672588,4,4,1383496,0,0,0,0,0,0,0,0,0
202004,48,323,3,7,Maverick County               ,8,8,1869787,0,0,0,0,0,0,0,0,0,0,0,0,0,0,0,0,0,0,0,0,0
202004,48,325,3,7,Medina County                 ,1,1,172038,0,0,0,0,0,0,0,0,0,0,0,0,0,0,0,0,0,0,0,0,0
202004,48,329,3,7,Midland County                ,98,98,10834329,0,0,0,0,0,0,0,0,0,98,98,10834329,0,0,0,0,0,0,0,0,0
202004,48,339,3,7,Montgomery County             ,407,407,86252176,0,0,0,0,0,0,11,335,23447955,398,398,84429982,0,0,0,0,0,0,10,330,22886730
202004,48,367,3,7,Parker County                 ,33,33,7569870,1,2,295877,1,3,163068,1,5,435279,18,18,4555042,0,0,0,0,0,0,0,0,0
202004,48,375,3,7,Potter County                 ,38,38,8858902,0,0,0,0,0,0,0,0,0,38,38,8858902,0,0,0,0,0,0,0,0,0
202004,48,383,3,7,Reagan County                 ,0,0,0,0,0,0,0,0,0,0,0,0,0,0,0,0,0,0,0,0,0,0,0,0
202004,48,385,3,7,Real County                   ,0,0,0,0,0,0,0,0,0,0,0,0,0,0,0,0,0,0,0,0,0,0,0,0
202004,48,395,3,7,Robertson County              ,4,4,836303,0,0,0,0,0,0,0,0,0,4,4,836303,0,0,0,0,0,0,0,0,0
202004,48,397,3,7,Rockwall County               ,98,98,32191803,0,0,0,0,0,0,0,0,0,28,28,7658605,0,0,0,0,0,0,0,0,0
202004,48,407,3,7,San Jacinto County            ,36,36,7910201,0,0,0,0,0,0,0,0,0,0,0,0,0,0,0,0,0,0,0,0,0
202004,48,411,3,7,San Saba County               ,0,0,0,0,0,0,0,0,0,0,0,0,0,0,0,0,0,0,0,0,0,0,0,0
202004,48,451,3,7,Tom Green County              ,42,42,8781183,0,0,0,0,0,0,0,0,0,42,42,8781183,0,0,0,0,0,0,0,0,0
202004,48,453,3,7,Travis County                 ,784,784,184263976,13,26,2440243,0,0,0,32,1645,156108255,774,774,182337097,13,26,2440243,0,0,0,32,1645,156108255
202004,48,473,3,7,Waller County                 ,2,2,228443,0,0,0,0,0,0,1,5,110903,0,0,0,0,0,0,0,0,0,0,0,0
202004,48,491,3,7,Williamson County             ,493,493,117384429,9,18,2347830,0,0,0,0,0,0,463,463,109663263,9,18,2347830,0,0,0,0,0,0
202004,48,493,3,7,Wilson County                 ,2,2,598214,0,0,0,0,0,0,0,0,0,0,0,0,0,0,0,0,0,0,0,0,0
202004,48,497,3,7,Wise County                   ,4,4,845407,0,0,0,0,0,0,2,11,1004667,1,1,70000,0,0,0,0,0,0,0,0,0
202004,49,011,4,8,Davis County                  ,114,114,30711955,0,0,0,0,0,0,2,27,2983850,106,106,28602087,0,0,0,0,0,0,1,22,2000000
202004,49,023,4,8,Juab County                   ,7,7,2334018,0,0,0,0,0,0,0,0,0,6,6,1957960,0,0,0,0,0,0,0,0,0
202004,49,029,4,8,Morgan County                 ,14,14,7748228,0,0,0,0,0,0,0,0,0,12,12,7204218,0,0,0,0,0,0,0,0,0
202004,49,035,4,8,Salt Lake County              ,299,299,78704649,17,34,1029284,2,8,2053537,8,399,56793877,238,238,62473759,15,30,500000,2,8,2053537,7,378,54008142
202004,49,039,4,8,Sanpete County                ,4,4,1192316,0,0,0,0,0,0,0,0,0,4,4,1192316,0,0,0,0,0,0,0,0,0
202004,49,043,4,8,Summit County                 ,16,16,10123932,0,0,0,0,0,0,1,5,854284,7,7,5863210,0,0,0,0,0,0,0,0,0
202004,49,057,4,8,Weber County                  ,150,150,29231629,0,0,0,1,4,783171,5,27,2909746,126,126,22094458,0,0,0,0,0,0,2,10,1286871
202004,51,003,3,5,Albemarle County              ,35,35,12769002,0,0,0,0,0,0,0,0,0,35,35,12769002,0,0,0,0,0,0,0,0,0
202004,51,007,3,5,Amelia County                 ,3,3,805420,0,0,0,0,0,0,0,0,0,3,3,805420,0,0,0,0,0,0,0,0,0
202004,51,009,3,5,Amherst County                ,4,4,756953,0,0,0,0,0,0,0,0,0,0,0,0,0,0,0,0,0,0,0,0,0
202004,51,013,3,5,Arlington County              ,53,53,15765000,0,0,0,0,0,0,1,160,45000000,53,53,15765000,0,0,0,0,0,0,1,160,45000000
202004,51,015,3,5,Augusta County                ,22,22,4979000,0,0,0,0,0,0,0,0,0,22,22,4979000,0,0,0,0,0,0,0,0,0
202004,51,019,3,5,Bedford County                ,0,0,0,0,0,0,1,4,860000,0,0,0,0,0,0,0,0,0,1,4,860000,0,0,0
202004,51,033,3,5,Caroline County               ,14,14,4353622,0,0,0,0,0,0,0,0,0,14,14,4353622,0,0,0,0,0,0,0,0,0
202004,51,036,3,5,Charles City County           ,1,1,182994,0,0,0,0,0,0,0,0,0,0,0,0,0,0,0,0,0,0,0,0,0
202004,51,037,3,5,Charlotte County              ,1,1,144082,0,0,0,0,0,0,0,0,0,1,1,144082,0,0,0,0,0,0,0,0,0
202004,51,041,3,5,Chesterfield County           ,168,168,35124734,2,4,350000,7,25,4118285,0,0,0,168,168,35124734,2,4,350000,7,25,4118285,0,0,0
202004,51,043,3,5,Clarke County                 ,1,1,363547,0,0,0,0,0,0,0,0,0,1,1,363547,0,0,0,0,0,0,0,0,0
202004,51,049,3,5,Cumberland County             ,2,2,195500,0,0,0,0,0,0,0,0,0,2,2,195500,0,0,0,0,0,0,0,0,0
202004,51,051,3,5,Dickenson County              ,0,0,0,0,0,0,0,0,0,0,0,0,0,0,0,0,0,0,0,0,0,0,0,0
202004,51,053,3,5,Dinwiddie County              ,7,7,1179551,0,0,0,0,0,0,0,0,0,0,0,0,0,0,0,0,0,0,0,0,0
202004,51,059,3,5,Fairfax County                ,41,41,9641160,0,0,0,0,0,0,2,17,2800000,40,40,9325160,0,0,0,0,0,0,2,17,2800000
202004,51,061,3,5,Fauquier County               ,22,22,6253425,0,0,0,0,0,0,0,0,0,22,22,6253425,0,0,0,0,0,0,0,0,0
202004,51,069,3,5,Frederick County              ,42,42,9710095,0,0,0,0,0,0,0,0,0,42,42,9710095,0,0,0,0,0,0,0,0,0
202004,51,073,3,5,Gloucester County             ,8,8,1890124,0,0,0,0,0,0,0,0,0,0,0,0,0,0,0,0,0,0,0,0,0
202004,51,075,3,5,Goochland County              ,20,20,5011128,0,0,0,0,0,0,0,0,0,20,20,5011128,0,0,0,0,0,0,0,0,0
202004,51,085,3,5,Hanover County                ,37,37,7735804,0,0,0,0,0,0,0,0,0,37,37,7735804,0,0,0,0,0,0,0,0,0
202004,51,087,3,5,Henrico County                ,85,85,14703988,36,72,2475000,0,0,0,0,0,0,85,85,14703988,36,72,2475000,0,0,0,0,0,0
202004,51,093,3,5,Isle of Wight County          ,18,18,4320600,0,0,0,0,0,0,0,0,0,18,18,4320600,0,0,0,0,0,0,0,0,0
202004,51,095,3,5,James City County             ,20,20,4662580,0,0,0,0,0,0,0,0,0,20,20,4662580,0,0,0,0,0,0,0,0,0
202004,51,097,3,5,King and Queen County         ,1,1,80000,0,0,0,0,0,0,0,0,0,1,1,80000,0,0,0,0,0,0,0,0,0
202004,51,099,3,5,King George County            ,13,13,2717985,0,0,0,0,0,0,0,0,0,13,13,2717985,0,0,0,0,0,0,0,0,0
202004,51,107,3,5,Loudoun County                ,114,114,26576706,0,0,0,0,0,0,0,0,0,114,114,26576706,0,0,0,0,0,0,0,0,0
202004,51,109,3,5,Louisa County                 ,25,25,5608381,0,0,0,0,0,0,0,0,0,0,0,0,0,0,0,0,0,0,0,0,0
202004,51,115,3,5,Mathews County                ,1,1,400000,0,0,0,0,0,0,0,0,0,1,1,400000,0,0,0,0,0,0,0,0,0
202004,51,127,3,5,New Kent County               ,14,14,2927061,0,0,0,0,0,0,0,0,0,14,14,2927061,0,0,0,0,0,0,0,0,0
202004,51,139,3,5,Page County                   ,5,5,1018000,0,0,0,0,0,0,0,0,0,5,5,1018000,0,0,0,0,0,0,0,0,0
202004,51,145,3,5,Powhatan County               ,18,18,5255994,0,0,0,0,0,0,0,0,0,18,18,5255994,0,0,0,0,0,0,0,0,0
202004,51,149,3,5,Prince George County          ,5,5,925000,0,0,0,0,0,0,0,0,0,5,5,925000,0,0,0,0,0,0,0,0,0
202004,51,153,3,5,Prince William County         ,93,93,16830522,0,0,0,0,0,0,2,20,2236536,0,0,0,0,0,0,0,0,0,0,0,0
202004,51,165,3,5,Rockingham County             ,18,18,5860400,0,0,0,0,0,0,0,0,0,18,18,5860400,0,0,0,0,0,0,0,0,0
202004,51,175,3,5,Southampton County            ,5,5,791860,0,0,0,0,0,0,0,0,0,0,0,0,0,0,0,0,0,0,0,0,0
202004,51,177,3,5,Spotsylvania County           ,53,53,13860336,0,0,0,0,0,0,2,45,5292441,0,0,0,0,0,0,0,0,0,0,0,0
202004,51,179,3,5,Stafford County               ,74,74,17251546,0,0,0,0,0,0,0,0,0,74,74,17251546,0,0,0,0,0,0,0,0,0
202004,51,181,3,5,Surry County                  ,3,3,525025,0,0,0,0,0,0,0,0,0,0,0,0,0,0,0,0,0,0,0,0,0
202004,51,183,3,5,Sussex County                 ,4,4,504608,0,0,0,0,0,0,0,0,0,4,4,504608,0,0,0,0,0,0,0,0,0
202004,51,187,3,5,Warren County                 ,11,11,2525000,0,0,0,0,0,0,0,0,0,11,11,2525000,0,0,0,0,0,0,0,0,0
202004,51,199,3,5,York County                   ,21,21,4942187,2,4,600000,0,0,0,0,0,0,21,21,4942187,2,4,600000,0,0,0,0,0,0
202004,51,510,3,5,Alexandria (Independent City) ,5,5,1002725,0,0,0,0,0,0,0,0,0,5,5,1002725,0,0,0,0,0,0,0,0,0
202004,51,540,3,5,Charlottesville (Independent C,0,0,0,0,0,0,0,0,0,0,0,0,0,0,0,0,0,0,0,0,0,0,0,0
202004,51,550,3,5,Chesapeake(Independent City)  ,118,118,31969944,0,0,0,0,0,0,0,0,0,118,118,31969944,0,0,0,0,0,0,0,0,0
202004,51,570,3,5,Colonial Heights (Independent ,0,0,0,0,0,0,0,0,0,0,0,0,0,0,0,0,0,0,0,0,0,0,0,0
202004,51,580,3,5,Covington (Independent City)  ,1,1,257000,0,0,0,0,0,0,0,0,0,1,1,257000,0,0,0,0,0,0,0,0,0
202004,51,600,3,5,Fairfax (Independent City)    ,1,1,319583,0,0,0,0,0,0,0,0,0,0,0,0,0,0,0,0,0,0,0,0,0
202004,51,610,3,5,Falls Church (Independent City,1,1,450000,0,0,0,0,0,0,0,0,0,1,1,450000,0,0,0,0,0,0,0,0,0
202004,51,630,3,5,Fredericksburg(Independent Cit,9,9,1638000,0,0,0,0,0,0,0,0,0,9,9,1638000,0,0,0,0,0,0,0,0,0
202004,51,650,3,5,Hampton (Independent City)    ,14,14,873403,0,0,0,0,0,0,0,0,0,0,0,0,0,0,0,0,0,0,0,0,0
202004,51,660,3,5,Harrisonburg (Independent City,0,0,0,0,0,0,0,0,0,1,12,1975000,0,0,0,0,0,0,0,0,0,1,12,1975000
202004,51,670,3,5,Hopewell (Independent City)   ,3,3,278680,0,0,0,0,0,0,1,5,430895,0,0,0,0,0,0,0,0,0,0,0,0
202004,51,680,3,5,Lynchburg (Independent City)  ,3,3,669439,0,0,0,0,0,0,1,17,1456592,0,0,0,0,0,0,0,0,0,0,0,0
202004,51,683,3,5,Manassas (Independent City)   ,8,8,1896712,0,0,0,0,0,0,0,0,0,0,0,0,0,0,0,0,0,0,0,0,0
202004,51,685,3,5,Manassas Park (Independent Cit,0,0,0,0,0,0,0,0,0,0,0,0,0,0,0,0,0,0,0,0,0,0,0,0
202004,51,700,3,5,Newport News (Independent City,14,14,1965840,0,0,0,0,0,0,0,0,0,14,14,1965840,0,0,0,0,0,0,0,0,0
202004,51,710,3,5,Norfolk (Independent City)    ,36,36,8392644,1,2,247016,0,0,0,1,258,30923209,36,36,8392644,1,2,247016,0,0,0,1,258,30923209
202004,51,730,3,5,Petersburg (Independent City) ,1,1,135022,0,0,0,0,0,0,0,0,0,0,0,0,0,0,0,0,0,0,0,0,0
202004,51,735,3,5,Poquoson (Independent City)   ,1,1,125000,0,0,0,0,0,0,0,0,0,1,1,125000,0,0,0,0,0,0,0,0,0
202004,51,740,3,5,Portsmouth (Independent City) ,9,9,953000,0,0,0,0,0,0,0,0,0,9,9,953000,0,0,0,0,0,0,0,0,0
202004,51,760,3,5,Richmond (Independent City)   ,19,19,3166008,0,0,0,0,0,0,0,0,0,19,19,3166008,0,0,0,0,0,0,0,0,0
202004,51,800,3,5,Suffolk (Independent City)    ,38,38,8858902,0,0,0,0,0,0,0,0,0,38,38,8858902,0,0,0,0,0,0,0,0,0
202004,51,810,3,5,Virginia Beach (Independent Ci,46,46,11276669,0,0,0,0,0,0,1,219,10066144,46,46,11276669,0,0,0,0,0,0,1,219,10066144
202004,51,830,3,5,Williamsburg (Independent City,4,4,600000,0,0,0,0,0,0,0,0,0,4,4,600000,0,0,0,0,0,0,0,0,0
202004,53,005,4,9,Benton County                 ,33,33,11516408,1,2,368284,0,0,0,0,0,0,33,33,11516408,1,2,368284,0,0,0,0,0,0
202004,53,011,4,9,Clark County                  ,139,139,41991787,0,0,0,0,0,0,0,0,0,30,30,8794762,0,0,0,0,0,0,0,0,0
202004,53,021,4,9,Franklin County               ,30,30,8000977,0,0,0,0,0,0,0,0,0,2,2,706809,0,0,0,0,0,0,0,0,0
202004,53,031,4,9,Jefferson County              ,10,10,2438701,0,0,0,0,0,0,0,0,0,1,1,199119,0,0,0,0,0,0,0,0,0
202004,53,033,4,9,King County                   ,181,181,69167615,21,42,9915957,21,73,15776610,11,796,117885605,105,105,37693360,19,38,8890337,21,73,15776610,7,675,104675022
202004,53,035,4,9,Kitsap County                 ,23,23,6577090,0,0,0,0,0,0,1,13,1096651,12,12,3893631,0,0,0,0,0,0,0,0,0
202004,53,053,4,9,Pierce County                 ,141,141,42522180,7,14,2457349,6,23,3657696,4,196,30164821,129,129,38928981,6,12,2091391,5,20,3193195,3,132,22188813
202004,53,055,4,9,San Juan County               ,6,6,1412072,0,0,0,0,0,0,0,0,0,0,0,0,0,0,0,0,0,0,0,0,0
202004,53,059,4,9,Skamania County               ,6,6,1260554,0,0,0,0,0,0,0,0,0,6,6,1260554,0,0,0,0,0,0,0,0,0
202004,53,061,4,9,Snohomish County              ,107,107,26090985,1,2,471065,0,0,0,2,47,5232118,91,91,21248944,0,0,0,0,0,0,0,0,0
202004,54,011,3,5,Cabell County                 ,8,8,1913212,0,0,0,0,0,0,0,0,0,7,7,1483000,0,0,0,0,0,0,0,0,0
202004,54,015,3,5,Clay County                   ,3,3,75000,0,0,0,0,0,0,0,0,0,0,0,0,0,0,0,0,0,0,0,0,0
202004,54,019,3,5,Fayette County                ,4,4,695217,0,0,0,0,0,0,0,0,0,1,1,284000,0,0,0,0,0,0,0,0,0
202004,54,037,3,5,Jefferson County              ,23,23,5371219,0,0,0,0,0,0,0,0,0,12,12,2084959,0,0,0,0,0,0,0,0,0
202004,54,081,3,5,Raleigh County                ,6,6,1235815,0,0,0,0,0,0,0,0,0,6,6,1235815,0,0,0,0,0,0,0,0,0
202004,55,025,2,3,Dane County                   ,79,79,29340708,1,2,420186,0,0,0,3,98,19951293,56,56,22770661,0,0,0,0,0,0,2,92,18400000
202004,55,031,2,3,Douglas County                ,4,4,1025488,1,2,450000,0,0,0,0,0,0,4,4,1025488,1,2,450000,0,0,0,0,0,0
202004,55,037,2,3,Florence County               ,1,1,48000,0,0,0,0,0,0,0,0,0,1,1,48000,0,0,0,0,0,0,0,0,0
202004,55,049,2,3,Iowa County                   ,4,4,1127192,3,6,650000,0,0,0,0,0,0,2,2,462000,3,6,650000,0,0,0,0,0,0
202004,55,059,2,3,Kenosha County                ,9,9,3077171,0,0,0,0,0,0,2,16,1130795,6,6,2207353,0,0,0,0,0,0,0,0,0
202004,55,079,2,3,Milwaukee County              ,12,12,4801890,0,0,0,0,0,0,1,5,569888,11,11,4360890,0,0,0,0,0,0,0,0,0
202004,55,089,2,3,Ozaukee County                ,16,16,5455540,0,0,0,0,0,0,2,22,1635938,7,7,1993050,0,0,0,0,0,0,1,16,1600000
202004,55,093,2,3,Pierce County                 ,18,18,3947000,0,0,0,0,0,0,1,50,6185831,18,18,3947000,0,0,0,0,0,0,1,50,6185831
202004,55,109,2,3,St. Croix County              ,50,50,12379744,2,4,862000,1,4,612000,0,0,0,39,39,9413599,2,4,862000,1,4,612000,0,0,0
202004,55,131,2,3,Washington County             ,24,24,8373374,2,4,545444,0,0,0,0,0,0,11,11,3728250,0,0,0,0,0,0,0,0,0
202004,56,029,4,8,Park County                   ,19,19,4946441,0,0,0,0,0,0,0,0,0,19,19,4946441,0,0,0,0,0,0,0,0,0
202004,56,039,4,8,Teton County                  ,12,12,18145380,1,2,623319,1,3,116499,0,0,0,10,10,17100000,0,0,0,0,0,0,0,0,0
