Survey,FIPS,FIPS,Region,Division,County,,1-unit,,,2-units,,,3-4 units,,,5+ units,,,1-unit rep,,,2-units rep,,,3-4 units rep,,, 5+units rep
Date,State,County,Code,Code,Name,Bldgs,Units,Value,Bldgs,Units,Value,Bldgs,Units,Value,Bldgs,Units,Value,Bldgs,Units,Value,Bldgs,Units,Value,Bldgs,Units,Value,Bldgs,Units,Value
 
202007,01,001,3,6,Autauga County                ,34,34,11314962,0,0,0,0,0,0,0,0,0,34,34,11314962,0,0,0,0,0,0,0,0,0
202007,01,007,3,6,Bibb County                   ,1,1,145000,0,0,0,0,0,0,0,0,0,1,1,145000,0,0,0,0,0,0,0,0,0
202007,01,009,3,6,Blount County                 ,2,2,350586,0,0,0,0,0,0,0,0,0,0,0,0,0,0,0,0,0,0,0,0,0
202007,01,021,3,6,Chilton County                ,2,2,150000,0,0,0,0,0,0,0,0,0,2,2,150000,0,0,0,0,0,0,0,0,0
202007,01,073,3,6,Jefferson County              ,165,165,46058801,1,2,247329,0,0,0,1,8,806718,115,115,34139913,0,0,0,0,0,0,0,0,0
202007,01,081,3,6,Lee County                    ,104,104,27658640,2,4,610960,0,0,0,22,275,41879039,70,70,19682000,2,4,610960,0,0,0,21,270,41342278
202007,01,083,3,6,Limestone County              ,71,71,15142923,1,2,162000,18,68,4353000,5,25,1800000,71,71,15142923,1,2,162000,18,68,4353000,5,25,1800000
202007,01,089,3,6,Madison County                ,331,331,54502656,0,0,0,0,0,0,0,0,0,197,197,27005055,0,0,0,0,0,0,0,0,0
202007,01,113,3,6,Russell County                ,4,4,857654,1,2,102254,0,0,0,0,0,0,4,4,857654,1,2,102254,0,0,0,0,0,0
202007,01,115,3,6,St. Clair County              ,36,36,5579286,0,0,0,0,0,0,0,0,0,23,23,3089229,0,0,0,0,0,0,0,0,0
202007,01,117,3,6,Shelby County                 ,152,152,37920746,0,0,0,0,0,0,0,0,0,98,98,22489228,0,0,0,0,0,0,0,0,0
202007,01,127,3,6,Walker County                 ,3,3,576927,0,0,0,0,0,0,0,0,0,3,3,576927,0,0,0,0,0,0,0,0,0
202007,02,013,4,9,Aleutians East Borough        ,0,0,0,0,0,0,0,0,0,0,0,0,0,0,0,0,0,0,0,0,0,0,0,0
202007,02,016,4,9,Aleutians West Census Area    ,0,0,0,0,0,0,0,0,0,0,0,0,0,0,0,0,0,0,0,0,0,0,0,0
202007,02,020,4,9,Anchorage Municipality        ,87,87,27253772,0,0,0,1,4,694844,1,13,2055242,0,0,0,0,0,0,0,0,0,0,0,0
202007,02,050,4,9,Bethel Census Area            ,1,1,296834,0,0,0,0,0,0,0,0,0,1,1,296834,0,0,0,0,0,0,0,0,0
202007,02,060,4,9,Bristol Bay Borough           ,0,0,0,0,0,0,0,0,0,0,0,0,0,0,0,0,0,0,0,0,0,0,0,0
202007,02,070,4,9,Dillingham Census Area        ,1,1,282835,0,0,0,0,0,0,0,0,0,0,0,0,0,0,0,0,0,0,0,0,0
202007,02,090,4,9,Fairbanks North Star Borough  ,0,0,0,0,0,0,0,0,0,0,0,0,0,0,0,0,0,0,0,0,0,0,0,0
202007,02,100,4,9,Haines Borough                ,0,0,0,0,0,0,0,0,0,0,0,0,0,0,0,0,0,0,0,0,0,0,0,0
202007,02,105,4,9,Hoonah-Angoon Census Area     ,3,3,890501,0,0,0,0,0,0,0,0,0,3,3,890501,0,0,0,0,0,0,0,0,0
202007,02,110,4,9,Juneau City and Borough       ,3,3,641286,0,0,0,0,0,0,0,0,0,3,3,641286,0,0,0,0,0,0,0,0,0
202007,02,122,4,9,Kenai Peninsula Borough       ,7,7,1460687,0,0,0,0,0,0,0,0,0,3,3,576000,0,0,0,0,0,0,0,0,0
202007,02,130,4,9,Ketchikan Gateway Borough     ,4,4,1187335,0,0,0,0,0,0,0,0,0,4,4,1187335,0,0,0,0,0,0,0,0,0
202007,02,150,4,9,Kodiak Island Borough         ,1,1,186159,0,0,0,0,0,0,0,0,0,1,1,186159,0,0,0,0,0,0,0,0,0
202007,02,170,4,9,Matanuska-Susitna Borough     ,1,1,296834,2,4,691450,0,0,0,0,0,0,1,1,296834,2,4,691450,0,0,0,0,0,0
202007,02,180,4,9,Nome Census Area              ,1,1,181950,0,0,0,0,0,0,0,0,0,0,0,0,0,0,0,0,0,0,0,0,0
202007,02,185,4,9,North Slope Borough           ,0,0,0,0,0,0,0,0,0,0,0,0,0,0,0,0,0,0,0,0,0,0,0,0
202007,02,188,4,9,Northwest Arctic Borough      ,0,0,0,0,0,0,0,0,0,0,0,0,0,0,0,0,0,0,0,0,0,0,0,0
202007,02,195,4,9,Petersburg Borough            ,1,1,193487,0,0,0,0,0,0,0,0,0,0,0,0,0,0,0,0,0,0,0,0,0
202007,02,198,4,9,Prince of Wales-Hyder Census A,0,0,0,0,0,0,0,0,0,0,0,0,0,0,0,0,0,0,0,0,0,0,0,0
202007,02,220,4,9,Sitka City and Borough        ,1,1,205113,0,0,0,0,0,0,0,0,0,0,0,0,0,0,0,0,0,0,0,0,0
202007,02,230,4,9,Skagway Municipality          ,0,0,0,1,2,219444,0,0,0,0,0,0,0,0,0,0,0,0,0,0,0,0,0,0
202007,02,261,4,9,Valdez-Cordova Census Area    ,1,1,300000,0,0,0,0,0,0,0,0,0,1,1,300000,0,0,0,0,0,0,0,0,0
202007,02,275,4,9,Wrangell City and Borough     ,0,0,0,0,0,0,0,0,0,0,0,0,0,0,0,0,0,0,0,0,0,0,0,0
202007,02,282,4,9,Yakutat City and Borough      ,0,0,0,0,0,0,0,0,0,0,0,0,0,0,0,0,0,0,0,0,0,0,0,0
202007,02,290,4,9,Yukon-Koyukuk Census Area     ,0,0,0,0,0,0,0,0,0,0,0,0,0,0,0,0,0,0,0,0,0,0,0,0
202007,04,013,4,8,Maricopa County               ,2434,2434,668033824,50,100,7708583,3,10,1954282,32,1539,160717308,2424,2424,665947711,49,98,7448903,3,10,1954282,31,1441,143663071
202007,04,019,4,8,Pima County                   ,447,447,135388471,2,4,307355,0,0,0,5,25,2967032,447,447,135388471,2,4,307355,0,0,0,5,25,2967032
202007,04,021,4,8,Pinal County                  ,569,569,119824309,1,2,147442,0,0,0,1,5,486111,445,445,90489363,1,2,147442,0,0,0,0,0,0
202007,05,013,3,7,Calhoun County                ,0,0,0,0,0,0,0,0,0,0,0,0,0,0,0,0,0,0,0,0,0,0,0,0
202007,05,035,3,7,Crittenden County             ,10,10,2324053,0,0,0,0,0,0,0,0,0,9,9,2091000,0,0,0,0,0,0,0,0,0
202007,05,043,3,7,Drew County                   ,0,0,0,0,0,0,0,0,0,0,0,0,0,0,0,0,0,0,0,0,0,0,0,0
202007,05,045,3,7,Faulkner County               ,43,43,8173150,1,2,151668,0,0,0,1,7,191506,20,20,2812000,0,0,0,0,0,0,0,0,0
202007,05,053,3,7,Grant County                  ,4,4,671724,0,0,0,0,0,0,0,0,0,0,0,0,0,0,0,0,0,0,0,0,0
202007,05,085,3,7,Lonoke County                 ,34,34,3798848,0,0,0,0,0,0,0,0,0,17,17,2335470,0,0,0,0,0,0,0,0,0
202007,05,087,3,7,Madison County                ,0,0,0,0,0,0,0,0,0,0,0,0,0,0,0,0,0,0,0,0,0,0,0,0
202007,05,091,3,7,Miller County                 ,1,1,249000,0,0,0,0,0,0,0,0,0,1,1,249000,0,0,0,0,0,0,0,0,0
202007,05,105,3,7,Perry County                  ,0,0,0,0,0,0,0,0,0,0,0,0,0,0,0,0,0,0,0,0,0,0,0,0
202007,05,119,3,7,Pulaski County                ,73,73,20021322,12,24,2900000,2,6,442750,0,0,0,73,73,20021322,12,24,2900000,2,6,442750,0,0,0
202007,05,129,3,7,Searcy County                 ,0,0,0,0,0,0,0,0,0,0,0,0,0,0,0,0,0,0,0,0,0,0,0,0
202007,05,143,3,7,Washington County             ,115,115,31972987,3,6,1503231,0,0,0,1,77,6087482,56,56,14763618,0,0,0,0,0,0,0,0,0
202007,06,001,4,9,Alameda County                ,85,85,27301444,1,2,794000,3,10,2787845,8,249,60159518,41,41,12854306,1,2,794000,2,7,1931134,6,226,54475036
202007,06,013,4,9,Contra Costa County           ,103,103,29821695,0,0,0,0,0,0,3,124,13434155,67,67,18627084,0,0,0,0,0,0,2,112,10790010
202007,06,017,4,9,El Dorado County              ,66,66,24500283,0,0,0,0,0,0,0,0,0,65,65,23953908,0,0,0,0,0,0,0,0,0
202007,06,019,4,9,Fresno County                 ,265,265,79085918,3,6,1040733,0,0,0,3,29,3638818,124,124,37334933,0,0,0,0,0,0,0,0,0
202007,06,037,4,9,Los Angeles County            ,533,533,148815046,64,128,25984094,3,9,1997562,24,1582,387558471,421,421,103469591,62,124,25065674,1,3,1070162,17,1515,376731876
202007,06,041,4,9,Marin County                  ,17,17,9156771,1,2,1531250,0,0,0,1,5,1074668,5,5,2868100,0,0,0,0,0,0,0,0,0
202007,06,059,4,9,Orange County                 ,282,282,91428723,3,6,1547772,9,29,8148081,10,146,27372482,230,230,65861751,1,2,214415,8,26,7486513,6,46,10750671
202007,06,061,4,9,Placer County                 ,262,262,100094583,2,4,941539,0,0,0,7,96,14711109,260,260,99710579,2,4,941539,0,0,0,7,96,14711109
202007,06,063,4,9,Plumas County                 ,7,7,1451217,0,0,0,0,0,0,0,0,0,7,7,1451217,0,0,0,0,0,0,0,0,0
202007,06,067,4,9,Sacramento County             ,292,292,77459561,1,2,331782,0,0,0,2,12,1894538,291,291,77227642,1,2,331782,0,0,0,2,12,1894538
202007,06,069,4,9,San Benito County             ,75,75,26008782,0,0,0,0,0,0,0,0,0,0,0,0,0,0,0,0,0,0,0,0,0
202007,06,071,4,9,San Bernardino County         ,462,462,119858074,5,10,1049572,0,0,0,9,63,8554019,425,425,109789955,5,10,1049572,0,0,0,7,53,7816109
202007,06,073,4,9,San Diego County              ,200,200,63096465,3,6,1051782,6,23,6889890,25,492,96299163,171,171,56687234,3,6,1051782,6,23,6889890,23,458,92760546
202007,06,075,4,9,San Francisco County          ,0,0,0,1,2,842000,0,0,0,3,204,68360250,0,0,0,1,2,842000,0,0,0,3,204,68360250
202007,06,081,4,9,San Mateo County              ,44,44,32417208,1,2,480300,0,0,0,2,20,4735042,25,25,23113928,0,0,0,0,0,0,0,0,0
202007,06,085,4,9,Santa Clara County            ,166,166,60682929,2,4,1292814,2,7,2028075,10,1697,125677996,91,91,31179247,1,2,700000,1,4,1283536,6,1622,110181529
202007,06,091,4,9,Sierra County                 ,1,1,80000,0,0,0,0,0,0,0,0,0,1,1,80000,0,0,0,0,0,0,0,0,0
202007,06,113,4,9,Yolo County                   ,46,46,14594438,1,2,482800,0,0,0,1,6,1539754,36,36,11508359,0,0,0,0,0,0,0,0,0
202007,08,001,4,8,Adams County                  ,532,532,90844416,0,0,0,1,4,664084,2,104,8021391,532,532,90844416,0,0,0,1,4,664084,2,104,8021391
202007,08,005,4,8,Arapahoe County               ,226,226,66100827,0,0,0,1,3,349052,1,5,767000,219,219,64868199,0,0,0,0,0,0,1,5,767000
202007,08,014,4,8,Broomfield County             ,23,23,10871326,1,2,510436,0,0,0,1,6,1199410,23,23,10871326,1,2,510436,0,0,0,1,6,1199410
202007,08,015,4,8,Chaffee County                ,15,15,3870113,0,0,0,1,3,549700,0,0,0,0,0,0,0,0,0,0,0,0,0,0,0
202007,08,019,4,8,Clear Creek County            ,2,2,570582,0,0,0,0,0,0,0,0,0,0,0,0,0,0,0,0,0,0,0,0,0
202007,08,031,4,8,Denver County                 ,91,91,25269181,0,0,0,0,0,0,1,27,3500000,91,91,25269181,0,0,0,0,0,0,1,27,3500000
202007,08,035,4,8,Douglas County                ,240,240,70847646,2,4,910967,1,4,620594,1,34,4835713,240,240,70847646,2,4,910967,1,4,620594,1,34,4835713
202007,08,039,4,8,Elbert County                 ,40,40,11412464,0,0,0,0,0,0,0,0,0,39,39,11270131,0,0,0,0,0,0,0,0,0
202007,08,041,4,8,El Paso County                ,399,399,145898482,0,0,0,0,0,0,1,54,9611330,399,399,145898482,0,0,0,0,0,0,1,54,9611330
202007,08,047,4,8,Gilpin County                 ,2,2,555367,0,0,0,0,0,0,0,0,0,2,2,555367,0,0,0,0,0,0,0,0,0
202007,08,059,4,8,Jefferson County              ,56,56,18637258,0,0,0,0,0,0,1,5,1040245,56,56,18637258,0,0,0,0,0,0,1,5,1040245
202007,08,069,4,8,Larimer County                ,164,164,49555560,2,4,913888,0,0,0,1,20,3416622,164,164,49555560,2,4,913888,0,0,0,1,20,3416622
202007,08,077,4,8,Mesa County                   ,79,79,12206652,1,2,281522,0,0,0,0,0,0,79,79,12206652,1,2,281522,0,0,0,0,0,0
202007,08,093,4,8,Park County                   ,20,20,5553666,0,0,0,0,0,0,0,0,0,20,20,5553666,0,0,0,0,0,0,0,0,0
202007,08,101,4,8,Pueblo County                 ,58,58,9691385,0,0,0,0,0,0,0,0,0,58,58,9691385,0,0,0,0,0,0,0,0,0
202007,08,119,4,8,Teller County                 ,12,12,3187176,0,0,0,0,0,0,0,0,0,2,2,398331,0,0,0,0,0,0,0,0,0
202007,09,001,1,1,Fairfield County              ,64,64,38275822,2,4,701562,0,0,0,7,125,18982462,37,37,19403443,1,2,550000,0,0,0,4,100,11578650
202007,09,003,1,1,Hartford County               ,49,49,11171462,0,0,0,1,4,526568,3,30,2372087,36,36,8506999,0,0,0,1,4,526568,1,20,1615000
202007,09,007,1,1,Middlesex County              ,13,13,3925632,0,0,0,0,0,0,0,0,0,9,9,3109040,0,0,0,0,0,0,0,0,0
202007,09,013,1,1,Tolland County                ,7,7,1603364,0,0,0,0,0,0,2,13,1351911,2,2,450000,0,0,0,0,0,0,0,0,0
202007,10,001,3,5,Kent County                   ,118,118,17605779,3,6,595612,0,0,0,11,132,22106422,116,116,17175346,3,6,595612,0,0,0,11,132,22106422
202007,10,003,3,5,New Castle County             ,146,146,15165742,0,0,0,0,0,0,1,5,417679,24,24,2173878,0,0,0,0,0,0,0,0,0
202007,10,005,3,5,Sussex County                 ,348,348,48916433,21,42,5025569,1,4,578400,4,22,4801833,348,348,48916433,21,42,5025569,1,4,578400,4,22,4801833
202007,11,001,3,5,Washington  DC                ,15,15,3496935,1,2,247016,1,4,523182,4,393,47103958,15,15,3496935,1,2,247016,1,4,523182,4,393,47103958
202007,12,003,3,5,Baker County                  ,18,18,3505241,0,0,0,0,0,0,0,0,0,18,18,3505241,0,0,0,0,0,0,0,0,0
202007,12,019,3,5,Clay County                   ,95,95,21748995,0,0,0,0,0,0,0,0,0,95,95,21748995,0,0,0,0,0,0,0,0,0
202007,12,029,3,5,Dixie County                  ,4,4,505294,0,0,0,0,0,0,0,0,0,0,0,0,0,0,0,0,0,0,0,0,0
202007,12,031,3,5,Duval County                  ,728,728,170688009,4,8,988064,22,88,11510004,0,0,0,719,719,167775054,4,8,988064,22,88,11510004,0,0,0
202007,12,033,3,5,Escambia County               ,160,160,37300640,0,0,0,0,0,0,0,0,0,160,160,37300640,0,0,0,0,0,0,0,0,0
202007,12,053,3,5,Hernando County               ,101,101,28497489,0,0,0,0,0,0,0,0,0,101,101,28497489,0,0,0,0,0,0,0,0,0
202007,12,057,3,5,Hillsborough County           ,809,809,241663458,0,0,0,0,0,0,1,180,43600000,809,809,241663458,0,0,0,0,0,0,1,180,43600000
202007,12,067,3,5,Lafayette County              ,0,0,0,0,0,0,0,0,0,0,0,0,0,0,0,0,0,0,0,0,0,0,0,0
202007,12,071,3,5,Lee County                    ,538,538,110136498,18,36,3639566,0,0,0,18,434,63318884,538,538,110136498,18,36,3639566,0,0,0,18,434,63318884
202007,12,073,3,5,Leon County                   ,72,72,14257195,1,2,221600,0,0,0,4,96,12334054,0,0,0,0,0,0,0,0,0,0,0,0
202007,12,081,3,5,Manatee County                ,278,278,59086828,0,0,0,1,4,479020,1,12,724640,278,278,59086828,0,0,0,1,4,479020,1,12,724640
202007,12,086,3,5,Miami-Dade County             ,220,220,70127154,14,28,14289522,2,7,554160,9,366,31561631,189,189,57088685,14,28,14289522,2,7,554160,7,353,30620306
202007,12,089,3,5,Nassau County                 ,108,108,30883542,0,0,0,2,8,482529,0,0,0,90,90,26863967,0,0,0,2,8,482529,0,0,0
202007,12,091,3,5,Okaloosa County               ,99,99,29906128,3,6,1053730,0,0,0,0,0,0,79,79,24561908,3,6,1053730,0,0,0,0,0,0
202007,12,095,3,5,Orange County                 ,562,562,193126600,10,20,3002794,1,4,342018,5,203,26676864,515,515,176577461,10,20,3002794,1,4,342018,5,203,26676864
202007,12,097,3,5,Osceola County                ,513,513,97074456,0,0,0,1,4,371000,2,60,4230872,513,513,97074456,0,0,0,1,4,371000,2,60,4230872
202007,12,101,3,5,Pasco County                  ,166,166,32869399,1,2,280000,0,0,0,1,5,431250,159,159,32037377,0,0,0,0,0,0,0,0,0
202007,12,103,3,5,Pinellas County               ,79,79,25041412,0,0,0,0,0,0,3,86,16670772,72,72,22508522,0,0,0,0,0,0,3,86,16670772
202007,12,109,3,5,St. Johns County              ,363,363,92731221,0,0,0,1,4,731654,0,0,0,363,363,92731221,0,0,0,1,4,731654,0,0,0
202007,12,113,3,5,Santa Rosa County             ,142,142,28152750,0,0,0,0,0,0,0,0,0,142,142,28152750,0,0,0,0,0,0,0,0,0
202007,12,115,3,5,Sarasota County               ,311,311,104296964,5,10,1028056,1,4,1232975,4,26,5240856,311,311,104296964,5,10,1028056,1,4,1232975,4,26,5240856
202007,12,117,3,5,Seminole County               ,115,115,31286619,3,6,892755,0,0,0,7,321,49473912,108,108,29794216,3,6,892755,0,0,0,4,282,45809414
202007,12,119,3,5,Sumter County                 ,221,221,57056012,0,0,0,0,0,0,1,6,1334000,221,221,57056012,0,0,0,0,0,0,1,6,1334000
202007,12,129,3,5,Wakulla County                ,44,44,8735057,0,0,0,0,0,0,0,0,0,44,44,8735057,0,0,0,0,0,0,0,0,0
202007,12,131,3,5,Walton County                 ,113,113,50343062,0,0,0,1,4,554998,2,16,2361528,113,113,50343062,0,0,0,1,4,554998,2,16,2361528
202007,12,133,3,5,Washington County             ,7,7,1034098,0,0,0,0,0,0,0,0,0,0,0,0,0,0,0,0,0,0,0,0,0
202007,13,007,3,5,Baker County                  ,0,0,0,0,0,0,0,0,0,0,0,0,0,0,0,0,0,0,0,0,0,0,0,0
202007,13,013,3,5,Barrow County                 ,83,83,12879152,0,0,0,4,16,1174164,1,57,4933904,78,78,12304325,0,0,0,4,16,1174164,1,57,4933904
202007,13,015,3,5,Bartow County                 ,58,58,10210549,0,0,0,0,0,0,0,0,0,58,58,10210549,0,0,0,0,0,0,0,0,0
202007,13,021,3,5,Bibb County                   ,14,14,2475331,0,0,0,0,0,0,0,0,0,0,0,0,0,0,0,0,0,0,0,0,0
202007,13,029,3,5,Bryan County                  ,75,75,20952798,0,0,0,0,0,0,0,0,0,75,75,20952798,0,0,0,0,0,0,0,0,0
202007,13,033,3,5,Burke County                  ,6,6,1134495,0,0,0,0,0,0,0,0,0,0,0,0,0,0,0,0,0,0,0,0,0
202007,13,035,3,5,Butts County                  ,16,16,5215700,0,0,0,0,0,0,0,0,0,16,16,5215700,0,0,0,0,0,0,0,0,0
202007,13,045,3,5,Carroll County                ,57,57,13436013,0,0,0,0,0,0,0,0,0,53,53,12802616,0,0,0,0,0,0,0,0,0
202007,13,051,3,5,Chatham County                ,79,79,15529340,0,0,0,1,4,640000,0,0,0,26,26,3571428,0,0,0,1,4,640000,0,0,0
202007,13,057,3,5,Cherokee County               ,169,169,49729444,0,0,0,0,0,0,0,0,0,169,169,49729444,0,0,0,0,0,0,0,0,0
202007,13,059,3,5,Clarke County                 ,30,30,6080715,0,0,0,0,0,0,0,0,0,30,30,6080715,0,0,0,0,0,0,0,0,0
202007,13,063,3,5,Clayton County                ,49,49,8378677,0,0,0,0,0,0,0,0,0,49,49,8378677,0,0,0,0,0,0,0,0,0
202007,13,067,3,5,Cobb County                   ,166,166,44065147,0,0,0,0,0,0,1,5,809605,159,159,42535019,0,0,0,0,0,0,1,5,809605
202007,13,073,3,5,Columbia County               ,114,114,21804052,0,0,0,3,10,707352,4,32,1456000,17,17,2952642,0,0,0,3,10,707352,4,32,1456000
202007,13,077,3,5,Coweta County                 ,106,106,36052577,0,0,0,0,0,0,0,0,0,100,100,34293986,0,0,0,0,0,0,0,0,0
202007,13,085,3,5,Dawson County                 ,25,25,5635347,0,0,0,0,0,0,0,0,0,25,25,5635347,0,0,0,0,0,0,0,0,0
202007,13,095,3,5,Dougherty County              ,2,2,410153,0,0,0,0,0,0,1,17,2537585,0,0,0,0,0,0,0,0,0,0,0,0
202007,13,097,3,5,Douglas County                ,53,53,6014343,0,0,0,0,0,0,0,0,0,53,53,6014343,0,0,0,0,0,0,0,0,0
202007,13,111,3,5,Fannin County                 ,36,36,7526729,0,0,0,0,0,0,0,0,0,36,36,7526729,0,0,0,0,0,0,0,0,0
202007,13,113,3,5,Fayette County                ,87,87,29149525,0,0,0,0,0,0,0,0,0,80,80,26461593,0,0,0,0,0,0,0,0,0
202007,13,115,3,5,Floyd County                  ,34,34,7480000,0,0,0,0,0,0,0,0,0,34,34,7480000,0,0,0,0,0,0,0,0,0
202007,13,117,3,5,Forsyth County                ,191,191,31198048,0,0,0,0,0,0,0,0,0,191,191,31198048,0,0,0,0,0,0,0,0,0
202007,13,121,3,5,Fulton County                 ,267,267,72171182,0,0,0,0,0,0,4,84,10068021,236,236,66336927,0,0,0,0,0,0,4,84,10068021
202007,13,127,3,5,Glynn County                  ,40,40,12876019,0,0,0,0,0,0,0,0,0,0,0,0,0,0,0,0,0,0,0,0,0
202007,13,135,3,5,Gwinnett County               ,374,374,89905217,0,0,0,0,0,0,4,52,7785815,343,343,79978330,0,0,0,0,0,0,2,10,1598437
202007,13,143,3,5,Haralson County               ,5,5,1191624,0,0,0,0,0,0,0,0,0,0,0,0,0,0,0,0,0,0,0,0,0
202007,13,145,3,5,Harris County                 ,21,21,4561440,0,0,0,0,0,0,0,0,0,21,21,4561440,0,0,0,0,0,0,0,0,0
202007,13,149,3,5,Heard County                  ,4,4,744387,0,0,0,0,0,0,0,0,0,4,4,744387,0,0,0,0,0,0,0,0,0
202007,13,151,3,5,Henry County                  ,137,137,29860763,0,0,0,0,0,0,0,0,0,89,89,22519987,0,0,0,0,0,0,0,0,0
202007,13,159,3,5,Jasper County                 ,19,19,4429451,0,0,0,0,0,0,0,0,0,19,19,4429451,0,0,0,0,0,0,0,0,0
202007,13,171,3,5,Lamar County                  ,8,8,1440000,0,0,0,0,0,0,0,0,0,8,8,1440000,0,0,0,0,0,0,0,0,0
202007,13,177,3,5,Lee County                    ,16,16,1888140,0,0,0,0,0,0,0,0,0,16,16,1888140,0,0,0,0,0,0,0,0,0
202007,13,179,3,5,Liberty County                ,62,62,11411312,0,0,0,0,0,0,0,0,0,62,62,11411312,0,0,0,0,0,0,0,0,0
202007,13,189,3,5,McDuffie County               ,4,4,802629,0,0,0,0,0,0,0,0,0,0,0,0,0,0,0,0,0,0,0,0,0
202007,13,199,3,5,Meriwether County             ,8,8,1594451,0,0,0,0,0,0,0,0,0,8,8,1594451,0,0,0,0,0,0,0,0,0
202007,13,201,3,5,Miller County                 ,0,0,0,0,0,0,0,0,0,0,0,0,0,0,0,0,0,0,0,0,0,0,0,0
202007,13,207,3,5,Monroe County                 ,16,16,4470000,0,0,0,0,0,0,0,0,0,16,16,4470000,0,0,0,0,0,0,0,0,0
202007,13,215,3,5,Muscogee County               ,31,31,5847743,0,0,0,0,0,0,1,30,4258286,0,0,0,0,0,0,0,0,0,0,0,0
202007,13,217,3,5,Newton County                 ,75,75,15431666,0,0,0,0,0,0,0,0,0,75,75,15431666,0,0,0,0,0,0,0,0,0
202007,13,227,3,5,Pickens County                ,16,16,6152783,0,0,0,0,0,0,1,5,599287,16,16,6152783,0,0,0,0,0,0,1,5,599287
202007,13,231,3,5,Pike County                   ,13,13,2475761,0,0,0,0,0,0,0,0,0,0,0,0,0,0,0,0,0,0,0,0,0
202007,13,235,3,5,Pulaski County                ,5,5,600000,0,0,0,0,0,0,0,0,0,5,5,600000,0,0,0,0,0,0,0,0,0
202007,13,245,3,5,Richmond County               ,39,39,6196505,0,0,0,0,0,0,1,6,344636,2,2,340000,0,0,0,0,0,0,0,0,0
202007,13,247,3,5,Rockdale County               ,40,40,11992594,0,0,0,0,0,0,0,0,0,40,40,11992594,0,0,0,0,0,0,0,0,0
202007,13,255,3,5,Spalding County               ,38,38,6951000,0,0,0,0,0,0,0,0,0,38,38,6951000,0,0,0,0,0,0,0,0,0
202007,13,275,3,5,Thomas County                 ,12,12,2021462,0,0,0,0,0,0,0,0,0,6,6,982778,0,0,0,0,0,0,0,0,0
202007,13,291,3,5,Union County                  ,24,24,7100992,0,0,0,0,0,0,0,0,0,24,24,7100992,0,0,0,0,0,0,0,0,0
202007,15,001,4,9,Hawaii County                 ,85,85,21795268,0,0,0,0,0,0,0,0,0,85,85,21795268,0,0,0,0,0,0,0,0,0
202007,15,003,4,9,Honolulu County               ,134,134,40436838,0,0,0,0,0,0,0,0,0,134,134,40436838,0,0,0,0,0,0,0,0,0
202007,15,007,4,9,Kauai County                  ,13,13,45948834,0,0,0,0,0,0,0,0,0,13,13,45948834,0,0,0,0,0,0,0,0,0
202007,15,009,4,9,Maui County                   ,27,27,11147305,1,2,325000,0,0,0,0,0,0,27,27,11147305,1,2,325000,0,0,0,0,0,0
202007,16,001,4,8,Ada County                    ,519,519,132609530,1,2,407337,0,0,0,12,100,16165922,515,515,132226372,1,2,407337,0,0,0,12,100,16165922
202007,16,015,4,8,Boise County                  ,8,8,2245596,0,0,0,0,0,0,0,0,0,8,8,2245596,0,0,0,0,0,0,0,0,0
202007,16,027,4,8,Canyon County                 ,168,168,27045945,0,0,0,0,0,0,0,0,0,149,149,22830239,0,0,0,0,0,0,0,0,0
202007,16,045,4,8,Gem County                    ,11,11,2463832,0,0,0,0,0,0,0,0,0,11,11,2463832,0,0,0,0,0,0,0,0,0
202007,16,073,4,8,Owyhee County                 ,3,3,601190,0,0,0,0,0,0,0,0,0,0,0,0,0,0,0,0,0,0,0,0,0
202007,17,005,2,3,Bond County                   ,2,2,376208,0,0,0,0,0,0,0,0,0,1,1,200000,0,0,0,0,0,0,0,0,0
202007,17,013,2,3,Calhoun County                ,0,0,0,0,0,0,0,0,0,0,0,0,0,0,0,0,0,0,0,0,0,0,0,0
202007,17,031,2,3,Cook County                   ,78,78,29358081,1,2,576334,20,66,11114184,16,520,46547194,50,50,19809990,1,2,576334,19,63,10664184,13,492,40515800
202007,17,037,2,3,DeKalb County                 ,11,11,2756395,0,0,0,0,0,0,0,0,0,11,11,2756395,0,0,0,0,0,0,0,0,0
202007,17,039,2,3,De Witt County                ,1,1,480000,0,0,0,0,0,0,0,0,0,1,1,480000,0,0,0,0,0,0,0,0,0
202007,17,043,2,3,DuPage County                 ,102,102,48863783,0,0,0,0,0,0,1,13,2252401,93,93,45145071,0,0,0,0,0,0,0,0,0
202007,17,063,2,3,Grundy County                 ,6,6,1591367,0,0,0,0,0,0,2,14,717948,4,4,1135318,0,0,0,0,0,0,0,0,0
202007,17,083,2,3,Jersey County                 ,8,8,1981552,0,0,0,0,0,0,0,0,0,2,2,336620,0,0,0,0,0,0,0,0,0
202007,17,093,2,3,Kendall County                ,57,57,9556007,0,0,0,0,0,0,0,0,0,46,46,7625048,0,0,0,0,0,0,0,0,0
202007,17,097,2,3,Lake County                   ,58,58,17983073,1,2,393914,0,0,0,1,5,1029110,31,31,10379018,0,0,0,0,0,0,0,0,0
202007,17,111,2,3,McHenry County                ,53,53,11803847,0,0,0,0,0,0,0,0,0,35,35,8009069,0,0,0,0,0,0,0,0,0
202007,17,119,2,3,Madison County                ,38,38,9534303,0,0,0,0,0,0,0,0,0,31,31,7973233,0,0,0,0,0,0,0,0,0
202007,17,133,2,3,Monroe County                 ,15,15,4169959,1,2,300708,0,0,0,1,8,755512,12,12,3336818,1,2,300708,0,0,0,0,0,0
202007,17,197,2,3,Will County                   ,124,124,32642195,4,8,806462,7,28,3750779,3,18,2360570,116,116,30918719,4,8,806462,7,28,3750779,3,18,2360570
202007,18,003,2,3,Allen County                  ,178,178,49562214,1,2,135000,0,0,0,0,0,0,178,178,49562214,1,2,135000,0,0,0,0,0,0
202007,18,011,2,3,Boone County                  ,85,85,32355242,0,0,0,0,0,0,0,0,0,85,85,32355242,0,0,0,0,0,0,0,0,0
202007,18,013,2,3,Brown County                  ,8,8,2227515,0,0,0,0,0,0,0,0,0,8,8,2227515,0,0,0,0,0,0,0,0,0
202007,18,019,2,3,Clark County                  ,82,82,19052483,0,0,0,0,0,0,0,0,0,78,78,17785419,0,0,0,0,0,0,0,0,0
202007,18,047,2,3,Franklin County               ,8,8,1847000,0,0,0,0,0,0,0,0,0,8,8,1847000,0,0,0,0,0,0,0,0,0
202007,18,057,2,3,Hamilton County               ,231,231,75423748,3,6,1000000,1,4,800000,2,95,12581239,185,185,54912805,3,6,1000000,1,4,800000,1,83,10650000
202007,18,059,2,3,Hancock County                ,35,35,9618095,0,0,0,0,0,0,0,0,0,35,35,9618095,0,0,0,0,0,0,0,0,0
202007,18,061,2,3,Harrison County               ,14,14,3900000,0,0,0,0,0,0,0,0,0,14,14,3900000,0,0,0,0,0,0,0,0,0
202007,18,063,2,3,Hendricks County              ,112,112,29095300,0,0,0,1,4,785000,0,0,0,81,81,20837025,0,0,0,1,4,785000,0,0,0
202007,18,069,2,3,Huntington County             ,7,7,2166088,0,0,0,0,0,0,0,0,0,7,7,2166088,0,0,0,0,0,0,0,0,0
202007,18,073,2,3,Jasper County                 ,8,8,1995636,0,0,0,0,0,0,0,0,0,8,8,1995636,0,0,0,0,0,0,0,0,0
202007,18,081,2,3,Johnson County                ,101,101,29900818,1,2,447000,0,0,0,0,0,0,101,101,29900818,1,2,447000,0,0,0,0,0,0
202007,18,087,2,3,Lagrange County               ,22,22,4271571,0,0,0,0,0,0,0,0,0,0,0,0,0,0,0,0,0,0,0,0,0
202007,18,089,2,3,Lake County                   ,129,129,34104694,5,10,1845071,0,0,0,0,0,0,126,126,33361142,5,10,1845071,0,0,0,0,0,0
202007,18,097,2,3,Marion County                 ,66,66,18154683,0,0,0,1,3,585000,8,272,27319233,66,66,18154683,0,0,0,1,3,585000,7,267,27215900
202007,18,105,2,3,Monroe County                 ,25,25,6656117,1,2,283485,0,0,0,1,55,6385389,0,0,0,0,0,0,0,0,0,0,0,0
202007,18,109,2,3,Morgan County                 ,26,26,6008011,1,2,391400,0,0,0,0,0,0,13,13,2964485,1,2,391400,0,0,0,0,0,0
202007,18,111,2,3,Newton County                 ,4,4,1220000,0,0,0,0,0,0,0,0,0,4,4,1220000,0,0,0,0,0,0,0,0,0
202007,18,115,2,3,Ohio County                   ,1,1,300000,0,0,0,0,0,0,0,0,0,1,1,300000,0,0,0,0,0,0,0,0,0
202007,18,119,2,3,Owen County                   ,3,3,802421,0,0,0,0,0,0,0,0,0,0,0,0,0,0,0,0,0,0,0,0,0
202007,18,127,2,3,Porter County                 ,57,57,15088049,1,2,435344,0,0,0,0,0,0,43,43,13076452,1,2,435344,0,0,0,0,0,0
202007,18,133,2,3,Putnam County                 ,16,16,4283840,0,0,0,0,0,0,0,0,0,15,15,3906173,0,0,0,0,0,0,0,0,0
202007,18,145,2,3,Shelby County                 ,9,9,1831164,0,0,0,0,0,0,0,0,0,5,5,1176000,0,0,0,0,0,0,0,0,0
202007,18,151,2,3,Steuben County                ,20,20,5356971,0,0,0,0,0,0,0,0,0,20,20,5356971,0,0,0,0,0,0,0,0,0
202007,18,157,2,3,Tippecanoe County             ,41,41,10887033,0,0,0,0,0,0,9,154,17240346,36,36,10210061,0,0,0,0,0,0,6,117,14617887
202007,18,163,2,3,Vanderburgh County            ,53,53,10921435,1,2,246806,0,0,0,4,50,6271773,38,38,8050340,0,0,0,0,0,0,4,50,6271773
202007,18,167,2,3,Vigo County                   ,3,3,501809,1,2,208125,0,0,0,0,0,0,2,2,280000,0,0,0,0,0,0,0,0,0
202007,18,175,2,3,Washington County             ,9,9,1373527,0,0,0,0,0,0,0,0,0,8,8,1114823,0,0,0,0,0,0,0,0,0
202007,18,183,2,3,Whitley County                ,12,12,4549442,0,0,0,0,0,0,0,0,0,12,12,4549442,0,0,0,0,0,0,0,0,0
202007,19,049,2,4,Dallas County                 ,93,93,26516767,0,0,0,0,0,0,1,5,460526,86,86,24817101,0,0,0,0,0,0,0,0,0
202007,19,085,2,4,Harrison County               ,3,3,724364,0,0,0,0,0,0,0,0,0,2,2,500000,0,0,0,0,0,0,0,0,0
202007,19,129,2,4,Mills County                  ,1,1,266667,0,0,0,0,0,0,0,0,0,0,0,0,0,0,0,0,0,0,0,0,0
202007,19,153,2,4,Polk County                   ,427,427,97701129,0,0,0,0,0,0,4,125,14848290,417,417,94580837,0,0,0,0,0,0,3,108,13082179
202007,19,181,2,4,Warren County                 ,53,53,12641268,0,0,0,0,0,0,0,0,0,51,51,12083196,0,0,0,0,0,0,0,0,0
202007,20,061,2,4,Geary County                  ,1,1,260128,0,0,0,0,0,0,0,0,0,0,0,0,0,0,0,0,0,0,0,0,0
202007,20,091,2,4,Johnson County                ,184,184,72716393,1,2,612000,0,0,0,11,443,61126585,138,138,55358876,1,2,612000,0,0,0,9,346,44558173
202007,20,103,2,4,Leavenworth County            ,53,53,10994947,0,0,0,0,0,0,0,0,0,52,52,10723551,0,0,0,0,0,0,0,0,0
202007,20,107,2,4,Linn County                   ,5,5,440000,0,0,0,0,0,0,0,0,0,5,5,440000,0,0,0,0,0,0,0,0,0
202007,20,121,2,4,Miami County                  ,8,8,2449984,0,0,0,0,0,0,0,0,0,2,2,250000,0,0,0,0,0,0,0,0,0
202007,20,209,2,4,Wyandotte County              ,19,19,3545844,1,2,193738,0,0,0,0,0,0,0,0,0,0,0,0,0,0,0,0,0,0
202007,21,005,3,6,Anderson County               ,12,12,2295170,0,0,0,0,0,0,0,0,0,12,12,2295170,0,0,0,0,0,0,0,0,0
202007,21,015,3,6,Boone County                  ,52,52,9647815,0,0,0,0,0,0,0,0,0,52,52,9647815,0,0,0,0,0,0,0,0,0
202007,21,017,3,6,Bourbon County                ,5,5,1314886,0,0,0,0,0,0,0,0,0,0,0,0,0,0,0,0,0,0,0,0,0
202007,21,021,3,6,Boyle County                  ,2,2,376616,2,4,365852,0,0,0,0,0,0,0,0,0,0,0,0,0,0,0,0,0,0
202007,21,029,3,6,Bullitt County                ,51,51,14295497,1,2,320000,0,0,0,0,0,0,51,51,14295497,1,2,320000,0,0,0,0,0,0
202007,21,035,3,6,Calloway County               ,1,1,180000,0,0,0,0,0,0,0,0,0,1,1,180000,0,0,0,0,0,0,0,0,0
202007,21,037,3,6,Campbell County               ,20,20,6532406,0,0,0,0,0,0,1,5,1021944,2,2,1226180,0,0,0,0,0,0,0,0,0
202007,21,045,3,6,Casey County                  ,0,0,0,0,0,0,0,0,0,0,0,0,0,0,0,0,0,0,0,0,0,0,0,0
202007,21,047,3,6,Christian County              ,4,4,298600,0,0,0,0,0,0,0,0,0,1,1,85000,0,0,0,0,0,0,0,0,0
202007,21,049,3,6,Clark County                  ,5,5,1165868,0,0,0,0,0,0,1,5,346250,0,0,0,0,0,0,0,0,0,0,0,0
202007,21,059,3,6,Daviess County                ,23,23,2194237,0,0,0,0,0,0,0,0,0,23,23,2194237,0,0,0,0,0,0,0,0,0
202007,21,067,3,6,Fayette County                ,62,62,13960612,0,0,0,0,0,0,1,58,6309621,0,0,0,0,0,0,0,0,0,0,0,0
202007,21,069,3,6,Fleming County                ,0,0,0,0,0,0,0,0,0,0,0,0,0,0,0,0,0,0,0,0,0,0,0,0
202007,21,077,3,6,Gallatin County               ,2,2,412275,0,0,0,0,0,0,0,0,0,0,0,0,0,0,0,0,0,0,0,0,0
202007,21,081,3,6,Grant County                  ,7,7,1247000,0,0,0,0,0,0,0,0,0,7,7,1247000,0,0,0,0,0,0,0,0,0
202007,21,091,3,6,Hancock County                ,1,1,204898,0,0,0,0,0,0,0,0,0,0,0,0,0,0,0,0,0,0,0,0,0
202007,21,099,3,6,Hart County                   ,1,1,87321,0,0,0,0,0,0,1,5,567738,0,0,0,0,0,0,0,0,0,0,0,0
202007,21,101,3,6,Henderson County              ,5,5,703800,0,0,0,0,0,0,0,0,0,5,5,703800,0,0,0,0,0,0,0,0,0
202007,21,103,3,6,Henry County                  ,3,3,627136,0,0,0,0,0,0,0,0,0,0,0,0,0,0,0,0,0,0,0,0,0
202007,21,111,3,6,Jefferson County              ,85,85,19459301,0,0,0,0,0,0,0,0,0,85,85,19459301,0,0,0,0,0,0,0,0,0
202007,21,113,3,6,Jessamine County              ,21,21,9444234,0,0,0,1,4,568000,0,0,0,10,10,7784000,0,0,0,0,0,0,0,0,0
202007,21,115,3,6,Johnson County                ,0,0,0,0,0,0,0,0,0,0,0,0,0,0,0,0,0,0,0,0,0,0,0,0
202007,21,117,3,6,Kenton County                 ,34,34,10263033,0,0,0,0,0,0,0,0,0,34,34,10263033,0,0,0,0,0,0,0,0,0
202007,21,121,3,6,Knox County                   ,0,0,0,0,0,0,0,0,0,0,0,0,0,0,0,0,0,0,0,0,0,0,0,0
202007,21,123,3,6,Larue County                  ,5,5,1165645,0,0,0,0,0,0,0,0,0,5,5,1165645,0,0,0,0,0,0,0,0,0
202007,21,137,3,6,Lincoln County                ,5,5,444898,0,0,0,0,0,0,0,0,0,0,0,0,0,0,0,0,0,0,0,0,0
202007,21,145,3,6,McCracken County              ,20,20,4428851,0,0,0,1,4,412000,0,0,0,10,10,2159016,0,0,0,1,4,412000,0,0,0
202007,21,151,3,6,Madison County                ,22,22,2137214,1,2,112996,0,0,0,1,5,168572,8,8,910000,0,0,0,0,0,0,0,0,0
202007,21,157,3,6,Marshall County               ,11,11,2888824,0,0,0,0,0,0,0,0,0,11,11,2888824,0,0,0,0,0,0,0,0,0
202007,21,161,3,6,Mason County                  ,4,4,946000,0,0,0,0,0,0,0,0,0,4,4,946000,0,0,0,0,0,0,0,0,0
202007,21,163,3,6,Meade County                  ,14,14,2760457,0,0,0,0,0,0,0,0,0,14,14,2760457,0,0,0,0,0,0,0,0,0
202007,21,167,3,6,Mercer County                 ,2,2,355000,0,0,0,1,4,150000,0,0,0,2,2,355000,0,0,0,1,4,150000,0,0,0
202007,21,175,3,6,Morgan County                 ,0,0,0,0,0,0,0,0,0,0,0,0,0,0,0,0,0,0,0,0,0,0,0,0
202007,21,179,3,6,Nelson County                 ,21,21,3598030,0,0,0,0,0,0,0,0,0,21,21,3598030,0,0,0,0,0,0,0,0,0
202007,21,185,3,6,Oldham County                 ,23,23,8417431,0,0,0,0,0,0,1,5,246094,0,0,0,0,0,0,0,0,0,0,0,0
202007,21,191,3,6,Pendleton County              ,0,0,0,0,0,0,0,0,0,0,0,0,0,0,0,0,0,0,0,0,0,0,0,0
202007,21,209,3,6,Scott County                  ,41,41,6814574,0,0,0,0,0,0,0,0,0,41,41,6814574,0,0,0,0,0,0,0,0,0
202007,21,211,3,6,Shelby County                 ,24,24,7277573,1,2,200000,0,0,0,0,0,0,24,24,7277573,1,2,200000,0,0,0,0,0,0
202007,21,213,3,6,Simpson County                ,3,3,744303,0,0,0,0,0,0,0,0,0,3,3,744303,0,0,0,0,0,0,0,0,0
202007,21,215,3,6,Spencer County                ,16,16,3539777,0,0,0,0,0,0,0,0,0,16,16,3539777,0,0,0,0,0,0,0,0,0
202007,21,221,3,6,Trigg County                  ,0,0,0,0,0,0,0,0,0,0,0,0,0,0,0,0,0,0,0,0,0,0,0,0
202007,21,239,3,6,Woodford County               ,9,9,1770275,0,0,0,0,0,0,0,0,0,9,9,1770275,0,0,0,0,0,0,0,0,0
202007,22,005,3,7,Ascension Parish              ,100,100,16247176,0,0,0,0,0,0,0,0,0,21,21,4438700,0,0,0,0,0,0,0,0,0
202007,22,015,3,7,Bossier Parish                ,66,66,10786598,0,0,0,0,0,0,0,0,0,29,29,4672125,0,0,0,0,0,0,0,0,0
202007,22,017,3,7,Caddo Parish                  ,13,13,3495710,0,0,0,0,0,0,0,0,0,13,13,3495710,0,0,0,0,0,0,0,0,0
202007,22,031,3,7,De Soto Parish                ,10,10,2350220,0,0,0,0,0,0,0,0,0,5,5,1164500,0,0,0,0,0,0,0,0,0
202007,22,033,3,7,East Baton Rouge Parish       ,120,120,35127825,0,0,0,0,0,0,0,0,0,120,120,35127825,0,0,0,0,0,0,0,0,0
202007,22,037,3,7,East Feliciana Parish         ,6,6,1254455,0,0,0,0,0,0,0,0,0,6,6,1254455,0,0,0,0,0,0,0,0,0
202007,22,047,3,7,Iberville Parish              ,7,7,1601495,0,0,0,0,0,0,0,0,0,0,0,0,0,0,0,0,0,0,0,0,0
202007,22,051,3,7,Jefferson Parish              ,36,36,7737620,0,0,0,0,0,0,0,0,0,33,33,7260869,0,0,0,0,0,0,0,0,0
202007,22,055,3,7,Lafayette Parish              ,185,185,37675519,0,0,0,0,0,0,0,0,0,101,101,17695798,0,0,0,0,0,0,0,0,0
202007,22,063,3,7,Livingston Parish             ,98,98,19647537,0,0,0,0,0,0,0,0,0,2,2,190852,0,0,0,0,0,0,0,0,0
202007,22,071,3,7,Orleans Parish                ,60,60,13152595,12,24,2580388,0,0,0,1,39,7257578,0,0,0,0,0,0,0,0,0,0,0,0
202007,22,075,3,7,Plaquemines Parish            ,7,7,2432922,0,0,0,0,0,0,0,0,0,7,7,2432922,0,0,0,0,0,0,0,0,0
202007,22,077,3,7,Pointe Coupee Parish          ,6,6,2106200,0,0,0,0,0,0,0,0,0,6,6,2106200,0,0,0,0,0,0,0,0,0
202007,22,087,3,7,St. Bernard Parish            ,41,41,7884455,0,0,0,0,0,0,0,0,0,41,41,7884455,0,0,0,0,0,0,0,0,0
202007,22,089,3,7,St. Charles Parish            ,20,20,5163096,0,0,0,0,0,0,0,0,0,20,20,5163096,0,0,0,0,0,0,0,0,0
202007,22,091,3,7,St. Helena Parish             ,4,4,712488,0,0,0,0,0,0,0,0,0,0,0,0,0,0,0,0,0,0,0,0,0
202007,22,095,3,7,St. John the Baptist Parish   ,10,10,1674326,0,0,0,0,0,0,0,0,0,10,10,1674326,0,0,0,0,0,0,0,0,0
202007,22,099,3,7,St. Martin Parish             ,19,19,3541991,0,0,0,0,0,0,0,0,0,2,2,453145,0,0,0,0,0,0,0,0,0
202007,22,103,3,7,St. Tammany Parish            ,139,139,33060684,0,0,0,0,0,0,0,0,0,135,135,31491086,0,0,0,0,0,0,0,0,0
202007,22,109,3,7,Terrebonne Parish             ,14,14,3817922,0,0,0,0,0,0,0,0,0,0,0,0,0,0,0,0,0,0,0,0,0
202007,22,121,3,7,West Baton Rouge Parish       ,21,21,3498486,0,0,0,0,0,0,0,0,0,11,11,1751490,0,0,0,0,0,0,0,0,0
202007,22,125,3,7,West Feliciana Parish         ,3,3,841408,0,0,0,0,0,0,0,0,0,3,3,841408,0,0,0,0,0,0,0,0,0
202007,23,000,1,1,Maine Unorganized Territory   ,10,10,1328002,0,0,0,0,0,0,0,0,0,0,0,0,0,0,0,0,0,0,0,0,0
202007,24,003,3,5,Anne Arundel County           ,197,197,34549882,0,0,0,0,0,0,1,16,4036292,193,193,33625789,0,0,0,0,0,0,0,0,0
202007,24,005,3,5,Baltimore County              ,81,81,17798000,0,0,0,1,4,761682,4,22,3046730,81,81,17798000,0,0,0,1,4,761682,4,22,3046730
202007,24,009,3,5,Calvert County                ,15,15,3496935,0,0,0,0,0,0,0,0,0,15,15,3496935,0,0,0,0,0,0,0,0,0
202007,24,013,3,5,Carroll County                ,51,51,10054692,0,0,0,0,0,0,1,35,1330559,51,51,10054692,0,0,0,0,0,0,1,35,1330559
202007,24,015,3,5,Cecil County                  ,11,11,2970440,0,0,0,0,0,0,0,0,0,11,11,2970440,0,0,0,0,0,0,0,0,0
202007,24,017,3,5,Charles County                ,71,71,19678000,0,0,0,0,0,0,0,0,0,71,71,19678000,0,0,0,0,0,0,0,0,0
202007,24,021,3,5,Frederick County              ,157,157,43865323,0,0,0,1,4,800000,2,40,6912157,157,157,43865323,0,0,0,1,4,800000,2,40,6912157
202007,24,023,3,5,Garrett County                ,10,10,4607555,0,0,0,0,0,0,0,0,0,10,10,4607555,0,0,0,0,0,0,0,0,0
202007,24,025,3,5,Harford County                ,83,83,25890425,0,0,0,0,0,0,0,0,0,83,83,25890425,0,0,0,0,0,0,0,0,0
202007,24,027,3,5,Howard County                 ,51,51,12473538,0,0,0,0,0,0,0,0,0,51,51,12473538,0,0,0,0,0,0,0,0,0
202007,24,031,3,5,Montgomery County             ,52,52,11397073,0,0,0,0,0,0,1,5,640625,52,52,11397073,0,0,0,0,0,0,0,0,0
202007,24,033,3,5,Prince George County          ,190,190,44544935,0,0,0,1,3,859014,0,0,0,186,186,43361994,0,0,0,0,0,0,0,0,0
202007,24,035,3,5,Queen Anne County             ,22,22,5128838,0,0,0,0,0,0,0,0,0,22,22,5128838,0,0,0,0,0,0,0,0,0
202007,24,037,3,5,St. Marys County              ,63,63,13857012,0,0,0,0,0,0,1,5,895837,4,4,1538000,0,0,0,0,0,0,0,0,0
202007,24,039,3,5,Somerset County               ,3,3,562107,0,0,0,0,0,0,0,0,0,0,0,0,0,0,0,0,0,0,0,0,0
202007,24,045,3,5,Wicomico County               ,11,11,1825957,0,0,0,2,6,527838,2,10,1000000,4,4,493000,0,0,0,2,6,527838,2,10,1000000
202007,24,510,3,5,Baltimore (Independent City)  ,2,2,145000,0,0,0,0,0,0,1,30,6700000,2,2,145000,0,0,0,0,0,0,1,30,6700000
202007,25,005,1,1,Bristol County                ,58,58,13123844,2,4,530000,0,0,0,0,0,0,34,34,8957922,2,4,530000,0,0,0,0,0,0
202007,25,009,1,1,Essex County                  ,61,61,23344587,2,4,744686,1,4,350000,3,16,2180126,45,45,17709353,0,0,0,1,4,350000,0,0,0
202007,25,017,1,1,Middlesex County              ,120,120,36778164,4,8,2245320,2,7,1553739,38,283,28392300,61,61,18036724,0,0,0,0,0,0,0,0,0
202007,25,021,1,1,Norfolk County                ,65,65,27090193,6,12,1922000,1,3,394376,5,35,3410299,33,33,17691561,6,12,1922000,0,0,0,0,0,0
202007,25,023,1,1,Plymouth County               ,117,117,29638165,2,4,660000,0,0,0,2,10,1264167,47,47,13736677,2,4,660000,0,0,0,0,0,0
202007,25,025,1,1,Suffolk County                ,3,3,693114,1,2,500000,6,22,6254100,13,424,113136443,2,2,517120,1,2,500000,6,22,6254100,11,414,111111232
202007,26,000,2,3,Michigan Balance of State     ,8,8,1502047,0,0,0,0,0,0,0,0,0,0,0,0,0,0,0,0,0,0,0,0,0
202007,26,019,2,3,Benzie County                 ,9,9,2136646,0,0,0,0,0,0,0,0,0,0,0,0,0,0,0,0,0,0,0,0,0
202007,26,029,2,3,Charlevoix County             ,14,14,3375245,0,0,0,0,0,0,0,0,0,0,0,0,0,0,0,0,0,0,0,0,0
202007,26,089,2,3,Leelanau County               ,16,16,3665365,0,0,0,0,0,0,0,0,0,16,16,3665365,0,0,0,0,0,0,0,0,0
202007,26,093,2,3,Livingston County             ,50,50,13246755,0,0,0,0,0,0,0,0,0,50,50,13246755,0,0,0,0,0,0,0,0,0
202007,26,095,2,3,Luce County                   ,1,1,238400,0,0,0,0,0,0,0,0,0,0,0,0,0,0,0,0,0,0,0,0,0
202007,26,099,2,3,Macomb County                 ,157,157,52010457,2,4,1138831,0,0,0,0,0,0,154,154,51311460,2,4,1138831,0,0,0,0,0,0
202007,26,103,2,3,Marquette County              ,10,10,2663000,1,2,250000,0,0,0,0,0,0,10,10,2663000,1,2,250000,0,0,0,0,0,0
202007,26,137,2,3,Otsego County                 ,2,2,162000,0,0,0,0,0,0,0,0,0,0,0,0,0,0,0,0,0,0,0,0,0
202007,26,147,2,3,St. Clair County              ,20,20,5030179,0,0,0,0,0,0,0,0,0,15,15,4065915,0,0,0,0,0,0,0,0,0
202007,26,163,2,3,Wayne County                  ,88,88,24788523,1,2,400000,0,0,0,6,44,10120365,73,73,21966147,1,2,400000,0,0,0,2,17,5066878
202007,27,003,2,4,Anoka County                  ,101,101,29158296,0,0,0,0,0,0,1,17,1707253,62,62,18381843,0,0,0,0,0,0,0,0,0
202007,27,019,2,4,Carver County                 ,36,36,9848399,0,0,0,0,0,0,0,0,0,34,34,9318057,0,0,0,0,0,0,0,0,0
202007,27,025,2,4,Chisago County                ,17,17,3084543,0,0,0,0,0,0,0,0,0,12,12,2232012,0,0,0,0,0,0,0,0,0
202007,27,027,2,4,Clay County                   ,42,42,9360909,0,0,0,2,8,1472000,0,0,0,42,42,9360909,0,0,0,2,8,1472000,0,0,0
202007,27,037,2,4,Dakota County                 ,102,102,29706340,0,0,0,0,0,0,0,0,0,99,99,28909508,0,0,0,0,0,0,0,0,0
202007,27,053,2,4,Hennepin County               ,212,212,74016288,0,0,0,3,10,2130920,5,574,72910881,168,168,59166679,0,0,0,3,10,2130920,5,574,72910881
202007,27,059,2,4,Isanti County                 ,41,41,8823347,0,0,0,0,0,0,0,0,0,41,41,8823347,0,0,0,0,0,0,0,0,0
202007,27,123,2,4,Ramsey County                 ,15,15,3673580,0,0,0,1,4,778956,4,301,66402380,12,12,2798990,0,0,0,1,4,778956,3,295,65765970
202007,27,139,2,4,Scott County                  ,66,66,22594042,0,0,0,0,0,0,0,0,0,44,44,16350497,0,0,0,0,0,0,0,0,0
202007,27,141,2,4,Sherburne County              ,36,36,8021485,5,10,1761656,0,0,0,0,0,0,35,35,7879540,5,10,1761656,0,0,0,0,0,0
202007,27,163,2,4,Washington County             ,120,120,38702404,3,6,902123,0,0,0,1,22,1816173,81,81,27670024,3,6,902123,0,0,0,0,0,0
202007,27,171,2,4,Wright County                 ,150,150,42677812,0,0,0,0,0,0,2,75,19307626,147,147,42008448,0,0,0,0,0,0,1,70,18793000
202007,28,033,3,6,DeSoto County                 ,195,195,37206069,0,0,0,0,0,0,0,0,0,167,167,32764600,0,0,0,0,0,0,0,0,0
202007,28,041,3,6,Greene County                 ,0,0,0,0,0,0,0,0,0,0,0,0,0,0,0,0,0,0,0,0,0,0,0,0
202007,28,045,3,6,Hancock County                ,58,58,9759771,1,2,185179,1,3,301084,1,8,677302,22,22,4297896,0,0,0,0,0,0,0,0,0
202007,28,047,3,6,Harrison County               ,170,170,35181984,0,0,0,0,0,0,0,0,0,155,155,33477969,0,0,0,0,0,0,0,0,0
202007,28,067,3,6,Jones County                  ,0,0,0,0,0,0,0,0,0,0,0,0,0,0,0,0,0,0,0,0,0,0,0,0
202007,28,129,3,6,Smith County                  ,0,0,0,0,0,0,0,0,0,0,0,0,0,0,0,0,0,0,0,0,0,0,0,0
202007,28,137,3,6,Tate County                   ,18,18,2954000,0,0,0,0,0,0,0,0,0,18,18,2954000,0,0,0,0,0,0,0,0,0
202007,28,143,3,6,Tunica County                 ,7,7,1561689,0,0,0,0,0,0,0,0,0,0,0,0,0,0,0,0,0,0,0,0,0
202007,28,145,3,6,Union County                  ,0,0,0,0,0,0,0,0,0,0,0,0,0,0,0,0,0,0,0,0,0,0,0,0
202007,28,149,3,6,Warren County                 ,2,2,445465,0,0,0,0,0,0,0,0,0,0,0,0,0,0,0,0,0,0,0,0,0
202007,29,013,2,4,Bates County                  ,0,0,0,0,0,0,0,0,0,0,0,0,0,0,0,0,0,0,0,0,0,0,0,0
202007,29,017,2,4,Bollinger County              ,0,0,0,0,0,0,0,0,0,0,0,0,0,0,0,0,0,0,0,0,0,0,0,0
202007,29,019,2,4,Boone County                  ,66,66,18945131,0,0,0,0,0,0,0,0,0,66,66,18945131,0,0,0,0,0,0,0,0,0
202007,29,049,2,4,Clinton County                ,5,5,1147448,0,0,0,0,0,0,0,0,0,0,0,0,0,0,0,0,0,0,0,0,0
202007,29,065,2,4,Dent County                   ,0,0,0,0,0,0,0,0,0,0,0,0,0,0,0,0,0,0,0,0,0,0,0,0
202007,29,071,2,4,Franklin County               ,23,23,5899622,0,0,0,0,0,0,0,0,0,4,4,897246,0,0,0,0,0,0,0,0,0
202007,29,095,2,4,Jackson County                ,191,191,43565104,36,72,6783796,5,20,1336750,8,437,44756203,180,180,40776001,36,72,6783796,5,20,1336750,7,432,44175443
202007,29,099,2,4,Jefferson County              ,69,69,16867981,2,4,600000,0,0,0,0,0,0,57,57,14362556,1,2,350000,0,0,0,0,0,0
202007,29,105,2,4,Laclede County                ,0,0,0,0,0,0,0,0,0,0,0,0,0,0,0,0,0,0,0,0,0,0,0,0
202007,29,107,2,4,Lafayette County              ,7,7,1638726,0,0,0,0,0,0,0,0,0,6,6,1513726,0,0,0,0,0,0,0,0,0
202007,29,113,2,4,Lincoln County                ,32,32,4711874,0,0,0,0,0,0,0,0,0,32,32,4711874,0,0,0,0,0,0,0,0,0
202007,29,165,2,4,Platte County                 ,31,31,6166344,0,0,0,0,0,0,1,35,2846519,17,17,3647202,0,0,0,0,0,0,0,0,0
202007,29,185,2,4,St. Clair County              ,1,1,125000,0,0,0,0,0,0,0,0,0,1,1,125000,0,0,0,0,0,0,0,0,0
202007,29,189,2,4,St. Louis County              ,90,90,38855516,0,0,0,0,0,0,2,30,2913879,29,29,13766409,0,0,0,0,0,0,0,0,0
202007,29,219,2,4,Warren County                 ,29,29,7560823,0,0,0,0,0,0,0,0,0,29,29,7560823,0,0,0,0,0,0,0,0,0
202007,29,221,2,4,Washington County             ,0,0,0,0,0,0,0,0,0,0,0,0,0,0,0,0,0,0,0,0,0,0,0,0
202007,29,510,2,4,St. Louis (Independent City)  ,13,13,2589429,0,0,0,0,0,0,1,29,2273913,0,0,0,0,0,0,0,0,0,0,0,0
202007,30,013,4,8,Cascade County                ,19,19,3921997,0,0,0,0,0,0,0,0,0,19,19,3921997,0,0,0,0,0,0,0,0,0
202007,30,033,4,8,Garfield County               ,0,0,0,0,0,0,0,0,0,0,0,0,0,0,0,0,0,0,0,0,0,0,0,0
202007,30,063,4,8,Missoula County               ,32,32,5973602,0,0,0,0,0,0,3,114,6229138,32,32,5973602,0,0,0,0,0,0,3,114,6229138
202007,30,093,4,8,Silver Bow County             ,6,6,673375,1,2,268920,0,0,0,0,0,0,6,6,673375,1,2,268920,0,0,0,0,0,0
202007,31,001,2,4,Adams County                  ,4,4,1221913,0,0,0,0,0,0,0,0,0,3,3,943699,0,0,0,0,0,0,0,0,0
202007,31,025,2,4,Cass County                   ,11,11,2596858,0,0,0,0,0,0,0,0,0,5,5,1473000,0,0,0,0,0,0,0,0,0
202007,31,033,2,4,Cheyenne County               ,0,0,0,0,0,0,0,0,0,0,0,0,0,0,0,0,0,0,0,0,0,0,0,0
202007,31,055,2,4,Douglas County                ,181,181,27974821,0,0,0,0,0,0,0,0,0,173,173,24755832,0,0,0,0,0,0,0,0,0
202007,31,105,2,4,Kimball County                ,0,0,0,0,0,0,0,0,0,0,0,0,0,0,0,0,0,0,0,0,0,0,0,0
202007,31,153,2,4,Sarpy County                  ,128,128,34816453,0,0,0,0,0,0,1,5,554020,75,75,21126574,0,0,0,0,0,0,0,0,0
202007,31,165,2,4,Sioux County                  ,0,0,0,0,0,0,0,0,0,0,0,0,0,0,0,0,0,0,0,0,0,0,0,0
202007,31,177,2,4,Washington County             ,5,5,2050834,0,0,0,0,0,0,0,0,0,5,5,2050834,0,0,0,0,0,0,0,0,0
202007,32,001,4,8,Churchill County              ,3,3,517267,0,0,0,0,0,0,0,0,0,3,3,517267,0,0,0,0,0,0,0,0,0
202007,32,003,4,8,Clark County                  ,1124,1124,309945189,83,166,7953853,16,58,8173348,5,36,1236200,1124,1124,309945189,83,166,7953853,16,58,8173348,5,36,1236200
202007,32,005,4,8,Douglas County                ,16,16,7463942,0,0,0,0,0,0,0,0,0,0,0,0,0,0,0,0,0,0,0,0,0
202007,32,007,4,8,Elko County                   ,32,32,5355275,0,0,0,0,0,0,0,0,0,32,32,5355275,0,0,0,0,0,0,0,0,0
202007,32,013,4,8,Humboldt County               ,1,1,94169,0,0,0,0,0,0,0,0,0,1,1,94169,0,0,0,0,0,0,0,0,0
202007,32,015,4,8,Lander County                 ,1,1,151158,0,0,0,0,0,0,0,0,0,1,1,151158,0,0,0,0,0,0,0,0,0
202007,32,017,4,8,Lincoln County                ,1,1,279826,0,0,0,0,0,0,0,0,0,0,0,0,0,0,0,0,0,0,0,0,0
202007,32,019,4,8,Lyon County                   ,32,32,8513538,0,0,0,0,0,0,0,0,0,32,32,8513538,0,0,0,0,0,0,0,0,0
202007,32,021,4,8,Mineral County                ,0,0,0,0,0,0,0,0,0,0,0,0,0,0,0,0,0,0,0,0,0,0,0,0
202007,32,027,4,8,Pershing County               ,0,0,0,0,0,0,0,0,0,0,0,0,0,0,0,0,0,0,0,0,0,0,0,0
202007,32,029,4,8,Storey County                 ,2,2,198205,0,0,0,0,0,0,0,0,0,2,2,198205,0,0,0,0,0,0,0,0,0
202007,32,031,4,8,Washoe County                 ,221,221,61988422,3,6,620706,2,6,808992,10,232,29021954,0,0,0,0,0,0,0,0,0,0,0,0
202007,32,033,4,8,White Pine County             ,1,1,281765,0,0,0,0,0,0,0,0,0,0,0,0,0,0,0,0,0,0,0,0,0
202007,32,510,4,8,Carson City (Independent City),24,24,5479606,0,0,0,0,0,0,0,0,0,24,24,5479606,0,0,0,0,0,0,0,0,0
202007,33,015,1,1,Rockingham County             ,65,65,19365933,3,6,1185608,0,0,0,1,5,420735,49,49,14630858,2,4,835608,0,0,0,0,0,0
202007,33,017,1,1,Strafford County              ,27,27,4635000,1,2,303608,0,0,0,0,0,0,26,26,4265000,1,2,303608,0,0,0,0,0,0
202007,34,001,1,2,Atlantic County               ,36,36,12679597,0,0,0,0,0,0,3,22,1435795,34,34,12328195,0,0,0,0,0,0,2,10,2225
202007,34,003,1,2,Bergen County                 ,90,90,21444661,9,18,2627698,4,12,2400000,18,220,27909377,46,46,8682479,5,10,1241700,4,12,2400000,1,13,2242500
202007,34,005,1,2,Burlington County             ,53,53,9090095,0,0,0,0,0,0,8,116,4180751,22,22,3910633,0,0,0,0,0,0,1,5,11300
202007,34,007,1,2,Camden County                 ,30,30,3576083,0,0,0,0,0,0,1,5,266957,22,22,2396535,0,0,0,0,0,0,0,0,0
202007,34,009,1,2,Cape May County               ,51,51,25682556,3,6,1609700,0,0,0,0,0,0,49,49,24466802,3,6,1609700,0,0,0,0,0,0
202007,34,011,1,2,Cumberland County             ,20,20,12125801,0,0,0,0,0,0,0,0,0,20,20,12125801,0,0,0,0,0,0,0,0,0
202007,34,013,1,2,Essex County                  ,22,22,4732357,6,12,1515650,0,0,0,3,24,1640380,9,9,1674001,6,12,1515650,0,0,0,0,0,0
202007,34,015,1,2,Gloucester County             ,63,63,9640099,0,0,0,0,0,0,2,15,1026707,51,51,8145847,0,0,0,0,0,0,0,0,0
202007,34,017,1,2,Hudson County                 ,12,12,8805763,14,28,4158001,3,10,1973000,9,554,77316183,9,9,8398820,14,28,4158001,3,10,1973000,7,449,71249998
202007,34,019,1,2,Hunterdon County              ,12,12,2011844,1,2,233200,0,0,0,2,10,646222,9,9,1361335,0,0,0,0,0,0,0,0,0
202007,34,021,1,2,Mercer County                 ,5,5,1137853,0,0,0,2,7,1385250,3,65,6457596,1,1,190056,0,0,0,2,7,1385250,2,60,6044004
202007,34,023,1,2,Middlesex County              ,57,57,9066359,0,0,0,12,41,34474482,9,238,26862492,52,52,8334600,0,0,0,4,15,33409894,6,211,23388900
202007,34,025,1,2,Monmouth County               ,102,102,34051754,0,0,0,1,3,150000,3,37,3631525,62,62,21383170,0,0,0,1,3,150000,0,0,0
202007,34,027,1,2,Morris County                 ,88,88,14883387,1,2,5002,11,36,945000,4,125,15095898,64,64,7773293,0,0,0,11,36,945000,2,115,14273765
202007,34,029,1,2,Ocean County                  ,179,179,30711611,4,8,249600,1,3,120228,3,15,894990,94,94,16837722,0,0,0,0,0,0,0,0,0
202007,34,031,1,2,Passaic County                ,13,13,2124881,2,4,226268,1,3,93309,6,67,3109410,6,6,1035375,0,0,0,0,0,0,0,0,0
202007,34,033,1,2,Salem County                  ,0,0,0,0,0,0,0,0,0,0,0,0,0,0,0,0,0,0,0,0,0,0,0,0
202007,34,035,1,2,Somerset County               ,63,63,10752003,0,0,0,2,6,1098589,4,120,8483666,43,43,7484500,0,0,0,1,3,490000,1,90,5890200
202007,34,037,1,2,Sussex County                 ,18,18,2953594,0,0,0,0,0,0,0,0,0,16,16,2352957,0,0,0,0,0,0,0,0,0
202007,34,039,1,2,Union County                  ,23,23,6274087,7,14,285427,2,6,63588,6,114,5254116,6,6,1920275,6,12,235352,2,6,63588,0,0,0
202007,34,041,1,2,Warren County                 ,10,10,2074125,0,0,0,0,0,0,1,5,483240,2,2,863500,0,0,0,0,0,0,0,0,0
202007,35,000,4,8,New Mexico Balance of State   ,39,39,10572439,0,0,0,0,0,0,0,0,0,0,0,0,0,0,0,0,0,0,0,0,0
202007,35,001,4,8,Bernalillo County             ,97,97,28088194,0,0,0,0,0,0,0,0,0,97,97,28088194,0,0,0,0,0,0,0,0,0
202007,35,005,4,8,Chaves County                 ,8,8,1644939,0,0,0,0,0,0,0,0,0,4,4,965000,0,0,0,0,0,0,0,0,0
202007,35,009,4,8,Curry County                  ,5,5,1261782,0,0,0,0,0,0,1,5,460938,0,0,0,0,0,0,0,0,0,0,0,0
202007,35,013,4,8,Dona Ana County               ,85,85,22743148,1,2,531967,0,0,0,0,0,0,55,55,14661138,1,2,531967,0,0,0,0,0,0
202007,35,015,4,8,Eddy County                   ,16,16,4930700,0,0,0,0,0,0,0,0,0,16,16,4930700,0,0,0,0,0,0,0,0,0
202007,35,017,4,8,Grant County                  ,2,2,324161,0,0,0,0,0,0,0,0,0,0,0,0,0,0,0,0,0,0,0,0,0
202007,35,025,4,8,Lea County                    ,17,17,3725306,0,0,0,0,0,0,0,0,0,0,0,0,0,0,0,0,0,0,0,0,0
202007,35,027,4,8,Lincoln County                ,3,3,948394,0,0,0,0,0,0,0,0,0,3,3,948394,0,0,0,0,0,0,0,0,0
202007,35,028,4,8,Los Alamos County             ,2,2,726944,0,0,0,0,0,0,0,0,0,2,2,726944,0,0,0,0,0,0,0,0,0
202007,35,029,4,8,Luna County                   ,1,1,178800,0,0,0,0,0,0,0,0,0,0,0,0,0,0,0,0,0,0,0,0,0
202007,35,031,4,8,McKinley County               ,0,0,0,0,0,0,0,0,0,0,0,0,0,0,0,0,0,0,0,0,0,0,0,0
202007,35,035,4,8,Otero County                  ,0,0,0,0,0,0,0,0,0,0,0,0,0,0,0,0,0,0,0,0,0,0,0,0
202007,35,041,4,8,Roosevelt County              ,2,2,305713,0,0,0,0,0,0,0,0,0,0,0,0,0,0,0,0,0,0,0,0,0
202007,35,043,4,8,Sandoval County               ,70,70,15538258,0,0,0,1,3,324072,1,6,250000,0,0,0,0,0,0,0,0,0,0,0,0
202007,35,045,4,8,San Juan County               ,14,14,3438189,0,0,0,0,0,0,0,0,0,14,14,3438189,0,0,0,0,0,0,0,0,0
202007,35,047,4,8,San Miguel County             ,0,0,0,0,0,0,0,0,0,0,0,0,0,0,0,0,0,0,0,0,0,0,0,0
202007,35,049,4,8,Santa Fe County               ,22,22,6458949,0,0,0,0,0,0,8,47,6988746,22,22,6458949,0,0,0,0,0,0,8,47,6988746
202007,35,051,4,8,Sierra County                 ,0,0,0,0,0,0,0,0,0,0,0,0,0,0,0,0,0,0,0,0,0,0,0,0
202007,35,055,4,8,Taos County                   ,9,9,1506316,0,0,0,0,0,0,0,0,0,0,0,0,0,0,0,0,0,0,0,0,0
202007,36,001,1,2,Albany County                 ,43,43,8568223,0,0,0,0,0,0,0,0,0,42,42,8366950,0,0,0,0,0,0,0,0,0
202007,36,005,1,2,Bronx County                  ,1,1,265327,1,2,303608,0,0,0,13,421,47496043,1,1,265327,1,2,303608,0,0,0,13,421,47496043
202007,36,029,1,2,Erie County                   ,81,81,32822514,2,4,800000,1,4,900000,10,123,13383157,74,74,31460378,2,4,800000,1,4,900000,8,102,8675000
202007,36,047,1,2,Kings County                  ,1,1,265327,1,2,303608,2,7,928455,19,368,41516731,1,1,265327,1,2,303608,2,7,928455,19,368,41516731
202007,36,051,1,2,Livingston County             ,9,9,1939000,0,0,0,0,0,0,0,0,0,7,7,1572000,0,0,0,0,0,0,0,0,0
202007,36,055,1,2,Monroe County                 ,62,62,17243509,0,0,0,1,3,709000,2,35,4835706,52,52,14377510,0,0,0,1,3,709000,0,0,0
202007,36,059,1,2,Nassau County                 ,70,70,31637873,2,4,1117857,0,0,0,3,46,6999666,16,16,18089854,0,0,0,0,0,0,0,0,0
202007,36,061,1,2,New York County               ,0,0,0,0,0,0,0,0,0,4,124,13989333,0,0,0,0,0,0,0,0,0,4,124,13989333
202007,36,063,1,2,Niagara County                ,22,22,5725424,0,0,0,0,0,0,0,0,0,18,18,4664035,0,0,0,0,0,0,0,0,0
202007,36,069,1,2,Ontario County                ,27,27,7797262,2,4,565440,0,0,0,0,0,0,21,21,5958560,2,4,565440,0,0,0,0,0,0
202007,36,073,1,2,Orleans County                ,4,4,939000,0,0,0,0,0,0,0,0,0,4,4,939000,0,0,0,0,0,0,0,0,0
202007,36,079,1,2,Putnam County                 ,1,1,325000,0,0,0,0,0,0,0,0,0,1,1,325000,0,0,0,0,0,0,0,0,0
202007,36,081,1,2,Queens County                 ,3,3,795981,11,22,3339684,1,3,397909,5,607,68480042,3,3,795981,11,22,3339684,1,3,397909,5,607,68480042
202007,36,083,1,2,Rensselaer County             ,10,10,2388710,0,0,0,0,0,0,0,0,0,5,5,1000000,0,0,0,0,0,0,0,0,0
202007,36,085,1,2,Richmond County               ,8,8,2122615,20,40,6072152,0,0,0,0,0,0,8,8,2122615,20,40,6072152,0,0,0,0,0,0
202007,36,087,1,2,Rockland County               ,13,13,3917507,2,4,517203,2,7,764061,3,15,2150137,7,7,2240000,0,0,0,0,0,0,0,0,0
202007,36,091,1,2,Saratoga County               ,67,67,19779909,2,4,1048500,0,0,0,5,34,3421125,42,42,11880615,0,0,0,0,0,0,2,16,2000000
202007,36,093,1,2,Schenectady County            ,10,10,2380907,0,0,0,0,0,0,0,0,0,9,9,2295907,0,0,0,0,0,0,0,0,0
202007,36,095,1,2,Schoharie County              ,3,3,569077,0,0,0,0,0,0,0,0,0,1,1,265327,0,0,0,0,0,0,0,0,0
202007,36,099,1,2,Seneca County                 ,6,6,607000,0,0,0,0,0,0,0,0,0,6,6,607000,0,0,0,0,0,0,0,0,0
202007,36,103,1,2,Suffolk County                ,59,59,54373393,0,0,0,0,0,0,0,0,0,47,47,41198996,0,0,0,0,0,0,0,0,0
202007,36,117,1,2,Wayne County                  ,12,12,2525055,1,2,262500,0,0,0,0,0,0,8,8,1675000,1,2,262500,0,0,0,0,0,0
202007,36,119,1,2,Westchester County            ,33,33,17962399,2,4,1447600,1,3,862500,5,450,68014634,23,23,10869148,2,4,1447600,1,3,862500,3,303,39144069
202007,37,007,3,5,Anson County                  ,5,5,749325,0,0,0,0,0,0,0,0,0,0,0,0,0,0,0,0,0,0,0,0,0
202007,37,011,3,5,Avery County                  ,9,9,6096366,0,0,0,0,0,0,0,0,0,9,9,6096366,0,0,0,0,0,0,0,0,0
202007,37,015,3,5,Bertie County                 ,5,5,702924,0,0,0,0,0,0,0,0,0,5,5,702924,0,0,0,0,0,0,0,0,0
202007,37,025,3,5,Cabarrus County               ,231,231,30440782,0,0,0,0,0,0,0,0,0,231,231,30440782,0,0,0,0,0,0,0,0,0
202007,37,033,3,5,Caswell County                ,3,3,1062760,0,0,0,0,0,0,0,0,0,3,3,1062760,0,0,0,0,0,0,0,0,0
202007,37,037,3,5,Chatham County                ,53,53,20836414,0,0,0,0,0,0,0,0,0,53,53,20836414,0,0,0,0,0,0,0,0,0
202007,37,051,3,5,Cumberland County             ,66,66,12133063,0,0,0,0,0,0,0,0,0,66,66,12133063,0,0,0,0,0,0,0,0,0
202007,37,053,3,5,Currituck County              ,33,33,7344144,0,0,0,0,0,0,0,0,0,33,33,7344144,0,0,0,0,0,0,0,0,0
202007,37,059,3,5,Davie County                  ,12,12,2927840,0,0,0,2,6,552800,0,0,0,12,12,2927840,0,0,0,2,6,552800,0,0,0
202007,37,063,3,5,Durham County                 ,221,221,42595275,0,0,0,1,3,749968,4,141,21362853,0,0,0,0,0,0,0,0,0,0,0,0
202007,37,069,3,5,Franklin County               ,148,148,34503092,0,0,0,0,0,0,0,0,0,148,148,34503092,0,0,0,0,0,0,0,0,0
202007,37,071,3,5,Gaston County                 ,139,139,46137433,0,0,0,1,3,524259,0,0,0,30,30,9428185,0,0,0,0,0,0,0,0,0
202007,37,077,3,5,Granville County              ,32,32,5994501,0,0,0,0,0,0,0,0,0,32,32,5994501,0,0,0,0,0,0,0,0,0
202007,37,081,3,5,Guilford County               ,159,159,39619682,0,0,0,0,0,0,1,12,8842000,93,93,16973739,0,0,0,0,0,0,1,12,8842000
202007,37,089,3,5,Henderson County              ,51,51,11241926,0,0,0,0,0,0,0,0,0,51,51,11241926,0,0,0,0,0,0,0,0,0
202007,37,093,3,5,Hoke County                   ,28,28,6527612,0,0,0,0,0,0,0,0,0,28,28,6527612,0,0,0,0,0,0,0,0,0
202007,37,097,3,5,Iredell County                ,142,142,36649626,0,0,0,0,0,0,0,0,0,142,142,36649626,0,0,0,0,0,0,0,0,0
202007,37,101,3,5,Johnston County               ,266,266,45288004,0,0,0,0,0,0,0,0,0,52,52,6814323,0,0,0,0,0,0,0,0,0
202007,37,119,3,5,Mecklenburg County            ,661,661,154098269,0,0,0,0,0,0,4,80,9863543,661,661,154098269,0,0,0,0,0,0,4,80,9863543
202007,37,133,3,5,Onslow County                 ,139,139,19241647,0,0,0,0,0,0,5,80,5140000,139,139,19241647,0,0,0,0,0,0,5,80,5140000
202007,37,135,3,5,Orange County                 ,35,35,11012727,0,0,0,0,0,0,6,106,15641223,35,35,11012727,0,0,0,0,0,0,6,106,15641223
202007,37,145,3,5,Person County                 ,12,12,2763880,0,0,0,0,0,0,0,0,0,0,0,0,0,0,0,0,0,0,0,0,0
202007,37,151,3,5,Randolph County               ,44,44,9098978,0,0,0,0,0,0,0,0,0,44,44,9098978,0,0,0,0,0,0,0,0,0
202007,37,157,3,5,Rockingham County             ,17,17,4381324,0,0,0,0,0,0,0,0,0,0,0,0,0,0,0,0,0,0,0,0,0
202007,37,179,3,5,Union County                  ,209,209,43927915,0,0,0,0,0,0,0,0,0,209,209,43927915,0,0,0,0,0,0,0,0,0
202007,37,181,3,5,Vance County                  ,3,3,390995,0,0,0,0,0,0,0,0,0,3,3,390995,0,0,0,0,0,0,0,0,0
202007,37,183,3,5,Wake County                   ,777,777,185072150,1,2,223682,1,4,651130,4,60,7916706,763,763,182867972,0,0,0,1,4,651130,3,18,3202416
202007,37,195,3,5,Wilson County                 ,13,13,1923811,4,8,540000,0,0,0,0,0,0,13,13,1923811,4,8,540000,0,0,0,0,0,0
202007,39,007,2,3,Ashtabula County              ,17,17,3896585,0,0,0,3,9,560000,0,0,0,17,17,3896585,0,0,0,3,9,560000,0,0,0
202007,39,015,2,3,Brown County                  ,12,12,3341273,0,0,0,0,0,0,0,0,0,12,12,3341273,0,0,0,0,0,0,0,0,0
202007,39,017,2,3,Butler County                 ,156,156,33334882,0,0,0,0,0,0,0,0,0,76,76,16159763,0,0,0,0,0,0,0,0,0
202007,39,025,2,3,Clermont County               ,67,67,14801617,0,0,0,1,4,540000,0,0,0,67,67,14801617,0,0,0,1,4,540000,0,0,0
202007,39,041,2,3,Delaware County               ,135,135,38572393,0,0,0,0,0,0,1,5,613639,113,113,33509427,0,0,0,0,0,0,0,0,0
202007,39,049,2,3,Franklin County               ,194,194,62857618,3,6,881000,9,35,2383320,16,382,42335815,183,183,59003059,3,6,881000,9,35,2383320,15,377,42210526
202007,39,055,2,3,Geauga County                 ,15,15,6127900,0,0,0,0,0,0,0,0,0,15,15,6127900,0,0,0,0,0,0,0,0,0
202007,39,085,2,3,Lake County                   ,53,53,8837197,0,0,0,0,0,0,0,0,0,52,52,8639419,0,0,0,0,0,0,0,0,0
202007,39,089,2,3,Licking County                ,20,20,4279975,0,0,0,0,0,0,0,0,0,20,20,4279975,0,0,0,0,0,0,0,0,0
202007,39,093,2,3,Lorain County                 ,104,104,26073698,0,0,0,3,12,953000,0,0,0,61,61,13666695,0,0,0,3,12,953000,0,0,0
202007,39,097,2,3,Madison County                ,13,13,3689152,0,0,0,0,0,0,0,0,0,6,6,1632483,0,0,0,0,0,0,0,0,0
202007,39,103,2,3,Medina County                 ,39,39,11103061,0,0,0,0,0,0,0,0,0,39,39,11103061,0,0,0,0,0,0,0,0,0
202007,39,117,2,3,Morrow County                 ,8,8,1930424,0,0,0,0,0,0,0,0,0,7,7,1653757,0,0,0,0,0,0,0,0,0
202007,39,159,2,3,Union County                  ,45,45,15420567,2,4,440000,0,0,0,3,18,1200000,45,45,15420567,2,4,440000,0,0,0,3,18,1200000
202007,39,165,2,3,Warren County                 ,117,117,32755966,0,0,0,0,0,0,1,7,1047287,104,104,27929402,0,0,0,0,0,0,1,7,1047287
202007,40,001,3,7,Adair County                  ,2,2,250000,0,0,0,0,0,0,0,0,0,2,2,250000,0,0,0,0,0,0,0,0,0
202007,40,017,3,7,Canadian County               ,53,53,12195996,2,4,1000000,0,0,0,0,0,0,44,44,8848900,2,4,1000000,0,0,0,0,0,0
202007,40,021,3,7,Cherokee County               ,7,7,918668,0,0,0,0,0,0,1,5,244048,0,0,0,0,0,0,0,0,0,0,0,0
202007,40,027,3,7,Cleveland County              ,77,77,17449468,2,4,280000,0,0,0,0,0,0,69,69,16452205,2,4,280000,0,0,0,0,0,0
202007,40,029,3,7,Coal County                   ,0,0,0,0,0,0,0,0,0,0,0,0,0,0,0,0,0,0,0,0,0,0,0,0
202007,40,037,3,7,Creek County                  ,9,9,2142082,0,0,0,0,0,0,1,7,538461,2,2,615000,0,0,0,0,0,0,0,0,0
202007,40,051,3,7,Grady County                  ,8,8,512600,0,0,0,0,0,0,0,0,0,7,7,265000,0,0,0,0,0,0,0,0,0
202007,40,055,3,7,Greer County                  ,0,0,0,0,0,0,0,0,0,0,0,0,0,0,0,0,0,0,0,0,0,0,0,0
202007,40,081,3,7,Lincoln County                ,0,0,0,0,0,0,0,0,0,0,0,0,0,0,0,0,0,0,0,0,0,0,0,0
202007,40,083,3,7,Logan County                  ,2,2,244273,0,0,0,0,0,0,0,0,0,1,1,50000,0,0,0,0,0,0,0,0,0
202007,40,087,3,7,McClain County                ,55,55,9488996,0,0,0,0,0,0,0,0,0,10,10,1533000,0,0,0,0,0,0,0,0,0
202007,40,109,3,7,Oklahoma County               ,427,427,100852170,9,18,1978642,0,0,0,0,0,0,64,64,24398637,1,2,300000,0,0,0,0,0,0
202007,40,111,3,7,Okmulgee County               ,0,0,0,0,0,0,0,0,0,0,0,0,0,0,0,0,0,0,0,0,0,0,0,0
202007,40,113,3,7,Osage County                  ,19,19,4345660,0,0,0,0,0,0,0,0,0,19,19,4345660,0,0,0,0,0,0,0,0,0
202007,40,117,3,7,Pawnee County                 ,0,0,0,0,0,0,0,0,0,0,0,0,0,0,0,0,0,0,0,0,0,0,0,0
202007,40,131,3,7,Rogers County                 ,59,59,10595166,4,8,470565,0,0,0,12,84,5947768,59,59,10595166,4,8,470565,0,0,0,12,84,5947768
202007,40,143,3,7,Tulsa County                  ,270,270,59040820,0,0,0,0,0,0,0,0,0,270,270,59040820,0,0,0,0,0,0,0,0,0
202007,40,145,3,7,Wagoner County                ,54,54,11138904,0,0,0,0,0,0,0,0,0,54,54,11138904,0,0,0,0,0,0,0,0,0
202007,41,000,4,9,Oregon Balance of State       ,38,38,3757200,0,0,0,0,0,0,0,0,0,38,38,3757200,0,0,0,0,0,0,0,0,0
202007,41,005,4,9,Clackamas County              ,130,130,42429516,0,0,0,1,4,529148,3,30,3201604,130,130,42429516,0,0,0,1,4,529148,3,30,3201604
202007,41,017,4,9,Deschutes County              ,161,161,42587541,3,6,938688,0,0,0,0,0,0,161,161,42587541,3,6,938688,0,0,0,0,0,0
202007,41,019,4,9,Douglas County                ,32,32,9379960,0,0,0,0,0,0,0,0,0,32,32,9379960,0,0,0,0,0,0,0,0,0
202007,41,025,4,9,Harney County                 ,0,0,0,0,0,0,0,0,0,0,0,0,0,0,0,0,0,0,0,0,0,0,0,0
202007,41,035,4,9,Klamath County                ,7,7,1599179,0,0,0,0,0,0,0,0,0,7,7,1599179,0,0,0,0,0,0,0,0,0
202007,41,051,4,9,Multnomah County              ,73,73,20350504,0,0,0,2,7,683558,8,173,21679560,72,72,20062297,0,0,0,2,7,683558,7,162,20824051
202007,41,065,4,9,Wasco County                  ,1,1,119564,0,0,0,0,0,0,0,0,0,1,1,119564,0,0,0,0,0,0,0,0,0
202007,41,067,4,9,Washington County             ,153,153,46095416,0,0,0,0,0,0,3,98,13087366,153,153,46095416,0,0,0,0,0,0,3,98,13087366
202007,41,071,4,9,Yamhill County                ,29,29,8807008,2,4,588097,0,0,0,0,0,0,29,29,8807008,2,4,588097,0,0,0,0,0,0
202007,42,001,1,2,Adams County                  ,24,24,5742885,0,0,0,0,0,0,0,0,0,24,24,5742885,0,0,0,0,0,0,0,0,0
202007,42,017,1,2,Bucks County                  ,66,66,17022460,0,0,0,1,4,400000,0,0,0,48,48,11418558,0,0,0,1,4,400000,0,0,0
202007,42,029,1,2,Chester County                ,155,155,33966973,1,2,410000,2,8,838000,2,241,18314286,123,123,26153576,1,2,410000,2,8,838000,1,225,17400000
202007,42,037,1,2,Columbia County               ,7,7,1782611,1,2,250000,0,0,0,0,0,0,3,3,825000,0,0,0,0,0,0,0,0,0
202007,42,041,1,2,Cumberland County             ,86,86,17379793,0,0,0,0,0,0,1,5,494295,69,69,13824123,0,0,0,0,0,0,0,0,0
202007,42,043,1,2,Dauphin County                ,53,53,12265430,1,2,302400,1,3,524850,1,5,609000,47,47,11036995,1,2,302400,1,3,524850,1,5,609000
202007,42,045,1,2,Delaware County               ,21,21,3899896,0,0,0,1,4,637575,1,5,375000,5,5,275000,0,0,0,1,4,637575,0,0,0
202007,42,055,1,2,Franklin County               ,34,34,8381961,0,0,0,0,0,0,0,0,0,34,34,8381961,0,0,0,0,0,0,0,0,0
202007,42,091,1,2,Montgomery County             ,109,109,25296046,0,0,0,2,7,835300,5,28,3952572,83,83,19322976,0,0,0,1,4,445300,4,23,3175905
202007,42,093,1,2,Montour County                ,4,4,831405,0,0,0,0,0,0,0,0,0,4,4,831405,0,0,0,0,0,0,0,0,0
202007,42,099,1,2,Perry County                  ,10,10,2721038,0,0,0,0,0,0,0,0,0,2,2,631000,0,0,0,0,0,0,0,0,0
202007,42,101,1,2,Philadelphia County           ,93,93,24534757,13,26,3747635,14,47,5775789,9,223,31721475,0,0,0,0,0,0,0,0,0,0,0,0
202007,42,103,1,2,Pike County                   ,9,9,2214379,0,0,0,0,0,0,0,0,0,7,7,1686935,0,0,0,0,0,0,0,0,0
202007,44,001,1,1,Bristol County                ,6,6,2827218,0,0,0,0,0,0,0,0,0,3,3,1438000,0,0,0,0,0,0,0,0,0
202007,44,003,1,1,Kent County                   ,10,10,1674065,0,0,0,1,3,576000,1,5,337963,4,4,566150,0,0,0,1,3,576000,0,0,0
202007,44,005,1,1,Newport County                ,8,8,2510917,0,0,0,0,0,0,0,0,0,4,4,1070000,0,0,0,0,0,0,0,0,0
202007,44,007,1,1,Providence County             ,21,21,4165712,7,14,1919018,0,0,0,0,0,0,12,12,2787335,7,14,1919018,0,0,0,0,0,0
202007,44,009,1,1,Washington County             ,22,22,6368755,0,0,0,0,0,0,0,0,0,19,19,5783787,0,0,0,0,0,0,0,0,0
202007,45,003,3,5,Aiken County                  ,96,96,23003917,0,0,0,0,0,0,0,0,0,29,29,9178826,0,0,0,0,0,0,0,0,0
202007,45,009,3,5,Bamberg County                ,2,2,318000,0,0,0,0,0,0,0,0,0,2,2,318000,0,0,0,0,0,0,0,0,0
202007,45,015,3,5,Berkeley County               ,189,189,54958113,0,0,0,0,0,0,2,48,2050101,73,73,21425557,0,0,0,0,0,0,0,0,0
202007,45,017,3,5,Calhoun County                ,0,0,0,0,0,0,0,0,0,0,0,0,0,0,0,0,0,0,0,0,0,0,0,0
202007,45,019,3,5,Charleston County             ,246,246,65763510,0,0,0,1,3,238125,5,94,6362659,38,38,19097520,0,0,0,0,0,0,0,0,0
202007,45,035,3,5,Dorchester County             ,110,110,28245718,0,0,0,0,0,0,0,0,0,110,110,28245718,0,0,0,0,0,0,0,0,0
202007,45,037,3,5,Edgefield County              ,31,31,6829347,0,0,0,0,0,0,0,0,0,31,31,6829347,0,0,0,0,0,0,0,0,0
202007,45,039,3,5,Fairfield County              ,9,9,1995690,0,0,0,0,0,0,0,0,0,9,9,1995690,0,0,0,0,0,0,0,0,0
202007,45,045,3,5,Greenville County             ,342,342,79499345,0,0,0,0,0,0,6,347,33586548,246,246,59574713,0,0,0,0,0,0,4,336,32682207
202007,45,051,3,5,Horry County                  ,467,467,84623707,1,2,140000,0,0,0,1,5,250000,433,433,76207270,1,2,140000,0,0,0,0,0,0
202007,45,055,3,5,Kershaw County                ,58,58,8875158,0,0,0,0,0,0,0,0,0,58,58,8875158,0,0,0,0,0,0,0,0,0
202007,45,059,3,5,Laurens County                ,11,11,1144765,0,0,0,0,0,0,0,0,0,9,9,1010503,0,0,0,0,0,0,0,0,0
202007,45,063,3,5,Lexington County              ,232,232,58403778,0,0,0,0,0,0,2,16,2685987,31,31,7040542,0,0,0,0,0,0,0,0,0
202007,45,077,3,5,Pickens County                ,72,72,20062162,0,0,0,0,0,0,0,0,0,68,68,19637209,0,0,0,0,0,0,0,0,0
202007,45,079,3,5,Richland County               ,207,207,41448059,0,0,0,0,0,0,0,0,0,185,185,36283525,0,0,0,0,0,0,0,0,0
202007,45,081,3,5,Saluda County                 ,4,4,903260,0,0,0,0,0,0,0,0,0,0,0,0,0,0,0,0,0,0,0,0,0
202007,45,085,3,5,Sumter County                 ,31,31,4229556,0,0,0,0,0,0,1,5,260417,0,0,0,0,0,0,0,0,0,0,0,0
202007,45,091,3,5,York County                   ,255,255,79164705,0,0,0,0,0,0,2,28,4229031,40,40,3276240,0,0,0,0,0,0,0,0,0
202007,46,007,2,4,Bennett County                ,0,0,0,0,0,0,0,0,0,0,0,0,0,0,0,0,0,0,0,0,0,0,0,0
202007,46,055,2,4,Haakon County                 ,0,0,0,0,0,0,0,0,0,0,0,0,0,0,0,0,0,0,0,0,0,0,0,0
202007,46,071,2,4,Jackson County                ,0,0,0,0,0,0,0,0,0,0,0,0,0,0,0,0,0,0,0,0,0,0,0,0
202007,46,111,2,4,Sanborn County                ,2,2,375000,0,0,0,0,0,0,0,0,0,2,2,375000,0,0,0,0,0,0,0,0,0
202007,47,001,3,6,Anderson County               ,17,17,3137052,0,0,0,0,0,0,0,0,0,11,11,2371274,0,0,0,0,0,0,0,0,0
202007,47,015,3,6,Cannon County                 ,0,0,0,0,0,0,0,0,0,0,0,0,0,0,0,0,0,0,0,0,0,0,0,0
202007,47,021,3,6,Cheatham County               ,16,16,3082200,0,0,0,0,0,0,0,0,0,16,16,3082200,0,0,0,0,0,0,0,0,0
202007,47,037,3,6,Davidson County               ,316,316,74433588,0,0,0,1,4,523182,17,1786,74863114,316,316,74433588,0,0,0,1,4,523182,17,1786,74863114
202007,47,043,3,6,Dickson County                ,36,36,6907704,0,0,0,0,0,0,0,0,0,5,5,1310129,0,0,0,0,0,0,0,0,0
202007,47,049,3,6,Fentress County               ,0,0,0,0,0,0,0,0,0,0,0,0,0,0,0,0,0,0,0,0,0,0,0,0
202007,47,081,3,6,Hickman County                ,10,10,1623366,0,0,0,0,0,0,0,0,0,0,0,0,0,0,0,0,0,0,0,0,0
202007,47,093,3,6,Knox County                   ,271,271,42634282,2,4,900000,1,3,829985,2,252,36450000,271,271,42634282,2,4,900000,1,3,829985,2,252,36450000
202007,47,105,3,6,Loudon County                 ,61,61,14803106,0,0,0,0,0,0,0,0,0,55,55,13811879,0,0,0,0,0,0,0,0,0
202007,47,117,3,6,Marshall County               ,17,17,3232837,0,0,0,0,0,0,0,0,0,0,0,0,0,0,0,0,0,0,0,0,0
202007,47,125,3,6,Montgomery County             ,269,269,40808087,12,24,2020000,0,0,0,0,0,0,269,269,40808087,12,24,2020000,0,0,0,0,0,0
202007,47,139,3,6,Polk County                   ,22,22,3962729,0,0,0,0,0,0,0,0,0,0,0,0,0,0,0,0,0,0,0,0,0
202007,47,149,3,6,Rutherford County             ,353,353,84311131,0,0,0,0,0,0,1,23,2635241,201,201,48124178,0,0,0,0,0,0,0,0,0
202007,47,153,3,6,Sequatchie County             ,2,2,320000,0,0,0,0,0,0,0,0,0,2,2,320000,0,0,0,0,0,0,0,0,0
202007,47,157,3,6,Shelby County                 ,106,106,24607158,1,2,211092,1,4,458598,1,111,14700000,106,106,24607158,1,2,211092,1,4,458598,1,111,14700000
202007,47,159,3,6,Smith County                  ,10,10,2248161,0,0,0,0,0,0,0,0,0,10,10,2248161,0,0,0,0,0,0,0,0,0
202007,47,161,3,6,Stewart County                ,1,1,209076,0,0,0,0,0,0,0,0,0,1,1,209076,0,0,0,0,0,0,0,0,0
202007,47,165,3,6,Sumner County                 ,138,138,38957378,0,0,0,1,4,320000,0,0,0,137,137,38743453,0,0,0,1,4,320000,0,0,0
202007,47,167,3,6,Tipton County                 ,16,16,2846650,0,0,0,0,0,0,0,0,0,8,8,1785466,0,0,0,0,0,0,0,0,0
202007,47,169,3,6,Trousdale County              ,7,7,952000,0,0,0,0,0,0,0,0,0,7,7,952000,0,0,0,0,0,0,0,0,0
202007,47,173,3,6,Union County                  ,17,17,3187778,0,0,0,0,0,0,0,0,0,15,15,3110000,0,0,0,0,0,0,0,0,0
202007,47,175,3,6,Van Buren County              ,0,0,0,0,0,0,0,0,0,0,0,0,0,0,0,0,0,0,0,0,0,0,0,0
202007,47,189,3,6,Wilson County                 ,170,170,42984493,0,0,0,0,0,0,1,6,128100,90,90,28934292,0,0,0,0,0,0,0,0,0
202007,48,013,3,7,Atascosa County               ,5,5,948831,0,0,0,0,0,0,0,0,0,1,1,233129,0,0,0,0,0,0,0,0,0
202007,48,015,3,7,Austin County                 ,6,6,1189956,0,0,0,0,0,0,0,0,0,3,3,535000,0,0,0,0,0,0,0,0,0
202007,48,019,3,7,Bandera County                ,0,0,0,0,0,0,0,0,0,0,0,0,0,0,0,0,0,0,0,0,0,0,0,0
202007,48,021,3,7,Bastrop County                ,43,43,6207208,1,2,187711,0,0,0,0,0,0,35,35,4462474,1,2,187711,0,0,0,0,0,0
202007,48,025,3,7,Bee County                    ,1,1,118255,1,2,150000,0,0,0,0,0,0,0,0,0,0,0,0,0,0,0,0,0,0
202007,48,027,3,7,Bell County                   ,248,248,43974116,10,20,1904546,0,0,0,0,0,0,117,117,24747584,7,14,1313977,0,0,0,0,0,0
202007,48,029,3,7,Bexar County                  ,471,471,106742288,7,14,1324000,2,8,1046364,8,526,68800071,467,467,105085854,7,14,1324000,2,8,1046364,7,521,67734575
202007,48,051,3,7,Burleson County               ,5,5,593445,0,0,0,0,0,0,0,0,0,5,5,593445,0,0,0,0,0,0,0,0,0
202007,48,055,3,7,Caldwell County               ,30,30,6172376,1,2,187145,0,0,0,0,0,0,0,0,0,0,0,0,0,0,0,0,0,0
202007,48,085,3,7,Collin County                 ,1066,1066,299596448,0,0,0,0,0,0,15,959,112526684,966,966,268592757,0,0,0,0,0,0,15,959,112526684
202007,48,091,3,7,Comal County                  ,321,321,74870972,0,0,0,0,0,0,0,0,0,316,316,73668764,0,0,0,0,0,0,0,0,0
202007,48,099,3,7,Coryell County                ,16,16,2504204,2,4,336142,0,0,0,0,0,0,14,14,2127868,1,2,143521,0,0,0,0,0,0
202007,48,107,3,7,Crosby County                 ,0,0,0,0,0,0,0,0,0,0,0,0,0,0,0,0,0,0,0,0,0,0,0,0
202007,48,113,3,7,Dallas County                 ,493,493,132561583,5,10,1235080,4,12,1723543,7,50,14818483,459,459,118268772,5,10,1235080,4,12,1723543,5,36,11876578
202007,48,119,3,7,Delta County                  ,0,0,0,0,0,0,0,0,0,0,0,0,0,0,0,0,0,0,0,0,0,0,0,0
202007,48,135,3,7,Ector County                  ,83,83,19349707,0,0,0,0,0,0,0,0,0,83,83,19349707,0,0,0,0,0,0,0,0,0
202007,48,139,3,7,Ellis County                  ,201,201,45467381,1,2,247016,0,0,0,1,5,851124,135,135,31865414,1,2,247016,0,0,0,0,0,0
202007,48,141,3,7,El Paso County                ,307,307,73118035,15,30,3836045,1,4,532501,1,26,2976712,105,105,24478545,12,24,2964192,0,0,0,0,0,0
202007,48,157,3,7,Fort Bend County              ,1036,1036,92940512,0,0,0,0,0,0,7,176,19755120,326,326,75956925,0,0,0,0,0,0,0,0,0
202007,48,167,3,7,Galveston County              ,272,272,57095304,0,0,0,0,0,0,0,0,0,182,182,32350002,0,0,0,0,0,0,0,0,0
202007,48,185,3,7,Grimes County                 ,4,4,526406,0,0,0,0,0,0,0,0,0,4,4,526406,0,0,0,0,0,0,0,0,0
202007,48,187,3,7,Guadalupe County              ,145,145,33107031,6,12,1482096,0,0,0,0,0,0,142,142,32304054,6,12,1482096,0,0,0,0,0,0
202007,48,193,3,7,Hamilton County               ,1,1,80000,0,0,0,0,0,0,0,0,0,0,0,0,0,0,0,0,0,0,0,0,0
202007,48,195,3,7,Hansford County               ,1,1,204898,0,0,0,0,0,0,0,0,0,0,0,0,0,0,0,0,0,0,0,0,0
202007,48,201,3,7,Harris County                 ,2176,2176,409181495,20,40,4394196,0,0,0,22,1316,135982720,2148,2148,401243995,20,40,4394196,0,0,0,22,1316,135982720
202007,48,211,3,7,Hemphill County               ,0,0,0,0,0,0,0,0,0,0,0,0,0,0,0,0,0,0,0,0,0,0,0,0
202007,48,215,3,7,Hidalgo County                ,236,236,45229995,2,4,181500,7,28,2508776,0,0,0,196,196,40402268,2,4,181500,7,28,2508776,0,0,0
202007,48,233,3,7,Hutchinson County             ,0,0,0,0,0,0,0,0,0,0,0,0,0,0,0,0,0,0,0,0,0,0,0,0
202007,48,251,3,7,Johnson County                ,105,105,24120524,3,6,741048,0,0,0,0,0,0,104,104,23883067,3,6,741048,0,0,0,0,0,0
202007,48,257,3,7,Kaufman County                ,87,87,17592539,0,0,0,0,0,0,1,7,734266,83,83,16610235,0,0,0,0,0,0,0,0,0
202007,48,259,3,7,Kendall County                ,39,39,9158002,0,0,0,0,0,0,0,0,0,0,0,0,0,0,0,0,0,0,0,0,0
202007,48,271,3,7,Kinney County                 ,0,0,0,0,0,0,0,0,0,0,0,0,0,0,0,0,0,0,0,0,0,0,0,0
202007,48,281,3,7,Lampasas County               ,5,5,535000,0,0,0,0,0,0,0,0,0,5,5,535000,0,0,0,0,0,0,0,0,0
202007,48,291,3,7,Liberty County                ,109,109,15944426,0,0,0,0,0,0,0,0,0,102,102,14282229,0,0,0,0,0,0,0,0,0
202007,48,303,3,7,Lubbock County                ,156,156,30879106,7,14,1490900,0,0,0,17,301,30143423,154,154,30393606,7,14,1490900,0,0,0,16,296,29784048
202007,48,323,3,7,Maverick County               ,9,9,2103511,0,0,0,0,0,0,0,0,0,0,0,0,0,0,0,0,0,0,0,0,0
202007,48,325,3,7,Medina County                 ,3,3,506024,0,0,0,0,0,0,0,0,0,2,2,356024,0,0,0,0,0,0,0,0,0
202007,48,329,3,7,Midland County                ,42,42,8020395,0,0,0,0,0,0,0,0,0,42,42,8020395,0,0,0,0,0,0,0,0,0
202007,48,339,3,7,Montgomery County             ,950,950,185665592,1,2,100000,0,0,0,2,171,13507205,933,933,181714438,0,0,0,0,0,0,1,166,12945980
202007,48,367,3,7,Parker County                 ,39,39,8777448,1,2,295877,1,3,163068,1,6,522335,18,18,4556688,0,0,0,0,0,0,0,0,0
202007,48,375,3,7,Potter County                 ,67,67,15619643,0,0,0,0,0,0,0,0,0,67,67,15619643,0,0,0,0,0,0,0,0,0
202007,48,383,3,7,Reagan County                 ,0,0,0,0,0,0,0,0,0,0,0,0,0,0,0,0,0,0,0,0,0,0,0,0
202007,48,385,3,7,Real County                   ,0,0,0,0,0,0,0,0,0,0,0,0,0,0,0,0,0,0,0,0,0,0,0,0
202007,48,395,3,7,Robertson County              ,5,5,1045379,0,0,0,0,0,0,0,0,0,5,5,1045379,0,0,0,0,0,0,0,0,0
202007,48,397,3,7,Rockwall County               ,111,111,36670947,0,0,0,0,0,0,0,0,0,72,72,23430593,0,0,0,0,0,0,0,0,0
202007,48,407,3,7,San Jacinto County            ,40,40,8789112,0,0,0,0,0,0,0,0,0,0,0,0,0,0,0,0,0,0,0,0,0
202007,48,411,3,7,San Saba County               ,0,0,0,0,0,0,0,0,0,0,0,0,0,0,0,0,0,0,0,0,0,0,0,0
202007,48,451,3,7,Tom Green County              ,92,92,19234973,0,0,0,0,0,0,0,0,0,92,92,19234973,0,0,0,0,0,0,0,0,0
202007,48,453,3,7,Travis County                 ,1122,1122,248444491,5,10,938555,5,20,2671970,54,1868,185921953,1109,1109,245902919,5,10,938555,5,20,2671970,54,1868,185921953
202007,48,473,3,7,Waller County                 ,2,2,228443,0,0,0,0,0,0,1,6,133084,0,0,0,0,0,0,0,0,0,0,0,0
202007,48,491,3,7,Williamson County             ,478,478,112885409,0,0,0,0,0,0,0,0,0,438,438,102499206,0,0,0,0,0,0,0,0,0
202007,48,493,3,7,Wilson County                 ,18,18,4200125,0,0,0,0,0,0,0,0,0,17,17,3963193,0,0,0,0,0,0,0,0,0
202007,48,497,3,7,Wise County                   ,9,9,2368500,0,0,0,0,0,0,0,0,0,8,8,2113000,0,0,0,0,0,0,0,0,0
202007,49,011,4,8,Davis County                  ,148,148,40750718,0,0,0,0,0,0,3,111,7773972,125,125,34889637,0,0,0,0,0,0,2,106,7188000
202007,49,023,4,8,Juab County                   ,6,6,1737685,2,4,711863,0,0,0,0,0,0,5,5,1361627,2,4,711863,0,0,0,0,0,0
202007,49,029,4,8,Morgan County                 ,6,6,2075791,0,0,0,0,0,0,0,0,0,2,2,987770,0,0,0,0,0,0,0,0,0
202007,49,035,4,8,Salt Lake County              ,358,358,88653154,6,12,1689284,2,7,1444867,7,427,75652559,240,240,58856384,4,8,1160000,1,4,915744,6,404,72601516
202007,49,039,4,8,Sanpete County                ,6,6,1173757,0,0,0,0,0,0,0,0,0,0,0,0,0,0,0,0,0,0,0,0,0
202007,49,043,4,8,Summit County                 ,20,20,12206717,0,0,0,1,3,841530,1,5,854284,7,7,6162088,0,0,0,0,0,0,0,0,0
202007,49,057,4,8,Weber County                  ,167,167,31876902,0,0,0,4,15,2488657,2,10,882460,154,154,29330285,0,0,0,3,12,2278657,0,0,0
202007,51,003,3,5,Albemarle County              ,70,70,21001991,0,0,0,0,0,0,1,21,2029595,0,0,0,0,0,0,0,0,0,0,0,0
202007,51,007,3,5,Amelia County                 ,4,4,923400,0,0,0,0,0,0,0,0,0,4,4,923400,0,0,0,0,0,0,0,0,0
202007,51,009,3,5,Amherst County                ,8,8,1998789,0,0,0,0,0,0,0,0,0,8,8,1998789,0,0,0,0,0,0,0,0,0
202007,51,013,3,5,Arlington County              ,20,20,7815000,0,0,0,0,0,0,0,0,0,20,20,7815000,0,0,0,0,0,0,0,0,0
202007,51,015,3,5,Augusta County                ,20,20,5014200,0,0,0,0,0,0,0,0,0,20,20,5014200,0,0,0,0,0,0,0,0,0
202007,51,019,3,5,Bedford County                ,4,4,927930,1,2,200000,0,0,0,0,0,0,0,0,0,0,0,0,0,0,0,0,0,0
202007,51,033,3,5,Caroline County               ,26,26,4385822,0,0,0,0,0,0,0,0,0,26,26,4385822,0,0,0,0,0,0,0,0,0
202007,51,036,3,5,Charles City County           ,2,2,365987,0,0,0,0,0,0,0,0,0,0,0,0,0,0,0,0,0,0,0,0,0
202007,51,037,3,5,Charlotte County              ,2,2,327222,0,0,0,0,0,0,0,0,0,0,0,0,0,0,0,0,0,0,0,0,0
202007,51,041,3,5,Chesterfield County           ,143,143,29897839,1,2,400000,7,27,2796740,19,324,14460778,143,143,29897839,1,2,400000,7,27,2796740,19,324,14460778
202007,51,043,3,5,Clarke County                 ,8,8,1916846,0,0,0,0,0,0,0,0,0,8,8,1916846,0,0,0,0,0,0,0,0,0
202007,51,049,3,5,Cumberland County             ,2,2,232000,0,0,0,0,0,0,0,0,0,2,2,232000,0,0,0,0,0,0,0,0,0
202007,51,051,3,5,Dickenson County              ,3,3,160000,0,0,0,0,0,0,0,0,0,3,3,160000,0,0,0,0,0,0,0,0,0
202007,51,053,3,5,Dinwiddie County              ,11,11,1399000,0,0,0,0,0,0,0,0,0,11,11,1399000,0,0,0,0,0,0,0,0,0
202007,51,059,3,5,Fairfax County                ,88,88,20532223,0,0,0,0,0,0,1,14,1680000,88,88,20532223,0,0,0,0,0,0,1,14,1680000
202007,51,061,3,5,Fauquier County               ,14,14,4972000,0,0,0,0,0,0,0,0,0,14,14,4972000,0,0,0,0,0,0,0,0,0
202007,51,069,3,5,Frederick County              ,58,58,13889605,0,0,0,0,0,0,0,0,0,58,58,13889605,0,0,0,0,0,0,0,0,0
202007,51,073,3,5,Gloucester County             ,22,22,4269967,0,0,0,0,0,0,0,0,0,22,22,4269967,0,0,0,0,0,0,0,0,0
202007,51,075,3,5,Goochland County              ,30,30,6191388,0,0,0,0,0,0,0,0,0,30,30,6191388,0,0,0,0,0,0,0,0,0
202007,51,085,3,5,Hanover County                ,62,62,12962699,0,0,0,0,0,0,0,0,0,62,62,12962699,0,0,0,0,0,0,0,0,0
202007,51,087,3,5,Henrico County                ,86,86,13848623,4,8,1237187,0,0,0,0,0,0,86,86,13848623,4,8,1237187,0,0,0,0,0,0
202007,51,093,3,5,Isle of Wight County          ,31,31,5936400,0,0,0,0,0,0,0,0,0,31,31,5936400,0,0,0,0,0,0,0,0,0
202007,51,095,3,5,James City County             ,25,25,7956748,0,0,0,0,0,0,1,5,810751,25,25,7956748,0,0,0,0,0,0,1,5,810751
202007,51,097,3,5,King and Queen County         ,3,3,493240,0,0,0,0,0,0,0,0,0,0,0,0,0,0,0,0,0,0,0,0,0
202007,51,099,3,5,King George County            ,12,12,2508910,0,0,0,0,0,0,0,0,0,12,12,2508910,0,0,0,0,0,0,0,0,0
202007,51,107,3,5,Loudoun County                ,171,171,36132709,0,0,0,0,0,0,3,71,7657000,171,171,36132709,0,0,0,0,0,0,3,71,7657000
202007,51,109,3,5,Louisa County                 ,45,45,10988645,0,0,0,0,0,0,0,0,0,45,45,10988645,0,0,0,0,0,0,0,0,0
202007,51,115,3,5,Mathews County                ,2,2,660000,0,0,0,0,0,0,0,0,0,2,2,660000,0,0,0,0,0,0,0,0,0
202007,51,127,3,5,New Kent County               ,29,29,11014000,0,0,0,0,0,0,0,0,0,29,29,11014000,0,0,0,0,0,0,0,0,0
202007,51,139,3,5,Page County                   ,14,14,1150000,0,0,0,0,0,0,0,0,0,14,14,1150000,0,0,0,0,0,0,0,0,0
202007,51,145,3,5,Powhatan County               ,17,17,4339004,0,0,0,0,0,0,0,0,0,17,17,4339004,0,0,0,0,0,0,0,0,0
202007,51,149,3,5,Prince George County          ,10,10,1785000,0,0,0,0,0,0,0,0,0,10,10,1785000,0,0,0,0,0,0,0,0,0
202007,51,153,3,5,Prince William County         ,89,89,17455625,0,0,0,0,0,0,0,0,0,89,89,17455625,0,0,0,0,0,0,0,0,0
202007,51,165,3,5,Rockingham County             ,47,47,15340655,0,0,0,0,0,0,0,0,0,47,47,15340655,0,0,0,0,0,0,0,0,0
202007,51,175,3,5,Southampton County            ,6,6,950232,0,0,0,0,0,0,0,0,0,0,0,0,0,0,0,0,0,0,0,0,0
202007,51,177,3,5,Spotsylvania County           ,73,73,19090652,0,0,0,0,0,0,2,48,5645270,0,0,0,0,0,0,0,0,0,0,0,0
202007,51,179,3,5,Stafford County               ,83,83,19776778,0,0,0,0,0,0,0,0,0,83,83,19776778,0,0,0,0,0,0,0,0,0
202007,51,181,3,5,Surry County                  ,3,3,525025,0,0,0,0,0,0,0,0,0,0,0,0,0,0,0,0,0,0,0,0,0
202007,51,183,3,5,Sussex County                 ,8,8,818953,0,0,0,0,0,0,0,0,0,8,8,818953,0,0,0,0,0,0,0,0,0
202007,51,187,3,5,Warren County                 ,24,24,4923800,0,0,0,0,0,0,0,0,0,24,24,4923800,0,0,0,0,0,0,0,0,0
202007,51,199,3,5,York County                   ,24,24,5595096,0,0,0,0,0,0,0,0,0,24,24,5595096,0,0,0,0,0,0,0,0,0
202007,51,510,3,5,Alexandria (Independent City) ,15,15,16763500,0,0,0,0,0,0,0,0,0,15,15,16763500,0,0,0,0,0,0,0,0,0
202007,51,540,3,5,Charlottesville (Independent C,7,7,2423997,0,0,0,0,0,0,0,0,0,0,0,0,0,0,0,0,0,0,0,0,0
202007,51,550,3,5,Chesapeake(Independent City)  ,88,88,20515352,0,0,0,0,0,0,0,0,0,88,88,20515352,0,0,0,0,0,0,0,0,0
202007,51,570,3,5,Colonial Heights (Independent ,0,0,0,0,0,0,0,0,0,0,0,0,0,0,0,0,0,0,0,0,0,0,0,0
202007,51,580,3,5,Covington (Independent City)  ,1,1,150000,0,0,0,0,0,0,0,0,0,1,1,150000,0,0,0,0,0,0,0,0,0
202007,51,600,3,5,Fairfax (Independent City)    ,1,1,500000,0,0,0,0,0,0,0,0,0,1,1,500000,0,0,0,0,0,0,0,0,0
202007,51,610,3,5,Falls Church (Independent City,1,1,400000,0,0,0,0,0,0,0,0,0,1,1,400000,0,0,0,0,0,0,0,0,0
202007,51,630,3,5,Fredericksburg(Independent Cit,14,14,3193920,0,0,0,0,0,0,0,0,0,14,14,3193920,0,0,0,0,0,0,0,0,0
202007,51,650,3,5,Hampton (Independent City)    ,19,19,1185332,0,0,0,0,0,0,0,0,0,0,0,0,0,0,0,0,0,0,0,0,0
202007,51,660,3,5,Harrisonburg (Independent City,0,0,0,0,0,0,0,0,0,0,0,0,0,0,0,0,0,0,0,0,0,0,0,0
202007,51,670,3,5,Hopewell (Independent City)   ,4,4,371573,0,0,0,0,0,0,1,5,430895,0,0,0,0,0,0,0,0,0,0,0,0
202007,51,680,3,5,Lynchburg (Independent City)  ,86,86,4970000,2,4,173000,0,0,0,9,81,1170000,86,86,4970000,2,4,173000,0,0,0,9,81,1170000
202007,51,683,3,5,Manassas (Independent City)   ,12,12,2845068,0,0,0,0,0,0,0,0,0,0,0,0,0,0,0,0,0,0,0,0,0
202007,51,685,3,5,Manassas Park (Independent Cit,0,0,0,0,0,0,0,0,0,0,0,0,0,0,0,0,0,0,0,0,0,0,0,0
202007,51,700,3,5,Newport News (Independent City,18,18,1845360,0,0,0,0,0,0,0,0,0,18,18,1845360,0,0,0,0,0,0,0,0,0
202007,51,710,3,5,Norfolk (Independent City)    ,42,42,9791418,1,2,420000,0,0,0,0,0,0,42,42,9791418,1,2,420000,0,0,0,0,0,0
202007,51,730,3,5,Petersburg (Independent City) ,0,0,0,0,0,0,0,0,0,0,0,0,0,0,0,0,0,0,0,0,0,0,0,0
202007,51,735,3,5,Poquoson (Independent City)   ,2,2,395923,0,0,0,0,0,0,0,0,0,0,0,0,0,0,0,0,0,0,0,0,0
202007,51,740,3,5,Portsmouth (Independent City) ,67,67,7805221,0,0,0,0,0,0,0,0,0,67,67,7805221,0,0,0,0,0,0,0,0,0
202007,51,760,3,5,Richmond (Independent City)   ,41,41,8572108,0,0,0,0,0,0,0,0,0,41,41,8572108,0,0,0,0,0,0,0,0,0
202007,51,800,3,5,Suffolk (Independent City)    ,69,69,16085901,0,0,0,0,0,0,5,300,34183633,69,69,16085901,0,0,0,0,0,0,5,300,34183633
202007,51,810,3,5,Virginia Beach (Independent Ci,35,35,7066480,0,0,0,0,0,0,0,0,0,35,35,7066480,0,0,0,0,0,0,0,0,0
202007,51,830,3,5,Williamsburg (Independent City,0,0,0,0,0,0,0,0,0,0,0,0,0,0,0,0,0,0,0,0,0,0,0,0
202007,53,005,4,9,Benton County                 ,126,126,35722537,0,0,0,3,10,1585011,1,29,3466192,74,74,20134131,0,0,0,1,4,681857,0,0,0
202007,53,011,4,9,Clark County                  ,352,352,99786232,1,2,402088,0,0,0,8,103,13405747,188,188,48655863,1,2,402088,0,0,0,7,98,12900443
202007,53,021,4,9,Franklin County               ,55,55,15038997,1,2,173640,0,0,0,0,0,0,6,6,2274204,0,0,0,0,0,0,0,0,0
202007,53,031,4,9,Jefferson County              ,14,14,3353684,0,0,0,0,0,0,0,0,0,1,1,118732,0,0,0,0,0,0,0,0,0
202007,53,033,4,9,King County                   ,378,378,145094538,21,42,13504484,17,59,14870764,14,515,86830176,267,267,97684746,21,42,13504484,16,56,14370252,12,425,79121753
202007,53,035,4,9,Kitsap County                 ,72,72,20346634,1,2,168447,0,0,0,2,54,4839339,72,72,20346634,1,2,168447,0,0,0,2,54,4839339
202007,53,053,4,9,Pierce County                 ,255,255,73517136,8,16,2582793,1,4,864151,10,158,17735060,254,254,73055636,8,16,2582793,1,4,864151,10,158,17735060
202007,53,055,4,9,San Juan County               ,12,12,2588416,1,2,237780,0,0,0,0,0,0,0,0,0,0,0,0,0,0,0,0,0,0
202007,53,059,4,9,Skamania County               ,5,5,1001182,0,0,0,0,0,0,0,0,0,5,5,1001182,0,0,0,0,0,0,0,0,0
202007,53,061,4,9,Snohomish County              ,269,269,78810042,3,6,1413903,2,7,1571974,5,89,10716213,237,237,68233358,2,4,942838,2,7,1571974,2,10,2186087
202007,54,011,3,5,Cabell County                 ,11,11,1803373,0,0,0,0,0,0,1,5,632404,2,2,150000,0,0,0,0,0,0,0,0,0
202007,54,015,3,5,Clay County                   ,4,4,100000,0,0,0,0,0,0,0,0,0,0,0,0,0,0,0,0,0,0,0,0,0
202007,54,019,3,5,Fayette County                ,4,4,392586,0,0,0,0,0,0,0,0,0,4,4,392586,0,0,0,0,0,0,0,0,0
202007,54,037,3,5,Jefferson County              ,17,17,6276400,0,0,0,0,0,0,0,0,0,17,17,6276400,0,0,0,0,0,0,0,0,0
202007,54,081,3,5,Raleigh County                ,3,3,483260,0,0,0,0,0,0,0,0,0,3,3,483260,0,0,0,0,0,0,0,0,0
202007,55,025,2,3,Dane County                   ,107,107,36052274,5,10,2111817,1,3,762541,6,331,42793535,71,71,25492161,3,6,1046000,0,0,0,4,309,38250000
202007,55,031,2,3,Douglas County                ,14,14,3256979,1,2,200000,0,0,0,0,0,0,14,14,3256979,1,2,200000,0,0,0,0,0,0
202007,55,037,2,3,Florence County               ,5,5,850000,0,0,0,0,0,0,0,0,0,5,5,850000,0,0,0,0,0,0,0,0,0
202007,55,049,2,3,Iowa County                   ,9,9,2147500,1,2,250000,0,0,0,0,0,0,9,9,2147500,1,2,250000,0,0,0,0,0,0
202007,55,059,2,3,Kenosha County                ,25,25,7282280,0,0,0,0,0,0,0,0,0,21,21,6063846,0,0,0,0,0,0,0,0,0
202007,55,079,2,3,Milwaukee County              ,9,9,2877444,1,2,350000,0,0,0,2,17,1912500,8,8,2637044,1,2,350000,0,0,0,2,17,1912500
202007,55,089,2,3,Ozaukee County                ,41,41,21331915,3,6,1542997,0,0,0,0,0,0,38,38,20345284,3,6,1542997,0,0,0,0,0,0
202007,55,093,2,3,Pierce County                 ,19,19,4709307,0,0,0,0,0,0,0,0,0,18,18,4438575,0,0,0,0,0,0,0,0,0
202007,55,109,2,3,St. Croix County              ,42,42,9479593,1,2,372000,0,0,0,0,0,0,26,26,5546931,0,0,0,0,0,0,0,0,0
202007,55,131,2,3,Washington County             ,31,31,10021795,3,6,1090000,0,0,0,0,0,0,22,22,6340250,3,6,1090000,0,0,0,0,0,0
202007,56,029,4,8,Park County                   ,28,28,7772476,0,0,0,0,0,0,0,0,0,23,23,6827178,0,0,0,0,0,0,0,0,0
202007,56,039,4,8,Teton County                  ,23,23,49441670,2,4,5823319,0,0,0,0,0,0,20,20,47873600,1,2,5200000,0,0,0,0,0,0
