Survey,FIPS,FIPS,Region,Division,County,,1-unit,,,2-units,,,3-4 units,,,5+ units,,,1-unit rep,,,2-units rep,,,3-4 units rep,,, 5+units rep
Date,State,County,Code,Code,Name,Bldgs,Units,Value,Bldgs,Units,Value,Bldgs,Units,Value,Bldgs,Units,Value,Bldgs,Units,Value,Bldgs,Units,Value,Bldgs,Units,Value,Bldgs,Units,Value
 
202006,01,001,3,6,Autauga County                ,27,27,7993603,0,0,0,0,0,0,0,0,0,27,27,7993603,0,0,0,0,0,0,0,0,0
202006,01,007,3,6,Bibb County                   ,1,1,208980,0,0,0,0,0,0,0,0,0,0,0,0,0,0,0,0,0,0,0,0,0
202006,01,009,3,6,Blount County                 ,2,2,353129,0,0,0,0,0,0,0,0,0,2,2,353129,0,0,0,0,0,0,0,0,0
202006,01,021,3,6,Chilton County                ,5,5,585000,0,0,0,0,0,0,0,0,0,5,5,585000,0,0,0,0,0,0,0,0,0
202006,01,073,3,6,Jefferson County              ,134,134,41897990,2,4,739869,0,0,0,10,213,21736074,91,91,32806175,2,4,739869,0,0,0,8,200,20330546
202006,01,081,3,6,Lee County                    ,103,103,29348076,3,6,1296281,0,0,0,0,0,0,73,73,22309865,2,4,867011,0,0,0,0,0,0
202006,01,083,3,6,Limestone County              ,29,29,6656183,0,0,0,0,0,0,0,0,0,28,28,6527612,0,0,0,0,0,0,0,0,0
202006,01,089,3,6,Madison County                ,278,278,40449263,0,0,0,0,0,0,0,0,0,173,173,19305151,0,0,0,0,0,0,0,0,0
202006,01,113,3,6,Russell County                ,11,11,1777074,0,0,0,0,0,0,0,0,0,11,11,1777074,0,0,0,0,0,0,0,0,0
202006,01,115,3,6,St. Clair County              ,49,49,6240106,0,0,0,0,0,0,0,0,0,41,41,4713350,0,0,0,0,0,0,0,0,0
202006,01,117,3,6,Shelby County                 ,120,120,33147782,0,0,0,0,0,0,0,0,0,71,71,19233411,0,0,0,0,0,0,0,0,0
202006,01,127,3,6,Walker County                 ,10,10,1413697,0,0,0,0,0,0,0,0,0,10,10,1413697,0,0,0,0,0,0,0,0,0
202006,02,013,4,9,Aleutians East Borough        ,0,0,0,0,0,0,0,0,0,0,0,0,0,0,0,0,0,0,0,0,0,0,0,0
202006,02,016,4,9,Aleutians West Census Area    ,0,0,0,0,0,0,0,0,0,0,0,0,0,0,0,0,0,0,0,0,0,0,0,0
202006,02,020,4,9,Anchorage Municipality        ,79,79,24747678,0,0,0,1,4,694844,1,11,1739051,0,0,0,0,0,0,0,0,0,0,0,0
202006,02,050,4,9,Bethel Census Area            ,0,0,0,0,0,0,0,0,0,0,0,0,0,0,0,0,0,0,0,0,0,0,0,0
202006,02,060,4,9,Bristol Bay Borough           ,1,1,115625,0,0,0,0,0,0,0,0,0,0,0,0,0,0,0,0,0,0,0,0,0
202006,02,070,4,9,Dillingham Census Area        ,0,0,0,0,0,0,0,0,0,0,0,0,0,0,0,0,0,0,0,0,0,0,0,0
202006,02,090,4,9,Fairbanks North Star Borough  ,0,0,0,0,0,0,0,0,0,0,0,0,0,0,0,0,0,0,0,0,0,0,0,0
202006,02,100,4,9,Haines Borough                ,0,0,0,0,0,0,0,0,0,0,0,0,0,0,0,0,0,0,0,0,0,0,0,0
202006,02,105,4,9,Hoonah-Angoon Census Area     ,0,0,0,0,0,0,0,0,0,1,16,7000000,0,0,0,0,0,0,0,0,0,1,16,7000000
202006,02,110,4,9,Juneau City and Borough       ,4,4,1153243,0,0,0,0,0,0,0,0,0,4,4,1153243,0,0,0,0,0,0,0,0,0
202006,02,122,4,9,Kenai Peninsula Borough       ,9,9,2405336,0,0,0,0,0,0,0,0,0,1,1,360000,0,0,0,0,0,0,0,0,0
202006,02,130,4,9,Ketchikan Gateway Borough     ,6,6,1781003,0,0,0,0,0,0,0,0,0,6,6,1781003,0,0,0,0,0,0,0,0,0
202006,02,150,4,9,Kodiak Island Borough         ,3,3,622192,1,2,495399,0,0,0,0,0,0,3,3,622192,1,2,495399,0,0,0,0,0,0
202006,02,170,4,9,Matanuska-Susitna Borough     ,4,4,920067,0,0,0,0,0,0,0,0,0,3,3,637232,0,0,0,0,0,0,0,0,0
202006,02,180,4,9,Nome Census Area              ,1,1,181950,0,0,0,0,0,0,0,0,0,0,0,0,0,0,0,0,0,0,0,0,0
202006,02,185,4,9,North Slope Borough           ,0,0,0,0,0,0,0,0,0,0,0,0,0,0,0,0,0,0,0,0,0,0,0,0
202006,02,188,4,9,Northwest Arctic Borough      ,0,0,0,0,0,0,0,0,0,0,0,0,0,0,0,0,0,0,0,0,0,0,0,0
202006,02,195,4,9,Petersburg Borough            ,1,1,193487,0,0,0,0,0,0,0,0,0,0,0,0,0,0,0,0,0,0,0,0,0
202006,02,198,4,9,Prince of Wales-Hyder Census A,0,0,0,0,0,0,0,0,0,0,0,0,0,0,0,0,0,0,0,0,0,0,0,0
202006,02,220,4,9,Sitka City and Borough        ,1,1,205113,0,0,0,0,0,0,0,0,0,0,0,0,0,0,0,0,0,0,0,0,0
202006,02,230,4,9,Skagway Municipality          ,1,1,300000,0,0,0,0,0,0,0,0,0,1,1,300000,0,0,0,0,0,0,0,0,0
202006,02,261,4,9,Valdez-Cordova Census Area    ,2,2,417400,0,0,0,0,0,0,0,0,0,0,0,0,0,0,0,0,0,0,0,0,0
202006,02,275,4,9,Wrangell City and Borough     ,2,2,465000,0,0,0,0,0,0,0,0,0,2,2,465000,0,0,0,0,0,0,0,0,0
202006,02,282,4,9,Yakutat City and Borough      ,0,0,0,0,0,0,0,0,0,0,0,0,0,0,0,0,0,0,0,0,0,0,0,0
202006,02,290,4,9,Yukon-Koyukuk Census Area     ,0,0,0,0,0,0,0,0,0,0,0,0,0,0,0,0,0,0,0,0,0,0,0,0
202006,04,013,4,8,Maricopa County               ,2100,2100,589616770,38,76,10811598,9,31,3175077,50,1636,212679783,2054,2054,567174913,37,74,10551918,8,28,2743827,49,1556,198757957
202006,04,019,4,8,Pima County                   ,422,422,126761941,2,4,474101,0,0,0,4,50,7512280,328,328,102650312,0,0,0,0,0,0,0,0,0
202006,04,021,4,8,Pinal County                  ,442,442,90629510,0,0,0,0,0,0,0,0,0,412,412,85594073,0,0,0,0,0,0,0,0,0
202006,05,013,3,7,Calhoun County                ,0,0,0,0,0,0,0,0,0,0,0,0,0,0,0,0,0,0,0,0,0,0,0,0
202006,05,035,3,7,Crittenden County             ,5,5,1166053,0,0,0,0,0,0,0,0,0,4,4,933000,0,0,0,0,0,0,0,0,0
202006,05,043,3,7,Drew County                   ,1,1,62167,0,0,0,0,0,0,0,0,0,0,0,0,0,0,0,0,0,0,0,0,0
202006,05,045,3,7,Faulkner County               ,26,26,5651505,1,2,151668,0,0,0,1,10,273581,2,2,455000,0,0,0,0,0,0,0,0,0
202006,05,053,3,7,Grant County                  ,3,3,503793,0,0,0,0,0,0,0,0,0,0,0,0,0,0,0,0,0,0,0,0,0
202006,05,085,3,7,Lonoke County                 ,27,27,2781478,0,0,0,0,0,0,0,0,0,5,5,879840,0,0,0,0,0,0,0,0,0
202006,05,087,3,7,Madison County                ,2,2,330000,0,0,0,0,0,0,0,0,0,2,2,330000,0,0,0,0,0,0,0,0,0
202006,05,091,3,7,Miller County                 ,2,2,559000,0,0,0,0,0,0,0,0,0,2,2,559000,0,0,0,0,0,0,0,0,0
202006,05,105,3,7,Perry County                  ,0,0,0,0,0,0,0,0,0,0,0,0,0,0,0,0,0,0,0,0,0,0,0,0
202006,05,119,3,7,Pulaski County                ,65,65,20426693,0,0,0,17,51,3823300,0,0,0,65,65,20426693,0,0,0,17,51,3823300,0,0,0
202006,05,129,3,7,Searcy County                 ,0,0,0,0,0,0,0,0,0,0,0,0,0,0,0,0,0,0,0,0,0,0,0,0
202006,05,143,3,7,Washington County             ,143,143,38647687,3,6,955923,9,35,5046383,9,54,7977319,143,143,38647687,3,6,955923,9,35,5046383,9,54,7977319
202006,06,001,4,9,Alameda County                ,177,177,56545425,3,6,1391361,2,8,2153989,5,105,19173810,58,58,18157016,3,6,1391361,1,4,1011708,0,0,0
202006,06,013,4,9,Contra Costa County           ,153,153,46938505,1,2,750000,0,0,0,1,23,3476973,121,121,38819773,0,0,0,0,0,0,0,0,0
202006,06,017,4,9,El Dorado County              ,55,55,18806265,0,0,0,0,0,0,0,0,0,55,55,18806265,0,0,0,0,0,0,0,0,0
202006,06,019,4,9,Fresno County                 ,285,285,85440502,3,6,1040733,0,0,0,6,45,6592144,142,142,40662355,0,0,0,0,0,0,2,16,2965955
202006,06,037,4,9,Los Angeles County            ,421,421,148771135,20,40,8233305,3,10,2245934,20,613,130519200,312,312,108263308,18,36,7507908,1,4,940186,12,551,119125277
202006,06,041,4,9,Marin County                  ,7,7,6830583,1,2,1531250,0,0,0,0,0,0,4,4,3575000,0,0,0,0,0,0,0,0,0
202006,06,059,4,9,Orange County                 ,281,281,90750582,6,12,3480600,7,24,4384910,8,59,12718259,216,216,58584419,4,8,2147243,7,24,4384910,6,36,7873721
202006,06,061,4,9,Placer County                 ,192,192,63604351,2,4,941539,0,0,0,3,56,7855342,189,189,62262461,2,4,941539,0,0,0,3,56,7855342
202006,06,063,4,9,Plumas County                 ,1,1,226440,0,0,0,0,0,0,0,0,0,1,1,226440,0,0,0,0,0,0,0,0,0
202006,06,067,4,9,Sacramento County             ,306,306,90565823,0,0,0,0,0,0,15,559,59005147,306,306,90565823,0,0,0,0,0,0,15,559,59005147
202006,06,069,4,9,San Benito County             ,43,43,11866435,0,0,0,0,0,0,0,0,0,36,36,8674851,0,0,0,0,0,0,0,0,0
202006,06,071,4,9,San Bernardino County         ,401,401,106990814,42,84,8458828,3,12,1459256,9,58,9954211,369,369,98525728,42,84,8458828,3,12,1459256,8,53,9678349
202006,06,073,4,9,San Diego County              ,327,327,85352403,4,8,1305214,8,25,3548983,9,483,95454650,326,326,85250280,4,8,1305214,8,25,3548983,8,477,94812160
202006,06,075,4,9,San Francisco County          ,5,5,1388417,0,0,0,1,3,508274,4,261,102000000,5,5,1388417,0,0,0,1,3,508274,4,261,102000000
202006,06,081,4,9,San Mateo County              ,38,38,26063300,0,0,0,0,0,0,3,36,10047871,20,20,14724535,0,0,0,0,0,0,0,0,0
202006,06,085,4,9,Santa Clara County            ,138,138,55776234,1,2,592814,1,3,720859,4,62,12888741,75,75,34538448,0,0,0,1,3,720859,0,0,0
202006,06,091,4,9,Sierra County                 ,1,1,296834,0,0,0,0,0,0,0,0,0,1,1,296834,0,0,0,0,0,0,0,0,0
202006,06,113,4,9,Yolo County                   ,79,79,25770513,0,0,0,0,0,0,0,0,0,76,76,24751723,0,0,0,0,0,0,0,0,0
202006,08,001,4,8,Adams County                  ,283,283,81863253,2,4,396787,0,0,0,0,0,0,283,283,81863253,2,4,396787,0,0,0,0,0,0
202006,08,005,4,8,Arapahoe County               ,333,333,86282500,0,0,0,1,3,349052,4,232,20842457,325,325,84044754,0,0,0,0,0,0,4,232,20842457
202006,08,014,4,8,Broomfield County             ,18,18,7864029,10,20,2314239,0,0,0,0,0,0,18,18,7864029,10,20,2314239,0,0,0,0,0,0
202006,08,015,4,8,Chaffee County                ,16,16,4128120,0,0,0,1,3,549700,0,0,0,0,0,0,0,0,0,0,0,0,0,0,0
202006,08,019,4,8,Clear Creek County            ,2,2,570582,0,0,0,0,0,0,0,0,0,0,0,0,0,0,0,0,0,0,0,0,0
202006,08,031,4,8,Denver County                 ,85,85,23603082,0,0,0,0,0,0,6,317,34419543,85,85,23603082,0,0,0,0,0,0,6,317,34419543
202006,08,035,4,8,Douglas County                ,240,240,74722600,3,6,1258967,2,6,1126849,0,0,0,236,236,73186306,3,6,1258967,2,6,1126849,0,0,0
202006,08,039,4,8,Elbert County                 ,35,35,10933319,0,0,0,0,0,0,0,0,0,28,28,9117991,0,0,0,0,0,0,0,0,0
202006,08,041,4,8,El Paso County                ,374,374,134119556,0,0,0,0,0,0,0,0,0,374,374,134119556,0,0,0,0,0,0,0,0,0
202006,08,047,4,8,Gilpin County                 ,6,6,1666100,0,0,0,0,0,0,0,0,0,6,6,1666100,0,0,0,0,0,0,0,0,0
202006,08,059,4,8,Jefferson County              ,51,51,17823199,0,0,0,0,0,0,0,0,0,51,51,17823199,0,0,0,0,0,0,0,0,0
202006,08,069,4,8,Larimer County                ,166,166,47769196,1,2,337552,0,0,0,0,0,0,166,166,47769196,1,2,337552,0,0,0,0,0,0
202006,08,077,4,8,Mesa County                   ,61,61,10074076,0,0,0,0,0,0,0,0,0,61,61,10074076,0,0,0,0,0,0,0,0,0
202006,08,093,4,8,Park County                   ,18,18,4998300,0,0,0,0,0,0,0,0,0,18,18,4998300,0,0,0,0,0,0,0,0,0
202006,08,101,4,8,Pueblo County                 ,48,48,7194978,0,0,0,0,0,0,0,0,0,48,48,7194978,0,0,0,0,0,0,0,0,0
202006,08,119,4,8,Teller County                 ,11,11,3849293,0,0,0,0,0,0,0,0,0,11,11,3849293,0,0,0,0,0,0,0,0,0
202006,09,001,1,1,Fairfield County              ,71,71,38896647,1,2,151562,0,0,0,3,34,9722099,46,46,21108073,0,0,0,0,0,0,1,15,2800000
202006,09,003,1,1,Hartford County               ,51,51,11619886,0,0,0,1,4,529870,2,11,805773,30,30,8102440,0,0,0,1,4,529870,0,0,0
202006,09,007,1,1,Middlesex County              ,10,10,3005075,0,0,0,0,0,0,0,0,0,6,6,2095000,0,0,0,0,0,0,0,0,0
202006,09,013,1,1,Tolland County                ,12,12,2442844,0,0,0,0,0,0,2,44,2484462,7,7,1289480,0,0,0,0,0,0,1,36,1502622
202006,10,001,3,5,Kent County                   ,144,144,21461037,0,0,0,0,0,0,0,0,0,135,135,19612200,0,0,0,0,0,0,0,0,0
202006,10,003,3,5,New Castle County             ,109,109,11271267,0,0,0,3,12,2851173,9,69,12662910,11,11,1524092,0,0,0,3,12,2851173,7,59,11827552
202006,10,005,3,5,Sussex County                 ,247,247,34083488,9,18,2549405,0,0,0,4,25,4127203,247,247,34083488,9,18,2549405,0,0,0,4,25,4127203
202006,11,001,3,5,Washington  DC                ,13,13,3030677,2,4,494032,0,0,0,4,1008,120816258,13,13,3030677,2,4,494032,0,0,0,4,1008,120816258
202006,12,003,3,5,Baker County                  ,13,13,2229614,0,0,0,0,0,0,0,0,0,13,13,2229614,0,0,0,0,0,0,0,0,0
202006,12,019,3,5,Clay County                   ,80,80,17244901,1,2,250000,0,0,0,1,17,3000000,80,80,17244901,1,2,250000,0,0,0,1,17,3000000
202006,12,029,3,5,Dixie County                  ,3,3,378970,0,0,0,0,0,0,0,0,0,0,0,0,0,0,0,0,0,0,0,0,0
202006,12,031,3,5,Duval County                  ,423,423,101099295,13,26,3211208,0,0,0,9,309,37035936,423,423,101099295,13,26,3211208,0,0,0,9,309,37035936
202006,12,033,3,5,Escambia County               ,156,156,37088705,2,4,180000,0,0,0,0,0,0,156,156,37088705,2,4,180000,0,0,0,0,0,0
202006,12,053,3,5,Hernando County               ,72,72,16395268,0,0,0,0,0,0,0,0,0,72,72,16395268,0,0,0,0,0,0,0,0,0
202006,12,057,3,5,Hillsborough County           ,797,797,248633206,0,0,0,0,0,0,2,426,69000000,797,797,248633206,0,0,0,0,0,0,2,426,69000000
202006,12,067,3,5,Lafayette County              ,1,1,233105,0,0,0,0,0,0,0,0,0,0,0,0,0,0,0,0,0,0,0,0,0
202006,12,071,3,5,Lee County                    ,554,554,112846752,13,26,3276172,3,12,3826623,7,365,41829294,548,548,111434026,13,26,3276172,3,12,3826623,6,348,40374172
202006,12,073,3,5,Leon County                   ,63,63,12454363,1,2,221600,0,0,0,4,96,12334054,0,0,0,0,0,0,0,0,0,0,0,0
202006,12,081,3,5,Manatee County                ,376,376,81685525,8,16,1023200,4,16,1952002,2,52,4002411,364,364,76966851,8,16,1023200,3,12,1437060,1,30,1621616
202006,12,086,3,5,Miami-Dade County             ,179,179,47076916,21,42,12947555,1,3,834050,14,453,77932575,150,150,35200524,21,42,12947555,1,3,834050,12,443,77347335
202006,12,089,3,5,Nassau County                 ,80,80,24399050,0,0,0,0,0,0,0,0,0,63,63,20736441,0,0,0,0,0,0,0,0,0
202006,12,091,3,5,Okaloosa County               ,89,89,27860053,0,0,0,0,0,0,0,0,0,69,69,22729503,0,0,0,0,0,0,0,0,0
202006,12,095,3,5,Orange County                 ,436,436,120014638,24,48,9065766,3,12,2174696,4,110,14574335,396,396,106016735,24,48,9065766,3,12,2174696,4,110,14574335
202006,12,097,3,5,Osceola County                ,339,339,63093838,0,0,0,0,0,0,1,92,8706067,339,339,63093838,0,0,0,0,0,0,1,92,8706067
202006,12,101,3,5,Pasco County                  ,204,204,43552836,1,2,280000,1,4,51000,1,5,431250,198,198,42711049,0,0,0,1,4,51000,0,0,0
202006,12,103,3,5,Pinellas County               ,64,64,18351578,2,4,381190,0,0,0,1,122,11875375,55,55,14958496,2,4,381190,0,0,0,1,122,11875375
202006,12,109,3,5,St. Johns County              ,463,463,109246499,0,0,0,1,4,698650,0,0,0,463,463,109246499,0,0,0,1,4,698650,0,0,0
202006,12,113,3,5,Santa Rosa County             ,60,60,27963142,0,0,0,0,0,0,0,0,0,60,60,27963142,0,0,0,0,0,0,0,0,0
202006,12,115,3,5,Sarasota County               ,300,300,91355850,0,0,0,1,4,1122578,1,26,2689415,285,285,86310508,0,0,0,1,4,1122578,0,0,0
202006,12,117,3,5,Seminole County               ,142,142,42648766,0,0,0,0,0,0,2,39,3652885,135,135,41156363,0,0,0,0,0,0,0,0,0
202006,12,119,3,5,Sumter County                 ,238,238,64736244,0,0,0,1,4,896000,0,0,0,238,238,64736244,0,0,0,1,4,896000,0,0,0
202006,12,129,3,5,Wakulla County                ,34,34,5326000,0,0,0,0,0,0,0,0,0,34,34,5326000,0,0,0,0,0,0,0,0,0
202006,12,131,3,5,Walton County                 ,120,120,42978181,0,0,0,0,0,0,0,0,0,120,120,42978181,0,0,0,0,0,0,0,0,0
202006,12,133,3,5,Washington County             ,7,7,1034098,0,0,0,0,0,0,0,0,0,0,0,0,0,0,0,0,0,0,0,0,0
202006,13,007,3,5,Baker County                  ,0,0,0,0,0,0,0,0,0,0,0,0,0,0,0,0,0,0,0,0,0,0,0,0
202006,13,013,3,5,Barrow County                 ,74,74,10450264,0,0,0,0,0,0,0,0,0,59,59,8226460,0,0,0,0,0,0,0,0,0
202006,13,015,3,5,Bartow County                 ,64,64,10130613,0,0,0,0,0,0,0,0,0,64,64,10130613,0,0,0,0,0,0,0,0,0
202006,13,021,3,5,Bibb County                   ,12,12,2121712,0,0,0,0,0,0,0,0,0,0,0,0,0,0,0,0,0,0,0,0,0
202006,13,029,3,5,Bryan County                  ,35,35,9400145,0,0,0,0,0,0,0,0,0,35,35,9400145,0,0,0,0,0,0,0,0,0
202006,13,033,3,5,Burke County                  ,6,6,1134495,0,0,0,0,0,0,0,0,0,0,0,0,0,0,0,0,0,0,0,0,0
202006,13,035,3,5,Butts County                  ,15,15,4400400,0,0,0,0,0,0,0,0,0,15,15,4400400,0,0,0,0,0,0,0,0,0
202006,13,045,3,5,Carroll County                ,110,110,26920792,0,0,0,0,0,0,0,0,0,98,98,24703882,0,0,0,0,0,0,0,0,0
202006,13,051,3,5,Chatham County                ,77,77,16884147,0,0,0,0,0,0,0,0,0,19,19,4374650,0,0,0,0,0,0,0,0,0
202006,13,057,3,5,Cherokee County               ,95,95,26628552,0,0,0,1,4,968222,0,0,0,95,95,26628552,0,0,0,1,4,968222,0,0,0
202006,13,059,3,5,Clarke County                 ,36,36,6679803,0,0,0,0,0,0,0,0,0,36,36,6679803,0,0,0,0,0,0,0,0,0
202006,13,063,3,5,Clayton County                ,47,47,8700288,0,0,0,0,0,0,0,0,0,47,47,8700288,0,0,0,0,0,0,0,0,0
202006,13,067,3,5,Cobb County                   ,143,143,43382741,0,0,0,2,8,1473836,10,143,17411880,143,143,43382741,0,0,0,2,8,1473836,10,143,17411880
202006,13,073,3,5,Columbia County               ,120,120,23360542,0,0,0,1,4,377040,0,0,0,35,35,6841265,0,0,0,1,4,377040,0,0,0
202006,13,077,3,5,Coweta County                 ,87,87,30389830,0,0,0,0,0,0,0,0,0,80,80,28386943,0,0,0,0,0,0,0,0,0
202006,13,085,3,5,Dawson County                 ,58,58,15823409,0,0,0,0,0,0,0,0,0,58,58,15823409,0,0,0,0,0,0,0,0,0
202006,13,095,3,5,Dougherty County              ,2,2,410153,0,0,0,0,0,0,1,17,2537585,0,0,0,0,0,0,0,0,0,0,0,0
202006,13,097,3,5,Douglas County                ,30,30,2850145,0,0,0,0,0,0,0,0,0,30,30,2850145,0,0,0,0,0,0,0,0,0
202006,13,111,3,5,Fannin County                 ,30,30,6272274,0,0,0,0,0,0,0,0,0,30,30,6272274,0,0,0,0,0,0,0,0,0
202006,13,113,3,5,Fayette County                ,41,41,12510869,0,0,0,0,0,0,0,0,0,18,18,5415405,0,0,0,0,0,0,0,0,0
202006,13,115,3,5,Floyd County                  ,27,27,6153102,0,0,0,0,0,0,0,0,0,27,27,6153102,0,0,0,0,0,0,0,0,0
202006,13,117,3,5,Forsyth County                ,149,149,34736221,0,0,0,0,0,0,0,0,0,149,149,34736221,0,0,0,0,0,0,0,0,0
202006,13,121,3,5,Fulton County                 ,254,254,63960145,1,2,247016,0,0,0,4,140,14595148,190,190,54008188,1,2,247016,0,0,0,4,140,14595148
202006,13,127,3,5,Glynn County                  ,18,18,4788505,1,2,500000,0,0,0,0,0,0,18,18,4788505,1,2,500000,0,0,0,0,0,0
202006,13,135,3,5,Gwinnett County               ,262,262,65290640,0,0,0,0,0,0,1,6,1800000,259,259,64240640,0,0,0,0,0,0,0,0,0
202006,13,143,3,5,Haralson County               ,4,4,915624,0,0,0,0,0,0,0,0,0,0,0,0,0,0,0,0,0,0,0,0,0
202006,13,145,3,5,Harris County                 ,29,29,7566390,0,0,0,0,0,0,0,0,0,29,29,7566390,0,0,0,0,0,0,0,0,0
202006,13,149,3,5,Heard County                  ,3,3,707167,0,0,0,0,0,0,0,0,0,1,1,233129,0,0,0,0,0,0,0,0,0
202006,13,151,3,5,Henry County                  ,164,164,40664996,0,0,0,0,0,0,0,0,0,123,123,34394749,0,0,0,0,0,0,0,0,0
202006,13,159,3,5,Jasper County                 ,7,7,937818,0,0,0,0,0,0,0,0,0,0,0,0,0,0,0,0,0,0,0,0,0
202006,13,171,3,5,Lamar County                  ,11,11,2190000,0,0,0,0,0,0,0,0,0,11,11,2190000,0,0,0,0,0,0,0,0,0
202006,13,177,3,5,Lee County                    ,9,9,681181,0,0,0,0,0,0,0,0,0,9,9,681181,0,0,0,0,0,0,0,0,0
202006,13,179,3,5,Liberty County                ,29,29,5387865,0,0,0,0,0,0,0,0,0,29,29,5387865,0,0,0,0,0,0,0,0,0
202006,13,189,3,5,McDuffie County               ,6,6,1065000,0,0,0,0,0,0,0,0,0,6,6,1065000,0,0,0,0,0,0,0,0,0
202006,13,199,3,5,Meriwether County             ,3,3,300224,0,0,0,0,0,0,0,0,0,2,2,232224,0,0,0,0,0,0,0,0,0
202006,13,201,3,5,Miller County                 ,1,1,254837,0,0,0,0,0,0,0,0,0,1,1,254837,0,0,0,0,0,0,0,0,0
202006,13,207,3,5,Monroe County                 ,24,24,5840175,0,0,0,0,0,0,0,0,0,24,24,5840175,0,0,0,0,0,0,0,0,0
202006,13,215,3,5,Muscogee County               ,27,27,5093196,0,0,0,1,3,95320,1,27,3832457,0,0,0,0,0,0,0,0,0,0,0,0
202006,13,217,3,5,Newton County                 ,70,70,10244495,0,0,0,1,4,440000,0,0,0,70,70,10244495,0,0,0,1,4,440000,0,0,0
202006,13,227,3,5,Pickens County                ,13,13,3370000,0,0,0,0,0,0,0,0,0,13,13,3370000,0,0,0,0,0,0,0,0,0
202006,13,231,3,5,Pike County                   ,21,21,4895709,0,0,0,0,0,0,0,0,0,21,21,4895709,0,0,0,0,0,0,0,0,0
202006,13,235,3,5,Pulaski County                ,3,3,350000,0,0,0,0,0,0,0,0,0,3,3,350000,0,0,0,0,0,0,0,0,0
202006,13,245,3,5,Richmond County               ,34,34,5403369,0,0,0,0,0,0,1,5,287197,1,1,180000,0,0,0,0,0,0,0,0,0
202006,13,247,3,5,Rockdale County               ,3,3,699387,0,0,0,0,0,0,0,0,0,3,3,699387,0,0,0,0,0,0,0,0,0
202006,13,255,3,5,Spalding County               ,13,13,1754666,0,0,0,0,0,0,0,0,0,12,12,1676216,0,0,0,0,0,0,0,0,0
202006,13,275,3,5,Thomas County                 ,5,5,1283400,0,0,0,0,0,0,0,0,0,5,5,1283400,0,0,0,0,0,0,0,0,0
202006,13,291,3,5,Union County                  ,21,21,7314687,0,0,0,0,0,0,0,0,0,21,21,7314687,0,0,0,0,0,0,0,0,0
202006,15,001,4,9,Hawaii County                 ,55,55,37852580,0,0,0,0,0,0,0,0,0,55,55,37852580,0,0,0,0,0,0,0,0,0
202006,15,003,4,9,Honolulu County               ,87,87,35688561,0,0,0,1,3,1948873,3,86,16105880,0,0,0,0,0,0,0,0,0,0,0,0
202006,15,007,4,9,Kauai County                  ,16,16,11688559,0,0,0,0,0,0,0,0,0,16,16,11688559,0,0,0,0,0,0,0,0,0
202006,15,009,4,9,Maui County                   ,36,36,35129285,0,0,0,0,0,0,1,83,21510000,36,36,35129285,0,0,0,0,0,0,1,83,21510000
202006,16,001,4,8,Ada County                    ,405,405,113878096,2,4,364395,0,0,0,11,68,9981046,405,405,113878096,2,4,364395,0,0,0,11,68,9981046
202006,16,015,4,8,Boise County                  ,13,13,4089427,0,0,0,0,0,0,0,0,0,12,12,3935757,0,0,0,0,0,0,0,0,0
202006,16,027,4,8,Canyon County                 ,170,170,27492210,1,2,472576,0,0,0,3,26,2195702,152,152,23498384,1,2,472576,0,0,0,3,26,2195702
202006,16,045,4,8,Gem County                    ,12,12,3332200,0,0,0,0,0,0,0,0,0,12,12,3332200,0,0,0,0,0,0,0,0,0
202006,16,073,4,8,Owyhee County                 ,1,1,186595,0,0,0,0,0,0,0,0,0,0,0,0,0,0,0,0,0,0,0,0,0
202006,17,005,2,3,Bond County                   ,1,1,176208,0,0,0,0,0,0,0,0,0,0,0,0,0,0,0,0,0,0,0,0,0
202006,17,013,2,3,Calhoun County                ,0,0,0,0,0,0,0,0,0,0,0,0,0,0,0,0,0,0,0,0,0,0,0,0
202006,17,031,2,3,Cook County                   ,84,84,31943378,5,10,2160500,12,38,6991641,10,166,26979839,56,56,23192501,5,10,2160500,11,35,6826500,9,151,22686000
202006,17,037,2,3,DeKalb County                 ,6,6,1785000,0,0,0,0,0,0,0,0,0,6,6,1785000,0,0,0,0,0,0,0,0,0
202006,17,039,2,3,De Witt County                ,3,3,900000,0,0,0,0,0,0,0,0,0,3,3,900000,0,0,0,0,0,0,0,0,0
202006,17,043,2,3,DuPage County                 ,76,76,27184111,0,0,0,0,0,0,2,121,8459354,68,68,23677024,0,0,0,0,0,0,1,112,6900000
202006,17,063,2,3,Grundy County                 ,13,13,4043186,1,2,480000,0,0,0,0,0,0,12,12,3901686,1,2,480000,0,0,0,0,0,0
202006,17,083,2,3,Jersey County                 ,6,6,1611375,0,0,0,0,0,0,0,0,0,1,1,122052,0,0,0,0,0,0,0,0,0
202006,17,093,2,3,Kendall County                ,39,39,8073922,0,0,0,0,0,0,0,0,0,29,29,6318505,0,0,0,0,0,0,0,0,0
202006,17,097,2,3,Lake County                   ,38,38,11931943,0,0,0,0,0,0,1,5,1029110,16,16,4167485,0,0,0,0,0,0,0,0,0
202006,17,111,2,3,McHenry County                ,48,48,11118874,0,0,0,0,0,0,0,0,0,41,41,10097662,0,0,0,0,0,0,0,0,0
202006,17,119,2,3,Madison County                ,48,48,12551959,1,2,403812,0,0,0,0,0,0,39,39,10545994,0,0,0,0,0,0,0,0,0
202006,17,133,2,3,Monroe County                 ,12,12,3539758,1,2,300708,0,0,0,0,0,0,12,12,3539758,1,2,300708,0,0,0,0,0,0
202006,17,197,2,3,Will County                   ,112,112,32127227,1,2,387505,1,4,523189,0,0,0,110,110,31804257,1,2,387505,1,4,523189,0,0,0
202006,18,003,2,3,Allen County                  ,111,111,30906774,2,4,280000,0,0,0,0,0,0,111,111,30906774,2,4,280000,0,0,0,0,0,0
202006,18,011,2,3,Boone County                  ,49,49,12779627,0,0,0,0,0,0,0,0,0,47,47,12233071,0,0,0,0,0,0,0,0,0
202006,18,013,2,3,Brown County                  ,6,6,1670636,0,0,0,0,0,0,0,0,0,6,6,1670636,0,0,0,0,0,0,0,0,0
202006,18,019,2,3,Clark County                  ,81,81,18834552,0,0,0,0,0,0,1,24,1000000,67,67,16026859,0,0,0,0,0,0,1,24,1000000
202006,18,047,2,3,Franklin County               ,5,5,2140000,0,0,0,0,0,0,0,0,0,5,5,2140000,0,0,0,0,0,0,0,0,0
202006,18,057,2,3,Hamilton County               ,179,179,60681412,1,2,400000,0,0,0,1,5,650000,173,173,58946257,1,2,400000,0,0,0,1,5,650000
202006,18,059,2,3,Hancock County                ,64,64,14410280,2,4,826208,0,0,0,0,0,0,64,64,14410280,2,4,826208,0,0,0,0,0,0
202006,18,061,2,3,Harrison County               ,5,5,1392197,0,0,0,0,0,0,0,0,0,5,5,1392197,0,0,0,0,0,0,0,0,0
202006,18,063,2,3,Hendricks County              ,157,157,39891622,0,0,0,0,0,0,0,0,0,144,144,36635783,0,0,0,0,0,0,0,0,0
202006,18,069,2,3,Huntington County             ,8,8,2748278,0,0,0,0,0,0,0,0,0,8,8,2748278,0,0,0,0,0,0,0,0,0
202006,18,073,2,3,Jasper County                 ,14,14,3340197,0,0,0,0,0,0,0,0,0,14,14,3340197,0,0,0,0,0,0,0,0,0
202006,18,081,2,3,Johnson County                ,96,96,26487077,2,4,770000,0,0,0,0,0,0,96,96,26487077,2,4,770000,0,0,0,0,0,0
202006,18,087,2,3,Lagrange County               ,20,20,3883246,0,0,0,0,0,0,0,0,0,0,0,0,0,0,0,0,0,0,0,0,0
202006,18,089,2,3,Lake County                   ,114,114,30248799,7,14,2515778,0,0,0,0,0,0,90,90,24085283,7,14,2515778,0,0,0,0,0,0
202006,18,097,2,3,Marion County                 ,100,100,27717882,1,2,800000,1,4,728800,9,138,7722433,100,100,27717882,1,2,800000,1,4,728800,8,133,7619100
202006,18,105,2,3,Monroe County                 ,25,25,6656117,1,2,283485,0,0,0,1,37,4295625,0,0,0,0,0,0,0,0,0,0,0,0
202006,18,109,2,3,Morgan County                 ,34,34,9245400,0,0,0,0,0,0,0,0,0,34,34,9245400,0,0,0,0,0,0,0,0,0
202006,18,111,2,3,Newton County                 ,2,2,420429,0,0,0,0,0,0,0,0,0,0,0,0,0,0,0,0,0,0,0,0,0
202006,18,115,2,3,Ohio County                   ,2,2,610000,0,0,0,0,0,0,0,0,0,2,2,610000,0,0,0,0,0,0,0,0,0
202006,18,119,2,3,Owen County                   ,4,4,1113758,0,0,0,0,0,0,0,0,0,4,4,1113758,0,0,0,0,0,0,0,0,0
202006,18,127,2,3,Porter County                 ,48,48,15193799,0,0,0,0,0,0,0,0,0,35,35,13329573,0,0,0,0,0,0,0,0,0
202006,18,133,2,3,Putnam County                 ,18,18,4497925,0,0,0,0,0,0,0,0,0,6,6,1200000,0,0,0,0,0,0,0,0,0
202006,18,145,2,3,Shelby County                 ,5,5,907017,0,0,0,0,0,0,0,0,0,0,0,0,0,0,0,0,0,0,0,0,0
202006,18,151,2,3,Steuben County                ,13,13,3761277,1,2,295000,0,0,0,0,0,0,13,13,3761277,1,2,295000,0,0,0,0,0,0
202006,18,157,2,3,Tippecanoe County             ,47,47,11964899,0,0,0,0,0,0,3,61,6121828,0,0,0,0,0,0,0,0,0,0,0,0
202006,18,163,2,3,Vanderburgh County            ,56,56,9940336,8,16,4506762,0,0,0,1,30,2672523,41,41,7069241,7,14,4259956,0,0,0,1,30,2672523
202006,18,167,2,3,Vigo County                   ,2,2,443619,1,2,208125,0,0,0,0,0,0,0,0,0,0,0,0,0,0,0,0,0,0
202006,18,175,2,3,Washington County             ,5,5,1186852,0,0,0,0,0,0,0,0,0,0,0,0,0,0,0,0,0,0,0,0,0
202006,18,183,2,3,Whitley County                ,15,15,4087701,0,0,0,0,0,0,0,0,0,14,14,3898152,0,0,0,0,0,0,0,0,0
202006,19,049,2,4,Dallas County                 ,65,65,18277727,0,0,0,0,0,0,3,125,13048154,61,61,16601624,0,0,0,0,0,0,2,120,12587628
202006,19,085,2,4,Harrison County               ,5,5,1151000,0,0,0,0,0,0,0,0,0,5,5,1151000,0,0,0,0,0,0,0,0,0
202006,19,129,2,4,Mills County                  ,1,1,266667,1,2,225000,0,0,0,0,0,0,0,0,0,0,0,0,0,0,0,0,0,0
202006,19,153,2,4,Polk County                   ,354,354,100532161,0,0,0,1,4,286700,9,69,7025678,345,345,97741913,0,0,0,1,4,286700,8,58,5882900
202006,19,181,2,4,Warren County                 ,32,32,8791265,0,0,0,0,0,0,0,0,0,32,32,8791265,0,0,0,0,0,0,0,0,0
202006,20,061,2,4,Geary County                  ,2,2,520256,0,0,0,0,0,0,0,0,0,0,0,0,0,0,0,0,0,0,0,0,0
202006,20,091,2,4,Johnson County                ,162,162,61873692,6,12,4207000,0,0,0,1,8,363000,154,154,57201965,6,12,4207000,0,0,0,1,8,363000
202006,20,103,2,4,Leavenworth County            ,12,12,2780046,1,2,339744,0,0,0,0,0,0,11,11,2508650,0,0,0,0,0,0,0,0,0
202006,20,107,2,4,Linn County                   ,8,8,1160000,0,0,0,0,0,0,0,0,0,8,8,1160000,0,0,0,0,0,0,0,0,0
202006,20,121,2,4,Miami County                  ,10,10,2991429,0,0,0,0,0,0,0,0,0,3,3,544000,0,0,0,0,0,0,0,0,0
202006,20,209,2,4,Wyandotte County              ,19,19,3661421,0,0,0,0,0,0,0,0,0,0,0,0,0,0,0,0,0,0,0,0,0
202006,21,005,3,6,Anderson County               ,7,7,1500743,3,6,563133,0,0,0,0,0,0,7,7,1500743,3,6,563133,0,0,0,0,0,0
202006,21,015,3,6,Boone County                  ,49,49,8519973,0,0,0,0,0,0,0,0,0,49,49,8519973,0,0,0,0,0,0,0,0,0
202006,21,017,3,6,Bourbon County                ,7,7,1878900,0,0,0,0,0,0,0,0,0,7,7,1878900,0,0,0,0,0,0,0,0,0
202006,21,021,3,6,Boyle County                  ,2,2,376616,2,4,365852,0,0,0,0,0,0,0,0,0,0,0,0,0,0,0,0,0,0
202006,21,029,3,6,Bullitt County                ,36,36,10173514,0,0,0,1,4,620000,0,0,0,36,36,10173514,0,0,0,1,4,620000,0,0,0
202006,21,035,3,6,Calloway County               ,0,0,0,0,0,0,0,0,0,0,0,0,0,0,0,0,0,0,0,0,0,0,0,0
202006,21,037,3,6,Campbell County               ,15,15,4563509,0,0,0,0,0,0,1,5,1021944,0,0,0,0,0,0,0,0,0,0,0,0
202006,21,045,3,6,Casey County                  ,0,0,0,0,0,0,0,0,0,0,0,0,0,0,0,0,0,0,0,0,0,0,0,0
202006,21,047,3,6,Christian County              ,12,12,1381600,0,0,0,0,0,0,0,0,0,9,9,1168000,0,0,0,0,0,0,0,0,0
202006,21,049,3,6,Clark County                  ,8,8,1070000,0,0,0,1,4,300000,2,16,1200000,8,8,1070000,0,0,0,1,4,300000,2,16,1200000
202006,21,059,3,6,Daviess County                ,33,33,2860510,0,0,0,0,0,0,0,0,0,33,33,2860510,0,0,0,0,0,0,0,0,0
202006,21,067,3,6,Fayette County                ,54,54,12159242,0,0,0,0,0,0,1,62,6744767,0,0,0,0,0,0,0,0,0,0,0,0
202006,21,069,3,6,Fleming County                ,0,0,0,0,0,0,0,0,0,0,0,0,0,0,0,0,0,0,0,0,0,0,0,0
202006,21,077,3,6,Gallatin County               ,2,2,412275,0,0,0,0,0,0,0,0,0,0,0,0,0,0,0,0,0,0,0,0,0
202006,21,081,3,6,Grant County                  ,5,5,725000,0,0,0,0,0,0,0,0,0,5,5,725000,0,0,0,0,0,0,0,0,0
202006,21,091,3,6,Hancock County                ,0,0,0,0,0,0,0,0,0,0,0,0,0,0,0,0,0,0,0,0,0,0,0,0
202006,21,099,3,6,Hart County                   ,2,2,174643,0,0,0,0,0,0,0,0,0,0,0,0,0,0,0,0,0,0,0,0,0
202006,21,101,3,6,Henderson County              ,5,5,649800,1,2,75000,0,0,0,0,0,0,5,5,649800,1,2,75000,0,0,0,0,0,0
202006,21,103,3,6,Henry County                  ,3,3,627136,0,0,0,0,0,0,0,0,0,0,0,0,0,0,0,0,0,0,0,0,0
202006,21,111,3,6,Jefferson County              ,116,116,35366263,0,0,0,0,0,0,8,173,16829454,3,3,775000,0,0,0,0,0,0,0,0,0
202006,21,113,3,6,Jessamine County              ,21,21,9112304,0,0,0,2,7,1126000,0,0,0,11,11,7603000,0,0,0,1,4,700000,0,0,0
202006,21,115,3,6,Johnson County                ,0,0,0,0,0,0,0,0,0,0,0,0,0,0,0,0,0,0,0,0,0,0,0,0
202006,21,117,3,6,Kenton County                 ,26,26,5979400,0,0,0,0,0,0,0,0,0,26,26,5979400,0,0,0,0,0,0,0,0,0
202006,21,121,3,6,Knox County                   ,0,0,0,0,0,0,0,0,0,0,0,0,0,0,0,0,0,0,0,0,0,0,0,0
202006,21,123,3,6,Larue County                  ,6,6,1398774,0,0,0,0,0,0,0,0,0,6,6,1398774,0,0,0,0,0,0,0,0,0
202006,21,137,3,6,Lincoln County                ,5,5,444898,0,0,0,0,0,0,0,0,0,0,0,0,0,0,0,0,0,0,0,0,0
202006,21,145,3,6,McCracken County              ,9,9,2042851,0,0,0,0,0,0,0,0,0,0,0,0,0,0,0,0,0,0,0,0,0
202006,21,151,3,6,Madison County                ,21,21,1990872,1,2,112996,0,0,0,1,6,202286,6,6,676000,0,0,0,0,0,0,0,0,0
202006,21,157,3,6,Marshall County               ,10,10,1494000,0,0,0,0,0,0,0,0,0,10,10,1494000,0,0,0,0,0,0,0,0,0
202006,21,161,3,6,Mason County                  ,9,9,1238000,0,0,0,0,0,0,0,0,0,9,9,1238000,0,0,0,0,0,0,0,0,0
202006,21,163,3,6,Meade County                  ,15,15,2720000,0,0,0,1,3,210000,0,0,0,15,15,2720000,0,0,0,1,3,210000,0,0,0
202006,21,167,3,6,Mercer County                 ,5,5,1006320,0,0,0,0,0,0,0,0,0,5,5,1006320,0,0,0,0,0,0,0,0,0
202006,21,175,3,6,Morgan County                 ,2,2,150000,0,0,0,0,0,0,0,0,0,0,0,0,0,0,0,0,0,0,0,0,0
202006,21,179,3,6,Nelson County                 ,23,23,3620500,0,0,0,0,0,0,0,0,0,23,23,3620500,0,0,0,0,0,0,0,0,0
202006,21,185,3,6,Oldham County                 ,20,20,7319506,0,0,0,0,0,0,1,5,246094,0,0,0,0,0,0,0,0,0,0,0,0
202006,21,191,3,6,Pendleton County              ,0,0,0,0,0,0,0,0,0,0,0,0,0,0,0,0,0,0,0,0,0,0,0,0
202006,21,209,3,6,Scott County                  ,37,37,9131194,0,0,0,0,0,0,0,0,0,37,37,9131194,0,0,0,0,0,0,0,0,0
202006,21,211,3,6,Shelby County                 ,22,22,7169538,0,0,0,0,0,0,0,0,0,22,22,7169538,0,0,0,0,0,0,0,0,0
202006,21,213,3,6,Simpson County                ,12,12,2151820,3,6,434976,0,0,0,0,0,0,12,12,2151820,3,6,434976,0,0,0,0,0,0
202006,21,215,3,6,Spencer County                ,20,20,4662580,0,0,0,0,0,0,0,0,0,20,20,4662580,0,0,0,0,0,0,0,0,0
202006,21,221,3,6,Trigg County                  ,3,3,627227,0,0,0,0,0,0,0,0,0,3,3,627227,0,0,0,0,0,0,0,0,0
202006,21,239,3,6,Woodford County               ,8,8,2542800,0,0,0,0,0,0,0,0,0,8,8,2542800,0,0,0,0,0,0,0,0,0
202006,22,005,3,7,Ascension Parish              ,81,81,12762758,0,0,0,0,0,0,0,0,0,13,13,2598500,0,0,0,0,0,0,0,0,0
202006,22,015,3,7,Bossier Parish                ,61,61,12325388,0,0,0,0,0,0,0,0,0,29,29,7037195,0,0,0,0,0,0,0,0,0
202006,22,017,3,7,Caddo Parish                  ,24,24,5354407,0,0,0,0,0,0,0,0,0,24,24,5354407,0,0,0,0,0,0,0,0,0
202006,22,031,3,7,De Soto Parish                ,12,12,3157789,0,0,0,0,0,0,0,0,0,7,7,1631903,0,0,0,0,0,0,0,0,0
202006,22,033,3,7,East Baton Rouge Parish       ,181,181,37881337,2,4,17841000,0,0,0,0,0,0,180,180,37730653,2,4,17841000,0,0,0,0,0,0
202006,22,037,3,7,East Feliciana Parish         ,4,4,836303,0,0,0,0,0,0,0,0,0,4,4,836303,0,0,0,0,0,0,0,0,0
202006,22,047,3,7,Iberville Parish              ,8,8,1953557,0,0,0,0,0,0,0,0,0,0,0,0,0,0,0,0,0,0,0,0,0
202006,22,051,3,7,Jefferson Parish              ,49,49,11777463,0,0,0,0,0,0,0,0,0,45,45,11067268,0,0,0,0,0,0,0,0,0
202006,22,055,3,7,Lafayette Parish              ,253,253,41020416,0,0,0,0,0,0,0,0,0,253,253,41020416,0,0,0,0,0,0,0,0,0
202006,22,063,3,7,Livingston Parish             ,86,86,17185405,0,0,0,0,0,0,0,0,0,3,3,362000,0,0,0,0,0,0,0,0,0
202006,22,071,3,7,Orleans Parish                ,62,62,12184627,14,28,3672826,0,0,0,3,220,38252963,62,62,12184627,14,28,3672826,0,0,0,3,220,38252963
202006,22,075,3,7,Plaquemines Parish            ,8,8,3368784,0,0,0,0,0,0,0,0,0,8,8,3368784,0,0,0,0,0,0,0,0,0
202006,22,077,3,7,Pointe Coupee Parish          ,4,4,1137300,0,0,0,0,0,0,0,0,0,4,4,1137300,0,0,0,0,0,0,0,0,0
202006,22,087,3,7,St. Bernard Parish            ,30,30,6320217,1,2,150000,0,0,0,0,0,0,30,30,6320217,1,2,150000,0,0,0,0,0,0
202006,22,089,3,7,St. Charles Parish            ,9,9,2345500,0,0,0,0,0,0,0,0,0,9,9,2345500,0,0,0,0,0,0,0,0,0
202006,22,091,3,7,St. Helena Parish             ,3,3,534366,0,0,0,0,0,0,0,0,0,0,0,0,0,0,0,0,0,0,0,0,0
202006,22,095,3,7,St. John the Baptist Parish   ,15,15,2829270,0,0,0,0,0,0,0,0,0,15,15,2829270,0,0,0,0,0,0,0,0,0
202006,22,099,3,7,St. Martin Parish             ,18,18,3358981,0,0,0,0,0,0,0,0,0,3,3,608454,0,0,0,0,0,0,0,0,0
202006,22,103,3,7,St. Tammany Parish            ,121,121,23787108,0,0,0,0,0,0,0,0,0,117,117,22217510,0,0,0,0,0,0,0,0,0
202006,22,109,3,7,Terrebonne Parish             ,13,13,3545214,1,2,155556,1,3,261750,0,0,0,0,0,0,0,0,0,0,0,0,0,0,0
202006,22,121,3,7,West Baton Rouge Parish       ,24,24,4883639,0,0,0,0,0,0,0,0,0,22,22,4701515,0,0,0,0,0,0,0,0,0
202006,22,125,3,7,West Feliciana Parish         ,8,8,2230962,0,0,0,0,0,0,0,0,0,8,8,2230962,0,0,0,0,0,0,0,0,0
202006,23,000,1,1,Maine Unorganized Territory   ,12,12,1593603,0,0,0,0,0,0,0,0,0,0,0,0,0,0,0,0,0,0,0,0,0
202006,24,003,3,5,Anne Arundel County           ,140,140,24546633,0,0,0,0,0,0,0,0,0,140,140,24546633,0,0,0,0,0,0,0,0,0
202006,24,005,3,5,Baltimore County              ,56,56,13443000,0,0,0,0,0,0,0,0,0,56,56,13443000,0,0,0,0,0,0,0,0,0
202006,24,009,3,5,Calvert County                ,23,23,5361967,0,0,0,0,0,0,0,0,0,23,23,5361967,0,0,0,0,0,0,0,0,0
202006,24,013,3,5,Carroll County                ,41,41,8383795,0,0,0,0,0,0,0,0,0,41,41,8383795,0,0,0,0,0,0,0,0,0
202006,24,015,3,5,Cecil County                  ,25,25,6321975,0,0,0,0,0,0,0,0,0,25,25,6321975,0,0,0,0,0,0,0,0,0
202006,24,017,3,5,Charles County                ,84,84,24103804,0,0,0,0,0,0,0,0,0,76,76,22452258,0,0,0,0,0,0,0,0,0
202006,24,021,3,5,Frederick County              ,223,223,58608577,0,0,0,2,8,1046364,9,131,15423316,223,223,58608577,0,0,0,2,8,1046364,9,131,15423316
202006,24,023,3,5,Garrett County                ,9,9,4291760,0,0,0,0,0,0,0,0,0,9,9,4291760,0,0,0,0,0,0,0,0,0
202006,24,025,3,5,Harford County                ,69,69,20003257,0,0,0,0,0,0,0,0,0,69,69,20003257,0,0,0,0,0,0,0,0,0
202006,24,027,3,5,Howard County                 ,35,35,10546000,0,0,0,0,0,0,2,32,5800000,35,35,10546000,0,0,0,0,0,0,2,32,5800000
202006,24,031,3,5,Montgomery County             ,56,56,12789337,0,0,0,0,0,0,3,18,2198771,56,56,12789337,0,0,0,0,0,0,2,13,1558146
202006,24,033,3,5,Prince George County          ,158,158,37022201,0,0,0,0,0,0,0,0,0,155,155,36134995,0,0,0,0,0,0,0,0,0
202006,24,035,3,5,Queen Anne County             ,21,21,4571129,0,0,0,0,0,0,0,0,0,21,21,4571129,0,0,0,0,0,0,0,0,0
202006,24,037,3,5,St. Marys County              ,93,93,13136000,0,0,0,0,0,0,0,0,0,93,93,13136000,0,0,0,0,0,0,0,0,0
202006,24,039,3,5,Somerset County               ,3,3,562107,0,0,0,0,0,0,0,0,0,0,0,0,0,0,0,0,0,0,0,0,0
202006,24,045,3,5,Wicomico County               ,9,9,1773616,0,0,0,0,0,0,0,0,0,3,3,631082,0,0,0,0,0,0,0,0,0
202006,24,510,3,5,Baltimore (Independent City)  ,2,2,190000,0,0,0,0,0,0,3,159,21155475,2,2,190000,0,0,0,0,0,0,3,159,21155475
202006,25,005,1,1,Bristol County                ,55,55,11193432,0,0,0,0,0,0,0,0,0,24,24,4393300,0,0,0,0,0,0,0,0,0
202006,25,009,1,1,Essex County                  ,46,46,17187062,6,12,2556680,0,0,0,4,23,3406342,27,27,10117958,4,8,1662430,0,0,0,1,5,1400000
202006,25,017,1,1,Middlesex County              ,101,101,36858095,6,12,2727538,2,7,1683805,28,288,29165463,43,43,20007937,1,2,501800,1,4,1078410,3,43,5100000
202006,25,021,1,1,Norfolk County                ,63,63,24689445,5,10,1152000,1,3,394376,5,94,7835274,28,28,13345912,5,10,1152000,0,0,0,1,16,2812500
202006,25,023,1,1,Plymouth County               ,105,105,27148004,0,0,0,0,0,0,2,10,1229777,45,45,12412320,0,0,0,0,0,0,0,0,0
202006,25,025,1,1,Suffolk County                ,5,5,1237302,1,2,550000,2,6,2267000,14,656,195102006,4,4,1061308,1,2,550000,2,6,2267000,12,644,192721831
202006,26,000,2,3,Michigan Balance of State     ,8,8,1502047,0,0,0,0,0,0,0,0,0,0,0,0,0,0,0,0,0,0,0,0,0
202006,26,019,2,3,Benzie County                 ,9,9,2136646,0,0,0,0,0,0,0,0,0,0,0,0,0,0,0,0,0,0,0,0,0
202006,26,029,2,3,Charlevoix County             ,13,13,3134156,0,0,0,0,0,0,0,0,0,0,0,0,0,0,0,0,0,0,0,0,0
202006,26,089,2,3,Leelanau County               ,9,9,1888160,0,0,0,0,0,0,0,0,0,9,9,1888160,0,0,0,0,0,0,0,0,0
202006,26,093,2,3,Livingston County             ,63,63,17816396,0,0,0,0,0,0,0,0,0,61,61,17466241,0,0,0,0,0,0,0,0,0
202006,26,095,2,3,Luce County                   ,0,0,0,0,0,0,0,0,0,0,0,0,0,0,0,0,0,0,0,0,0,0,0,0
202006,26,099,2,3,Macomb County                 ,124,124,40414845,0,0,0,0,0,0,1,6,685714,118,118,39228330,0,0,0,0,0,0,0,0,0
202006,26,103,2,3,Marquette County              ,16,16,3852821,0,0,0,0,0,0,0,0,0,16,16,3852821,0,0,0,0,0,0,0,0,0
202006,26,137,2,3,Otsego County                 ,3,3,243000,0,0,0,0,0,0,0,0,0,0,0,0,0,0,0,0,0,0,0,0,0
202006,26,147,2,3,St. Clair County              ,27,27,5019200,0,0,0,0,0,0,0,0,0,23,23,4383865,0,0,0,0,0,0,0,0,0
202006,26,163,2,3,Wayne County                  ,95,95,19996619,0,0,0,0,0,0,1,7,2066878,87,87,18876138,0,0,0,0,0,0,1,7,2066878
202006,27,003,2,4,Anoka County                  ,102,102,30421578,0,0,0,1,4,795019,2,111,1812229,78,78,24209111,0,0,0,1,4,795019,1,99,607109
202006,27,019,2,4,Carver County                 ,56,56,17941164,0,0,0,0,0,0,0,0,0,53,53,16930725,0,0,0,0,0,0,0,0,0
202006,27,025,2,4,Chisago County                ,28,28,5190416,0,0,0,0,0,0,0,0,0,27,27,4981083,0,0,0,0,0,0,0,0,0
202006,27,027,2,4,Clay County                   ,24,24,6352500,0,0,0,0,0,0,0,0,0,24,24,6352500,0,0,0,0,0,0,0,0,0
202006,27,037,2,4,Dakota County                 ,81,81,20927380,0,0,0,1,4,800000,1,6,1213400,80,80,20581380,0,0,0,1,4,800000,1,6,1213400
202006,27,053,2,4,Hennepin County               ,157,157,66714795,2,4,511000,1,3,1200000,5,490,91170612,119,119,52384767,2,4,511000,1,3,1200000,5,490,91170612
202006,27,059,2,4,Isanti County                 ,30,30,6054563,0,0,0,0,0,0,0,0,0,30,30,6054563,0,0,0,0,0,0,0,0,0
202006,27,123,2,4,Ramsey County                 ,13,13,5357312,0,0,0,0,0,0,5,708,99527896,10,10,3436980,0,0,0,0,0,0,5,708,99527896
202006,27,139,2,4,Scott County                  ,56,56,19707498,1,2,396044,0,0,0,0,0,0,55,55,19496309,0,0,0,0,0,0,0,0,0
202006,27,141,2,4,Sherburne County              ,51,51,11973279,0,0,0,0,0,0,0,0,0,41,41,10159077,0,0,0,0,0,0,0,0,0
202006,27,163,2,4,Washington County             ,115,115,37289597,1,2,428000,0,0,0,4,32,4694747,109,109,35380457,1,2,428000,0,0,0,3,18,3539000
202006,27,171,2,4,Wright County                 ,81,81,23045453,0,0,0,0,0,0,1,5,514626,78,78,22376089,0,0,0,0,0,0,0,0,0
202006,28,033,3,6,DeSoto County                 ,164,164,29393146,0,0,0,0,0,0,0,0,0,164,164,29393146,0,0,0,0,0,0,0,0,0
202006,28,041,3,6,Greene County                 ,0,0,0,0,0,0,0,0,0,0,0,0,0,0,0,0,0,0,0,0,0,0,0,0
202006,28,045,3,6,Hancock County                ,47,47,8188863,0,0,0,1,3,301084,1,7,592639,10,10,2088066,0,0,0,0,0,0,0,0,0
202006,28,047,3,6,Harrison County               ,148,148,26762886,1,2,245000,1,4,400000,0,0,0,132,132,24587685,0,0,0,1,4,400000,0,0,0
202006,28,067,3,6,Jones County                  ,1,1,175000,0,0,0,0,0,0,0,0,0,1,1,175000,0,0,0,0,0,0,0,0,0
202006,28,129,3,6,Smith County                  ,0,0,0,0,0,0,0,0,0,0,0,0,0,0,0,0,0,0,0,0,0,0,0,0
202006,28,137,3,6,Tate County                   ,20,20,4327841,0,0,0,0,0,0,0,0,0,16,16,3553900,0,0,0,0,0,0,0,0,0
202006,28,143,3,6,Tunica County                 ,7,7,1561689,0,0,0,0,0,0,0,0,0,0,0,0,0,0,0,0,0,0,0,0,0
202006,28,145,3,6,Union County                  ,0,0,0,0,0,0,0,0,0,0,0,0,0,0,0,0,0,0,0,0,0,0,0,0
202006,28,149,3,6,Warren County                 ,5,5,740000,0,0,0,0,0,0,0,0,0,5,5,740000,0,0,0,0,0,0,0,0,0
202006,29,013,2,4,Bates County                  ,0,0,0,0,0,0,0,0,0,0,0,0,0,0,0,0,0,0,0,0,0,0,0,0
202006,29,017,2,4,Bollinger County              ,0,0,0,0,0,0,0,0,0,0,0,0,0,0,0,0,0,0,0,0,0,0,0,0
202006,29,019,2,4,Boone County                  ,72,72,18183192,0,0,0,0,0,0,1,12,1200000,72,72,18183192,0,0,0,0,0,0,1,12,1200000
202006,29,049,2,4,Clinton County                ,6,6,1297448,0,0,0,0,0,0,0,0,0,1,1,150000,0,0,0,0,0,0,0,0,0
202006,29,065,2,4,Dent County                   ,0,0,0,0,0,0,0,0,0,0,0,0,0,0,0,0,0,0,0,0,0,0,0,0
202006,29,071,2,4,Franklin County               ,38,38,9361569,0,0,0,0,0,0,0,0,0,19,19,4359193,0,0,0,0,0,0,0,0,0
202006,29,095,2,4,Jackson County                ,205,205,43081715,5,10,1657866,11,44,5491050,11,245,20667080,195,195,40553315,5,10,1657866,11,44,5491050,11,245,20667080
202006,29,099,2,4,Jefferson County              ,97,97,24483984,0,0,0,0,0,0,0,0,0,92,92,23647605,0,0,0,0,0,0,0,0,0
202006,29,105,2,4,Laclede County                ,3,3,569000,0,0,0,0,0,0,0,0,0,3,3,569000,0,0,0,0,0,0,0,0,0
202006,29,107,2,4,Lafayette County              ,9,9,2327515,0,0,0,0,0,0,0,0,0,9,9,2327515,0,0,0,0,0,0,0,0,0
202006,29,113,2,4,Lincoln County                ,19,19,2745543,0,0,0,0,0,0,0,0,0,19,19,2745543,0,0,0,0,0,0,0,0,0
202006,29,165,2,4,Platte County                 ,26,26,5086590,0,0,0,0,0,0,1,26,2114557,12,12,2567448,0,0,0,0,0,0,0,0,0
202006,29,185,2,4,St. Clair County              ,1,1,150000,0,0,0,0,0,0,0,0,0,1,1,150000,0,0,0,0,0,0,0,0,0
202006,29,189,2,4,St. Louis County              ,91,91,39888071,0,0,0,0,0,0,2,20,1943043,28,28,13114342,0,0,0,0,0,0,0,0,0
202006,29,219,2,4,Warren County                 ,29,29,7583754,0,0,0,0,0,0,0,0,0,29,29,7583754,0,0,0,0,0,0,0,0,0
202006,29,221,2,4,Washington County             ,0,0,0,0,0,0,0,0,0,0,0,0,0,0,0,0,0,0,0,0,0,0,0,0
202006,29,510,2,4,St. Louis (Independent City)  ,13,13,2589429,0,0,0,1,3,658333,1,19,1489805,0,0,0,0,0,0,0,0,0,0,0,0
202006,30,013,4,8,Cascade County                ,8,8,2575000,1,2,320693,0,0,0,0,0,0,8,8,2575000,1,2,320693,0,0,0,0,0,0
202006,30,033,4,8,Garfield County               ,0,0,0,0,0,0,0,0,0,0,0,0,0,0,0,0,0,0,0,0,0,0,0,0
202006,30,063,4,8,Missoula County               ,29,29,8558907,2,4,213779,0,0,0,2,33,1109065,29,29,8558907,2,4,213779,0,0,0,2,33,1109065
202006,30,093,4,8,Silver Bow County             ,4,4,416766,11,22,1625000,0,0,0,0,0,0,4,4,416766,11,22,1625000,0,0,0,0,0,0
202006,31,001,2,4,Adams County                  ,4,4,962765,0,0,0,0,0,0,0,0,0,3,3,684551,0,0,0,0,0,0,0,0,0
202006,31,025,2,4,Cass County                   ,9,9,1829858,0,0,0,0,0,0,0,0,0,3,3,706000,0,0,0,0,0,0,0,0,0
202006,31,033,2,4,Cheyenne County               ,0,0,0,0,0,0,0,0,0,0,0,0,0,0,0,0,0,0,0,0,0,0,0,0
202006,31,055,2,4,Douglas County                ,166,166,24464230,0,0,0,0,0,0,16,188,11357453,160,160,22162588,0,0,0,0,0,0,16,188,11357453
202006,31,105,2,4,Kimball County                ,0,0,0,0,0,0,0,0,0,0,0,0,0,0,0,0,0,0,0,0,0,0,0,0
202006,31,153,2,4,Sarpy County                  ,110,110,29615781,0,0,0,0,0,0,0,0,0,58,58,16189296,0,0,0,0,0,0,0,0,0
202006,31,165,2,4,Sioux County                  ,0,0,0,0,0,0,0,0,0,0,0,0,0,0,0,0,0,0,0,0,0,0,0,0
202006,31,177,2,4,Washington County             ,10,10,2943320,0,0,0,0,0,0,0,0,0,10,10,2943320,0,0,0,0,0,0,0,0,0
202006,32,001,4,8,Churchill County              ,14,14,2634592,0,0,0,0,0,0,0,0,0,14,14,2634592,0,0,0,0,0,0,0,0,0
202006,32,003,4,8,Clark County                  ,686,686,189360440,5,10,1779658,19,67,6412674,24,222,10664418,686,686,189360440,5,10,1779658,19,67,6412674,24,222,10664418
202006,32,005,4,8,Douglas County                ,13,13,6702495,0,0,0,0,0,0,0,0,0,13,13,6702495,0,0,0,0,0,0,0,0,0
202006,32,007,4,8,Elko County                   ,24,24,3645842,0,0,0,0,0,0,0,0,0,23,23,3579175,0,0,0,0,0,0,0,0,0
202006,32,013,4,8,Humboldt County               ,0,0,0,0,0,0,0,0,0,0,0,0,0,0,0,0,0,0,0,0,0,0,0,0
202006,32,015,4,8,Lander County                 ,0,0,0,0,0,0,0,0,0,0,0,0,0,0,0,0,0,0,0,0,0,0,0,0
202006,32,017,4,8,Lincoln County                ,1,1,115000,0,0,0,0,0,0,0,0,0,1,1,115000,0,0,0,0,0,0,0,0,0
202006,32,019,4,8,Lyon County                   ,24,24,5916936,0,0,0,0,0,0,0,0,0,24,24,5916936,0,0,0,0,0,0,0,0,0
202006,32,021,4,8,Mineral County                ,0,0,0,0,0,0,0,0,0,0,0,0,0,0,0,0,0,0,0,0,0,0,0,0
202006,32,027,4,8,Pershing County               ,0,0,0,0,0,0,0,0,0,0,0,0,0,0,0,0,0,0,0,0,0,0,0,0
202006,32,029,4,8,Storey County                 ,1,1,149565,0,0,0,0,0,0,0,0,0,0,0,0,0,0,0,0,0,0,0,0,0
202006,32,031,4,8,Washoe County                 ,209,209,58163963,2,4,413804,1,3,404496,8,131,17173058,42,42,10700477,0,0,0,0,0,0,0,0,0
202006,32,033,4,8,White Pine County             ,3,3,471306,0,0,0,0,0,0,0,0,0,3,3,471306,0,0,0,0,0,0,0,0,0
202006,32,510,4,8,Carson City (Independent City),17,17,4525385,0,0,0,1,3,381851,1,5,499223,0,0,0,0,0,0,0,0,0,0,0,0
202006,33,015,1,1,Rockingham County             ,50,50,13396175,5,10,1826716,1,4,530546,2,17,1774541,30,30,7916333,4,8,1360000,1,4,530546,1,12,1353806
202006,33,017,1,1,Strafford County              ,27,27,5950521,1,2,350000,0,0,0,3,37,7418092,14,14,2768981,1,2,350000,0,0,0,0,0,0
202006,34,001,1,2,Atlantic County               ,56,56,11789540,2,4,668800,0,0,0,1,11,1314106,51,51,10230013,2,4,668800,0,0,0,0,0,0
202006,34,003,1,2,Bergen County                 ,124,124,22911689,6,12,2004989,3,10,100904,14,182,26331011,85,85,13066381,4,8,1650000,2,7,90004,3,25,4169100
202006,34,005,1,2,Burlington County             ,43,43,7246724,0,0,0,0,0,0,4,40,3491102,14,14,3076996,0,0,0,0,0,0,0,0,0
202006,34,007,1,2,Camden County                 ,17,17,2228234,0,0,0,0,0,0,3,18,1733581,16,16,2136000,0,0,0,0,0,0,2,13,1466624
202006,34,009,1,2,Cape May County               ,30,30,12200031,5,10,2438566,0,0,0,0,0,0,29,29,12001098,5,10,2438566,0,0,0,0,0,0
202006,34,011,1,2,Cumberland County             ,6,6,511391,0,0,0,0,0,0,0,0,0,6,6,511391,0,0,0,0,0,0,0,0,0
202006,34,013,1,2,Essex County                  ,13,13,2673485,2,4,483608,2,6,1096259,5,65,5956229,6,6,1134600,2,4,483608,1,3,397909,1,11,1240989
202006,34,015,1,2,Gloucester County             ,49,49,6754736,0,0,0,0,0,0,3,20,1364745,30,30,4002498,0,0,0,0,0,0,0,0,0
202006,34,017,1,2,Hudson County                 ,11,11,2836643,6,12,1664250,2,6,4089300,10,844,78803933,7,7,2283800,5,10,1520500,1,3,3865000,7,723,65398310
202006,34,019,1,2,Hunterdon County              ,8,8,1524828,1,2,233200,0,0,0,3,26,1045565,6,6,1283790,0,0,0,0,0,0,1,12,332400
202006,34,021,1,2,Mercer County                 ,10,10,1599304,0,0,0,4,15,712750,2,15,888842,10,10,1599304,0,0,0,4,15,712750,1,10,475250
202006,34,023,1,2,Middlesex County              ,63,63,8251612,0,0,0,2,7,172200,3,411,1175134,55,55,7060528,0,0,0,2,7,172200,2,406,685235
202006,34,025,1,2,Monmouth County               ,103,103,27487722,0,0,0,0,0,0,9,186,6628243,62,62,15869137,0,0,0,0,0,0,8,181,6169720
202006,34,027,1,2,Morris County                 ,85,85,14754099,2,4,195002,0,0,0,3,63,2152631,45,45,4813419,1,2,190000,0,0,0,1,41,150000
202006,34,029,1,2,Ocean County                  ,363,363,31730962,4,8,249600,5,17,769780,2,10,469005,294,294,18673716,0,0,0,4,14,649552,0,0,0
202006,34,031,1,2,Passaic County                ,14,14,2185353,1,2,113134,1,3,144000,4,68,3106103,3,3,684070,0,0,0,0,0,0,0,0,0
202006,34,033,1,2,Salem County                  ,2,2,513573,0,0,0,0,0,0,0,0,0,1,1,350000,0,0,0,0,0,0,0,0,0
202006,34,035,1,2,Somerset County               ,30,30,6199136,0,0,0,1,4,811452,5,60,3058239,14,14,3051050,0,0,0,0,0,0,2,30,250000
202006,34,037,1,2,Sussex County                 ,8,8,1848428,0,0,0,0,0,0,0,0,0,6,6,1247791,0,0,0,0,0,0,0,0,0
202006,34,039,1,2,Union County                  ,17,17,3589790,5,10,1304000,0,0,0,5,101,3700699,11,11,2400150,5,10,1304000,0,0,0,1,12,525000
202006,34,041,1,2,Warren County                 ,16,16,2782160,0,0,0,0,0,0,1,5,483240,7,7,1285086,0,0,0,0,0,0,0,0,0
202006,35,000,4,8,New Mexico Balance of State   ,42,42,11385704,0,0,0,0,0,0,0,0,0,0,0,0,0,0,0,0,0,0,0,0,0
202006,35,001,4,8,Bernalillo County             ,114,114,28396792,0,0,0,0,0,0,0,0,0,114,114,28396792,0,0,0,0,0,0,0,0,0
202006,35,005,4,8,Chaves County                 ,8,8,2019923,0,0,0,0,0,0,0,0,0,3,3,1170000,0,0,0,0,0,0,0,0,0
202006,35,009,4,8,Curry County                  ,6,6,1514138,0,0,0,0,0,0,0,0,0,0,0,0,0,0,0,0,0,0,0,0,0
202006,35,013,4,8,Dona Ana County               ,109,109,26603210,0,0,0,0,0,0,0,0,0,93,93,21798682,0,0,0,0,0,0,0,0,0
202006,35,015,4,8,Eddy County                   ,26,26,7353027,0,0,0,0,0,0,1,5,377358,5,5,1437180,0,0,0,0,0,0,0,0,0
202006,35,017,4,8,Grant County                  ,1,1,162080,0,0,0,0,0,0,0,0,0,0,0,0,0,0,0,0,0,0,0,0,0
202006,35,025,4,8,Lea County                    ,19,19,4163578,0,0,0,0,0,0,0,0,0,0,0,0,0,0,0,0,0,0,0,0,0
202006,35,027,4,8,Lincoln County                ,3,3,519376,0,0,0,0,0,0,0,0,0,3,3,519376,0,0,0,0,0,0,0,0,0
202006,35,028,4,8,Los Alamos County             ,2,2,506830,0,0,0,0,0,0,0,0,0,2,2,506830,0,0,0,0,0,0,0,0,0
202006,35,029,4,8,Luna County                   ,1,1,178800,0,0,0,0,0,0,0,0,0,0,0,0,0,0,0,0,0,0,0,0,0
202006,35,031,4,8,McKinley County               ,0,0,0,0,0,0,0,0,0,0,0,0,0,0,0,0,0,0,0,0,0,0,0,0
202006,35,035,4,8,Otero County                  ,0,0,0,0,0,0,0,0,0,0,0,0,0,0,0,0,0,0,0,0,0,0,0,0
202006,35,041,4,8,Roosevelt County              ,2,2,305713,0,0,0,0,0,0,0,0,0,0,0,0,0,0,0,0,0,0,0,0,0
202006,35,043,4,8,Sandoval County               ,65,65,14460912,0,0,0,1,3,324072,1,5,208333,0,0,0,0,0,0,0,0,0,0,0,0
202006,35,045,4,8,San Juan County               ,6,6,1300239,0,0,0,0,0,0,0,0,0,6,6,1300239,0,0,0,0,0,0,0,0,0
202006,35,047,4,8,San Miguel County             ,0,0,0,0,0,0,0,0,0,0,0,0,0,0,0,0,0,0,0,0,0,0,0,0
202006,35,049,4,8,Santa Fe County               ,10,10,2259247,0,0,0,0,0,0,0,0,0,10,10,2259247,0,0,0,0,0,0,0,0,0
202006,35,051,4,8,Sierra County                 ,0,0,0,0,0,0,0,0,0,0,0,0,0,0,0,0,0,0,0,0,0,0,0,0
202006,35,055,4,8,Taos County                   ,9,9,1231647,0,0,0,0,0,0,0,0,0,9,9,1231647,0,0,0,0,0,0,0,0,0
202006,36,001,1,2,Albany County                 ,32,32,7894674,0,0,0,0,0,0,4,32,1800000,30,30,7398715,0,0,0,0,0,0,4,32,1800000
202006,36,005,1,2,Bronx County                  ,0,0,0,0,0,0,0,0,0,6,325,36665591,0,0,0,0,0,0,0,0,0,6,325,36665591
202006,36,029,1,2,Erie County                   ,70,70,24159264,1,2,350000,0,0,0,2,35,6053907,47,47,14989950,1,2,350000,0,0,0,0,0,0
202006,36,047,1,2,Kings County                  ,6,6,1591961,5,10,1518038,3,9,1193728,11,578,65208343,6,6,1591961,5,10,1518038,3,9,1193728,11,578,65208343
202006,36,051,1,2,Livingston County             ,7,7,1911000,0,0,0,0,0,0,0,0,0,5,5,1440000,0,0,0,0,0,0,0,0,0
202006,36,055,1,2,Monroe County                 ,61,61,15058820,0,0,0,2,7,660000,9,71,7559311,51,51,12700545,0,0,0,1,4,420000,7,35,2575000
202006,36,059,1,2,Nassau County                 ,56,56,19116064,0,0,0,0,0,0,3,58,9205982,11,11,9590130,0,0,0,0,0,0,0,0,0
202006,36,061,1,2,New York County               ,0,0,0,0,0,0,0,0,0,4,247,27865849,0,0,0,0,0,0,0,0,0,4,247,27865849
202006,36,063,1,2,Niagara County                ,16,16,5339111,0,0,0,0,0,0,0,0,0,12,12,4198888,0,0,0,0,0,0,0,0,0
202006,36,069,1,2,Ontario County                ,52,52,8794748,2,4,565440,0,0,0,0,0,0,44,44,6355944,2,4,565440,0,0,0,0,0,0
202006,36,073,1,2,Orleans County                ,1,1,262409,0,0,0,0,0,0,1,5,937500,0,0,0,0,0,0,0,0,0,0,0,0
202006,36,079,1,2,Putnam County                 ,4,4,847915,0,0,0,0,0,0,0,0,0,4,4,847915,0,0,0,0,0,0,0,0,0
202006,36,081,1,2,Queens County                 ,7,7,1857288,3,6,910823,1,3,397909,10,653,73669634,7,7,1857288,3,6,910823,1,3,397909,10,653,73669634
202006,36,083,1,2,Rensselaer County             ,8,8,2172390,0,0,0,0,0,0,0,0,0,4,4,1076000,0,0,0,0,0,0,0,0,0
202006,36,085,1,2,Richmond County               ,25,25,6633173,19,38,5768544,0,0,0,0,0,0,25,25,6633173,19,38,5768544,0,0,0,0,0,0
202006,36,087,1,2,Rockland County               ,8,8,2396160,4,8,1316362,2,6,654910,1,6,701729,0,0,0,0,0,0,0,0,0,0,0,0
202006,36,091,1,2,Saratoga County               ,61,61,18681437,1,2,60000,0,0,0,2,10,990274,41,41,10895766,1,2,60000,0,0,0,0,0,0
202006,36,093,1,2,Schenectady County            ,11,11,2050651,0,0,0,0,0,0,0,0,0,8,8,1445807,0,0,0,0,0,0,0,0,0
202006,36,095,1,2,Schoharie County              ,5,5,1329146,0,0,0,0,0,0,0,0,0,4,4,1061308,0,0,0,0,0,0,0,0,0
202006,36,099,1,2,Seneca County                 ,8,8,1048460,0,0,0,0,0,0,0,0,0,0,0,0,0,0,0,0,0,0,0,0,0
202006,36,103,1,2,Suffolk County                ,62,62,58140594,0,0,0,0,0,0,0,0,0,52,52,52605077,0,0,0,0,0,0,0,0,0
202006,36,117,1,2,Wayne County                  ,14,14,3096484,1,2,262500,0,0,0,1,10,325000,11,11,2418000,1,2,262500,0,0,0,1,10,325000
202006,36,119,1,2,Westchester County            ,18,18,11130705,2,4,879475,0,0,0,5,263,45802652,10,10,5403280,1,2,628725,0,0,0,2,111,16539000
202006,37,007,3,5,Anson County                  ,5,5,749325,0,0,0,0,0,0,0,0,0,0,0,0,0,0,0,0,0,0,0,0,0
202006,37,011,3,5,Avery County                  ,6,6,3046162,0,0,0,0,0,0,0,0,0,6,6,3046162,0,0,0,0,0,0,0,0,0
202006,37,015,3,5,Bertie County                 ,1,1,187200,0,0,0,0,0,0,0,0,0,1,1,187200,0,0,0,0,0,0,0,0,0
202006,37,025,3,5,Cabarrus County               ,147,147,23201692,0,0,0,0,0,0,4,132,2399000,147,147,23201692,0,0,0,0,0,0,4,132,2399000
202006,37,033,3,5,Caswell County                ,2,2,668692,0,0,0,0,0,0,0,0,0,2,2,668692,0,0,0,0,0,0,0,0,0
202006,37,037,3,5,Chatham County                ,40,40,14646677,0,0,0,0,0,0,0,0,0,40,40,14646677,0,0,0,0,0,0,0,0,0
202006,37,051,3,5,Cumberland County             ,75,75,14897098,0,0,0,0,0,0,0,0,0,75,75,14897098,0,0,0,0,0,0,0,0,0
202006,37,053,3,5,Currituck County              ,84,84,12032799,0,0,0,0,0,0,0,0,0,84,84,12032799,0,0,0,0,0,0,0,0,0
202006,37,059,3,5,Davie County                  ,14,14,3177630,0,0,0,0,0,0,1,6,236608,0,0,0,0,0,0,0,0,0,0,0,0
202006,37,063,3,5,Durham County                 ,193,193,37162657,0,0,0,1,3,749968,3,146,22120401,0,0,0,0,0,0,0,0,0,0,0,0
202006,37,069,3,5,Franklin County               ,53,53,12355837,0,0,0,0,0,0,0,0,0,53,53,12355837,0,0,0,0,0,0,0,0,0
202006,37,071,3,5,Gaston County                 ,118,118,39348213,1,2,185450,0,0,0,1,84,11026840,22,22,7017132,0,0,0,0,0,0,1,84,11026840
202006,37,077,3,5,Granville County              ,27,27,4958829,0,0,0,0,0,0,0,0,0,27,27,4958829,0,0,0,0,0,0,0,0,0
202006,37,081,3,5,Guilford County               ,123,123,31150345,0,0,0,0,0,0,2,80,8157769,66,66,11592485,0,0,0,0,0,0,2,80,8157769
202006,37,089,3,5,Henderson County              ,44,44,14311640,0,0,0,0,0,0,0,0,0,44,44,14311640,0,0,0,0,0,0,0,0,0
202006,37,093,3,5,Hoke County                   ,42,42,9791418,0,0,0,0,0,0,0,0,0,42,42,9791418,0,0,0,0,0,0,0,0,0
202006,37,097,3,5,Iredell County                ,121,121,32295077,0,0,0,0,0,0,0,0,0,121,121,32295077,0,0,0,0,0,0,0,0,0
202006,37,101,3,5,Johnston County               ,376,376,59953409,0,0,0,0,0,0,0,0,0,372,372,59141409,0,0,0,0,0,0,0,0,0
202006,37,119,3,5,Mecklenburg County            ,564,564,131484756,1,2,675000,2,7,753825,34,1024,114995725,564,564,131484756,1,2,675000,2,7,753825,34,1024,114995725
202006,37,133,3,5,Onslow County                 ,144,144,23401071,0,0,0,0,0,0,0,0,0,144,144,23401071,0,0,0,0,0,0,0,0,0
202006,37,135,3,5,Orange County                 ,20,20,7080178,0,0,0,0,0,0,0,0,0,20,20,7080178,0,0,0,0,0,0,0,0,0
202006,37,145,3,5,Person County                 ,74,74,17251546,0,0,0,0,0,0,0,0,0,74,74,17251546,0,0,0,0,0,0,0,0,0
202006,37,151,3,5,Randolph County               ,38,38,8429114,0,0,0,0,0,0,0,0,0,34,34,8042129,0,0,0,0,0,0,0,0,0
202006,37,157,3,5,Rockingham County             ,16,16,4022535,0,0,0,0,0,0,0,0,0,1,1,177438,0,0,0,0,0,0,0,0,0
202006,37,179,3,5,Union County                  ,97,97,21759745,0,0,0,0,0,0,0,0,0,97,97,21759745,0,0,0,0,0,0,0,0,0
202006,37,181,3,5,Vance County                  ,17,17,1638427,0,0,0,0,0,0,0,0,0,17,17,1638427,0,0,0,0,0,0,0,0,0
202006,37,183,3,5,Wake County                   ,614,614,150622165,1,2,251033,1,4,650275,5,328,32849800,602,602,148732870,1,2,251033,1,4,650275,4,288,28360000
202006,37,195,3,5,Wilson County                 ,18,18,3073206,1,2,130000,0,0,0,0,0,0,18,18,3073206,1,2,130000,0,0,0,0,0,0
202006,39,007,2,3,Ashtabula County              ,13,13,2881585,0,0,0,1,3,200000,0,0,0,13,13,2881585,0,0,0,1,3,200000,0,0,0
202006,39,015,2,3,Brown County                  ,10,10,2784394,0,0,0,0,0,0,0,0,0,10,10,2784394,0,0,0,0,0,0,0,0,0
202006,39,017,2,3,Butler County                 ,135,135,32869060,0,0,0,0,0,0,0,0,0,121,121,30627348,0,0,0,0,0,0,0,0,0
202006,39,025,2,3,Clermont County               ,47,47,10867102,1,2,350000,1,3,500000,0,0,0,47,47,10867102,1,2,350000,1,3,500000,0,0,0
202006,39,041,2,3,Delaware County               ,139,139,37900044,0,0,0,0,0,0,1,5,613639,118,118,33024661,0,0,0,0,0,0,0,0,0
202006,39,049,2,3,Franklin County               ,142,142,35552415,2,4,815000,6,24,3424000,21,614,39192018,140,140,33630187,2,4,815000,6,24,3424000,21,614,39192018
202006,39,055,2,3,Geauga County                 ,15,15,4176591,6,12,1200000,0,0,0,0,0,0,15,15,4176591,6,12,1200000,0,0,0,0,0,0
202006,39,085,2,3,Lake County                   ,67,67,14273221,0,0,0,0,0,0,0,0,0,67,67,14273221,0,0,0,0,0,0,0,0,0
202006,39,089,2,3,Licking County                ,26,26,7192818,0,0,0,0,0,0,0,0,0,25,25,6934114,0,0,0,0,0,0,0,0,0
202006,39,093,2,3,Lorain County                 ,68,68,15323356,1,2,292127,1,4,230000,1,6,600000,58,58,13149412,0,0,0,0,0,0,1,6,600000
202006,39,097,2,3,Madison County                ,13,13,3677032,0,0,0,0,0,0,0,0,0,6,6,1620363,0,0,0,0,0,0,0,0,0
202006,39,103,2,3,Medina County                 ,31,31,8678743,2,4,180000,3,9,448776,0,0,0,31,31,8678743,2,4,180000,3,9,448776,0,0,0
202006,39,117,2,3,Morrow County                 ,4,4,1113758,0,0,0,0,0,0,1,16,1999027,4,4,1113758,0,0,0,0,0,0,1,16,1999027
202006,39,159,2,3,Union County                  ,56,56,14371457,0,0,0,3,9,300000,5,27,1700000,56,56,14371457,0,0,0,3,9,300000,5,27,1700000
202006,39,165,2,3,Warren County                 ,94,94,27074241,0,0,0,0,0,0,0,0,0,81,81,22247677,0,0,0,0,0,0,0,0,0
202006,40,001,3,7,Adair County                  ,0,0,0,0,0,0,0,0,0,0,0,0,0,0,0,0,0,0,0,0,0,0,0,0
202006,40,017,3,7,Canadian County               ,41,41,9667797,0,0,0,0,0,0,0,0,0,33,33,6692600,0,0,0,0,0,0,0,0,0
202006,40,021,3,7,Cherokee County               ,7,7,918668,0,0,0,0,0,0,1,5,244048,0,0,0,0,0,0,0,0,0,0,0,0
202006,40,027,3,7,Cleveland County              ,68,68,14787386,1,2,591741,1,3,612750,0,0,0,29,29,4224808,0,0,0,0,0,0,0,0,0
202006,40,029,3,7,Coal County                   ,0,0,0,0,0,0,0,0,0,0,0,0,0,0,0,0,0,0,0,0,0,0,0,0
202006,40,037,3,7,Creek County                  ,8,8,1558248,0,0,0,0,0,0,1,9,692308,1,1,100000,0,0,0,0,0,0,0,0,0
202006,40,051,3,7,Grady County                  ,5,5,783992,0,0,0,0,0,0,0,0,0,5,5,783992,0,0,0,0,0,0,0,0,0
202006,40,055,3,7,Greer County                  ,0,0,0,0,0,0,0,0,0,0,0,0,0,0,0,0,0,0,0,0,0,0,0,0
202006,40,081,3,7,Lincoln County                ,1,1,400000,0,0,0,0,0,0,0,0,0,1,1,400000,0,0,0,0,0,0,0,0,0
202006,40,083,3,7,Logan County                  ,2,2,256000,0,0,0,0,0,0,0,0,0,2,2,256000,0,0,0,0,0,0,0,0,0
202006,40,087,3,7,McClain County                ,69,69,10511744,5,10,650000,0,0,0,0,0,0,50,50,7412218,5,10,650000,0,0,0,0,0,0
202006,40,109,3,7,Oklahoma County               ,531,531,117513723,14,28,2550200,0,0,0,0,0,0,515,515,114863820,13,26,2388200,0,0,0,0,0,0
202006,40,111,3,7,Okmulgee County               ,0,0,0,0,0,0,0,0,0,0,0,0,0,0,0,0,0,0,0,0,0,0,0,0
202006,40,113,3,7,Osage County                  ,10,10,2972973,0,0,0,0,0,0,0,0,0,10,10,2972973,0,0,0,0,0,0,0,0,0
202006,40,117,3,7,Pawnee County                 ,0,0,0,0,0,0,0,0,0,0,0,0,0,0,0,0,0,0,0,0,0,0,0,0
202006,40,131,3,7,Rogers County                 ,51,51,10845851,0,0,0,0,0,0,0,0,0,51,51,10845851,0,0,0,0,0,0,0,0,0
202006,40,143,3,7,Tulsa County                  ,196,196,42356914,0,0,0,0,0,0,0,0,0,181,181,39780033,0,0,0,0,0,0,0,0,0
202006,40,145,3,7,Wagoner County                ,60,60,10857593,0,0,0,0,0,0,0,0,0,60,60,10857593,0,0,0,0,0,0,0,0,0
202006,41,000,4,9,Oregon Balance of State       ,23,23,2480900,0,0,0,0,0,0,0,0,0,23,23,2480900,0,0,0,0,0,0,0,0,0
202006,41,005,4,9,Clackamas County              ,109,109,32357904,2,4,420566,0,0,0,0,0,0,109,109,32357904,2,4,420566,0,0,0,0,0,0
202006,41,017,4,9,Deschutes County              ,156,156,38496410,4,8,653572,1,3,571129,4,86,12429326,156,156,38496410,4,8,653572,1,3,571129,4,86,12429326
202006,41,019,4,9,Douglas County                ,32,32,7635308,1,2,246879,0,0,0,0,0,0,32,32,7635308,1,2,246879,0,0,0,0,0,0
202006,41,025,4,9,Harney County                 ,1,1,228923,0,0,0,0,0,0,0,0,0,1,1,228923,0,0,0,0,0,0,0,0,0
202006,41,035,4,9,Klamath County                ,23,23,6389038,0,0,0,0,0,0,0,0,0,23,23,6389038,0,0,0,0,0,0,0,0,0
202006,41,051,4,9,Multnomah County              ,59,59,16381018,4,8,1929074,0,0,0,5,200,18342338,59,59,16381018,4,8,1929074,0,0,0,5,200,18342338
202006,41,065,4,9,Wasco County                  ,3,3,642188,1,2,349329,0,0,0,0,0,0,3,3,642188,1,2,349329,0,0,0,0,0,0
202006,41,067,4,9,Washington County             ,142,142,41955527,0,0,0,0,0,0,4,227,38170195,142,142,41955527,0,0,0,0,0,0,4,227,38170195
202006,41,071,4,9,Yamhill County                ,23,23,6128899,0,0,0,0,0,0,0,0,0,23,23,6128899,0,0,0,0,0,0,0,0,0
202006,42,001,1,2,Adams County                  ,21,21,4406348,0,0,0,0,0,0,0,0,0,21,21,4406348,0,0,0,0,0,0,0,0,0
202006,42,017,1,2,Bucks County                  ,80,80,18208696,0,0,0,0,0,0,1,7,752000,65,65,14140965,0,0,0,0,0,0,1,7,752000
202006,42,029,1,2,Chester County                ,109,109,24279598,0,0,0,1,4,374800,1,14,800000,90,90,19316741,0,0,0,1,4,374800,0,0,0
202006,42,037,1,2,Columbia County               ,8,8,1966056,0,0,0,0,0,0,0,0,0,4,4,949000,0,0,0,0,0,0,0,0,0
202006,42,041,1,2,Cumberland County             ,78,78,16046999,1,2,139158,0,0,0,2,10,1167320,59,59,11944002,1,2,139158,0,0,0,0,0,0
202006,42,043,1,2,Dauphin County                ,40,40,8614843,0,0,0,1,3,524850,1,6,810811,37,37,7891293,0,0,0,1,3,524850,0,0,0
202006,42,045,1,2,Delaware County               ,21,21,4701156,3,6,1057215,0,0,0,1,5,375000,2,2,305000,2,4,607215,0,0,0,0,0,0
202006,42,055,1,2,Franklin County               ,28,28,5993675,2,4,360000,0,0,0,0,0,0,24,24,4944400,2,4,360000,0,0,0,0,0,0
202006,42,091,1,2,Montgomery County             ,99,99,24991873,2,4,400000,2,8,1045197,2,10,1339167,66,66,17417469,2,4,400000,2,8,1045197,1,5,562500
202006,42,093,1,2,Montour County                ,1,1,152000,0,0,0,0,0,0,0,0,0,1,1,152000,0,0,0,0,0,0,0,0,0
202006,42,099,1,2,Perry County                  ,11,11,2828252,0,0,0,0,0,0,0,0,0,1,1,316000,0,0,0,0,0,0,0,0,0
202006,42,101,1,2,Philadelphia County           ,92,92,24270943,13,26,3747635,15,49,6021567,6,224,31863724,0,0,0,0,0,0,0,0,0,0,0,0
202006,42,103,1,2,Pike County                   ,8,8,2120968,0,0,0,0,0,0,0,0,0,4,4,955327,0,0,0,0,0,0,0,0,0
202006,44,001,1,1,Bristol County                ,4,4,1983218,0,0,0,0,0,0,0,0,0,1,1,594000,0,0,0,0,0,0,0,0,0
202006,44,003,1,1,Kent County                   ,10,10,1945188,0,0,0,4,16,1138000,1,5,337963,5,5,1096000,0,0,0,4,16,1138000,0,0,0
202006,44,005,1,1,Newport County                ,9,9,4509254,0,0,0,0,0,0,0,0,0,9,9,4509254,0,0,0,0,0,0,0,0,0
202006,44,007,1,1,Providence County             ,46,46,8809285,3,6,309145,1,3,172648,3,29,1486269,34,34,6999979,0,0,0,0,0,0,2,24,1200000
202006,44,009,1,1,Washington County             ,20,20,5851968,0,0,0,1,3,525000,0,0,0,17,17,5267000,0,0,0,0,0,0,0,0,0
202006,45,003,3,5,Aiken County                  ,90,90,19774523,0,0,0,0,0,0,0,0,0,90,90,19774523,0,0,0,0,0,0,0,0,0
202006,45,009,3,5,Bamberg County                ,1,1,209076,0,0,0,0,0,0,0,0,0,1,1,209076,0,0,0,0,0,0,0,0,0
202006,45,015,3,5,Berkeley County               ,142,142,38808585,0,0,0,0,0,0,2,52,2282121,41,41,9599200,0,0,0,0,0,0,0,0,0
202006,45,017,3,5,Calhoun County                ,1,1,133528,0,0,0,0,0,0,0,0,0,0,0,0,0,0,0,0,0,0,0,0,0
202006,45,019,3,5,Charleston County             ,225,225,62241303,0,0,0,0,0,0,4,97,6588102,43,43,21120046,0,0,0,0,0,0,0,0,0
202006,45,035,3,5,Dorchester County             ,89,89,27943221,0,0,0,0,0,0,0,0,0,89,89,27943221,0,0,0,0,0,0,0,0,0
202006,45,037,3,5,Edgefield County              ,14,14,3097815,0,0,0,0,0,0,0,0,0,14,14,3097815,0,0,0,0,0,0,0,0,0
202006,45,039,3,5,Fairfield County              ,4,4,720637,0,0,0,0,0,0,0,0,0,4,4,720637,0,0,0,0,0,0,0,0,0
202006,45,045,3,5,Greenville County             ,393,393,109265585,4,8,1193208,0,0,0,5,347,48428118,393,393,109265585,4,8,1193208,0,0,0,5,347,48428118
202006,45,051,3,5,Horry County                  ,374,374,64336714,3,6,159114,0,0,0,2,10,800000,319,319,52919818,3,6,159114,0,0,0,1,5,550000
202006,45,055,3,5,Kershaw County                ,34,34,4817189,0,0,0,0,0,0,0,0,0,34,34,4817189,0,0,0,0,0,0,0,0,0
202006,45,059,3,5,Laurens County                ,21,21,2992602,0,0,0,0,0,0,0,0,0,21,21,2992602,0,0,0,0,0,0,0,0,0
202006,45,063,3,5,Lexington County              ,209,209,53225665,0,0,0,0,0,0,2,17,2889144,33,33,8286699,0,0,0,0,0,0,0,0,0
202006,45,077,3,5,Pickens County                ,68,68,18589056,1,2,164255,0,0,0,1,9,1011396,60,60,16944426,1,2,164255,0,0,0,0,0,0
202006,45,079,3,5,Richland County               ,171,171,33466104,0,0,0,0,0,0,0,0,0,152,152,29006709,0,0,0,0,0,0,0,0,0
202006,45,081,3,5,Saluda County                 ,4,4,903260,0,0,0,0,0,0,0,0,0,0,0,0,0,0,0,0,0,0,0,0,0
202006,45,085,3,5,Sumter County                 ,14,14,2410901,4,8,400000,0,0,0,0,0,0,14,14,2410901,4,8,400000,0,0,0,0,0,0
202006,45,091,3,5,York County                   ,189,189,66318015,0,0,0,1,3,603866,2,28,4229031,89,89,31595187,0,0,0,0,0,0,0,0,0
202006,46,007,2,4,Bennett County                ,2,2,56000,0,0,0,0,0,0,0,0,0,2,2,56000,0,0,0,0,0,0,0,0,0
202006,46,055,2,4,Haakon County                 ,0,0,0,0,0,0,0,0,0,0,0,0,0,0,0,0,0,0,0,0,0,0,0,0
202006,46,071,2,4,Jackson County                ,0,0,0,0,0,0,0,0,0,0,0,0,0,0,0,0,0,0,0,0,0,0,0,0
202006,46,111,2,4,Sanborn County                ,2,2,470000,0,0,0,0,0,0,0,0,0,2,2,470000,0,0,0,0,0,0,0,0,0
202006,47,001,3,6,Anderson County               ,14,14,2800951,0,0,0,0,0,0,0,0,0,8,8,2035173,0,0,0,0,0,0,0,0,0
202006,47,015,3,6,Cannon County                 ,0,0,0,0,0,0,0,0,0,0,0,0,0,0,0,0,0,0,0,0,0,0,0,0
202006,47,021,3,6,Cheatham County               ,28,28,5724900,0,0,0,0,0,0,0,0,0,28,28,5724900,0,0,0,0,0,0,0,0,0
202006,47,037,3,6,Davidson County               ,250,250,67590471,0,0,0,1,3,392386,6,749,89773191,250,250,67590471,0,0,0,1,3,392386,6,749,89773191
202006,47,043,3,6,Dickson County                ,36,36,7005816,0,0,0,0,0,0,0,0,0,10,10,2300903,0,0,0,0,0,0,0,0,0
202006,47,049,3,6,Fentress County               ,0,0,0,0,0,0,0,0,0,0,0,0,0,0,0,0,0,0,0,0,0,0,0,0
202006,47,081,3,6,Hickman County                ,10,10,1623366,0,0,0,0,0,0,0,0,0,0,0,0,0,0,0,0,0,0,0,0,0
202006,47,093,3,6,Knox County                   ,137,137,28782474,0,0,0,2,7,1259730,0,0,0,137,137,28782474,0,0,0,2,7,1259730,0,0,0
202006,47,105,3,6,Loudon County                 ,39,39,10285548,0,0,0,0,0,0,0,0,0,34,34,9459525,0,0,0,0,0,0,0,0,0
202006,47,117,3,6,Marshall County               ,17,17,3232837,0,0,0,0,0,0,0,0,0,0,0,0,0,0,0,0,0,0,0,0,0
202006,47,125,3,6,Montgomery County             ,171,171,28646535,15,30,4064000,0,0,0,0,0,0,171,171,28646535,15,30,4064000,0,0,0,0,0,0
202006,47,139,3,6,Polk County                   ,19,19,3422357,0,0,0,0,0,0,0,0,0,0,0,0,0,0,0,0,0,0,0,0,0
202006,47,149,3,6,Rutherford County             ,252,252,62019715,0,0,0,0,0,0,1,24,2749817,201,201,53088683,0,0,0,0,0,0,0,0,0
202006,47,153,3,6,Sequatchie County             ,2,2,300000,0,0,0,0,0,0,0,0,0,2,2,300000,0,0,0,0,0,0,0,0,0
202006,47,157,3,6,Shelby County                 ,57,57,13367095,0,0,0,1,3,510000,1,16,1500000,57,57,13367095,0,0,0,1,3,510000,1,16,1500000
202006,47,159,3,6,Smith County                  ,11,11,2532761,0,0,0,0,0,0,0,0,0,10,10,2342788,0,0,0,0,0,0,0,0,0
202006,47,161,3,6,Stewart County                ,0,0,0,0,0,0,0,0,0,0,0,0,0,0,0,0,0,0,0,0,0,0,0,0
202006,47,165,3,6,Sumner County                 ,119,119,34949031,0,0,0,0,0,0,5,144,12734520,119,119,34949031,0,0,0,0,0,0,5,144,12734520
202006,47,167,3,6,Tipton County                 ,16,16,2832857,0,0,0,0,0,0,0,0,0,8,8,1721316,0,0,0,0,0,0,0,0,0
202006,47,169,3,6,Trousdale County              ,12,12,1635000,0,0,0,0,0,0,0,0,0,12,12,1635000,0,0,0,0,0,0,0,0,0
202006,47,173,3,6,Union County                  ,13,13,2117778,0,0,0,0,0,0,0,0,0,11,11,2040000,0,0,0,0,0,0,0,0,0
202006,47,175,3,6,Van Buren County              ,0,0,0,0,0,0,0,0,0,0,0,0,0,0,0,0,0,0,0,0,0,0,0,0
202006,47,189,3,6,Wilson County                 ,182,182,48953928,0,0,0,0,0,0,1,6,128100,112,112,36660002,0,0,0,0,0,0,0,0,0
202006,48,013,3,7,Atascosa County               ,4,4,810521,0,0,0,0,0,0,0,0,0,2,2,484750,0,0,0,0,0,0,0,0,0
202006,48,015,3,7,Austin County                 ,2,2,349180,0,0,0,0,0,0,0,0,0,0,0,0,0,0,0,0,0,0,0,0,0
202006,48,019,3,7,Bandera County                ,0,0,0,0,0,0,0,0,0,0,0,0,0,0,0,0,0,0,0,0,0,0,0,0
202006,48,021,3,7,Bastrop County                ,19,19,3361721,0,0,0,0,0,0,0,0,0,12,12,2502993,0,0,0,0,0,0,0,0,0
202006,48,025,3,7,Bee County                    ,1,1,118255,1,2,150000,0,0,0,0,0,0,0,0,0,0,0,0,0,0,0,0,0,0
202006,48,027,3,7,Bell County                   ,181,181,31363444,8,16,1519979,0,0,0,0,0,0,77,77,17408061,6,12,1126266,0,0,0,0,0,0
202006,48,029,3,7,Bexar County                  ,411,411,93984029,2,4,494032,4,16,2092728,58,579,152274934,389,389,89048123,2,4,494032,4,16,2092728,57,574,151209438
202006,48,051,3,7,Burleson County               ,2,2,305000,0,0,0,0,0,0,0,0,0,2,2,305000,0,0,0,0,0,0,0,0,0
202006,48,055,3,7,Caldwell County               ,26,26,5514129,0,0,0,0,0,0,0,0,0,5,5,1045379,0,0,0,0,0,0,0,0,0
202006,48,085,3,7,Collin County                 ,802,802,198407714,0,0,0,0,0,0,0,0,0,707,707,173924865,0,0,0,0,0,0,0,0,0
202006,48,091,3,7,Comal County                  ,329,329,76711884,0,0,0,0,0,0,10,300,35957220,326,326,76000054,0,0,0,0,0,0,10,300,35957220
202006,48,099,3,7,Coryell County                ,19,19,3373636,34,68,5598894,0,0,0,0,0,0,19,19,3373636,34,68,5598894,0,0,0,0,0,0
202006,48,107,3,7,Crosby County                 ,0,0,0,0,0,0,0,0,0,0,0,0,0,0,0,0,0,0,0,0,0,0,0,0
202006,48,113,3,7,Dallas County                 ,520,520,134608689,13,26,3271278,4,16,2733442,15,478,44423490,291,291,73288440,6,12,1482096,0,0,0,3,15,1797861
202006,48,119,3,7,Delta County                  ,2,2,418152,0,0,0,0,0,0,0,0,0,2,2,418152,0,0,0,0,0,0,0,0,0
202006,48,135,3,7,Ector County                  ,69,69,16031413,0,0,0,0,0,0,4,80,9580756,0,0,0,0,0,0,0,0,0,0,0,0
202006,48,139,3,7,Ellis County                  ,183,183,41766883,0,0,0,0,0,0,1,9,1532024,125,125,29872900,0,0,0,0,0,0,0,0,0
202006,48,141,3,7,El Paso County                ,257,257,61449495,2,4,581236,2,7,837209,1,27,3091201,81,81,18883449,0,0,0,0,0,0,0,0,0
202006,48,157,3,7,Fort Bend County              ,897,897,79636317,0,0,0,0,0,0,8,182,20428590,279,279,64990862,0,0,0,0,0,0,0,0,0
202006,48,167,3,7,Galveston County              ,277,277,56541195,0,0,0,0,0,0,0,0,0,189,189,32317238,0,0,0,0,0,0,0,0,0
202006,48,185,3,7,Grimes County                 ,3,3,334372,0,0,0,0,0,0,0,0,0,3,3,334372,0,0,0,0,0,0,0,0,0
202006,48,187,3,7,Guadalupe County              ,118,118,27140001,0,0,0,0,0,0,0,0,0,116,116,26574481,0,0,0,0,0,0,0,0,0
202006,48,193,3,7,Hamilton County               ,0,0,0,0,0,0,0,0,0,0,0,0,0,0,0,0,0,0,0,0,0,0,0,0
202006,48,195,3,7,Hansford County               ,0,0,0,0,0,0,0,0,0,0,0,0,0,0,0,0,0,0,0,0,0,0,0,0
202006,48,201,3,7,Harris County                 ,1805,1805,344040958,14,28,2981626,0,0,0,61,1525,203857754,1781,1781,338914014,14,28,2981626,0,0,0,61,1525,203857754
202006,48,211,3,7,Hemphill County               ,0,0,0,0,0,0,0,0,0,0,0,0,0,0,0,0,0,0,0,0,0,0,0,0
202006,48,215,3,7,Hidalgo County                ,371,371,74482128,1,2,150000,20,79,3812104,1,8,371126,342,342,71642996,0,0,0,20,79,3812104,1,8,371126
202006,48,233,3,7,Hutchinson County             ,0,0,0,0,0,0,0,0,0,0,0,0,0,0,0,0,0,0,0,0,0,0,0,0
202006,48,251,3,7,Johnson County                ,164,164,35896345,0,0,0,0,0,0,0,0,0,164,164,35896345,0,0,0,0,0,0,0,0,0
202006,48,257,3,7,Kaufman County                ,38,38,8442842,0,0,0,0,0,0,0,0,0,33,33,7561951,0,0,0,0,0,0,0,0,0
202006,48,259,3,7,Kendall County                ,21,21,4895709,0,0,0,0,0,0,0,0,0,21,21,4895709,0,0,0,0,0,0,0,0,0
202006,48,271,3,7,Kinney County                 ,0,0,0,0,0,0,0,0,0,0,0,0,0,0,0,0,0,0,0,0,0,0,0,0
202006,48,281,3,7,Lampasas County               ,3,3,310000,0,0,0,0,0,0,0,0,0,3,3,310000,0,0,0,0,0,0,0,0,0
202006,48,291,3,7,Liberty County                ,89,89,14454453,0,0,0,0,0,0,0,0,0,82,82,12794195,0,0,0,0,0,0,0,0,0
202006,48,303,3,7,Lubbock County                ,138,138,31103805,8,16,1822146,0,0,0,8,81,7389139,5,5,1659061,0,0,0,0,0,0,2,38,4442439
202006,48,323,3,7,Maverick County               ,13,13,2925520,0,0,0,0,0,0,0,0,0,13,13,2925520,0,0,0,0,0,0,0,0,0
202006,48,325,3,7,Medina County                 ,3,3,390000,0,0,0,0,0,0,0,0,0,2,2,240000,0,0,0,0,0,0,0,0,0
202006,48,329,3,7,Midland County                ,142,142,7597264,0,0,0,0,0,0,0,0,0,142,142,7597264,0,0,0,0,0,0,0,0,0
202006,48,339,3,7,Montgomery County             ,617,617,128494406,0,0,0,0,0,0,1,5,561225,604,604,125469665,0,0,0,0,0,0,0,0,0
202006,48,367,3,7,Parker County                 ,34,34,8211782,0,0,0,0,0,0,1,5,435279,14,14,4043509,0,0,0,0,0,0,0,0,0
202006,48,375,3,7,Potter County                 ,25,25,5828225,0,0,0,0,0,0,1,6,375000,25,25,5828225,0,0,0,0,0,0,1,6,375000
202006,48,383,3,7,Reagan County                 ,0,0,0,0,0,0,0,0,0,0,0,0,0,0,0,0,0,0,0,0,0,0,0,0
202006,48,385,3,7,Real County                   ,0,0,0,0,0,0,0,0,0,0,0,0,0,0,0,0,0,0,0,0,0,0,0,0
202006,48,395,3,7,Robertson County              ,7,7,1464925,0,0,0,0,0,0,0,0,0,1,1,240000,0,0,0,0,0,0,0,0,0
202006,48,397,3,7,Rockwall County               ,159,159,49267831,0,0,0,0,0,0,2,375,44946524,125,125,37814094,0,0,0,0,0,0,2,375,44946524
202006,48,407,3,7,San Jacinto County            ,41,41,9008840,0,0,0,0,0,0,0,0,0,0,0,0,0,0,0,0,0,0,0,0,0
202006,48,411,3,7,San Saba County               ,0,0,0,0,0,0,0,0,0,0,0,0,0,0,0,0,0,0,0,0,0,0,0,0
202006,48,451,3,7,Tom Green County              ,29,29,6063198,0,0,0,0,0,0,0,0,0,29,29,6063198,0,0,0,0,0,0,0,0,0
202006,48,453,3,7,Travis County                 ,651,651,151482015,5,10,1050844,0,0,0,14,691,72152321,637,637,148106970,5,10,1050844,0,0,0,14,691,72152321
202006,48,473,3,7,Waller County                 ,2,2,396032,0,0,0,0,0,0,1,6,133084,1,1,300000,0,0,0,0,0,0,0,0,0
202006,48,491,3,7,Williamson County             ,489,489,121908397,5,10,957457,1,3,218418,0,0,0,449,449,111834524,2,4,403800,0,0,0,0,0,0
202006,48,493,3,7,Wilson County                 ,3,3,983929,0,0,0,0,0,0,0,0,0,0,0,0,0,0,0,0,0,0,0,0,0
202006,48,497,3,7,Wise County                   ,9,9,2015032,0,0,0,0,0,0,0,0,0,9,9,2015032,0,0,0,0,0,0,0,0,0
202006,49,011,4,8,Davis County                  ,153,153,47422459,0,0,0,0,0,0,3,46,8850426,140,140,43519853,0,0,0,0,0,0,3,46,8850426
202006,49,023,4,8,Juab County                   ,4,4,1358955,2,4,711863,1,4,677699,2,10,1474661,3,3,982897,2,4,711863,1,4,677699,2,10,1474661
202006,49,029,4,8,Morgan County                 ,5,5,1754268,0,0,0,0,0,0,0,0,0,2,2,938253,0,0,0,0,0,0,0,0,0
202006,49,035,4,8,Salt Lake County              ,340,340,87883721,7,14,3517599,3,10,2202902,3,191,16576468,246,246,64648009,5,10,2988315,2,7,1673779,2,170,13790733
202006,49,039,4,8,Sanpete County                ,10,10,1753091,0,0,0,0,0,0,0,0,0,10,10,1753091,0,0,0,0,0,0,0,0,0
202006,49,043,4,8,Summit County                 ,21,21,16914812,0,0,0,1,3,841530,1,5,854284,7,7,10375397,0,0,0,0,0,0,0,0,0
202006,49,057,4,8,Weber County                  ,124,124,27938919,0,0,0,1,4,948115,1,5,460795,86,86,16885002,0,0,0,1,4,948115,0,0,0
202006,51,003,3,5,Albemarle County              ,61,61,18301735,0,0,0,0,0,0,2,26,2512832,0,0,0,0,0,0,0,0,0,0,0,0
202006,51,007,3,5,Amelia County                 ,5,5,891000,0,0,0,0,0,0,0,0,0,5,5,891000,0,0,0,0,0,0,0,0,0
202006,51,009,3,5,Amherst County                ,6,6,1427250,0,0,0,0,0,0,0,0,0,6,6,1427250,0,0,0,0,0,0,0,0,0
202006,51,013,3,5,Arlington County              ,20,20,8035000,0,0,0,0,0,0,0,0,0,20,20,8035000,0,0,0,0,0,0,0,0,0
202006,51,015,3,5,Augusta County                ,19,19,5078000,0,0,0,0,0,0,0,0,0,19,19,5078000,0,0,0,0,0,0,0,0,0
202006,51,019,3,5,Bedford County                ,3,3,695947,0,0,0,1,3,603462,0,0,0,0,0,0,0,0,0,0,0,0,0,0,0
202006,51,033,3,5,Caroline County               ,14,14,2507657,0,0,0,0,0,0,0,0,0,14,14,2507657,0,0,0,0,0,0,0,0,0
202006,51,036,3,5,Charles City County           ,2,2,365987,0,0,0,0,0,0,0,0,0,0,0,0,0,0,0,0,0,0,0,0,0
202006,51,037,3,5,Charlotte County              ,1,1,120000,0,0,0,0,0,0,0,0,0,1,1,120000,0,0,0,0,0,0,0,0,0
202006,51,041,3,5,Chesterfield County           ,137,137,28643384,0,0,0,12,48,3792571,7,236,15680211,137,137,28643384,0,0,0,12,48,3792571,7,236,15680211
202006,51,043,3,5,Clarke County                 ,1,1,355829,0,0,0,0,0,0,0,0,0,1,1,355829,0,0,0,0,0,0,0,0,0
202006,51,049,3,5,Cumberland County             ,4,4,737015,0,0,0,0,0,0,0,0,0,4,4,737015,0,0,0,0,0,0,0,0,0
202006,51,051,3,5,Dickenson County              ,0,0,0,0,0,0,0,0,0,0,0,0,0,0,0,0,0,0,0,0,0,0,0,0
202006,51,053,3,5,Dinwiddie County              ,8,8,1348058,0,0,0,0,0,0,0,0,0,0,0,0,0,0,0,0,0,0,0,0,0
202006,51,059,3,5,Fairfax County                ,65,65,15153385,0,0,0,0,0,0,1,12,1800000,65,65,15153385,0,0,0,0,0,0,1,12,1800000
202006,51,061,3,5,Fauquier County               ,12,12,4494312,0,0,0,0,0,0,0,0,0,12,12,4494312,0,0,0,0,0,0,0,0,0
202006,51,069,3,5,Frederick County              ,65,65,17782726,0,0,0,0,0,0,0,0,0,65,65,17782726,0,0,0,0,0,0,0,0,0
202006,51,073,3,5,Gloucester County             ,10,10,2362655,0,0,0,0,0,0,0,0,0,0,0,0,0,0,0,0,0,0,0,0,0
202006,51,075,3,5,Goochland County              ,45,45,10367045,0,0,0,0,0,0,0,0,0,45,45,10367045,0,0,0,0,0,0,0,0,0
202006,51,085,3,5,Hanover County                ,76,76,15889761,0,0,0,0,0,0,0,0,0,76,76,15889761,0,0,0,0,0,0,0,0,0
202006,51,087,3,5,Henrico County                ,64,64,10246737,30,60,2062500,0,0,0,0,0,0,64,64,10246737,30,60,2062500,0,0,0,0,0,0
202006,51,093,3,5,Isle of Wight County          ,26,26,4194554,0,0,0,0,0,0,0,0,0,26,26,4194554,0,0,0,0,0,0,0,0,0
202006,51,095,3,5,James City County             ,23,23,8136090,0,0,0,3,12,1557467,1,6,1015263,23,23,8136090,0,0,0,3,12,1557467,1,6,1015263
202006,51,097,3,5,King and Queen County         ,2,2,328827,0,0,0,0,0,0,0,0,0,0,0,0,0,0,0,0,0,0,0,0,0
202006,51,099,3,5,King George County            ,9,9,1881682,0,0,0,0,0,0,0,0,0,9,9,1881682,0,0,0,0,0,0,0,0,0
202006,51,107,3,5,Loudoun County                ,134,134,30847935,0,0,0,0,0,0,2,52,4883000,134,134,30847935,0,0,0,0,0,0,2,52,4883000
202006,51,109,3,5,Louisa County                 ,29,29,6505722,0,0,0,0,0,0,0,0,0,0,0,0,0,0,0,0,0,0,0,0,0
202006,51,115,3,5,Mathews County                ,2,2,900000,0,0,0,0,0,0,0,0,0,2,2,900000,0,0,0,0,0,0,0,0,0
202006,51,127,3,5,New Kent County               ,30,30,10336000,0,0,0,0,0,0,0,0,0,30,30,10336000,0,0,0,0,0,0,0,0,0
202006,51,139,3,5,Page County                   ,5,5,940000,0,0,0,0,0,0,0,0,0,5,5,940000,0,0,0,0,0,0,0,0,0
202006,51,145,3,5,Powhatan County               ,15,15,3230270,0,0,0,0,0,0,0,0,0,15,15,3230270,0,0,0,0,0,0,0,0,0
202006,51,149,3,5,Prince George County          ,4,4,605000,0,0,0,0,0,0,0,0,0,4,4,605000,0,0,0,0,0,0,0,0,0
202006,51,153,3,5,Prince William County         ,124,124,21253605,0,0,0,0,0,0,1,5,567698,124,124,21253605,0,0,0,0,0,0,0,0,0
202006,51,165,3,5,Rockingham County             ,54,54,16009150,0,0,0,0,0,0,0,0,0,54,54,16009150,0,0,0,0,0,0,0,0,0
202006,51,175,3,5,Southampton County            ,6,6,950232,0,0,0,0,0,0,0,0,0,0,0,0,0,0,0,0,0,0,0,0,0
202006,51,177,3,5,Spotsylvania County           ,63,63,16475494,0,0,0,0,0,0,2,49,5762880,0,0,0,0,0,0,0,0,0,0,0,0
202006,51,179,3,5,Stafford County               ,90,90,23073096,0,0,0,0,0,0,0,0,0,90,90,23073096,0,0,0,0,0,0,0,0,0
202006,51,181,3,5,Surry County                  ,2,2,337000,0,0,0,0,0,0,0,0,0,2,2,337000,0,0,0,0,0,0,0,0,0
202006,51,183,3,5,Sussex County                 ,3,3,271547,0,0,0,0,0,0,0,0,0,3,3,271547,0,0,0,0,0,0,0,0,0
202006,51,187,3,5,Warren County                 ,15,15,3181000,0,0,0,0,0,0,0,0,0,15,15,3181000,0,0,0,0,0,0,0,0,0
202006,51,199,3,5,York County                   ,30,30,6993870,0,0,0,0,0,0,0,0,0,30,30,6993870,0,0,0,0,0,0,0,0,0
202006,51,510,3,5,Alexandria (Independent City) ,6,6,793275,0,0,0,0,0,0,0,0,0,6,6,793275,0,0,0,0,0,0,0,0,0
202006,51,540,3,5,Charlottesville (Independent C,5,5,1731427,1,2,380000,0,0,0,0,0,0,0,0,0,0,0,0,0,0,0,0,0,0
202006,51,550,3,5,Chesapeake(Independent City)  ,73,73,17018417,0,0,0,0,0,0,0,0,0,73,73,17018417,0,0,0,0,0,0,0,0,0
202006,51,570,3,5,Colonial Heights (Independent ,1,1,209076,0,0,0,0,0,0,0,0,0,1,1,209076,0,0,0,0,0,0,0,0,0
202006,51,580,3,5,Covington (Independent City)  ,0,0,0,0,0,0,0,0,0,0,0,0,0,0,0,0,0,0,0,0,0,0,0,0
202006,51,600,3,5,Fairfax (Independent City)    ,2,2,639167,0,0,0,0,0,0,0,0,0,0,0,0,0,0,0,0,0,0,0,0,0
202006,51,610,3,5,Falls Church (Independent City,2,2,997833,0,0,0,0,0,0,1,27,10229814,0,0,0,0,0,0,0,0,0,0,0,0
202006,51,630,3,5,Fredericksburg(Independent Cit,4,4,1197050,0,0,0,0,0,0,0,0,0,4,4,1197050,0,0,0,0,0,0,0,0,0
202006,51,650,3,5,Hampton (Independent City)    ,17,17,1060560,0,0,0,0,0,0,0,0,0,0,0,0,0,0,0,0,0,0,0,0,0
202006,51,660,3,5,Harrisonburg (Independent City,9,9,1960000,0,0,0,0,0,0,0,0,0,9,9,1960000,0,0,0,0,0,0,0,0,0
202006,51,670,3,5,Hopewell (Independent City)   ,3,3,278680,0,0,0,0,0,0,0,0,0,0,0,0,0,0,0,0,0,0,0,0,0
202006,51,680,3,5,Lynchburg (Independent City)  ,2,2,566400,0,0,0,0,0,0,0,0,0,2,2,566400,0,0,0,0,0,0,0,0,0
202006,51,683,3,5,Manassas (Independent City)   ,10,10,2370890,0,0,0,0,0,0,0,0,0,0,0,0,0,0,0,0,0,0,0,0,0
202006,51,685,3,5,Manassas Park (Independent Cit,0,0,0,0,0,0,0,0,0,0,0,0,0,0,0,0,0,0,0,0,0,0,0,0
202006,51,700,3,5,Newport News (Independent City,9,9,873400,0,0,0,0,0,0,0,0,0,9,9,873400,0,0,0,0,0,0,0,0,0
202006,51,710,3,5,Norfolk (Independent City)    ,48,48,11190192,0,0,0,0,0,0,1,148,18000000,48,48,11190192,0,0,0,0,0,0,1,148,18000000
202006,51,730,3,5,Petersburg (Independent City) ,1,1,135022,0,0,0,0,0,0,0,0,0,0,0,0,0,0,0,0,0,0,0,0,0
202006,51,735,3,5,Poquoson (Independent City)   ,4,4,930000,0,0,0,0,0,0,0,0,0,4,4,930000,0,0,0,0,0,0,0,0,0
202006,51,740,3,5,Portsmouth (Independent City) ,2,2,223000,0,0,0,0,0,0,0,0,0,2,2,223000,0,0,0,0,0,0,0,0,0
202006,51,760,3,5,Richmond (Independent City)   ,25,25,5226895,0,0,0,0,0,0,0,0,0,25,25,5226895,0,0,0,0,0,0,0,0,0
202006,51,800,3,5,Suffolk (Independent City)    ,74,74,17251546,0,0,0,0,0,0,0,0,0,74,74,17251546,0,0,0,0,0,0,0,0,0
202006,51,810,3,5,Virginia Beach (Independent Ci,38,38,6083127,0,0,0,0,0,0,0,0,0,38,38,6083127,0,0,0,0,0,0,0,0,0
202006,51,830,3,5,Williamsburg (Independent City,5,5,954860,0,0,0,0,0,0,0,0,0,5,5,954860,0,0,0,0,0,0,0,0,0
202006,53,005,4,9,Benton County                 ,95,95,26041570,3,6,1040544,0,0,0,0,0,0,83,83,22636798,2,4,672798,0,0,0,0,0,0
202006,53,011,4,9,Clark County                  ,322,322,93034012,1,2,484861,0,0,0,4,43,5210559,151,151,41020984,1,2,484861,0,0,0,4,43,5210559
202006,53,021,4,9,Franklin County               ,56,56,16077129,1,2,173640,0,0,0,0,0,0,11,11,4354360,0,0,0,0,0,0,0,0,0
202006,53,031,4,9,Jefferson County              ,14,14,3483794,1,2,296302,0,0,0,0,0,0,0,0,0,1,2,296302,0,0,0,0,0,0
202006,53,033,4,9,King County                   ,342,342,134839410,24,48,14932799,18,61,16392163,18,343,47492941,223,223,85857942,23,46,14413721,17,58,15891651,13,228,34472900
202006,53,035,4,9,Kitsap County                 ,88,88,27222068,0,0,0,1,4,704916,1,8,674862,71,71,23074904,0,0,0,1,4,704916,0,0,0
202006,53,053,4,9,Pierce County                 ,219,219,65580842,0,0,0,2,7,1237787,7,133,16734189,217,217,64829906,0,0,0,1,4,773286,7,133,16734189
202006,53,055,4,9,San Juan County               ,10,10,2353454,0,0,0,0,0,0,0,0,0,0,0,0,0,0,0,0,0,0,0,0,0
202006,53,059,4,9,Skamania County               ,6,6,1353838,0,0,0,0,0,0,0,0,0,6,6,1353838,0,0,0,0,0,0,0,0,0
202006,53,061,4,9,Snohomish County              ,174,174,49750769,2,4,846511,1,3,747913,17,428,69623745,159,159,45121627,1,2,375446,1,3,747913,16,390,65459421
202006,54,011,3,5,Cabell County                 ,12,12,1719000,0,0,0,0,0,0,0,0,0,12,12,1719000,0,0,0,0,0,0,0,0,0
202006,54,015,3,5,Clay County                   ,2,2,50000,0,0,0,0,0,0,0,0,0,2,2,50000,0,0,0,0,0,0,0,0,0
202006,54,019,3,5,Fayette County                ,2,2,90000,0,0,0,0,0,0,0,0,0,2,2,90000,0,0,0,0,0,0,0,0,0
202006,54,037,3,5,Jefferson County              ,13,13,3878512,0,0,0,0,0,0,0,0,0,0,0,0,0,0,0,0,0,0,0,0,0
202006,54,081,3,5,Raleigh County                ,6,6,1605000,0,0,0,0,0,0,0,0,0,6,6,1605000,0,0,0,0,0,0,0,0,0
202006,55,025,2,3,Dane County                   ,106,106,38740096,5,10,2140817,0,0,0,3,119,15809841,76,76,30482254,2,4,575000,0,0,0,2,112,14000000
202006,55,031,2,3,Douglas County                ,18,18,3778576,0,0,0,0,0,0,0,0,0,18,18,3778576,0,0,0,0,0,0,0,0,0
202006,55,037,2,3,Florence County               ,9,9,1197797,0,0,0,0,0,0,0,0,0,9,9,1197797,0,0,0,0,0,0,0,0,0
202006,55,049,2,3,Iowa County                   ,5,5,1680383,0,0,0,0,0,0,0,0,0,1,1,350000,0,0,0,0,0,0,0,0,0
202006,55,059,2,3,Kenosha County                ,26,26,8125621,0,0,0,0,0,0,2,18,1262152,20,20,6279290,0,0,0,0,0,0,0,0,0
202006,55,079,2,3,Milwaukee County              ,6,6,2147650,0,0,0,0,0,0,0,0,0,4,4,1483872,0,0,0,0,0,0,0,0,0
202006,55,089,2,3,Ozaukee County                ,22,22,7764252,3,6,1420000,4,16,1861000,6,37,3930677,13,13,3854955,3,6,1420000,4,16,1861000,5,30,3888750
202006,55,093,2,3,Pierce County                 ,32,32,8008740,0,0,0,0,0,0,1,12,925741,32,32,8008740,0,0,0,0,0,0,1,12,925741
202006,55,109,2,3,St. Croix County              ,44,44,13051978,1,2,240000,1,3,1570391,0,0,0,31,31,8585163,1,2,240000,0,0,0,0,0,0
202006,55,131,2,3,Washington County             ,35,35,12814416,5,10,1489111,0,0,0,0,0,0,17,17,6099368,4,8,1250000,0,0,0,0,0,0
202006,56,029,4,8,Park County                   ,22,22,4995792,1,2,212500,0,0,0,0,0,0,22,22,4995792,1,2,212500,0,0,0,0,0,0
202006,56,039,4,8,Teton County                  ,21,21,37653070,0,0,0,0,0,0,0,0,0,18,18,36085000,0,0,0,0,0,0,0,0,0
