Survey,FIPS,FIPS,Region,Division,County,,1-unit,,,2-units,,,3-4 units,,,5+ units,,,1-unit rep,,,2-units rep,,,3-4 units rep,,, 5+units rep
Date,State,County,Code,Code,Name,Bldgs,Units,Value,Bldgs,Units,Value,Bldgs,Units,Value,Bldgs,Units,Value,Bldgs,Units,Value,Bldgs,Units,Value,Bldgs,Units,Value,Bldgs,Units,Value
 
202001,01,001,3,6,Autauga County                ,19,19,5986501,0,0,0,0,0,0,0,0,0,19,19,5986501,0,0,0,0,0,0,0,0,0
202001,01,007,3,6,Bibb County                   ,8,8,450000,0,0,0,0,0,0,0,0,0,8,8,450000,0,0,0,0,0,0,0,0,0
202001,01,009,3,6,Blount County                 ,1,1,155000,0,0,0,0,0,0,0,0,0,1,1,155000,0,0,0,0,0,0,0,0,0
202001,01,021,3,6,Chilton County                ,0,0,0,0,0,0,0,0,0,0,0,0,0,0,0,0,0,0,0,0,0,0,0,0
202001,01,073,3,6,Jefferson County              ,150,150,45397115,1,2,247329,0,0,0,1,14,1411756,120,120,38566719,0,0,0,0,0,0,0,0,0
202001,01,081,3,6,Lee County                    ,106,106,29396586,0,0,0,2,8,1945280,3,25,3515245,106,106,29396586,0,0,0,2,8,1945280,3,25,3515245
202001,01,083,3,6,Limestone County              ,19,19,4339221,4,8,648000,3,9,819000,0,0,0,19,19,4339221,4,8,648000,3,9,819000,0,0,0
202001,01,089,3,6,Madison County                ,322,322,43010177,0,0,0,0,0,0,0,0,0,322,322,43010177,0,0,0,0,0,0,0,0,0
202001,01,113,3,6,Russell County                ,13,13,1968172,0,0,0,0,0,0,0,0,0,5,5,849259,0,0,0,0,0,0,0,0,0
202001,01,115,3,6,St. Clair County              ,18,18,2949539,0,0,0,0,0,0,0,0,0,9,9,1400159,0,0,0,0,0,0,0,0,0
202001,01,117,3,6,Shelby County                 ,90,90,21112281,0,0,0,0,0,0,0,0,0,31,31,6786508,0,0,0,0,0,0,0,0,0
202001,01,127,3,6,Walker County                 ,2,2,336407,0,0,0,0,0,0,0,0,0,1,1,100000,0,0,0,0,0,0,0,0,0
202001,02,013,4,9,Aleutians East Borough        ,0,0,0,0,0,0,0,0,0,0,0,0,0,0,0,0,0,0,0,0,0,0,0,0
202001,02,016,4,9,Aleutians West Census Area    ,0,0,0,0,0,0,0,0,0,0,0,0,0,0,0,0,0,0,0,0,0,0,0,0
202001,02,020,4,9,Anchorage Municipality        ,71,71,22242146,0,0,0,1,3,521092,1,14,2213338,0,0,0,0,0,0,0,0,0,0,0,0
202001,02,050,4,9,Bethel Census Area            ,0,0,0,0,0,0,0,0,0,0,0,0,0,0,0,0,0,0,0,0,0,0,0,0
202001,02,060,4,9,Bristol Bay Borough           ,0,0,0,0,0,0,0,0,0,0,0,0,0,0,0,0,0,0,0,0,0,0,0,0
202001,02,070,4,9,Dillingham Census Area        ,0,0,0,0,0,0,0,0,0,0,0,0,0,0,0,0,0,0,0,0,0,0,0,0
202001,02,090,4,9,Fairbanks North Star Borough  ,1,1,267954,0,0,0,0,0,0,0,0,0,0,0,0,0,0,0,0,0,0,0,0,0
202001,02,100,4,9,Haines Borough                ,1,1,160842,0,0,0,0,0,0,0,0,0,0,0,0,0,0,0,0,0,0,0,0,0
202001,02,105,4,9,Hoonah-Angoon Census Area     ,0,0,0,0,0,0,0,0,0,0,0,0,0,0,0,0,0,0,0,0,0,0,0,0
202001,02,110,4,9,Juneau City and Borough       ,2,2,358358,0,0,0,0,0,0,0,0,0,2,2,358358,0,0,0,0,0,0,0,0,0
202001,02,122,4,9,Kenai Peninsula Borough       ,4,4,825450,0,0,0,0,0,0,0,0,0,0,0,0,0,0,0,0,0,0,0,0,0
202001,02,130,4,9,Ketchikan Gateway Borough     ,0,0,0,0,0,0,0,0,0,0,0,0,0,0,0,0,0,0,0,0,0,0,0,0
202001,02,150,4,9,Kodiak Island Borough         ,0,0,0,0,0,0,0,0,0,0,0,0,0,0,0,0,0,0,0,0,0,0,0,0
202001,02,170,4,9,Matanuska-Susitna Borough     ,4,4,1147985,2,4,683937,0,0,0,0,0,0,0,0,0,0,0,0,0,0,0,0,0,0
202001,02,180,4,9,Nome Census Area              ,0,0,0,0,0,0,0,0,0,0,0,0,0,0,0,0,0,0,0,0,0,0,0,0
202001,02,185,4,9,North Slope Borough           ,0,0,0,0,0,0,0,0,0,0,0,0,0,0,0,0,0,0,0,0,0,0,0,0
202001,02,188,4,9,Northwest Arctic Borough      ,1,1,660000,0,0,0,0,0,0,0,0,0,0,0,0,0,0,0,0,0,0,0,0,0
202001,02,195,4,9,Petersburg Borough            ,0,0,0,0,0,0,0,0,0,0,0,0,0,0,0,0,0,0,0,0,0,0,0,0
202001,02,198,4,9,Prince of Wales-Hyder Census A,0,0,0,0,0,0,0,0,0,0,0,0,0,0,0,0,0,0,0,0,0,0,0,0
202001,02,220,4,9,Sitka City and Borough        ,0,0,0,0,0,0,0,0,0,0,0,0,0,0,0,0,0,0,0,0,0,0,0,0
202001,02,230,4,9,Skagway Municipality          ,1,1,183400,1,2,200000,0,0,0,0,0,0,0,0,0,0,0,0,0,0,0,0,0,0
202001,02,261,4,9,Valdez-Cordova Census Area    ,0,0,0,0,0,0,0,0,0,0,0,0,0,0,0,0,0,0,0,0,0,0,0,0
202001,02,275,4,9,Wrangell City and Borough     ,0,0,0,0,0,0,0,0,0,0,0,0,0,0,0,0,0,0,0,0,0,0,0,0
202001,02,282,4,9,Yakutat City and Borough      ,1,1,166923,0,0,0,0,0,0,0,0,0,0,0,0,0,0,0,0,0,0,0,0,0
202001,02,290,4,9,Yukon-Koyukuk Census Area     ,0,0,0,0,0,0,0,0,0,0,0,0,0,0,0,0,0,0,0,0,0,0,0,0
202001,04,013,4,8,Maricopa County               ,1998,1998,562912111,6,12,1420181,6,20,4727772,48,1655,241397272,1988,1988,560808946,6,12,1420181,6,20,4727772,47,1525,218395411
202001,04,019,4,8,Pima County                   ,314,314,99868625,1,2,298716,0,0,0,3,70,10751197,259,259,86188111,0,0,0,0,0,0,0,0,0
202001,04,021,4,8,Pinal County                  ,429,429,87623379,0,0,0,3,12,857288,1,10,1064912,418,418,85452619,0,0,0,3,12,857288,1,10,1064912
202001,05,013,3,7,Calhoun County                ,0,0,0,0,0,0,0,0,0,0,0,0,0,0,0,0,0,0,0,0,0,0,0,0
202001,05,035,3,7,Crittenden County             ,5,5,1055000,0,0,0,0,0,0,0,0,0,5,5,1055000,0,0,0,0,0,0,0,0,0
202001,05,043,3,7,Drew County                   ,0,0,0,0,0,0,0,0,0,0,0,0,0,0,0,0,0,0,0,0,0,0,0,0
202001,05,045,3,7,Faulkner County               ,26,26,5576349,1,2,151790,0,0,0,1,8,224911,6,6,925000,0,0,0,0,0,0,0,0,0
202001,05,053,3,7,Grant County                  ,2,2,311517,0,0,0,0,0,0,0,0,0,0,0,0,0,0,0,0,0,0,0,0,0
202001,05,085,3,7,Lonoke County                 ,22,22,2663131,0,0,0,0,0,0,0,0,0,8,8,1457705,0,0,0,0,0,0,0,0,0
202001,05,087,3,7,Madison County                ,4,4,685000,0,0,0,0,0,0,0,0,0,4,4,685000,0,0,0,0,0,0,0,0,0
202001,05,091,3,7,Miller County                 ,3,3,645705,0,0,0,0,0,0,0,0,0,0,0,0,0,0,0,0,0,0,0,0,0
202001,05,105,3,7,Perry County                  ,0,0,0,0,0,0,0,0,0,0,0,0,0,0,0,0,0,0,0,0,0,0,0,0
202001,05,119,3,7,Pulaski County                ,80,80,19026607,1,2,403000,5,15,3022500,0,0,0,80,80,19026607,1,2,403000,5,15,3022500,0,0,0
202001,05,129,3,7,Searcy County                 ,0,0,0,0,0,0,0,0,0,0,0,0,0,0,0,0,0,0,0,0,0,0,0,0
202001,05,143,3,7,Washington County             ,113,113,28998452,13,26,5483964,0,0,0,9,54,7262758,101,101,27438452,13,26,5483964,0,0,0,9,54,7262758
202001,06,001,4,9,Alameda County                ,78,78,27798253,2,4,1177506,2,7,1541031,6,79,28710628,40,40,15600629,1,2,608855,1,4,684320,2,50,22636316
202001,06,013,4,9,Contra Costa County           ,120,120,37305219,1,2,343236,0,0,0,0,0,0,104,104,32220404,1,2,343236,0,0,0,0,0,0
202001,06,017,4,9,El Dorado County              ,45,45,15781410,1,2,150000,0,0,0,0,0,0,45,45,15781410,1,2,150000,0,0,0,0,0,0
202001,06,019,4,9,Fresno County                 ,244,244,73445341,0,0,0,0,0,0,0,0,0,222,222,67246534,0,0,0,0,0,0,0,0,0
202001,06,037,4,9,Los Angeles County            ,574,574,197118259,59,118,24518472,3,10,2584463,53,1867,307579537,502,502,164089398,57,114,23564711,2,7,1870302,46,1814,299937722
202001,06,041,4,9,Marin County                  ,5,5,5391865,0,0,0,0,0,0,0,0,0,3,3,3029000,0,0,0,0,0,0,0,0,0
202001,06,059,4,9,Orange County                 ,185,185,54455749,5,10,2576644,8,31,7153822,3,38,7757086,133,133,34630763,3,6,1202221,7,27,6273566,1,7,1400000
202001,06,061,4,9,Placer County                 ,181,181,52265698,0,0,0,0,0,0,1,41,5169205,181,181,52265698,0,0,0,0,0,0,1,41,5169205
202001,06,063,4,9,Plumas County                 ,1,1,256890,0,0,0,0,0,0,0,0,0,1,1,256890,0,0,0,0,0,0,0,0,0
202001,06,067,4,9,Sacramento County             ,283,283,81977559,3,6,975000,2,8,1367767,2,167,44406312,282,282,81751855,3,6,975000,2,8,1367767,2,167,44406312
202001,06,069,4,9,San Benito County             ,28,28,11044743,0,0,0,0,0,0,0,0,0,23,23,8341386,0,0,0,0,0,0,0,0,0
202001,06,071,4,9,San Bernardino County         ,314,314,72365140,1,2,333955,1,3,842221,3,27,3572090,292,292,66759062,1,2,333955,1,3,842221,0,0,0
202001,06,073,4,9,San Diego County              ,263,263,84467940,2,4,535219,1,3,399302,7,384,67600846,255,255,83274075,2,4,535219,0,0,0,4,358,64769673
202001,06,075,4,9,San Francisco County          ,1,1,277935,1,2,587000,1,3,1274323,4,485,232544221,1,1,277935,1,2,587000,1,3,1274323,4,485,232544221
202001,06,081,4,9,San Mateo County              ,26,26,18306863,0,0,0,0,0,0,3,24,3481253,12,12,9820472,0,0,0,0,0,0,0,0,0
202001,06,085,4,9,Santa Clara County            ,111,111,45154478,0,0,0,0,0,0,3,99,13510322,102,102,40189021,0,0,0,0,0,0,2,76,9798090
202001,06,091,4,9,Sierra County                 ,0,0,0,0,0,0,0,0,0,0,0,0,0,0,0,0,0,0,0,0,0,0,0,0
202001,06,113,4,9,Yolo County                   ,72,72,22805221,0,0,0,0,0,0,0,0,0,72,72,22805221,0,0,0,0,0,0,0,0,0
202001,08,001,4,8,Adams County                  ,147,147,44611397,0,0,0,0,0,0,0,0,0,123,123,35948698,0,0,0,0,0,0,0,0,0
202001,08,005,4,8,Arapahoe County               ,210,210,43177017,0,0,0,1,3,360172,11,311,44410930,207,207,42599839,0,0,0,0,0,0,11,311,44410930
202001,08,014,4,8,Broomfield County             ,22,22,8595255,3,6,1438878,0,0,0,0,0,0,22,22,8595255,3,6,1438878,0,0,0,0,0,0
202001,08,015,4,8,Chaffee County                ,11,11,2408693,0,0,0,0,0,0,0,0,0,11,11,2408693,0,0,0,0,0,0,0,0,0
202001,08,019,4,8,Clear Creek County            ,2,2,519117,0,0,0,0,0,0,1,5,727085,0,0,0,0,0,0,0,0,0,0,0,0
202001,08,031,4,8,Denver County                 ,198,198,51763285,3,6,1248197,0,0,0,8,441,65690671,0,0,0,0,0,0,0,0,0,0,0,0
202001,08,035,4,8,Douglas County                ,203,203,61943730,0,0,0,1,3,538524,0,0,0,203,203,61943730,0,0,0,1,3,538524,0,0,0
202001,08,039,4,8,Elbert County                 ,6,6,2235771,0,0,0,0,0,0,0,0,0,6,6,2235771,0,0,0,0,0,0,0,0,0
202001,08,041,4,8,El Paso County                ,357,357,139937484,0,0,0,0,0,0,2,193,26942638,357,357,139937484,0,0,0,0,0,0,2,193,26942638
202001,08,047,4,8,Gilpin County                 ,0,0,0,0,0,0,0,0,0,0,0,0,0,0,0,0,0,0,0,0,0,0,0,0
202001,08,059,4,8,Jefferson County              ,68,68,19511707,0,0,0,0,0,0,0,0,0,67,67,19213557,0,0,0,0,0,0,0,0,0
202001,08,069,4,8,Larimer County                ,199,199,54852831,1,2,592500,0,0,0,2,12,2844634,157,157,45356937,1,2,592500,0,0,0,2,12,2844634
202001,08,077,4,8,Mesa County                   ,35,35,9899222,0,0,0,0,0,0,0,0,0,35,35,9899222,0,0,0,0,0,0,0,0,0
202001,08,093,4,8,Park County                   ,7,7,1624524,0,0,0,0,0,0,0,0,0,7,7,1624524,0,0,0,0,0,0,0,0,0
202001,08,101,4,8,Pueblo County                 ,56,56,8544653,0,0,0,0,0,0,0,0,0,56,56,8544653,0,0,0,0,0,0,0,0,0
202001,08,119,4,8,Teller County                 ,5,5,1735043,0,0,0,0,0,0,0,0,0,5,5,1735043,0,0,0,0,0,0,0,0,0
202001,09,001,1,1,Fairfield County              ,47,47,18889741,1,2,800000,0,0,0,0,0,0,39,39,14406828,1,2,800000,0,0,0,0,0,0
202001,09,003,1,1,Hartford County               ,33,33,6115371,0,0,0,0,0,0,3,41,2637690,31,31,5710237,0,0,0,0,0,0,1,26,1642000
202001,09,007,1,1,Middlesex County              ,10,10,2635607,0,0,0,0,0,0,0,0,0,4,4,1178120,0,0,0,0,0,0,0,0,0
202001,09,013,1,1,Tolland County                ,10,10,2092755,0,0,0,0,0,0,2,20,1996316,5,5,1008180,0,0,0,0,0,0,0,0,0
202001,10,001,3,5,Kent County                   ,102,102,14151982,3,6,643674,0,0,0,0,0,0,100,100,13723507,3,6,643674,0,0,0,0,0,0
202001,10,003,3,5,New Castle County             ,74,74,8593306,0,0,0,0,0,0,0,0,0,71,71,7898421,0,0,0,0,0,0,0,0,0
202001,10,005,3,5,Sussex County                 ,311,311,44520485,13,26,3642095,0,0,0,3,19,3310915,311,311,44520485,13,26,3642095,0,0,0,3,19,3310915
202001,11,001,3,5,Washington  DC                ,5,5,1187284,6,12,1342094,0,0,0,4,665,74642925,5,5,1187284,6,12,1342094,0,0,0,4,665,74642925
202001,12,003,3,5,Baker County                  ,8,8,1069593,0,0,0,0,0,0,0,0,0,8,8,1069593,0,0,0,0,0,0,0,0,0
202001,12,019,3,5,Clay County                   ,83,83,17731168,0,0,0,0,0,0,0,0,0,83,83,17731168,0,0,0,0,0,0,0,0,0
202001,12,029,3,5,Dixie County                  ,3,3,378970,0,0,0,0,0,0,0,0,0,0,0,0,0,0,0,0,0,0,0,0,0
202001,12,031,3,5,Duval County                  ,445,445,107877779,0,0,0,0,0,0,0,0,0,436,436,105022190,0,0,0,0,0,0,0,0,0
202001,12,033,3,5,Escambia County               ,159,159,37755616,2,4,220000,0,0,0,1,14,1571430,159,159,37755616,2,4,220000,0,0,0,1,14,1571430
202001,12,053,3,5,Hernando County               ,121,121,20759825,0,0,0,3,12,1095000,0,0,0,121,121,20759825,0,0,0,3,12,1095000,0,0,0
202001,12,057,3,5,Hillsborough County           ,758,758,259930173,3,6,1200000,0,0,0,0,0,0,758,758,259930173,3,6,1200000,0,0,0,0,0,0
202001,12,067,3,5,Lafayette County              ,25,25,488500,0,0,0,0,0,0,0,0,0,25,25,488500,0,0,0,0,0,0,0,0,0
202001,12,071,3,5,Lee County                    ,582,582,121800781,20,40,4813130,4,16,5140954,31,1018,128317309,582,582,121800781,20,40,4813130,4,16,5140954,31,1018,128317309
202001,12,073,3,5,Leon County                   ,62,62,12183505,1,2,221600,0,0,0,4,100,12564342,0,0,0,0,0,0,0,0,0,0,0,0
202001,12,081,3,5,Manatee County                ,273,273,55104379,6,12,1275950,0,0,0,2,38,2356816,273,273,55104379,6,12,1275950,0,0,0,2,38,2356816
202001,12,086,3,5,Miami-Dade County             ,130,130,33739362,11,22,4703510,0,0,0,14,625,95307930,103,103,24008458,11,22,4703510,0,0,0,13,611,93736500
202001,12,089,3,5,Nassau County                 ,98,98,27731429,0,0,0,0,0,0,1,20,2296412,0,0,0,0,0,0,0,0,0,0,0,0
202001,12,091,3,5,Okaloosa County               ,89,89,26759383,0,0,0,0,0,0,0,0,0,70,70,21438436,0,0,0,0,0,0,0,0,0
202001,12,095,3,5,Orange County                 ,302,302,94086540,8,16,3355527,0,0,0,13,906,133116087,279,279,87805690,8,16,3355527,0,0,0,13,906,133116087
202001,12,097,3,5,Osceola County                ,430,430,81733320,0,0,0,2,8,710316,3,445,41253028,430,430,81733320,0,0,0,2,8,710316,3,445,41253028
202001,12,101,3,5,Pasco County                  ,487,487,102134851,0,0,0,0,0,0,0,0,0,486,486,102040133,0,0,0,0,0,0,0,0,0
202001,12,103,3,5,Pinellas County               ,82,82,22838710,0,0,0,0,0,0,0,0,0,74,74,20188802,0,0,0,0,0,0,0,0,0
202001,12,109,3,5,St. Johns County              ,350,350,83626589,0,0,0,0,0,0,0,0,0,350,350,83626589,0,0,0,0,0,0,0,0,0
202001,12,113,3,5,Santa Rosa County             ,168,168,30129655,0,0,0,0,0,0,0,0,0,168,168,30129655,0,0,0,0,0,0,0,0,0
202001,12,115,3,5,Sarasota County               ,370,370,102064195,3,6,1687750,2,8,1922318,3,43,6605619,348,348,95440865,3,6,1687750,2,8,1922318,2,12,2413079
202001,12,117,3,5,Seminole County               ,67,67,21729408,0,0,0,0,0,0,0,0,0,63,63,20132014,0,0,0,0,0,0,0,0,0
202001,12,119,3,5,Sumter County                 ,265,265,71778129,0,0,0,0,0,0,0,0,0,265,265,71778129,0,0,0,0,0,0,0,0,0
202001,12,129,3,5,Wakulla County                ,31,31,5487760,0,0,0,0,0,0,0,0,0,31,31,5487760,0,0,0,0,0,0,0,0,0
202001,12,131,3,5,Walton County                 ,128,128,63430718,0,0,0,0,0,0,4,32,4690504,128,128,63430718,0,0,0,0,0,0,4,32,4690504
202001,12,133,3,5,Washington County             ,4,4,512616,0,0,0,0,0,0,0,0,0,0,0,0,0,0,0,0,0,0,0,0,0
202001,13,007,3,5,Baker County                  ,0,0,0,0,0,0,0,0,0,0,0,0,0,0,0,0,0,0,0,0,0,0,0,0
202001,13,013,3,5,Barrow County                 ,59,59,8794955,0,0,0,0,0,0,0,0,0,59,59,8794955,0,0,0,0,0,0,0,0,0
202001,13,015,3,5,Bartow County                 ,65,65,12356023,0,0,0,0,0,0,0,0,0,65,65,12356023,0,0,0,0,0,0,0,0,0
202001,13,021,3,5,Bibb County                   ,13,13,2228062,0,0,0,0,0,0,0,0,0,0,0,0,0,0,0,0,0,0,0,0,0
202001,13,029,3,5,Bryan County                  ,37,37,8153609,0,0,0,0,0,0,0,0,0,10,10,2374567,0,0,0,0,0,0,0,0,0
202001,13,033,3,5,Burke County                  ,4,4,911000,0,0,0,0,0,0,0,0,0,4,4,911000,0,0,0,0,0,0,0,0,0
202001,13,035,3,5,Butts County                  ,14,14,4123000,0,0,0,0,0,0,0,0,0,14,14,4123000,0,0,0,0,0,0,0,0,0
202001,13,045,3,5,Carroll County                ,85,85,19460765,0,0,0,0,0,0,0,0,0,82,82,19053585,0,0,0,0,0,0,0,0,0
202001,13,051,3,5,Chatham County                ,79,79,21436941,0,0,0,0,0,0,0,0,0,77,77,20928041,0,0,0,0,0,0,0,0,0
202001,13,057,3,5,Cherokee County               ,172,172,46437251,0,0,0,0,0,0,0,0,0,172,172,46437251,0,0,0,0,0,0,0,0,0
202001,13,059,3,5,Clarke County                 ,21,21,4324457,0,0,0,0,0,0,0,0,0,21,21,4324457,0,0,0,0,0,0,0,0,0
202001,13,063,3,5,Clayton County                ,51,51,11840348,0,0,0,0,0,0,0,0,0,28,28,8738630,0,0,0,0,0,0,0,0,0
202001,13,067,3,5,Cobb County                   ,107,107,32928228,5,10,2042971,4,15,2435774,8,257,29654046,107,107,32928228,5,10,2042971,4,15,2435774,8,257,29654046
202001,13,073,3,5,Columbia County               ,102,102,20183654,0,0,0,1,4,360000,0,0,0,20,20,3158774,0,0,0,1,4,360000,0,0,0
202001,13,077,3,5,Coweta County                 ,85,85,28877510,0,0,0,0,0,0,2,41,3649168,52,52,17706228,0,0,0,0,0,0,0,0,0
202001,13,085,3,5,Dawson County                 ,27,27,6168527,0,0,0,0,0,0,0,0,0,27,27,6168527,0,0,0,0,0,0,0,0,0
202001,13,095,3,5,Dougherty County              ,0,0,0,0,0,0,0,0,0,0,0,0,0,0,0,0,0,0,0,0,0,0,0,0
202001,13,097,3,5,Douglas County                ,56,56,8713598,0,0,0,0,0,0,0,0,0,56,56,8713598,0,0,0,0,0,0,0,0,0
202001,13,111,3,5,Fannin County                 ,27,27,5263955,0,0,0,0,0,0,1,5,429249,0,0,0,0,0,0,0,0,0,0,0,0
202001,13,113,3,5,Fayette County                ,20,20,7336935,0,0,0,0,0,0,0,0,0,16,16,5785440,0,0,0,0,0,0,0,0,0
202001,13,115,3,5,Floyd County                  ,8,8,1987873,0,0,0,0,0,0,0,0,0,8,8,1987873,0,0,0,0,0,0,0,0,0
202001,13,117,3,5,Forsyth County                ,158,158,26655753,0,0,0,0,0,0,0,0,0,158,158,26655753,0,0,0,0,0,0,0,0,0
202001,13,121,3,5,Fulton County                 ,133,133,35584505,0,0,0,0,0,0,3,314,35244930,117,117,33968927,0,0,0,0,0,0,3,314,35244930
202001,13,127,3,5,Glynn County                  ,51,51,15022275,0,0,0,0,0,0,0,0,0,0,0,0,0,0,0,0,0,0,0,0,0
202001,13,135,3,5,Gwinnett County               ,318,318,76620342,0,0,0,0,0,0,5,290,38565713,308,308,73704836,0,0,0,0,0,0,4,252,34408999
202001,13,143,3,5,Haralson County               ,5,5,1142836,0,0,0,0,0,0,0,0,0,0,0,0,0,0,0,0,0,0,0,0,0
202001,13,145,3,5,Harris County                 ,19,19,4436145,0,0,0,0,0,0,0,0,0,19,19,4436145,0,0,0,0,0,0,0,0,0
202001,13,149,3,5,Heard County                  ,2,2,474913,0,0,0,0,0,0,0,0,0,2,2,474913,0,0,0,0,0,0,0,0,0
202001,13,151,3,5,Henry County                  ,181,181,38646865,0,0,0,0,0,0,0,0,0,142,142,33522474,0,0,0,0,0,0,0,0,0
202001,13,159,3,5,Jasper County                 ,6,6,803844,0,0,0,0,0,0,0,0,0,0,0,0,0,0,0,0,0,0,0,0,0
202001,13,171,3,5,Lamar County                  ,5,5,3059252,0,0,0,0,0,0,0,0,0,4,4,2931870,0,0,0,0,0,0,0,0,0
202001,13,177,3,5,Lee County                    ,13,13,1539886,0,0,0,0,0,0,0,0,0,13,13,1539886,0,0,0,0,0,0,0,0,0
202001,13,179,3,5,Liberty County                ,36,36,7800258,0,0,0,0,0,0,0,0,0,36,36,7800258,0,0,0,0,0,0,0,0,0
202001,13,189,3,5,McDuffie County               ,1,1,210000,0,0,0,0,0,0,0,0,0,1,1,210000,0,0,0,0,0,0,0,0,0
202001,13,199,3,5,Meriwether County             ,6,6,1239214,0,0,0,0,0,0,0,0,0,0,0,0,0,0,0,0,0,0,0,0,0
202001,13,201,3,5,Miller County                 ,1,1,400000,0,0,0,0,0,0,0,0,0,1,1,400000,0,0,0,0,0,0,0,0,0
202001,13,207,3,5,Monroe County                 ,13,13,209531,0,0,0,0,0,0,0,0,0,0,0,0,0,0,0,0,0,0,0,0,0
202001,13,215,3,5,Muscogee County               ,30,30,5834528,0,0,0,1,3,184640,2,13,2442035,0,0,0,0,0,0,0,0,0,0,0,0
202001,13,217,3,5,Newton County                 ,62,62,14421176,0,0,0,0,0,0,0,0,0,62,62,14421176,0,0,0,0,0,0,0,0,0
202001,13,227,3,5,Pickens County                ,12,12,2445301,0,0,0,0,0,0,0,0,0,12,12,2445301,0,0,0,0,0,0,0,0,0
202001,13,231,3,5,Pike County                   ,11,11,2200000,0,0,0,0,0,0,0,0,0,0,0,0,0,0,0,0,0,0,0,0,0
202001,13,235,3,5,Pulaski County                ,3,3,340000,0,0,0,0,0,0,0,0,0,3,3,340000,0,0,0,0,0,0,0,0,0
202001,13,245,3,5,Richmond County               ,32,32,5205659,0,0,0,0,0,0,1,14,857449,1,1,175000,0,0,0,0,0,0,0,0,0
202001,13,247,3,5,Rockdale County               ,12,12,2957627,0,0,0,0,0,0,0,0,0,12,12,2957627,0,0,0,0,0,0,0,0,0
202001,13,255,3,5,Spalding County               ,19,19,5733970,0,0,0,0,0,0,0,0,0,19,19,5733970,0,0,0,0,0,0,0,0,0
202001,13,275,3,5,Thomas County                 ,9,9,2009339,0,0,0,0,0,0,0,0,0,6,6,1330217,0,0,0,0,0,0,0,0,0
202001,13,291,3,5,Union County                  ,20,20,4861186,0,0,0,0,0,0,0,0,0,20,20,4861186,0,0,0,0,0,0,0,0,0
202001,15,001,4,9,Hawaii County                 ,58,58,18004969,0,0,0,0,0,0,0,0,0,0,0,0,0,0,0,0,0,0,0,0,0
202001,15,003,4,9,Honolulu County               ,53,53,16830808,0,0,0,0,0,0,0,0,0,53,53,16830808,0,0,0,0,0,0,0,0,0
202001,15,007,4,9,Kauai County                  ,14,14,11629605,1,2,1250000,0,0,0,0,0,0,14,14,11629605,1,2,1250000,0,0,0,0,0,0
202001,15,009,4,9,Maui County                   ,18,18,7598000,3,6,1139345,0,0,0,0,0,0,18,18,7598000,3,6,1139345,0,0,0,0,0,0
202001,16,001,4,8,Ada County                    ,338,338,94937329,1,2,383171,0,0,0,1,20,2100000,316,316,87812762,1,2,383171,0,0,0,1,20,2100000
202001,16,015,4,8,Boise County                  ,0,0,0,0,0,0,0,0,0,0,0,0,0,0,0,0,0,0,0,0,0,0,0,0
202001,16,027,4,8,Canyon County                 ,227,227,36766024,1,2,306276,0,0,0,2,50,797640,215,215,33613190,1,2,306276,0,0,0,2,50,797640
202001,16,045,4,8,Gem County                    ,4,4,799517,0,0,0,0,0,0,0,0,0,2,2,555870,0,0,0,0,0,0,0,0,0
202001,16,073,4,8,Owyhee County                 ,2,2,371801,0,0,0,0,0,0,0,0,0,0,0,0,0,0,0,0,0,0,0,0,0
202001,17,005,2,3,Bond County                   ,0,0,0,0,0,0,0,0,0,0,0,0,0,0,0,0,0,0,0,0,0,0,0,0
202001,17,013,2,3,Calhoun County                ,1,1,151336,0,0,0,0,0,0,0,0,0,0,0,0,0,0,0,0,0,0,0,0,0
202001,17,031,2,3,Cook County                   ,90,90,32088944,5,10,2522200,6,18,3019325,12,235,25939514,75,75,26214008,4,8,2007200,6,18,3019325,12,235,25939514
202001,17,037,2,3,DeKalb County                 ,8,8,1999589,0,0,0,0,0,0,0,0,0,7,7,1863000,0,0,0,0,0,0,0,0,0
202001,17,039,2,3,De Witt County                ,1,1,190000,0,0,0,0,0,0,0,0,0,1,1,190000,0,0,0,0,0,0,0,0,0
202001,17,043,2,3,DuPage County                 ,64,64,23354959,0,0,0,0,0,0,1,242,19600000,58,58,21091903,0,0,0,0,0,0,1,242,19600000
202001,17,063,2,3,Grundy County                 ,6,6,1321356,0,0,0,0,0,0,1,10,512820,5,5,1160807,0,0,0,0,0,0,0,0,0
202001,17,083,2,3,Jersey County                 ,1,1,155609,0,0,0,0,0,0,0,0,0,0,0,0,0,0,0,0,0,0,0,0,0
202001,17,093,2,3,Kendall County                ,14,14,2932223,2,4,544988,0,0,0,1,23,1815357,8,8,1864573,1,2,284500,0,0,0,0,0,0
202001,17,097,2,3,Lake County                   ,38,38,14271062,1,2,488711,0,0,0,1,6,1234932,28,28,9843008,1,2,488711,0,0,0,0,0,0
202001,17,111,2,3,McHenry County                ,18,18,3053787,0,0,0,0,0,0,0,0,0,15,15,2539384,0,0,0,0,0,0,0,0,0
202001,17,119,2,3,Madison County                ,28,28,6587151,0,0,0,1,3,327896,0,0,0,24,24,5661397,0,0,0,0,0,0,0,0,0
202001,17,133,2,3,Monroe County                 ,2,2,315000,0,0,0,0,0,0,0,0,0,2,2,315000,0,0,0,0,0,0,0,0,0
202001,17,197,2,3,Will County                   ,86,86,20171971,4,8,785200,0,0,0,1,16,1625500,78,78,18787674,4,8,785200,0,0,0,1,16,1625500
202001,18,003,2,3,Allen County                  ,78,78,21117111,0,0,0,0,0,0,0,0,0,78,78,21117111,0,0,0,0,0,0,0,0,0
202001,18,011,2,3,Boone County                  ,49,49,19104000,0,0,0,0,0,0,0,0,0,49,49,19104000,0,0,0,0,0,0,0,0,0
202001,18,013,2,3,Brown County                  ,1,1,270732,0,0,0,0,0,0,0,0,0,1,1,270732,0,0,0,0,0,0,0,0,0
202001,18,019,2,3,Clark County                  ,55,55,8962158,0,0,0,0,0,0,0,0,0,54,54,8648724,0,0,0,0,0,0,0,0,0
202001,18,047,2,3,Franklin County               ,3,3,640000,0,0,0,0,0,0,0,0,0,3,3,640000,0,0,0,0,0,0,0,0,0
202001,18,057,2,3,Hamilton County               ,186,186,66991983,0,0,0,2,7,1000000,3,87,2600000,186,186,66991983,0,0,0,2,7,1000000,3,87,2600000
202001,18,059,2,3,Hancock County                ,37,37,8649373,0,0,0,0,0,0,0,0,0,37,37,8649373,0,0,0,0,0,0,0,0,0
202001,18,061,2,3,Harrison County               ,1,1,270732,0,0,0,0,0,0,0,0,0,1,1,270732,0,0,0,0,0,0,0,0,0
202001,18,063,2,3,Hendricks County              ,75,75,19521750,0,0,0,0,0,0,0,0,0,70,70,18105477,0,0,0,0,0,0,0,0,0
202001,18,069,2,3,Huntington County             ,4,4,962140,0,0,0,0,0,0,0,0,0,4,4,962140,0,0,0,0,0,0,0,0,0
202001,18,073,2,3,Jasper County                 ,8,8,1903365,0,0,0,0,0,0,0,0,0,7,7,1788921,0,0,0,0,0,0,0,0,0
202001,18,081,2,3,Johnson County                ,65,65,18674217,4,8,1477500,0,0,0,0,0,0,63,63,18443079,4,8,1477500,0,0,0,0,0,0
202001,18,087,2,3,Lagrange County               ,3,3,566000,0,0,0,0,0,0,0,0,0,3,3,566000,0,0,0,0,0,0,0,0,0
202001,18,089,2,3,Lake County                   ,79,79,20510478,0,0,0,0,0,0,0,0,0,71,71,17996813,0,0,0,0,0,0,0,0,0
202001,18,097,2,3,Marion County                 ,90,90,23905378,0,0,0,1,4,741118,0,0,0,90,90,23905378,0,0,0,1,4,741118,0,0,0
202001,18,105,2,3,Monroe County                 ,21,21,5685376,0,0,0,0,0,0,0,0,0,21,21,5685376,0,0,0,0,0,0,0,0,0
202001,18,109,2,3,Morgan County                 ,15,15,3204654,1,2,250000,0,0,0,0,0,0,8,8,1706516,0,0,0,0,0,0,0,0,0
202001,18,111,2,3,Newton County                 ,1,1,204248,0,0,0,0,0,0,0,0,0,0,0,0,0,0,0,0,0,0,0,0,0
202001,18,115,2,3,Ohio County                   ,2,2,630000,0,0,0,0,0,0,0,0,0,2,2,630000,0,0,0,0,0,0,0,0,0
202001,18,119,2,3,Owen County                   ,6,6,1624393,0,0,0,0,0,0,0,0,0,6,6,1624393,0,0,0,0,0,0,0,0,0
202001,18,127,2,3,Porter County                 ,33,33,8733163,0,0,0,0,0,0,1,12,2476849,25,25,7328957,0,0,0,0,0,0,1,12,2476849
202001,18,133,2,3,Putnam County                 ,6,6,1548661,0,0,0,0,0,0,0,0,0,6,6,1548661,0,0,0,0,0,0,0,0,0
202001,18,145,2,3,Shelby County                 ,2,2,504156,0,0,0,0,0,0,0,0,0,1,1,204365,0,0,0,0,0,0,0,0,0
202001,18,151,2,3,Steuben County                ,7,7,2658514,0,0,0,0,0,0,0,0,0,7,7,2658514,0,0,0,0,0,0,0,0,0
202001,18,157,2,3,Tippecanoe County             ,18,18,4334066,0,0,0,0,0,0,3,48,5576050,15,15,3940251,0,0,0,0,0,0,2,42,4878384
202001,18,163,2,3,Vanderburgh County            ,17,17,2964284,0,0,0,0,0,0,0,0,0,0,0,0,0,0,0,0,0,0,0,0,0
202001,18,167,2,3,Vigo County                   ,3,3,424229,0,0,0,0,0,0,0,0,0,0,0,0,0,0,0,0,0,0,0,0,0
202001,18,175,2,3,Washington County             ,4,4,967874,0,0,0,0,0,0,0,0,0,0,0,0,0,0,0,0,0,0,0,0,0
202001,18,183,2,3,Whitley County                ,9,9,2002862,0,0,0,0,0,0,0,0,0,9,9,2002862,0,0,0,0,0,0,0,0,0
202001,19,049,2,4,Dallas County                 ,32,32,8558144,0,0,0,0,0,0,0,0,0,29,29,7749231,0,0,0,0,0,0,0,0,0
202001,19,085,2,4,Harrison County               ,1,1,225000,0,0,0,0,0,0,0,0,0,0,0,0,0,0,0,0,0,0,0,0,0
202001,19,129,2,4,Mills County                  ,0,0,0,0,0,0,0,0,0,0,0,0,0,0,0,0,0,0,0,0,0,0,0,0
202001,19,153,2,4,Polk County                   ,120,120,33030587,2,4,861042,0,0,0,2,37,4080229,112,112,31014405,2,4,861042,0,0,0,1,24,2800000
202001,19,181,2,4,Warren County                 ,17,17,3868389,0,0,0,0,0,0,0,0,0,16,16,3626972,0,0,0,0,0,0,0,0,0
202001,20,061,2,4,Geary County                  ,1,1,254333,0,0,0,0,0,0,0,0,0,0,0,0,0,0,0,0,0,0,0,0,0
202001,20,091,2,4,Johnson County                ,112,112,39378799,3,6,1478000,4,16,5600000,1,67,6139877,108,108,36921749,3,6,1478000,4,16,5600000,1,67,6139877
202001,20,103,2,4,Leavenworth County            ,9,9,1941467,0,0,0,0,0,0,0,0,0,9,9,1941467,0,0,0,0,0,0,0,0,0
202001,20,107,2,4,Linn County                   ,1,1,97636,0,0,0,0,0,0,0,0,0,0,0,0,0,0,0,0,0,0,0,0,0
202001,20,121,2,4,Miami County                  ,4,4,1258362,0,0,0,0,0,0,0,0,0,0,0,0,0,0,0,0,0,0,0,0,0
202001,20,209,2,4,Wyandotte County              ,11,11,2225533,1,2,192348,0,0,0,0,0,0,1,1,250000,0,0,0,0,0,0,0,0,0
202001,21,005,3,6,Anderson County               ,2,2,300538,0,0,0,0,0,0,0,0,0,2,2,300538,0,0,0,0,0,0,0,0,0
202001,21,015,3,6,Boone County                  ,33,33,6317036,0,0,0,0,0,0,1,48,5400000,33,33,6317036,0,0,0,0,0,0,1,48,5400000
202001,21,017,3,6,Bourbon County                ,2,2,425000,0,0,0,0,0,0,0,0,0,2,2,425000,0,0,0,0,0,0,0,0,0
202001,21,021,3,6,Boyle County                  ,4,4,760491,0,0,0,0,0,0,0,0,0,0,0,0,0,0,0,0,0,0,0,0,0
202001,21,029,3,6,Bullitt County                ,36,36,7748163,1,2,135000,0,0,0,0,0,0,36,36,7748163,1,2,135000,0,0,0,0,0,0
202001,21,035,3,6,Calloway County               ,1,1,98500,0,0,0,0,0,0,0,0,0,1,1,98500,0,0,0,0,0,0,0,0,0
202001,21,037,3,6,Campbell County               ,15,15,3761038,0,0,0,0,0,0,1,27,3106974,1,1,430000,0,0,0,0,0,0,0,0,0
202001,21,045,3,6,Casey County                  ,0,0,0,0,0,0,0,0,0,0,0,0,0,0,0,0,0,0,0,0,0,0,0,0
202001,21,047,3,6,Christian County              ,9,9,890400,0,0,0,0,0,0,0,0,0,7,7,748000,0,0,0,0,0,0,0,0,0
202001,21,049,3,6,Clark County                  ,4,4,943232,1,2,400000,0,0,0,1,5,346250,0,0,0,0,0,0,0,0,0,0,0,0
202001,21,067,3,6,Fayette County                ,66,66,12054388,0,0,0,0,0,0,3,92,4214379,0,0,0,0,0,0,0,0,0,0,0,0
202001,21,069,3,6,Fleming County                ,0,0,0,0,0,0,0,0,0,0,0,0,0,0,0,0,0,0,0,0,0,0,0,0
202001,21,077,3,6,Gallatin County               ,2,2,448477,0,0,0,0,0,0,0,0,0,0,0,0,0,0,0,0,0,0,0,0,0
202001,21,081,3,6,Grant County                  ,4,4,101800,0,0,0,0,0,0,0,0,0,4,4,101800,0,0,0,0,0,0,0,0,0
202001,21,091,3,6,Hancock County                ,1,1,194650,0,0,0,0,0,0,0,0,0,0,0,0,0,0,0,0,0,0,0,0,0
202001,21,099,3,6,Hart County                   ,0,0,0,0,0,0,0,0,0,0,0,0,0,0,0,0,0,0,0,0,0,0,0,0
202001,21,101,3,6,Henderson County              ,5,5,1209600,0,0,0,0,0,0,0,0,0,5,5,1209600,0,0,0,0,0,0,0,0,0
202001,21,103,3,6,Henry County                  ,5,5,740000,0,0,0,0,0,0,0,0,0,5,5,740000,0,0,0,0,0,0,0,0,0
202001,21,111,3,6,Jefferson County              ,108,108,34659560,0,0,0,0,0,0,7,185,24748809,1,1,317900,0,0,0,0,0,0,0,0,0
202001,21,113,3,6,Jessamine County              ,15,15,6014024,0,0,0,1,3,502500,0,0,0,7,7,4747000,0,0,0,0,0,0,0,0,0
202001,21,115,3,6,Johnson County                ,0,0,0,0,0,0,0,0,0,0,0,0,0,0,0,0,0,0,0,0,0,0,0,0
202001,21,117,3,6,Kenton County                 ,20,20,5065155,0,0,0,0,0,0,0,0,0,20,20,5065155,0,0,0,0,0,0,0,0,0
202001,21,121,3,6,Knox County                   ,0,0,0,0,0,0,0,0,0,0,0,0,0,0,0,0,0,0,0,0,0,0,0,0
202001,21,123,3,6,Larue County                  ,2,2,474913,0,0,0,0,0,0,0,0,0,2,2,474913,0,0,0,0,0,0,0,0,0
202001,21,137,3,6,Lincoln County                ,2,2,200000,0,0,0,0,0,0,0,0,0,2,2,200000,0,0,0,0,0,0,0,0,0
202001,21,145,3,6,McCracken County              ,4,4,1033078,0,0,0,0,0,0,0,0,0,4,4,1033078,0,0,0,0,0,0,0,0,0
202001,21,151,3,6,Madison County                ,18,18,1780564,2,4,225992,0,0,0,1,5,168572,4,4,555000,0,0,0,0,0,0,0,0,0
202001,21,157,3,6,Marshall County               ,5,5,1230000,0,0,0,0,0,0,0,0,0,5,5,1230000,0,0,0,0,0,0,0,0,0
202001,21,161,3,6,Mason County                  ,1,1,215000,0,0,0,0,0,0,0,0,0,1,1,215000,0,0,0,0,0,0,0,0,0
202001,21,163,3,6,Meade County                  ,2,2,480000,1,2,120000,0,0,0,0,0,0,2,2,480000,1,2,120000,0,0,0,0,0,0
202001,21,167,3,6,Mercer County                 ,4,4,681011,0,0,0,0,0,0,0,0,0,0,0,0,0,0,0,0,0,0,0,0,0
202001,21,175,3,6,Morgan County                 ,2,2,150000,0,0,0,0,0,0,0,0,0,0,0,0,0,0,0,0,0,0,0,0,0
202001,21,179,3,6,Nelson County                 ,19,19,3606000,0,0,0,1,4,530000,0,0,0,19,19,3606000,0,0,0,1,4,530000,0,0,0
202001,21,185,3,6,Oldham County                 ,23,23,7963199,0,0,0,0,0,0,0,0,0,0,0,0,0,0,0,0,0,0,0,0,0
202001,21,191,3,6,Pendleton County              ,0,0,0,0,0,0,0,0,0,0,0,0,0,0,0,0,0,0,0,0,0,0,0,0
202001,21,209,3,6,Scott County                  ,29,29,5744968,3,6,875769,0,0,0,1,12,801989,0,0,0,0,0,0,0,0,0,0,0,0
202001,21,211,3,6,Shelby County                 ,14,14,3570529,0,0,0,0,0,0,0,0,0,14,14,3570529,0,0,0,0,0,0,0,0,0
202001,21,213,3,6,Simpson County                ,8,8,1184350,0,0,0,0,0,0,0,0,0,8,8,1184350,0,0,0,0,0,0,0,0,0
202001,21,215,3,6,Spencer County                ,13,13,3086937,0,0,0,0,0,0,0,0,0,13,13,3086937,0,0,0,0,0,0,0,0,0
202001,21,221,3,6,Trigg County                  ,4,4,819590,0,0,0,0,0,0,1,70,5984160,4,4,819590,0,0,0,0,0,0,1,70,5984160
202001,21,239,3,6,Woodford County               ,14,14,2110070,0,0,0,0,0,0,0,0,0,14,14,2110070,0,0,0,0,0,0,0,0,0
202001,22,005,3,7,Ascension Parish              ,26,26,5045784,0,0,0,0,0,0,0,0,0,26,26,5045784,0,0,0,0,0,0,0,0,0
202001,22,015,3,7,Bossier Parish                ,24,24,4997798,0,0,0,0,0,0,0,0,0,24,24,4997798,0,0,0,0,0,0,0,0,0
202001,22,017,3,7,Caddo Parish                  ,4,4,605499,0,0,0,0,0,0,0,0,0,4,4,605499,0,0,0,0,0,0,0,0,0
202001,22,031,3,7,De Soto Parish                ,6,6,1707775,0,0,0,0,0,0,0,0,0,1,1,237457,0,0,0,0,0,0,0,0,0
202001,22,033,3,7,East Baton Rouge Parish       ,108,108,25990183,0,0,0,0,0,0,0,0,0,108,108,25990183,0,0,0,0,0,0,0,0,0
202001,22,037,3,7,East Feliciana Parish         ,3,3,614693,0,0,0,0,0,0,0,0,0,3,3,614693,0,0,0,0,0,0,0,0,0
202001,22,047,3,7,Iberville Parish              ,11,11,2354737,0,0,0,0,0,0,0,0,0,2,2,137000,0,0,0,0,0,0,0,0,0
202001,22,051,3,7,Jefferson Parish              ,65,65,16535070,0,0,0,0,0,0,0,0,0,62,62,15923135,0,0,0,0,0,0,0,0,0
202001,22,055,3,7,Lafayette Parish              ,126,126,29088171,0,0,0,0,0,0,0,0,0,60,60,12322103,0,0,0,0,0,0,0,0,0
202001,22,063,3,7,Livingston Parish             ,72,72,14271752,0,0,0,0,0,0,0,0,0,1,1,340000,0,0,0,0,0,0,0,0,0
202001,22,071,3,7,Orleans Parish                ,48,48,10811277,7,14,1447388,1,4,962635,1,52,10724623,0,0,0,0,0,0,0,0,0,0,0,0
202001,22,075,3,7,Plaquemines Parish            ,4,4,1059818,0,0,0,0,0,0,0,0,0,0,0,0,0,0,0,0,0,0,0,0,0
202001,22,077,3,7,Pointe Coupee Parish          ,3,3,816064,0,0,0,0,0,0,0,0,0,3,3,816064,0,0,0,0,0,0,0,0,0
202001,22,087,3,7,St. Bernard Parish            ,22,22,3861000,0,0,0,0,0,0,0,0,0,22,22,3861000,0,0,0,0,0,0,0,0,0
202001,22,089,3,7,St. Charles Parish            ,4,4,1143000,0,0,0,0,0,0,0,0,0,4,4,1143000,0,0,0,0,0,0,0,0,0
202001,22,091,3,7,St. Helena Parish             ,2,2,359808,0,0,0,0,0,0,0,0,0,0,0,0,0,0,0,0,0,0,0,0,0
202001,22,095,3,7,St. John the Baptist Parish   ,6,6,888000,0,0,0,0,0,0,0,0,0,6,6,888000,0,0,0,0,0,0,0,0,0
202001,22,099,3,7,St. Martin Parish             ,16,16,3026458,0,0,0,0,0,0,0,0,0,0,0,0,0,0,0,0,0,0,0,0,0
202001,22,103,3,7,St. Tammany Parish            ,158,158,35498547,0,0,0,0,0,0,0,0,0,154,154,34140071,0,0,0,0,0,0,0,0,0
202001,22,109,3,7,Terrebonne Parish             ,11,11,2820854,1,2,155556,0,0,0,0,0,0,0,0,0,0,0,0,0,0,0,0,0,0
202001,22,121,3,7,West Baton Rouge Parish       ,15,15,2479355,0,0,0,0,0,0,1,31,3028130,3,3,600000,0,0,0,0,0,0,0,0,0
202001,22,125,3,7,West Feliciana Parish         ,4,4,992408,0,0,0,0,0,0,0,0,0,4,4,992408,0,0,0,0,0,0,0,0,0
202001,23,000,1,1,Maine Unorganized Territory   ,3,3,398401,0,0,0,0,0,0,0,0,0,0,0,0,0,0,0,0,0,0,0,0,0
202001,24,003,3,5,Anne Arundel County           ,174,174,41055164,0,0,0,0,0,0,0,0,0,170,170,40367640,0,0,0,0,0,0,0,0,0
202001,24,005,3,5,Baltimore County              ,49,49,11635378,0,0,0,0,0,0,0,0,0,49,49,11635378,0,0,0,0,0,0,0,0,0
202001,24,009,3,5,Calvert County                ,31,31,7361158,0,0,0,0,0,0,4,96,11000000,31,31,7361158,0,0,0,0,0,0,4,96,11000000
202001,24,013,3,5,Carroll County                ,13,13,3086937,0,0,0,0,0,0,0,0,0,13,13,3086937,0,0,0,0,0,0,0,0,0
202001,24,015,3,5,Cecil County                  ,21,21,4063450,0,0,0,0,0,0,0,0,0,21,21,4063450,0,0,0,0,0,0,0,0,0
202001,24,017,3,5,Charles County                ,32,32,10341500,0,0,0,0,0,0,0,0,0,32,32,10341500,0,0,0,0,0,0,0,0,0
202001,24,021,3,5,Frederick County              ,136,136,35003338,2,4,627925,5,18,2855566,3,45,6674520,8,8,1899654,1,2,250000,4,15,640000,2,15,1778544
202001,24,023,3,5,Garrett County                ,3,3,1450000,0,0,0,0,0,0,0,0,0,3,3,1450000,0,0,0,0,0,0,0,0,0
202001,24,025,3,5,Harford County                ,63,63,15224859,0,0,0,0,0,0,0,0,0,62,62,14834859,0,0,0,0,0,0,0,0,0
202001,24,027,3,5,Howard County                 ,75,75,17809253,0,0,0,0,0,0,0,0,0,75,75,17809253,0,0,0,0,0,0,0,0,0
202001,24,031,3,5,Montgomery County             ,106,106,23508658,4,8,680000,0,0,0,1,79,11053661,19,19,3050577,4,8,680000,0,0,0,0,0,0
202001,24,033,3,5,Prince George County          ,159,159,37826320,1,2,243837,0,0,0,0,0,0,156,156,37043246,0,0,0,0,0,0,0,0,0
202001,24,035,3,5,Queen Anne County             ,11,11,2140000,0,0,0,0,0,0,1,21,2400000,11,11,2140000,0,0,0,0,0,0,1,21,2400000
202001,24,037,3,5,St. Marys County              ,82,82,16425663,0,0,0,0,0,0,0,0,0,78,78,15130000,0,0,0,0,0,0,0,0,0
202001,24,039,3,5,Somerset County               ,3,3,634486,0,0,0,0,0,0,0,0,0,0,0,0,0,0,0,0,0,0,0,0,0
202001,24,045,3,5,Wicomico County               ,16,16,3395360,0,0,0,0,0,0,1,8,795000,16,16,3395360,0,0,0,0,0,0,1,8,795000
202001,24,510,3,5,Baltimore (Independent City)  ,9,9,1417975,0,0,0,0,0,0,1,130,19700123,0,0,0,0,0,0,0,0,0,0,0,0
202001,25,005,1,1,Bristol County                ,37,37,7856671,2,4,244286,0,0,0,0,0,0,17,17,3908908,1,2,150000,0,0,0,0,0,0
202001,25,009,1,1,Essex County                  ,38,38,12031219,2,4,510850,0,0,0,1,6,1348847,35,35,10965870,0,0,0,0,0,0,0,0,0
202001,25,017,1,1,Middlesex County              ,201,201,49149642,1,2,711622,5,19,4851445,8,385,63670716,155,155,35665326,0,0,0,4,16,4225920,3,206,36098000
202001,25,021,1,1,Norfolk County                ,60,60,23400081,2,4,1194000,0,0,0,3,59,6028370,37,37,16713808,2,4,1194000,0,0,0,0,0,0
202001,25,023,1,1,Plymouth County               ,72,72,19562973,1,2,416000,0,0,0,1,7,525000,28,28,8609872,1,2,416000,0,0,0,1,7,525000
202001,25,025,1,1,Suffolk County                ,1,1,175356,5,10,2298971,7,24,4313712,15,623,81988301,0,0,0,4,8,2079586,7,24,4313712,12,603,77796224
202001,26,000,2,3,Michigan Balance of State     ,2,2,375445,0,0,0,0,0,0,0,0,0,0,0,0,0,0,0,0,0,0,0,0,0
202001,26,019,2,3,Benzie County                 ,3,3,822354,0,0,0,0,0,0,0,0,0,0,0,0,0,0,0,0,0,0,0,0,0
202001,26,029,2,3,Charlevoix County             ,4,4,1017458,1,2,226390,0,0,0,0,0,0,0,0,0,0,0,0,0,0,0,0,0,0
202001,26,089,2,3,Leelanau County               ,16,16,3639260,0,0,0,0,0,0,0,0,0,16,16,3639260,0,0,0,0,0,0,0,0,0
202001,26,093,2,3,Livingston County             ,50,50,13363696,0,0,0,0,0,0,0,0,0,49,49,13230336,0,0,0,0,0,0,0,0,0
202001,26,095,2,3,Luce County                   ,5,5,1192000,0,0,0,0,0,0,0,0,0,5,5,1192000,0,0,0,0,0,0,0,0,0
202001,26,099,2,3,Macomb County                 ,86,86,29273010,1,2,140000,0,0,0,3,197,21416478,84,84,28927593,0,0,0,0,0,0,2,192,21291478
202001,26,103,2,3,Marquette County              ,1,1,225000,0,0,0,0,0,0,0,0,0,1,1,225000,0,0,0,0,0,0,0,0,0
202001,26,137,2,3,Otsego County                 ,1,1,81000,0,0,0,0,0,0,0,0,0,0,0,0,0,0,0,0,0,0,0,0,0
202001,26,147,2,3,St. Clair County              ,12,12,2279228,0,0,0,0,0,0,0,0,0,7,7,1355732,0,0,0,0,0,0,0,0,0
202001,26,163,2,3,Wayne County                  ,72,72,19794281,1,2,478224,0,0,0,1,7,1511796,63,63,17963044,1,2,478224,0,0,0,1,7,1511796
202001,27,003,2,4,Anoka County                  ,46,46,12511417,0,0,0,0,0,0,0,0,0,45,45,12223910,0,0,0,0,0,0,0,0,0
202001,27,019,2,4,Carver County                 ,54,54,18089759,2,4,588000,0,0,0,0,0,0,54,54,18089759,2,4,588000,0,0,0,0,0,0
202001,27,025,2,4,Chisago County                ,3,3,364540,0,0,0,0,0,0,0,0,0,3,3,364540,0,0,0,0,0,0,0,0,0
202001,27,027,2,4,Clay County                   ,2,2,694000,0,0,0,0,0,0,0,0,0,2,2,694000,0,0,0,0,0,0,0,0,0
202001,27,037,2,4,Dakota County                 ,86,86,25063691,0,0,0,0,0,0,1,13,1844805,85,85,24678124,0,0,0,0,0,0,0,0,0
202001,27,053,2,4,Hennepin County               ,158,158,65017121,0,0,0,0,0,0,7,794,127583299,144,144,59884955,0,0,0,0,0,0,7,794,127583299
202001,27,059,2,4,Isanti County                 ,10,10,2127755,0,0,0,0,0,0,0,0,0,5,5,1100035,0,0,0,0,0,0,0,0,0
202001,27,123,2,4,Ramsey County                 ,5,5,2005267,0,0,0,0,0,0,1,124,21945188,5,5,2005267,0,0,0,0,0,0,1,124,21945188
202001,27,139,2,4,Scott County                  ,32,32,10231961,0,0,0,0,0,0,0,0,0,20,20,7134111,0,0,0,0,0,0,0,0,0
202001,27,141,2,4,Sherburne County              ,18,18,4070976,0,0,0,0,0,0,0,0,0,14,14,3225143,0,0,0,0,0,0,0,0,0
202001,27,163,2,4,Washington County             ,60,60,21509671,0,0,0,1,3,526000,0,0,0,54,54,19273746,0,0,0,1,3,526000,0,0,0
202001,27,171,2,4,Wright County                 ,43,43,13379828,0,0,0,0,0,0,1,5,514626,38,38,12181089,0,0,0,0,0,0,0,0,0
202001,28,033,3,6,DeSoto County                 ,119,119,21261442,0,0,0,0,0,0,0,0,0,85,85,16559328,0,0,0,0,0,0,0,0,0
202001,28,041,3,6,Greene County                 ,0,0,0,0,0,0,0,0,0,0,0,0,0,0,0,0,0,0,0,0,0,0,0,0
202001,28,045,3,6,Hancock County                ,46,46,8110904,0,0,0,1,3,301084,1,9,761964,17,17,3706811,0,0,0,0,0,0,0,0,0
202001,28,047,3,6,Harrison County               ,126,126,25248081,0,0,0,0,0,0,0,0,0,114,114,23884869,0,0,0,0,0,0,0,0,0
202001,28,067,3,6,Jones County                  ,92,92,11904000,0,0,0,0,0,0,0,0,0,92,92,11904000,0,0,0,0,0,0,0,0,0
202001,28,129,3,6,Smith County                  ,0,0,0,0,0,0,0,0,0,0,0,0,0,0,0,0,0,0,0,0,0,0,0,0
202001,28,137,3,6,Tate County                   ,8,8,1913300,0,0,0,0,0,0,0,0,0,8,8,1913300,0,0,0,0,0,0,0,0,0
202001,28,143,3,6,Tunica County                 ,10,10,2298002,0,0,0,0,0,0,0,0,0,0,0,0,0,0,0,0,0,0,0,0,0
202001,28,145,3,6,Union County                  ,1,1,200000,0,0,0,0,0,0,0,0,0,1,1,200000,0,0,0,0,0,0,0,0,0
202001,28,149,3,6,Warren County                 ,1,1,300000,0,0,0,0,0,0,0,0,0,0,0,0,0,0,0,0,0,0,0,0,0
202001,29,013,2,4,Bates County                  ,0,0,0,0,0,0,0,0,0,0,0,0,0,0,0,0,0,0,0,0,0,0,0,0
202001,29,017,2,4,Bollinger County              ,0,0,0,0,0,0,0,0,0,0,0,0,0,0,0,0,0,0,0,0,0,0,0,0
202001,29,019,2,4,Boone County                  ,29,29,8624999,0,0,0,0,0,0,0,0,0,29,29,8624999,0,0,0,0,0,0,0,0,0
202001,29,049,2,4,Clinton County                ,4,4,976615,0,0,0,0,0,0,0,0,0,1,1,338000,0,0,0,0,0,0,0,0,0
202001,29,065,2,4,Dent County                   ,0,0,0,0,0,0,0,0,0,0,0,0,0,0,0,0,0,0,0,0,0,0,0,0
202001,29,071,2,4,Franklin County               ,30,30,8177154,0,0,0,0,0,0,0,0,0,30,30,8177154,0,0,0,0,0,0,0,0,0
202001,29,095,2,4,Jackson County                ,112,112,28674113,8,16,925216,0,0,0,1,237,37930231,110,110,28062282,8,16,925216,0,0,0,1,237,37930231
202001,29,099,2,4,Jefferson County              ,68,68,17651413,0,0,0,0,0,0,0,0,0,66,66,17406890,0,0,0,0,0,0,0,0,0
202001,29,105,2,4,Laclede County                ,2,2,317800,1,2,199050,0,0,0,0,0,0,2,2,317800,1,2,199050,0,0,0,0,0,0
202001,29,107,2,4,Lafayette County              ,3,3,812197,0,0,0,0,0,0,0,0,0,3,3,812197,0,0,0,0,0,0,0,0,0
202001,29,113,2,4,Lincoln County                ,18,18,2664699,0,0,0,0,0,0,0,0,0,18,18,2664699,0,0,0,0,0,0,0,0,0
202001,29,165,2,4,Platte County                 ,19,19,5596951,0,0,0,0,0,0,0,0,0,13,13,3509186,0,0,0,0,0,0,0,0,0
202001,29,185,2,4,St. Clair County              ,0,0,0,0,0,0,0,0,0,0,0,0,0,0,0,0,0,0,0,0,0,0,0,0
202001,29,189,2,4,St. Louis County              ,75,75,34673366,0,0,0,0,0,0,1,5,645353,43,43,21733245,0,0,0,0,0,0,0,0,0
202001,29,219,2,4,Warren County                 ,17,17,4062506,0,0,0,0,0,0,1,6,438180,17,17,4062506,0,0,0,0,0,0,1,6,438180
202001,29,221,2,4,Washington County             ,0,0,0,0,0,0,0,0,0,0,0,0,0,0,0,0,0,0,0,0,0,0,0,0
202001,29,510,2,4,St. Louis (Independent City)  ,11,11,2002000,1,2,330000,0,0,0,0,0,0,11,11,2002000,1,2,330000,0,0,0,0,0,0
202001,30,013,4,8,Cascade County                ,5,5,1694365,0,0,0,0,0,0,0,0,0,5,5,1694365,0,0,0,0,0,0,0,0,0
202001,30,033,4,8,Garfield County               ,0,0,0,0,0,0,0,0,0,0,0,0,0,0,0,0,0,0,0,0,0,0,0,0
202001,30,063,4,8,Missoula County               ,40,40,9779081,0,0,0,0,0,0,0,0,0,40,40,9779081,0,0,0,0,0,0,0,0,0
202001,30,093,4,8,Silver Bow County             ,2,2,144157,5,10,620000,0,0,0,0,0,0,2,2,144157,5,10,620000,0,0,0,0,0,0
202001,31,001,2,4,Adams County                  ,3,3,789670,0,0,0,0,0,0,0,0,0,2,2,516545,0,0,0,0,0,0,0,0,0
202001,31,025,2,4,Cass County                   ,8,8,1955458,1,2,217585,0,0,0,0,0,0,3,3,1095000,0,0,0,0,0,0,0,0,0
202001,31,033,2,4,Cheyenne County               ,0,0,0,0,0,0,0,0,0,0,0,0,0,0,0,0,0,0,0,0,0,0,0,0
202001,31,055,2,4,Douglas County                ,98,98,15685204,1,2,264204,0,0,0,2,30,2551868,98,98,15685204,1,2,264204,0,0,0,2,30,2551868
202001,31,105,2,4,Kimball County                ,0,0,0,0,0,0,0,0,0,0,0,0,0,0,0,0,0,0,0,0,0,0,0,0
202001,31,153,2,4,Sarpy County                  ,68,68,19122197,0,0,0,0,0,0,0,0,0,48,48,14002342,0,0,0,0,0,0,0,0,0
202001,31,165,2,4,Sioux County                  ,0,0,0,0,0,0,0,0,0,0,0,0,0,0,0,0,0,0,0,0,0,0,0,0
202001,31,177,2,4,Washington County             ,3,3,1020580,0,0,0,0,0,0,0,0,0,3,3,1020580,0,0,0,0,0,0,0,0,0
202001,32,001,4,8,Churchill County              ,7,7,1574722,0,0,0,0,0,0,0,0,0,7,7,1574722,0,0,0,0,0,0,0,0,0
202001,32,003,4,8,Clark County                  ,1032,1032,232987857,0,0,0,25,91,14261939,8,53,6099686,1032,1032,232987857,0,0,0,25,91,14261939,8,53,6099686
202001,32,005,4,8,Douglas County                ,11,11,4115088,0,0,0,0,0,0,0,0,0,11,11,4115088,0,0,0,0,0,0,0,0,0
202001,32,007,4,8,Elko County                   ,4,4,428619,0,0,0,0,0,0,0,0,0,4,4,428619,0,0,0,0,0,0,0,0,0
202001,32,013,4,8,Humboldt County               ,0,0,0,0,0,0,0,0,0,0,0,0,0,0,0,0,0,0,0,0,0,0,0,0
202001,32,015,4,8,Lander County                 ,2,2,73222,0,0,0,0,0,0,0,0,0,2,2,73222,0,0,0,0,0,0,0,0,0
202001,32,017,4,8,Lincoln County                ,0,0,0,0,0,0,0,0,0,0,0,0,0,0,0,0,0,0,0,0,0,0,0,0
202001,32,019,4,8,Lyon County                   ,41,41,9376994,0,0,0,0,0,0,0,0,0,41,41,9376994,0,0,0,0,0,0,0,0,0
202001,32,021,4,8,Mineral County                ,0,0,0,0,0,0,0,0,0,0,0,0,0,0,0,0,0,0,0,0,0,0,0,0
202001,32,027,4,8,Pershing County               ,0,0,0,0,0,0,0,0,0,0,0,0,0,0,0,0,0,0,0,0,0,0,0,0
202001,32,029,4,8,Storey County                 ,1,1,77902,0,0,0,0,0,0,0,0,0,1,1,77902,0,0,0,0,0,0,0,0,0
202001,32,031,4,8,Washoe County                 ,188,188,50905785,1,2,230714,0,0,0,9,152,16776081,34,34,8217436,0,0,0,0,0,0,0,0,0
202001,32,033,4,8,White Pine County             ,1,1,308222,0,0,0,0,0,0,0,0,0,0,0,0,0,0,0,0,0,0,0,0,0
202001,32,510,4,8,Carson City (Independent City),14,14,3649446,0,0,0,0,0,0,1,11,1098290,0,0,0,0,0,0,0,0,0,0,0,0
202001,33,015,1,1,Rockingham County             ,46,46,15101185,1,2,484000,0,0,0,2,11,1152742,28,28,10264020,1,2,484000,0,0,0,0,0,0
202001,33,017,1,1,Strafford County              ,30,30,3716725,0,0,0,0,0,0,1,22,2210231,8,8,1963979,0,0,0,0,0,0,0,0,0
202001,34,001,1,2,Atlantic County               ,48,48,10816491,0,0,0,0,0,0,1,34,4516528,45,45,9857961,0,0,0,0,0,0,0,0,0
202001,34,003,1,2,Bergen County                 ,110,110,19248058,13,26,4884484,1,3,10000,12,159,37302036,78,78,11998878,13,26,4884484,1,3,10000,6,83,29743100
202001,34,005,1,2,Burlington County             ,92,92,9270076,1,2,24000,1,3,203526,6,81,8918374,72,72,7300087,1,2,24000,0,0,0,4,69,7349724
202001,34,007,1,2,Camden County                 ,54,54,3330712,1,2,7612,0,0,0,2,30,1861164,46,46,1686120,1,2,7612,0,0,0,1,5,250
202001,34,009,1,2,Cape May County               ,45,45,11266763,12,24,3244499,0,0,0,1,5,616200,44,44,11123405,11,22,3054580,0,0,0,1,5,616200
202001,34,011,1,2,Cumberland County             ,5,5,480766,0,0,0,0,0,0,0,0,0,4,4,397550,0,0,0,0,0,0,0,0,0
202001,34,013,1,2,Essex County                  ,44,44,6826600,2,4,601314,4,12,1596576,5,116,11963350,27,27,5112126,2,4,601314,4,12,1596576,1,24,4300000
202001,34,015,1,2,Gloucester County             ,31,31,4069992,0,0,0,0,0,0,2,11,1047203,18,18,2219197,0,0,0,0,0,0,0,0,0
202001,34,017,1,2,Hudson County                 ,12,12,5777837,6,12,1250100,6,19,3227432,5,141,75327456,10,10,4757050,6,12,1250100,6,19,3227432,3,67,5412148
202001,34,019,1,2,Hunterdon County              ,27,27,1984535,1,2,233200,0,0,0,2,17,859143,24,24,1367245,0,0,0,0,0,0,0,0,0
202001,34,021,1,2,Mercer County                 ,4,4,473213,0,0,0,0,0,0,6,45,1988682,2,2,3800,0,0,0,0,0,0,4,35,1551750
202001,34,023,1,2,Middlesex County              ,51,51,8859498,1,2,315000,15,51,1515142,3,90,16922816,44,44,7508457,1,2,315000,15,51,1515142,0,0,0
202001,34,025,1,2,Monmouth County               ,160,160,28424798,1,2,52000,0,0,0,4,27,1987785,141,141,22381864,0,0,0,0,0,0,0,0,0
202001,34,027,1,2,Morris County                 ,60,60,10134136,0,0,0,1,3,121825,4,62,6698343,33,33,4308914,0,0,0,0,0,0,1,23,2995000
202001,34,029,1,2,Ocean County                  ,237,237,36332236,2,4,925675,4,14,10000,3,72,6970856,201,201,32483246,2,4,925675,4,14,10000,1,55,5750000
202001,34,031,1,2,Passaic County                ,8,8,1598793,3,6,358964,0,0,0,4,48,2438377,5,5,974451,1,2,164500,0,0,0,1,5,130000
202001,34,033,1,2,Salem County                  ,2,2,309500,0,0,0,0,0,0,0,0,0,2,2,309500,0,0,0,0,0,0,0,0,0
202001,34,035,1,2,Somerset County               ,17,17,3428084,0,0,0,1,3,399144,1,23,2400000,7,7,1865145,0,0,0,1,3,399144,1,23,2400000
202001,34,037,1,2,Sussex County                 ,12,12,1559975,0,0,0,0,0,0,0,0,0,11,11,1288978,0,0,0,0,0,0,0,0,0
202001,34,039,1,2,Union County                  ,24,24,4994146,4,8,964400,1,3,73500,6,180,7395642,14,14,2496010,3,6,686200,0,0,0,0,0,0
202001,34,041,1,2,Warren County                 ,16,16,2032069,1,2,46300,0,0,0,0,0,0,8,8,633050,1,2,46300,0,0,0,0,0,0
202001,35,000,4,8,New Mexico Balance of State   ,24,24,6505031,0,0,0,0,0,0,0,0,0,0,0,0,0,0,0,0,0,0,0,0,0
202001,35,001,4,8,Bernalillo County             ,119,119,35830414,0,0,0,0,0,0,0,0,0,119,119,35830414,0,0,0,0,0,0,0,0,0
202001,35,005,4,8,Chaves County                 ,4,4,669376,0,0,0,0,0,0,0,0,0,0,0,0,0,0,0,0,0,0,0,0,0
202001,35,009,4,8,Curry County                  ,3,3,755502,0,0,0,0,0,0,1,5,460938,0,0,0,0,0,0,0,0,0,0,0,0
202001,35,013,4,8,Dona Ana County               ,70,70,18082362,0,0,0,0,0,0,0,0,0,70,70,18082362,0,0,0,0,0,0,0,0,0
202001,35,015,4,8,Eddy County                   ,8,8,1561158,0,0,0,0,0,0,1,9,679245,0,0,0,0,0,0,0,0,0,0,0,0
202001,35,017,4,8,Grant County                  ,0,0,0,0,0,0,0,0,0,0,0,0,0,0,0,0,0,0,0,0,0,0,0,0
202001,35,025,4,8,Lea County                    ,9,9,1904612,0,0,0,0,0,0,0,0,0,0,0,0,0,0,0,0,0,0,0,0,0
202001,35,027,4,8,Lincoln County                ,3,3,1151830,0,0,0,0,0,0,0,0,0,3,3,1151830,0,0,0,0,0,0,0,0,0
202001,35,028,4,8,Los Alamos County             ,0,0,0,0,0,0,0,0,0,0,0,0,0,0,0,0,0,0,0,0,0,0,0,0
202001,35,029,4,8,Luna County                   ,0,0,0,0,0,0,0,0,0,0,0,0,0,0,0,0,0,0,0,0,0,0,0,0
202001,35,031,4,8,McKinley County               ,0,0,0,0,0,0,0,0,0,0,0,0,0,0,0,0,0,0,0,0,0,0,0,0
202001,35,035,4,8,Otero County                  ,0,0,0,0,0,0,0,0,0,0,0,0,0,0,0,0,0,0,0,0,0,0,0,0
202001,35,041,4,8,Roosevelt County              ,1,1,153907,0,0,0,0,0,0,0,0,0,0,0,0,0,0,0,0,0,0,0,0,0
202001,35,043,4,8,Sandoval County               ,56,56,12401969,0,0,0,1,3,348242,1,6,250000,0,0,0,0,0,0,0,0,0,0,0,0
202001,35,045,4,8,San Juan County               ,2,2,574864,0,0,0,0,0,0,0,0,0,2,2,574864,0,0,0,0,0,0,0,0,0
202001,35,047,4,8,San Miguel County             ,0,0,0,0,0,0,0,0,0,0,0,0,0,0,0,0,0,0,0,0,0,0,0,0
202001,35,049,4,8,Santa Fe County               ,34,34,8988030,0,0,0,0,0,0,0,0,0,34,34,8988030,0,0,0,0,0,0,0,0,0
202001,35,051,4,8,Sierra County                 ,0,0,0,0,0,0,0,0,0,0,0,0,0,0,0,0,0,0,0,0,0,0,0,0
202001,35,055,4,8,Taos County                   ,0,0,0,0,0,0,0,0,0,0,0,0,0,0,0,0,0,0,0,0,0,0,0,0
202001,35,061,4,8,Valencia County               ,15,15,2344724,0,0,0,0,0,0,0,0,0,15,15,2344724,0,0,0,0,0,0,0,0,0
202001,36,001,1,2,Albany County                 ,15,15,3465832,1,2,315000,0,0,0,0,0,0,13,13,3059559,1,2,315000,0,0,0,0,0,0
202001,36,005,1,2,Bronx County                  ,2,2,524817,1,2,300657,2,8,1064384,11,336,43349140,2,2,524817,1,2,300657,2,8,1064384,11,336,43349140
202001,36,029,1,2,Erie County                   ,52,52,16068907,1,2,160000,1,4,951600,1,29,6506436,49,49,15589002,1,2,160000,1,4,951600,0,0,0
202001,36,047,1,2,Kings County                  ,1,1,262409,1,2,300657,3,9,1197432,21,1101,142045842,1,1,262409,1,2,300657,3,9,1197432,21,1101,142045842
202001,36,051,1,2,Livingston County             ,2,2,705000,0,0,0,0,0,0,1,7,602000,2,2,705000,0,0,0,0,0,0,0,0,0
202001,36,055,1,2,Monroe County                 ,42,42,9659546,1,2,102000,0,0,0,2,63,4470339,29,29,7508195,0,0,0,0,0,0,1,10,1040000
202001,36,059,1,2,Nassau County                 ,64,64,27246769,2,4,775000,0,0,0,1,5,1274091,27,27,17920273,1,2,500000,0,0,0,0,0,0
202001,36,061,1,2,New York County               ,0,0,0,0,0,0,0,0,0,2,164,21158509,0,0,0,0,0,0,0,0,0,2,164,21158509
202001,36,063,1,2,Niagara County                ,5,5,1817000,0,0,0,0,0,0,1,39,681080,5,5,1817000,0,0,0,0,0,0,1,39,681080
202001,36,069,1,2,Ontario County                ,18,18,4499393,0,0,0,0,0,0,0,0,0,12,12,3104251,0,0,0,0,0,0,0,0,0
202001,36,073,1,2,Orleans County                ,0,0,0,0,0,0,0,0,0,0,0,0,0,0,0,0,0,0,0,0,0,0,0,0
202001,36,079,1,2,Putnam County                 ,1,1,82500,0,0,0,0,0,0,0,0,0,0,0,0,0,0,0,0,0,0,0,0,0
202001,36,081,1,2,Queens County                 ,3,3,787226,9,18,2705915,0,0,0,15,2132,275060613,3,3,787226,9,18,2705915,0,0,0,15,2132,275060613
202001,36,083,1,2,Rensselaer County             ,5,5,1214750,0,0,0,0,0,0,1,7,1070192,2,2,315000,0,0,0,0,0,0,0,0,0
202001,36,085,1,2,Richmond County               ,5,5,1312043,8,16,2405258,0,0,0,0,0,0,5,5,1312043,8,16,2405258,0,0,0,0,0,0
202001,36,087,1,2,Rockland County               ,6,6,1680013,1,2,258601,1,3,327411,2,15,2177141,1,1,203000,0,0,0,0,0,0,0,0,0
202001,36,091,1,2,Saratoga County               ,33,33,10148950,0,0,0,2,6,1110000,2,33,3251010,17,17,4354861,0,0,0,2,6,1110000,0,0,0
202001,36,093,1,2,Schenectady County            ,6,6,1365438,0,0,0,0,0,0,0,0,0,4,4,885000,0,0,0,0,0,0,0,0,0
202001,36,095,1,2,Schoharie County              ,0,0,0,0,0,0,0,0,0,0,0,0,0,0,0,0,0,0,0,0,0,0,0,0
202001,36,099,1,2,Seneca County                 ,0,0,0,0,0,0,0,0,0,0,0,0,0,0,0,0,0,0,0,0,0,0,0,0
202001,36,103,1,2,Suffolk County                ,38,38,32466509,0,0,0,0,0,0,1,16,1814919,25,25,25570374,0,0,0,0,0,0,0,0,0
202001,36,117,1,2,Wayne County                  ,4,4,816571,0,0,0,0,0,0,0,0,0,3,3,645000,0,0,0,0,0,0,0,0,0
202001,36,119,1,2,Westchester County            ,33,33,22461745,2,4,391074,1,3,120000,3,115,14390014,25,25,19308890,0,0,0,0,0,0,1,36,5422033
202001,37,007,3,5,Anson County                  ,4,4,599460,0,0,0,0,0,0,0,0,0,0,0,0,0,0,0,0,0,0,0,0,0
202001,37,011,3,5,Avery County                  ,5,5,1855000,0,0,0,0,0,0,1,8,350000,5,5,1855000,0,0,0,0,0,0,1,8,350000
202001,37,015,3,5,Bertie County                 ,1,1,267338,0,0,0,0,0,0,0,0,0,0,0,0,0,0,0,0,0,0,0,0,0
202001,37,025,3,5,Cabarrus County               ,176,176,28355412,0,0,0,0,0,0,0,0,0,176,176,28355412,0,0,0,0,0,0,0,0,0
202001,37,033,3,5,Caswell County                ,0,0,0,0,0,0,0,0,0,0,0,0,0,0,0,0,0,0,0,0,0,0,0,0
202001,37,037,3,5,Chatham County                ,35,35,11251511,0,0,0,0,0,0,0,0,0,35,35,11251511,0,0,0,0,0,0,0,0,0
202001,37,051,3,5,Cumberland County             ,36,36,6588208,0,0,0,0,0,0,0,0,0,36,36,6588208,0,0,0,0,0,0,0,0,0
202001,37,053,3,5,Currituck County              ,39,39,9638509,0,0,0,0,0,0,0,0,0,0,0,0,0,0,0,0,0,0,0,0,0
202001,37,059,3,5,Davie County                  ,14,14,2948338,0,0,0,0,0,0,1,25,985867,0,0,0,0,0,0,0,0,0,0,0,0
202001,37,063,3,5,Durham County                 ,183,183,35061127,1,2,169897,0,0,0,4,118,9575223,0,0,0,0,0,0,0,0,0,0,0,0
202001,37,069,3,5,Franklin County               ,10,10,2374567,0,0,0,0,0,0,0,0,0,10,10,2374567,0,0,0,0,0,0,0,0,0
202001,37,071,3,5,Gaston County                 ,156,156,46729907,0,0,0,0,0,0,1,9,896932,86,86,24633891,0,0,0,0,0,0,0,0,0
202001,37,077,3,5,Granville County              ,13,13,3678942,0,0,0,0,0,0,0,0,0,13,13,3678942,0,0,0,0,0,0,0,0,0
202001,37,081,3,5,Guilford County               ,117,117,30161723,1,2,133000,0,0,0,2,48,7685182,117,117,30161723,1,2,133000,0,0,0,2,48,7685182
202001,37,089,3,5,Henderson County              ,47,47,13471606,0,0,0,0,0,0,0,0,0,47,47,13471606,0,0,0,0,0,0,0,0,0
202001,37,093,3,5,Hoke County                   ,11,11,2612024,0,0,0,0,0,0,0,0,0,11,11,2612024,0,0,0,0,0,0,0,0,0
202001,37,097,3,5,Iredell County                ,114,114,28184606,0,0,0,0,0,0,0,0,0,114,114,28184606,0,0,0,0,0,0,0,0,0
202001,37,101,3,5,Johnston County               ,226,226,39441444,0,0,0,0,0,0,0,0,0,226,226,39441444,0,0,0,0,0,0,0,0,0
202001,37,119,3,5,Mecklenburg County            ,601,601,142711479,1,2,223682,0,0,0,9,410,46527057,601,601,142711479,1,2,223682,0,0,0,9,410,46527057
202001,37,133,3,5,Onslow County                 ,82,82,12387783,0,0,0,0,0,0,0,0,0,82,82,12387783,0,0,0,0,0,0,0,0,0
202001,37,135,3,5,Orange County                 ,36,36,11729706,0,0,0,0,0,0,0,0,0,2,2,477401,0,0,0,0,0,0,0,0,0
202001,37,145,3,5,Person County                 ,2,2,514900,0,0,0,0,0,0,0,0,0,2,2,514900,0,0,0,0,0,0,0,0,0
202001,37,151,3,5,Randolph County               ,24,24,6182354,0,0,0,0,0,0,0,0,0,24,24,6182354,0,0,0,0,0,0,0,0,0
202001,37,157,3,5,Rockingham County             ,17,17,4000993,0,0,0,0,0,0,0,0,0,0,0,0,0,0,0,0,0,0,0,0,0
202001,37,179,3,5,Union County                  ,199,199,41724407,0,0,0,0,0,0,0,0,0,199,199,41724407,0,0,0,0,0,0,0,0,0
202001,37,181,3,5,Vance County                  ,0,0,0,0,0,0,0,0,0,0,0,0,0,0,0,0,0,0,0,0,0,0,0,0
202001,37,183,3,5,Wake County                   ,637,637,158012953,0,0,0,0,0,0,4,223,25877265,637,637,158012953,0,0,0,0,0,0,4,223,25877265
202001,37,195,3,5,Wilson County                 ,15,15,2847681,0,0,0,0,0,0,0,0,0,15,15,2847681,0,0,0,0,0,0,0,0,0
202001,39,007,2,3,Ashtabula County              ,4,4,450000,0,0,0,0,0,0,0,0,0,4,4,450000,0,0,0,0,0,0,0,0,0
202001,39,015,2,3,Brown County                  ,11,11,2978054,0,0,0,0,0,0,0,0,0,11,11,2978054,0,0,0,0,0,0,0,0,0
202001,39,017,2,3,Butler County                 ,63,63,14544710,0,0,0,0,0,0,0,0,0,55,55,13226565,0,0,0,0,0,0,0,0,0
202001,39,025,2,3,Clermont County               ,39,39,9979188,0,0,0,0,0,0,0,0,0,39,39,9979188,0,0,0,0,0,0,0,0,0
202001,39,041,2,3,Delaware County               ,113,113,29121765,0,0,0,0,0,0,3,32,2340000,98,98,26443664,0,0,0,0,0,0,3,32,2340000
202001,39,049,2,3,Franklin County               ,121,121,35148174,0,0,0,0,0,0,14,841,299009310,118,118,34568946,0,0,0,0,0,0,13,836,298784310
202001,39,055,2,3,Geauga County                 ,6,6,2880386,0,0,0,0,0,0,0,0,0,6,6,2880386,0,0,0,0,0,0,0,0,0
202001,39,085,2,3,Lake County                   ,37,37,5850272,0,0,0,0,0,0,1,119,6000000,37,37,5850272,0,0,0,0,0,0,1,119,6000000
202001,39,089,2,3,Licking County                ,11,11,3720449,0,0,0,0,0,0,0,0,0,11,11,3720449,0,0,0,0,0,0,0,0,0
202001,39,093,2,3,Lorain County                 ,56,56,16113667,0,0,0,1,4,230000,1,10,1000000,53,53,15537553,0,0,0,1,4,230000,1,10,1000000
202001,39,097,2,3,Madison County                ,7,7,1470732,0,0,0,0,0,0,0,0,0,7,7,1470732,0,0,0,0,0,0,0,0,0
202001,39,103,2,3,Medina County                 ,16,16,4374518,0,0,0,0,0,0,0,0,0,16,16,4374518,0,0,0,0,0,0,0,0,0
202001,39,117,2,3,Morrow County                 ,2,2,541464,0,0,0,0,0,0,0,0,0,2,2,541464,0,0,0,0,0,0,0,0,0
202001,39,159,2,3,Union County                  ,25,25,6768305,0,0,0,0,0,0,0,0,0,25,25,6768305,0,0,0,0,0,0,0,0,0
202001,39,165,2,3,Warren County                 ,100,100,26213481,0,0,0,0,0,0,9,144,15053395,85,85,21944295,0,0,0,0,0,0,9,144,15053395
202001,40,001,3,7,Adair County                  ,0,0,0,0,0,0,0,0,0,0,0,0,0,0,0,0,0,0,0,0,0,0,0,0
202001,40,017,3,7,Canadian County               ,28,28,6202950,0,0,0,0,0,0,0,0,0,28,28,6202950,0,0,0,0,0,0,0,0,0
202001,40,021,3,7,Cherokee County               ,6,6,787429,0,0,0,0,0,0,1,5,244048,0,0,0,0,0,0,0,0,0,0,0,0
202001,40,027,3,7,Cleveland County              ,61,61,14989708,0,0,0,0,0,0,0,0,0,6,6,877500,0,0,0,0,0,0,0,0,0
202001,40,029,3,7,Coal County                   ,0,0,0,0,0,0,0,0,0,0,0,0,0,0,0,0,0,0,0,0,0,0,0,0
202001,40,037,3,7,Creek County                  ,8,8,1723632,0,0,0,0,0,0,1,12,923077,3,3,611000,0,0,0,0,0,0,0,0,0
202001,40,051,3,7,Grady County                  ,10,10,965000,0,0,0,0,0,0,0,0,0,10,10,965000,0,0,0,0,0,0,0,0,0
202001,40,055,3,7,Greer County                  ,1,1,262500,0,0,0,0,0,0,0,0,0,0,0,0,0,0,0,0,0,0,0,0,0
202001,40,081,3,7,Lincoln County                ,1,1,235547,0,0,0,0,0,0,0,0,0,0,0,0,0,0,0,0,0,0,0,0,0
202001,40,083,3,7,Logan County                  ,0,0,0,0,0,0,0,0,0,0,0,0,0,0,0,0,0,0,0,0,0,0,0,0
202001,40,087,3,7,McClain County                ,33,33,7192102,1,2,250000,0,0,0,0,0,0,3,3,1600000,0,0,0,0,0,0,0,0,0
202001,40,109,3,7,Oklahoma County               ,333,333,76066398,5,10,953640,0,0,0,1,5,353031,52,52,18678593,0,0,0,0,0,0,0,0,0
202001,40,111,3,7,Okmulgee County               ,1,1,135000,0,0,0,0,0,0,0,0,0,0,0,0,0,0,0,0,0,0,0,0,0
202001,40,113,3,7,Osage County                  ,11,11,2605039,0,0,0,0,0,0,0,0,0,11,11,2605039,0,0,0,0,0,0,0,0,0
202001,40,117,3,7,Pawnee County                 ,0,0,0,0,0,0,0,0,0,0,0,0,0,0,0,0,0,0,0,0,0,0,0,0
202001,40,131,3,7,Rogers County                 ,23,23,5216591,0,0,0,0,0,0,0,0,0,23,23,5216591,0,0,0,0,0,0,0,0,0
202001,40,143,3,7,Tulsa County                  ,191,191,44096704,1,2,220000,0,0,0,0,0,0,191,191,44096704,1,2,220000,0,0,0,0,0,0
202001,40,145,3,7,Wagoner County                ,23,23,5154974,0,0,0,0,0,0,0,0,0,23,23,5154974,0,0,0,0,0,0,0,0,0
202001,41,000,4,9,Oregon Balance of State       ,19,19,2047200,0,0,0,0,0,0,0,0,0,19,19,2047200,0,0,0,0,0,0,0,0,0
202001,41,005,4,9,Clackamas County              ,139,139,42791986,0,0,0,0,0,0,1,9,1308753,119,119,35611102,0,0,0,0,0,0,0,0,0
202001,41,017,4,9,Deschutes County              ,119,119,30112258,3,6,832642,0,0,0,0,0,0,119,119,30112258,3,6,832642,0,0,0,0,0,0
202001,41,019,4,9,Douglas County                ,11,11,2767787,0,0,0,0,0,0,0,0,0,10,10,2620023,0,0,0,0,0,0,0,0,0
202001,41,025,4,9,Harney County                 ,1,1,294899,0,0,0,0,0,0,0,0,0,0,0,0,0,0,0,0,0,0,0,0,0
202001,41,035,4,9,Klamath County                ,5,5,1043466,0,0,0,0,0,0,0,0,0,5,5,1043466,0,0,0,0,0,0,0,0,0
202001,41,051,4,9,Multnomah County              ,68,68,16896964,2,4,1181995,0,0,0,3,44,3541778,68,68,16896964,2,4,1181995,0,0,0,3,44,3541778
202001,41,065,4,9,Wasco County                  ,0,0,0,0,0,0,0,0,0,0,0,0,0,0,0,0,0,0,0,0,0,0,0,0
202001,41,067,4,9,Washington County             ,133,133,39805482,0,0,0,0,0,0,1,5,1000000,133,133,39805482,0,0,0,0,0,0,1,5,1000000
202001,41,071,4,9,Yamhill County                ,26,26,7013381,10,20,2447775,0,0,0,0,0,0,26,26,7013381,10,20,2447775,0,0,0,0,0,0
202001,42,001,1,2,Adams County                  ,19,19,3530886,0,0,0,0,0,0,0,0,0,19,19,3530886,0,0,0,0,0,0,0,0,0
202001,42,017,1,2,Bucks County                  ,60,60,17190723,0,0,0,0,0,0,0,0,0,34,34,9531028,0,0,0,0,0,0,0,0,0
202001,42,029,1,2,Chester County                ,115,115,25140934,1,2,465014,1,4,414100,0,0,0,71,71,16676348,1,2,465014,1,4,414100,0,0,0
202001,42,037,1,2,Columbia County               ,3,3,656828,0,0,0,0,0,0,0,0,0,0,0,0,0,0,0,0,0,0,0,0,0
202001,42,041,1,2,Cumberland County             ,71,71,15449126,0,0,0,1,4,583200,1,38,5014748,49,49,11418993,0,0,0,1,4,583200,0,0,0
202001,42,043,1,2,Dauphin County                ,38,38,7880421,0,0,0,0,0,0,1,6,810811,28,28,6060421,0,0,0,0,0,0,0,0,0
202001,42,045,1,2,Delaware County               ,17,17,4912267,6,12,1803943,0,0,0,1,5,2056072,13,13,3567000,6,12,1803943,0,0,0,0,0,0
202001,42,055,1,2,Franklin County               ,19,19,4818888,0,0,0,0,0,0,1,5,650767,13,13,3222766,0,0,0,0,0,0,0,0,0
202001,42,091,1,2,Montgomery County             ,135,135,40536782,0,0,0,1,4,432100,3,345,64907453,122,122,37564138,0,0,0,1,4,432100,1,205,38880000
202001,42,093,1,2,Montour County                ,1,1,211511,0,0,0,0,0,0,0,0,0,1,1,211511,0,0,0,0,0,0,0,0,0
202001,42,099,1,2,Perry County                  ,6,6,1567809,0,0,0,0,0,0,0,0,0,0,0,0,0,0,0,0,0,0,0,0,0
202001,42,101,1,2,Philadelphia County           ,34,34,8921895,13,26,3908543,12,45,5987160,1,43,5547658,34,34,8921895,13,26,3908543,12,45,5987160,1,43,5547658
202001,42,103,1,2,Pike County                   ,3,3,874434,0,0,0,0,0,0,0,0,0,1,1,425000,0,0,0,0,0,0,0,0,0
202001,44,001,1,1,Bristol County                ,2,2,335000,0,0,0,0,0,0,0,0,0,2,2,335000,0,0,0,0,0,0,0,0,0
202001,44,003,1,1,Kent County                   ,10,10,1387443,0,0,0,0,0,0,0,0,0,7,7,909998,0,0,0,0,0,0,0,0,0
202001,44,005,1,1,Newport County                ,8,8,2192817,0,0,0,0,0,0,0,0,0,8,8,2192817,0,0,0,0,0,0,0,0,0
202001,44,007,1,1,Providence County             ,30,30,5915824,3,6,540000,0,0,0,0,0,0,22,22,4859046,2,4,360000,0,0,0,0,0,0
202001,44,009,1,1,Washington County             ,28,28,8928342,1,2,398182,0,0,0,1,5,77500,13,13,4560648,0,0,0,0,0,0,0,0,0
202001,45,003,3,5,Aiken County                  ,74,74,16963224,0,0,0,0,0,0,0,0,0,74,74,16963224,0,0,0,0,0,0,0,0,0
202001,45,009,3,5,Bamberg County                ,4,4,819590,0,0,0,0,0,0,0,0,0,4,4,819590,0,0,0,0,0,0,0,0,0
202001,45,015,3,5,Berkeley County               ,127,127,35064750,0,0,0,0,0,0,2,66,5122435,3,3,1015311,0,0,0,0,0,0,0,0,0
202001,45,017,3,5,Calhoun County                ,2,2,334701,0,0,0,0,0,0,0,0,0,0,0,0,0,0,0,0,0,0,0,0,0
202001,45,019,3,5,Charleston County             ,190,190,53543533,0,0,0,1,3,238125,4,102,6533583,76,76,36612783,0,0,0,0,0,0,0,0,0
202001,45,035,3,5,Dorchester County             ,78,78,23960170,0,0,0,0,0,0,0,0,0,78,78,23960170,0,0,0,0,0,0,0,0,0
202001,45,037,3,5,Edgefield County              ,10,10,2283542,0,0,0,0,0,0,0,0,0,0,0,0,0,0,0,0,0,0,0,0,0
202001,45,039,3,5,Fairfield County              ,5,5,1131230,0,0,0,0,0,0,0,0,0,0,0,0,0,0,0,0,0,0,0,0,0
202001,45,045,3,5,Greenville County             ,293,293,76814333,0,0,0,0,0,0,0,0,0,291,291,76283739,0,0,0,0,0,0,0,0,0
202001,45,051,3,5,Horry County                  ,379,379,67003043,16,32,3501980,0,0,0,4,33,2607933,314,314,54512089,16,32,3501980,0,0,0,3,28,2011862
202001,45,055,3,5,Kershaw County                ,22,22,3441590,0,0,0,0,0,0,0,0,0,22,22,3441590,0,0,0,0,0,0,0,0,0
202001,45,059,3,5,Laurens County                ,16,16,2129905,0,0,0,0,0,0,0,0,0,13,13,1869988,0,0,0,0,0,0,0,0,0
202001,45,063,3,5,Lexington County              ,165,165,41942793,0,0,0,0,0,0,1,5,489336,21,21,4996707,0,0,0,0,0,0,0,0,0
202001,45,077,3,5,Pickens County                ,66,66,14906793,0,0,0,0,0,0,0,0,0,43,43,11485039,0,0,0,0,0,0,0,0,0
202001,45,079,3,5,Richland County               ,109,109,20531798,1,2,165000,0,0,0,1,5,843131,93,93,16746724,1,2,165000,0,0,0,0,0,0
202001,45,081,3,5,Saluda County                 ,3,3,638041,0,0,0,0,0,0,0,0,0,0,0,0,0,0,0,0,0,0,0,0,0
202001,45,085,3,5,Sumter County                 ,25,25,3189391,0,0,0,0,0,0,0,0,0,0,0,0,0,0,0,0,0,0,0,0,0
202001,45,091,3,5,York County                   ,169,169,58385147,0,0,0,0,0,0,1,16,1816234,60,60,20578564,0,0,0,0,0,0,0,0,0
202001,46,007,2,4,Bennett County                ,0,0,0,0,0,0,0,0,0,0,0,0,0,0,0,0,0,0,0,0,0,0,0,0
202001,46,055,2,4,Haakon County                 ,0,0,0,0,0,0,0,0,0,0,0,0,0,0,0,0,0,0,0,0,0,0,0,0
202001,46,071,2,4,Jackson County                ,0,0,0,0,0,0,0,0,0,0,0,0,0,0,0,0,0,0,0,0,0,0,0,0
202001,46,111,2,4,Sanborn County                ,0,0,0,0,0,0,0,0,0,0,0,0,0,0,0,0,0,0,0,0,0,0,0,0
202001,47,001,3,6,Anderson County               ,12,12,1726906,0,0,0,0,0,0,0,0,0,6,6,1011603,0,0,0,0,0,0,0,0,0
202001,47,015,3,6,Cannon County                 ,0,0,0,0,0,0,0,0,0,0,0,0,0,0,0,0,0,0,0,0,0,0,0,0
202001,47,021,3,6,Cheatham County               ,45,45,7181144,0,0,0,0,0,0,0,0,0,40,40,6566244,0,0,0,0,0,0,0,0,0
202001,47,037,3,6,Davidson County               ,372,372,101155687,2,4,733573,0,0,0,15,557,59481675,372,372,101155687,2,4,733573,0,0,0,15,557,59481675
202001,47,043,3,6,Dickson County                ,44,44,9262326,0,0,0,0,0,0,0,0,0,43,43,9057555,0,0,0,0,0,0,0,0,0
202001,47,049,3,6,Fentress County               ,0,0,0,0,0,0,0,0,0,0,0,0,0,0,0,0,0,0,0,0,0,0,0,0
202001,47,081,3,6,Hickman County                ,7,7,1021054,0,0,0,0,0,0,0,0,0,7,7,1021054,0,0,0,0,0,0,0,0,0
202001,47,093,3,6,Knox County                   ,148,148,31055330,0,0,0,0,0,0,0,0,0,19,19,5804507,0,0,0,0,0,0,0,0,0
202001,47,105,3,6,Loudon County                 ,31,31,8325109,1,2,400000,0,0,0,0,0,0,25,25,7236304,1,2,400000,0,0,0,0,0,0
202001,47,125,3,6,Montgomery County             ,248,248,33735804,3,6,805000,0,0,0,0,0,0,248,248,33735804,3,6,805000,0,0,0,0,0,0
202001,47,139,3,6,Polk County                   ,17,17,3062109,0,0,0,0,0,0,0,0,0,0,0,0,0,0,0,0,0,0,0,0,0
202001,47,149,3,6,Rutherford County             ,248,248,61989247,0,0,0,2,8,921068,0,0,0,241,241,60749000,0,0,0,2,8,921068,0,0,0
202001,47,153,3,6,Sequatchie County             ,1,1,991000,0,0,0,0,0,0,0,0,0,1,1,991000,0,0,0,0,0,0,0,0,0
202001,47,157,3,6,Shelby County                 ,74,74,17586883,8,16,2408656,0,0,0,15,224,25177617,74,74,17586883,8,16,2408656,0,0,0,15,224,25177617
202001,47,159,3,6,Smith County                  ,0,0,0,0,0,0,0,0,0,0,0,0,0,0,0,0,0,0,0,0,0,0,0,0
202001,47,161,3,6,Stewart County                ,0,0,0,0,0,0,0,0,0,0,0,0,0,0,0,0,0,0,0,0,0,0,0,0
202001,47,165,3,6,Sumner County                 ,115,115,37499206,0,0,0,0,0,0,0,0,0,115,115,37499206,0,0,0,0,0,0,0,0,0
202001,47,167,3,6,Tipton County                 ,13,13,2329457,0,0,0,0,0,0,0,0,0,1,1,237457,0,0,0,0,0,0,0,0,0
202001,47,169,3,6,Trousdale County              ,3,3,285000,0,0,0,0,0,0,0,0,0,3,3,285000,0,0,0,0,0,0,0,0,0
202001,47,173,3,6,Union County                  ,3,3,550000,0,0,0,0,0,0,0,0,0,3,3,550000,0,0,0,0,0,0,0,0,0
202001,47,175,3,6,Van Buren County              ,0,0,0,0,0,0,0,0,0,0,0,0,0,0,0,0,0,0,0,0,0,0,0,0
202001,47,189,3,6,Wilson County                 ,123,123,29975525,1,2,200000,0,0,0,0,0,0,80,80,14798869,1,2,200000,0,0,0,0,0,0
202001,48,013,3,7,Atascosa County               ,4,4,702060,0,0,0,0,0,0,0,0,0,0,0,0,0,0,0,0,0,0,0,0,0
202001,48,015,3,7,Austin County                 ,0,0,0,0,0,0,0,0,0,0,0,0,0,0,0,0,0,0,0,0,0,0,0,0
202001,48,019,3,7,Bandera County                ,1,1,237457,0,0,0,0,0,0,0,0,0,1,1,237457,0,0,0,0,0,0,0,0,0
202001,48,021,3,7,Bastrop County                ,14,14,2476340,0,0,0,0,0,0,0,0,0,7,7,1067978,0,0,0,0,0,0,0,0,0
202001,48,025,3,7,Bee County                    ,1,1,155000,1,2,150000,0,0,0,0,0,0,0,0,0,0,0,0,0,0,0,0,0,0
202001,48,027,3,7,Bell County                   ,197,197,35769693,10,20,1628005,0,0,0,0,0,0,181,181,31093788,8,16,1245724,0,0,0,0,0,0
202001,48,029,3,7,Bexar County                  ,469,469,105543855,1,2,126730,0,0,0,12,60,6734700,422,422,99493102,1,2,126730,0,0,0,12,60,6734700
202001,48,051,3,7,Burleson County               ,1,1,115000,0,0,0,0,0,0,0,0,0,1,1,115000,0,0,0,0,0,0,0,0,0
202001,48,055,3,7,Caldwell County               ,22,22,4628692,0,0,0,0,0,0,2,16,1750192,0,0,0,0,0,0,0,0,0,0,0,0
202001,48,085,3,7,Collin County                 ,915,915,252902215,0,0,0,0,0,0,31,454,44984797,752,752,213050903,0,0,0,0,0,0,31,454,44984797
202001,48,091,3,7,Comal County                  ,251,251,59599529,0,0,0,0,0,0,0,0,0,250,250,59364177,0,0,0,0,0,0,0,0,0
202001,48,099,3,7,Coryell County                ,21,21,2364359,1,2,187145,0,0,0,0,0,0,21,21,2364359,1,2,187145,0,0,0,0,0,0
202001,48,107,3,7,Crosby County                 ,0,0,0,0,0,0,0,0,0,0,0,0,0,0,0,0,0,0,0,0,0,0,0,0
202001,48,113,3,7,Dallas County                 ,463,463,118102421,14,28,350000,4,16,2744000,15,577,68925596,446,446,113429574,14,28,350000,4,16,2744000,15,577,68925596
202001,48,119,3,7,Delta County                  ,0,0,0,0,0,0,0,0,0,0,0,0,0,0,0,0,0,0,0,0,0,0,0,0
202001,48,135,3,7,Ector County                  ,61,61,14484859,1,2,223682,0,0,0,0,0,0,61,61,14484859,1,2,223682,0,0,0,0,0,0
202001,48,139,3,7,Ellis County                  ,164,164,38965125,0,0,0,0,0,0,1,7,1191574,113,113,28640869,0,0,0,0,0,0,0,0,0
202001,48,141,3,7,El Paso County                ,212,212,49444585,7,14,1784057,1,3,393572,4,43,7509695,68,68,16147055,1,2,223682,0,0,0,0,0,0
202001,48,157,3,7,Fort Bend County              ,925,925,85197857,0,0,0,0,0,0,1,7,547809,225,225,53427758,0,0,0,0,0,0,0,0,0
202001,48,167,3,7,Galveston County              ,215,215,48631599,0,0,0,0,0,0,0,0,0,127,127,26739719,0,0,0,0,0,0,0,0,0
202001,48,185,3,7,Grimes County                 ,13,13,2358210,0,0,0,0,0,0,0,0,0,13,13,2358210,0,0,0,0,0,0,0,0,0
202001,48,187,3,7,Guadalupe County              ,83,83,19309632,0,0,0,0,0,0,0,0,0,81,81,18749345,0,0,0,0,0,0,0,0,0
202001,48,193,3,7,Hamilton County               ,0,0,0,0,0,0,0,0,0,0,0,0,0,0,0,0,0,0,0,0,0,0,0,0
202001,48,195,3,7,Hansford County               ,0,0,0,0,0,0,0,0,0,0,0,0,0,0,0,0,0,0,0,0,0,0,0,0
202001,48,201,3,7,Harris County                 ,1359,1359,285733250,7,14,2011339,0,0,0,22,1156,167211059,1351,1351,278489040,7,14,2011339,0,0,0,22,1156,167211059
202001,48,211,3,7,Hemphill County               ,0,0,0,0,0,0,0,0,0,0,0,0,0,0,0,0,0,0,0,0,0,0,0,0
202001,48,215,3,7,Hidalgo County                ,273,273,50024536,4,8,509661,32,127,7680144,9,153,15656464,234,234,46272200,0,0,0,31,124,7567644,8,148,15477000
202001,48,233,3,7,Hutchinson County             ,0,0,0,0,0,0,0,0,0,0,0,0,0,0,0,0,0,0,0,0,0,0,0,0
202001,48,251,3,7,Johnson County                ,86,86,17033536,0,0,0,0,0,0,3,210,20125392,81,81,16162267,0,0,0,0,0,0,3,210,20125392
202001,48,257,3,7,Kaufman County                ,44,44,9361779,0,0,0,0,0,0,0,0,0,42,42,8985446,0,0,0,0,0,0,0,0,0
202001,48,259,3,7,Kendall County                ,29,29,7543432,0,0,0,0,0,0,0,0,0,0,0,0,0,0,0,0,0,0,0,0,0
202001,48,271,3,7,Kinney County                 ,0,0,0,0,0,0,0,0,0,0,0,0,0,0,0,0,0,0,0,0,0,0,0,0
202001,48,281,3,7,Lampasas County               ,3,3,502336,0,0,0,0,0,0,0,0,0,0,0,0,0,0,0,0,0,0,0,0,0
202001,48,291,3,7,Liberty County                ,70,70,9848532,0,0,0,0,0,0,0,0,0,59,59,7811300,0,0,0,0,0,0,0,0,0
202001,48,303,3,7,Lubbock County                ,134,134,30205405,1,2,288900,0,0,0,0,0,0,15,15,3351093,0,0,0,0,0,0,0,0,0
202001,48,323,3,7,Maverick County               ,7,7,1842890,0,0,0,0,0,0,0,0,0,0,0,0,0,0,0,0,0,0,0,0,0
202001,48,325,3,7,Medina County                 ,4,4,732708,0,0,0,0,0,0,0,0,0,3,3,620000,0,0,0,0,0,0,0,0,0
202001,48,329,3,7,Midland County                ,135,135,20680511,0,0,0,0,0,0,0,0,0,135,135,20680511,0,0,0,0,0,0,0,0,0
202001,48,339,3,7,Montgomery County             ,674,674,138058194,0,0,0,0,0,0,1,9,984483,648,648,134746834,0,0,0,0,0,0,0,0,0
202001,48,367,3,7,Parker County                 ,41,41,9980620,0,0,0,0,0,0,1,25,2176395,22,22,6122237,0,0,0,0,0,0,0,0,0
202001,48,375,3,7,Potter County                 ,29,29,6886244,0,0,0,0,0,0,0,0,0,29,29,6886244,0,0,0,0,0,0,0,0,0
202001,48,383,3,7,Reagan County                 ,0,0,0,0,0,0,0,0,0,0,0,0,0,0,0,0,0,0,0,0,0,0,0,0
202001,48,385,3,7,Real County                   ,0,0,0,0,0,0,0,0,0,0,0,0,0,0,0,0,0,0,0,0,0,0,0,0
202001,48,395,3,7,Robertson County              ,7,7,1307022,0,0,0,0,0,0,0,0,0,6,6,1229386,0,0,0,0,0,0,0,0,0
202001,48,397,3,7,Rockwall County               ,174,174,49321630,0,0,0,0,0,0,0,0,0,116,116,28286689,0,0,0,0,0,0,0,0,0
202001,48,407,3,7,San Jacinto County            ,38,38,8386159,0,0,0,0,0,0,0,0,0,0,0,0,0,0,0,0,0,0,0,0,0
202001,48,411,3,7,San Saba County               ,0,0,0,0,0,0,0,0,0,0,0,0,0,0,0,0,0,0,0,0,0,0,0,0
202001,48,451,3,7,Tom Green County              ,29,29,5942030,0,0,0,0,0,0,0,0,0,29,29,5942030,0,0,0,0,0,0,0,0,0
202001,48,453,3,7,Travis County                 ,761,761,156226686,1,2,173138,0,0,0,44,2385,176929314,734,734,149763249,0,0,0,0,0,0,44,2385,176929314
202001,48,473,3,7,Waller County                 ,0,0,0,0,0,0,0,0,0,1,6,133084,0,0,0,0,0,0,0,0,0,0,0,0
202001,48,491,3,7,Williamson County             ,432,432,107145733,1,2,245000,0,0,0,6,192,15700000,413,413,102507707,1,2,245000,0,0,0,6,192,15700000
202001,48,493,3,7,Wilson County                 ,5,5,1014706,0,0,0,0,0,0,0,0,0,0,0,0,0,0,0,0,0,0,0,0,0
202001,48,497,3,7,Wise County                   ,6,6,1485976,0,0,0,0,0,0,0,0,0,4,4,949826,0,0,0,0,0,0,0,0,0
202001,49,011,4,8,Davis County                  ,129,129,32083130,0,0,0,1,3,350723,2,30,3236360,82,82,21122338,0,0,0,0,0,0,1,24,2640000
202001,49,023,4,8,Juab County                   ,6,6,1756267,0,0,0,0,0,0,0,0,0,1,1,277935,0,0,0,0,0,0,0,0,0
202001,49,029,4,8,Morgan County                 ,7,7,3323700,0,0,0,0,0,0,0,0,0,5,5,2831660,0,0,0,0,0,0,0,0,0
202001,49,035,4,8,Salt Lake County              ,313,313,76910946,5,10,1719813,6,19,3692924,10,393,63894120,227,227,56999705,4,8,1425000,4,13,2855222,6,361,59496000
202001,49,039,4,8,Sanpete County                ,4,4,884755,0,0,0,0,0,0,0,0,0,4,4,884755,0,0,0,0,0,0,0,0,0
202001,49,043,4,8,Summit County                 ,6,6,3082541,0,0,0,1,3,841530,1,5,854284,0,0,0,0,0,0,0,0,0,0,0,0
202001,49,057,4,8,Weber County                  ,137,137,28073652,0,0,0,0,0,0,1,5,899556,131,131,26354006,0,0,0,0,0,0,0,0,0
202001,51,003,3,5,Albemarle County              ,33,33,11472624,0,0,0,0,0,0,0,0,0,33,33,11472624,0,0,0,0,0,0,0,0,0
202001,51,007,3,5,Amelia County                 ,5,5,838890,0,0,0,0,0,0,0,0,0,5,5,838890,0,0,0,0,0,0,0,0,0
202001,51,009,3,5,Amherst County                ,4,4,1131856,0,0,0,0,0,0,0,0,0,4,4,1131856,0,0,0,0,0,0,0,0,0
202001,51,013,3,5,Arlington County              ,11,11,4719720,0,0,0,0,0,0,0,0,0,11,11,4719720,0,0,0,0,0,0,0,0,0
202001,51,015,3,5,Augusta County                ,14,14,4033050,0,0,0,0,0,0,0,0,0,14,14,4033050,0,0,0,0,0,0,0,0,0
202001,51,019,3,5,Bedford County                ,3,3,609870,0,0,0,0,0,0,1,5,322222,0,0,0,0,0,0,0,0,0,0,0,0
202001,51,033,3,5,Caroline County               ,11,11,2033657,0,0,0,0,0,0,0,0,0,11,11,2033657,0,0,0,0,0,0,0,0,0
202001,51,036,3,5,Charles City County           ,1,1,163960,0,0,0,0,0,0,0,0,0,0,0,0,0,0,0,0,0,0,0,0,0
202001,51,037,3,5,Charlotte County              ,1,1,45000,0,0,0,0,0,0,0,0,0,1,1,45000,0,0,0,0,0,0,0,0,0
202001,51,041,3,5,Chesterfield County           ,131,131,26841585,1,2,325032,9,33,4091297,3,18,1926733,131,131,26841585,1,2,325032,9,33,4091297,3,18,1926733
202001,51,043,3,5,Clarke County                 ,4,4,1402404,0,0,0,0,0,0,0,0,0,4,4,1402404,0,0,0,0,0,0,0,0,0
202001,51,049,3,5,Cumberland County             ,4,4,370000,0,0,0,0,0,0,0,0,0,4,4,370000,0,0,0,0,0,0,0,0,0
202001,51,051,3,5,Dickenson County              ,1,1,1200000,0,0,0,0,0,0,0,0,0,1,1,1200000,0,0,0,0,0,0,0,0,0
202001,51,053,3,5,Dinwiddie County              ,7,7,1078451,0,0,0,0,0,0,0,0,0,0,0,0,0,0,0,0,0,0,0,0,0
202001,51,059,3,5,Fairfax County                ,90,90,21371103,0,0,0,0,0,0,1,10,1500000,90,90,21371103,0,0,0,0,0,0,1,10,1500000
202001,51,061,3,5,Fauquier County               ,16,16,4718617,0,0,0,0,0,0,0,0,0,16,16,4718617,0,0,0,0,0,0,0,0,0
202001,51,069,3,5,Frederick County              ,64,64,13358127,0,0,0,0,0,0,0,0,0,64,64,13358127,0,0,0,0,0,0,0,0,0
202001,51,073,3,5,Gloucester County             ,10,10,1860000,0,0,0,0,0,0,0,0,0,10,10,1860000,0,0,0,0,0,0,0,0,0
202001,51,075,3,5,Goochland County              ,29,29,6771380,0,0,0,0,0,0,0,0,0,29,29,6771380,0,0,0,0,0,0,0,0,0
202001,51,085,3,5,Hanover County                ,35,35,8636354,0,0,0,0,0,0,0,0,0,35,35,8636354,0,0,0,0,0,0,0,0,0
202001,51,087,3,5,Henrico County                ,54,54,8243764,38,76,2612500,0,0,0,0,0,0,54,54,8243764,38,76,2612500,0,0,0,0,0,0
202001,51,093,3,5,Isle of Wight County          ,16,16,3267336,0,0,0,0,0,0,0,0,0,0,0,0,0,0,0,0,0,0,0,0,0
202001,51,095,3,5,James City County             ,41,41,9735725,0,0,0,0,0,0,0,0,0,41,41,9735725,0,0,0,0,0,0,0,0,0
202001,51,097,3,5,King and Queen County         ,1,1,110000,0,0,0,0,0,0,0,0,0,1,1,110000,0,0,0,0,0,0,0,0,0
202001,51,099,3,5,King George County            ,12,12,2458771,0,0,0,0,0,0,0,0,0,12,12,2458771,0,0,0,0,0,0,0,0,0
202001,51,107,3,5,Loudoun County                ,175,175,39242654,0,0,0,0,0,0,1,52,4566000,175,175,39242654,0,0,0,0,0,0,1,52,4566000
202001,51,109,3,5,Louisa County                 ,34,34,5885975,0,0,0,0,0,0,0,0,0,34,34,5885975,0,0,0,0,0,0,0,0,0
202001,51,115,3,5,Mathews County                ,5,5,1593000,0,0,0,0,0,0,0,0,0,5,5,1593000,0,0,0,0,0,0,0,0,0
202001,51,127,3,5,New Kent County               ,32,32,11445000,0,0,0,0,0,0,0,0,0,32,32,11445000,0,0,0,0,0,0,0,0,0
202001,51,139,3,5,Page County                   ,6,6,745000,0,0,0,0,0,0,0,0,0,6,6,745000,0,0,0,0,0,0,0,0,0
202001,51,145,3,5,Powhatan County               ,21,21,4940935,0,0,0,0,0,0,0,0,0,21,21,4940935,0,0,0,0,0,0,0,0,0
202001,51,149,3,5,Prince George County          ,3,3,295000,0,0,0,0,0,0,0,0,0,3,3,295000,0,0,0,0,0,0,0,0,0
202001,51,153,3,5,Prince William County         ,130,130,22640000,0,0,0,0,0,0,1,19,2157250,130,130,22640000,0,0,0,0,0,0,0,0,0
202001,51,165,3,5,Rockingham County             ,51,51,12871720,0,0,0,0,0,0,0,0,0,51,51,12871720,0,0,0,0,0,0,0,0,0
202001,51,175,3,5,Southampton County            ,1,1,140000,0,0,0,0,0,0,0,0,0,1,1,140000,0,0,0,0,0,0,0,0,0
202001,51,177,3,5,Spotsylvania County           ,59,59,15580678,0,0,0,0,0,0,2,84,9906398,0,0,0,0,0,0,0,0,0,0,0,0
202001,51,179,3,5,Stafford County               ,76,76,17453436,0,0,0,0,0,0,0,0,0,76,76,17453436,0,0,0,0,0,0,0,0,0
202001,51,181,3,5,Surry County                  ,4,4,582000,0,0,0,0,0,0,0,0,0,4,4,582000,0,0,0,0,0,0,0,0,0
202001,51,183,3,5,Sussex County                 ,3,3,1010000,0,0,0,0,0,0,0,0,0,3,3,1010000,0,0,0,0,0,0,0,0,0
202001,51,187,3,5,Warren County                 ,14,14,3114338,0,0,0,0,0,0,0,0,0,0,0,0,0,0,0,0,0,0,0,0,0
202001,51,199,3,5,York County                   ,21,21,4014360,0,0,0,0,0,0,0,0,0,21,21,4014360,0,0,0,0,0,0,0,0,0
202001,51,510,3,5,Alexandria (Independent City) ,4,4,949827,0,0,0,0,0,0,0,0,0,4,4,949827,0,0,0,0,0,0,0,0,0
202001,51,540,3,5,Charlottesville (Independent C,5,5,1686935,1,2,237500,0,0,0,1,8,1710877,0,0,0,0,0,0,0,0,0,0,0,0
202001,51,550,3,5,Chesapeake(Independent City)  ,51,51,15948100,0,0,0,0,0,0,0,0,0,51,51,15948100,0,0,0,0,0,0,0,0,0
202001,51,570,3,5,Colonial Heights (Independent ,0,0,0,0,0,0,0,0,0,0,0,0,0,0,0,0,0,0,0,0,0,0,0,0
202001,51,580,3,5,Covington (Independent City)  ,1,1,159000,0,0,0,0,0,0,0,0,0,1,1,159000,0,0,0,0,0,0,0,0,0
202001,51,600,3,5,Fairfax (Independent City)    ,0,0,0,0,0,0,0,0,0,0,0,0,0,0,0,0,0,0,0,0,0,0,0,0
202001,51,610,3,5,Falls Church (Independent City,2,2,1050000,0,0,0,0,0,0,0,0,0,2,2,1050000,0,0,0,0,0,0,0,0,0
202001,51,630,3,5,Fredericksburg(Independent Cit,7,7,1113000,0,0,0,0,0,0,0,0,0,7,7,1113000,0,0,0,0,0,0,0,0,0
202001,51,650,3,5,Hampton (Independent City)    ,16,16,997143,0,0,0,0,0,0,0,0,0,0,0,0,0,0,0,0,0,0,0,0,0
202001,51,660,3,5,Harrisonburg (Independent City,5,5,848000,0,0,0,0,0,0,0,0,0,5,5,848000,0,0,0,0,0,0,0,0,0
202001,51,670,3,5,Hopewell (Independent City)   ,4,4,143900,0,0,0,0,0,0,0,0,0,4,4,143900,0,0,0,0,0,0,0,0,0
202001,51,680,3,5,Lynchburg (Independent City)  ,4,4,387126,0,0,0,0,0,0,1,28,2200000,4,4,387126,0,0,0,0,0,0,1,28,2200000
202001,51,683,3,5,Manassas (Independent City)   ,7,7,1641361,0,0,0,0,0,0,0,0,0,0,0,0,0,0,0,0,0,0,0,0,0
202001,51,685,3,5,Manassas Park (Independent Cit,0,0,0,0,0,0,0,0,0,0,0,0,0,0,0,0,0,0,0,0,0,0,0,0
202001,51,700,3,5,Newport News (Independent City,12,12,2574330,0,0,0,0,0,0,0,0,0,12,12,2574330,0,0,0,0,0,0,0,0,0
202001,51,710,3,5,Norfolk (Independent City)    ,51,51,12110292,1,2,550000,0,0,0,0,0,0,51,51,12110292,1,2,550000,0,0,0,0,0,0
202001,51,730,3,5,Petersburg (Independent City) ,0,0,0,0,0,0,0,0,0,0,0,0,0,0,0,0,0,0,0,0,0,0,0,0
202001,51,735,3,5,Poquoson (Independent City)   ,1,1,325000,0,0,0,0,0,0,0,0,0,1,1,325000,0,0,0,0,0,0,0,0,0
202001,51,740,3,5,Portsmouth (Independent City) ,92,92,9515411,0,0,0,0,0,0,0,0,0,92,92,9515411,0,0,0,0,0,0,0,0,0
202001,51,760,3,5,Richmond (Independent City)   ,21,21,4302849,0,0,0,0,0,0,0,0,0,21,21,4302849,0,0,0,0,0,0,0,0,0
202001,51,800,3,5,Suffolk (Independent City)    ,45,45,10685552,0,0,0,0,0,0,0,0,0,45,45,10685552,0,0,0,0,0,0,0,0,0
202001,51,810,3,5,Virginia Beach (Independent Ci,61,61,8983575,0,0,0,0,0,0,1,226,45390681,61,61,8983575,0,0,0,0,0,0,1,226,45390681
202001,51,830,3,5,Williamsburg (Independent City,0,0,0,0,0,0,0,0,0,0,0,0,0,0,0,0,0,0,0,0,0,0,0,0
202001,53,005,4,9,Benton County                 ,87,87,24941049,2,4,744101,0,0,0,1,20,2007671,52,52,14967007,1,2,386623,0,0,0,0,0,0
202001,53,011,4,9,Clark County                  ,267,267,76734869,3,6,840986,1,3,741518,4,301,48960131,116,116,30838847,3,6,840986,1,3,741518,4,301,48960131
202001,53,021,4,9,Franklin County               ,45,45,12368027,0,0,0,0,0,0,0,0,0,6,6,2062438,0,0,0,0,0,0,0,0,0
202001,53,031,4,9,Jefferson County              ,11,11,2798720,0,0,0,0,0,0,0,0,0,11,11,2798720,0,0,0,0,0,0,0,0,0
202001,53,033,4,9,King County                   ,266,266,106879079,20,40,9288310,10,38,7818135,20,546,76683189,242,242,95627319,20,40,9288310,9,34,6911750,19,525,73740631
202001,53,035,4,9,Kitsap County                 ,66,66,21638084,1,2,265110,0,0,0,0,0,0,66,66,21638084,1,2,265110,0,0,0,0,0,0
202001,53,053,4,9,Pierce County                 ,231,231,71247968,3,6,945875,0,0,0,3,45,5571398,229,229,70604783,3,6,945875,0,0,0,2,36,4743464
202001,53,055,4,9,San Juan County               ,10,10,2176817,0,0,0,0,0,0,0,0,0,3,3,717600,0,0,0,0,0,0,0,0,0
202001,53,059,4,9,Skamania County               ,6,6,1437463,0,0,0,0,0,0,0,0,0,2,2,600000,0,0,0,0,0,0,0,0,0
202001,53,061,4,9,Snohomish County              ,187,187,60973226,7,14,2950204,2,8,1827018,3,40,4945277,170,170,56142015,6,12,2632733,2,8,1827018,1,5,1207653
202001,54,011,3,5,Cabell County                 ,5,5,720973,1,2,277667,0,0,0,0,0,0,1,1,18000,0,0,0,0,0,0,0,0,0
202001,54,015,3,5,Clay County                   ,2,2,50000,0,0,0,0,0,0,0,0,0,0,0,0,0,0,0,0,0,0,0,0,0
202001,54,019,3,5,Fayette County                ,3,3,813165,0,0,0,0,0,0,0,0,0,1,1,530000,0,0,0,0,0,0,0,0,0
202001,54,037,3,5,Jefferson County              ,20,20,5516959,0,0,0,0,0,0,0,0,0,20,20,5516959,0,0,0,0,0,0,0,0,0
202001,54,081,3,5,Raleigh County                ,2,2,210000,0,0,0,0,0,0,0,0,0,2,2,210000,0,0,0,0,0,0,0,0,0
202001,55,025,2,3,Dane County                   ,86,86,29998105,2,4,873333,0,0,0,3,81,10456759,69,69,25027435,1,2,475000,0,0,0,1,42,7000000
202001,55,031,2,3,Douglas County                ,2,2,350000,0,0,0,0,0,0,0,0,0,2,2,350000,0,0,0,0,0,0,0,0,0
202001,55,037,2,3,Florence County               ,0,0,0,0,0,0,0,0,0,0,0,0,0,0,0,0,0,0,0,0,0,0,0,0
202001,55,049,2,3,Iowa County                   ,3,3,695000,0,0,0,0,0,0,0,0,0,2,2,479000,0,0,0,0,0,0,0,0,0
202001,55,059,2,3,Kenosha County                ,11,11,3047325,0,0,0,0,0,0,1,5,400000,8,8,2227000,0,0,0,0,0,0,0,0,0
202001,55,079,2,3,Milwaukee County              ,15,15,4540201,0,0,0,0,0,0,4,47,4676638,14,14,4241868,0,0,0,0,0,0,3,30,2685000
202001,55,089,2,3,Ozaukee County                ,19,19,6573090,1,2,390000,0,0,0,0,0,0,11,11,3150311,1,2,390000,0,0,0,0,0,0
202001,55,093,2,3,Pierce County                 ,4,4,1144160,0,0,0,0,0,0,0,0,0,4,4,1144160,0,0,0,0,0,0,0,0,0
202001,55,109,2,3,St. Croix County              ,22,22,6076700,1,2,737000,0,0,0,0,0,0,22,22,6076700,1,2,737000,0,0,0,0,0,0
202001,55,131,2,3,Washington County             ,14,14,4568102,3,6,750000,0,0,0,0,0,0,10,10,3088150,3,6,750000,0,0,0,0,0,0
202001,56,029,4,8,Park County                   ,9,9,2197509,0,0,0,0,0,0,0,0,0,9,9,2197509,0,0,0,0,0,0,0,0,0
202001,56,039,4,8,Teton County                  ,7,7,9312807,0,0,0,0,0,0,0,0,0,6,6,8786800,0,0,0,0,0,0,0,0,0
