Survey,FIPS,FIPS,Region,Division,County,,1-unit,,,2-units,,,3-4 units,,,5+ units,,,1-unit rep,,,2-units rep,,,3-4 units rep,,, 5+units rep
Date,State,County,Code,Code,Name,Bldgs,Units,Value,Bldgs,Units,Value,Bldgs,Units,Value,Bldgs,Units,Value,Bldgs,Units,Value,Bldgs,Units,Value,Bldgs,Units,Value,Bldgs,Units,Value
 
202002,01,001,3,6,Autauga County                ,31,31,9231532,0,0,0,0,0,0,0,0,0,31,31,9231532,0,0,0,0,0,0,0,0,0
202002,01,007,3,6,Bibb County                   ,0,0,0,0,0,0,0,0,0,0,0,0,0,0,0,0,0,0,0,0,0,0,0,0
202002,01,009,3,6,Blount County                 ,0,0,0,0,0,0,0,0,0,0,0,0,0,0,0,0,0,0,0,0,0,0,0,0
202002,01,021,3,6,Chilton County                ,8,8,1012500,0,0,0,0,0,0,0,0,0,8,8,1012500,0,0,0,0,0,0,0,0,0
202002,01,073,3,6,Jefferson County              ,136,136,43322488,1,2,247329,0,0,0,1,10,1008397,128,128,41630157,0,0,0,0,0,0,0,0,0
202002,01,081,3,6,Lee County                    ,99,99,26190440,0,0,0,0,0,0,0,0,0,99,99,26190440,0,0,0,0,0,0,0,0,0
202002,01,083,3,6,Limestone County              ,32,32,7598614,0,0,0,0,0,0,0,0,0,32,32,7598614,0,0,0,0,0,0,0,0,0
202002,01,089,3,6,Madison County                ,282,282,29180646,0,0,0,0,0,0,0,0,0,207,207,15672185,0,0,0,0,0,0,0,0,0
202002,01,113,3,6,Russell County                ,8,8,1118913,0,0,0,0,0,0,0,0,0,0,0,0,0,0,0,0,0,0,0,0,0
202002,01,115,3,6,St. Clair County              ,22,22,4242340,0,0,0,0,0,0,0,0,0,14,14,2860098,0,0,0,0,0,0,0,0,0
202002,01,117,3,6,Shelby County                 ,113,113,24448515,0,0,0,0,0,0,0,0,0,53,53,9953456,0,0,0,0,0,0,0,0,0
202002,01,127,3,6,Walker County                 ,12,12,2458771,0,0,0,0,0,0,0,0,0,12,12,2458771,0,0,0,0,0,0,0,0,0
202002,02,013,4,9,Aleutians East Borough        ,0,0,0,0,0,0,0,0,0,0,0,0,0,0,0,0,0,0,0,0,0,0,0,0
202002,02,016,4,9,Aleutians West Census Area    ,0,0,0,0,0,0,0,0,0,0,0,0,0,0,0,0,0,0,0,0,0,0,0,0
202002,02,020,4,9,Anchorage Municipality        ,77,77,24121764,0,0,0,1,4,694790,1,10,1580956,0,0,0,0,0,0,0,0,0,0,0,0
202002,02,050,4,9,Bethel Census Area            ,0,0,0,0,0,0,0,0,0,0,0,0,0,0,0,0,0,0,0,0,0,0,0,0
202002,02,060,4,9,Bristol Bay Borough           ,0,0,0,0,0,0,0,0,0,0,0,0,0,0,0,0,0,0,0,0,0,0,0,0
202002,02,070,4,9,Dillingham Census Area        ,0,0,0,0,0,0,0,0,0,0,0,0,0,0,0,0,0,0,0,0,0,0,0,0
202002,02,090,4,9,Fairbanks North Star Borough  ,0,0,0,0,0,0,0,0,0,0,0,0,0,0,0,0,0,0,0,0,0,0,0,0
202002,02,100,4,9,Haines Borough                ,0,0,0,0,0,0,0,0,0,0,0,0,0,0,0,0,0,0,0,0,0,0,0,0
202002,02,105,4,9,Hoonah-Angoon Census Area     ,0,0,0,0,0,0,0,0,0,0,0,0,0,0,0,0,0,0,0,0,0,0,0,0
202002,02,110,4,9,Juneau City and Borough       ,2,2,242904,0,0,0,0,0,0,0,0,0,2,2,242904,0,0,0,0,0,0,0,0,0
202002,02,122,4,9,Kenai Peninsula Borough       ,5,5,1039769,0,0,0,0,0,0,0,0,0,0,0,0,0,0,0,0,0,0,0,0,0
202002,02,130,4,9,Ketchikan Gateway Borough     ,1,1,282835,0,0,0,0,0,0,0,0,0,1,1,282835,0,0,0,0,0,0,0,0,0
202002,02,150,4,9,Kodiak Island Borough         ,0,0,0,0,0,0,0,0,0,0,0,0,0,0,0,0,0,0,0,0,0,0,0,0
202002,02,170,4,9,Matanuska-Susitna Borough     ,4,4,1146166,3,6,1025905,0,0,0,0,0,0,0,0,0,0,0,0,0,0,0,0,0,0
202002,02,180,4,9,Nome Census Area              ,0,0,0,0,0,0,0,0,0,0,0,0,0,0,0,0,0,0,0,0,0,0,0,0
202002,02,185,4,9,North Slope Borough           ,0,0,0,0,0,0,0,0,0,0,0,0,0,0,0,0,0,0,0,0,0,0,0,0
202002,02,188,4,9,Northwest Arctic Borough      ,0,0,0,0,0,0,0,0,0,0,0,0,0,0,0,0,0,0,0,0,0,0,0,0
202002,02,195,4,9,Petersburg Borough            ,1,1,188279,0,0,0,0,0,0,0,0,0,0,0,0,0,0,0,0,0,0,0,0,0
202002,02,198,4,9,Prince of Wales-Hyder Census A,0,0,0,0,0,0,0,0,0,0,0,0,0,0,0,0,0,0,0,0,0,0,0,0
202002,02,220,4,9,Sitka City and Borough        ,1,1,264847,1,2,306156,0,0,0,0,0,0,0,0,0,0,0,0,0,0,0,0,0,0
202002,02,230,4,9,Skagway Municipality          ,0,0,0,0,0,0,0,0,0,0,0,0,0,0,0,0,0,0,0,0,0,0,0,0
202002,02,261,4,9,Valdez-Cordova Census Area    ,0,0,0,0,0,0,0,0,0,0,0,0,0,0,0,0,0,0,0,0,0,0,0,0
202002,02,275,4,9,Wrangell City and Borough     ,0,0,0,0,0,0,0,0,0,0,0,0,0,0,0,0,0,0,0,0,0,0,0,0
202002,02,282,4,9,Yakutat City and Borough      ,1,1,166923,0,0,0,0,0,0,0,0,0,0,0,0,0,0,0,0,0,0,0,0,0
202002,02,290,4,9,Yukon-Koyukuk Census Area     ,0,0,0,0,0,0,0,0,0,0,0,0,0,0,0,0,0,0,0,0,0,0,0,0
202002,04,013,4,8,Maricopa County               ,1906,1906,564630356,12,24,2982113,3,9,1926762,51,1594,235725241,1880,1880,557844676,12,24,2982113,3,9,1926762,50,1498,218739251
202002,04,019,4,8,Pima County                   ,324,324,97609917,1,2,298716,0,0,0,2,52,7986604,262,262,82299608,0,0,0,0,0,0,0,0,0
202002,04,021,4,8,Pinal County                  ,444,444,82030023,0,0,0,0,0,0,0,0,0,345,345,58555419,0,0,0,0,0,0,0,0,0
202002,05,013,3,7,Calhoun County                ,0,0,0,0,0,0,0,0,0,0,0,0,0,0,0,0,0,0,0,0,0,0,0,0
202002,05,035,3,7,Crittenden County             ,1,1,290000,0,0,0,0,0,0,0,0,0,1,1,290000,0,0,0,0,0,0,0,0,0
202002,05,043,3,7,Drew County                   ,0,0,0,0,0,0,0,0,0,0,0,0,0,0,0,0,0,0,0,0,0,0,0,0
202002,05,045,3,7,Faulkner County               ,23,23,5146349,1,2,151790,0,0,0,1,6,168683,3,3,495000,0,0,0,0,0,0,0,0,0
202002,05,053,3,7,Grant County                  ,2,2,311517,0,0,0,0,0,0,0,0,0,0,0,0,0,0,0,0,0,0,0,0,0
202002,05,085,3,7,Lonoke County                 ,35,35,3910384,0,0,0,0,0,0,1,20,261040,22,22,2791060,0,0,0,0,0,0,1,20,261040
202002,05,087,3,7,Madison County                ,0,0,0,0,0,0,0,0,0,0,0,0,0,0,0,0,0,0,0,0,0,0,0,0
202002,05,091,3,7,Miller County                 ,3,3,645705,0,0,0,0,0,0,0,0,0,0,0,0,0,0,0,0,0,0,0,0,0
202002,05,105,3,7,Perry County                  ,0,0,0,0,0,0,0,0,0,0,0,0,0,0,0,0,0,0,0,0,0,0,0,0
202002,05,119,3,7,Pulaski County                ,54,54,12875289,0,0,0,0,0,0,0,0,0,54,54,12875289,0,0,0,0,0,0,0,0,0
202002,05,129,3,7,Searcy County                 ,0,0,0,0,0,0,0,0,0,0,0,0,0,0,0,0,0,0,0,0,0,0,0,0
202002,05,143,3,7,Washington County             ,98,98,26863810,7,14,3736494,1,4,405000,1,5,500000,98,98,26863810,7,14,3736494,1,4,405000,1,5,500000
202002,06,001,4,9,Alameda County                ,138,138,50841232,3,6,1557817,4,15,6200532,5,29,9554629,72,72,27971016,3,6,1557817,3,12,5343821,2,14,6129742
202002,06,013,4,9,Contra Costa County           ,216,216,67573492,0,0,0,1,3,250000,1,135,34179136,197,197,61392658,0,0,0,1,3,250000,1,135,34179136
202002,06,017,4,9,El Dorado County              ,41,41,14339493,0,0,0,0,0,0,0,0,0,41,41,14339493,0,0,0,0,0,0,0,0,0
202002,06,019,4,9,Fresno County                 ,163,163,48178572,3,6,1292957,0,0,0,4,22,2309372,64,64,18199508,1,2,443684,0,0,0,0,0,0
202002,06,037,4,9,Los Angeles County            ,579,579,194954887,60,120,22434160,4,13,2873179,32,888,149478019,510,510,164565363,59,118,22097160,3,10,2220600,25,842,142476329
202002,06,041,4,9,Marin County                  ,7,7,5176493,1,2,1531250,0,0,0,0,0,0,5,5,2813628,0,0,0,0,0,0,0,0,0
202002,06,059,4,9,Orange County                 ,351,351,101706149,6,12,3395353,8,28,6521299,11,106,21127802,271,271,73211800,4,8,2061996,8,28,6521299,8,52,10695016
202002,06,061,4,9,Placer County                 ,138,138,42672230,0,0,0,0,0,0,5,234,28275208,130,130,39946595,0,0,0,0,0,0,5,234,28275208
202002,06,063,4,9,Plumas County                 ,5,5,1130650,0,0,0,0,0,0,0,0,0,5,5,1130650,0,0,0,0,0,0,0,0,0
202002,06,067,4,9,Sacramento County             ,349,349,95657447,19,38,5357991,1,4,854439,0,0,0,347,347,95206039,19,38,5357991,1,4,854439,0,0,0
202002,06,069,4,9,San Benito County             ,30,30,10657483,0,0,0,0,0,0,0,0,0,14,14,5174452,0,0,0,0,0,0,0,0,0
202002,06,071,4,9,San Bernardino County         ,214,214,56182933,6,12,1036306,2,7,1204567,5,110,11205063,184,184,49392835,6,12,1036306,2,7,1204567,4,104,10673813
202002,06,073,4,9,San Diego County              ,379,379,128133940,8,16,3865577,24,83,14951702,4,37,5057046,338,338,117337550,7,14,2698910,22,77,14194860,1,5,738559
202002,06,075,4,9,San Francisco County          ,2,2,555870,0,0,0,0,0,0,7,383,158291133,2,2,555870,0,0,0,0,0,0,7,383,158291133
202002,06,081,4,9,San Mateo County              ,19,19,12902030,0,0,0,0,0,0,3,27,5799113,7,7,5886400,0,0,0,0,0,0,0,0,0
202002,06,085,4,9,Santa Clara County            ,106,106,36160996,0,0,0,0,0,0,6,176,40019204,95,95,29920842,0,0,0,0,0,0,5,159,37275380
202002,06,091,4,9,Sierra County                 ,0,0,0,0,0,0,0,0,0,0,0,0,0,0,0,0,0,0,0,0,0,0,0,0
202002,06,113,4,9,Yolo County                   ,29,29,9918950,0,0,0,0,0,0,20,232,27646432,29,29,9918950,0,0,0,0,0,0,20,232,27646432
202002,08,001,4,8,Adams County                  ,171,171,50987131,0,0,0,0,0,0,1,67,10383000,144,144,41241595,0,0,0,0,0,0,1,67,10383000
202002,08,005,4,8,Arapahoe County               ,186,186,49612988,0,0,0,2,6,1257375,0,0,0,185,185,49387336,0,0,0,2,6,1257375,0,0,0
202002,08,014,4,8,Broomfield County             ,29,29,8940964,0,0,0,0,0,0,0,0,0,29,29,8940964,0,0,0,0,0,0,0,0,0
202002,08,015,4,8,Chaffee County                ,8,8,2119461,0,0,0,1,3,549700,0,0,0,0,0,0,0,0,0,0,0,0,0,0,0
202002,08,019,4,8,Clear Creek County            ,1,1,259558,0,0,0,0,0,0,0,0,0,0,0,0,0,0,0,0,0,0,0,0,0
202002,08,031,4,8,Denver County                 ,100,100,27793509,0,0,0,0,0,0,2,316,47460642,100,100,27793509,0,0,0,0,0,0,2,316,47460642
202002,08,035,4,8,Douglas County                ,197,197,60585687,2,4,802084,1,3,518902,0,0,0,191,191,58437108,2,4,802084,0,0,0,0,0,0
202002,08,039,4,8,Elbert County                 ,19,19,6001307,0,0,0,0,0,0,0,0,0,19,19,6001307,0,0,0,0,0,0,0,0,0
202002,08,041,4,8,El Paso County                ,350,350,137908474,0,0,0,0,0,0,0,0,0,350,350,137908474,0,0,0,0,0,0,0,0,0
202002,08,047,4,8,Gilpin County                 ,1,1,277935,0,0,0,0,0,0,0,0,0,1,1,277935,0,0,0,0,0,0,0,0,0
202002,08,059,4,8,Jefferson County              ,48,48,15660740,0,0,0,0,0,0,7,264,43825600,46,46,15037431,0,0,0,0,0,0,7,264,43825600
202002,08,069,4,8,Larimer County                ,182,182,51357276,1,2,274061,0,0,0,0,0,0,136,136,40957011,1,2,274061,0,0,0,0,0,0
202002,08,077,4,8,Mesa County                   ,70,70,19798443,2,4,581724,0,0,0,0,0,0,70,70,19798443,2,4,581724,0,0,0,0,0,0
202002,08,093,4,8,Park County                   ,6,6,1881892,0,0,0,0,0,0,0,0,0,6,6,1881892,0,0,0,0,0,0,0,0,0
202002,08,101,4,8,Pueblo County                 ,41,41,6942046,0,0,0,0,0,0,0,0,0,41,41,6942046,0,0,0,0,0,0,0,0,0
202002,08,119,4,8,Teller County                 ,4,4,1054739,0,0,0,0,0,0,0,0,0,3,3,984739,0,0,0,0,0,0,0,0,0
202002,09,001,1,1,Fairfield County              ,49,49,29161750,0,0,0,0,0,0,3,123,14665275,29,29,11790096,0,0,0,0,0,0,2,118,14234465
202002,09,003,1,1,Hartford County               ,31,31,6312070,0,0,0,3,11,1996500,4,55,5466431,25,25,5111600,0,0,0,3,11,1996500,2,45,4790000
202002,09,007,1,1,Middlesex County              ,9,9,2528196,0,0,0,0,0,0,0,0,0,6,6,1724500,0,0,0,0,0,0,0,0,0
202002,09,013,1,1,Tolland County                ,8,8,1620107,0,0,0,0,0,0,2,10,998158,2,2,309282,0,0,0,0,0,0,0,0,0
202002,10,001,3,5,Kent County                   ,143,143,19873719,2,4,392584,1,3,402817,0,0,0,142,142,19659482,2,4,392584,1,3,402817,0,0,0
202002,10,003,3,5,New Castle County             ,117,117,10619071,0,0,0,0,0,0,0,0,0,22,22,1796858,0,0,0,0,0,0,0,0,0
202002,10,005,3,5,Sussex County                 ,261,261,36100978,12,24,2101633,1,3,480000,4,23,2611708,261,261,36100978,12,24,2101633,1,3,480000,4,23,2611708
202002,11,001,3,5,Washington  DC                ,7,7,1662197,11,22,2460506,0,0,0,2,307,34459215,7,7,1662197,11,22,2460506,0,0,0,2,307,34459215
202002,12,003,3,5,Baker County                  ,8,8,1468894,0,0,0,0,0,0,0,0,0,8,8,1468894,0,0,0,0,0,0,0,0,0
202002,12,019,3,5,Clay County                   ,53,53,12175455,0,0,0,0,0,0,0,0,0,53,53,12175455,0,0,0,0,0,0,0,0,0
202002,12,029,3,5,Dixie County                  ,3,3,378970,0,0,0,0,0,0,0,0,0,0,0,0,0,0,0,0,0,0,0,0,0
202002,12,031,3,5,Duval County                  ,380,380,91810911,0,0,0,3,12,1611268,9,270,30306150,365,365,86671697,0,0,0,3,12,1611268,9,270,30306150
202002,12,033,3,5,Escambia County               ,149,149,35381048,1,2,223682,0,0,0,0,0,0,149,149,35381048,1,2,223682,0,0,0,0,0,0
202002,12,053,3,5,Hernando County               ,95,95,17735085,1,2,166667,0,0,0,1,6,751026,7,7,1328160,0,0,0,0,0,0,0,0,0
202002,12,057,3,5,Hillsborough County           ,614,614,204065902,1,2,167300,0,0,0,3,495,51633509,614,614,204065902,1,2,167300,0,0,0,3,495,51633509
202002,12,067,3,5,Lafayette County              ,0,0,0,0,0,0,0,0,0,0,0,0,0,0,0,0,0,0,0,0,0,0,0,0
202002,12,071,3,5,Lee County                    ,486,486,101264590,13,26,3364669,2,8,2570477,7,189,26991433,476,476,99444271,12,24,3218420,2,8,2570477,6,171,24484379
202002,12,073,3,5,Leon County                   ,61,61,11957558,1,2,221600,0,0,0,2,73,9171970,0,0,0,0,0,0,0,0,0,0,0,0
202002,12,081,3,5,Manatee County                ,326,326,68471619,11,22,1406900,0,0,0,2,20,1459840,326,326,68471619,11,22,1406900,0,0,0,2,20,1459840
202002,12,086,3,5,Miami-Dade County             ,166,166,62202126,12,24,3898878,0,0,0,20,735,184680668,142,142,54456899,12,24,3898878,0,0,0,19,725,183558218
202002,12,089,3,5,Nassau County                 ,89,89,28236676,0,0,0,0,0,0,0,0,0,87,87,28089647,0,0,0,0,0,0,0,0,0
202002,12,091,3,5,Okaloosa County               ,85,85,24544511,0,0,0,0,0,0,2,24,7084818,66,66,19223564,0,0,0,0,0,0,2,24,7084818
202002,12,095,3,5,Orange County                 ,354,354,107953581,12,24,5027098,0,0,0,3,136,19965217,354,354,107953581,12,24,5027098,0,0,0,3,136,19965217
202002,12,097,3,5,Osceola County                ,373,373,93835061,6,12,1342094,1,4,537089,1,30,3367350,373,373,93835061,6,12,1342094,1,4,537089,1,30,3367350
202002,12,101,3,5,Pasco County                  ,450,450,93554959,0,0,0,0,0,0,0,0,0,449,449,93460241,0,0,0,0,0,0,0,0,0
202002,12,103,3,5,Pinellas County               ,103,103,30404649,1,2,199558,0,0,0,1,5,2280000,86,86,25005669,1,2,199558,0,0,0,0,0,0
202002,12,109,3,5,St. Johns County              ,334,334,116448474,0,0,0,0,0,0,0,0,0,334,334,116448474,0,0,0,0,0,0,0,0,0
202002,12,113,3,5,Santa Rosa County             ,192,192,33966903,0,0,0,0,0,0,0,0,0,192,192,33966903,0,0,0,0,0,0,0,0,0
202002,12,115,3,5,Sarasota County               ,319,319,92822040,1,2,787185,1,4,961159,0,0,0,319,319,92822040,1,2,787185,1,4,961159,0,0,0
202002,12,117,3,5,Seminole County               ,63,63,23427583,6,12,1659349,0,0,0,1,5,996450,60,60,21991579,6,12,1659349,0,0,0,1,5,996450
202002,12,119,3,5,Sumter County                 ,238,238,69486191,0,0,0,1,4,896000,0,0,0,238,238,69486191,0,0,0,1,4,896000,0,0,0
202002,12,129,3,5,Wakulla County                ,33,33,6241589,0,0,0,0,0,0,0,0,0,33,33,6241589,0,0,0,0,0,0,0,0,0
202002,12,131,3,5,Walton County                 ,117,117,53771065,0,0,0,0,0,0,0,0,0,117,117,53771065,0,0,0,0,0,0,0,0,0
202002,12,133,3,5,Washington County             ,3,3,384462,0,0,0,0,0,0,0,0,0,0,0,0,0,0,0,0,0,0,0,0,0
202002,13,007,3,5,Baker County                  ,0,0,0,0,0,0,0,0,0,0,0,0,0,0,0,0,0,0,0,0,0,0,0,0
202002,13,013,3,5,Barrow County                 ,50,50,6538059,0,0,0,0,0,0,0,0,0,45,45,5845660,0,0,0,0,0,0,0,0,0
202002,13,015,3,5,Bartow County                 ,63,63,8898364,1,2,153760,0,0,0,0,0,0,63,63,8898364,1,2,153760,0,0,0,0,0,0
202002,13,021,3,5,Bibb County                   ,13,13,2228062,0,0,0,0,0,0,0,0,0,0,0,0,0,0,0,0,0,0,0,0,0
202002,13,029,3,5,Bryan County                  ,45,45,10076680,0,0,0,0,0,0,0,0,0,19,19,4511677,0,0,0,0,0,0,0,0,0
202002,13,033,3,5,Burke County                  ,5,5,890392,0,0,0,0,0,0,0,0,0,0,0,0,0,0,0,0,0,0,0,0,0
202002,13,035,3,5,Butts County                  ,6,6,1813000,0,0,0,0,0,0,0,0,0,6,6,1813000,0,0,0,0,0,0,0,0,0
202002,13,045,3,5,Carroll County                ,72,72,21681035,0,0,0,0,0,0,0,0,0,72,72,21681035,0,0,0,0,0,0,0,0,0
202002,13,051,3,5,Chatham County                ,77,77,17023152,0,0,0,0,0,0,0,0,0,17,17,3921894,0,0,0,0,0,0,0,0,0
202002,13,057,3,5,Cherokee County               ,212,212,55746959,0,0,0,0,0,0,0,0,0,212,212,55746959,0,0,0,0,0,0,0,0,0
202002,13,059,3,5,Clarke County                 ,28,28,5459328,13,26,3254459,0,0,0,0,0,0,28,28,5459328,13,26,3254459,0,0,0,0,0,0
202002,13,063,3,5,Clayton County                ,91,91,19248774,0,0,0,0,0,0,0,0,0,68,68,16147056,0,0,0,0,0,0,0,0,0
202002,13,067,3,5,Cobb County                   ,127,127,33173553,0,0,0,4,14,2172789,5,42,6938786,110,110,30021739,0,0,0,4,14,2172789,5,42,6938786
202002,13,073,3,5,Columbia County               ,107,107,21318202,0,0,0,1,3,281940,0,0,0,26,26,4500943,0,0,0,1,3,281940,0,0,0
202002,13,077,3,5,Coweta County                 ,91,91,39216456,0,0,0,0,0,0,1,30,2670123,57,57,27697213,0,0,0,0,0,0,0,0,0
202002,13,085,3,5,Dawson County                 ,34,34,8198240,0,0,0,0,0,0,0,0,0,34,34,8198240,0,0,0,0,0,0,0,0,0
202002,13,095,3,5,Dougherty County              ,1,1,185000,0,0,0,0,0,0,2,54,6783342,1,1,185000,0,0,0,0,0,0,2,54,6783342
202002,13,097,3,5,Douglas County                ,21,21,1919053,0,0,0,0,0,0,0,0,0,21,21,1919053,0,0,0,0,0,0,0,0,0
202002,13,111,3,5,Fannin County                 ,18,18,3688157,0,0,0,0,0,0,0,0,0,18,18,3688157,0,0,0,0,0,0,0,0,0
202002,13,113,3,5,Fayette County                ,49,49,15462702,0,0,0,0,0,0,0,0,0,23,23,7709700,0,0,0,0,0,0,0,0,0
202002,13,115,3,5,Floyd County                  ,39,39,3517169,0,0,0,0,0,0,0,0,0,39,39,3517169,0,0,0,0,0,0,0,0,0
202002,13,117,3,5,Forsyth County                ,155,155,27236805,0,0,0,0,0,0,0,0,0,155,155,27236805,0,0,0,0,0,0,0,0,0
202002,13,121,3,5,Fulton County                 ,232,232,49936645,0,0,0,0,0,0,6,483,53962766,163,163,29381671,0,0,0,0,0,0,5,465,52193925
202002,13,127,3,5,Glynn County                  ,51,51,15022275,0,0,0,0,0,0,0,0,0,0,0,0,0,0,0,0,0,0,0,0,0
202002,13,135,3,5,Gwinnett County               ,308,308,79006416,0,0,0,0,0,0,3,59,7284508,296,296,75751498,0,0,0,0,0,0,2,30,4112279
202002,13,143,3,5,Haralson County               ,4,4,914269,0,0,0,0,0,0,0,0,0,0,0,0,0,0,0,0,0,0,0,0,0
202002,13,145,3,5,Harris County                 ,17,17,4692805,0,0,0,0,0,0,0,0,0,17,17,4692805,0,0,0,0,0,0,0,0,0
202002,13,149,3,5,Heard County                  ,4,4,949827,0,0,0,0,0,0,0,0,0,4,4,949827,0,0,0,0,0,0,0,0,0
202002,13,151,3,5,Henry County                  ,133,133,33140804,0,0,0,0,0,0,0,0,0,133,133,33140804,0,0,0,0,0,0,0,0,0
202002,13,159,3,5,Jasper County                 ,7,7,937818,0,0,0,0,0,0,0,0,0,0,0,0,0,0,0,0,0,0,0,0,0
202002,13,171,3,5,Lamar County                  ,10,10,1833900,0,0,0,0,0,0,0,0,0,10,10,1833900,0,0,0,0,0,0,0,0,0
202002,13,177,3,5,Lee County                    ,8,8,855070,0,0,0,0,0,0,0,0,0,8,8,855070,0,0,0,0,0,0,0,0,0
202002,13,179,3,5,Liberty County                ,21,21,4580104,0,0,0,0,0,0,0,0,0,21,21,4580104,0,0,0,0,0,0,0,0,0
202002,13,189,3,5,McDuffie County               ,3,3,568455,0,0,0,0,0,0,0,0,0,0,0,0,0,0,0,0,0,0,0,0,0
202002,13,199,3,5,Meriwether County             ,8,8,1562600,0,0,0,0,0,0,0,0,0,8,8,1562600,0,0,0,0,0,0,0,0,0
202002,13,201,3,5,Miller County                 ,1,1,200000,0,0,0,0,0,0,0,0,0,1,1,200000,0,0,0,0,0,0,0,0,0
202002,13,207,3,5,Monroe County                 ,12,12,193414,0,0,0,0,0,0,0,0,0,0,0,0,0,0,0,0,0,0,0,0,0
202002,13,215,3,5,Muscogee County               ,29,29,5640043,0,0,0,1,4,246187,2,10,1878488,0,0,0,0,0,0,0,0,0,0,0,0
202002,13,217,3,5,Newton County                 ,60,60,10540260,0,0,0,0,0,0,0,0,0,60,60,10540260,0,0,0,0,0,0,0,0,0
202002,13,227,3,5,Pickens County                ,12,12,4115124,0,0,0,0,0,0,0,0,0,12,12,4115124,0,0,0,0,0,0,0,0,0
202002,13,231,3,5,Pike County                   ,11,11,2200000,0,0,0,0,0,0,0,0,0,0,0,0,0,0,0,0,0,0,0,0,0
202002,13,235,3,5,Pulaski County                ,0,0,0,0,0,0,0,0,0,0,0,0,0,0,0,0,0,0,0,0,0,0,0,0
202002,13,245,3,5,Richmond County               ,56,56,11309360,0,0,0,0,0,0,0,0,0,56,56,11309360,0,0,0,0,0,0,0,0,0
202002,13,247,3,5,Rockdale County               ,2,2,474913,0,0,0,0,0,0,0,0,0,2,2,474913,0,0,0,0,0,0,0,0,0
202002,13,255,3,5,Spalding County               ,24,24,4457621,0,0,0,0,0,0,0,0,0,24,24,4457621,0,0,0,0,0,0,0,0,0
202002,13,275,3,5,Thomas County                 ,5,5,1313481,0,0,0,0,0,0,0,0,0,2,2,634359,0,0,0,0,0,0,0,0,0
202002,13,291,3,5,Union County                  ,7,7,2073924,0,0,0,0,0,0,0,0,0,7,7,2073924,0,0,0,0,0,0,0,0,0
202002,15,001,4,9,Hawaii County                 ,58,58,18004969,0,0,0,0,0,0,0,0,0,0,0,0,0,0,0,0,0,0,0,0,0
202002,15,003,4,9,Honolulu County               ,46,46,23690270,0,0,0,0,0,0,1,39,4913168,46,46,23690270,0,0,0,0,0,0,1,39,4913168
202002,15,007,4,9,Kauai County                  ,16,16,9363830,2,4,998582,0,0,0,0,0,0,16,16,9363830,2,4,998582,0,0,0,0,0,0
202002,15,009,4,9,Maui County                   ,17,17,14633929,1,2,300000,0,0,0,0,0,0,17,17,14633929,1,2,300000,0,0,0,0,0,0
202002,16,001,4,8,Ada County                    ,473,473,128254895,2,4,750919,2,8,900125,2,65,14298199,449,449,120482641,2,4,750919,2,8,900125,2,65,14298199
202002,16,015,4,8,Boise County                  ,5,5,1576911,0,0,0,0,0,0,0,0,0,4,4,1424141,0,0,0,0,0,0,0,0,0
202002,16,027,4,8,Canyon County                 ,228,228,23118446,4,8,1182249,1,4,263367,3,36,2775000,215,215,19702876,4,8,1182249,1,4,263367,3,36,2775000
202002,16,045,4,8,Gem County                    ,5,5,1077452,0,0,0,0,0,0,0,0,0,3,3,833805,0,0,0,0,0,0,0,0,0
202002,16,073,4,8,Owyhee County                 ,4,4,762988,0,0,0,0,0,0,0,0,0,2,2,391187,0,0,0,0,0,0,0,0,0
202002,17,005,2,3,Bond County                   ,0,0,0,0,0,0,0,0,0,0,0,0,0,0,0,0,0,0,0,0,0,0,0,0
202002,17,013,2,3,Calhoun County                ,0,0,0,0,0,0,0,0,0,0,0,0,0,0,0,0,0,0,0,0,0,0,0,0
202002,17,031,2,3,Cook County                   ,90,90,26552309,2,4,620000,9,27,4431100,13,439,46114162,75,75,22536334,2,4,620000,9,27,4431100,11,429,43711000
202002,17,037,2,3,DeKalb County                 ,5,5,1261589,0,0,0,0,0,0,0,0,0,4,4,1125000,0,0,0,0,0,0,0,0,0
202002,17,039,2,3,De Witt County                ,2,2,665000,0,0,0,0,0,0,0,0,0,2,2,665000,0,0,0,0,0,0,0,0,0
202002,17,043,2,3,DuPage County                 ,42,42,18769639,0,0,0,0,0,0,3,79,13144331,36,36,16281727,0,0,0,0,0,0,2,74,13025732
202002,17,063,2,3,Grundy County                 ,8,8,1566327,0,0,0,0,0,0,1,5,256410,7,7,1405778,0,0,0,0,0,0,0,0,0
202002,17,083,2,3,Jersey County                 ,1,1,155609,0,0,0,0,0,0,0,0,0,0,0,0,0,0,0,0,0,0,0,0,0
202002,17,093,2,3,Kendall County                ,28,28,4122935,2,4,520977,0,0,0,1,7,552500,20,20,2699401,0,0,0,0,0,0,0,0,0
202002,17,097,2,3,Lake County                   ,47,47,14608037,0,0,0,0,0,0,0,0,0,35,35,9751613,0,0,0,0,0,0,0,0,0
202002,17,111,2,3,McHenry County                ,24,24,4792235,0,0,0,0,0,0,0,0,0,12,12,2798804,0,0,0,0,0,0,0,0,0
202002,17,119,2,3,Madison County                ,22,22,5944167,0,0,0,0,0,0,0,0,0,20,20,5273298,0,0,0,0,0,0,0,0,0
202002,17,133,2,3,Monroe County                 ,5,5,1452929,0,0,0,0,0,0,0,0,0,5,5,1452929,0,0,0,0,0,0,0,0,0
202002,17,197,2,3,Will County                   ,84,84,20456953,0,0,0,3,12,1607379,0,0,0,76,76,18981528,0,0,0,3,12,1607379,0,0,0
202002,18,003,2,3,Allen County                  ,84,84,22741504,0,0,0,0,0,0,0,0,0,84,84,22741504,0,0,0,0,0,0,0,0,0
202002,18,011,2,3,Boone County                  ,52,52,17125760,0,0,0,0,0,0,0,0,0,52,52,17125760,0,0,0,0,0,0,0,0,0
202002,18,013,2,3,Brown County                  ,2,2,541464,0,0,0,0,0,0,0,0,0,2,2,541464,0,0,0,0,0,0,0,0,0
202002,18,019,2,3,Clark County                  ,64,64,13456860,0,0,0,1,3,461400,0,0,0,59,59,12491560,0,0,0,1,3,461400,0,0,0
202002,18,047,2,3,Franklin County               ,3,3,503000,0,0,0,0,0,0,0,0,0,3,3,503000,0,0,0,0,0,0,0,0,0
202002,18,057,2,3,Hamilton County               ,190,190,59765974,0,0,0,1,3,200000,4,22,4200000,189,189,59444793,0,0,0,1,3,200000,4,22,4200000
202002,18,059,2,3,Hancock County                ,34,34,8188058,0,0,0,0,0,0,0,0,0,34,34,8188058,0,0,0,0,0,0,0,0,0
202002,18,061,2,3,Harrison County               ,10,10,2215000,0,0,0,0,0,0,0,0,0,10,10,2215000,0,0,0,0,0,0,0,0,0
202002,18,063,2,3,Hendricks County              ,95,95,24416111,2,4,400000,0,0,0,0,0,0,93,93,23909800,2,4,400000,0,0,0,0,0,0
202002,18,069,2,3,Huntington County             ,4,4,924652,0,0,0,0,0,0,0,0,0,4,4,924652,0,0,0,0,0,0,0,0,0
202002,18,073,2,3,Jasper County                 ,14,14,3633962,0,0,0,0,0,0,0,0,0,13,13,3519518,0,0,0,0,0,0,0,0,0
202002,18,081,2,3,Johnson County                ,59,59,13355726,0,0,0,0,0,0,0,0,0,55,55,12666255,0,0,0,0,0,0,0,0,0
202002,18,087,2,3,Lagrange County               ,4,4,778000,0,0,0,0,0,0,0,0,0,4,4,778000,0,0,0,0,0,0,0,0,0
202002,18,089,2,3,Lake County                   ,59,59,14896276,1,2,187918,0,0,0,0,0,0,50,50,12565875,0,0,0,0,0,0,0,0,0
202002,18,097,2,3,Marion County                 ,58,58,15542730,1,2,180000,0,0,0,0,0,0,58,58,15542730,1,2,180000,0,0,0,0,0,0
202002,18,105,2,3,Monroe County                 ,20,20,5414644,0,0,0,0,0,0,0,0,0,20,20,5414644,0,0,0,0,0,0,0,0,0
202002,18,109,2,3,Morgan County                 ,22,22,5533710,3,6,1072900,0,0,0,0,0,0,22,22,5533710,3,6,1072900,0,0,0,0,0,0
202002,18,111,2,3,Newton County                 ,2,2,408497,0,0,0,0,0,0,0,0,0,0,0,0,0,0,0,0,0,0,0,0,0
202002,18,115,2,3,Ohio County                   ,2,2,620000,0,0,0,0,0,0,0,0,0,2,2,620000,0,0,0,0,0,0,0,0,0
202002,18,119,2,3,Owen County                   ,6,6,1624393,0,0,0,0,0,0,0,0,0,6,6,1624393,0,0,0,0,0,0,0,0,0
202002,18,127,2,3,Porter County                 ,26,26,6535476,0,0,0,0,0,0,0,0,0,26,26,6535476,0,0,0,0,0,0,0,0,0
202002,18,133,2,3,Putnam County                 ,6,6,1291671,0,0,0,0,0,0,0,0,0,4,4,1002197,0,0,0,0,0,0,0,0,0
202002,18,145,2,3,Shelby County                 ,2,2,377000,0,0,0,0,0,0,0,0,0,2,2,377000,0,0,0,0,0,0,0,0,0
202002,18,151,2,3,Steuben County                ,9,9,2469752,0,0,0,0,0,0,0,0,0,9,9,2469752,0,0,0,0,0,0,0,0,0
202002,18,157,2,3,Tippecanoe County             ,47,47,12166570,0,0,0,0,0,0,1,5,581389,43,43,11641484,0,0,0,0,0,0,0,0,0
202002,18,163,2,3,Vanderburgh County            ,19,19,3136956,1,2,150000,0,0,0,0,0,0,19,19,3136956,1,2,150000,0,0,0,0,0,0
202002,18,167,2,3,Vigo County                   ,3,3,424229,0,0,0,0,0,0,0,0,0,0,0,0,0,0,0,0,0,0,0,0,0
202002,18,175,2,3,Washington County             ,5,5,1204264,0,0,0,0,0,0,0,0,0,0,0,0,0,0,0,0,0,0,0,0,0
202002,18,183,2,3,Whitley County                ,2,2,605545,0,0,0,0,0,0,0,0,0,2,2,605545,0,0,0,0,0,0,0,0,0
202002,19,049,2,4,Dallas County                 ,25,25,7265427,0,0,0,0,0,0,1,9,1794920,24,24,7041130,0,0,0,0,0,0,1,9,1794920
202002,19,085,2,4,Harrison County               ,2,2,515090,0,0,0,0,0,0,0,0,0,1,1,300000,0,0,0,0,0,0,0,0,0
202002,19,129,2,4,Mills County                  ,0,0,0,0,0,0,0,0,0,0,0,0,0,0,0,0,0,0,0,0,0,0,0,0
202002,19,153,2,4,Polk County                   ,127,127,32325165,2,4,720833,0,0,0,0,0,0,125,125,31918017,2,4,720833,0,0,0,0,0,0
202002,19,181,2,4,Warren County                 ,18,18,4404569,0,0,0,0,0,0,0,0,0,18,18,4404569,0,0,0,0,0,0,0,0,0
202002,20,061,2,4,Geary County                  ,1,1,254333,0,0,0,0,0,0,0,0,0,0,0,0,0,0,0,0,0,0,0,0,0
202002,20,091,2,4,Johnson County                ,113,113,43964766,3,6,1675765,4,16,5050000,4,29,4205000,108,108,40929710,3,6,1675765,4,16,5050000,4,29,4205000
202002,20,103,2,4,Leavenworth County            ,19,19,4769779,5,10,1269260,0,0,0,6,32,3676830,19,19,4769779,5,10,1269260,0,0,0,6,32,3676830
202002,20,107,2,4,Linn County                   ,2,2,247636,0,0,0,0,0,0,0,0,0,1,1,150000,0,0,0,0,0,0,0,0,0
202002,20,121,2,4,Miami County                  ,5,5,1558362,0,0,0,0,0,0,0,0,0,1,1,300000,0,0,0,0,0,0,0,0,0
202002,20,209,2,4,Wyandotte County              ,10,10,1975533,1,2,192348,0,0,0,0,0,0,0,0,0,0,0,0,0,0,0,0,0,0
202002,21,005,3,6,Anderson County               ,3,3,401700,0,0,0,0,0,0,0,0,0,3,3,401700,0,0,0,0,0,0,0,0,0
202002,21,015,3,6,Boone County                  ,28,28,5239844,0,0,0,0,0,0,1,6,615719,28,28,5239844,0,0,0,0,0,0,1,6,615719
202002,21,017,3,6,Bourbon County                ,4,4,916877,0,0,0,0,0,0,0,0,0,0,0,0,0,0,0,0,0,0,0,0,0
202002,21,021,3,6,Boyle County                  ,3,3,570368,0,0,0,0,0,0,0,0,0,0,0,0,0,0,0,0,0,0,0,0,0
202002,21,029,3,6,Bullitt County                ,24,24,5858743,0,0,0,0,0,0,0,0,0,24,24,5858743,0,0,0,0,0,0,0,0,0
202002,21,035,3,6,Calloway County               ,0,0,0,0,0,0,0,0,0,0,0,0,0,0,0,0,0,0,0,0,0,0,0,0
202002,21,037,3,6,Campbell County               ,13,13,3093107,0,0,0,0,0,0,1,19,2186389,0,0,0,0,0,0,0,0,0,0,0,0
202002,21,045,3,6,Casey County                  ,0,0,0,0,0,0,0,0,0,0,0,0,0,0,0,0,0,0,0,0,0,0,0,0
202002,21,047,3,6,Christian County              ,6,6,567400,0,0,0,0,0,0,0,0,0,4,4,425000,0,0,0,0,0,0,0,0,0
202002,21,049,3,6,Clark County                  ,10,10,1930000,0,0,0,0,0,0,0,0,0,10,10,1930000,0,0,0,0,0,0,0,0,0
202002,21,059,3,6,Daviess County                ,19,19,1692080,0,0,0,0,0,0,0,0,0,19,19,1692080,0,0,0,0,0,0,0,0,0
202002,21,067,3,6,Fayette County                ,59,59,12464067,1,2,219143,0,0,0,2,55,4505012,0,0,0,0,0,0,0,0,0,0,0,0
202002,21,069,3,6,Fleming County                ,0,0,0,0,0,0,0,0,0,0,0,0,0,0,0,0,0,0,0,0,0,0,0,0
202002,21,077,3,6,Gallatin County               ,2,2,448477,0,0,0,0,0,0,0,0,0,0,0,0,0,0,0,0,0,0,0,0,0
202002,21,081,3,6,Grant County                  ,7,7,1151000,0,0,0,0,0,0,0,0,0,7,7,1151000,0,0,0,0,0,0,0,0,0
202002,21,091,3,6,Hancock County                ,1,1,194650,0,0,0,0,0,0,0,0,0,0,0,0,0,0,0,0,0,0,0,0,0
202002,21,099,3,6,Hart County                   ,0,0,0,0,0,0,0,0,0,0,0,0,0,0,0,0,0,0,0,0,0,0,0,0
202002,21,101,3,6,Henderson County              ,3,3,1103354,0,0,0,0,0,0,0,0,0,3,3,1103354,0,0,0,0,0,0,0,0,0
202002,21,103,3,6,Henry County                  ,2,2,360405,0,0,0,0,0,0,0,0,0,0,0,0,0,0,0,0,0,0,0,0,0
202002,21,111,3,6,Jefferson County              ,112,112,35892910,0,0,0,0,0,0,6,136,18193719,6,6,1872200,0,0,0,0,0,0,0,0,0
202002,21,113,3,6,Jessamine County              ,10,10,2252024,0,0,0,0,0,0,0,0,0,2,2,985000,0,0,0,0,0,0,0,0,0
202002,21,115,3,6,Johnson County                ,0,0,0,0,0,0,0,0,0,0,0,0,0,0,0,0,0,0,0,0,0,0,0,0
202002,21,117,3,6,Kenton County                 ,18,18,4258945,0,0,0,0,0,0,0,0,0,18,18,4258945,0,0,0,0,0,0,0,0,0
202002,21,121,3,6,Knox County                   ,0,0,0,0,0,0,0,0,0,0,0,0,0,0,0,0,0,0,0,0,0,0,0,0
202002,21,123,3,6,Larue County                  ,2,2,474913,0,0,0,0,0,0,0,0,0,2,2,474913,0,0,0,0,0,0,0,0,0
202002,21,137,3,6,Lincoln County                ,1,1,100000,0,0,0,0,0,0,0,0,0,1,1,100000,0,0,0,0,0,0,0,0,0
202002,21,145,3,6,McCracken County              ,5,5,1192449,0,0,0,0,0,0,0,0,0,0,0,0,0,0,0,0,0,0,0,0,0
202002,21,151,3,6,Madison County                ,19,19,2157943,2,4,225992,0,0,0,1,6,202286,8,8,1195000,0,0,0,0,0,0,0,0,0
202002,21,157,3,6,Marshall County               ,5,5,1288700,2,4,350000,0,0,0,0,0,0,5,5,1288700,2,4,350000,0,0,0,0,0,0
202002,21,161,3,6,Mason County                  ,0,0,0,0,0,0,0,0,0,0,0,0,0,0,0,0,0,0,0,0,0,0,0,0
202002,21,163,3,6,Meade County                  ,2,2,260000,0,0,0,0,0,0,0,0,0,2,2,260000,0,0,0,0,0,0,0,0,0
202002,21,167,3,6,Mercer County                 ,4,4,681011,0,0,0,0,0,0,0,0,0,0,0,0,0,0,0,0,0,0,0,0,0
202002,21,175,3,6,Morgan County                 ,2,2,150000,0,0,0,0,0,0,0,0,0,0,0,0,0,0,0,0,0,0,0,0,0
202002,21,179,3,6,Nelson County                 ,7,7,1330000,0,0,0,0,0,0,0,0,0,7,7,1330000,0,0,0,0,0,0,0,0,0
202002,21,185,3,6,Oldham County                 ,17,17,5059108,0,0,0,0,0,0,0,0,0,17,17,5059108,0,0,0,0,0,0,0,0,0
202002,21,191,3,6,Pendleton County              ,0,0,0,0,0,0,0,0,0,0,0,0,0,0,0,0,0,0,0,0,0,0,0,0
202002,21,209,3,6,Scott County                  ,29,29,5260795,0,0,0,0,0,0,0,0,0,29,29,5260795,0,0,0,0,0,0,0,0,0
202002,21,211,3,6,Shelby County                 ,19,19,5672270,0,0,0,0,0,0,0,0,0,19,19,5672270,0,0,0,0,0,0,0,0,0
202002,21,213,3,6,Simpson County                ,5,5,890600,1,2,70000,0,0,0,0,0,0,5,5,890600,1,2,70000,0,0,0,0,0,0
202002,21,215,3,6,Spencer County                ,11,11,2612024,0,0,0,0,0,0,0,0,0,11,11,2612024,0,0,0,0,0,0,0,0,0
202002,21,221,3,6,Trigg County                  ,0,0,0,0,0,0,0,0,0,0,0,0,0,0,0,0,0,0,0,0,0,0,0,0
202002,21,239,3,6,Woodford County               ,9,9,1685250,0,0,0,0,0,0,0,0,0,9,9,1685250,0,0,0,0,0,0,0,0,0
202002,22,005,3,7,Ascension Parish              ,85,85,12802265,0,0,0,0,0,0,0,0,0,9,9,1351160,0,0,0,0,0,0,0,0,0
202002,22,015,3,7,Bossier Parish                ,45,45,7308404,0,0,0,0,0,0,0,0,0,45,45,7308404,0,0,0,0,0,0,0,0,0
202002,22,017,3,7,Caddo Parish                  ,12,12,2791847,0,0,0,0,0,0,0,0,0,12,12,2791847,0,0,0,0,0,0,0,0,0
202002,22,031,3,7,De Soto Parish                ,7,7,1945231,0,0,0,0,0,0,0,0,0,2,2,474913,0,0,0,0,0,0,0,0,0
202002,22,033,3,7,East Baton Rouge Parish       ,84,84,24575532,0,0,0,0,0,0,0,0,0,84,84,24575532,0,0,0,0,0,0,0,0,0
202002,22,037,3,7,East Feliciana Parish         ,2,2,409795,0,0,0,0,0,0,0,0,0,2,2,409795,0,0,0,0,0,0,0,0,0
202002,22,047,3,7,Iberville Parish              ,9,9,2217737,0,0,0,0,0,0,0,0,0,0,0,0,0,0,0,0,0,0,0,0,0
202002,22,051,3,7,Jefferson Parish              ,39,39,11146715,0,0,0,0,0,0,0,0,0,39,39,11146715,0,0,0,0,0,0,0,0,0
202002,22,055,3,7,Lafayette Parish              ,131,131,25070048,0,0,0,0,0,0,0,0,0,76,76,10882166,0,0,0,0,0,0,0,0,0
202002,22,063,3,7,Livingston Parish             ,70,70,13736573,0,0,0,0,0,0,0,0,0,0,0,0,0,0,0,0,0,0,0,0,0
202002,22,071,3,7,Orleans Parish                ,47,47,10586042,7,14,1447388,1,3,721976,1,37,7630982,0,0,0,0,0,0,0,0,0,0,0,0
202002,22,075,3,7,Plaquemines Parish            ,4,4,1059818,0,0,0,0,0,0,0,0,0,0,0,0,0,0,0,0,0,0,0,0,0
202002,22,077,3,7,Pointe Coupee Parish          ,4,4,1251200,0,0,0,0,0,0,0,0,0,4,4,1251200,0,0,0,0,0,0,0,0,0
202002,22,087,3,7,St. Bernard Parish            ,17,17,2963000,2,4,330000,0,0,0,0,0,0,17,17,2963000,2,4,330000,0,0,0,0,0,0
202002,22,089,3,7,St. Charles Parish            ,10,10,2374567,0,0,0,0,0,0,0,0,0,10,10,2374567,0,0,0,0,0,0,0,0,0
202002,22,091,3,7,St. Helena Parish             ,2,2,359808,0,0,0,0,0,0,0,0,0,0,0,0,0,0,0,0,0,0,0,0,0
202002,22,095,3,7,St. John the Baptist Parish   ,10,10,1378000,0,0,0,0,0,0,0,0,0,10,10,1378000,0,0,0,0,0,0,0,0,0
202002,22,099,3,7,St. Martin Parish             ,17,17,3405141,0,0,0,0,0,0,0,0,0,3,3,829006,0,0,0,0,0,0,0,0,0
202002,22,103,3,7,St. Tammany Parish            ,107,107,26955599,0,0,0,0,0,0,0,0,0,102,102,25204771,0,0,0,0,0,0,0,0,0
202002,22,109,3,7,Terrebonne Parish             ,11,11,2820854,1,2,155556,0,0,0,0,0,0,0,0,0,0,0,0,0,0,0,0,0,0
202002,22,121,3,7,West Baton Rouge Parish       ,18,18,3450417,0,0,0,0,0,0,1,23,2246677,5,5,1480000,0,0,0,0,0,0,0,0,0
202002,22,125,3,7,West Feliciana Parish         ,4,4,1013843,0,0,0,0,0,0,0,0,0,4,4,1013843,0,0,0,0,0,0,0,0,0
202002,23,000,1,1,Maine Unorganized Territory   ,4,4,531201,0,0,0,0,0,0,0,0,0,0,0,0,0,0,0,0,0,0,0,0,0
202002,24,003,3,5,Anne Arundel County           ,175,175,41227045,0,0,0,0,0,0,0,0,0,170,170,40367640,0,0,0,0,0,0,0,0,0
202002,24,005,3,5,Baltimore County              ,47,47,11160465,0,0,0,0,0,0,0,0,0,47,47,11160465,0,0,0,0,0,0,0,0,0
202002,24,009,3,5,Calvert County                ,7,7,1662197,0,0,0,0,0,0,0,0,0,7,7,1662197,0,0,0,0,0,0,0,0,0
202002,24,013,3,5,Carroll County                ,10,10,2374567,0,0,0,0,0,0,0,0,0,10,10,2374567,0,0,0,0,0,0,0,0,0
202002,24,015,3,5,Cecil County                  ,14,14,2434435,0,0,0,0,0,0,0,0,0,14,14,2434435,0,0,0,0,0,0,0,0,0
202002,24,017,3,5,Charles County                ,49,49,14844000,0,0,0,0,0,0,0,0,0,49,49,14844000,0,0,0,0,0,0,0,0,0
202002,24,021,3,5,Frederick County              ,72,72,16716275,0,0,0,3,12,1611268,6,108,18096047,72,72,16716275,0,0,0,3,12,1611268,6,108,18096047
202002,24,023,3,5,Garrett County                ,9,9,4183000,0,0,0,0,0,0,0,0,0,9,9,4183000,0,0,0,0,0,0,0,0,0
202002,24,025,3,5,Harford County                ,29,29,6773788,0,0,0,0,0,0,0,0,0,29,29,6773788,0,0,0,0,0,0,0,0,0
202002,24,027,3,5,Howard County                 ,58,58,13772489,0,0,0,0,0,0,1,16,2200000,58,58,13772489,0,0,0,0,0,0,1,16,2200000
202002,24,031,3,5,Montgomery County             ,146,146,33547821,0,0,0,0,0,0,0,0,0,145,145,33309385,0,0,0,0,0,0,0,0,0
202002,24,033,3,5,Prince George County          ,244,244,58010139,1,2,243837,0,0,0,0,0,0,241,241,57227065,0,0,0,0,0,0,0,0,0
202002,24,035,3,5,Queen Anne County             ,18,18,4161000,0,0,0,0,0,0,0,0,0,18,18,4161000,0,0,0,0,0,0,0,0,0
202002,24,037,3,5,St. Marys County              ,78,78,16213423,0,0,0,0,0,0,1,5,98546,5,5,1860000,0,0,0,0,0,0,0,0,0
202002,24,039,3,5,Somerset County               ,3,3,634486,0,0,0,0,0,0,0,0,0,0,0,0,0,0,0,0,0,0,0,0,0
202002,24,045,3,5,Wicomico County               ,17,17,3061672,0,0,0,0,0,0,0,0,0,17,17,3061672,0,0,0,0,0,0,0,0,0
202002,24,510,3,5,Baltimore (Independent City)  ,9,9,1417975,0,0,0,0,0,0,1,96,14547783,0,0,0,0,0,0,0,0,0,0,0,0
202002,25,005,1,1,Bristol County                ,43,43,9370767,1,2,275000,0,0,0,0,0,0,23,23,5208181,1,2,275000,0,0,0,0,0,0
202002,25,009,1,1,Essex County                  ,39,39,12990246,4,8,1772000,0,0,0,1,5,1124039,28,28,9809983,3,6,1122000,0,0,0,0,0,0
202002,25,017,1,1,Middlesex County              ,95,95,30636716,3,6,1209904,1,3,837742,6,91,13845965,41,41,15938139,0,0,0,0,0,0,0,0,0
202002,25,021,1,1,Norfolk County                ,46,46,20874437,0,0,0,1,3,1157143,4,112,16569339,29,29,12977610,0,0,0,0,0,0,1,87,14000000
202002,25,023,1,1,Plymouth County               ,69,69,17546826,1,2,320000,0,0,0,1,5,650766,15,15,4137129,1,2,320000,0,0,0,0,0,0
202002,25,025,1,1,Suffolk County                ,1,1,175356,4,8,1819385,4,12,2150000,7,193,25776665,0,0,0,3,6,1600000,4,12,2150000,5,183,23609799
202002,26,000,2,3,Michigan Balance of State     ,2,2,375445,0,0,0,0,0,0,0,0,0,0,0,0,0,0,0,0,0,0,0,0,0
202002,26,019,2,3,Benzie County                 ,3,3,822354,0,0,0,0,0,0,0,0,0,0,0,0,0,0,0,0,0,0,0,0,0
202002,26,029,2,3,Charlevoix County             ,3,3,763093,0,0,0,0,0,0,0,0,0,0,0,0,0,0,0,0,0,0,0,0,0
202002,26,089,2,3,Leelanau County               ,2,2,363490,0,0,0,0,0,0,0,0,0,2,2,363490,0,0,0,0,0,0,0,0,0
202002,26,093,2,3,Livingston County             ,34,34,8269813,0,0,0,0,0,0,0,0,0,32,32,8003093,0,0,0,0,0,0,0,0,0
202002,26,095,2,3,Luce County                   ,0,0,0,0,0,0,0,0,0,0,0,0,0,0,0,0,0,0,0,0,0,0,0,0
202002,26,099,2,3,Macomb County                 ,82,82,28370596,1,2,140000,0,0,0,0,0,0,80,80,28079763,0,0,0,0,0,0,0,0,0
202002,26,103,2,3,Marquette County              ,0,0,0,0,0,0,0,0,0,0,0,0,0,0,0,0,0,0,0,0,0,0,0,0
202002,26,137,2,3,Otsego County                 ,1,1,81000,0,0,0,0,0,0,0,0,0,0,0,0,0,0,0,0,0,0,0,0,0
202002,26,147,2,3,St. Clair County              ,6,6,1169269,0,0,0,0,0,0,0,0,0,5,5,910732,0,0,0,0,0,0,0,0,0
202002,26,163,2,3,Wayne County                  ,59,59,12746046,0,0,0,1,4,1049560,5,92,28357544,52,52,11882871,0,0,0,1,4,1049560,5,92,28357544
202002,27,003,2,4,Anoka County                  ,59,59,18262587,0,0,0,0,0,0,0,0,0,56,56,17434756,0,0,0,0,0,0,0,0,0
202002,27,019,2,4,Carver County                 ,49,49,15391648,0,0,0,0,0,0,0,0,0,47,47,14989512,0,0,0,0,0,0,0,0,0
202002,27,025,2,4,Chisago County                ,8,8,1506526,0,0,0,0,0,0,0,0,0,7,7,1297193,0,0,0,0,0,0,0,0,0
202002,27,027,2,4,Clay County                   ,1,1,450000,0,0,0,0,0,0,0,0,0,1,1,450000,0,0,0,0,0,0,0,0,0
202002,27,037,2,4,Dakota County                 ,48,48,15066184,0,0,0,0,0,0,2,28,3150264,48,48,15066184,0,0,0,0,0,0,1,20,2015000
202002,27,053,2,4,Hennepin County               ,122,122,48511048,1,2,425000,2,7,1912609,2,238,25857636,111,111,45401960,1,2,425000,1,4,1375939,2,238,25857636
202002,27,059,2,4,Isanti County                 ,4,4,942345,0,0,0,0,0,0,0,0,0,4,4,942345,0,0,0,0,0,0,0,0,0
202002,27,123,2,4,Ramsey County                 ,13,13,3996224,0,0,0,0,0,0,1,12,1300000,13,13,3996224,0,0,0,0,0,0,1,12,1300000
202002,27,139,2,4,Scott County                  ,47,47,14713299,0,0,0,0,0,0,0,0,0,46,46,14438361,0,0,0,0,0,0,0,0,0
202002,27,141,2,4,Sherburne County              ,20,20,4448477,0,0,0,0,0,0,0,0,0,17,17,3814102,0,0,0,0,0,0,0,0,0
202002,27,163,2,4,Washington County             ,75,75,23971111,0,0,0,0,0,0,0,0,0,69,69,21581724,0,0,0,0,0,0,0,0,0
202002,27,171,2,4,Wright County                 ,60,60,16988673,0,0,0,0,0,0,1,49,8749793,55,55,15925827,0,0,0,0,0,0,1,49,8749793
202002,28,033,3,6,DeSoto County                 ,101,101,17863259,0,0,0,0,0,0,0,0,0,66,66,13062375,0,0,0,0,0,0,0,0,0
202002,28,041,3,6,Greene County                 ,0,0,0,0,0,0,0,0,0,0,0,0,0,0,0,0,0,0,0,0,0,0,0,0
202002,28,045,3,6,Hancock County                ,35,35,5710208,0,0,0,1,3,301084,1,6,507976,6,6,1306115,0,0,0,0,0,0,0,0,0
202002,28,047,3,6,Harrison County               ,130,130,23598031,1,2,300000,0,0,0,0,0,0,118,118,22234819,1,2,300000,0,0,0,0,0,0
202002,28,067,3,6,Jones County                  ,0,0,0,0,0,0,0,0,0,0,0,0,0,0,0,0,0,0,0,0,0,0,0,0
202002,28,129,3,6,Smith County                  ,0,0,0,0,0,0,0,0,0,0,0,0,0,0,0,0,0,0,0,0,0,0,0,0
202002,28,137,3,6,Tate County                   ,6,6,1450000,0,0,0,0,0,0,0,0,0,6,6,1450000,0,0,0,0,0,0,0,0,0
202002,28,143,3,6,Tunica County                 ,10,10,2298002,0,0,0,0,0,0,0,0,0,0,0,0,0,0,0,0,0,0,0,0,0
202002,28,145,3,6,Union County                  ,0,0,0,0,0,0,0,0,0,0,0,0,0,0,0,0,0,0,0,0,0,0,0,0
202002,28,149,3,6,Warren County                 ,0,0,0,0,0,0,0,0,0,0,0,0,0,0,0,0,0,0,0,0,0,0,0,0
202002,29,013,2,4,Bates County                  ,0,0,0,0,0,0,0,0,0,0,0,0,0,0,0,0,0,0,0,0,0,0,0,0
202002,29,017,2,4,Bollinger County              ,0,0,0,0,0,0,0,0,0,0,0,0,0,0,0,0,0,0,0,0,0,0,0,0
202002,29,019,2,4,Boone County                  ,43,43,12791631,0,0,0,0,0,0,0,0,0,43,43,12791631,0,0,0,0,0,0,0,0,0
202002,29,049,2,4,Clinton County                ,3,3,638615,0,0,0,0,0,0,0,0,0,0,0,0,0,0,0,0,0,0,0,0,0
202002,29,065,2,4,Dent County                   ,0,0,0,0,0,0,0,0,0,0,0,0,0,0,0,0,0,0,0,0,0,0,0,0
202002,29,071,2,4,Franklin County               ,27,27,10556699,1,2,290559,0,0,0,0,0,0,27,27,10556699,1,2,290559,0,0,0,0,0,0
202002,29,095,2,4,Jackson County                ,163,163,40569889,4,8,515398,1,4,771184,26,427,34538518,158,158,39373257,4,8,515398,1,4,771184,26,427,34538518
202002,29,099,2,4,Jefferson County              ,54,54,14597224,0,0,0,0,0,0,0,0,0,52,52,14388909,0,0,0,0,0,0,0,0,0
202002,29,105,2,4,Laclede County                ,3,3,390650,0,0,0,0,0,0,0,0,0,3,3,390650,0,0,0,0,0,0,0,0,0
202002,29,107,2,4,Lafayette County              ,5,5,1287929,0,0,0,0,0,0,0,0,0,5,5,1287929,0,0,0,0,0,0,0,0,0
202002,29,113,2,4,Lincoln County                ,10,10,1485353,0,0,0,0,0,0,0,0,0,10,10,1485353,0,0,0,0,0,0,0,0,0
202002,29,165,2,4,Platte County                 ,14,14,4434230,0,0,0,0,0,0,0,0,0,7,7,2014794,0,0,0,0,0,0,0,0,0
202002,29,185,2,4,St. Clair County              ,0,0,0,0,0,0,0,0,0,0,0,0,0,0,0,0,0,0,0,0,0,0,0,0
202002,29,189,2,4,St. Louis County              ,53,53,21116883,0,0,0,0,0,0,1,5,645353,20,20,8384403,0,0,0,0,0,0,0,0,0
202002,29,219,2,4,Warren County                 ,27,27,6420873,0,0,0,0,0,0,0,0,0,27,27,6420873,0,0,0,0,0,0,0,0,0
202002,29,221,2,4,Washington County             ,0,0,0,0,0,0,0,0,0,0,0,0,0,0,0,0,0,0,0,0,0,0,0,0
202002,29,510,2,4,St. Louis (Independent City)  ,11,11,2106069,0,0,0,0,0,0,1,22,1378340,0,0,0,0,0,0,0,0,0,0,0,0
202002,30,013,4,8,Cascade County                ,10,10,1609124,0,0,0,0,0,0,0,0,0,10,10,1609124,0,0,0,0,0,0,0,0,0
202002,30,033,4,8,Garfield County               ,0,0,0,0,0,0,0,0,0,0,0,0,0,0,0,0,0,0,0,0,0,0,0,0
202002,30,063,4,8,Missoula County               ,26,26,6408874,1,2,178688,0,0,0,0,0,0,26,26,6408874,1,2,178688,0,0,0,0,0,0
202002,30,093,4,8,Silver Bow County             ,0,0,0,0,0,0,0,0,0,0,0,0,0,0,0,0,0,0,0,0,0,0,0,0
202002,31,001,2,4,Adams County                  ,4,4,848258,0,0,0,0,0,0,0,0,0,4,4,848258,0,0,0,0,0,0,0,0,0
202002,31,025,2,4,Cass County                   ,9,9,1368491,0,0,0,0,0,0,0,0,0,4,4,508033,0,0,0,0,0,0,0,0,0
202002,31,033,2,4,Cheyenne County               ,0,0,0,0,0,0,0,0,0,0,0,0,0,0,0,0,0,0,0,0,0,0,0,0
202002,31,055,2,4,Douglas County                ,114,114,15398280,0,0,0,0,0,0,1,30,2290970,109,109,14162348,0,0,0,0,0,0,1,30,2290970
202002,31,105,2,4,Kimball County                ,0,0,0,0,0,0,0,0,0,0,0,0,0,0,0,0,0,0,0,0,0,0,0,0
202002,31,153,2,4,Sarpy County                  ,67,67,18336637,0,0,0,0,0,0,3,72,3892353,38,38,11181075,0,0,0,0,0,0,3,72,3892353
202002,31,165,2,4,Sioux County                  ,0,0,0,0,0,0,0,0,0,0,0,0,0,0,0,0,0,0,0,0,0,0,0,0
202002,31,177,2,4,Washington County             ,3,3,945926,0,0,0,0,0,0,0,0,0,3,3,945926,0,0,0,0,0,0,0,0,0
202002,32,001,4,8,Churchill County              ,10,10,2176675,0,0,0,0,0,0,0,0,0,10,10,2176675,0,0,0,0,0,0,0,0,0
202002,32,003,4,8,Clark County                  ,882,882,244679729,14,28,1895312,26,80,6732075,31,400,29312002,882,882,244679729,14,28,1895312,26,80,6732075,31,400,29312002
202002,32,005,4,8,Douglas County                ,20,20,7377668,0,0,0,0,0,0,0,0,0,20,20,7377668,0,0,0,0,0,0,0,0,0
202002,32,007,4,8,Elko County                   ,5,5,977634,0,0,0,0,0,0,0,0,0,5,5,977634,0,0,0,0,0,0,0,0,0
202002,32,013,4,8,Humboldt County               ,1,1,139394,0,0,0,0,0,0,0,0,0,0,0,0,0,0,0,0,0,0,0,0,0
202002,32,015,4,8,Lander County                 ,1,1,159752,0,0,0,0,0,0,0,0,0,1,1,159752,0,0,0,0,0,0,0,0,0
202002,32,017,4,8,Lincoln County                ,1,1,285178,0,0,0,0,0,0,0,0,0,0,0,0,0,0,0,0,0,0,0,0,0
202002,32,019,4,8,Lyon County                   ,19,19,3949192,0,0,0,0,0,0,0,0,0,12,12,2118694,0,0,0,0,0,0,0,0,0
202002,32,021,4,8,Mineral County                ,0,0,0,0,0,0,0,0,0,0,0,0,0,0,0,0,0,0,0,0,0,0,0,0
202002,32,027,4,8,Pershing County               ,0,0,0,0,0,0,0,0,0,0,0,0,0,0,0,0,0,0,0,0,0,0,0,0
202002,32,029,4,8,Storey County                 ,0,0,0,0,0,0,0,0,0,0,0,0,0,0,0,0,0,0,0,0,0,0,0,0
202002,32,031,4,8,Washoe County                 ,211,211,56068010,1,2,230714,1,3,324903,8,113,12471692,43,43,9464225,0,0,0,0,0,0,0,0,0
202002,32,033,4,8,White Pine County             ,0,0,0,0,0,0,0,0,0,0,0,0,0,0,0,0,0,0,0,0,0,0,0,0
202002,32,510,4,8,Carson City (Independent City),16,16,4170795,0,0,0,0,0,0,1,8,798757,0,0,0,0,0,0,0,0,0,0,0,0
202002,33,015,1,1,Rockingham County             ,53,53,15242668,5,10,1664542,0,0,0,3,55,13813422,36,36,10623980,2,4,850000,0,0,0,2,50,13415000
202002,33,017,1,1,Strafford County              ,26,26,2969506,0,0,0,0,0,0,1,8,803720,5,5,1232500,0,0,0,0,0,0,0,0,0
202002,34,001,1,2,Atlantic County               ,41,41,7610485,0,0,0,0,0,0,1,13,1726908,39,39,6954746,0,0,0,0,0,0,0,0,0
202002,34,003,1,2,Bergen County                 ,90,90,18590621,16,32,2187460,0,0,0,10,72,5378371,58,58,10265904,12,24,867950,0,0,0,2,10,70500
202002,34,005,1,2,Burlington County             ,64,64,8250527,0,0,0,0,0,0,4,27,2377269,41,41,5492850,0,0,0,0,0,0,0,0,0
202002,34,007,1,2,Camden County                 ,63,63,4615082,1,2,70250,0,0,0,3,23,1235132,58,58,3266798,1,2,70250,0,0,0,1,5,500
202002,34,009,1,2,Cape May County               ,37,37,13947627,3,6,791233,1,3,20000,0,0,0,36,36,13804269,2,4,601314,0,0,0,0,0,0
202002,34,011,1,2,Cumberland County             ,47,47,1183023,0,0,0,0,0,0,0,0,0,45,45,968408,0,0,0,0,0,0,0,0,0
202002,34,013,1,2,Essex County                  ,28,28,5079098,15,30,2753051,0,0,0,5,35,2591189,20,20,4164109,14,28,2735051,0,0,0,1,5,266770
202002,34,015,1,2,Gloucester County             ,44,44,5476596,0,0,0,0,0,0,1,5,590971,33,33,4188047,0,0,0,0,0,0,0,0,0
202002,34,017,1,2,Hudson County                 ,9,9,1329436,2,4,548820,6,20,71536051,4,54,4828429,8,8,1325436,1,2,314000,5,17,71186051,3,34,636250
202002,34,019,1,2,Hunterdon County              ,20,20,2321257,0,0,0,0,0,0,1,5,323109,19,19,2170470,0,0,0,0,0,0,0,0,0
202002,34,021,1,2,Mercer County                 ,25,25,2691000,0,0,0,0,0,0,2,12,24693,22,22,1986881,0,0,0,0,0,0,0,0,0
202002,34,023,1,2,Middlesex County              ,64,64,12587899,3,6,298400,0,0,0,7,74,5451927,52,52,10424324,3,6,298400,0,0,0,4,57,3896785
202002,34,025,1,2,Monmouth County               ,94,94,20936449,0,0,0,0,0,0,1,5,650766,74,74,14033641,0,0,0,0,0,0,0,0,0
202002,34,027,1,2,Morris County                 ,96,96,12105207,0,0,0,0,0,0,3,76,3068009,76,76,7030316,0,0,0,0,0,0,2,61,1436000
202002,34,029,1,2,Ocean County                  ,239,239,29128944,7,14,57202,0,0,0,0,0,0,216,216,26976523,7,14,57202,0,0,0,0,0,0
202002,34,031,1,2,Passaic County                ,4,4,917658,1,2,97232,0,0,0,3,24,1643908,0,0,0,0,0,0,0,0,0,1,7,665000
202002,34,033,1,2,Salem County                  ,1,1,169083,0,0,0,0,0,0,0,0,0,0,0,0,0,0,0,0,0,0,0,0,0
202002,34,035,1,2,Somerset County               ,26,26,5306882,0,0,0,0,0,0,2,38,1819958,18,18,4227100,0,0,0,0,0,0,0,0,0
202002,34,037,1,2,Sussex County                 ,24,24,2828550,0,0,0,0,0,0,0,0,0,22,22,2282715,0,0,0,0,0,0,0,0,0
202002,34,039,1,2,Union County                  ,17,17,3802705,12,24,1662050,0,0,0,7,96,6823395,8,8,2547900,11,22,1491550,0,0,0,2,16,2064245
202002,34,041,1,2,Warren County                 ,17,17,1464914,0,0,0,0,0,0,1,5,86000,12,12,628494,0,0,0,0,0,0,1,5,86000
202002,35,000,4,8,New Mexico Balance of State   ,23,23,6233988,0,0,0,0,0,0,0,0,0,0,0,0,0,0,0,0,0,0,0,0,0
202002,35,001,4,8,Bernalillo County             ,120,120,28489671,0,0,0,0,0,0,0,0,0,21,21,8719967,0,0,0,0,0,0,0,0,0
202002,35,005,4,8,Chaves County                 ,2,2,245721,0,0,0,0,0,0,0,0,0,1,1,99500,0,0,0,0,0,0,0,0,0
202002,35,009,4,8,Curry County                  ,3,3,755502,0,0,0,0,0,0,1,5,460938,0,0,0,0,0,0,0,0,0,0,0,0
202002,35,013,4,8,Dona Ana County               ,63,63,15887663,1,2,256944,0,0,0,0,0,0,63,63,15887663,1,2,256944,0,0,0,0,0,0
202002,35,015,4,8,Eddy County                   ,12,12,2933058,0,0,0,0,0,0,1,7,528302,4,4,1371900,0,0,0,0,0,0,0,0,0
202002,35,017,4,8,Grant County                  ,0,0,0,0,0,0,0,0,0,0,0,0,0,0,0,0,0,0,0,0,0,0,0,0
202002,35,025,4,8,Lea County                    ,10,10,2116236,0,0,0,0,0,0,0,0,0,0,0,0,0,0,0,0,0,0,0,0,0
202002,35,027,4,8,Lincoln County                ,9,9,3741850,0,0,0,0,0,0,0,0,0,9,9,3741850,0,0,0,0,0,0,0,0,0
202002,35,028,4,8,Los Alamos County             ,0,0,0,0,0,0,0,0,0,0,0,0,0,0,0,0,0,0,0,0,0,0,0,0
202002,35,029,4,8,Luna County                   ,1,1,282835,0,0,0,0,0,0,0,0,0,1,1,282835,0,0,0,0,0,0,0,0,0
202002,35,031,4,8,McKinley County               ,0,0,0,0,0,0,0,0,0,0,0,0,0,0,0,0,0,0,0,0,0,0,0,0
202002,35,035,4,8,Otero County                  ,0,0,0,0,0,0,0,0,0,0,0,0,0,0,0,0,0,0,0,0,0,0,0,0
202002,35,041,4,8,Roosevelt County              ,1,1,153907,0,0,0,0,0,0,0,0,0,0,0,0,0,0,0,0,0,0,0,0,0
202002,35,043,4,8,Sandoval County               ,61,61,13645048,0,0,0,0,0,0,1,5,208333,0,0,0,0,0,0,0,0,0,0,0,0
202002,35,045,4,8,San Juan County               ,2,2,448306,0,0,0,0,0,0,0,0,0,2,2,448306,0,0,0,0,0,0,0,0,0
202002,35,047,4,8,San Miguel County             ,0,0,0,0,0,0,0,0,0,0,0,0,0,0,0,0,0,0,0,0,0,0,0,0
202002,35,049,4,8,Santa Fe County               ,29,29,7060848,0,0,0,0,0,0,0,0,0,29,29,7060848,0,0,0,0,0,0,0,0,0
202002,35,051,4,8,Sierra County                 ,0,0,0,0,0,0,0,0,0,0,0,0,0,0,0,0,0,0,0,0,0,0,0,0
202002,35,055,4,8,Taos County                   ,1,1,238639,0,0,0,0,0,0,0,0,0,0,0,0,0,0,0,0,0,0,0,0,0
202002,35,061,4,8,Valencia County               ,18,18,2705690,0,0,0,0,0,0,0,0,0,18,18,2705690,0,0,0,0,0,0,0,0,0
202002,36,001,1,2,Albany County                 ,13,13,3099549,0,0,0,1,3,450000,2,10,1311170,4,4,914387,0,0,0,0,0,0,0,0,0
202002,36,005,1,2,Bronx County                  ,0,0,0,1,2,300657,3,9,1197432,4,110,14191683,0,0,0,1,2,300657,3,9,1197432,4,110,14191683
202002,36,029,1,2,Erie County                   ,57,57,18443114,0,0,0,1,4,951600,1,12,2692318,41,41,11931848,0,0,0,1,4,951600,0,0,0
202002,36,047,1,2,Kings County                  ,9,9,2361678,2,4,601314,1,3,399144,15,515,66442878,9,9,2361678,2,4,601314,1,3,399144,15,515,66442878
202002,36,051,1,2,Livingston County             ,4,4,903115,0,0,0,0,0,0,1,5,312500,2,2,580000,0,0,0,0,0,0,0,0,0
202002,36,055,1,2,Monroe County                 ,42,42,11405879,0,0,0,2,8,840000,1,22,1423914,36,36,10705020,0,0,0,2,8,840000,0,0,0
202002,36,059,1,2,Nassau County                 ,56,56,21813060,1,2,275000,0,0,0,0,0,0,20,20,11267069,0,0,0,0,0,0,0,0,0
202002,36,061,1,2,New York County               ,0,0,0,1,2,300657,0,0,0,7,311,40123757,0,0,0,1,2,300657,0,0,0,7,311,40123757
202002,36,063,1,2,Niagara County                ,4,4,1189425,1,2,100000,0,0,0,0,0,0,4,4,1189425,0,0,0,0,0,0,0,0,0
202002,36,069,1,2,Ontario County                ,15,15,3530835,0,0,0,0,0,0,0,0,0,11,11,2666733,0,0,0,0,0,0,0,0,0
202002,36,073,1,2,Orleans County                ,1,1,245000,0,0,0,0,0,0,0,0,0,1,1,245000,0,0,0,0,0,0,0,0,0
202002,36,079,1,2,Putnam County                 ,1,1,200000,0,0,0,0,0,0,0,0,0,1,1,200000,0,0,0,0,0,0,0,0,0
202002,36,081,1,2,Queens County                 ,4,4,1049635,9,18,2705915,6,18,2394864,9,165,21287524,4,4,1049635,9,18,2705915,6,18,2394864,9,165,21287524
202002,36,083,1,2,Rensselaer County             ,4,4,803333,0,0,0,0,0,0,1,5,764423,2,2,203500,0,0,0,0,0,0,0,0,0
202002,36,085,1,2,Richmond County               ,10,10,2624087,10,20,3006572,0,0,0,0,0,0,10,10,2624087,10,20,3006572,0,0,0,0,0,0
202002,36,087,1,2,Rockland County               ,4,4,1499903,1,2,358750,0,0,0,7,132,17030019,2,2,947000,0,0,0,0,0,0,7,132,17030019
202002,36,091,1,2,Saratoga County               ,49,49,14188327,0,0,0,0,0,0,1,5,194039,40,40,11270174,0,0,0,0,0,0,0,0,0
202002,36,093,1,2,Schenectady County            ,3,3,896250,0,0,0,0,0,0,0,0,0,2,2,615000,0,0,0,0,0,0,0,0,0
202002,36,095,1,2,Schoharie County              ,2,2,387838,0,0,0,0,0,0,0,0,0,1,1,120000,0,0,0,0,0,0,0,0,0
202002,36,099,1,2,Seneca County                 ,2,2,470000,0,0,0,0,0,0,0,0,0,2,2,470000,0,0,0,0,0,0,0,0,0
202002,36,103,1,2,Suffolk County                ,44,44,41155980,0,0,0,1,3,560670,1,5,567162,40,40,39600652,0,0,0,1,3,560670,0,0,0
202002,36,117,1,2,Wayne County                  ,7,7,1464788,0,0,0,0,0,0,0,0,0,4,4,848000,0,0,0,0,0,0,0,0,0
202002,36,119,1,2,Westchester County            ,28,28,14284977,1,2,247500,0,0,0,3,124,26570919,24,24,12804500,0,0,0,0,0,0,2,89,23117595
202002,37,007,3,5,Anson County                  ,4,4,599460,0,0,0,0,0,0,0,0,0,0,0,0,0,0,0,0,0,0,0,0,0
202002,37,011,3,5,Avery County                  ,8,8,3656971,0,0,0,0,0,0,0,0,0,8,8,3656971,0,0,0,0,0,0,0,0,0
202002,37,015,3,5,Bertie County                 ,1,1,260000,0,0,0,0,0,0,0,0,0,1,1,260000,0,0,0,0,0,0,0,0,0
202002,37,025,3,5,Cabarrus County               ,162,162,25814148,0,0,0,0,0,0,0,0,0,162,162,25814148,0,0,0,0,0,0,0,0,0
202002,37,033,3,5,Caswell County                ,1,1,350000,0,0,0,0,0,0,0,0,0,1,1,350000,0,0,0,0,0,0,0,0,0
202002,37,037,3,5,Chatham County                ,31,31,14481839,0,0,0,0,0,0,0,0,0,31,31,14481839,0,0,0,0,0,0,0,0,0
202002,37,051,3,5,Cumberland County             ,38,38,7292649,0,0,0,0,0,0,3,66,12000000,38,38,7292649,0,0,0,0,0,0,3,66,12000000
202002,37,053,3,5,Currituck County              ,38,38,9391368,0,0,0,0,0,0,0,0,0,0,0,0,0,0,0,0,0,0,0,0,0
202002,37,059,3,5,Davie County                  ,14,14,2948338,0,0,0,0,0,0,1,19,749259,0,0,0,0,0,0,0,0,0,0,0,0
202002,37,063,3,5,Durham County                 ,181,181,34621645,1,2,169897,0,0,0,3,86,6978553,0,0,0,0,0,0,0,0,0,0,0,0
202002,37,069,3,5,Franklin County               ,18,18,4274221,0,0,0,0,0,0,0,0,0,18,18,4274221,0,0,0,0,0,0,0,0,0
202002,37,071,3,5,Gaston County                 ,101,101,32315834,1,2,256304,0,0,0,0,0,0,101,101,32315834,1,2,256304,0,0,0,0,0,0
202002,37,077,3,5,Granville County              ,25,25,4525914,0,0,0,0,0,0,0,0,0,25,25,4525914,0,0,0,0,0,0,0,0,0
202002,37,081,3,5,Guilford County               ,108,108,27335666,0,0,0,0,0,0,2,152,18104347,108,108,27335666,0,0,0,0,0,0,2,152,18104347
202002,37,089,3,5,Henderson County              ,37,37,7487220,0,0,0,0,0,0,0,0,0,37,37,7487220,0,0,0,0,0,0,0,0,0
202002,37,093,3,5,Hoke County                   ,33,33,7836071,0,0,0,0,0,0,0,0,0,33,33,7836071,0,0,0,0,0,0,0,0,0
202002,37,097,3,5,Iredell County                ,129,129,33821844,0,0,0,0,0,0,0,0,0,129,129,33821844,0,0,0,0,0,0,0,0,0
202002,37,101,3,5,Johnston County               ,261,261,43667674,0,0,0,0,0,0,0,0,0,200,200,35393259,0,0,0,0,0,0,0,0,0
202002,37,119,3,5,Mecklenburg County            ,575,575,136537604,0,0,0,0,0,0,13,474,46550861,575,575,136537604,0,0,0,0,0,0,13,474,46550861
202002,37,133,3,5,Onslow County                 ,88,88,14483271,0,0,0,1,4,320000,0,0,0,88,88,14483271,0,0,0,1,4,320000,0,0,0
202002,37,135,3,5,Orange County                 ,28,28,7487266,0,0,0,0,0,0,0,0,0,28,28,7487266,0,0,0,0,0,0,0,0,0
202002,37,145,3,5,Person County                 ,11,11,3277400,0,0,0,0,0,0,0,0,0,11,11,3277400,0,0,0,0,0,0,0,0,0
202002,37,151,3,5,Randolph County               ,34,34,6718652,0,0,0,0,0,0,0,0,0,34,34,6718652,0,0,0,0,0,0,0,0,0
202002,37,157,3,5,Rockingham County             ,17,17,3924372,0,0,0,1,3,311174,0,0,0,0,0,0,0,0,0,0,0,0,0,0,0
202002,37,179,3,5,Union County                  ,166,166,37966212,0,0,0,0,0,0,0,0,0,166,166,37966212,0,0,0,0,0,0,0,0,0
202002,37,181,3,5,Vance County                  ,15,15,1754655,0,0,0,0,0,0,0,0,0,15,15,1754655,0,0,0,0,0,0,0,0,0
202002,37,183,3,5,Wake County                   ,678,678,173338211,1,2,150000,0,0,0,2,176,24986570,678,678,173338211,1,2,150000,0,0,0,2,176,24986570
202002,37,195,3,5,Wilson County                 ,16,16,2815181,3,6,180000,0,0,0,0,0,0,16,16,2815181,3,6,180000,0,0,0,0,0,0
202002,39,007,2,3,Ashtabula County              ,4,4,560000,0,0,0,0,0,0,0,0,0,4,4,560000,0,0,0,0,0,0,0,0,0
202002,39,015,2,3,Brown County                  ,6,6,1624393,0,0,0,0,0,0,0,0,0,6,6,1624393,0,0,0,0,0,0,0,0,0
202002,39,017,2,3,Butler County                 ,49,49,10238659,1,2,440000,0,0,0,0,0,0,40,40,8746967,1,2,440000,0,0,0,0,0,0
202002,39,025,2,3,Clermont County               ,45,45,11072191,1,2,162547,0,0,0,0,0,0,45,45,11072191,1,2,162547,0,0,0,0,0,0
202002,39,041,2,3,Delaware County               ,99,99,25506962,0,0,0,0,0,0,1,24,929145,83,83,22688913,0,0,0,0,0,0,1,24,929145
202002,39,049,2,3,Franklin County               ,121,121,40676332,2,4,800000,0,0,0,16,482,81481829,120,120,39428114,2,4,800000,0,0,0,16,482,81481829
202002,39,055,2,3,Geauga County                 ,6,6,1631304,0,0,0,0,0,0,0,0,0,6,6,1631304,0,0,0,0,0,0,0,0,0
202002,39,085,2,3,Lake County                   ,50,50,10403732,0,0,0,0,0,0,0,0,0,50,50,10403732,0,0,0,0,0,0,0,0,0
202002,39,089,2,3,Licking County                ,12,12,3118054,0,0,0,0,0,0,0,0,0,12,12,3118054,0,0,0,0,0,0,0,0,0
202002,39,093,2,3,Lorain County                 ,82,82,23140576,0,0,0,1,3,450000,0,0,0,77,77,22141701,0,0,0,1,3,450000,0,0,0
202002,39,097,2,3,Madison County                ,15,15,3565144,0,0,0,0,0,0,0,0,0,14,14,3301464,0,0,0,0,0,0,0,0,0
202002,39,103,2,3,Medina County                 ,27,27,7434598,0,0,0,0,0,0,0,0,0,27,27,7434598,0,0,0,0,0,0,0,0,0
202002,39,117,2,3,Morrow County                 ,1,1,270732,0,0,0,0,0,0,0,0,0,1,1,270732,0,0,0,0,0,0,0,0,0
202002,39,159,2,3,Union County                  ,16,16,4331715,0,0,0,0,0,0,0,0,0,16,16,4331715,0,0,0,0,0,0,0,0,0
202002,39,165,2,3,Warren County                 ,121,121,31420941,0,0,0,0,0,0,1,10,950000,109,109,27848884,0,0,0,0,0,0,1,10,950000
202002,40,001,3,7,Adair County                  ,0,0,0,1,2,300000,0,0,0,0,0,0,0,0,0,1,2,300000,0,0,0,0,0,0
202002,40,017,3,7,Canadian County               ,33,33,7869800,0,0,0,0,0,0,0,0,0,33,33,7869800,0,0,0,0,0,0,0,0,0
202002,40,021,3,7,Cherokee County               ,5,5,656191,0,0,0,0,0,0,1,5,244048,0,0,0,0,0,0,0,0,0,0,0,0
202002,40,027,3,7,Cleveland County              ,60,60,15318440,1,2,390444,0,0,0,0,0,0,25,25,5335700,0,0,0,0,0,0,0,0,0
202002,40,029,3,7,Coal County                   ,0,0,0,0,0,0,0,0,0,0,0,0,0,0,0,0,0,0,0,0,0,0,0,0
202002,40,037,3,7,Creek County                  ,10,10,1900089,0,0,0,0,0,0,1,12,923077,5,5,787457,0,0,0,0,0,0,0,0,0
202002,40,051,3,7,Grady County                  ,7,7,1083000,0,0,0,0,0,0,0,0,0,7,7,1083000,0,0,0,0,0,0,0,0,0
202002,40,055,3,7,Greer County                  ,0,0,0,0,0,0,0,0,0,0,0,0,0,0,0,0,0,0,0,0,0,0,0,0
202002,40,081,3,7,Lincoln County                ,1,1,237457,0,0,0,0,0,0,0,0,0,1,1,237457,0,0,0,0,0,0,0,0,0
202002,40,083,3,7,Logan County                  ,2,2,260000,0,0,0,0,0,0,0,0,0,2,2,260000,0,0,0,0,0,0,0,0,0
202002,40,087,3,7,McClain County                ,31,31,6368037,0,0,0,0,0,0,0,0,0,23,23,4622750,0,0,0,0,0,0,0,0,0
202002,40,109,3,7,Oklahoma County               ,348,348,80815635,13,26,2755712,1,3,337941,0,0,0,68,68,23634720,9,18,1992800,0,0,0,0,0,0
202002,40,111,3,7,Okmulgee County               ,1,1,180000,0,0,0,0,0,0,0,0,0,1,1,180000,0,0,0,0,0,0,0,0,0
202002,40,113,3,7,Osage County                  ,4,4,1339965,0,0,0,0,0,0,0,0,0,4,4,1339965,0,0,0,0,0,0,0,0,0
202002,40,117,3,7,Pawnee County                 ,1,1,325000,0,0,0,0,0,0,0,0,0,1,1,325000,0,0,0,0,0,0,0,0,0
202002,40,131,3,7,Rogers County                 ,52,52,8590718,3,6,415000,0,0,0,0,0,0,51,51,8390218,3,6,415000,0,0,0,0,0,0
202002,40,143,3,7,Tulsa County                  ,197,197,46147994,0,0,0,0,0,0,0,0,0,197,197,46147994,0,0,0,0,0,0,0,0,0
202002,40,145,3,7,Wagoner County                ,48,48,8366447,0,0,0,0,0,0,0,0,0,48,48,8366447,0,0,0,0,0,0,0,0,0
202002,41,000,4,9,Oregon Balance of State       ,25,25,2601000,0,0,0,0,0,0,0,0,0,25,25,2601000,0,0,0,0,0,0,0,0,0
202002,41,005,4,9,Clackamas County              ,112,112,36384351,0,0,0,0,0,0,1,6,872502,100,100,30310950,0,0,0,0,0,0,0,0,0
202002,41,017,4,9,Deschutes County              ,119,119,28427122,11,22,2765218,0,0,0,0,0,0,119,119,28427122,11,22,2765218,0,0,0,0,0,0
202002,41,019,4,9,Douglas County                ,9,9,2483035,0,0,0,0,0,0,0,0,0,9,9,2483035,0,0,0,0,0,0,0,0,0
202002,41,025,4,9,Harney County                 ,0,0,0,0,0,0,0,0,0,0,0,0,0,0,0,0,0,0,0,0,0,0,0,0
202002,41,035,4,9,Klamath County                ,6,6,1410521,0,0,0,0,0,0,0,0,0,6,6,1410521,0,0,0,0,0,0,0,0,0
202002,41,051,4,9,Multnomah County              ,67,67,18371378,5,10,943689,0,0,0,1,12,1855917,67,67,18371378,5,10,943689,0,0,0,1,12,1855917
202002,41,065,4,9,Wasco County                  ,0,0,0,0,0,0,0,0,0,0,0,0,0,0,0,0,0,0,0,0,0,0,0,0
202002,41,067,4,9,Washington County             ,163,163,47653734,0,0,0,0,0,0,0,0,0,163,163,47653734,0,0,0,0,0,0,0,0,0
202002,41,071,4,9,Yamhill County                ,14,14,4127991,0,0,0,0,0,0,0,0,0,14,14,4127991,0,0,0,0,0,0,0,0,0
202002,42,001,1,2,Adams County                  ,8,8,2908547,0,0,0,0,0,0,0,0,0,8,8,2908547,0,0,0,0,0,0,0,0,0
202002,42,017,1,2,Bucks County                  ,38,38,10455457,0,0,0,0,0,0,0,0,0,18,18,5140684,0,0,0,0,0,0,0,0,0
202002,42,029,1,2,Chester County                ,115,115,27692667,0,0,0,1,4,700000,1,6,832200,97,97,23562356,0,0,0,1,4,700000,1,6,832200
202002,42,037,1,2,Columbia County               ,2,2,334844,0,0,0,0,0,0,1,5,658911,0,0,0,0,0,0,0,0,0,0,0,0
202002,42,041,1,2,Cumberland County             ,65,65,12690197,1,2,305373,0,0,0,1,17,2243440,52,52,10015547,1,2,305373,0,0,0,0,0,0
202002,42,043,1,2,Dauphin County                ,40,40,7799270,0,0,0,0,0,0,2,11,1436176,30,30,5898151,0,0,0,0,0,0,1,6,760500
202002,42,045,1,2,Delaware County               ,15,15,3122168,0,0,0,0,0,0,0,0,0,1,1,70000,0,0,0,0,0,0,0,0,0
202002,42,055,1,2,Franklin County               ,26,26,5991511,0,0,0,0,0,0,0,0,0,21,21,4661409,0,0,0,0,0,0,0,0,0
202002,42,091,1,2,Montgomery County             ,69,69,14544951,0,0,0,1,4,430000,2,64,11872372,56,56,11789591,0,0,0,1,4,430000,0,0,0
202002,42,093,1,2,Montour County                ,4,4,1204153,0,0,0,0,0,0,0,0,0,3,3,961000,0,0,0,0,0,0,0,0,0
202002,42,099,1,2,Perry County                  ,6,6,1567809,0,0,0,0,0,0,0,0,0,0,0,0,0,0,0,0,0,0,0,0,0
202002,42,101,1,2,Philadelphia County           ,36,36,9446713,12,24,3525367,8,27,3011200,5,216,8063800,36,36,9446713,12,24,3525367,8,27,3011200,5,216,8063800
202002,42,103,1,2,Pike County                   ,4,4,1550000,0,0,0,0,0,0,0,0,0,4,4,1550000,0,0,0,0,0,0,0,0,0
202002,44,001,1,1,Bristol County                ,3,3,1190900,0,0,0,0,0,0,0,0,0,3,3,1190900,0,0,0,0,0,0,0,0,0
202002,44,003,1,1,Kent County                   ,12,12,1340647,0,0,0,0,0,0,0,0,0,7,7,392540,0,0,0,0,0,0,0,0,0
202002,44,005,1,1,Newport County                ,13,13,2386380,0,0,0,0,0,0,0,0,0,11,11,1915000,0,0,0,0,0,0,0,0,0
202002,44,007,1,1,Providence County             ,27,27,4676267,1,2,160000,0,0,0,0,0,0,23,23,4087195,1,2,160000,0,0,0,0,0,0
202002,44,009,1,1,Washington County             ,30,30,10844256,1,2,398182,0,0,0,0,0,0,20,20,8905023,0,0,0,0,0,0,0,0,0
202002,45,003,3,5,Aiken County                  ,69,69,15324887,0,0,0,0,0,0,0,0,0,69,69,15324887,0,0,0,0,0,0,0,0,0
202002,45,009,3,5,Bamberg County                ,2,2,369000,0,0,0,0,0,0,0,0,0,2,2,369000,0,0,0,0,0,0,0,0,0
202002,45,015,3,5,Berkeley County               ,140,140,40551487,0,0,0,0,0,0,1,25,589802,105,105,32994244,0,0,0,0,0,0,0,0,0
202002,45,017,3,5,Calhoun County                ,0,0,0,0,0,0,0,0,0,0,0,0,0,0,0,0,0,0,0,0,0,0,0,0
202002,45,019,3,5,Charleston County             ,219,219,63629916,0,0,0,0,0,0,3,97,6450318,5,5,2268590,0,0,0,0,0,0,0,0,0
202002,45,035,3,5,Dorchester County             ,85,85,25386801,0,0,0,0,0,0,0,0,0,85,85,25386801,0,0,0,0,0,0,0,0,0
202002,45,037,3,5,Edgefield County              ,9,9,1633100,0,0,0,0,0,0,0,0,0,9,9,1633100,0,0,0,0,0,0,0,0,0
202002,45,039,3,5,Fairfield County              ,4,4,904984,0,0,0,0,0,0,0,0,0,0,0,0,0,0,0,0,0,0,0,0,0
202002,45,045,3,5,Greenville County             ,287,287,74721478,0,0,0,0,0,0,0,0,0,286,286,74456181,0,0,0,0,0,0,0,0,0
202002,45,051,3,5,Horry County                  ,404,404,70680506,1,2,568480,0,0,0,2,54,4619967,339,339,58189552,0,0,0,0,0,0,2,54,4619967
202002,45,055,3,5,Kershaw County                ,20,20,2914650,0,0,0,0,0,0,0,0,0,20,20,2914650,0,0,0,0,0,0,0,0,0
202002,45,059,3,5,Laurens County                ,11,11,1302442,0,0,0,0,0,0,0,0,0,9,9,1161414,0,0,0,0,0,0,0,0,0
202002,45,063,3,5,Lexington County              ,171,171,43872157,0,0,0,0,0,0,0,0,0,28,28,7184678,0,0,0,0,0,0,0,0,0
202002,45,077,3,5,Pickens County                ,47,47,13115108,0,0,0,0,0,0,0,0,0,24,24,9693354,0,0,0,0,0,0,0,0,0
202002,45,079,3,5,Richland County               ,120,120,24307721,0,0,0,0,0,0,0,0,0,104,104,20522647,0,0,0,0,0,0,0,0,0
202002,45,081,3,5,Saluda County                 ,3,3,638041,0,0,0,0,0,0,0,0,0,0,0,0,0,0,0,0,0,0,0,0,0
202002,45,085,3,5,Sumter County                 ,38,38,5008353,0,0,0,0,0,0,0,0,0,38,38,5008353,0,0,0,0,0,0,0,0,0
202002,45,091,3,5,York County                   ,186,186,66937214,0,0,0,0,0,0,2,16,2255103,93,93,34452243,0,0,0,0,0,0,0,0,0
202002,46,007,2,4,Bennett County                ,0,0,0,0,0,0,0,0,0,0,0,0,0,0,0,0,0,0,0,0,0,0,0,0
202002,46,055,2,4,Haakon County                 ,0,0,0,0,0,0,0,0,0,0,0,0,0,0,0,0,0,0,0,0,0,0,0,0
202002,46,071,2,4,Jackson County                ,0,0,0,0,0,0,0,0,0,0,0,0,0,0,0,0,0,0,0,0,0,0,0,0
202002,46,111,2,4,Sanborn County                ,0,0,0,0,0,0,0,0,0,0,0,0,0,0,0,0,0,0,0,0,0,0,0,0
202002,47,001,3,6,Anderson County               ,11,11,1657656,0,0,0,0,0,0,0,0,0,6,6,1061570,0,0,0,0,0,0,0,0,0
202002,47,015,3,6,Cannon County                 ,1,1,33100,0,0,0,0,0,0,0,0,0,1,1,33100,0,0,0,0,0,0,0,0,0
202002,47,021,3,6,Cheatham County               ,10,10,2104457,0,0,0,0,0,0,0,0,0,10,10,2104457,0,0,0,0,0,0,0,0,0
202002,47,037,3,6,Davidson County               ,299,299,72459266,0,0,0,3,11,1476995,4,673,75540885,299,299,72459266,0,0,0,3,11,1476995,4,673,75540885
202002,47,043,3,6,Dickson County                ,33,33,5779239,0,0,0,0,0,0,0,0,0,32,32,5574468,0,0,0,0,0,0,0,0,0
202002,47,049,3,6,Fentress County               ,0,0,0,0,0,0,0,0,0,0,0,0,0,0,0,0,0,0,0,0,0,0,0,0
202002,47,081,3,6,Hickman County                ,6,6,1037953,0,0,0,0,0,0,0,0,0,0,0,0,0,0,0,0,0,0,0,0,0
202002,47,093,3,6,Knox County                   ,164,164,33746033,0,0,0,0,0,0,0,0,0,36,36,8690953,0,0,0,0,0,0,0,0,0
202002,47,105,3,6,Loudon County                 ,28,28,6950434,0,0,0,0,0,0,0,0,0,24,24,6207119,0,0,0,0,0,0,0,0,0
202002,47,125,3,6,Montgomery County             ,158,158,26947923,1,2,124167,3,11,625837,12,274,24875309,98,98,19719038,0,0,0,0,0,0,11,264,24257400
202002,47,139,3,6,Polk County                   ,17,17,3062109,0,0,0,0,0,0,0,0,0,0,0,0,0,0,0,0,0,0,0,0,0
202002,47,149,3,6,Rutherford County             ,237,237,58330322,0,0,0,1,4,467896,0,0,0,230,230,57090075,0,0,0,1,4,467896,0,0,0
202002,47,153,3,6,Sequatchie County             ,1,1,111200,0,0,0,0,0,0,0,0,0,0,0,0,0,0,0,0,0,0,0,0,0
202002,47,157,3,6,Shelby County                 ,78,78,18365253,0,0,0,1,4,750000,0,0,0,78,78,18365253,0,0,0,1,4,750000,0,0,0
202002,47,159,3,6,Smith County                  ,2,2,370116,0,0,0,0,0,0,0,0,0,1,1,237457,0,0,0,0,0,0,0,0,0
202002,47,161,3,6,Stewart County                ,0,0,0,0,0,0,0,0,0,0,0,0,0,0,0,0,0,0,0,0,0,0,0,0
202002,47,165,3,6,Sumner County                 ,95,95,25180833,0,0,0,0,0,0,0,0,0,95,95,25180833,0,0,0,0,0,0,0,0,0
202002,47,167,3,6,Tipton County                 ,17,17,3369271,0,0,0,0,0,0,0,0,0,9,9,2176520,0,0,0,0,0,0,0,0,0
202002,47,169,3,6,Trousdale County              ,4,4,723000,0,0,0,0,0,0,0,0,0,4,4,723000,0,0,0,0,0,0,0,0,0
202002,47,173,3,6,Union County                  ,1,1,280000,0,0,0,0,0,0,0,0,0,1,1,280000,0,0,0,0,0,0,0,0,0
202002,47,175,3,6,Van Buren County              ,0,0,0,0,0,0,0,0,0,0,0,0,0,0,0,0,0,0,0,0,0,0,0,0
202002,47,189,3,6,Wilson County                 ,96,96,26822382,0,0,0,0,0,0,0,0,0,96,96,26822382,0,0,0,0,0,0,0,0,0
202002,48,013,3,7,Atascosa County               ,3,3,650194,0,0,0,0,0,0,0,0,0,2,2,474914,0,0,0,0,0,0,0,0,0
202002,48,015,3,7,Austin County                 ,2,2,320407,0,0,0,0,0,0,0,0,0,0,0,0,0,0,0,0,0,0,0,0,0
202002,48,019,3,7,Bandera County                ,0,0,0,0,0,0,0,0,0,0,0,0,0,0,0,0,0,0,0,0,0,0,0,0
202002,48,021,3,7,Bastrop County                ,31,31,5989770,0,0,0,0,0,0,0,0,0,31,31,5989770,0,0,0,0,0,0,0,0,0
202002,48,025,3,7,Bee County                    ,0,0,0,1,2,150000,0,0,0,0,0,0,0,0,0,0,0,0,0,0,0,0,0,0
202002,48,027,3,7,Bell County                   ,173,173,30050269,5,10,935504,0,0,0,0,0,0,160,160,27394686,4,8,748579,0,0,0,0,0,0
202002,48,029,3,7,Bexar County                  ,398,398,88128520,0,0,0,1,4,537089,2,240,34090726,353,353,82448943,0,0,0,1,4,537089,2,240,34090726
202002,48,051,3,7,Burleson County               ,1,1,260000,0,0,0,0,0,0,0,0,0,1,1,260000,0,0,0,0,0,0,0,0,0
202002,48,055,3,7,Caldwell County               ,24,24,5046387,1,2,173138,0,0,0,1,12,1312644,1,1,204898,0,0,0,0,0,0,0,0,0
202002,48,085,3,7,Collin County                 ,1091,1091,270371803,15,30,5444880,0,0,0,1,54,5000000,941,941,231361700,15,30,5444880,0,0,0,1,54,5000000
202002,48,091,3,7,Comal County                  ,250,250,59277392,0,0,0,0,0,0,0,0,0,247,247,58651805,0,0,0,0,0,0,0,0,0
202002,48,099,3,7,Coryell County                ,20,20,3002011,8,16,1455628,0,0,0,0,0,0,3,3,614693,7,14,1310013,0,0,0,0,0,0
202002,48,107,3,7,Crosby County                 ,0,0,0,0,0,0,0,0,0,0,0,0,0,0,0,0,0,0,0,0,0,0,0,0
202002,48,113,3,7,Dallas County                 ,525,525,146434792,10,20,817000,1,4,665296,9,80,9413087,489,489,136209373,10,20,817000,1,4,665296,6,50,6791213
202002,48,119,3,7,Delta County                  ,0,0,0,0,0,0,0,0,0,0,0,0,0,0,0,0,0,0,0,0,0,0,0,0
202002,48,135,3,7,Ector County                  ,67,67,15909599,0,0,0,0,0,0,0,0,0,67,67,15909599,0,0,0,0,0,0,0,0,0
202002,48,139,3,7,Ellis County                  ,177,177,42547381,0,0,0,0,0,0,1,9,1532024,120,120,31311886,0,0,0,0,0,0,0,0,0
202002,48,141,3,7,El Paso County                ,221,221,51594143,6,12,1560375,1,3,393572,3,32,5588610,79,79,18759079,0,0,0,0,0,0,0,0,0
202002,48,157,3,7,Fort Bend County              ,809,809,65328371,0,0,0,0,0,0,1,5,391292,45,45,10681875,0,0,0,0,0,0,0,0,0
202002,48,167,3,7,Galveston County              ,213,213,47998391,0,0,0,0,0,0,0,0,0,106,106,21400924,0,0,0,0,0,0,0,0,0
202002,48,185,3,7,Grimes County                 ,2,2,468555,0,0,0,0,0,0,0,0,0,2,2,468555,0,0,0,0,0,0,0,0,0
202002,48,187,3,7,Guadalupe County              ,87,87,20458554,2,4,447365,0,0,0,1,5,561225,85,85,19898267,2,4,447365,0,0,0,1,5,561225
202002,48,193,3,7,Hamilton County               ,1,1,80000,0,0,0,0,0,0,0,0,0,0,0,0,0,0,0,0,0,0,0,0,0
202002,48,195,3,7,Hansford County               ,0,0,0,0,0,0,0,0,0,0,0,0,0,0,0,0,0,0,0,0,0,0,0,0
202002,48,201,3,7,Harris County                 ,1452,1452,300104526,11,22,2596726,0,0,0,15,879,144271629,1441,1441,294469464,11,22,2596726,0,0,0,15,879,144271629
202002,48,211,3,7,Hemphill County               ,0,0,0,0,0,0,0,0,0,0,0,0,0,0,0,0,0,0,0,0,0,0,0,0
202002,48,215,3,7,Hidalgo County                ,254,254,47398135,0,0,0,20,80,5223438,1,6,203742,230,230,44907282,0,0,0,20,80,5223438,1,6,203742
202002,48,233,3,7,Hutchinson County             ,0,0,0,0,0,0,0,0,0,0,0,0,0,0,0,0,0,0,0,0,0,0,0,0
202002,48,251,3,7,Johnson County                ,97,97,18906128,0,0,0,0,0,0,0,0,0,93,93,18271266,0,0,0,0,0,0,0,0,0
202002,48,257,3,7,Kaufman County                ,59,59,12910204,0,0,0,0,0,0,0,0,0,57,57,12305931,0,0,0,0,0,0,0,0,0
202002,48,259,3,7,Kendall County                ,28,28,7283314,0,0,0,0,0,0,0,0,0,0,0,0,0,0,0,0,0,0,0,0,0
202002,48,271,3,7,Kinney County                 ,0,0,0,0,0,0,0,0,0,0,0,0,0,0,0,0,0,0,0,0,0,0,0,0
202002,48,281,3,7,Lampasas County               ,4,4,549061,0,0,0,0,0,0,0,0,0,0,0,0,0,0,0,0,0,0,0,0,0
202002,48,291,3,7,Liberty County                ,51,51,5477378,0,0,0,0,0,0,0,0,0,43,43,3973627,0,0,0,0,0,0,0,0,0
202002,48,303,3,7,Lubbock County                ,154,154,29265014,12,24,3200423,0,0,0,26,184,9589260,154,154,29265014,12,24,3200423,0,0,0,26,184,9589260
202002,48,323,3,7,Maverick County               ,5,5,1316350,0,0,0,0,0,0,0,0,0,0,0,0,0,0,0,0,0,0,0,0,0
202002,48,325,3,7,Medina County                 ,1,1,299000,0,0,0,0,0,0,0,0,0,1,1,299000,0,0,0,0,0,0,0,0,0
202002,48,329,3,7,Midland County                ,152,152,23985235,0,0,0,0,0,0,0,0,0,152,152,23985235,0,0,0,0,0,0,0,0,0
202002,48,339,3,7,Montgomery County             ,668,668,145374642,0,0,0,0,0,0,6,146,19659072,642,642,142063282,0,0,0,0,0,0,5,140,19002750
202002,48,367,3,7,Parker County                 ,44,44,9971501,0,0,0,0,0,0,1,18,1567004,26,26,6316191,0,0,0,0,0,0,0,0,0
202002,48,375,3,7,Potter County                 ,57,57,13535032,0,0,0,0,0,0,0,0,0,57,57,13535032,0,0,0,0,0,0,0,0,0
202002,48,383,3,7,Reagan County                 ,0,0,0,0,0,0,0,0,0,0,0,0,0,0,0,0,0,0,0,0,0,0,0,0
202002,48,385,3,7,Real County                   ,0,0,0,0,0,0,0,0,0,0,0,0,0,0,0,0,0,0,0,0,0,0,0,0
202002,48,395,3,7,Robertson County              ,8,8,1639181,0,0,0,0,0,0,0,0,0,8,8,1639181,0,0,0,0,0,0,0,0,0
202002,48,397,3,7,Rockwall County               ,125,125,42860441,0,0,0,0,0,0,0,0,0,79,79,28455601,0,0,0,0,0,0,0,0,0
202002,48,407,3,7,San Jacinto County            ,30,30,6620652,0,0,0,0,0,0,0,0,0,0,0,0,0,0,0,0,0,0,0,0,0
202002,48,411,3,7,San Saba County               ,0,0,0,0,0,0,0,0,0,0,0,0,0,0,0,0,0,0,0,0,0,0,0,0
202002,48,451,3,7,Tom Green County              ,24,24,4917542,0,0,0,0,0,0,0,0,0,24,24,4917542,0,0,0,0,0,0,0,0,0
202002,48,453,3,7,Travis County                 ,810,810,184824686,13,26,2418875,0,0,0,36,1596,133281974,779,779,178774137,12,24,2245737,0,0,0,36,1596,133281974
202002,48,473,3,7,Waller County                 ,8,8,1069287,0,0,0,0,0,0,1,5,110903,0,0,0,0,0,0,0,0,0,0,0,0
202002,48,491,3,7,Williamson County             ,517,517,123267904,23,46,6134560,0,0,0,4,133,11300000,493,493,117764834,23,46,6134560,0,0,0,4,133,11300000
202002,48,493,3,7,Wilson County                 ,6,6,1252163,0,0,0,0,0,0,0,0,0,1,1,237457,0,0,0,0,0,0,0,0,0
202002,48,497,3,7,Wise County                   ,9,9,2299653,0,0,0,0,0,0,0,0,0,9,9,2299653,0,0,0,0,0,0,0,0,0
202002,49,011,4,8,Davis County                  ,134,134,31208097,0,0,0,2,6,819770,2,10,1228244,75,75,16399609,0,0,0,0,0,0,0,0,0
202002,49,023,4,8,Juab County                   ,5,5,1424794,0,0,0,1,3,225349,0,0,0,1,1,277935,0,0,0,0,0,0,0,0,0
202002,49,029,4,8,Morgan County                 ,7,7,3226615,0,0,0,0,0,0,0,0,0,5,5,2734575,0,0,0,0,0,0,0,0,0
202002,49,035,4,8,Salt Lake County              ,362,362,89687042,3,6,1362943,7,21,3725862,7,48,7159246,226,226,53058619,1,2,800000,3,9,1940782,1,6,1100000
202002,49,039,4,8,Sanpete County                ,3,3,793688,0,0,0,0,0,0,0,0,0,3,3,793688,0,0,0,0,0,0,0,0,0
202002,49,043,4,8,Summit County                 ,12,12,6206158,0,0,0,1,3,841530,1,5,854284,4,4,2350368,0,0,0,0,0,0,0,0,0
202002,49,057,4,8,Weber County                  ,153,153,28323538,0,0,0,13,46,8498081,2,33,3697900,132,132,22801997,0,0,0,12,42,7974702,2,33,3697900
202002,51,003,3,5,Albemarle County              ,57,57,16204444,0,0,0,0,0,0,2,30,2670951,0,0,0,0,0,0,0,0,0,0,0,0
202002,51,007,3,5,Amelia County                 ,4,4,865170,0,0,0,0,0,0,0,0,0,4,4,865170,0,0,0,0,0,0,0,0,0
202002,51,009,3,5,Amherst County                ,6,6,1272803,0,0,0,0,0,0,0,0,0,0,0,0,0,0,0,0,0,0,0,0,0
202002,51,013,3,5,Arlington County              ,13,13,5113000,0,0,0,0,0,0,0,0,0,13,13,5113000,0,0,0,0,0,0,0,0,0
202002,51,015,3,5,Augusta County                ,16,16,3846240,0,0,0,0,0,0,0,0,0,16,16,3846240,0,0,0,0,0,0,0,0,0
202002,51,019,3,5,Bedford County                ,3,3,609870,0,0,0,0,0,0,1,5,322222,0,0,0,0,0,0,0,0,0,0,0,0
202002,51,033,3,5,Caroline County               ,14,14,1690835,0,0,0,0,0,0,0,0,0,14,14,1690835,0,0,0,0,0,0,0,0,0
202002,51,036,3,5,Charles City County           ,1,1,163960,0,0,0,0,0,0,0,0,0,0,0,0,0,0,0,0,0,0,0,0,0
202002,51,037,3,5,Charlotte County              ,2,2,406498,0,0,0,0,0,0,0,0,0,0,0,0,0,0,0,0,0,0,0,0,0
202002,51,041,3,5,Chesterfield County           ,152,152,31144434,1,2,375351,2,7,730000,5,210,9066025,152,152,31144434,1,2,375351,2,7,730000,5,210,9066025
202002,51,043,3,5,Clarke County                 ,5,5,1303804,0,0,0,0,0,0,0,0,0,5,5,1303804,0,0,0,0,0,0,0,0,0
202002,51,049,3,5,Cumberland County             ,7,7,689000,0,0,0,0,0,0,0,0,0,7,7,689000,0,0,0,0,0,0,0,0,0
202002,51,051,3,5,Dickenson County              ,0,0,0,0,0,0,0,0,0,0,0,0,0,0,0,0,0,0,0,0,0,0,0,0
202002,51,053,3,5,Dinwiddie County              ,7,7,1078451,0,0,0,0,0,0,0,0,0,0,0,0,0,0,0,0,0,0,0,0,0
202002,51,059,3,5,Fairfax County                ,122,122,28969718,0,0,0,0,0,0,1,6,720000,122,122,28969718,0,0,0,0,0,0,1,6,720000
202002,51,061,3,5,Fauquier County               ,10,10,2862759,0,0,0,0,0,0,0,0,0,10,10,2862759,0,0,0,0,0,0,0,0,0
202002,51,069,3,5,Frederick County              ,66,66,15395999,0,0,0,0,0,0,0,0,0,66,66,15395999,0,0,0,0,0,0,0,0,0
202002,51,073,3,5,Gloucester County             ,5,5,1002500,0,0,0,0,0,0,0,0,0,5,5,1002500,0,0,0,0,0,0,0,0,0
202002,51,075,3,5,Goochland County              ,17,17,3778627,0,0,0,0,0,0,0,0,0,17,17,3778627,0,0,0,0,0,0,0,0,0
202002,51,085,3,5,Hanover County                ,68,68,13933036,0,0,0,0,0,0,0,0,0,68,68,13933036,0,0,0,0,0,0,0,0,0
202002,51,087,3,5,Henrico County                ,54,54,7633065,0,0,0,0,0,0,1,121,13395857,54,54,7633065,0,0,0,0,0,0,1,121,13395857
202002,51,093,3,5,Isle of Wight County          ,16,16,3267336,0,0,0,0,0,0,0,0,0,0,0,0,0,0,0,0,0,0,0,0,0
202002,51,095,3,5,James City County             ,20,20,7339110,0,0,0,1,3,643610,0,0,0,20,20,7339110,0,0,0,1,3,643610,0,0,0
202002,51,097,3,5,King and Queen County         ,0,0,0,0,0,0,0,0,0,0,0,0,0,0,0,0,0,0,0,0,0,0,0,0
202002,51,099,3,5,King George County            ,24,24,4917542,0,0,0,0,0,0,0,0,0,24,24,4917542,0,0,0,0,0,0,0,0,0
202002,51,107,3,5,Loudoun County                ,138,138,32769026,0,0,0,0,0,0,3,315,33720255,138,138,32769026,0,0,0,0,0,0,3,315,33720255
202002,51,109,3,5,Louisa County                 ,27,27,5250313,0,0,0,0,0,0,0,0,0,27,27,5250313,0,0,0,0,0,0,0,0,0
202002,51,115,3,5,Mathews County                ,4,4,1454000,0,0,0,0,0,0,0,0,0,4,4,1454000,0,0,0,0,0,0,0,0,0
202002,51,127,3,5,New Kent County               ,23,23,9079000,0,0,0,1,4,868000,0,0,0,23,23,9079000,0,0,0,1,4,868000,0,0,0
202002,51,139,3,5,Page County                   ,6,6,760700,0,0,0,0,0,0,0,0,0,6,6,760700,0,0,0,0,0,0,0,0,0
202002,51,145,3,5,Powhatan County               ,13,13,2541661,1,2,240000,0,0,0,0,0,0,13,13,2541661,1,2,240000,0,0,0,0,0,0
202002,51,149,3,5,Prince George County          ,4,4,762500,0,0,0,0,0,0,0,0,0,4,4,762500,0,0,0,0,0,0,0,0,0
202002,51,153,3,5,Prince William County         ,112,112,23619606,0,0,0,0,0,0,2,19,2136272,0,0,0,0,0,0,0,0,0,0,0,0
202002,51,165,3,5,Rockingham County             ,39,39,12853090,0,0,0,0,0,0,0,0,0,39,39,12853090,0,0,0,0,0,0,0,0,0
202002,51,175,3,5,Southampton County            ,2,2,587996,0,0,0,0,0,0,0,0,0,2,2,587996,0,0,0,0,0,0,0,0,0
202002,51,177,3,5,Spotsylvania County           ,58,58,15316598,0,0,0,0,0,0,1,61,7193932,0,0,0,0,0,0,0,0,0,0,0,0
202002,51,179,3,5,Stafford County               ,66,66,17460462,0,0,0,0,0,0,0,0,0,66,66,17460462,0,0,0,0,0,0,0,0,0
202002,51,181,3,5,Surry County                  ,2,2,452059,0,0,0,0,0,0,0,0,0,2,2,452059,0,0,0,0,0,0,0,0,0
202002,51,183,3,5,Sussex County                 ,2,2,119000,0,0,0,0,0,0,0,0,0,2,2,119000,0,0,0,0,0,0,0,0,0
202002,51,187,3,5,Warren County                 ,10,10,2160000,0,0,0,0,0,0,0,0,0,10,10,2160000,0,0,0,0,0,0,0,0,0
202002,51,199,3,5,York County                   ,24,24,6026394,0,0,0,0,0,0,0,0,0,24,24,6026394,0,0,0,0,0,0,0,0,0
202002,51,510,3,5,Alexandria (Independent City) ,12,12,2245500,0,0,0,0,0,0,0,0,0,12,12,2245500,0,0,0,0,0,0,0,0,0
202002,51,540,3,5,Charlottesville (Independent C,5,5,1686935,0,0,0,0,0,0,1,9,1924737,0,0,0,0,0,0,0,0,0,0,0,0
202002,51,550,3,5,Chesapeake(Independent City)  ,104,104,30355700,0,0,0,0,0,0,0,0,0,104,104,30355700,0,0,0,0,0,0,0,0,0
202002,51,570,3,5,Colonial Heights (Independent ,0,0,0,0,0,0,0,0,0,0,0,0,0,0,0,0,0,0,0,0,0,0,0,0
202002,51,580,3,5,Covington (Independent City)  ,0,0,0,0,0,0,0,0,0,0,0,0,0,0,0,0,0,0,0,0,0,0,0,0
202002,51,600,3,5,Fairfax (Independent City)    ,1,1,295000,0,0,0,0,0,0,0,0,0,1,1,295000,0,0,0,0,0,0,0,0,0
202002,51,610,3,5,Falls Church (Independent City,1,1,450000,0,0,0,0,0,0,0,0,0,1,1,450000,0,0,0,0,0,0,0,0,0
202002,51,630,3,5,Fredericksburg(Independent Cit,10,10,1862000,0,0,0,0,0,0,0,0,0,10,10,1862000,0,0,0,0,0,0,0,0,0
202002,51,650,3,5,Hampton (Independent City)    ,16,16,997143,0,0,0,0,0,0,0,0,0,0,0,0,0,0,0,0,0,0,0,0,0
202002,51,660,3,5,Harrisonburg (Independent City,10,10,2085000,0,0,0,0,0,0,0,0,0,10,10,2085000,0,0,0,0,0,0,0,0,0
202002,51,670,3,5,Hopewell (Independent City)   ,1,1,52857,0,0,0,0,0,0,0,0,0,0,0,0,0,0,0,0,0,0,0,0,0
202002,51,680,3,5,Lynchburg (Independent City)  ,5,5,1300410,0,0,0,0,0,0,0,0,0,5,5,1300410,0,0,0,0,0,0,0,0,0
202002,51,683,3,5,Manassas (Independent City)   ,7,7,1641361,1,2,242983,0,0,0,0,0,0,0,0,0,0,0,0,0,0,0,0,0,0
202002,51,685,3,5,Manassas Park (Independent Cit,0,0,0,0,0,0,0,0,0,0,0,0,0,0,0,0,0,0,0,0,0,0,0,0
202002,51,700,3,5,Newport News (Independent City,3,3,505778,0,0,0,0,0,0,0,0,0,3,3,505778,0,0,0,0,0,0,0,0,0
202002,51,710,3,5,Norfolk (Independent City)    ,29,29,6886244,0,0,0,0,0,0,0,0,0,29,29,6886244,0,0,0,0,0,0,0,0,0
202002,51,730,3,5,Petersburg (Independent City) ,1,1,92600,0,0,0,0,0,0,0,0,0,0,0,0,0,0,0,0,0,0,0,0,0
202002,51,735,3,5,Poquoson (Independent City)   ,0,0,0,0,0,0,0,0,0,0,0,0,0,0,0,0,0,0,0,0,0,0,0,0
202002,51,740,3,5,Portsmouth (Independent City) ,22,22,2306300,0,0,0,0,0,0,0,0,0,22,22,2306300,0,0,0,0,0,0,0,0,0
202002,51,760,3,5,Richmond (Independent City)   ,21,21,4302849,1,2,195535,0,0,0,0,0,0,21,21,4302849,1,2,195535,0,0,0,0,0,0
202002,51,800,3,5,Suffolk (Independent City)    ,43,43,10210638,0,0,0,0,0,0,0,0,0,43,43,10210638,0,0,0,0,0,0,0,0,0
202002,51,810,3,5,Virginia Beach (Independent Ci,49,49,7537190,0,0,0,0,0,0,0,0,0,49,49,7537190,0,0,0,0,0,0,0,0,0
202002,51,830,3,5,Williamsburg (Independent City,1,1,90000,0,0,0,0,0,0,0,0,0,1,1,90000,0,0,0,0,0,0,0,0,0
202002,53,005,4,9,Benton County                 ,94,94,29477770,0,0,0,0,0,0,0,0,0,81,81,25025270,0,0,0,0,0,0,0,0,0
202002,53,011,4,9,Clark County                  ,289,289,81797185,1,2,327973,0,0,0,3,54,6224810,128,128,33092183,1,2,327973,0,0,0,3,54,6224810
202002,53,021,4,9,Franklin County               ,47,47,12671282,0,0,0,0,0,0,0,0,0,4,4,1308709,0,0,0,0,0,0,0,0,0
202002,53,031,4,9,Jefferson County              ,10,10,2657142,0,0,0,0,0,0,0,0,0,4,4,1125742,0,0,0,0,0,0,0,0,0
202002,53,033,4,9,King County                   ,244,244,96028756,12,24,4034365,19,62,15200210,28,605,68163768,192,192,73542618,12,24,4034365,18,59,14699698,26,582,65233631
202002,53,035,4,9,Kitsap County                 ,75,75,20817875,0,0,0,0,0,0,0,0,0,75,75,20817875,0,0,0,0,0,0,0,0,0
202002,53,053,4,9,Pierce County                 ,245,245,66064299,0,0,0,0,0,0,9,301,38497494,242,242,65084001,0,0,0,0,0,0,8,294,37853546
202002,53,055,4,9,San Juan County               ,9,9,1796817,0,0,0,0,0,0,0,0,0,2,2,337600,0,0,0,0,0,0,0,0,0
202002,53,059,4,9,Skamania County               ,11,11,2072781,0,0,0,0,0,0,0,0,0,11,11,2072781,0,0,0,0,0,0,0,0,0
202002,53,061,4,9,Snohomish County              ,198,198,62786598,7,14,2789841,2,8,1952239,8,74,10556013,156,156,49341709,6,12,2472370,2,8,1952239,6,48,7757038
202002,54,011,3,5,Cabell County                 ,6,6,1542000,0,0,0,0,0,0,0,0,0,6,6,1542000,0,0,0,0,0,0,0,0,0
202002,54,015,3,5,Clay County                   ,1,1,25000,0,0,0,0,0,0,0,0,0,1,1,25000,0,0,0,0,0,0,0,0,0
202002,54,019,3,5,Fayette County                ,2,2,143450,0,0,0,0,0,0,0,0,0,2,2,143450,0,0,0,0,0,0,0,0,0
202002,54,037,3,5,Jefferson County              ,15,15,4254177,1,2,410500,0,0,0,0,0,0,2,2,500000,0,0,0,0,0,0,0,0,0
202002,54,081,3,5,Raleigh County                ,2,2,112000,0,0,0,0,0,0,0,0,0,2,2,112000,0,0,0,0,0,0,0,0,0
202002,55,025,2,3,Dane County                   ,100,100,34724084,2,4,1262000,1,3,447000,5,72,10765455,60,60,21692530,2,4,1262000,0,0,0,0,0,0
202002,55,031,2,3,Douglas County                ,4,4,1225732,0,0,0,0,0,0,0,0,0,4,4,1225732,0,0,0,0,0,0,0,0,0
202002,55,037,2,3,Florence County               ,0,0,0,0,0,0,0,0,0,0,0,0,0,0,0,0,0,0,0,0,0,0,0,0
202002,55,049,2,3,Iowa County                   ,3,3,1840000,0,0,0,0,0,0,0,0,0,3,3,1840000,0,0,0,0,0,0,0,0,0
202002,55,059,2,3,Kenosha County                ,8,8,2008794,1,2,400000,0,0,0,1,5,400000,7,7,1706271,1,2,400000,0,0,0,0,0,0
202002,55,079,2,3,Milwaukee County              ,10,10,3642512,0,0,0,0,0,0,1,8,937241,10,10,3642512,0,0,0,0,0,0,0,0,0
202002,55,089,2,3,Ozaukee County                ,11,11,4710535,0,0,0,0,0,0,0,0,0,5,5,1935367,0,0,0,0,0,0,0,0,0
202002,55,093,2,3,Pierce County                 ,9,9,2628000,0,0,0,0,0,0,0,0,0,8,8,2323000,0,0,0,0,0,0,0,0,0
202002,55,109,2,3,St. Croix County              ,21,21,7335576,1,2,403500,0,0,0,0,0,0,19,19,6594500,1,2,403500,0,0,0,0,0,0
202002,55,131,2,3,Washington County             ,14,14,4517731,0,0,0,0,0,0,0,0,0,10,10,2955550,0,0,0,0,0,0,0,0,0
202002,56,029,4,8,Park County                   ,13,13,3510049,0,0,0,0,0,0,0,0,0,10,10,2828349,0,0,0,0,0,0,0,0,0
202002,56,039,4,8,Teton County                  ,4,4,8436007,0,0,0,0,0,0,0,0,0,3,3,7910000,0,0,0,0,0,0,0,0,0
