Survey,FIPS,FIPS,Region,Division,County,,1-unit,,,2-units,,,3-4 units,,,5+ units,,,1-unit rep,,,2-units rep,,,3-4 units rep,,, 5+units rep
Date,State,County,Code,Code,Name,Bldgs,Units,Value,Bldgs,Units,Value,Bldgs,Units,Value,Bldgs,Units,Value,Bldgs,Units,Value,Bldgs,Units,Value,Bldgs,Units,Value,Bldgs,Units,Value
 
202008,01,001,3,6,Autauga County                ,34,34,12539689,0,0,0,0,0,0,0,0,0,34,34,12539689,0,0,0,0,0,0,0,0,0
202008,01,007,3,6,Bibb County                   ,1,1,240000,0,0,0,0,0,0,0,0,0,1,1,240000,0,0,0,0,0,0,0,0,0
202008,01,009,3,6,Blount County                 ,6,6,837899,0,0,0,0,0,0,0,0,0,6,6,837899,0,0,0,0,0,0,0,0,0
202008,01,021,3,6,Chilton County                ,0,0,0,0,0,0,0,0,0,0,0,0,0,0,0,0,0,0,0,0,0,0,0,0
202008,01,073,3,6,Jefferson County              ,149,149,44841388,1,2,247329,0,0,0,1,7,705878,134,134,42346035,0,0,0,0,0,0,0,0,0
202008,01,081,3,6,Lee County                    ,95,95,26258497,2,4,621040,0,0,0,21,270,41342278,62,62,18516464,2,4,621040,0,0,0,21,270,41342278
202008,01,083,3,6,Limestone County              ,34,34,7821828,0,0,0,0,0,0,0,0,0,33,33,7693257,0,0,0,0,0,0,0,0,0
202008,01,089,3,6,Madison County                ,291,291,44760805,12,24,2022660,0,0,0,0,0,0,157,157,17263204,12,24,2022660,0,0,0,0,0,0
202008,01,113,3,6,Russell County                ,10,10,1903135,5,10,568485,0,0,0,0,0,0,10,10,1903135,5,10,568485,0,0,0,0,0,0
202008,01,115,3,6,St. Clair County              ,25,25,4749773,0,0,0,0,0,0,0,0,0,3,3,634783,0,0,0,0,0,0,0,0,0
202008,01,117,3,6,Shelby County                 ,110,110,30581259,0,0,0,0,0,0,0,0,0,57,57,15222326,0,0,0,0,0,0,0,0,0
202008,01,127,3,6,Walker County                 ,0,0,0,0,0,0,0,0,0,0,0,0,0,0,0,0,0,0,0,0,0,0,0,0
202008,02,013,4,9,Aleutians East Borough        ,0,0,0,0,0,0,0,0,0,0,0,0,0,0,0,0,0,0,0,0,0,0,0,0
202008,02,016,4,9,Aleutians West Census Area    ,1,1,98118,0,0,0,0,0,0,0,0,0,0,0,0,0,0,0,0,0,0,0,0,0
202008,02,020,4,9,Anchorage Municipality        ,85,85,26627249,0,0,0,1,4,694844,2,11,1739051,0,0,0,0,0,0,0,0,0,0,0,0
202008,02,050,4,9,Bethel Census Area            ,2,2,593668,0,0,0,0,0,0,0,0,0,2,2,593668,0,0,0,0,0,0,0,0,0
202008,02,060,4,9,Bristol Bay Borough           ,0,0,0,0,0,0,0,0,0,0,0,0,0,0,0,0,0,0,0,0,0,0,0,0
202008,02,070,4,9,Dillingham Census Area        ,0,0,0,0,0,0,0,0,0,0,0,0,0,0,0,0,0,0,0,0,0,0,0,0
202008,02,090,4,9,Fairbanks North Star Borough  ,5,5,1745030,0,0,0,3,11,2279892,0,0,0,5,5,1745030,0,0,0,3,11,2279892,0,0,0
202008,02,100,4,9,Haines Borough                ,1,1,149444,0,0,0,0,0,0,0,0,0,0,0,0,0,0,0,0,0,0,0,0,0
202008,02,105,4,9,Hoonah-Angoon Census Area     ,2,2,593668,0,0,0,0,0,0,0,0,0,2,2,593668,0,0,0,0,0,0,0,0,0
202008,02,110,4,9,Juneau City and Borough       ,3,3,1001044,0,0,0,0,0,0,0,0,0,3,3,1001044,0,0,0,0,0,0,0,0,0
202008,02,122,4,9,Kenai Peninsula Borough       ,10,10,2722344,0,0,0,1,3,350000,0,0,0,8,8,2280000,0,0,0,1,3,350000,0,0,0
202008,02,130,4,9,Ketchikan Gateway Borough     ,3,3,890501,0,0,0,0,0,0,0,0,0,3,3,890501,0,0,0,0,0,0,0,0,0
202008,02,150,4,9,Kodiak Island Borough         ,0,0,0,0,0,0,0,0,0,0,0,0,0,0,0,0,0,0,0,0,0,0,0,0
202008,02,170,4,9,Matanuska-Susitna Borough     ,3,3,712497,2,4,691450,1,4,594546,0,0,0,2,2,429662,2,4,691450,1,4,594546,0,0,0
202008,02,180,4,9,Nome Census Area              ,1,1,181950,0,0,0,0,0,0,0,0,0,0,0,0,0,0,0,0,0,0,0,0,0
202008,02,185,4,9,North Slope Borough           ,0,0,0,0,0,0,0,0,0,0,0,0,0,0,0,0,0,0,0,0,0,0,0,0
202008,02,188,4,9,Northwest Arctic Borough      ,5,5,1484169,0,0,0,0,0,0,0,0,0,5,5,1484169,0,0,0,0,0,0,0,0,0
202008,02,195,4,9,Petersburg Borough            ,1,1,193487,0,0,0,0,0,0,0,0,0,0,0,0,0,0,0,0,0,0,0,0,0
202008,02,198,4,9,Prince of Wales-Hyder Census A,0,0,0,0,0,0,0,0,0,0,0,0,0,0,0,0,0,0,0,0,0,0,0,0
202008,02,220,4,9,Sitka City and Borough        ,1,1,205113,0,0,0,0,0,0,0,0,0,0,0,0,0,0,0,0,0,0,0,0,0
202008,02,230,4,9,Skagway Municipality          ,0,0,0,0,0,0,0,0,0,0,0,0,0,0,0,0,0,0,0,0,0,0,0,0
202008,02,261,4,9,Valdez-Cordova Census Area    ,0,0,0,0,0,0,0,0,0,0,0,0,0,0,0,0,0,0,0,0,0,0,0,0
202008,02,275,4,9,Wrangell City and Borough     ,0,0,0,0,0,0,0,0,0,0,0,0,0,0,0,0,0,0,0,0,0,0,0,0
202008,02,282,4,9,Yakutat City and Borough      ,0,0,0,0,0,0,0,0,0,0,0,0,0,0,0,0,0,0,0,0,0,0,0,0
202008,02,290,4,9,Yukon-Koyukuk Census Area     ,2,2,593668,0,0,0,0,0,0,0,0,0,2,2,593668,0,0,0,0,0,0,0,0,0
202008,04,013,4,8,Maricopa County               ,2117,2117,611704989,36,72,11805558,8,27,5301228,22,744,107563091,2082,2082,600262649,35,70,11545878,8,27,5301228,21,663,93467242
202008,04,019,4,8,Pima County                   ,389,389,113582041,2,4,474101,0,0,0,3,49,7362035,287,287,87418359,0,0,0,0,0,0,0,0,0
202008,04,021,4,8,Pinal County                  ,691,691,154863494,0,0,0,0,0,0,0,0,0,691,691,154863494,0,0,0,0,0,0,0,0,0
202008,05,013,3,7,Calhoun County                ,0,0,0,0,0,0,0,0,0,0,0,0,0,0,0,0,0,0,0,0,0,0,0,0
202008,05,035,3,7,Crittenden County             ,7,7,1367053,0,0,0,0,0,0,0,0,0,6,6,1134000,0,0,0,0,0,0,0,0,0
202008,05,043,3,7,Drew County                   ,5,5,1045379,0,0,0,0,0,0,0,0,0,5,5,1045379,0,0,0,0,0,0,0,0,0
202008,05,045,3,7,Faulkner County               ,29,29,6207795,1,2,151668,0,0,0,1,9,246223,1,1,175000,0,0,0,0,0,0,0,0,0
202008,05,053,3,7,Grant County                  ,3,3,503793,0,0,0,0,0,0,0,0,0,0,0,0,0,0,0,0,0,0,0,0,0
202008,05,085,3,7,Lonoke County                 ,31,31,3265722,1,2,172108,0,0,0,0,0,0,5,5,1017516,1,2,172108,0,0,0,0,0,0
202008,05,087,3,7,Madison County                ,0,0,0,0,0,0,0,0,0,0,0,0,0,0,0,0,0,0,0,0,0,0,0,0
202008,05,091,3,7,Miller County                 ,3,3,728000,0,0,0,0,0,0,0,0,0,3,3,728000,0,0,0,0,0,0,0,0,0
202008,05,105,3,7,Perry County                  ,0,0,0,0,0,0,0,0,0,0,0,0,0,0,0,0,0,0,0,0,0,0,0,0
202008,05,119,3,7,Pulaski County                ,91,91,21090323,0,0,0,1,3,175000,0,0,0,91,91,21090323,0,0,0,1,3,175000,0,0,0
202008,05,129,3,7,Searcy County                 ,0,0,0,0,0,0,0,0,0,0,0,0,0,0,0,0,0,0,0,0,0,0,0,0
202008,05,143,3,7,Washington County             ,155,155,43072296,4,8,2004309,0,0,0,3,107,8820852,74,74,20116805,0,0,0,0,0,0,0,0,0
202008,06,001,4,9,Alameda County                ,147,147,46931876,2,4,708831,3,9,1622389,10,259,52896947,97,97,31606378,1,2,132552,2,6,765678,7,237,47499871
202008,06,013,4,9,Contra Costa County           ,132,132,40032029,0,0,0,0,0,0,3,36,6451359,92,92,28564685,0,0,0,0,0,0,1,6,1501140
202008,06,017,4,9,El Dorado County              ,32,32,9387193,0,0,0,0,0,0,0,0,0,32,32,9387193,0,0,0,0,0,0,0,0,0
202008,06,019,4,9,Fresno County                 ,304,304,95544471,3,6,1040733,0,0,0,5,25,3136912,153,153,47302700,0,0,0,0,0,0,0,0,0
202008,06,037,4,9,Los Angeles County            ,598,598,187234797,57,114,23300813,6,20,4199073,37,641,83266094,490,490,145367072,54,108,21719619,2,6,1681930,28,577,72190842
202008,06,041,4,9,Marin County                  ,17,17,9308261,1,2,1531250,0,0,0,1,5,1074668,5,5,4707000,0,0,0,0,0,0,0,0,0
202008,06,059,4,9,Orange County                 ,262,262,77382936,7,14,3461207,5,15,3799492,10,92,15159256,218,218,55247949,4,8,1461171,5,15,3799492,7,49,8019018
202008,06,061,4,9,Placer County                 ,314,314,103396081,0,0,0,0,0,0,7,56,7731885,311,311,102054191,0,0,0,0,0,0,7,56,7731885
202008,06,063,4,9,Plumas County                 ,5,5,830767,0,0,0,0,0,0,0,0,0,5,5,830767,0,0,0,0,0,0,0,0,0
202008,06,067,4,9,Sacramento County             ,262,262,72290058,4,8,1001756,0,0,0,5,82,9413807,261,261,72058139,4,8,1001756,0,0,0,5,82,9413807
202008,06,069,4,9,San Benito County             ,83,83,20758184,0,0,0,0,0,0,0,0,0,59,59,14011430,0,0,0,0,0,0,0,0,0
202008,06,071,4,9,San Bernardino County         ,322,322,83296202,0,0,0,7,28,6480222,6,33,4083649,298,298,76940199,0,0,0,7,28,6480222,5,28,3807787
202008,06,073,4,9,San Diego County              ,257,257,75792860,11,22,4894870,17,59,5889183,10,657,117999361,254,254,74080624,11,22,4894870,17,59,5889183,9,652,117463953
202008,06,075,4,9,San Francisco County          ,1,1,277683,0,0,0,0,0,0,2,19,4000000,1,1,277683,0,0,0,0,0,0,2,19,4000000
202008,06,081,4,9,San Mateo County              ,27,27,26457678,0,0,0,0,0,0,3,24,5418460,19,19,21878865,0,0,0,0,0,0,1,7,1381275
202008,06,085,4,9,Santa Clara County            ,179,179,74906183,1,2,592814,1,3,795129,7,106,15912850,105,105,44036663,0,0,0,0,0,0,4,46,3444730
202008,06,091,4,9,Sierra County                 ,1,1,509969,0,0,0,0,0,0,0,0,0,1,1,509969,0,0,0,0,0,0,0,0,0
202008,06,113,4,9,Yolo County                   ,50,50,16687157,1,2,482800,0,0,0,1,5,1283128,38,38,12776231,0,0,0,0,0,0,0,0,0
202008,08,001,4,8,Adams County                  ,255,255,69183675,20,40,5114167,0,0,0,4,116,10459678,255,255,69183675,20,40,5114167,0,0,0,4,116,10459678
202008,08,005,4,8,Arapahoe County               ,232,232,64283441,0,0,0,0,0,0,4,45,6260430,224,224,62045695,0,0,0,0,0,0,4,45,6260430
202008,08,014,4,8,Broomfield County             ,20,20,8802741,3,6,1359632,0,0,0,8,80,11030000,20,20,8802741,3,6,1359632,0,0,0,8,80,11030000
202008,08,015,4,8,Chaffee County                ,14,14,3612105,0,0,0,1,3,549700,0,0,0,0,0,0,0,0,0,0,0,0,0,0,0
202008,08,019,4,8,Clear Creek County            ,3,3,881345,0,0,0,0,0,0,0,0,0,0,0,0,0,0,0,0,0,0,0,0,0
202008,08,031,4,8,Denver County                 ,80,80,22214665,0,0,0,0,0,0,4,435,23179312,80,80,22214665,0,0,0,0,0,0,4,435,23179312
202008,08,035,4,8,Douglas County                ,271,271,84648210,4,8,1731927,3,10,1690643,7,168,27224436,266,266,82727842,4,8,1731927,3,10,1690643,7,168,27224436
202008,08,039,4,8,Elbert County                 ,24,24,8273584,0,0,0,0,0,0,0,0,0,24,24,8273584,0,0,0,0,0,0,0,0,0
202008,08,041,4,8,El Paso County                ,430,430,163271032,0,0,0,0,0,0,0,0,0,430,430,163271032,0,0,0,0,0,0,0,0,0
202008,08,047,4,8,Gilpin County                 ,1,1,277683,0,0,0,0,0,0,0,0,0,1,1,277683,0,0,0,0,0,0,0,0,0
202008,08,059,4,8,Jefferson County              ,45,45,14867087,8,16,3276726,1,3,574272,1,218,27496000,41,41,13806138,8,16,3276726,0,0,0,1,218,27496000
202008,08,069,4,8,Larimer County                ,169,169,53857946,0,0,0,0,0,0,6,63,7701551,169,169,53857946,0,0,0,0,0,0,6,63,7701551
202008,08,077,4,8,Mesa County                   ,76,76,12461352,0,0,0,0,0,0,0,0,0,76,76,12461352,0,0,0,0,0,0,0,0,0
202008,08,093,4,8,Park County                   ,24,24,7492084,0,0,0,0,0,0,0,0,0,24,24,7492084,0,0,0,0,0,0,0,0,0
202008,08,101,4,8,Pueblo County                 ,53,53,7861533,0,0,0,0,0,0,0,0,0,53,53,7861533,0,0,0,0,0,0,0,0,0
202008,08,119,4,8,Teller County                 ,8,8,2647869,0,0,0,0,0,0,0,0,0,8,8,2647869,0,0,0,0,0,0,0,0,0
202008,09,001,1,1,Fairfield County              ,53,53,35235100,3,6,1242002,0,0,0,4,242,16030845,28,28,17192355,2,4,1090440,0,0,0,3,233,13545210
202008,09,003,1,1,Hartford County               ,51,51,11335429,1,2,200000,0,0,0,2,37,4502656,38,38,8606819,0,0,0,0,0,0,1,32,3989000
202008,09,007,1,1,Middlesex County              ,10,10,2675763,0,0,0,0,0,0,0,0,0,7,7,1954000,0,0,0,0,0,0,0,0,0
202008,09,013,1,1,Tolland County                ,16,16,3742437,0,0,0,0,0,0,2,10,983721,8,8,1837761,0,0,0,0,0,0,0,0,0
202008,10,001,3,5,Kent County                   ,169,169,24264702,0,0,0,0,0,0,11,199,18406628,167,167,23834269,0,0,0,0,0,0,11,199,18406628
202008,10,003,3,5,New Castle County             ,144,144,14910887,0,0,0,0,0,0,1,5,417679,32,32,3771259,0,0,0,0,0,0,0,0,0
202008,10,005,3,5,Sussex County                 ,418,418,57353356,12,24,3587126,1,3,656660,7,149,11455621,418,418,57353356,12,24,3587126,1,3,656660,7,149,11455621
202008,11,001,3,5,Washington  DC                ,18,18,4196322,11,22,2717176,0,0,0,3,323,38713940,18,18,4196322,11,22,2717176,0,0,0,3,323,38713940
202008,12,003,3,5,Baker County                  ,22,22,4055518,0,0,0,0,0,0,0,0,0,22,22,4055518,0,0,0,0,0,0,0,0,0
202008,12,019,3,5,Clay County                   ,77,77,18432376,0,0,0,0,0,0,0,0,0,76,76,18274598,0,0,0,0,0,0,0,0,0
202008,12,029,3,5,Dixie County                  ,3,3,378970,0,0,0,0,0,0,0,0,0,0,0,0,0,0,0,0,0,0,0,0,0
202008,12,031,3,5,Duval County                  ,590,590,139045559,0,0,0,4,16,2092728,0,0,0,576,576,134282304,0,0,0,4,16,2092728,0,0,0
202008,12,033,3,5,Escambia County               ,209,209,49525187,0,0,0,0,0,0,0,0,0,209,209,49525187,0,0,0,0,0,0,0,0,0
202008,12,053,3,5,Hernando County               ,73,73,16202867,1,2,90000,0,0,0,0,0,0,73,73,16202867,1,2,90000,0,0,0,0,0,0
202008,12,057,3,5,Hillsborough County           ,576,576,193898211,0,0,0,5,16,4472353,12,792,116088645,572,572,193476676,0,0,0,5,16,4472353,12,792,116088645
202008,12,067,3,5,Lafayette County              ,2,2,520000,0,0,0,0,0,0,0,0,0,2,2,520000,0,0,0,0,0,0,0,0,0
202008,12,071,3,5,Lee County                    ,592,592,122934233,13,26,3424940,4,16,3285751,17,442,78395497,592,592,122934233,13,26,3424940,4,16,3285751,17,442,78395497
202008,12,073,3,5,Leon County                   ,72,72,14257195,0,0,0,0,0,0,3,94,12077094,0,0,0,0,0,0,0,0,0,0,0,0
202008,12,081,3,5,Manatee County                ,436,436,93528919,0,0,0,2,8,1029883,1,20,2164359,429,429,92382981,0,0,0,0,0,0,0,0,0
202008,12,086,3,5,Miami-Dade County             ,189,189,52772983,13,26,3980782,0,0,0,23,641,82668296,162,162,44091800,13,26,3980782,0,0,0,22,632,81658091
202008,12,089,3,5,Nassau County                 ,87,87,25831388,0,0,0,0,0,0,0,0,0,86,86,25741734,0,0,0,0,0,0,0,0,0
202008,12,091,3,5,Okaloosa County               ,89,89,28410438,0,0,0,0,0,0,0,0,0,64,64,20694310,0,0,0,0,0,0,0,0,0
202008,12,095,3,5,Orange County                 ,484,484,164609277,12,24,5381969,2,8,1889856,37,1882,186574225,438,438,148356295,11,22,4881969,2,8,1889856,37,1882,186574225
202008,12,097,3,5,Osceola County                ,531,531,116565503,0,0,0,3,12,1017948,0,0,0,531,531,116565503,0,0,0,3,12,1017948,0,0,0
202008,12,101,3,5,Pasco County                  ,107,107,19418011,1,2,280000,0,0,0,1,5,431250,100,100,18447707,0,0,0,0,0,0,0,0,0
202008,12,103,3,5,Pinellas County               ,92,92,31087388,1,2,385333,0,0,0,1,20,1642190,74,74,25638228,0,0,0,0,0,0,1,20,1642190
202008,12,109,3,5,St. Johns County              ,481,481,112193476,0,0,0,0,0,0,0,0,0,481,481,112193476,0,0,0,0,0,0,0,0,0
202008,12,113,3,5,Santa Rosa County             ,173,173,40331317,0,0,0,0,0,0,0,0,0,173,173,40331317,0,0,0,0,0,0,0,0,0
202008,12,115,3,5,Sarasota County               ,387,387,113773603,1,2,400000,0,0,0,4,54,7886136,369,369,107719192,1,2,400000,0,0,0,3,29,5300160
202008,12,117,3,5,Seminole County               ,182,182,49819999,0,0,0,0,0,0,2,36,3375467,174,174,48176538,0,0,0,0,0,0,0,0,0
202008,12,119,3,5,Sumter County                 ,244,244,66755162,0,0,0,0,0,0,1,198,21333333,243,243,66562878,0,0,0,0,0,0,1,198,21333333
202008,12,129,3,5,Wakulla County                ,37,37,6068100,0,0,0,0,0,0,0,0,0,37,37,6068100,0,0,0,0,0,0,0,0,0
202008,12,131,3,5,Walton County                 ,137,137,61677769,0,0,0,0,0,0,2,13,3516000,137,137,61677769,0,0,0,0,0,0,2,13,3516000
202008,12,133,3,5,Washington County             ,7,7,1034098,0,0,0,0,0,0,0,0,0,0,0,0,0,0,0,0,0,0,0,0,0
202008,13,007,3,5,Baker County                  ,0,0,0,0,0,0,0,0,0,0,0,0,0,0,0,0,0,0,0,0,0,0,0,0
202008,13,013,3,5,Barrow County                 ,84,84,11864002,0,0,0,1,4,470700,0,0,0,79,79,11289175,0,0,0,1,4,470700,0,0,0
202008,13,015,3,5,Bartow County                 ,71,71,11445019,0,0,0,0,0,0,0,0,0,71,71,11445019,0,0,0,0,0,0,0,0,0
202008,13,021,3,5,Bibb County                   ,14,14,2475331,0,0,0,0,0,0,0,0,0,0,0,0,0,0,0,0,0,0,0,0,0
202008,13,029,3,5,Bryan County                  ,24,24,7874561,0,0,0,0,0,0,0,0,0,24,24,7874561,0,0,0,0,0,0,0,0,0
202008,13,033,3,5,Burke County                  ,6,6,1134495,0,0,0,0,0,0,0,0,0,0,0,0,0,0,0,0,0,0,0,0,0
202008,13,035,3,5,Butts County                  ,20,20,5643800,0,0,0,0,0,0,0,0,0,20,20,5643800,0,0,0,0,0,0,0,0,0
202008,13,045,3,5,Carroll County                ,60,60,14218041,0,0,0,0,0,0,0,0,0,60,60,14218041,0,0,0,0,0,0,0,0,0
202008,13,051,3,5,Chatham County                ,102,102,23150928,0,0,0,2,8,1120000,2,60,5188500,50,50,11397531,0,0,0,2,8,1120000,2,60,5188500
202008,13,057,3,5,Cherokee County               ,248,248,72559298,0,0,0,0,0,0,0,0,0,248,248,72559298,0,0,0,0,0,0,0,0,0
202008,13,059,3,5,Clarke County                 ,33,33,6853545,0,0,0,0,0,0,0,0,0,33,33,6853545,0,0,0,0,0,0,0,0,0
202008,13,063,3,5,Clayton County                ,86,86,18281261,0,0,0,0,0,0,0,0,0,86,86,18281261,0,0,0,0,0,0,0,0,0
202008,13,067,3,5,Cobb County                   ,163,163,49379365,0,0,0,0,0,0,3,20,2316029,156,156,47849237,0,0,0,0,0,0,3,20,2316029
202008,13,073,3,5,Columbia County               ,120,120,22889580,0,0,0,1,3,290151,0,0,0,24,24,4232514,0,0,0,1,3,290151,0,0,0
202008,13,077,3,5,Coweta County                 ,67,67,23389328,0,0,0,0,0,0,0,0,0,61,61,21630737,0,0,0,0,0,0,0,0,0
202008,13,085,3,5,Dawson County                 ,32,32,8162699,1,2,139322,12,40,3786440,10,57,5979238,32,32,8162699,1,2,139322,12,40,3786440,10,57,5979238
202008,13,095,3,5,Dougherty County              ,2,2,410153,0,0,0,0,0,0,1,16,2388316,0,0,0,0,0,0,0,0,0,0,0,0
202008,13,097,3,5,Douglas County                ,30,30,2944054,0,0,0,0,0,0,0,0,0,30,30,2944054,0,0,0,0,0,0,0,0,0
202008,13,111,3,5,Fannin County                 ,37,37,7735804,0,0,0,0,0,0,0,0,0,37,37,7735804,0,0,0,0,0,0,0,0,0
202008,13,113,3,5,Fayette County                ,49,49,15969024,0,0,0,1,3,816970,0,0,0,42,42,13281092,0,0,0,1,3,816970,0,0,0
202008,13,115,3,5,Floyd County                  ,22,22,2669519,0,0,0,0,0,0,0,0,0,22,22,2669519,0,0,0,0,0,0,0,0,0
202008,13,117,3,5,Forsyth County                ,254,254,42101087,0,0,0,0,0,0,0,0,0,254,254,42101087,0,0,0,0,0,0,0,0,0
202008,13,121,3,5,Fulton County                 ,164,164,38592406,0,0,0,0,0,0,1,47,5633298,149,149,37076988,0,0,0,0,0,0,1,47,5633298
202008,13,127,3,5,Glynn County                  ,44,44,10409320,3,6,440000,0,0,0,1,18,12000000,44,44,10409320,3,6,440000,0,0,0,1,18,12000000
202008,13,135,3,5,Gwinnett County               ,382,382,89627518,0,0,0,0,0,0,1,33,4021763,344,344,78306366,0,0,0,0,0,0,0,0,0
202008,13,143,3,5,Haralson County               ,5,5,1144530,0,0,0,0,0,0,0,0,0,0,0,0,0,0,0,0,0,0,0,0,0
202008,13,145,3,5,Harris County                 ,22,22,5225870,0,0,0,0,0,0,0,0,0,22,22,5225870,0,0,0,0,0,0,0,0,0
202008,13,149,3,5,Heard County                  ,3,3,699387,0,0,0,0,0,0,0,0,0,3,3,699387,0,0,0,0,0,0,0,0,0
202008,13,151,3,5,Henry County                  ,136,136,28699043,0,0,0,0,0,0,0,0,0,89,89,21511199,0,0,0,0,0,0,0,0,0
202008,13,159,3,5,Jasper County                 ,7,7,937818,0,0,0,0,0,0,0,0,0,0,0,0,0,0,0,0,0,0,0,0,0
202008,13,171,3,5,Lamar County                  ,31,31,5992800,0,0,0,0,0,0,0,0,0,31,31,5992800,0,0,0,0,0,0,0,0,0
202008,13,177,3,5,Lee County                    ,10,10,572679,0,0,0,0,0,0,0,0,0,10,10,572679,0,0,0,0,0,0,0,0,0
202008,13,179,3,5,Liberty County                ,40,40,8026408,0,0,0,0,0,0,0,0,0,40,40,8026408,0,0,0,0,0,0,0,0,0
202008,13,189,3,5,McDuffie County               ,5,5,850000,0,0,0,0,0,0,0,0,0,5,5,850000,0,0,0,0,0,0,0,0,0
202008,13,199,3,5,Meriwether County             ,9,9,1727171,0,0,0,0,0,0,0,0,0,0,0,0,0,0,0,0,0,0,0,0,0
202008,13,201,3,5,Miller County                 ,1,1,243570,0,0,0,0,0,0,0,0,0,1,1,243570,0,0,0,0,0,0,0,0,0
202008,13,207,3,5,Monroe County                 ,17,17,5160000,0,0,0,0,0,0,0,0,0,17,17,5160000,0,0,0,0,0,0,0,0,0
202008,13,215,3,5,Muscogee County               ,108,108,10431200,0,0,0,0,0,0,4,313,54153989,108,108,10431200,0,0,0,0,0,0,4,313,54153989
202008,13,217,3,5,Newton County                 ,77,77,10304205,0,0,0,0,0,0,0,0,0,77,77,10304205,0,0,0,0,0,0,0,0,0
202008,13,227,3,5,Pickens County                ,27,27,8014457,0,0,0,0,0,0,0,0,0,26,26,7777000,0,0,0,0,0,0,0,0,0
202008,13,231,3,5,Pike County                   ,13,13,2475761,0,0,0,0,0,0,0,0,0,0,0,0,0,0,0,0,0,0,0,0,0
202008,13,235,3,5,Pulaski County                ,3,3,350000,0,0,0,0,0,0,0,0,0,3,3,350000,0,0,0,0,0,0,0,0,0
202008,13,245,3,5,Richmond County               ,55,55,9391174,0,0,0,0,0,0,0,0,0,55,55,9391174,0,0,0,0,0,0,0,0,0
202008,13,247,3,5,Rockdale County               ,48,48,13058460,0,0,0,0,0,0,0,0,0,48,48,13058460,0,0,0,0,0,0,0,0,0
202008,13,255,3,5,Spalding County               ,25,25,3453450,0,0,0,0,0,0,0,0,0,24,24,3375000,0,0,0,0,0,0,0,0,0
202008,13,275,3,5,Thomas County                 ,12,12,3306248,0,0,0,0,0,0,0,0,0,12,12,3306248,0,0,0,0,0,0,0,0,0
202008,13,291,3,5,Union County                  ,31,31,8972497,0,0,0,0,0,0,0,0,0,31,31,8972497,0,0,0,0,0,0,0,0,0
202008,15,001,4,9,Hawaii County                 ,60,60,31581356,0,0,0,0,0,0,0,0,0,60,60,31581356,0,0,0,0,0,0,0,0,0
202008,15,003,4,9,Honolulu County               ,93,93,38149841,0,0,0,1,3,1948873,4,85,15918602,0,0,0,0,0,0,0,0,0,0,0,0
202008,15,007,4,9,Kauai County                  ,11,11,7774135,0,0,0,0,0,0,0,0,0,11,11,7774135,0,0,0,0,0,0,0,0,0
202008,15,009,4,9,Maui County                   ,34,34,9233263,0,0,0,0,0,0,0,0,0,34,34,9233263,0,0,0,0,0,0,0,0,0
202008,16,001,4,8,Ada County                    ,435,435,115296785,1,2,375887,0,0,0,8,68,9360000,431,431,114913627,1,2,375887,0,0,0,8,68,9360000
202008,16,015,4,8,Boise County                  ,13,13,3935240,0,0,0,0,0,0,0,0,0,13,13,3935240,0,0,0,0,0,0,0,0,0
202008,16,027,4,8,Canyon County                 ,216,216,34173779,1,2,123710,2,7,520446,2,36,2951032,82,82,13903976,0,0,0,0,0,0,0,0,0
202008,16,045,4,8,Gem County                    ,13,13,2685670,0,0,0,0,0,0,0,0,0,13,13,2685670,0,0,0,0,0,0,0,0,0
202008,16,073,4,8,Owyhee County                 ,2,2,414595,0,0,0,0,0,0,0,0,0,0,0,0,0,0,0,0,0,0,0,0,0
202008,17,005,2,3,Bond County                   ,1,1,176208,0,0,0,0,0,0,0,0,0,0,0,0,0,0,0,0,0,0,0,0,0
202008,17,013,2,3,Calhoun County                ,1,1,60000,0,0,0,0,0,0,0,0,0,1,1,60000,0,0,0,0,0,0,0,0,0
202008,17,031,2,3,Cook County                   ,66,66,27585565,2,4,924667,2,6,665141,1,18,600000,40,40,18706761,1,2,523167,1,3,500000,1,18,600000
202008,17,037,2,3,DeKalb County                 ,8,8,2435000,0,0,0,0,0,0,0,0,0,8,8,2435000,0,0,0,0,0,0,0,0,0
202008,17,039,2,3,De Witt County                ,1,1,190000,0,0,0,0,0,0,0,0,0,1,1,190000,0,0,0,0,0,0,0,0,0
202008,17,043,2,3,DuPage County                 ,64,64,29559074,0,0,0,0,0,0,1,8,1386093,56,56,26051987,0,0,0,0,0,0,0,0,0
202008,17,063,2,3,Grundy County                 ,5,5,1370867,0,0,0,0,0,0,1,6,307692,4,4,1210318,0,0,0,0,0,0,0,0,0
202008,17,083,2,3,Jersey County                 ,9,9,2258020,0,0,0,0,0,0,0,0,0,4,4,768697,0,0,0,0,0,0,0,0,0
202008,17,093,2,3,Kendall County                ,76,76,11105540,0,0,0,0,0,0,0,0,0,66,66,9350123,0,0,0,0,0,0,0,0,0
202008,17,097,2,3,Lake County                   ,52,52,18167158,13,26,3924804,10,40,6419800,1,5,1029110,24,24,6902613,12,24,3530890,10,40,6419800,0,0,0
202008,17,111,2,3,McHenry County                ,51,51,8944780,0,0,0,0,0,0,0,0,0,43,43,7723568,0,0,0,0,0,0,0,0,0
202008,17,119,2,3,Madison County                ,38,38,9766289,1,2,224322,0,0,0,1,24,3900000,32,32,8335248,1,2,224322,0,0,0,1,24,3900000
202008,17,133,2,3,Monroe County                 ,8,8,2024758,1,2,300708,0,0,0,0,0,0,8,8,2024758,1,2,300708,0,0,0,0,0,0
202008,17,197,2,3,Will County                   ,114,114,30798254,3,6,791280,1,4,544000,1,6,766052,106,106,29074778,3,6,791280,1,4,544000,1,6,766052
202008,18,003,2,3,Allen County                  ,155,155,43158108,2,4,600000,1,3,300000,0,0,0,155,155,43158108,2,4,600000,1,3,300000,0,0,0
202008,18,011,2,3,Boone County                  ,61,61,19396539,0,0,0,0,0,0,0,0,0,61,61,19396539,0,0,0,0,0,0,0,0,0
202008,18,013,2,3,Brown County                  ,5,5,1392197,0,0,0,0,0,0,0,0,0,5,5,1392197,0,0,0,0,0,0,0,0,0
202008,18,019,2,3,Clark County                  ,51,51,11370089,0,0,0,0,0,0,0,0,0,35,35,8076776,0,0,0,0,0,0,0,0,0
202008,18,047,2,3,Franklin County               ,3,3,855000,0,0,0,0,0,0,0,0,0,3,3,855000,0,0,0,0,0,0,0,0,0
202008,18,057,2,3,Hamilton County               ,217,217,65153384,2,4,800000,1,4,1065000,1,37,2000000,209,209,62690896,2,4,800000,1,4,1065000,1,37,2000000
202008,18,059,2,3,Hancock County                ,70,70,19142649,3,6,150000,0,0,0,0,0,0,70,70,19142649,3,6,150000,0,0,0,0,0,0
202008,18,061,2,3,Harrison County               ,5,5,1525000,0,0,0,0,0,0,0,0,0,5,5,1525000,0,0,0,0,0,0,0,0,0
202008,18,063,2,3,Hendricks County              ,103,103,27534213,0,0,0,0,0,0,0,0,0,72,72,19275938,0,0,0,0,0,0,0,0,0
202008,18,069,2,3,Huntington County             ,8,8,1517100,0,0,0,0,0,0,0,0,0,8,8,1517100,0,0,0,0,0,0,0,0,0
202008,18,073,2,3,Jasper County                 ,14,14,3664409,0,0,0,0,0,0,0,0,0,14,14,3664409,0,0,0,0,0,0,0,0,0
202008,18,081,2,3,Johnson County                ,71,71,22549157,2,4,839500,0,0,0,0,0,0,71,71,22549157,2,4,839500,0,0,0,0,0,0
202008,18,087,2,3,Lagrange County               ,13,13,3693000,0,0,0,0,0,0,0,0,0,13,13,3693000,0,0,0,0,0,0,0,0,0
202008,18,089,2,3,Lake County                   ,152,152,42695042,1,2,354039,0,0,0,0,0,0,149,149,41951490,1,2,354039,0,0,0,0,0,0
202008,18,097,2,3,Marion County                 ,143,143,40121741,0,0,0,0,0,0,2,35,5403333,143,143,40121741,0,0,0,0,0,0,1,30,5300000
202008,18,105,2,3,Monroe County                 ,13,13,3619712,1,2,300708,0,0,0,4,53,6621778,13,13,3619712,1,2,300708,0,0,0,4,53,6621778
202008,18,109,2,3,Morgan County                 ,44,44,9356190,0,0,0,0,0,0,0,0,0,44,44,9356190,0,0,0,0,0,0,0,0,0
202008,18,111,2,3,Newton County                 ,2,2,420429,0,0,0,0,0,0,0,0,0,0,0,0,0,0,0,0,0,0,0,0,0
202008,18,115,2,3,Ohio County                   ,1,1,300000,0,0,0,0,0,0,0,0,0,1,1,300000,0,0,0,0,0,0,0,0,0
202008,18,119,2,3,Owen County                   ,3,3,802421,0,0,0,0,0,0,0,0,0,0,0,0,0,0,0,0,0,0,0,0,0
202008,18,127,2,3,Porter County                 ,44,44,12875068,2,4,260000,0,0,0,0,0,0,30,30,10863471,2,4,260000,0,0,0,0,0,0
202008,18,133,2,3,Putnam County                 ,15,15,4115500,0,0,0,0,0,0,0,0,0,14,14,3737833,0,0,0,0,0,0,0,0,0
202008,18,145,2,3,Shelby County                 ,7,7,1607164,0,0,0,0,0,0,0,0,0,3,3,952000,0,0,0,0,0,0,0,0,0
202008,18,151,2,3,Steuben County                ,10,10,2447853,0,0,0,0,0,0,0,0,0,10,10,2447853,0,0,0,0,0,0,0,0,0
202008,18,157,2,3,Tippecanoe County             ,17,17,4760030,0,0,0,0,0,0,0,0,0,17,17,4760030,0,0,0,0,0,0,0,0,0
202008,18,163,2,3,Vanderburgh County            ,54,54,11674696,3,6,591806,0,0,0,0,0,0,39,39,8803601,2,4,345000,0,0,0,0,0,0
202008,18,167,2,3,Vigo County                   ,1,1,221809,1,2,208125,0,0,0,0,0,0,0,0,0,0,0,0,0,0,0,0,0,0
202008,18,175,2,3,Washington County             ,5,5,1499704,0,0,0,0,0,0,0,0,0,4,4,1241000,0,0,0,0,0,0,0,0,0
202008,18,183,2,3,Whitley County                ,5,5,1347395,0,0,0,0,0,0,0,0,0,5,5,1347395,0,0,0,0,0,0,0,0,0
202008,19,049,2,4,Dallas County                 ,67,67,19535096,0,0,0,0,0,0,1,5,460526,60,60,16532096,0,0,0,0,0,0,0,0,0
202008,19,085,2,4,Harrison County               ,4,4,925000,0,0,0,0,0,0,0,0,0,3,3,700000,0,0,0,0,0,0,0,0,0
202008,19,129,2,4,Mills County                  ,0,0,0,1,2,225000,0,0,0,0,0,0,0,0,0,0,0,0,0,0,0,0,0,0
202008,19,153,2,4,Polk County                   ,291,291,82052399,2,4,874188,0,0,0,3,188,19202950,281,281,79022179,2,4,874188,0,0,0,2,179,18267950
202008,19,181,2,4,Warren County                 ,34,34,9027603,3,6,1300000,0,0,0,0,0,0,27,27,6481093,3,6,1300000,0,0,0,0,0,0
202008,20,061,2,4,Geary County                  ,1,1,260128,0,0,0,0,0,0,0,0,0,0,0,0,0,0,0,0,0,0,0,0,0
202008,20,091,2,4,Johnson County                ,169,169,66548577,2,4,1166058,0,0,0,0,0,0,155,155,59458772,1,2,725900,0,0,0,0,0,0
202008,20,103,2,4,Leavenworth County            ,18,18,3561007,0,0,0,0,0,0,0,0,0,17,17,3289611,0,0,0,0,0,0,0,0,0
202008,20,107,2,4,Linn County                   ,7,7,1441849,0,0,0,0,0,0,0,0,0,5,5,1250000,0,0,0,0,0,0,0,0,0
202008,20,121,2,4,Miami County                  ,6,6,2199984,0,0,0,0,0,0,0,0,0,0,0,0,0,0,0,0,0,0,0,0,0
202008,20,209,2,4,Wyandotte County              ,20,20,3848044,1,2,193738,0,0,0,0,0,0,0,0,0,0,0,0,0,0,0,0,0,0
202008,21,005,3,6,Anderson County               ,12,12,1856380,1,2,100000,0,0,0,0,0,0,12,12,1856380,1,2,100000,0,0,0,0,0,0
202008,21,015,3,6,Boone County                  ,80,80,13796326,0,0,0,0,0,0,4,64,5860000,80,80,13796326,0,0,0,0,0,0,4,64,5860000
202008,21,017,3,6,Bourbon County                ,6,6,1450000,0,0,0,0,0,0,0,0,0,6,6,1450000,0,0,0,0,0,0,0,0,0
202008,21,021,3,6,Boyle County                  ,2,2,376616,2,4,365852,0,0,0,0,0,0,0,0,0,0,0,0,0,0,0,0,0,0
202008,21,029,3,6,Bullitt County                ,47,47,13274288,0,0,0,0,0,0,0,0,0,47,47,13274288,0,0,0,0,0,0,0,0,0
202008,21,035,3,6,Calloway County               ,2,2,542000,0,0,0,0,0,0,0,0,0,2,2,542000,0,0,0,0,0,0,0,0,0
202008,21,037,3,6,Campbell County               ,18,18,5501976,0,0,0,0,0,0,1,5,1021944,1,1,330000,0,0,0,0,0,0,0,0,0
202008,21,045,3,6,Casey County                  ,0,0,0,0,0,0,0,0,0,0,0,0,0,0,0,0,0,0,0,0,0,0,0,0
202008,21,047,3,6,Christian County              ,8,8,778400,0,0,0,0,0,0,0,0,0,6,6,636000,0,0,0,0,0,0,0,0,0
202008,21,049,3,6,Clark County                  ,5,5,1165868,0,0,0,0,0,0,0,0,0,0,0,0,0,0,0,0,0,0,0,0,0
202008,21,059,3,6,Daviess County                ,22,22,1939372,0,0,0,0,0,0,0,0,0,22,22,1939372,0,0,0,0,0,0,0,0,0
202008,21,067,3,6,Fayette County                ,62,62,13960612,0,0,0,0,0,0,1,62,6744767,0,0,0,0,0,0,0,0,0,0,0,0
202008,21,069,3,6,Fleming County                ,0,0,0,0,0,0,0,0,0,0,0,0,0,0,0,0,0,0,0,0,0,0,0,0
202008,21,077,3,6,Gallatin County               ,2,2,412275,0,0,0,0,0,0,0,0,0,0,0,0,0,0,0,0,0,0,0,0,0
202008,21,081,3,6,Grant County                  ,6,6,1112095,0,0,0,0,0,0,0,0,0,0,0,0,0,0,0,0,0,0,0,0,0
202008,21,091,3,6,Hancock County                ,1,1,204898,0,0,0,0,0,0,0,0,0,0,0,0,0,0,0,0,0,0,0,0,0
202008,21,099,3,6,Hart County                   ,1,1,87321,0,0,0,0,0,0,1,5,567738,0,0,0,0,0,0,0,0,0,0,0,0
202008,21,101,3,6,Henderson County              ,3,3,882000,0,0,0,0,0,0,0,0,0,3,3,882000,0,0,0,0,0,0,0,0,0
202008,21,103,3,6,Henry County                  ,7,7,1263500,0,0,0,0,0,0,0,0,0,7,7,1263500,0,0,0,0,0,0,0,0,0
202008,21,111,3,6,Jefferson County              ,132,132,40393024,1,2,207690,0,0,0,8,163,15856653,4,4,1210000,0,0,0,0,0,0,0,0,0
202008,21,113,3,6,Jessamine County              ,18,18,6006164,0,0,0,2,7,1146000,0,0,0,6,6,4195000,0,0,0,1,4,720000,0,0,0
202008,21,115,3,6,Johnson County                ,0,0,0,0,0,0,0,0,0,0,0,0,0,0,0,0,0,0,0,0,0,0,0,0
202008,21,117,3,6,Kenton County                 ,30,30,8919434,0,0,0,0,0,0,0,0,0,30,30,8919434,0,0,0,0,0,0,0,0,0
202008,21,121,3,6,Knox County                   ,0,0,0,0,0,0,0,0,0,0,0,0,0,0,0,0,0,0,0,0,0,0,0,0
202008,21,123,3,6,Larue County                  ,3,3,699387,0,0,0,0,0,0,0,0,0,3,3,699387,0,0,0,0,0,0,0,0,0
202008,21,137,3,6,Lincoln County                ,5,5,500000,0,0,0,0,0,0,0,0,0,5,5,500000,0,0,0,0,0,0,0,0,0
202008,21,145,3,6,McCracken County              ,11,11,2720335,0,0,0,0,0,0,0,0,0,1,1,450500,0,0,0,0,0,0,0,0,0
202008,21,151,3,6,Madison County                ,31,31,3422214,1,2,112996,0,0,0,1,5,168572,17,17,2195000,0,0,0,0,0,0,0,0,0
202008,21,157,3,6,Marshall County               ,13,13,2773000,1,2,600000,0,0,0,0,0,0,13,13,2773000,1,2,600000,0,0,0,0,0,0
202008,21,161,3,6,Mason County                  ,1,1,350000,0,0,0,0,0,0,0,0,0,1,1,350000,0,0,0,0,0,0,0,0,0
202008,21,163,3,6,Meade County                  ,21,21,4474500,0,0,0,0,0,0,0,0,0,21,21,4474500,0,0,0,0,0,0,0,0,0
202008,21,167,3,6,Mercer County                 ,5,5,855326,0,0,0,0,0,0,0,0,0,0,0,0,0,0,0,0,0,0,0,0,0
202008,21,175,3,6,Morgan County                 ,0,0,0,0,0,0,0,0,0,0,0,0,0,0,0,0,0,0,0,0,0,0,0,0
202008,21,179,3,6,Nelson County                 ,21,21,4050000,0,0,0,0,0,0,0,0,0,21,21,4050000,0,0,0,0,0,0,0,0,0
202008,21,185,3,6,Oldham County                 ,24,24,8783407,0,0,0,0,0,0,1,5,246094,0,0,0,0,0,0,0,0,0,0,0,0
202008,21,191,3,6,Pendleton County              ,0,0,0,0,0,0,0,0,0,0,0,0,0,0,0,0,0,0,0,0,0,0,0,0
202008,21,209,3,6,Scott County                  ,28,28,5883698,8,16,1744000,0,0,0,0,0,0,28,28,5883698,8,16,1744000,0,0,0,0,0,0
202008,21,211,3,6,Shelby County                 ,17,17,5599806,0,0,0,0,0,0,0,0,0,17,17,5599806,0,0,0,0,0,0,0,0,0
202008,21,213,3,6,Simpson County                ,23,23,3286000,6,12,480000,10,40,3982280,0,0,0,23,23,3286000,6,12,480000,10,40,3982280,0,0,0
202008,21,215,3,6,Spencer County                ,21,21,4895709,0,0,0,0,0,0,0,0,0,21,21,4895709,0,0,0,0,0,0,0,0,0
202008,21,221,3,6,Trigg County                  ,0,0,0,0,0,0,0,0,0,0,0,0,0,0,0,0,0,0,0,0,0,0,0,0
202008,21,239,3,6,Woodford County               ,11,11,3328345,0,0,0,0,0,0,0,0,0,11,11,3328345,0,0,0,0,0,0,0,0,0
202008,22,005,3,7,Ascension Parish              ,91,91,14102738,0,0,0,0,0,0,0,0,0,0,0,0,0,0,0,0,0,0,0,0,0
202008,22,015,3,7,Bossier Parish                ,68,68,13340757,0,0,0,0,0,0,0,0,0,0,0,0,0,0,0,0,0,0,0,0,0
202008,22,017,3,7,Caddo Parish                  ,32,32,7149873,0,0,0,0,0,0,0,0,0,0,0,0,0,0,0,0,0,0,0,0,0
202008,22,031,3,7,De Soto Parish                ,7,7,1735720,0,0,0,0,0,0,0,0,0,2,2,550000,0,0,0,0,0,0,0,0,0
202008,22,033,3,7,East Baton Rouge Parish       ,146,146,36186440,0,0,0,0,0,0,0,0,0,145,145,36035756,0,0,0,0,0,0,0,0,0
202008,22,037,3,7,East Feliciana Parish         ,6,6,1254455,0,0,0,0,0,0,0,0,0,6,6,1254455,0,0,0,0,0,0,0,0,0
202008,22,047,3,7,Iberville Parish              ,10,10,2582342,0,0,0,0,0,0,0,0,0,1,1,400000,0,0,0,0,0,0,0,0,0
202008,22,051,3,7,Jefferson Parish              ,47,47,10366279,0,0,0,0,0,0,0,0,0,44,44,9829399,0,0,0,0,0,0,0,0,0
202008,22,055,3,7,Lafayette Parish              ,166,166,28055325,0,0,0,0,0,0,0,0,0,166,166,28055325,0,0,0,0,0,0,0,0,0
202008,22,063,3,7,Livingston Parish             ,94,94,19068151,0,0,0,0,0,0,0,0,0,2,2,415000,0,0,0,0,0,0,0,0,0
202008,22,071,3,7,Orleans Parish                ,59,59,12933385,13,26,2795421,0,0,0,1,38,7071486,0,0,0,0,0,0,0,0,0,0,0,0
202008,22,075,3,7,Plaquemines Parish            ,3,3,1492682,0,0,0,0,0,0,0,0,0,3,3,1492682,0,0,0,0,0,0,0,0,0
202008,22,077,3,7,Pointe Coupee Parish          ,6,6,1388400,0,0,0,0,0,0,0,0,0,6,6,1388400,0,0,0,0,0,0,0,0,0
202008,22,087,3,7,St. Bernard Parish            ,34,34,6677651,2,4,352000,0,0,0,0,0,0,34,34,6677651,2,4,352000,0,0,0,0,0,0
202008,22,089,3,7,St. Charles Parish            ,14,14,3965200,0,0,0,0,0,0,0,0,0,14,14,3965200,0,0,0,0,0,0,0,0,0
202008,22,091,3,7,St. Helena Parish             ,4,4,712488,0,0,0,0,0,0,0,0,0,0,0,0,0,0,0,0,0,0,0,0,0
202008,22,095,3,7,St. John the Baptist Parish   ,6,6,1147000,0,0,0,0,0,0,0,0,0,6,6,1147000,0,0,0,0,0,0,0,0,0
202008,22,099,3,7,St. Martin Parish             ,19,19,3542568,0,0,0,0,0,0,0,0,0,2,2,453722,0,0,0,0,0,0,0,0,0
202008,22,103,3,7,St. Tammany Parish            ,137,137,30595859,0,0,0,0,0,0,0,0,0,137,137,30595859,0,0,0,0,0,0,0,0,0
202008,22,109,3,7,Terrebonne Parish             ,14,14,3817922,1,2,155556,1,3,261750,0,0,0,0,0,0,0,0,0,0,0,0,0,0,0
202008,22,121,3,7,West Baton Rouge Parish       ,11,11,1949004,0,0,0,0,0,0,0,0,0,9,9,1766880,0,0,0,0,0,0,0,0,0
202008,22,125,3,7,West Feliciana Parish         ,6,6,1719549,0,0,0,0,0,0,0,0,0,6,6,1719549,0,0,0,0,0,0,0,0,0
202008,23,000,1,1,Maine Unorganized Territory   ,8,8,1062402,0,0,0,0,0,0,0,0,0,0,0,0,0,0,0,0,0,0,0,0,0
202008,24,003,3,5,Anne Arundel County           ,182,182,30849384,0,0,0,0,0,0,1,15,3784024,178,178,29925291,0,0,0,0,0,0,0,0,0
202008,24,005,3,5,Baltimore County              ,30,30,8272000,0,0,0,0,0,0,1,10,25000000,30,30,8272000,0,0,0,0,0,0,1,10,25000000
202008,24,009,3,5,Calvert County                ,22,22,5128838,0,0,0,0,0,0,0,0,0,22,22,5128838,0,0,0,0,0,0,0,0,0
202008,24,013,3,5,Carroll County                ,56,56,10929325,0,0,0,0,0,0,0,0,0,56,56,10929325,0,0,0,0,0,0,0,0,0
202008,24,015,3,5,Cecil County                  ,24,24,5607330,0,0,0,0,0,0,0,0,0,23,23,5475057,0,0,0,0,0,0,0,0,0
202008,24,017,3,5,Charles County                ,61,61,17530730,0,0,0,0,0,0,0,0,0,61,61,17530730,0,0,0,0,0,0,0,0,0
202008,24,021,3,5,Frederick County              ,60,60,13987740,0,0,0,6,23,3008296,8,50,5992870,60,60,13987740,0,0,0,6,23,3008296,8,50,5992870
202008,24,023,3,5,Garrett County                ,6,6,1329200,0,0,0,0,0,0,0,0,0,6,6,1329200,0,0,0,0,0,0,0,0,0
202008,24,025,3,5,Harford County                ,76,76,24553760,0,0,0,0,0,0,0,0,0,76,76,24553760,0,0,0,0,0,0,0,0,0
202008,24,027,3,5,Howard County                 ,56,56,11454652,0,0,0,0,0,0,0,0,0,56,56,11454652,0,0,0,0,0,0,0,0,0
202008,24,031,3,5,Montgomery County             ,58,58,12028347,0,0,0,0,0,0,1,5,640625,58,58,12028347,0,0,0,0,0,0,0,0,0
202008,24,033,3,5,Prince George County          ,176,176,41281129,0,0,0,0,0,0,0,0,0,172,172,40098188,0,0,0,0,0,0,0,0,0
202008,24,035,3,5,Queen Anne County             ,30,30,6263480,0,0,0,0,0,0,1,7,1152170,5,5,952000,0,0,0,0,0,0,0,0,0
202008,24,037,3,5,St. Marys County              ,67,67,15068809,1,2,325000,0,0,0,1,5,895837,7,7,2541000,0,0,0,0,0,0,0,0,0
202008,24,039,3,5,Somerset County               ,1,1,180000,0,0,0,0,0,0,0,0,0,1,1,180000,0,0,0,0,0,0,0,0,0
202008,24,045,3,5,Wicomico County               ,33,33,5223340,0,0,0,0,0,0,0,0,0,33,33,5223340,0,0,0,0,0,0,0,0,0
202008,24,510,3,5,Baltimore (Independent City)  ,11,11,1670000,0,0,0,0,0,0,3,541,88973776,11,11,1670000,0,0,0,0,0,0,3,541,88973776
202008,25,005,1,1,Bristol County                ,58,58,11927836,1,2,170000,0,0,0,1,12,700000,31,31,6812125,1,2,170000,0,0,0,1,12,700000
202008,25,009,1,1,Essex County                  ,47,47,19488654,7,14,2802836,0,0,0,3,16,2601366,29,29,12666058,4,8,1717500,0,0,0,1,6,562500
202008,25,017,1,1,Middlesex County              ,109,109,34874758,7,14,3136311,2,6,1019397,28,166,13114190,56,56,17801778,4,8,1166000,1,3,414002,0,0,0
202008,25,021,1,1,Norfolk County                ,59,59,24085671,5,10,1887602,2,6,562376,4,55,8355541,35,35,17797320,4,8,1588000,1,3,168000,1,36,6500000
202008,25,023,1,1,Plymouth County               ,96,96,24689543,4,8,1000000,1,4,480000,3,16,2072333,40,40,12065568,4,8,1000000,1,4,480000,2,11,1364000
202008,25,025,1,1,Suffolk County                ,2,2,525994,3,6,1991000,4,14,2955000,4,58,10255907,1,1,350000,3,6,1991000,4,14,2955000,3,53,9100000
202008,26,000,2,3,Michigan Balance of State     ,7,7,1314291,0,0,0,0,0,0,0,0,0,0,0,0,0,0,0,0,0,0,0,0,0
202008,26,019,2,3,Benzie County                 ,7,7,1062503,0,0,0,0,0,0,0,0,0,7,7,1062503,0,0,0,0,0,0,0,0,0
202008,26,029,2,3,Charlevoix County             ,11,11,2651978,0,0,0,0,0,0,0,0,0,0,0,0,0,0,0,0,0,0,0,0,0
202008,26,089,2,3,Leelanau County               ,8,8,1761845,0,0,0,0,0,0,0,0,0,8,8,1761845,0,0,0,0,0,0,0,0,0
202008,26,093,2,3,Livingston County             ,65,65,17410065,0,0,0,1,3,389506,0,0,0,65,65,17410065,0,0,0,1,3,389506,0,0,0
202008,26,095,2,3,Luce County                   ,0,0,0,0,0,0,0,0,0,0,0,0,0,0,0,0,0,0,0,0,0,0,0,0
202008,26,099,2,3,Macomb County                 ,112,112,37374196,1,2,280000,1,4,638052,2,22,3763144,108,108,36612484,0,0,0,1,4,638052,2,22,3763144
202008,26,103,2,3,Marquette County              ,9,9,1598490,2,4,500000,0,0,0,0,0,0,9,9,1598490,2,4,500000,0,0,0,0,0,0
202008,26,137,2,3,Otsego County                 ,2,2,162000,0,0,0,0,0,0,0,0,0,0,0,0,0,0,0,0,0,0,0,0,0
202008,26,147,2,3,St. Clair County              ,27,27,5962858,0,0,0,0,0,0,0,0,0,17,17,3689405,0,0,0,0,0,0,0,0,0
202008,26,163,2,3,Wayne County                  ,95,95,29701363,0,0,0,0,0,0,6,49,8379051,86,86,28426761,0,0,0,0,0,0,3,34,4969960
202008,27,003,2,4,Anoka County                  ,122,122,34667944,0,0,0,0,0,0,0,0,0,113,113,32296106,0,0,0,0,0,0,0,0,0
202008,27,019,2,4,Carver County                 ,68,68,19989949,1,2,493425,0,0,0,0,0,0,62,62,18081501,0,0,0,0,0,0,0,0,0
202008,27,025,2,4,Chisago County                ,21,21,4078404,0,0,0,0,0,0,0,0,0,15,15,3055367,0,0,0,0,0,0,0,0,0
202008,27,027,2,4,Clay County                   ,24,24,5865750,0,0,0,0,0,0,0,0,0,24,24,5865750,0,0,0,0,0,0,0,0,0
202008,27,037,2,4,Dakota County                 ,109,109,29788591,0,0,0,3,12,2370942,2,16,3253600,107,107,29339395,0,0,0,3,12,2370942,2,16,3253600
202008,27,053,2,4,Hennepin County               ,186,186,76368631,1,2,390000,2,7,2432200,2,91,16459925,153,153,64750179,1,2,390000,2,7,2432200,2,91,16459925
202008,27,059,2,4,Isanti County                 ,28,28,5838880,0,0,0,0,0,0,0,0,0,28,28,5838880,0,0,0,0,0,0,0,0,0
202008,27,123,2,4,Ramsey County                 ,9,9,3626470,1,2,375000,0,0,0,3,233,20612814,6,6,1706138,1,2,375000,0,0,0,2,228,20082472
202008,27,139,2,4,Scott County                  ,59,59,18781638,0,0,0,0,0,0,0,0,0,36,36,12399512,0,0,0,0,0,0,0,0,0
202008,27,141,2,4,Sherburne County              ,63,63,13952436,0,0,0,0,0,0,0,0,0,62,62,13810491,0,0,0,0,0,0,0,0,0
202008,27,163,2,4,Washington County             ,164,164,52673814,0,0,0,0,0,0,2,20,2302640,159,159,51292674,0,0,0,0,0,0,1,8,1312000
202008,27,171,2,4,Wright County                 ,125,125,35244186,0,0,0,1,4,738960,0,0,0,123,123,34794729,0,0,0,1,4,738960,0,0,0
202008,28,033,3,6,DeSoto County                 ,157,157,28736906,0,0,0,0,0,0,0,0,0,129,129,24295437,0,0,0,0,0,0,0,0,0
202008,28,041,3,6,Greene County                 ,0,0,0,0,0,0,0,0,0,0,0,0,0,0,0,0,0,0,0,0,0,0,0,0
202008,28,045,3,6,Hancock County                ,53,53,9477746,0,0,0,1,4,401445,1,7,592639,11,11,2735550,0,0,0,0,0,0,0,0,0
202008,28,047,3,6,Harrison County               ,91,91,19547802,0,0,0,0,0,0,0,0,0,72,72,16942402,0,0,0,0,0,0,0,0,0
202008,28,067,3,6,Jones County                  ,0,0,0,0,0,0,0,0,0,0,0,0,0,0,0,0,0,0,0,0,0,0,0,0
202008,28,129,3,6,Smith County                  ,0,0,0,0,0,0,0,0,0,0,0,0,0,0,0,0,0,0,0,0,0,0,0,0
202008,28,137,3,6,Tate County                   ,12,12,2553588,0,0,0,0,0,0,0,0,0,8,8,1689000,0,0,0,0,0,0,0,0,0
202008,28,143,3,6,Tunica County                 ,8,8,1784788,0,0,0,0,0,0,0,0,0,0,0,0,0,0,0,0,0,0,0,0,0
202008,28,145,3,6,Union County                  ,0,0,0,0,0,0,0,0,0,0,0,0,0,0,0,0,0,0,0,0,0,0,0,0
202008,28,149,3,6,Warren County                 ,3,3,668198,0,0,0,0,0,0,0,0,0,0,0,0,0,0,0,0,0,0,0,0,0
202008,29,013,2,4,Bates County                  ,2,2,500000,0,0,0,0,0,0,0,0,0,2,2,500000,0,0,0,0,0,0,0,0,0
202008,29,017,2,4,Bollinger County              ,0,0,0,0,0,0,0,0,0,0,0,0,0,0,0,0,0,0,0,0,0,0,0,0
202008,29,019,2,4,Boone County                  ,54,54,14169162,0,0,0,0,0,0,0,0,0,23,23,7151019,0,0,0,0,0,0,0,0,0
202008,29,049,2,4,Clinton County                ,6,6,1339371,0,0,0,0,0,0,0,0,0,1,1,165000,0,0,0,0,0,0,0,0,0
202008,29,065,2,4,Dent County                   ,0,0,0,0,0,0,0,0,0,0,0,0,0,0,0,0,0,0,0,0,0,0,0,0
202008,29,071,2,4,Franklin County               ,22,22,4645340,4,8,998748,0,0,0,2,50,7566825,22,22,4645340,4,8,998748,0,0,0,2,50,7566825
202008,29,095,2,4,Jackson County                ,215,215,51986376,2,4,360000,4,15,1227450,13,441,25803144,205,205,49205996,2,4,360000,3,12,766050,12,436,25222384
202008,29,099,2,4,Jefferson County              ,86,86,21152711,1,2,240000,0,0,0,0,0,0,79,79,19658203,1,2,240000,0,0,0,0,0,0
202008,29,105,2,4,Laclede County                ,5,5,893150,0,0,0,0,0,0,0,0,0,5,5,893150,0,0,0,0,0,0,0,0,0
202008,29,107,2,4,Lafayette County              ,6,6,1627197,0,0,0,0,0,0,0,0,0,6,6,1627197,0,0,0,0,0,0,0,0,0
202008,29,113,2,4,Lincoln County                ,21,21,3044104,1,2,220000,0,0,0,0,0,0,21,21,3044104,1,2,220000,0,0,0,0,0,0
202008,29,165,2,4,Platte County                 ,33,33,8634888,0,0,0,0,0,0,0,0,0,32,32,8290232,0,0,0,0,0,0,0,0,0
202008,29,185,2,4,St. Clair County              ,0,0,0,0,0,0,0,0,0,0,0,0,0,0,0,0,0,0,0,0,0,0,0,0
202008,29,189,2,4,St. Louis County              ,82,82,37610406,0,0,0,0,0,0,2,16,1553063,34,34,14738875,0,0,0,0,0,0,0,0,0
202008,29,219,2,4,Warren County                 ,35,35,8829608,0,0,0,0,0,0,0,0,0,33,33,8294932,0,0,0,0,0,0,0,0,0
202008,29,221,2,4,Washington County             ,0,0,0,0,0,0,0,0,0,0,0,0,0,0,0,0,0,0,0,0,0,0,0,0
202008,29,510,2,4,St. Louis (Independent City)  ,9,9,3897000,2,4,1140000,0,0,0,0,0,0,9,9,3897000,2,4,1140000,0,0,0,0,0,0
202008,30,013,4,8,Cascade County                ,20,20,4287729,0,0,0,0,0,0,0,0,0,20,20,4287729,0,0,0,0,0,0,0,0,0
202008,30,033,4,8,Garfield County               ,0,0,0,0,0,0,0,0,0,0,0,0,0,0,0,0,0,0,0,0,0,0,0,0
202008,30,063,4,8,Missoula County               ,50,50,10393035,2,4,236032,1,3,175000,1,34,1456251,50,50,10393035,2,4,236032,1,3,175000,1,34,1456251
202008,30,093,4,8,Silver Bow County             ,2,2,204468,22,44,3850000,0,0,0,0,0,0,2,2,204468,22,44,3850000,0,0,0,0,0,0
202008,31,001,2,4,Adams County                  ,3,3,799790,0,0,0,0,0,0,0,0,0,2,2,521576,0,0,0,0,0,0,0,0,0
202008,31,025,2,4,Cass County                   ,16,16,3380410,0,0,0,0,0,0,0,0,0,10,10,2256552,0,0,0,0,0,0,0,0,0
202008,31,033,2,4,Cheyenne County               ,0,0,0,0,0,0,0,0,0,0,0,0,0,0,0,0,0,0,0,0,0,0,0,0
202008,31,055,2,4,Douglas County                ,189,189,28522571,0,0,0,0,0,0,0,0,0,181,181,25303582,0,0,0,0,0,0,0,0,0
202008,31,105,2,4,Kimball County                ,0,0,0,0,0,0,0,0,0,0,0,0,0,0,0,0,0,0,0,0,0,0,0,0
202008,31,153,2,4,Sarpy County                  ,144,144,38420680,0,0,0,0,0,0,0,0,0,103,103,27621531,0,0,0,0,0,0,0,0,0
202008,31,165,2,4,Sioux County                  ,0,0,0,0,0,0,0,0,0,0,0,0,0,0,0,0,0,0,0,0,0,0,0,0
202008,31,177,2,4,Washington County             ,4,4,957943,0,0,0,0,0,0,0,0,0,4,4,957943,0,0,0,0,0,0,0,0,0
202008,32,001,4,8,Churchill County              ,19,19,3747697,0,0,0,0,0,0,0,0,0,19,19,3747697,0,0,0,0,0,0,0,0,0
202008,32,003,4,8,Clark County                  ,854,854,211238424,41,82,3859344,13,44,5579253,13,78,6443124,854,854,211238424,41,82,3859344,13,44,5579253,13,78,6443124
202008,32,005,4,8,Douglas County                ,17,17,9721371,0,0,0,0,0,0,0,0,0,17,17,9721371,0,0,0,0,0,0,0,0,0
202008,32,007,4,8,Elko County                   ,13,13,1943515,0,0,0,0,0,0,0,0,0,13,13,1943515,0,0,0,0,0,0,0,0,0
202008,32,013,4,8,Humboldt County               ,1,1,172236,0,0,0,0,0,0,0,0,0,0,0,0,0,0,0,0,0,0,0,0,0
202008,32,015,4,8,Lander County                 ,0,0,0,0,0,0,0,0,0,0,0,0,0,0,0,0,0,0,0,0,0,0,0,0
202008,32,017,4,8,Lincoln County                ,2,2,400000,0,0,0,0,0,0,0,0,0,2,2,400000,0,0,0,0,0,0,0,0,0
202008,32,019,4,8,Lyon County                   ,14,14,3571056,0,0,0,0,0,0,0,0,0,3,3,606814,0,0,0,0,0,0,0,0,0
202008,32,021,4,8,Mineral County                ,0,0,0,0,0,0,0,0,0,0,0,0,0,0,0,0,0,0,0,0,0,0,0,0
202008,32,027,4,8,Pershing County               ,0,0,0,0,0,0,0,0,0,0,0,0,0,0,0,0,0,0,0,0,0,0,0,0
202008,32,029,4,8,Storey County                 ,0,0,0,0,0,0,0,0,0,0,0,0,0,0,0,0,0,0,0,0,0,0,0,0
202008,32,031,4,8,Washoe County                 ,230,230,63506115,2,4,413804,1,4,539328,8,129,16910874,50,50,12346365,0,0,0,0,0,0,0,0,0
202008,32,033,4,8,White Pine County             ,1,1,281765,0,0,0,0,0,0,0,0,0,0,0,0,0,0,0,0,0,0,0,0,0
202008,32,510,4,8,Carson City (Independent City),17,17,4525385,0,0,0,0,0,0,1,5,499223,0,0,0,0,0,0,0,0,0,0,0,0
202008,33,015,1,1,Rockingham County             ,55,55,17122682,2,4,891716,2,8,1061091,2,28,4120735,41,41,13207298,1,2,425000,2,8,1061091,1,23,3700000
202008,33,017,1,1,Strafford County              ,36,36,8343716,0,0,0,0,0,0,1,7,455000,34,34,7774327,0,0,0,0,0,0,1,7,455000
202008,34,001,1,2,Atlantic County               ,45,45,7785519,0,0,0,0,0,0,3,16,1716279,37,37,5918444,0,0,0,0,0,0,0,0,0
202008,34,003,1,2,Bergen County                 ,101,101,27831016,15,30,4695934,0,0,0,11,103,13489546,66,66,18180731,12,24,3498295,0,0,0,0,0,0
202008,34,005,1,2,Burlington County             ,76,76,12069248,0,0,0,0,0,0,8,92,4113279,38,38,5983910,0,0,0,0,0,0,0,0,0
202008,34,007,1,2,Camden County                 ,41,41,5718734,0,0,0,1,3,158100,10,93,6623527,35,35,5051298,0,0,0,0,0,0,8,70,4437000
202008,34,009,1,2,Cape May County               ,28,28,9064387,5,10,2536808,0,0,100000,0,0,0,27,27,8818297,5,10,2536808,0,0,100000,0,0,0
202008,34,011,1,2,Cumberland County             ,9,9,839724,0,0,0,0,0,0,0,0,0,9,9,839724,0,0,0,0,0,0,0,0,0
202008,34,013,1,2,Essex County                  ,33,33,7875841,26,52,1680054,2,6,398159,5,91,3718169,30,30,7266368,26,52,1680054,2,6,398159,1,70,2000000
202008,34,015,1,2,Gloucester County             ,45,45,6169242,1,2,68214,0,0,0,3,16,1190451,25,25,3562350,0,0,0,0,0,0,0,0,0
202008,34,017,1,2,Hudson County                 ,71,71,4424212,3,6,541426,0,0,0,7,226,38870049,68,68,4017269,1,2,160000,0,0,0,4,153,31345000
202008,34,019,1,2,Hunterdon County              ,17,17,4225676,0,0,0,0,0,0,1,5,323111,14,14,3261180,0,0,0,0,0,0,0,0,0
202008,34,021,1,2,Mercer County                 ,11,11,1585971,0,0,0,0,0,0,4,131,12929432,7,7,638174,0,0,0,0,0,0,3,126,12515840
202008,34,023,1,2,Middlesex County              ,105,105,16970548,1,2,7700,3,10,428151,2,12,1445457,94,94,15298730,1,2,7700,2,7,101551,1,5,113250
202008,34,025,1,2,Monmouth County               ,84,84,23253161,1,2,156850,1,4,833333,2,10,480590,57,57,14241037,0,0,0,1,4,833333,0,0,0
202008,34,027,1,2,Morris County                 ,67,67,12542156,0,0,0,0,0,0,2,14,1091687,23,23,4596836,0,0,0,0,0,0,1,5,239000
202008,34,029,1,2,Ocean County                  ,175,175,31964612,4,8,249600,1,4,160305,2,10,382630,126,126,22102825,0,0,0,0,0,0,1,5,38625
202008,34,031,1,2,Passaic County                ,14,14,1256124,1,2,113134,1,3,93309,5,53,2692236,8,8,717469,0,0,0,0,0,0,1,8,560364
202008,34,033,1,2,Salem County                  ,3,3,490352,0,0,0,0,0,0,0,0,0,2,2,306227,0,0,0,0,0,0,0,0,0
202008,34,035,1,2,Somerset County               ,35,35,5702159,0,0,0,0,0,0,2,124,6848004,30,30,5219434,0,0,0,0,0,0,1,108,5634240
202008,34,037,1,2,Sussex County                 ,34,34,6132454,0,0,0,0,0,0,0,0,0,32,32,4508238,0,0,0,0,0,0,0,0,0
202008,34,039,1,2,Union County                  ,39,39,5733025,4,8,133207,0,0,0,6,75,3358960,29,29,4065078,4,8,133207,0,0,0,1,5,215500
202008,34,041,1,2,Warren County                 ,10,10,1181047,1,2,40000,0,0,0,0,0,0,8,8,914887,0,0,0,0,0,0,0,0,0
202008,35,000,4,8,New Mexico Balance of State   ,34,34,9216998,0,0,0,0,0,0,0,0,0,0,0,0,0,0,0,0,0,0,0,0,0
202008,35,001,4,8,Bernalillo County             ,73,73,22578858,0,0,0,0,0,0,0,0,0,73,73,22578858,0,0,0,0,0,0,0,0,0
202008,35,005,4,8,Chaves County                 ,5,5,1129939,0,0,0,0,0,0,0,0,0,1,1,450000,0,0,0,0,0,0,0,0,0
202008,35,009,4,8,Curry County                  ,5,5,1261782,0,0,0,0,0,0,1,5,460938,0,0,0,0,0,0,0,0,0,0,0,0
202008,35,013,4,8,Dona Ana County               ,98,98,23537375,0,0,0,0,0,0,0,0,0,69,69,15755648,0,0,0,0,0,0,0,0,0
202008,35,015,4,8,Eddy County                   ,17,17,3624204,0,0,0,0,0,0,0,0,0,17,17,3624204,0,0,0,0,0,0,0,0,0
202008,35,017,4,8,Grant County                  ,1,1,162080,0,0,0,0,0,0,0,0,0,0,0,0,0,0,0,0,0,0,0,0,0
202008,35,025,4,8,Lea County                    ,15,15,3287035,0,0,0,0,0,0,0,0,0,0,0,0,0,0,0,0,0,0,0,0,0
202008,35,027,4,8,Lincoln County                ,5,5,1855108,0,0,0,0,0,0,0,0,0,5,5,1855108,0,0,0,0,0,0,0,0,0
202008,35,028,4,8,Los Alamos County             ,0,0,0,0,0,0,0,0,0,0,0,0,0,0,0,0,0,0,0,0,0,0,0,0
202008,35,029,4,8,Luna County                   ,2,2,320000,0,0,0,0,0,0,0,0,0,2,2,320000,0,0,0,0,0,0,0,0,0
202008,35,031,4,8,McKinley County               ,3,3,1051000,0,0,0,0,0,0,0,0,0,3,3,1051000,0,0,0,0,0,0,0,0,0
202008,35,035,4,8,Otero County                  ,0,0,0,0,0,0,0,0,0,0,0,0,0,0,0,0,0,0,0,0,0,0,0,0
202008,35,041,4,8,Roosevelt County              ,2,2,305713,0,0,0,0,0,0,0,0,0,0,0,0,0,0,0,0,0,0,0,0,0
202008,35,043,4,8,Sandoval County               ,70,70,15538258,0,0,0,1,3,324072,1,5,208333,0,0,0,0,0,0,0,0,0,0,0,0
202008,35,045,4,8,San Juan County               ,10,10,3328650,0,0,0,0,0,0,1,8,500000,10,10,3328650,0,0,0,0,0,0,1,8,500000
202008,35,047,4,8,San Miguel County             ,0,0,0,0,0,0,0,0,0,0,0,0,0,0,0,0,0,0,0,0,0,0,0,0
202008,35,049,4,8,Santa Fe County               ,29,29,7284951,0,0,0,0,0,0,2,91,13588140,29,29,7284951,0,0,0,0,0,0,2,91,13588140
202008,35,051,4,8,Sierra County                 ,0,0,0,0,0,0,0,0,0,0,0,0,0,0,0,0,0,0,0,0,0,0,0,0
202008,35,055,4,8,Taos County                   ,10,10,2291379,0,0,0,0,0,0,0,0,0,1,1,785063,0,0,0,0,0,0,0,0,0
202008,36,001,1,2,Albany County                 ,22,22,6934389,3,6,1170000,0,0,0,2,44,5238240,21,21,6733116,3,6,1170000,0,0,0,2,44,5238240
202008,36,005,1,2,Bronx County                  ,0,0,0,1,2,303608,0,0,0,13,629,70962021,0,0,0,1,2,303608,0,0,0,13,629,70962021
202008,36,029,1,2,Erie County                   ,80,80,21836011,1,2,620000,0,0,0,1,12,2690375,73,73,20393840,1,2,620000,0,0,0,0,0,0
202008,36,047,1,2,Kings County                  ,6,6,1591961,0,0,0,1,3,397909,18,291,32829806,6,6,1591961,0,0,0,1,3,397909,18,291,32829806
202008,36,051,1,2,Livingston County             ,8,8,1710020,0,0,0,0,0,0,0,0,0,4,4,1050000,0,0,0,0,0,0,0,0,0
202008,36,055,1,2,Monroe County                 ,50,50,12144931,6,12,780000,6,22,2345500,7,49,4813261,40,40,9885335,6,12,780000,5,19,2020000,5,27,1805000
202008,36,059,1,2,Nassau County                 ,61,61,22547743,1,2,358333,0,0,0,2,26,4103228,17,17,12209455,0,0,0,0,0,0,0,0,0
202008,36,061,1,2,New York County               ,0,0,0,0,0,0,0,0,0,4,74,8348473,0,0,0,0,0,0,0,0,0,4,74,8348473
202008,36,063,1,2,Niagara County                ,11,11,2796438,0,0,0,0,0,0,0,0,0,10,10,2480105,0,0,0,0,0,0,0,0,0
202008,36,069,1,2,Ontario County                ,27,27,7647977,1,2,282720,0,0,0,0,0,0,19,19,5333490,1,2,282720,0,0,0,0,0,0
202008,36,073,1,2,Orleans County                ,4,4,880000,0,0,0,0,0,0,0,0,0,4,4,880000,0,0,0,0,0,0,0,0,0
202008,36,079,1,2,Putnam County                 ,1,1,300000,0,0,0,0,0,0,1,6,731700,1,1,300000,0,0,0,0,0,0,1,6,731700
202008,36,081,1,2,Queens County                 ,9,9,2387942,15,30,4554114,5,16,2122182,8,334,37680946,9,9,2387942,15,30,4554114,5,16,2122182,8,334,37680946
202008,36,083,1,2,Rensselaer County             ,14,14,3169494,0,0,0,0,0,0,0,0,0,7,7,1400000,0,0,0,0,0,0,0,0,0
202008,36,085,1,2,Richmond County               ,19,19,5019047,17,34,5078997,0,0,0,1,5,645076,0,0,0,0,0,0,0,0,0,0,0,0
202008,36,087,1,2,Rockland County               ,11,11,3873983,3,6,875953,3,10,1366246,2,12,1463760,7,7,2784000,0,0,0,0,0,0,0,0,0
202008,36,091,1,2,Saratoga County               ,61,61,14271530,0,0,0,0,0,0,15,160,10745000,49,49,10360740,0,0,0,0,0,0,15,160,10745000
202008,36,093,1,2,Schenectady County            ,9,9,2285469,0,0,0,0,0,0,0,0,0,7,7,1853000,0,0,0,0,0,0,0,0,0
202008,36,095,1,2,Schoharie County              ,2,2,422838,0,0,0,0,0,0,0,0,0,1,1,155000,0,0,0,0,0,0,0,0,0
202008,36,099,1,2,Seneca County                 ,6,6,786345,0,0,0,0,0,0,0,0,0,0,0,0,0,0,0,0,0,0,0,0,0
202008,36,103,1,2,Suffolk County                ,43,43,26719327,0,0,0,0,0,0,0,0,0,34,34,16190480,0,0,0,0,0,0,0,0,0
202008,36,117,1,2,Wayne County                  ,12,12,2431055,0,0,0,0,0,0,0,0,0,9,9,1658500,0,0,0,0,0,0,0,0,0
202008,36,119,1,2,Westchester County            ,20,20,11033285,1,2,250750,0,0,0,2,86,16765667,14,14,7789035,0,0,0,0,0,0,0,0,0
202008,37,007,3,5,Anson County                  ,5,5,749325,0,0,0,0,0,0,0,0,0,0,0,0,0,0,0,0,0,0,0,0,0
202008,37,011,3,5,Avery County                  ,12,12,5816913,0,0,0,0,0,0,0,0,0,12,12,5816913,0,0,0,0,0,0,0,0,0
202008,37,015,3,5,Bertie County                 ,3,3,794800,0,0,0,0,0,0,0,0,0,3,3,794800,0,0,0,0,0,0,0,0,0
202008,37,025,3,5,Cabarrus County               ,164,164,25954116,0,0,0,0,0,0,0,0,0,164,164,25954116,0,0,0,0,0,0,0,0,0
202008,37,033,3,5,Caswell County                ,2,2,509866,0,0,0,0,0,0,0,0,0,0,0,0,0,0,0,0,0,0,0,0,0
202008,37,037,3,5,Chatham County                ,71,71,21676232,1,2,300000,0,0,0,0,0,0,71,71,21676232,1,2,300000,0,0,0,0,0,0
202008,37,051,3,5,Cumberland County             ,54,54,10932747,0,0,0,0,0,0,0,0,0,54,54,10932747,0,0,0,0,0,0,0,0,0
202008,37,053,3,5,Currituck County              ,43,43,7644160,0,0,0,0,0,0,0,0,0,43,43,7644160,0,0,0,0,0,0,0,0,0
202008,37,059,3,5,Davie County                  ,17,17,3858551,0,0,0,0,0,0,1,5,197173,0,0,0,0,0,0,0,0,0,0,0,0
202008,37,063,3,5,Durham County                 ,219,219,42221775,0,0,0,1,4,999957,3,138,20908324,0,0,0,0,0,0,0,0,0,0,0,0
202008,37,069,3,5,Franklin County               ,144,144,33570576,0,0,0,0,0,0,0,0,0,144,144,33570576,0,0,0,0,0,0,0,0,0
202008,37,071,3,5,Gaston County                 ,158,158,50811011,1,2,185450,1,3,524259,0,0,0,50,50,14438545,0,0,0,0,0,0,0,0,0
202008,37,077,3,5,Granville County              ,38,38,5806299,0,0,0,0,0,0,0,0,0,38,38,5806299,0,0,0,0,0,0,0,0,0
202008,37,081,3,5,Guilford County               ,163,163,37815198,1,2,120000,0,0,0,0,0,0,97,97,15169255,1,2,120000,0,0,0,0,0,0
202008,37,089,3,5,Henderson County              ,47,47,13064685,0,0,0,0,0,0,0,0,0,47,47,13064685,0,0,0,0,0,0,0,0,0
202008,37,093,3,5,Hoke County                   ,32,32,7460128,0,0,0,0,0,0,0,0,0,32,32,7460128,0,0,0,0,0,0,0,0,0
202008,37,097,3,5,Iredell County                ,179,179,46011502,1,2,502328,0,0,0,0,0,0,179,179,46011502,1,2,502328,0,0,0,0,0,0
202008,37,101,3,5,Johnston County               ,316,316,55250486,0,0,0,0,0,0,0,0,0,311,311,54235486,0,0,0,0,0,0,0,0,0
202008,37,119,3,5,Mecklenburg County            ,529,529,123325241,20,40,4428925,3,9,2224476,35,782,85077217,529,529,123325241,20,40,4428925,3,9,2224476,35,782,85077217
202008,37,133,3,5,Onslow County                 ,160,160,22116240,0,0,0,0,0,0,0,0,0,160,160,22116240,0,0,0,0,0,0,0,0,0
202008,37,135,3,5,Orange County                 ,23,23,7746467,0,0,0,0,0,0,0,0,0,23,23,7746467,0,0,0,0,0,0,0,0,0
202008,37,145,3,5,Person County                 ,12,12,2763880,0,0,0,0,0,0,0,0,0,0,0,0,0,0,0,0,0,0,0,0,0
202008,37,151,3,5,Randolph County               ,27,27,7056279,1,2,97500,0,0,0,0,0,0,23,23,6669294,0,0,0,0,0,0,0,0,0
202008,37,157,3,5,Rockingham County             ,27,27,8676968,0,0,0,0,0,0,0,0,0,27,27,8676968,0,0,0,0,0,0,0,0,0
202008,37,179,3,5,Union County                  ,169,169,34327600,0,0,0,0,0,0,0,0,0,169,169,34327600,0,0,0,0,0,0,0,0,0
202008,37,181,3,5,Vance County                  ,2,2,1290000,0,0,0,0,0,0,0,0,0,2,2,1290000,0,0,0,0,0,0,0,0,0
202008,37,183,3,5,Wake County                   ,733,733,173966948,7,14,1757231,0,0,0,5,285,34020061,733,733,173966948,7,14,1757231,0,0,0,5,285,34020061
202008,37,195,3,5,Wilson County                 ,15,15,2777682,0,0,0,0,0,0,0,0,0,15,15,2777682,0,0,0,0,0,0,0,0,0
202008,39,007,2,3,Ashtabula County              ,6,6,4402612,1,2,100000,0,0,0,0,0,0,6,6,4402612,1,2,100000,0,0,0,0,0,0
202008,39,015,2,3,Brown County                  ,6,6,1670636,0,0,0,0,0,0,0,0,0,6,6,1670636,0,0,0,0,0,0,0,0,0
202008,39,017,2,3,Butler County                 ,95,95,19387761,4,8,720000,0,0,0,0,0,0,21,21,3167811,4,8,720000,0,0,0,0,0,0
202008,39,025,2,3,Clermont County               ,78,78,16742479,0,0,0,0,0,0,0,0,0,78,78,16742479,0,0,0,0,0,0,0,0,0
202008,39,041,2,3,Delaware County               ,224,224,70537647,0,0,0,3,12,923902,2,12,903972,202,202,65474681,0,0,0,3,12,923902,2,12,903972
202008,39,049,2,3,Franklin County               ,178,178,49525429,2,4,790000,2,8,488540,22,243,42136567,168,168,47378395,1,2,490000,2,8,488540,20,233,41406613
202008,39,055,2,3,Geauga County                 ,12,12,3341273,0,0,0,0,0,0,0,0,0,12,12,3341273,0,0,0,0,0,0,0,0,0
202008,39,085,2,3,Lake County                   ,60,60,12279590,0,0,0,0,0,0,0,0,0,30,30,5221475,0,0,0,0,0,0,0,0,0
202008,39,089,2,3,Licking County                ,28,28,7158879,0,0,0,0,0,0,0,0,0,27,27,6900175,0,0,0,0,0,0,0,0,0
202008,39,093,2,3,Lorain County                 ,93,93,26944771,1,2,292127,2,8,590000,4,28,3274919,50,50,14559750,0,0,0,1,4,360000,4,28,3274919
202008,39,097,2,3,Madison County                ,19,19,5388753,0,0,0,0,0,0,0,0,0,12,12,3332084,0,0,0,0,0,0,0,0,0
202008,39,103,2,3,Medina County                 ,58,58,19089483,0,0,0,0,0,0,0,0,0,58,58,19089483,0,0,0,0,0,0,0,0,0
202008,39,117,2,3,Morrow County                 ,8,8,2227514,0,0,0,0,0,0,0,0,0,8,8,2227514,0,0,0,0,0,0,0,0,0
202008,39,159,2,3,Union County                  ,31,31,10095417,0,0,0,0,0,0,0,0,0,31,31,10095417,0,0,0,0,0,0,0,0,0
202008,39,165,2,3,Warren County                 ,116,116,32268398,0,0,0,0,0,0,0,0,0,103,103,27441834,0,0,0,0,0,0,0,0,0
202008,40,001,3,7,Adair County                  ,0,0,0,0,0,0,0,0,0,0,0,0,0,0,0,0,0,0,0,0,0,0,0,0
202008,40,017,3,7,Canadian County               ,23,23,6162096,7,14,2240000,0,0,0,0,0,0,14,14,2815000,7,14,2240000,0,0,0,0,0,0
202008,40,021,3,7,Cherokee County               ,7,7,918668,0,0,0,0,0,0,0,0,0,0,0,0,0,0,0,0,0,0,0,0,0
202008,40,027,3,7,Cleveland County              ,74,74,17700465,2,4,1200000,0,0,0,0,0,0,74,74,17700465,2,4,1200000,0,0,0,0,0,0
202008,40,029,3,7,Coal County                   ,0,0,0,0,0,0,0,0,0,0,0,0,0,0,0,0,0,0,0,0,0,0,0,0
202008,40,037,3,7,Creek County                  ,8,8,1764539,0,0,0,0,0,0,1,7,538461,0,0,0,0,0,0,0,0,0,0,0,0
202008,40,051,3,7,Grady County                  ,20,20,650000,0,0,0,0,0,0,0,0,0,20,20,650000,0,0,0,0,0,0,0,0,0
202008,40,055,3,7,Greer County                  ,0,0,0,0,0,0,0,0,0,0,0,0,0,0,0,0,0,0,0,0,0,0,0,0
202008,40,081,3,7,Lincoln County                ,2,2,675000,0,0,0,0,0,0,0,0,0,2,2,675000,0,0,0,0,0,0,0,0,0
202008,40,083,3,7,Logan County                  ,0,0,0,0,0,0,0,0,0,0,0,0,0,0,0,0,0,0,0,0,0,0,0,0
202008,40,087,3,7,McClain County                ,52,52,9765518,0,0,0,0,0,0,0,0,0,9,9,2158800,0,0,0,0,0,0,0,0,0
202008,40,109,3,7,Oklahoma County               ,460,460,115098743,7,14,1795720,0,0,0,0,0,0,449,449,111154075,7,14,1795720,0,0,0,0,0,0
202008,40,111,3,7,Okmulgee County               ,72,72,9651330,1,2,189540,0,0,0,0,0,0,72,72,9651330,1,2,189540,0,0,0,0,0,0
202008,40,113,3,7,Osage County                  ,9,9,2687497,0,0,0,0,0,0,0,0,0,9,9,2687497,0,0,0,0,0,0,0,0,0
202008,40,117,3,7,Pawnee County                 ,0,0,0,0,0,0,0,0,0,0,0,0,0,0,0,0,0,0,0,0,0,0,0,0
202008,40,131,3,7,Rogers County                 ,66,66,13373891,0,0,0,0,0,0,0,0,0,66,66,13373891,0,0,0,0,0,0,0,0,0
202008,40,143,3,7,Tulsa County                  ,217,217,51739362,1,2,270000,0,0,0,0,0,0,205,205,49970646,1,2,270000,0,0,0,0,0,0
202008,40,145,3,7,Wagoner County                ,61,61,14847731,0,0,0,0,0,0,0,0,0,61,61,14847731,0,0,0,0,0,0,0,0,0
202008,41,000,4,9,Oregon Balance of State       ,26,26,2709600,0,0,0,0,0,0,0,0,0,26,26,2709600,0,0,0,0,0,0,0,0,0
202008,41,005,4,9,Clackamas County              ,119,119,34347389,8,16,2336232,0,0,0,2,24,2577966,85,85,26487331,8,16,2336232,0,0,0,2,24,2577966
202008,41,017,4,9,Deschutes County              ,161,161,38770171,4,8,359182,3,10,1568604,0,0,0,161,161,38770171,4,8,359182,3,10,1568604,0,0,0
202008,41,019,4,9,Douglas County                ,20,20,5055409,0,0,0,0,0,0,0,0,0,20,20,5055409,0,0,0,0,0,0,0,0,0
202008,41,025,4,9,Harney County                 ,1,1,96637,0,0,0,0,0,0,0,0,0,1,1,96637,0,0,0,0,0,0,0,0,0
202008,41,035,4,9,Klamath County                ,20,20,3715285,0,0,0,0,0,0,0,0,0,20,20,3715285,0,0,0,0,0,0,0,0,0
202008,41,037,4,9,Lake County                   ,1,1,342367,0,0,0,0,0,0,0,0,0,0,0,0,0,0,0,0,0,0,0,0,0
202008,41,051,4,9,Multnomah County              ,64,64,18023845,4,8,2188737,0,0,0,0,0,0,64,64,18023845,4,8,2188737,0,0,0,0,0,0
202008,41,065,4,9,Wasco County                  ,9,9,1476244,0,0,0,0,0,0,0,0,0,9,9,1476244,0,0,0,0,0,0,0,0,0
202008,41,067,4,9,Washington County             ,168,168,49848244,0,0,0,0,0,0,4,291,45682983,168,168,49848244,0,0,0,0,0,0,4,291,45682983
202008,41,071,4,9,Yamhill County                ,19,19,9672777,1,2,365374,0,0,0,0,0,0,19,19,9672777,0,0,0,0,0,0,0,0,0
202008,42,001,1,2,Adams County                  ,19,19,4799141,0,0,0,0,0,0,0,0,0,19,19,4799141,0,0,0,0,0,0,0,0,0
202008,42,017,1,2,Bucks County                  ,67,67,16433308,0,0,0,0,0,0,0,0,0,51,51,11789085,0,0,0,0,0,0,0,0,0
202008,42,029,1,2,Chester County                ,126,126,30681559,0,0,0,1,3,558465,2,12,1224857,103,103,25326920,0,0,0,0,0,0,1,6,882000
202008,42,037,1,2,Columbia County               ,6,6,1247092,0,0,0,0,0,0,0,0,0,1,1,350000,0,0,0,0,0,0,0,0,0
202008,42,041,1,2,Cumberland County             ,74,74,18001884,1,2,350000,0,0,0,0,0,0,57,57,14456714,1,2,350000,0,0,0,0,0,0
202008,42,043,1,2,Dauphin County                ,40,40,9702126,1,2,375260,2,8,1265115,1,5,607500,36,36,8911879,1,2,375260,2,8,1265115,1,5,607500
202008,42,045,1,2,Delaware County               ,19,19,4295533,0,0,0,0,0,0,0,0,0,3,3,465327,0,0,0,0,0,0,0,0,0
202008,42,055,1,2,Franklin County               ,21,21,5985659,0,0,0,0,0,0,0,0,0,20,20,5723250,0,0,0,0,0,0,0,0,0
202008,42,091,1,2,Montgomery County             ,92,92,24185269,0,0,0,0,0,0,2,10,1521360,75,75,19998305,0,0,0,0,0,0,1,5,744693
202008,42,093,1,2,Montour County                ,2,2,519000,2,4,480000,0,0,0,0,0,0,2,2,519000,2,4,480000,0,0,0,0,0,0
202008,42,099,1,2,Perry County                  ,8,8,2130497,0,0,0,0,0,0,0,0,0,0,0,0,0,0,0,0,0,0,0,0,0
202008,42,101,1,2,Philadelphia County           ,87,87,22951870,14,28,4035915,16,54,6636013,7,141,20057076,0,0,0,0,0,0,0,0,0,0,0,0
202008,42,103,1,2,Pike County                   ,9,9,2409102,0,0,0,0,0,0,0,0,0,6,6,1539900,0,0,0,0,0,0,0,0,0
202008,44,001,1,1,Bristol County                ,3,3,1355145,0,0,0,0,0,0,0,0,0,1,1,429000,0,0,0,0,0,0,0,0,0
202008,44,003,1,1,Kent County                   ,24,24,3670188,0,0,0,0,0,0,1,5,337963,19,19,2821000,0,0,0,0,0,0,0,0,0
202008,44,005,1,1,Newport County                ,14,14,5916341,0,0,0,0,0,0,0,0,0,11,11,4835654,0,0,0,0,0,0,0,0,0
202008,44,007,1,1,Providence County             ,23,23,4209223,5,10,1013479,2,8,776197,1,5,286269,9,9,2061305,1,2,423030,1,4,546000,0,0,0
202008,44,009,1,1,Washington County             ,30,30,7872116,0,0,0,0,0,0,0,0,0,23,23,5633000,0,0,0,0,0,0,0,0,0
202008,45,003,3,5,Aiken County                  ,111,111,25342120,0,0,0,0,0,0,0,0,0,45,45,11723374,0,0,0,0,0,0,0,0,0
202008,45,009,3,5,Bamberg County                ,1,1,273000,0,0,0,0,0,0,0,0,0,1,1,273000,0,0,0,0,0,0,0,0,0
202008,45,015,3,5,Berkeley County               ,192,192,53758157,0,0,0,0,0,0,2,48,2095985,39,39,13915349,0,0,0,0,0,0,0,0,0
202008,45,017,3,5,Calhoun County                ,0,0,0,0,0,0,0,0,0,0,0,0,0,0,0,0,0,0,0,0,0,0,0,0
202008,45,019,3,5,Charleston County             ,239,239,60309064,0,0,0,1,3,238125,4,92,6237408,33,33,14197175,0,0,0,0,0,0,0,0,0
202008,45,035,3,5,Dorchester County             ,58,58,18229201,0,0,0,0,0,0,0,0,0,58,58,18229201,0,0,0,0,0,0,0,0,0
202008,45,037,3,5,Edgefield County              ,28,28,7926009,0,0,0,0,0,0,0,0,0,28,28,7926009,0,0,0,0,0,0,0,0,0
202008,45,039,3,5,Fairfield County              ,5,5,946251,0,0,0,0,0,0,0,0,0,5,5,946251,0,0,0,0,0,0,0,0,0
202008,45,045,3,5,Greenville County             ,406,406,111248370,1,2,207638,0,0,0,0,0,0,406,406,111248370,1,2,207638,0,0,0,0,0,0
202008,45,051,3,5,Horry County                  ,412,412,73663222,2,4,850000,0,0,0,1,5,250000,354,354,57148786,1,2,350000,0,0,0,0,0,0
202008,45,055,3,5,Kershaw County                ,57,57,10098939,0,0,0,0,0,0,0,0,0,57,57,10098939,0,0,0,0,0,0,0,0,0
202008,45,059,3,5,Laurens County                ,22,22,2934889,0,0,0,0,0,0,0,0,0,21,21,2867758,0,0,0,0,0,0,0,0,0
202008,45,063,3,5,Lexington County              ,216,216,54707428,0,0,0,0,0,0,2,16,2685987,15,15,3404266,0,0,0,0,0,0,0,0,0
202008,45,077,3,5,Pickens County                ,63,63,14629751,0,0,0,0,0,0,0,0,0,59,59,14213369,0,0,0,0,0,0,0,0,0
202008,45,079,3,5,Richland County               ,208,208,35944622,0,0,0,0,0,0,0,0,0,187,187,31016987,0,0,0,0,0,0,0,0,0
202008,45,081,3,5,Saluda County                 ,4,4,903260,0,0,0,0,0,0,0,0,0,0,0,0,0,0,0,0,0,0,0,0,0
202008,45,085,3,5,Sumter County                 ,22,22,3615372,0,0,0,0,0,0,0,0,0,22,22,3615372,0,0,0,0,0,0,0,0,0
202008,45,091,3,5,York County                   ,216,216,76516656,0,0,0,0,0,0,1,15,1702720,119,119,40578964,0,0,0,0,0,0,0,0,0
202008,46,007,2,4,Bennett County                ,0,0,0,0,0,0,0,0,0,0,0,0,0,0,0,0,0,0,0,0,0,0,0,0
202008,46,055,2,4,Haakon County                 ,0,0,0,0,0,0,0,0,0,0,0,0,0,0,0,0,0,0,0,0,0,0,0,0
202008,46,071,2,4,Jackson County                ,0,0,0,0,0,0,0,0,0,0,0,0,0,0,0,0,0,0,0,0,0,0,0,0
202008,46,111,2,4,Sanborn County                ,0,0,0,0,0,0,0,0,0,0,0,0,0,0,0,0,0,0,0,0,0,0,0,0
202008,47,001,3,6,Anderson County               ,24,24,4394321,0,0,0,0,0,0,0,0,0,17,17,3500914,0,0,0,0,0,0,0,0,0
202008,47,015,3,6,Cannon County                 ,1,1,125000,0,0,0,0,0,0,0,0,0,1,1,125000,0,0,0,0,0,0,0,0,0
202008,47,021,3,6,Cheatham County               ,28,28,4932141,0,0,0,0,0,0,0,0,0,28,28,4932141,0,0,0,0,0,0,0,0,0
202008,47,037,3,6,Davidson County               ,275,275,65522110,4,8,2242572,2,8,1046364,33,1112,128819015,275,275,65522110,4,8,2242572,2,8,1046364,33,1112,128819015
202008,47,043,3,6,Dickson County                ,37,37,7205102,0,0,0,0,0,0,0,0,0,11,11,2289967,0,0,0,0,0,0,0,0,0
202008,47,049,3,6,Fentress County               ,0,0,0,0,0,0,0,0,0,0,0,0,0,0,0,0,0,0,0,0,0,0,0,0
202008,47,081,3,6,Hickman County                ,10,10,1623366,0,0,0,0,0,0,0,0,0,0,0,0,0,0,0,0,0,0,0,0,0
202008,47,093,3,6,Knox County                   ,189,189,38584669,3,6,449920,8,30,3500600,10,143,31239000,189,189,38584669,3,6,449920,8,30,3500600,10,143,31239000
202008,47,105,3,6,Loudon County                 ,54,54,13005251,0,0,0,0,0,0,0,0,0,48,48,12014024,0,0,0,0,0,0,0,0,0
202008,47,117,3,6,Marshall County               ,17,17,3232837,0,0,0,0,0,0,0,0,0,0,0,0,0,0,0,0,0,0,0,0,0
202008,47,125,3,6,Montgomery County             ,406,406,42062704,0,0,0,0,0,0,1,24,1200000,317,317,24928000,0,0,0,0,0,0,1,24,1200000
202008,47,139,3,6,Polk County                   ,21,21,3782605,0,0,0,0,0,0,0,0,0,0,0,0,0,0,0,0,0,0,0,0,0
202008,47,149,3,6,Rutherford County             ,250,250,74673967,0,0,0,1,3,265434,1,25,2864392,191,191,64339836,0,0,0,0,0,0,0,0,0
202008,47,153,3,6,Sequatchie County             ,2,2,500000,0,0,0,0,0,0,0,0,0,2,2,500000,0,0,0,0,0,0,0,0,0
202008,47,157,3,6,Shelby County                 ,74,74,17471398,0,0,0,0,0,0,4,227,28515752,74,74,17471398,0,0,0,0,0,0,4,227,28515752
202008,47,159,3,6,Smith County                  ,11,11,2263821,0,0,0,0,0,0,0,0,0,10,10,2073848,0,0,0,0,0,0,0,0,0
202008,47,161,3,6,Stewart County                ,0,0,0,0,0,0,0,0,0,0,0,0,0,0,0,0,0,0,0,0,0,0,0,0
202008,47,165,3,6,Sumner County                 ,126,126,35759063,0,0,0,0,0,0,8,152,18070404,126,126,35759063,0,0,0,0,0,0,8,152,18070404
202008,47,167,3,6,Tipton County                 ,22,22,4408623,0,0,0,0,0,0,0,0,0,15,15,3480087,0,0,0,0,0,0,0,0,0
202008,47,169,3,6,Trousdale County              ,9,9,1139000,0,0,0,0,0,0,0,0,0,9,9,1139000,0,0,0,0,0,0,0,0,0
202008,47,173,3,6,Union County                  ,10,10,2275000,0,0,0,0,0,0,0,0,0,10,10,2275000,0,0,0,0,0,0,0,0,0
202008,47,175,3,6,Van Buren County              ,0,0,0,0,0,0,0,0,0,0,0,0,0,0,0,0,0,0,0,0,0,0,0,0
202008,47,189,3,6,Wilson County                 ,165,165,40163126,0,0,0,0,0,0,1,6,128100,86,86,26288552,0,0,0,0,0,0,0,0,0
202008,48,013,3,7,Atascosa County               ,7,7,1415089,0,0,0,0,0,0,0,0,0,3,3,699387,0,0,0,0,0,0,0,0,0
202008,48,015,3,7,Austin County                 ,4,4,811956,0,0,0,0,0,0,0,0,0,1,1,157000,0,0,0,0,0,0,0,0,0
202008,48,019,3,7,Bandera County                ,0,0,0,0,0,0,0,0,0,0,0,0,0,0,0,0,0,0,0,0,0,0,0,0
202008,48,021,3,7,Bastrop County                ,43,43,6571310,0,0,0,0,0,0,0,0,0,35,35,4826576,0,0,0,0,0,0,0,0,0
202008,48,025,3,7,Bee County                    ,1,1,118255,1,2,150000,0,0,0,0,0,0,0,0,0,0,0,0,0,0,0,0,0,0
202008,48,027,3,7,Bell County                   ,313,313,57224117,19,38,3698523,9,36,2974433,4,76,7021412,182,182,38065301,16,32,3107954,9,36,2974433,4,76,7021412
202008,48,029,3,7,Bexar County                  ,426,426,96873735,27,54,5660000,2,7,523182,21,859,41626088,423,423,95646855,27,54,5660000,1,4,523182,21,859,41626088
202008,48,051,3,7,Burleson County               ,1,1,98644,0,0,0,0,0,0,0,0,0,1,1,98644,0,0,0,0,0,0,0,0,0
202008,48,055,3,7,Caldwell County               ,31,31,6545605,1,2,187145,0,0,0,0,0,0,1,1,209076,0,0,0,0,0,0,0,0,0
202008,48,085,3,7,Collin County                 ,1045,1045,294145235,0,0,0,2,8,1046364,0,0,0,935,935,259372812,0,0,0,2,8,1046364,0,0,0
202008,48,091,3,7,Comal County                  ,313,313,72998627,0,0,0,0,0,0,0,0,0,309,309,72036861,0,0,0,0,0,0,0,0,0
202008,48,099,3,7,Coryell County                ,33,33,4147016,2,4,338401,0,0,0,0,0,0,33,33,4147016,2,4,338401,0,0,0,0,0,0
202008,48,107,3,7,Crosby County                 ,1,1,10000,0,0,0,0,0,0,0,0,0,0,0,0,0,0,0,0,0,0,0,0,0
202008,48,113,3,7,Dallas County                 ,443,443,115889737,5,10,1235080,1,4,523182,0,0,0,436,436,110381959,5,10,1235080,1,4,523182,0,0,0
202008,48,119,3,7,Delta County                  ,1,1,209076,0,0,0,0,0,0,0,0,0,1,1,209076,0,0,0,0,0,0,0,0,0
202008,48,135,3,7,Ector County                  ,77,77,17950933,0,0,0,0,0,0,0,0,0,77,77,17950933,0,0,0,0,0,0,0,0,0
202008,48,139,3,7,Ellis County                  ,241,241,54626718,3,6,647055,0,0,0,1,8,1361799,173,173,40630441,3,6,647055,0,0,0,0,0,0
202008,48,141,3,7,El Paso County                ,259,259,62000042,5,10,1365885,0,0,0,1,26,2976712,58,58,13521482,2,4,494032,0,0,0,0,0,0
202008,48,157,3,7,Fort Bend County              ,1038,1038,94797824,0,0,0,0,0,0,8,172,19306140,333,333,77631957,0,0,0,0,0,0,0,0,0
202008,48,167,3,7,Galveston County              ,249,249,61090121,0,0,0,0,0,0,0,0,0,160,160,36600870,0,0,0,0,0,0,0,0,0
202008,48,185,3,7,Grimes County                 ,8,8,995724,0,0,0,0,0,0,0,0,0,8,8,995724,0,0,0,0,0,0,0,0,0
202008,48,187,3,7,Guadalupe County              ,131,131,30409787,4,8,988064,0,0,0,0,0,0,129,129,29844267,4,8,988064,0,0,0,0,0,0
202008,48,193,3,7,Hamilton County               ,2,2,300000,0,0,0,0,0,0,0,0,0,2,2,300000,0,0,0,0,0,0,0,0,0
202008,48,195,3,7,Hansford County               ,1,1,204898,0,0,0,0,0,0,0,0,0,0,0,0,0,0,0,0,0,0,0,0,0
202008,48,201,3,7,Harris County                 ,2108,2108,396114292,23,46,380000,0,0,0,19,905,97738283,2069,2069,387875109,23,46,380000,0,0,0,19,905,97738283
202008,48,211,3,7,Hemphill County               ,0,0,0,0,0,0,0,0,0,0,0,0,0,0,0,0,0,0,0,0,0,0,0,0
202008,48,215,3,7,Hidalgo County                ,415,415,77060486,24,48,9694918,11,44,4893456,2,38,3247227,273,273,50690796,10,20,900000,11,44,4893456,1,8,958859
202008,48,233,3,7,Hutchinson County             ,0,0,0,0,0,0,0,0,0,0,0,0,0,0,0,0,0,0,0,0,0,0,0,0
202008,48,251,3,7,Johnson County                ,119,119,25600617,2,4,447365,0,0,0,1,24,2693880,97,97,20017588,0,0,0,0,0,0,0,0,0
202008,48,257,3,7,Kaufman County                ,100,100,24772318,0,0,0,0,0,0,0,0,0,100,100,24772318,0,0,0,0,0,0,0,0,0
202008,48,259,3,7,Kendall County                ,39,39,9158002,0,0,0,0,0,0,0,0,0,0,0,0,0,0,0,0,0,0,0,0,0
202008,48,271,3,7,Kinney County                 ,0,0,0,0,0,0,0,0,0,0,0,0,0,0,0,0,0,0,0,0,0,0,0,0
202008,48,281,3,7,Lampasas County               ,2,2,235000,0,0,0,0,0,0,0,0,0,2,2,235000,0,0,0,0,0,0,0,0,0
202008,48,291,3,7,Liberty County                ,123,123,15594573,0,0,0,0,0,0,0,0,0,121,121,15145331,0,0,0,0,0,0,0,0,0
202008,48,303,3,7,Lubbock County                ,154,154,34415177,6,12,852750,0,0,0,0,0,0,153,153,34242177,6,12,852750,0,0,0,0,0,0
202008,48,323,3,7,Maverick County               ,11,11,2481612,0,0,0,0,0,0,0,0,0,11,11,2481612,0,0,0,0,0,0,0,0,0
202008,48,325,3,7,Medina County                 ,2,2,410000,0,0,0,0,0,0,0,0,0,2,2,410000,0,0,0,0,0,0,0,0,0
202008,48,329,3,7,Midland County                ,208,208,24927041,0,0,0,0,0,0,0,0,0,208,208,24927041,0,0,0,0,0,0,0,0,0
202008,48,339,3,7,Montgomery County             ,950,950,185678386,1,2,132000,0,0,0,1,5,561225,934,934,181953715,1,2,132000,0,0,0,0,0,0
202008,48,367,3,7,Parker County                 ,37,37,7792122,1,2,295877,0,0,0,1,5,435279,14,14,3166813,0,0,0,0,0,0,0,0,0
202008,48,375,3,7,Potter County                 ,57,57,13288353,0,0,0,0,0,0,0,0,0,57,57,13288353,0,0,0,0,0,0,0,0,0
202008,48,383,3,7,Reagan County                 ,0,0,0,0,0,0,0,0,0,0,0,0,0,0,0,0,0,0,0,0,0,0,0,0
202008,48,385,3,7,Real County                   ,0,0,0,0,0,0,0,0,0,0,0,0,0,0,0,0,0,0,0,0,0,0,0,0
202008,48,395,3,7,Robertson County              ,7,7,1429079,1,2,225000,0,0,0,0,0,0,0,0,0,1,2,225000,0,0,0,0,0,0
202008,48,397,3,7,Rockwall County               ,264,264,80562469,0,0,0,0,0,0,0,0,0,251,251,73831489,0,0,0,0,0,0,0,0,0
202008,48,407,3,7,San Jacinto County            ,41,41,9008840,0,0,0,0,0,0,0,0,0,0,0,0,0,0,0,0,0,0,0,0,0
202008,48,411,3,7,San Saba County               ,0,0,0,0,0,0,0,0,0,0,0,0,0,0,0,0,0,0,0,0,0,0,0,0
202008,48,451,3,7,Tom Green County              ,108,108,22580186,0,0,0,0,0,0,0,0,0,108,108,22580186,0,0,0,0,0,0,0,0,0
202008,48,453,3,7,Travis County                 ,860,860,191586474,11,22,2037110,2,7,578362,34,1299,120010713,846,846,188206569,11,22,2037110,2,7,578362,34,1299,120010713
202008,48,473,3,7,Waller County                 ,2,2,228443,0,0,0,0,0,0,1,6,133084,0,0,0,0,0,0,0,0,0,0,0,0
202008,48,491,3,7,Williamson County             ,502,502,119651003,5,10,1185422,0,0,0,1,59,5450833,461,461,109134400,5,10,1185422,0,0,0,1,59,5450833
202008,48,493,3,7,Wilson County                 ,2,2,618843,0,0,0,0,0,0,0,0,0,1,1,233129,0,0,0,0,0,0,0,0,0
202008,48,497,3,7,Wise County                   ,6,6,1428129,0,0,0,0,0,0,0,0,0,6,6,1428129,0,0,0,0,0,0,0,0,0
202008,49,011,4,8,Davis County                  ,226,226,57086944,0,0,0,1,3,0,1,5,983850,214,214,53883965,0,0,0,0,0,0,0,0,0
202008,49,023,4,8,Juab County                   ,6,6,1952815,0,0,0,0,0,0,0,0,0,4,4,1200700,0,0,0,0,0,0,0,0,0
202008,49,029,4,8,Morgan County                 ,13,13,7423110,0,0,0,0,0,0,0,0,0,10,10,6607095,0,0,0,0,0,0,0,0,0
202008,49,035,4,8,Salt Lake County              ,381,381,102466450,10,20,2369284,5,18,3312315,7,732,122004085,244,244,64838871,8,16,1840000,3,12,2254068,5,710,118743282
202008,49,039,4,8,Sanpete County                ,4,4,782505,0,0,0,0,0,0,0,0,0,0,0,0,0,0,0,0,0,0,0,0,0
202008,49,043,4,8,Summit County                 ,21,21,15194749,2,4,691450,2,6,1287439,1,5,854284,8,8,9626576,2,4,691450,1,3,445909,0,0,0
202008,49,057,4,8,Weber County                  ,172,172,41806189,0,0,0,1,4,783171,2,10,961878,158,158,37517976,0,0,0,0,0,0,0,0,0
202008,51,003,3,5,Albemarle County              ,70,70,21001991,0,0,0,0,0,0,1,21,2029595,0,0,0,0,0,0,0,0,0,0,0,0
202008,51,007,3,5,Amelia County                 ,7,7,1065149,0,0,0,0,0,0,0,0,0,7,7,1065149,0,0,0,0,0,0,0,0,0
202008,51,009,3,5,Amherst County                ,4,4,595000,0,0,0,0,0,0,0,0,0,4,4,595000,0,0,0,0,0,0,0,0,0
202008,51,013,3,5,Arlington County              ,33,33,16685608,0,0,0,0,0,0,0,0,0,33,33,16685608,0,0,0,0,0,0,0,0,0
202008,51,015,3,5,Augusta County                ,11,11,3106890,0,0,0,0,0,0,0,0,0,11,11,3106890,0,0,0,0,0,0,0,0,0
202008,51,019,3,5,Bedford County                ,3,3,695947,0,0,0,1,3,603462,0,0,0,0,0,0,0,0,0,0,0,0,0,0,0
202008,51,033,3,5,Caroline County               ,17,17,2433519,0,0,0,0,0,0,0,0,0,17,17,2433519,0,0,0,0,0,0,0,0,0
202008,51,036,3,5,Charles City County           ,2,2,365987,0,0,0,0,0,0,0,0,0,0,0,0,0,0,0,0,0,0,0,0,0
202008,51,037,3,5,Charlotte County              ,0,0,0,0,0,0,0,0,0,0,0,0,0,0,0,0,0,0,0,0,0,0,0,0
202008,51,041,3,5,Chesterfield County           ,166,166,32209592,2,4,360000,7,27,3052300,4,22,2692318,166,166,32209592,2,4,360000,7,27,3052300,4,22,2692318
202008,51,043,3,5,Clarke County                 ,3,3,767901,0,0,0,0,0,0,0,0,0,3,3,767901,0,0,0,0,0,0,0,0,0
202008,51,049,3,5,Cumberland County             ,4,4,419000,0,0,0,0,0,0,0,0,0,4,4,419000,0,0,0,0,0,0,0,0,0
202008,51,051,3,5,Dickenson County              ,0,0,0,0,0,0,0,0,0,0,0,0,0,0,0,0,0,0,0,0,0,0,0,0
202008,51,053,3,5,Dinwiddie County              ,10,10,1685073,0,0,0,0,0,0,0,0,0,0,0,0,0,0,0,0,0,0,0,0,0
202008,51,059,3,5,Fairfax County                ,75,75,17484675,0,0,0,0,0,0,1,12,1800000,75,75,17484675,0,0,0,0,0,0,1,12,1800000
202008,51,061,3,5,Fauquier County               ,21,21,5075203,0,0,0,0,0,0,0,0,0,21,21,5075203,0,0,0,0,0,0,0,0,0
202008,51,069,3,5,Frederick County              ,72,72,17489111,0,0,0,0,0,0,0,0,0,72,72,17489111,0,0,0,0,0,0,0,0,0
202008,51,073,3,5,Gloucester County             ,8,8,1545000,0,0,0,0,0,0,0,0,0,8,8,1545000,0,0,0,0,0,0,0,0,0
202008,51,075,3,5,Goochland County              ,29,29,6859145,0,0,0,0,0,0,0,0,0,29,29,6859145,0,0,0,0,0,0,0,0,0
202008,51,085,3,5,Hanover County                ,54,54,11524990,0,0,0,0,0,0,0,0,0,54,54,11524990,0,0,0,0,0,0,0,0,0
202008,51,087,3,5,Henrico County                ,50,50,7138556,0,0,0,0,0,0,0,0,0,50,50,7138556,0,0,0,0,0,0,0,0,0
202008,51,093,3,5,Isle of Wight County          ,21,21,4294351,0,0,0,0,0,0,0,0,0,0,0,0,0,0,0,0,0,0,0,0,0
202008,51,095,3,5,James City County             ,23,23,7963415,0,0,0,0,0,0,0,0,0,23,23,7963415,0,0,0,0,0,0,0,0,0
202008,51,097,3,5,King and Queen County         ,3,3,493240,0,0,0,0,0,0,0,0,0,0,0,0,0,0,0,0,0,0,0,0,0
202008,51,099,3,5,King George County            ,13,13,2717985,0,0,0,0,0,0,0,0,0,13,13,2717985,0,0,0,0,0,0,0,0,0
202008,51,107,3,5,Loudoun County                ,119,119,27042596,0,0,0,0,0,0,1,26,3120000,119,119,27042596,0,0,0,0,0,0,1,26,3120000
202008,51,109,3,5,Louisa County                 ,29,29,6505722,0,0,0,0,0,0,0,0,0,0,0,0,0,0,0,0,0,0,0,0,0
202008,51,115,3,5,Mathews County                ,1,1,201424,0,0,0,0,0,0,0,0,0,0,0,0,0,0,0,0,0,0,0,0,0
202008,51,127,3,5,New Kent County               ,27,27,10783520,0,0,0,0,0,0,0,0,0,27,27,10783520,0,0,0,0,0,0,0,0,0
202008,51,139,3,5,Page County                   ,6,6,950000,0,0,0,0,0,0,0,0,0,6,6,950000,0,0,0,0,0,0,0,0,0
202008,51,145,3,5,Powhatan County               ,14,14,3419285,0,0,0,0,0,0,0,0,0,14,14,3419285,0,0,0,0,0,0,0,0,0
202008,51,149,3,5,Prince George County          ,8,8,1655000,0,0,0,0,0,0,0,0,0,8,8,1655000,0,0,0,0,0,0,0,0,0
202008,51,153,3,5,Prince William County         ,144,144,22883228,0,0,0,0,0,0,0,0,0,144,144,22883228,0,0,0,0,0,0,0,0,0
202008,51,165,3,5,Rockingham County             ,34,34,11513800,0,0,0,0,0,0,0,0,0,34,34,11513800,0,0,0,0,0,0,0,0,0
202008,51,175,3,5,Southampton County            ,6,6,950232,0,0,0,0,0,0,0,0,0,0,0,0,0,0,0,0,0,0,0,0,0
202008,51,177,3,5,Spotsylvania County           ,72,72,18829136,0,0,0,0,0,0,1,47,5527660,0,0,0,0,0,0,0,0,0,0,0,0
202008,51,179,3,5,Stafford County               ,85,85,22714549,0,0,0,0,0,0,0,0,0,85,85,22714549,0,0,0,0,0,0,0,0,0
202008,51,181,3,5,Surry County                  ,2,2,230000,0,0,0,0,0,0,0,0,0,2,2,230000,0,0,0,0,0,0,0,0,0
202008,51,183,3,5,Sussex County                 ,1,1,110000,0,0,0,0,0,0,0,0,0,1,1,110000,0,0,0,0,0,0,0,0,0
202008,51,187,3,5,Warren County                 ,15,15,3046740,0,0,0,0,0,0,0,0,0,15,15,3046740,0,0,0,0,0,0,0,0,0
202008,51,199,3,5,York County                   ,37,37,8625773,0,0,0,0,0,0,0,0,0,37,37,8625773,0,0,0,0,0,0,0,0,0
202008,51,510,3,5,Alexandria (Independent City) ,3,3,218190,0,0,0,0,0,0,0,0,0,3,3,218190,0,0,0,0,0,0,0,0,0
202008,51,540,3,5,Charlottesville (Independent C,6,6,2077712,1,2,380000,0,0,0,0,0,0,0,0,0,0,0,0,0,0,0,0,0,0
202008,51,550,3,5,Chesapeake(Independent City)  ,62,62,14453998,0,0,0,0,0,0,0,0,0,62,62,14453998,0,0,0,0,0,0,0,0,0
202008,51,570,3,5,Colonial Heights (Independent ,0,0,0,0,0,0,0,0,0,0,0,0,0,0,0,0,0,0,0,0,0,0,0,0
202008,51,580,3,5,Covington (Independent City)  ,0,0,0,0,0,0,0,0,0,0,0,0,0,0,0,0,0,0,0,0,0,0,0,0
202008,51,600,3,5,Fairfax (Independent City)    ,2,2,600000,0,0,0,0,0,0,0,0,0,2,2,600000,0,0,0,0,0,0,0,0,0
202008,51,610,3,5,Falls Church (Independent City,1,1,335000,0,0,0,0,0,0,0,0,0,1,1,335000,0,0,0,0,0,0,0,0,0
202008,51,630,3,5,Fredericksburg(Independent Cit,12,12,3015810,0,0,0,0,0,0,0,0,0,12,12,3015810,0,0,0,0,0,0,0,0,0
202008,51,650,3,5,Hampton (Independent City)    ,19,19,1185332,0,0,0,0,0,0,0,0,0,0,0,0,0,0,0,0,0,0,0,0,0
202008,51,660,3,5,Harrisonburg (Independent City,8,8,1282863,0,0,0,0,0,0,0,0,0,0,0,0,0,0,0,0,0,0,0,0,0
202008,51,670,3,5,Hopewell (Independent City)   ,4,4,371573,0,0,0,0,0,0,1,5,430895,0,0,0,0,0,0,0,0,0,0,0,0
202008,51,680,3,5,Lynchburg (Independent City)  ,10,10,2555875,0,0,0,0,0,0,0,0,0,10,10,2555875,0,0,0,0,0,0,0,0,0
202008,51,683,3,5,Manassas (Independent City)   ,11,11,2607979,0,0,0,0,0,0,0,0,0,0,0,0,0,0,0,0,0,0,0,0,0
202008,51,685,3,5,Manassas Park (Independent Cit,0,0,0,0,0,0,0,0,0,0,0,0,0,0,0,0,0,0,0,0,0,0,0,0
202008,51,700,3,5,Newport News (Independent City,5,5,478480,0,0,0,0,0,0,0,0,0,5,5,478480,0,0,0,0,0,0,0,0,0
202008,51,710,3,5,Norfolk (Independent City)    ,38,38,8858902,0,0,0,0,0,0,3,118,16330183,38,38,8858902,0,0,0,0,0,0,3,118,16330183
202008,51,730,3,5,Petersburg (Independent City) ,1,1,8900,0,0,0,0,0,0,0,0,0,1,1,8900,0,0,0,0,0,0,0,0,0
202008,51,735,3,5,Poquoson (Independent City)   ,3,3,535000,0,0,0,0,0,0,0,0,0,3,3,535000,0,0,0,0,0,0,0,0,0
202008,51,740,3,5,Portsmouth (Independent City) ,17,17,2045100,0,0,0,0,0,0,0,0,0,17,17,2045100,0,0,0,0,0,0,0,0,0
202008,51,760,3,5,Richmond (Independent City)   ,15,15,3136137,0,0,0,0,0,0,1,53,2578662,15,15,3136137,0,0,0,0,0,0,1,53,2578662
202008,51,800,3,5,Suffolk (Independent City)    ,59,59,13754611,0,0,0,0,0,0,0,0,0,59,59,13754611,0,0,0,0,0,0,0,0,0
202008,51,810,3,5,Virginia Beach (Independent Ci,49,49,8806780,0,0,0,0,0,0,0,0,0,49,49,8806780,0,0,0,0,0,0,0,0,0
202008,51,830,3,5,Williamsburg (Independent City,3,3,450000,0,0,0,0,0,0,0,0,0,3,3,450000,0,0,0,0,0,0,0,0,0
202008,53,005,4,9,Benton County                 ,84,84,25107742,2,4,731893,0,0,0,1,24,2868573,23,23,8023460,0,0,0,0,0,0,0,0,0
202008,53,011,4,9,Clark County                  ,365,365,106533983,2,4,968783,2,8,850659,3,48,5600135,202,202,55788611,2,4,968783,2,8,850659,3,48,5600135
202008,53,021,4,9,Franklin County               ,60,60,17114284,1,2,173640,0,0,0,0,0,0,11,11,4309997,0,0,0,0,0,0,0,0,0
202008,53,031,4,9,Jefferson County              ,14,14,3047078,0,0,0,0,0,0,0,0,0,3,3,309811,0,0,0,0,0,0,0,0,0
202008,53,033,4,9,King County                   ,322,322,137449784,19,38,9968733,11,37,7451875,21,757,82615993,217,217,94048602,18,36,9449655,10,34,6801975,17,650,70662896
202008,53,035,4,9,Kitsap County                 ,80,80,24211271,1,2,390681,0,0,0,1,7,590504,61,61,19576206,1,2,390681,0,0,0,0,0,0
202008,53,053,4,9,Pierce County                 ,199,199,57336718,1,2,280000,2,7,1483551,19,129,21123125,199,199,57336718,1,2,280000,2,7,1483551,19,129,21123125
202008,53,055,4,9,San Juan County               ,11,11,2353070,1,2,237780,0,0,0,0,0,0,0,0,0,0,0,0,0,0,0,0,0,0
202008,53,059,4,9,Skamania County               ,6,6,1088920,0,0,0,0,0,0,0,0,0,6,6,1088920,0,0,0,0,0,0,0,0,0
202008,53,061,4,9,Snohomish County              ,274,274,89225045,8,16,3809632,3,12,2799504,6,163,18010218,257,257,84320398,7,14,3338567,3,12,2799504,4,109,12232805
202008,54,011,3,5,Cabell County                 ,7,7,1369701,0,0,0,0,0,0,0,0,0,0,0,0,0,0,0,0,0,0,0,0,0
202008,54,015,3,5,Clay County                   ,2,2,50000,0,0,0,0,0,0,0,0,0,2,2,50000,0,0,0,0,0,0,0,0,0
202008,54,019,3,5,Fayette County                ,3,3,165240,0,0,0,0,0,0,0,0,0,2,2,108370,0,0,0,0,0,0,0,0,0
202008,54,037,3,5,Jefferson County              ,33,33,7571158,0,0,0,0,0,0,1,36,3500000,33,33,7571158,0,0,0,0,0,0,1,36,3500000
202008,54,081,3,5,Raleigh County                ,3,3,455000,0,0,0,0,0,0,0,0,0,3,3,455000,0,0,0,0,0,0,0,0,0
202008,55,025,2,3,Dane County                   ,128,128,45424813,8,16,3859999,0,0,0,9,418,55329666,116,116,42610038,7,14,3494999,0,0,0,9,418,55329666
202008,55,031,2,3,Douglas County                ,12,12,2081196,0,0,0,0,0,0,0,0,0,12,12,2081196,0,0,0,0,0,0,0,0,0
202008,55,037,2,3,Florence County               ,3,3,370000,0,0,0,0,0,0,0,0,0,3,3,370000,0,0,0,0,0,0,0,0,0
202008,55,049,2,3,Iowa County                   ,10,10,2860000,0,0,0,0,0,0,0,0,0,10,10,2860000,0,0,0,0,0,0,0,0,0
202008,55,059,2,3,Kenosha County                ,21,21,6628882,0,0,0,0,0,0,0,0,0,18,18,5543500,0,0,0,0,0,0,0,0,0
202008,55,079,2,3,Milwaukee County              ,83,83,20909118,27,54,8119105,0,0,0,1,5,585776,82,82,20637840,27,54,8119105,0,0,0,0,0,0
202008,55,089,2,3,Ozaukee County                ,17,17,5176511,0,0,0,0,0,0,0,0,0,14,14,4189880,0,0,0,0,0,0,0,0,0
202008,55,093,2,3,Pierce County                 ,14,14,3568347,0,0,0,0,0,0,2,24,1851482,13,13,3374680,0,0,0,0,0,0,2,24,1851482
202008,55,109,2,3,St. Croix County              ,83,83,20669259,5,10,1095000,0,0,0,0,0,0,72,72,18110678,5,10,1095000,0,0,0,0,0,0
202008,55,131,2,3,Washington County             ,41,41,13958296,2,4,664111,0,0,0,0,0,0,23,23,7391950,1,2,425000,0,0,0,0,0,0
202008,56,025,4,8,Natrona County                ,10,10,2471504,0,0,0,0,0,0,0,0,0,9,9,2350154,0,0,0,0,0,0,0,0,0
202008,56,029,4,8,Park County                   ,20,20,5329720,0,0,0,0,0,0,0,0,0,18,18,5042006,0,0,0,0,0,0,0,0,0
202008,56,039,4,8,Teton County                  ,18,18,22323980,1,2,623319,0,0,0,0,0,0,16,16,21278600,0,0,0,0,0,0,0,0,0
