Survey,FIPS,FIPS,Region,Division,County,,1-unit,,,2-units,,,3-4 units,,,5+ units,,,1-unit rep,,,2-units rep,,,3-4 units rep,,, 5+units rep
Date,State,County,Code,Code,Name,Bldgs,Units,Value,Bldgs,Units,Value,Bldgs,Units,Value,Bldgs,Units,Value,Bldgs,Units,Value,Bldgs,Units,Value,Bldgs,Units,Value,Bldgs,Units,Value
 
202003,01,001,3,6,Autauga County                ,39,39,12270947,0,0,0,0,0,0,0,0,0,39,39,12270947,0,0,0,0,0,0,0,0,0
202003,01,007,3,6,Bibb County                   ,1,1,385000,0,0,0,0,0,0,0,0,0,1,1,385000,0,0,0,0,0,0,0,0,0
202003,01,009,3,6,Blount County                 ,4,4,612457,0,0,0,0,0,0,0,0,0,4,4,612457,0,0,0,0,0,0,0,0,0
202003,01,021,3,6,Chilton County                ,5,5,932812,0,0,0,0,0,0,0,0,0,5,5,932812,0,0,0,0,0,0,0,0,0
202003,01,073,3,6,Jefferson County              ,118,118,39997979,2,4,494658,0,0,0,2,18,1909726,46,46,14156346,0,0,0,0,0,0,0,0,0
202003,01,081,3,6,Lee County                    ,149,149,36680397,0,0,0,1,3,400000,0,0,0,124,124,30678528,0,0,0,1,3,400000,0,0,0
202003,01,083,3,6,Limestone County              ,29,29,6886244,0,0,0,0,0,0,0,0,0,29,29,6886244,0,0,0,0,0,0,0,0,0
202003,01,089,3,6,Madison County                ,327,327,45904075,0,0,0,0,0,0,0,0,0,222,222,25827136,0,0,0,0,0,0,0,0,0
202003,01,113,3,6,Russell County                ,18,18,2345377,0,0,0,0,0,0,0,0,0,9,9,1086600,0,0,0,0,0,0,0,0,0
202003,01,115,3,6,St. Clair County              ,26,26,4426580,0,0,0,0,0,0,0,0,0,17,17,2304795,0,0,0,0,0,0,0,0,0
202003,01,117,3,6,Shelby County                 ,112,112,26010465,0,0,0,0,0,0,0,0,0,35,35,7014165,0,0,0,0,0,0,0,0,0
202003,01,127,3,6,Walker County                 ,4,4,516246,0,0,0,0,0,0,0,0,0,4,4,516246,0,0,0,0,0,0,0,0,0
202003,02,013,4,9,Aleutians East Borough        ,0,0,0,0,0,0,0,0,0,0,0,0,0,0,0,0,0,0,0,0,0,0,0,0
202003,02,016,4,9,Aleutians West Census Area    ,0,0,0,0,0,0,0,0,0,0,0,0,0,0,0,0,0,0,0,0,0,0,0,0
202003,02,020,4,9,Anchorage Municipality        ,12,12,5297037,0,0,0,0,0,0,0,0,0,12,12,5297037,0,0,0,0,0,0,0,0,0
202003,02,050,4,9,Bethel Census Area            ,0,0,0,0,0,0,0,0,0,0,0,0,0,0,0,0,0,0,0,0,0,0,0,0
202003,02,060,4,9,Bristol Bay Borough           ,0,0,0,0,0,0,0,0,0,0,0,0,0,0,0,0,0,0,0,0,0,0,0,0
202003,02,070,4,9,Dillingham Census Area        ,0,0,0,0,0,0,0,0,0,0,0,0,0,0,0,0,0,0,0,0,0,0,0,0
202003,02,090,4,9,Fairbanks North Star Borough  ,0,0,0,0,0,0,0,0,0,0,0,0,0,0,0,0,0,0,0,0,0,0,0,0
202003,02,100,4,9,Haines Borough                ,0,0,0,0,0,0,0,0,0,0,0,0,0,0,0,0,0,0,0,0,0,0,0,0
202003,02,105,4,9,Hoonah-Angoon Census Area     ,0,0,0,0,0,0,0,0,0,0,0,0,0,0,0,0,0,0,0,0,0,0,0,0
202003,02,110,4,9,Juneau City and Borough       ,2,2,620007,0,0,0,0,0,0,0,0,0,2,2,620007,0,0,0,0,0,0,0,0,0
202003,02,122,4,9,Kenai Peninsula Borough       ,8,8,2731579,0,0,0,0,0,0,0,0,0,5,5,2115000,0,0,0,0,0,0,0,0,0
202003,02,130,4,9,Ketchikan Gateway Borough     ,1,1,282835,0,0,0,0,0,0,0,0,0,1,1,282835,0,0,0,0,0,0,0,0,0
202003,02,150,4,9,Kodiak Island Borough         ,1,1,366700,0,0,0,0,0,0,0,0,0,1,1,366700,0,0,0,0,0,0,0,0,0
202003,02,170,4,9,Matanuska-Susitna Borough     ,6,6,1527856,3,6,1025905,0,0,0,0,0,0,2,2,379871,0,0,0,0,0,0,0,0,0
202003,02,180,4,9,Nome Census Area              ,0,0,0,0,0,0,0,0,0,0,0,0,0,0,0,0,0,0,0,0,0,0,0,0
202003,02,185,4,9,North Slope Borough           ,0,0,0,0,0,0,0,0,0,0,0,0,0,0,0,0,0,0,0,0,0,0,0,0
202003,02,188,4,9,Northwest Arctic Borough      ,1,1,316142,0,0,0,0,0,0,0,0,0,0,0,0,0,0,0,0,0,0,0,0,0
202003,02,195,4,9,Petersburg Borough            ,0,0,0,0,0,0,0,0,0,0,0,0,0,0,0,0,0,0,0,0,0,0,0,0
202003,02,198,4,9,Prince of Wales-Hyder Census A,0,0,0,0,0,0,0,0,0,0,0,0,0,0,0,0,0,0,0,0,0,0,0,0
202003,02,220,4,9,Sitka City and Borough        ,1,1,264847,0,0,0,0,0,0,0,0,0,0,0,0,0,0,0,0,0,0,0,0,0
202003,02,230,4,9,Skagway Municipality          ,0,0,0,0,0,0,0,0,0,0,0,0,0,0,0,0,0,0,0,0,0,0,0,0
202003,02,261,4,9,Valdez-Cordova Census Area    ,1,1,400000,1,2,45000,0,0,0,0,0,0,1,1,400000,0,0,0,0,0,0,0,0,0
202003,02,275,4,9,Wrangell City and Borough     ,0,0,0,0,0,0,0,0,0,0,0,0,0,0,0,0,0,0,0,0,0,0,0,0
202003,02,282,4,9,Yakutat City and Borough      ,1,1,166923,0,0,0,0,0,0,0,0,0,0,0,0,0,0,0,0,0,0,0,0,0
202003,02,290,4,9,Yukon-Koyukuk Census Area     ,0,0,0,0,0,0,0,0,0,0,0,0,0,0,0,0,0,0,0,0,0,0,0,0
202003,04,013,4,8,Maricopa County               ,2142,2142,632671830,10,20,2561286,4,13,2634168,50,1072,164547250,2123,2123,627009237,10,20,2561286,3,10,1929958,49,931,139599078
202003,04,019,4,8,Pima County                   ,287,287,84780437,1,2,298716,0,0,0,3,71,10904786,228,228,70104976,0,0,0,0,0,0,0,0,0
202003,04,021,4,8,Pinal County                  ,408,408,79230447,0,0,0,0,0,0,0,0,0,396,396,76862345,0,0,0,0,0,0,0,0,0
202003,05,013,3,7,Calhoun County                ,0,0,0,0,0,0,0,0,0,0,0,0,0,0,0,0,0,0,0,0,0,0,0,0
202003,05,035,3,7,Crittenden County             ,7,7,1621385,0,0,0,0,0,0,0,0,0,6,6,1387900,0,0,0,0,0,0,0,0,0
202003,05,043,3,7,Drew County                   ,0,0,0,0,0,0,0,0,0,0,0,0,0,0,0,0,0,0,0,0,0,0,0,0
202003,05,045,3,7,Faulkner County               ,27,27,5951180,1,2,151790,0,0,0,1,5,140569,1,1,200000,0,0,0,0,0,0,0,0,0
202003,05,053,3,7,Grant County                  ,3,3,467276,0,0,0,0,0,0,0,0,0,0,0,0,0,0,0,0,0,0,0,0,0
202003,05,085,3,7,Lonoke County                 ,38,38,5822915,0,0,0,0,0,0,0,0,0,24,24,4617489,0,0,0,0,0,0,0,0,0
202003,05,087,3,7,Madison County                ,0,0,0,0,0,0,0,0,0,0,0,0,0,0,0,0,0,0,0,0,0,0,0,0
202003,05,091,3,7,Miller County                 ,0,0,0,0,0,0,0,0,0,0,0,0,0,0,0,0,0,0,0,0,0,0,0,0
202003,05,105,3,7,Perry County                  ,0,0,0,0,0,0,0,0,0,0,0,0,0,0,0,0,0,0,0,0,0,0,0,0
202003,05,119,3,7,Pulaski County                ,67,67,17223308,0,0,0,1,3,224900,0,0,0,67,67,17223308,0,0,0,1,3,224900,0,0,0
202003,05,129,3,7,Searcy County                 ,0,0,0,0,0,0,0,0,0,0,0,0,0,0,0,0,0,0,0,0,0,0,0,0
202003,05,143,3,7,Washington County             ,163,163,38350662,4,8,1300000,0,0,0,6,201,32263868,160,160,37446109,4,8,1300000,0,0,0,6,201,32263868
202003,06,001,4,9,Alameda County                ,94,94,33194260,0,0,0,1,3,856711,12,126,37227753,27,27,10400793,0,0,0,0,0,0,8,100,31555742
202003,06,013,4,9,Contra Costa County           ,67,67,21474244,0,0,0,0,0,0,1,153,31572927,63,63,18907309,0,0,0,0,0,0,1,153,31572927
202003,06,017,4,9,El Dorado County              ,25,25,6864168,0,0,0,0,0,0,0,0,0,25,25,6864168,0,0,0,0,0,0,0,0,0
202003,06,019,4,9,Fresno County                 ,161,161,47013102,4,8,1194693,4,16,1398335,6,66,6596704,65,65,18551437,1,2,8000,4,16,1398335,2,30,2676617
202003,06,037,4,9,Los Angeles County            ,465,465,197893175,58,116,21069906,4,12,3185964,35,1415,269277974,400,400,169974567,58,116,21069906,2,6,1377348,28,1364,262197320
202003,06,041,4,9,Marin County                  ,6,6,5027676,1,2,1531250,0,0,0,1,5,687500,1,1,650000,0,0,0,0,0,0,0,0,0
202003,06,059,4,9,Orange County                 ,318,318,88176211,8,16,3654662,10,35,8553717,12,337,57453098,269,269,65956251,7,14,2987983,9,31,7673461,10,273,44671379
202003,06,061,4,9,Placer County                 ,176,176,56655682,2,4,665108,0,0,0,1,41,5169204,176,176,56655682,2,4,665108,0,0,0,1,41,5169204
202003,06,063,4,9,Plumas County                 ,4,4,1131340,0,0,0,0,0,0,0,0,0,4,4,1131340,0,0,0,0,0,0,0,0,0
202003,06,067,4,9,Sacramento County             ,280,280,82793834,2,4,1100000,2,8,1368512,1,111,15950000,278,278,82342426,2,4,1100000,2,8,1368512,1,111,15950000
202003,06,069,4,9,San Benito County             ,48,48,15245364,0,0,0,0,0,0,0,0,0,0,0,0,0,0,0,0,0,0,0,0,0
202003,06,071,4,9,San Bernardino County         ,307,307,77946310,3,6,812848,2,8,2800850,3,20,1594743,259,259,67196220,3,6,812848,2,8,2800850,0,0,0
202003,06,073,4,9,San Diego County              ,210,210,57475467,3,6,930820,13,42,10781680,17,609,98468594,185,185,52541514,3,6,930820,12,38,10249277,14,555,91237698
202003,06,075,4,9,San Francisco County          ,2,2,555870,0,0,0,1,4,1543350,0,0,0,2,2,555870,0,0,0,1,4,1543350,0,0,0
202003,06,081,4,9,San Mateo County              ,19,19,10885316,1,2,600000,0,0,0,4,46,9385185,2,2,700000,0,0,0,0,0,0,0,0,0
202003,06,085,4,9,Santa Clara County            ,82,82,32601623,0,0,0,0,0,0,3,226,25321270,60,60,20505356,0,0,0,0,0,0,1,180,18007360
202003,06,091,4,9,Sierra County                 ,2,2,565670,0,0,0,0,0,0,0,0,0,2,2,565670,0,0,0,0,0,0,0,0,0
202003,06,113,4,9,Yolo County                   ,22,22,6740541,0,0,0,0,0,0,17,176,19791067,18,18,5396046,0,0,0,0,0,0,17,176,19791067
202003,08,001,4,8,Adams County                  ,176,176,50871009,0,0,0,0,0,0,0,0,0,176,176,50871009,0,0,0,0,0,0,0,0,0
202003,08,005,4,8,Arapahoe County               ,194,194,54795244,0,0,0,1,3,360172,1,9,1503306,181,181,51227392,0,0,0,0,0,0,0,0,0
202003,08,014,4,8,Broomfield County             ,15,15,6156291,2,4,1012060,0,0,0,0,0,0,15,15,6156291,2,4,1012060,0,0,0,0,0,0
202003,08,015,4,8,Chaffee County                ,11,11,2914259,0,0,0,0,0,0,0,0,0,0,0,0,0,0,0,0,0,0,0,0,0
202003,08,019,4,8,Clear Creek County            ,2,2,630569,0,0,0,0,0,0,0,0,0,2,2,630569,0,0,0,0,0,0,0,0,0
202003,08,031,4,8,Denver County                 ,82,82,22790678,0,0,0,0,0,0,4,190,16862082,82,82,22790678,0,0,0,0,0,0,4,190,16862082
202003,08,035,4,8,Douglas County                ,205,205,66024796,0,0,0,0,0,0,1,5,617200,199,199,63876217,0,0,0,0,0,0,1,5,617200
202003,08,039,4,8,Elbert County                 ,29,29,8765875,0,0,0,0,0,0,0,0,0,16,16,4691435,0,0,0,0,0,0,0,0,0
202003,08,041,4,8,El Paso County                ,444,444,168168092,0,0,0,0,0,0,11,258,34804713,444,444,168168092,0,0,0,0,0,0,11,258,34804713
202003,08,047,4,8,Gilpin County                 ,1,1,277935,0,0,0,0,0,0,0,0,0,1,1,277935,0,0,0,0,0,0,0,0,0
202003,08,059,4,8,Jefferson County              ,71,71,23529741,0,0,0,0,0,0,0,0,0,69,69,22906432,0,0,0,0,0,0,0,0,0
202003,08,069,4,8,Larimer County                ,291,291,80392979,0,0,0,0,0,0,5,33,5724554,247,247,70444899,0,0,0,0,0,0,5,33,5724554
202003,08,077,4,8,Mesa County                   ,69,69,10482547,0,0,0,0,0,0,1,12,1769234,69,69,10482547,0,0,0,0,0,0,1,12,1769234
202003,08,093,4,8,Park County                   ,9,9,2032183,0,0,0,0,0,0,0,0,0,9,9,2032183,0,0,0,0,0,0,0,0,0
202003,08,101,4,8,Pueblo County                 ,41,41,6354076,0,0,0,0,0,0,0,0,0,0,0,0,0,0,0,0,0,0,0,0,0
202003,08,119,4,8,Teller County                 ,7,7,1729944,0,0,0,0,0,0,0,0,0,7,7,1729944,0,0,0,0,0,0,0,0,0
202003,09,001,1,1,Fairfield County              ,44,44,21147294,5,10,1697201,0,0,0,2,55,4887722,39,39,15533880,5,10,1697201,0,0,0,2,55,4887722
202003,09,003,1,1,Hartford County               ,43,43,7630818,1,2,400000,0,0,0,4,24,1680597,27,27,4388710,1,2,400000,0,0,0,0,0,0
202003,09,007,1,1,Middlesex County              ,10,10,2503434,0,0,0,0,0,0,0,0,0,5,5,1420825,0,0,0,0,0,0,0,0,0
202003,09,013,1,1,Tolland County                ,10,10,2390610,0,0,0,0,0,0,2,10,998158,4,4,1095487,0,0,0,0,0,0,0,0,0
202003,10,001,3,5,Kent County                   ,132,132,18211412,4,8,841089,0,0,0,0,0,0,130,130,17782937,4,8,841089,0,0,0,0,0,0
202003,10,003,3,5,New Castle County             ,128,128,12215917,0,0,0,0,0,0,1,5,55544,1,1,125550,0,0,0,0,0,0,0,0,0
202003,10,005,3,5,Sussex County                 ,296,296,38892558,3,6,693755,2,7,86400,2,11,1161997,296,296,38892558,3,6,693755,2,7,86400,2,11,1161997
202003,11,001,3,5,Washington  DC                ,8,8,1899654,1,2,223682,0,0,0,3,677,75989865,8,8,1899654,1,2,223682,0,0,0,3,677,75989865
202003,12,003,3,5,Baker County                  ,5,5,964293,0,0,0,0,0,0,0,0,0,5,5,964293,0,0,0,0,0,0,0,0,0
202003,12,019,3,5,Clay County                   ,82,82,18282075,2,4,515000,0,0,0,0,0,0,82,82,18282075,2,4,515000,0,0,0,0,0,0
202003,12,029,3,5,Dixie County                  ,3,3,378970,0,0,0,0,0,0,0,0,0,0,0,0,0,0,0,0,0,0,0,0,0
202003,12,031,3,5,Duval County                  ,453,453,108947293,0,0,0,0,0,0,2,456,51183720,445,445,105974822,0,0,0,0,0,0,2,456,51183720
202003,12,033,3,5,Escambia County               ,177,177,42029837,0,0,0,2,6,480000,0,0,0,177,177,42029837,0,0,0,2,6,480000,0,0,0
202003,12,053,3,5,Hernando County               ,58,58,12891783,0,0,0,0,0,0,0,0,0,58,58,12891783,0,0,0,0,0,0,0,0,0
202003,12,057,3,5,Hillsborough County           ,778,778,263789698,0,0,0,1,3,144000,0,0,0,778,778,263789698,0,0,0,1,3,144000,0,0,0
202003,12,067,3,5,Lafayette County              ,2,2,411880,0,0,0,0,0,0,0,0,0,2,2,411880,0,0,0,0,0,0,0,0,0
202003,12,071,3,5,Lee County                    ,511,511,117633148,14,28,3422150,2,8,808841,18,589,57216007,511,511,117633148,14,28,3422150,2,8,808841,18,589,57216007
202003,12,073,3,5,Leon County                   ,68,68,13336386,1,2,221600,0,0,0,4,89,11182265,0,0,0,0,0,0,0,0,0,0,0,0
202003,12,081,3,5,Manatee County                ,406,406,80321382,9,18,1151100,1,4,479020,4,53,5044840,403,403,78891548,9,18,1151100,1,4,479020,4,53,5044840
202003,12,086,3,5,Miami-Dade County             ,198,198,44562444,12,24,4343267,0,0,0,6,75,6719107,172,172,36926982,12,24,4343267,0,0,0,6,75,6719107
202003,12,089,3,5,Nassau County                 ,54,54,16747093,0,0,0,0,0,0,1,19,2181592,35,35,11836786,0,0,0,0,0,0,0,0,0
202003,12,091,3,5,Okaloosa County               ,75,75,24210293,0,0,0,0,0,0,0,0,0,52,52,17881900,0,0,0,0,0,0,0,0,0
202003,12,095,3,5,Orange County                 ,354,354,105067374,13,26,5925223,0,0,0,7,689,105080897,328,328,97967283,13,26,5925223,0,0,0,7,689,105080897
202003,12,097,3,5,Osceola County                ,478,478,118593176,5,10,1118412,2,8,1074178,1,13,1459185,478,478,118593176,5,10,1118412,2,8,1074178,1,13,1459185
202003,12,101,3,5,Pasco County                  ,473,473,97908022,1,2,440461,0,0,0,0,0,0,469,469,97372071,1,2,440461,0,0,0,0,0,0
202003,12,103,3,5,Pinellas County               ,80,80,23544515,0,0,0,0,0,0,2,41,4342579,61,61,17358045,0,0,0,0,0,0,1,36,2062579
202003,12,109,3,5,St. Johns County              ,357,357,85175075,0,0,0,0,0,0,0,0,0,357,357,85175075,0,0,0,0,0,0,0,0,0
202003,12,113,3,5,Santa Rosa County             ,271,271,47281305,0,0,0,0,0,0,0,0,0,271,271,47281305,0,0,0,0,0,0,0,0,0
202003,12,115,3,5,Sarasota County               ,384,384,109760983,6,12,2476058,2,7,1579178,2,36,5055472,360,360,102535532,5,10,2244083,1,4,1010077,1,8,1268661
202003,12,117,3,5,Seminole County               ,137,137,44700464,6,12,3264150,0,0,0,1,67,10087360,137,137,44700464,6,12,3264150,0,0,0,1,67,10087360
202003,12,119,3,5,Sumter County                 ,277,277,74060271,0,0,0,0,0,0,18,332,26672558,277,277,74060271,0,0,0,0,0,0,18,332,26672558
202003,12,129,3,5,Wakulla County                ,31,31,4665160,0,0,0,0,0,0,0,0,0,31,31,4665160,0,0,0,0,0,0,0,0,0
202003,12,131,3,5,Walton County                 ,123,123,69820763,1,2,1800000,0,0,0,5,34,4985252,123,123,69820763,1,2,1800000,0,0,0,5,34,4985252
202003,12,133,3,5,Washington County             ,5,5,640770,0,0,0,0,0,0,0,0,0,0,0,0,0,0,0,0,0,0,0,0,0
202003,13,007,3,5,Baker County                  ,0,0,0,0,0,0,0,0,0,0,0,0,0,0,0,0,0,0,0,0,0,0,0,0
202003,13,013,3,5,Barrow County                 ,68,68,9654112,0,0,0,0,0,0,0,0,0,19,19,3097940,0,0,0,0,0,0,0,0,0
202003,13,015,3,5,Bartow County                 ,48,48,9344141,0,0,0,0,0,0,0,0,0,47,47,8594919,0,0,0,0,0,0,0,0,0
202003,13,021,3,5,Bibb County                   ,14,14,2399451,0,0,0,0,0,0,0,0,0,0,0,0,0,0,0,0,0,0,0,0,0
202003,13,029,3,5,Bryan County                  ,50,50,11193710,0,0,0,0,0,0,2,15,1683675,21,21,4986591,0,0,0,0,0,0,2,15,1683675
202003,13,033,3,5,Burke County                  ,5,5,890392,0,0,0,0,0,0,0,0,0,0,0,0,0,0,0,0,0,0,0,0,0
202003,13,035,3,5,Butts County                  ,20,20,7608700,0,0,0,0,0,0,0,0,0,20,20,7608700,0,0,0,0,0,0,0,0,0
202003,13,045,3,5,Carroll County                ,52,52,12467590,0,0,0,0,0,0,0,0,0,52,52,12467590,0,0,0,0,0,0,0,0,0
202003,13,051,3,5,Chatham County                ,68,68,14245401,0,0,0,0,0,0,0,0,0,27,27,6016701,0,0,0,0,0,0,0,0,0
202003,13,057,3,5,Cherokee County               ,180,180,55035640,0,0,0,0,0,0,0,0,0,180,180,55035640,0,0,0,0,0,0,0,0,0
202003,13,059,3,5,Clarke County                 ,24,24,4508654,6,12,1449456,23,87,8858237,0,0,0,24,24,4508654,6,12,1449456,23,87,8858237,0,0,0
202003,13,063,3,5,Clayton County                ,35,35,5643400,0,0,0,0,0,0,0,0,0,9,9,2137110,0,0,0,0,0,0,0,0,0
202003,13,067,3,5,Cobb County                   ,172,172,44220296,0,0,0,7,22,4391486,4,20,4075791,134,134,35752406,0,0,0,7,22,4391486,4,20,4075791
202003,13,073,3,5,Columbia County               ,125,125,24313746,0,0,0,0,0,0,0,0,0,35,35,5627902,0,0,0,0,0,0,0,0,0
202003,13,077,3,5,Coweta County                 ,89,89,31955847,0,0,0,0,0,0,2,36,3204148,53,53,19740682,0,0,0,0,0,0,0,0,0
202003,13,085,3,5,Dawson County                 ,35,35,7794357,0,0,0,0,0,0,0,0,0,35,35,7794357,0,0,0,0,0,0,0,0,0
202003,13,095,3,5,Dougherty County              ,3,3,413880,0,0,0,0,0,0,0,0,0,0,0,0,0,0,0,0,0,0,0,0,0
202003,13,097,3,5,Douglas County                ,41,41,13259926,0,0,0,0,0,0,0,0,0,41,41,13259926,0,0,0,0,0,0,0,0,0
202003,13,111,3,5,Fannin County                 ,29,29,5653878,0,0,0,0,0,0,1,5,429249,0,0,0,0,0,0,0,0,0,0,0,0
202003,13,113,3,5,Fayette County                ,40,40,12347480,0,0,0,0,0,0,0,0,0,17,17,5980168,0,0,0,0,0,0,0,0,0
202003,13,115,3,5,Floyd County                  ,23,23,4948582,0,0,0,0,0,0,0,0,0,23,23,4948582,0,0,0,0,0,0,0,0,0
202003,13,117,3,5,Forsyth County                ,231,231,40339003,0,0,0,0,0,0,0,0,0,231,231,40339003,0,0,0,0,0,0,0,0,0
202003,13,121,3,5,Fulton County                 ,170,170,41750044,3,6,1225000,0,0,0,0,0,0,123,123,35475448,3,6,1225000,0,0,0,0,0,0
202003,13,127,3,5,Glynn County                  ,56,56,16495047,0,0,0,0,0,0,0,0,0,0,0,0,0,0,0,0,0,0,0,0,0
202003,13,135,3,5,Gwinnett County               ,283,283,69501276,0,0,0,0,0,0,0,0,0,274,274,66867860,0,0,0,0,0,0,0,0,0
202003,13,143,3,5,Haralson County               ,5,5,1090936,0,0,0,0,0,0,0,0,0,0,0,0,0,0,0,0,0,0,0,0,0
202003,13,145,3,5,Harris County                 ,26,26,5806190,0,0,0,0,0,0,0,0,0,26,26,5806190,0,0,0,0,0,0,0,0,0
202003,13,149,3,5,Heard County                  ,2,2,455937,0,0,0,0,0,0,0,0,0,0,0,0,0,0,0,0,0,0,0,0,0
202003,13,151,3,5,Henry County                  ,146,146,31831317,0,0,0,0,0,0,0,0,0,15,15,6084913,0,0,0,0,0,0,0,0,0
202003,13,159,3,5,Jasper County                 ,8,8,1071792,0,0,0,0,0,0,0,0,0,0,0,0,0,0,0,0,0,0,0,0,0
202003,13,171,3,5,Lamar County                  ,6,6,1065000,0,0,0,0,0,0,0,0,0,6,6,1065000,0,0,0,0,0,0,0,0,0
202003,13,177,3,5,Lee County                    ,7,7,327520,0,0,0,0,0,0,0,0,0,7,7,327520,0,0,0,0,0,0,0,0,0
202003,13,179,3,5,Liberty County                ,31,31,6171625,0,0,0,0,0,0,0,0,0,31,31,6171625,0,0,0,0,0,0,0,0,0
202003,13,189,3,5,McDuffie County               ,3,3,568455,0,0,0,0,0,0,0,0,0,0,0,0,0,0,0,0,0,0,0,0,0
202003,13,199,3,5,Meriwether County             ,3,3,185000,0,0,0,0,0,0,0,0,0,3,3,185000,0,0,0,0,0,0,0,0,0
202003,13,201,3,5,Miller County                 ,0,0,0,0,0,0,0,0,0,0,0,0,0,0,0,0,0,0,0,0,0,0,0,0
202003,13,207,3,5,Monroe County                 ,13,13,209531,0,0,0,0,0,0,0,0,0,0,0,0,0,0,0,0,0,0,0,0,0
202003,13,215,3,5,Muscogee County               ,32,32,6223496,0,0,0,1,4,246187,2,12,2254186,0,0,0,0,0,0,0,0,0,0,0,0
202003,13,217,3,5,Newton County                 ,96,96,23351185,0,0,0,0,0,0,0,0,0,96,96,23351185,0,0,0,0,0,0,0,0,0
202003,13,227,3,5,Pickens County                ,7,7,1890000,0,0,0,0,0,0,0,0,0,7,7,1890000,0,0,0,0,0,0,0,0,0
202003,13,231,3,5,Pike County                   ,12,12,2849480,0,0,0,0,0,0,0,0,0,12,12,2849480,0,0,0,0,0,0,0,0,0
202003,13,235,3,5,Pulaski County                ,1,1,200000,0,0,0,0,0,0,0,0,0,1,1,200000,0,0,0,0,0,0,0,0,0
202003,13,245,3,5,Richmond County               ,34,34,5517497,0,0,0,0,0,0,1,13,796203,0,0,0,0,0,0,0,0,0,0,0,0
202003,13,247,3,5,Rockdale County               ,21,21,5272099,0,0,0,0,0,0,0,0,0,21,21,5272099,0,0,0,0,0,0,0,0,0
202003,13,255,3,5,Spalding County               ,21,21,2668988,0,0,0,0,0,0,0,0,0,20,20,2590538,0,0,0,0,0,0,0,0,0
202003,13,275,3,5,Thomas County                 ,10,10,2153949,1,2,797000,0,0,0,0,0,0,0,0,0,0,0,0,0,0,0,0,0,0
202003,13,291,3,5,Union County                  ,18,18,4124475,0,0,0,0,0,0,0,0,0,18,18,4124475,0,0,0,0,0,0,0,0,0
202003,15,001,4,9,Hawaii County                 ,83,83,38893473,0,0,0,0,0,0,0,0,0,83,83,38893473,0,0,0,0,0,0,0,0,0
202003,15,003,4,9,Honolulu County               ,85,85,31703329,0,0,0,0,0,0,3,122,23869937,0,0,0,0,0,0,0,0,0,0,0,0
202003,15,007,4,9,Kauai County                  ,15,15,8569342,1,2,712327,1,3,751700,2,11,1997722,0,0,0,0,0,0,0,0,0,0,0,0
202003,15,009,4,9,Maui County                   ,22,22,7602618,0,0,0,0,0,0,0,0,0,22,22,7602618,0,0,0,0,0,0,0,0,0
202003,16,001,4,8,Ada County                    ,412,412,113178850,9,18,2355397,1,3,215740,7,110,10643194,230,230,66260185,9,18,2355397,0,0,0,0,0,0
202003,16,015,4,8,Boise County                  ,3,3,642399,0,0,0,0,0,0,0,0,0,3,3,642399,0,0,0,0,0,0,0,0,0
202003,16,027,4,8,Canyon County                 ,201,201,32137840,0,0,0,1,4,80000,0,0,0,187,187,28589926,0,0,0,1,4,80000,0,0,0
202003,16,045,4,8,Gem County                    ,10,10,2467128,0,0,0,0,0,0,0,0,0,8,8,2223481,0,0,0,0,0,0,0,0,0
202003,16,073,4,8,Owyhee County                 ,2,2,357566,0,0,0,0,0,0,0,0,0,0,0,0,0,0,0,0,0,0,0,0,0
202003,17,005,2,3,Bond County                   ,0,0,0,0,0,0,0,0,0,0,0,0,0,0,0,0,0,0,0,0,0,0,0,0
202003,17,013,2,3,Calhoun County                ,1,1,151336,0,0,0,0,0,0,0,0,0,0,0,0,0,0,0,0,0,0,0,0,0
202003,17,031,2,3,Cook County                   ,80,80,25796313,1,2,515000,8,24,7183793,12,844,50688499,56,56,17029786,0,0,0,7,21,6484650,11,824,49451750
202003,17,037,2,3,DeKalb County                 ,15,15,3072515,0,0,0,0,0,0,0,0,0,13,13,2799337,0,0,0,0,0,0,0,0,0
202003,17,039,2,3,De Witt County                ,4,4,860000,0,0,0,0,0,0,0,0,0,4,4,860000,0,0,0,0,0,0,0,0,0
202003,17,043,2,3,DuPage County                 ,76,76,26051229,1,2,357340,1,4,721806,2,17,3863089,48,48,12902496,1,2,357340,1,4,721806,1,6,942589
202003,17,063,2,3,Grundy County                 ,2,2,478886,0,0,0,0,0,0,1,7,358974,0,0,0,0,0,0,0,0,0,0,0,0
202003,17,083,2,3,Jersey County                 ,4,4,593657,0,0,0,0,0,0,0,0,0,3,3,438048,0,0,0,0,0,0,0,0,0
202003,17,093,2,3,Kendall County                ,31,31,5386325,1,2,260488,0,0,0,1,19,1499643,22,22,3784850,0,0,0,0,0,0,0,0,0
202003,17,097,2,3,Lake County                   ,41,41,13683263,1,2,446250,0,0,0,1,5,1029110,23,23,8391668,1,2,446250,0,0,0,0,0,0
202003,17,111,2,3,McHenry County                ,27,27,5782090,1,2,220000,0,0,0,1,6,90000,12,12,2655804,0,0,0,0,0,0,0,0,0
202003,17,119,2,3,Madison County                ,42,42,11373046,0,0,0,0,0,0,1,10,1279666,31,31,7900523,0,0,0,0,0,0,0,0,0
202003,17,133,2,3,Monroe County                 ,5,5,1639714,0,0,0,0,0,0,0,0,0,5,5,1639714,0,0,0,0,0,0,0,0,0
202003,17,197,2,3,Will County                   ,91,91,23657427,4,8,1084463,1,4,523189,0,0,0,82,82,21997573,4,8,1084463,1,4,523189,0,0,0
202003,18,003,2,3,Allen County                  ,115,115,31134202,0,0,0,0,0,0,2,36,1200000,115,115,31134202,0,0,0,0,0,0,2,36,1200000
202003,18,011,2,3,Boone County                  ,67,67,26272587,0,0,0,0,0,0,0,0,0,65,65,25594411,0,0,0,0,0,0,0,0,0
202003,18,013,2,3,Brown County                  ,2,2,541464,0,0,0,0,0,0,0,0,0,2,2,541464,0,0,0,0,0,0,0,0,0
202003,18,019,2,3,Clark County                  ,44,44,9108188,0,0,0,0,0,0,1,24,1500000,36,36,7503522,0,0,0,0,0,0,1,24,1500000
202003,18,047,2,3,Franklin County               ,3,3,1310000,0,0,0,0,0,0,0,0,0,3,3,1310000,0,0,0,0,0,0,0,0,0
202003,18,057,2,3,Hamilton County               ,199,199,69274125,3,6,1375700,2,8,1600000,4,34,5507217,159,159,50636561,3,6,1375700,2,8,1600000,3,15,3000000
202003,18,059,2,3,Hancock County                ,41,41,11475727,0,0,0,0,0,0,0,0,0,41,41,11475727,0,0,0,0,0,0,0,0,0
202003,18,061,2,3,Harrison County               ,4,4,1082929,0,0,0,0,0,0,0,0,0,4,4,1082929,0,0,0,0,0,0,0,0,0
202003,18,063,2,3,Hendricks County              ,85,85,22037916,0,0,0,1,4,227193,1,8,594150,61,61,16199395,0,0,0,1,4,227193,1,8,594150
202003,18,069,2,3,Huntington County             ,3,3,575100,0,0,0,0,0,0,0,0,0,3,3,575100,0,0,0,0,0,0,0,0,0
202003,18,073,2,3,Jasper County                 ,11,11,2894105,0,0,0,0,0,0,0,0,0,10,10,2779661,0,0,0,0,0,0,0,0,0
202003,18,081,2,3,Johnson County                ,68,68,20657595,2,4,649200,0,0,0,0,0,0,68,68,20657595,2,4,649200,0,0,0,0,0,0
202003,18,087,2,3,Lagrange County               ,8,8,2430258,0,0,0,0,0,0,0,0,0,0,0,0,0,0,0,0,0,0,0,0,0
202003,18,089,2,3,Lake County                   ,96,96,24031520,3,6,866356,0,0,0,0,0,0,79,79,19629437,2,4,678438,0,0,0,0,0,0
202003,18,097,2,3,Marion County                 ,111,111,29688219,1,2,386900,0,0,0,0,0,0,111,111,29688219,1,2,386900,0,0,0,0,0,0
202003,18,105,2,3,Monroe County                 ,17,17,4393694,2,4,537968,0,0,0,1,9,1035933,0,0,0,0,0,0,0,0,0,0,0,0
202003,18,109,2,3,Morgan County                 ,19,19,3886301,1,2,380600,0,0,0,0,0,0,9,9,1748950,1,2,380600,0,0,0,0,0,0
202003,18,111,2,3,Newton County                 ,1,1,204248,0,0,0,0,0,0,0,0,0,0,0,0,0,0,0,0,0,0,0,0,0
202003,18,115,2,3,Ohio County                   ,3,3,510000,0,0,0,0,0,0,0,0,0,3,3,510000,0,0,0,0,0,0,0,0,0
202003,18,119,2,3,Owen County                   ,7,7,1895125,0,0,0,0,0,0,0,0,0,7,7,1895125,0,0,0,0,0,0,0,0,0
202003,18,127,2,3,Porter County                 ,39,39,11996652,1,2,419280,0,0,0,0,0,0,16,16,4992099,1,2,419280,0,0,0,0,0,0
202003,18,133,2,3,Putnam County                 ,10,10,2428237,0,0,0,0,0,0,0,0,0,1,1,215000,0,0,0,0,0,0,0,0,0
202003,18,145,2,3,Shelby County                 ,7,7,1904360,0,0,0,0,0,0,0,0,0,3,3,1250000,0,0,0,0,0,0,0,0,0
202003,18,151,2,3,Steuben County                ,11,11,2531000,0,0,0,0,0,0,0,0,0,11,11,2531000,0,0,0,0,0,0,0,0,0
202003,18,157,2,3,Tippecanoe County             ,34,34,8153766,0,0,0,0,0,0,2,64,7276824,0,0,0,0,0,0,0,0,0,1,53,6000000
202003,18,163,2,3,Vanderburgh County            ,21,21,3671259,1,2,145400,0,0,0,0,0,0,0,0,0,0,0,0,0,0,0,0,0,0
202003,18,167,2,3,Vigo County                   ,3,3,424229,2,4,690000,0,0,0,0,0,0,0,0,0,2,4,690000,0,0,0,0,0,0
202003,18,175,2,3,Washington County             ,6,6,1440654,0,0,0,0,0,0,0,0,0,0,0,0,0,0,0,0,0,0,0,0,0
202003,18,183,2,3,Whitley County                ,7,7,1895126,0,0,0,0,0,0,1,5,462857,7,7,1895126,0,0,0,0,0,0,0,0,0
202003,19,049,2,4,Dallas County                 ,35,35,7726642,0,0,0,0,0,0,0,0,0,32,32,6917729,0,0,0,0,0,0,0,0,0
202003,19,085,2,4,Harrison County               ,2,2,680000,0,0,0,0,0,0,0,0,0,2,2,680000,0,0,0,0,0,0,0,0,0
202003,19,129,2,4,Mills County                  ,2,2,350000,0,0,0,0,0,0,0,0,0,2,2,350000,0,0,0,0,0,0,0,0,0
202003,19,153,2,4,Polk County                   ,226,226,63353916,0,0,0,0,0,0,4,131,17994551,168,168,48455757,0,0,0,0,0,0,2,101,15253041
202003,19,181,2,4,Warren County                 ,65,65,17457328,0,0,0,0,0,0,0,0,0,63,63,16974495,0,0,0,0,0,0,0,0,0
202003,20,061,2,4,Geary County                  ,2,2,730000,0,0,0,0,0,0,0,0,0,2,2,730000,0,0,0,0,0,0,0,0,0
202003,20,091,2,4,Johnson County                ,144,144,51777735,0,0,0,0,0,0,2,15,1733832,135,135,47289734,0,0,0,0,0,0,1,10,1250000
202003,20,103,2,4,Leavenworth County            ,14,14,2894138,3,6,751566,0,0,0,0,0,0,13,13,2657081,3,6,751566,0,0,0,0,0,0
202003,20,107,2,4,Linn County                   ,4,4,901464,0,0,0,0,0,0,0,0,0,4,4,901464,0,0,0,0,0,0,0,0,0
202003,20,121,2,4,Miami County                  ,6,6,1742952,0,0,0,0,0,0,0,0,0,1,1,170000,0,0,0,0,0,0,0,0,0
202003,20,209,2,4,Wyandotte County              ,13,13,2568192,1,2,192348,0,0,0,0,0,0,0,0,0,0,0,0,0,0,0,0,0,0
202003,21,005,3,6,Anderson County               ,7,7,1578348,0,0,0,0,0,0,0,0,0,7,7,1578348,0,0,0,0,0,0,0,0,0
202003,21,015,3,6,Boone County                  ,33,33,7324085,0,0,0,0,0,0,0,0,0,33,33,7324085,0,0,0,0,0,0,0,0,0
202003,21,017,3,6,Bourbon County                ,5,5,1782738,0,0,0,0,0,0,0,0,0,5,5,1782738,0,0,0,0,0,0,0,0,0
202003,21,021,3,6,Boyle County                  ,2,2,460000,0,0,0,0,0,0,0,0,0,2,2,460000,0,0,0,0,0,0,0,0,0
202003,21,029,3,6,Bullitt County                ,43,43,11974269,0,0,0,1,3,650000,0,0,0,43,43,11974269,0,0,0,1,3,650000,0,0,0
202003,21,035,3,6,Calloway County               ,1,1,199000,0,0,0,0,0,0,0,0,0,1,1,199000,0,0,0,0,0,0,0,0,0
202003,21,037,3,6,Campbell County               ,14,14,3331038,0,0,0,0,0,0,1,24,2761755,0,0,0,0,0,0,0,0,0,0,0,0
202003,21,045,3,6,Casey County                  ,0,0,0,0,0,0,0,0,0,0,0,0,0,0,0,0,0,0,0,0,0,0,0,0
202003,21,047,3,6,Christian County              ,11,11,1191600,0,0,0,0,0,0,0,0,0,8,8,978000,0,0,0,0,0,0,0,0,0
202003,21,049,3,6,Clark County                  ,5,5,1179039,0,0,0,0,0,0,1,5,346250,0,0,0,0,0,0,0,0,0,0,0,0
202003,21,059,3,6,Daviess County                ,24,24,2076490,0,0,0,1,3,207350,0,0,0,24,24,2076490,0,0,0,1,3,207350,0,0,0
202003,21,067,3,6,Fayette County                ,65,65,13731599,1,2,219143,0,0,0,2,66,5406014,0,0,0,0,0,0,0,0,0,0,0,0
202003,21,069,3,6,Fleming County                ,0,0,0,0,0,0,0,0,0,0,0,0,0,0,0,0,0,0,0,0,0,0,0,0
202003,21,077,3,6,Gallatin County               ,2,2,448477,0,0,0,0,0,0,0,0,0,0,0,0,0,0,0,0,0,0,0,0,0
202003,21,081,3,6,Grant County                  ,6,6,1412159,0,0,0,0,0,0,0,0,0,0,0,0,0,0,0,0,0,0,0,0,0
202003,21,091,3,6,Hancock County                ,1,1,194650,1,2,173138,0,0,0,0,0,0,0,0,0,0,0,0,0,0,0,0,0,0
202003,21,099,3,6,Hart County                   ,0,0,0,0,0,0,0,0,0,0,0,0,0,0,0,0,0,0,0,0,0,0,0,0
202003,21,101,3,6,Henderson County              ,8,8,1865900,0,0,0,0,0,0,0,0,0,8,8,1865900,0,0,0,0,0,0,0,0,0
202003,21,103,3,6,Henry County                  ,3,3,540608,0,0,0,0,0,0,0,0,0,0,0,0,0,0,0,0,0,0,0,0,0
202003,21,111,3,6,Jefferson County              ,71,71,18857865,2,4,360000,0,0,0,0,0,0,71,71,18857865,2,4,360000,0,0,0,0,0,0
202003,21,113,3,6,Jessamine County              ,14,14,3760024,0,0,0,2,7,1183500,0,0,0,6,6,2493000,0,0,0,1,4,681000,0,0,0
202003,21,115,3,6,Johnson County                ,0,0,0,0,0,0,0,0,0,0,0,0,0,0,0,0,0,0,0,0,0,0,0,0
202003,21,117,3,6,Kenton County                 ,16,16,3477612,0,0,0,0,0,0,0,0,0,16,16,3477612,0,0,0,0,0,0,0,0,0
202003,21,121,3,6,Knox County                   ,0,0,0,0,0,0,0,0,0,0,0,0,0,0,0,0,0,0,0,0,0,0,0,0
202003,21,123,3,6,Larue County                  ,2,2,474913,0,0,0,0,0,0,0,0,0,2,2,474913,0,0,0,0,0,0,0,0,0
202003,21,137,3,6,Lincoln County                ,5,5,522873,0,0,0,0,0,0,0,0,0,0,0,0,0,0,0,0,0,0,0,0,0
202003,21,145,3,6,McCracken County              ,8,8,1866485,0,0,0,0,0,0,0,0,0,1,1,197056,0,0,0,0,0,0,0,0,0
202003,21,151,3,6,Madison County                ,16,16,1525564,1,2,112996,0,0,0,1,5,168572,2,2,300000,0,0,0,0,0,0,0,0,0
202003,21,157,3,6,Marshall County               ,7,7,1742500,0,0,0,0,0,0,0,0,0,7,7,1742500,0,0,0,0,0,0,0,0,0
202003,21,161,3,6,Mason County                  ,2,2,410000,0,0,0,0,0,0,0,0,0,2,2,410000,0,0,0,0,0,0,0,0,0
202003,21,163,3,6,Meade County                  ,12,12,2610000,0,0,0,0,0,0,0,0,0,12,12,2610000,0,0,0,0,0,0,0,0,0
202003,21,167,3,6,Mercer County                 ,5,5,851264,0,0,0,0,0,0,0,0,0,0,0,0,0,0,0,0,0,0,0,0,0
202003,21,175,3,6,Morgan County                 ,2,2,150000,0,0,0,0,0,0,0,0,0,0,0,0,0,0,0,0,0,0,0,0,0
202003,21,179,3,6,Nelson County                 ,20,20,3050628,10,20,1400000,0,0,0,0,0,0,20,20,3050628,10,20,1400000,0,0,0,0,0,0
202003,21,185,3,6,Oldham County                 ,24,24,8309426,0,0,0,0,0,0,0,0,0,0,0,0,0,0,0,0,0,0,0,0,0
202003,21,191,3,6,Pendleton County              ,0,0,0,0,0,0,0,0,0,0,0,0,0,0,0,0,0,0,0,0,0,0,0,0
202003,21,209,3,6,Scott County                  ,23,23,3962500,0,0,0,0,0,0,0,0,0,23,23,3962500,0,0,0,0,0,0,0,0,0
202003,21,211,3,6,Shelby County                 ,24,24,6354543,0,0,0,0,0,0,0,0,0,24,24,6354543,0,0,0,0,0,0,0,0,0
202003,21,213,3,6,Simpson County                ,11,11,1463459,0,0,0,0,0,0,1,5,287067,0,0,0,0,0,0,0,0,0,0,0,0
202003,21,215,3,6,Spencer County                ,13,13,2707473,0,0,0,0,0,0,0,0,0,0,0,0,0,0,0,0,0,0,0,0,0
202003,21,221,3,6,Trigg County                  ,2,2,409795,0,0,0,0,0,0,0,0,0,2,2,409795,0,0,0,0,0,0,0,0,0
202003,21,239,3,6,Woodford County               ,12,12,3221542,0,0,0,0,0,0,0,0,0,12,12,3221542,0,0,0,0,0,0,0,0,0
202003,22,005,3,7,Ascension Parish              ,109,109,17724699,0,0,0,0,0,0,0,0,0,24,24,4917542,0,0,0,0,0,0,0,0,0
202003,22,015,3,7,Bossier Parish                ,48,48,8037235,0,0,0,0,0,0,0,0,0,16,16,2702500,0,0,0,0,0,0,0,0,0
202003,22,017,3,7,Caddo Parish                  ,12,12,23955340,0,0,0,0,0,0,0,0,0,12,12,23955340,0,0,0,0,0,0,0,0,0
202003,22,031,3,7,De Soto Parish                ,11,11,2762284,0,0,0,0,0,0,0,0,0,11,11,2762284,0,0,0,0,0,0,0,0,0
202003,22,033,3,7,East Baton Rouge Parish       ,96,96,23462600,0,0,0,0,0,0,0,0,0,96,96,23462600,0,0,0,0,0,0,0,0,0
202003,22,037,3,7,East Feliciana Parish         ,5,5,1024488,0,0,0,0,0,0,0,0,0,5,5,1024488,0,0,0,0,0,0,0,0,0
202003,22,047,3,7,Iberville Parish              ,12,12,3112523,0,0,0,0,0,0,0,0,0,0,0,0,0,0,0,0,0,0,0,0,0
202003,22,051,3,7,Jefferson Parish              ,57,57,13138281,1,2,132270,0,0,0,0,0,0,8,8,2159144,0,0,0,0,0,0,0,0,0
202003,22,055,3,7,Lafayette Parish              ,185,185,32166263,0,0,0,0,0,0,0,0,0,96,96,12328394,0,0,0,0,0,0,0,0,0
202003,22,063,3,7,Livingston Parish             ,63,63,12687060,0,0,0,0,0,0,0,0,0,63,63,12687060,0,0,0,0,0,0,0,0,0
202003,22,071,3,7,Orleans Parish                ,52,52,11712217,10,20,2067698,1,4,962635,1,46,9487166,0,0,0,0,0,0,0,0,0,0,0,0
202003,22,075,3,7,Plaquemines Parish            ,4,4,1059818,0,0,0,0,0,0,0,0,0,0,0,0,0,0,0,0,0,0,0,0,0
202003,22,077,3,7,Pointe Coupee Parish          ,5,5,1567700,0,0,0,0,0,0,0,0,0,5,5,1567700,0,0,0,0,0,0,0,0,0
202003,22,087,3,7,St. Bernard Parish            ,11,11,1858000,2,4,250000,0,0,0,0,0,0,11,11,1858000,2,4,250000,0,0,0,0,0,0
202003,22,089,3,7,St. Charles Parish            ,15,15,4170000,0,0,0,0,0,0,0,0,0,15,15,4170000,0,0,0,0,0,0,0,0,0
202003,22,091,3,7,St. Helena Parish             ,3,3,539712,0,0,0,0,0,0,0,0,0,0,0,0,0,0,0,0,0,0,0,0,0
202003,22,095,3,7,St. John the Baptist Parish   ,4,4,662612,0,0,0,0,0,0,0,0,0,0,0,0,0,0,0,0,0,0,0,0,0
202003,22,099,3,7,St. Martin Parish             ,19,19,3446844,0,0,0,0,0,0,0,0,0,3,3,531749,0,0,0,0,0,0,0,0,0
202003,22,103,3,7,St. Tammany Parish            ,140,140,34904219,0,0,0,0,0,0,0,0,0,4,4,1900913,0,0,0,0,0,0,0,0,0
202003,22,109,3,7,Terrebonne Parish             ,12,12,3077295,2,4,311111,0,0,0,0,0,0,0,0,0,0,0,0,0,0,0,0,0,0
202003,22,121,3,7,West Baton Rouge Parish       ,13,13,2483666,0,0,0,0,0,0,0,0,0,12,12,2392604,0,0,0,0,0,0,0,0,0
202003,22,125,3,7,West Feliciana Parish         ,5,5,1303877,0,0,0,0,0,0,0,0,0,5,5,1303877,0,0,0,0,0,0,0,0,0
202003,23,000,1,1,Maine Unorganized Territory   ,4,4,531201,0,0,0,0,0,0,0,0,0,0,0,0,0,0,0,0,0,0,0,0,0
202003,24,003,3,5,Anne Arundel County           ,155,155,26419728,0,0,0,0,0,0,2,24,6040159,150,150,25560323,0,0,0,0,0,0,2,24,6040159
202003,24,005,3,5,Baltimore County              ,45,45,11530000,0,0,0,0,0,0,2,267,65000000,45,45,11530000,0,0,0,0,0,0,2,267,65000000
202003,24,009,3,5,Calvert County                ,27,27,6411331,0,0,0,0,0,0,0,0,0,27,27,6411331,0,0,0,0,0,0,0,0,0
202003,24,013,3,5,Carroll County                ,35,35,8066191,0,0,0,0,0,0,0,0,0,35,35,8066191,0,0,0,0,0,0,0,0,0
202003,24,015,3,5,Cecil County                  ,12,12,2165715,0,0,0,0,0,0,0,0,0,12,12,2165715,0,0,0,0,0,0,0,0,0
202003,24,017,3,5,Charles County                ,60,60,16731158,0,0,0,0,0,0,0,0,0,52,52,15429000,0,0,0,0,0,0,0,0,0
202003,24,021,3,5,Frederick County              ,91,91,21901203,2,4,447365,5,19,2551174,11,68,7632660,91,91,21901203,2,4,447365,5,19,2551174,11,68,7632660
202003,24,023,3,5,Garrett County                ,6,6,2709000,0,0,0,0,0,0,0,0,0,6,6,2709000,0,0,0,0,0,0,0,0,0
202003,24,025,3,5,Harford County                ,96,96,21239136,0,0,0,0,0,0,1,24,2628350,96,96,21239136,0,0,0,0,0,0,1,24,2628350
202003,24,027,3,5,Howard County                 ,60,60,12004523,0,0,0,0,0,0,3,135,13850000,60,60,12004523,0,0,0,0,0,0,3,135,13850000
202003,24,031,3,5,Montgomery County             ,62,62,14048185,0,0,0,0,0,0,1,16,1795920,61,61,13809749,0,0,0,0,0,0,1,16,1795920
202003,24,033,3,5,Prince George County          ,78,78,18592327,1,2,243837,0,0,0,0,0,0,75,75,17809253,0,0,0,0,0,0,0,0,0
202003,24,035,3,5,Queen Anne County             ,34,34,8073528,0,0,0,0,0,0,0,0,0,34,34,8073528,0,0,0,0,0,0,0,0,0
202003,24,037,3,5,St. Marys County              ,87,87,17961023,0,0,0,0,0,0,1,6,118255,5,5,1838000,0,0,0,0,0,0,0,0,0
202003,24,039,3,5,Somerset County               ,2,2,422991,0,0,0,0,0,0,0,0,0,0,0,0,0,0,0,0,0,0,0,0,0
202003,24,045,3,5,Wicomico County               ,20,20,3519262,0,0,0,0,0,0,0,0,0,12,12,1982627,0,0,0,0,0,0,0,0,0
202003,24,510,3,5,Baltimore (Independent City)  ,10,10,1575528,0,0,0,0,0,0,1,116,17578571,0,0,0,0,0,0,0,0,0,0,0,0
202003,25,005,1,1,Bristol County                ,56,56,11583107,2,4,274286,0,0,0,0,0,0,28,28,6125017,1,2,180000,0,0,0,0,0,0
202003,25,009,1,1,Essex County                  ,37,37,10283002,4,8,1342184,1,3,330000,2,10,1617460,12,12,3760005,2,4,860430,1,3,330000,0,0,0
202003,25,017,1,1,Middlesex County              ,100,100,31540547,43,86,12001625,2,6,937685,10,142,22194487,41,41,12513859,39,78,9966974,1,3,150000,1,10,2444000
202003,25,021,1,1,Norfolk County                ,64,64,22796691,2,4,700500,1,3,551220,6,57,7151856,25,25,10028336,0,0,0,0,0,0,0,0,0
202003,25,023,1,1,Plymouth County               ,97,97,24529016,0,0,0,1,3,397800,3,69,12558276,31,31,8272714,0,0,0,0,0,0,1,58,11059614
202003,25,025,1,1,Suffolk County                ,3,3,787226,8,16,3841000,3,11,2097000,8,168,48166907,3,3,787226,8,16,3841000,3,11,2097000,7,163,47011000
202003,26,000,2,3,Michigan Balance of State     ,3,3,563168,0,0,0,0,0,0,0,0,0,0,0,0,0,0,0,0,0,0,0,0,0
202003,26,019,2,3,Benzie County                 ,4,4,1096472,0,0,0,0,0,0,0,0,0,0,0,0,0,0,0,0,0,0,0,0,0
202003,26,029,2,3,Charlevoix County             ,6,6,1526186,1,2,226390,0,0,0,0,0,0,0,0,0,0,0,0,0,0,0,0,0,0
202003,26,089,2,3,Leelanau County               ,3,3,669070,0,0,0,0,0,0,0,0,0,3,3,669070,0,0,0,0,0,0,0,0,0
202003,26,093,2,3,Livingston County             ,34,34,8472363,0,0,0,0,0,0,0,0,0,32,32,8205643,0,0,0,0,0,0,0,0,0
202003,26,095,2,3,Luce County                   ,0,0,0,0,0,0,0,0,0,0,0,0,0,0,0,0,0,0,0,0,0,0,0,0
202003,26,099,2,3,Macomb County                 ,83,83,28949961,0,0,0,0,0,0,0,0,0,63,63,22749420,0,0,0,0,0,0,0,0,0
202003,26,103,2,3,Marquette County              ,2,2,2230000,0,0,0,0,0,0,0,0,0,2,2,2230000,0,0,0,0,0,0,0,0,0
202003,26,137,2,3,Otsego County                 ,1,1,81000,0,0,0,0,0,0,0,0,0,0,0,0,0,0,0,0,0,0,0,0,0
202003,26,147,2,3,St. Clair County              ,21,21,4100146,0,0,0,0,0,0,0,0,0,10,10,2265896,0,0,0,0,0,0,0,0,0
202003,26,163,2,3,Wayne County                  ,89,89,15089372,1,2,180000,1,4,360000,1,5,450000,62,62,8951976,1,2,180000,1,4,360000,1,5,450000
202003,27,003,2,4,Anoka County                  ,68,68,19253991,0,0,0,0,0,0,0,0,0,59,59,16489548,0,0,0,0,0,0,0,0,0
202003,27,019,2,4,Carver County                 ,30,30,10779131,0,0,0,0,0,0,0,0,0,26,26,9761376,0,0,0,0,0,0,0,0,0
202003,27,025,2,4,Chisago County                ,8,8,1158897,0,0,0,0,0,0,0,0,0,8,8,1158897,0,0,0,0,0,0,0,0,0
202003,27,027,2,4,Clay County                   ,9,9,2558000,0,0,0,0,0,0,0,0,0,9,9,2558000,0,0,0,0,0,0,0,0,0
202003,27,037,2,4,Dakota County                 ,90,90,26570918,0,0,0,0,0,0,7,132,13792897,87,87,25566461,0,0,0,0,0,0,6,120,12090000
202003,27,053,2,4,Hennepin County               ,117,117,39391803,2,4,581118,0,0,0,8,1030,195960271,79,79,28041432,2,4,581118,0,0,0,8,1030,195960271
202003,27,059,2,4,Isanti County                 ,19,19,3762800,0,0,0,0,0,0,0,0,0,7,7,1263036,0,0,0,0,0,0,0,0,0
202003,27,123,2,4,Ramsey County                 ,16,16,4351739,0,0,0,1,4,782136,0,0,0,15,15,4078124,0,0,0,1,4,782136,0,0,0
202003,27,139,2,4,Scott County                  ,50,50,15215489,1,2,723000,1,3,462000,1,5,728250,31,31,10342473,1,2,723000,0,0,0,0,0,0
202003,27,141,2,4,Sherburne County              ,29,29,6745770,0,0,0,0,0,0,0,0,0,25,25,5899937,0,0,0,0,0,0,0,0,0
202003,27,163,2,4,Washington County             ,71,71,22067624,0,0,0,0,0,0,0,0,0,62,62,18583185,0,0,0,0,0,0,0,0,0
202003,27,171,2,4,Wright County                 ,79,79,24132217,1,2,430000,0,0,0,1,5,514626,71,71,22218288,1,2,430000,0,0,0,0,0,0
202003,28,033,3,6,DeSoto County                 ,145,145,25242905,0,0,0,0,0,0,0,0,0,112,112,20473032,0,0,0,0,0,0,0,0,0
202003,28,041,3,6,Greene County                 ,0,0,0,0,0,0,0,0,0,0,0,0,0,0,0,0,0,0,0,0,0,0,0,0
202003,28,045,3,6,Hancock County                ,48,48,8424381,0,0,0,2,6,602168,1,8,677302,6,6,1408000,0,0,0,0,0,0,0,0,0
202003,28,047,3,6,Harrison County               ,138,138,24416107,3,6,545000,0,0,0,0,0,0,81,81,14279931,2,4,300000,0,0,0,0,0,0
202003,28,067,3,6,Jones County                  ,0,0,0,0,0,0,0,0,0,0,0,0,0,0,0,0,0,0,0,0,0,0,0,0
202003,28,129,3,6,Smith County                  ,0,0,0,0,0,0,0,0,0,0,0,0,0,0,0,0,0,0,0,0,0,0,0,0
202003,28,137,3,6,Tate County                   ,13,13,2370154,0,0,0,0,0,0,0,0,0,0,0,0,0,0,0,0,0,0,0,0,0
202003,28,143,3,6,Tunica County                 ,11,11,2527802,0,0,0,0,0,0,0,0,0,0,0,0,0,0,0,0,0,0,0,0,0
202003,28,145,3,6,Union County                  ,1,1,80000,0,0,0,0,0,0,0,0,0,1,1,80000,0,0,0,0,0,0,0,0,0
202003,28,149,3,6,Warren County                 ,1,1,300000,0,0,0,0,0,0,0,0,0,0,0,0,0,0,0,0,0,0,0,0,0
202003,29,013,2,4,Bates County                  ,0,0,0,0,0,0,0,0,0,0,0,0,0,0,0,0,0,0,0,0,0,0,0,0
202003,29,017,2,4,Bollinger County              ,0,0,0,0,0,0,0,0,0,0,0,0,0,0,0,0,0,0,0,0,0,0,0,0
202003,29,019,2,4,Boone County                  ,92,92,24691922,0,0,0,0,0,0,0,0,0,92,92,24691922,0,0,0,0,0,0,0,0,0
202003,29,049,2,4,Clinton County                ,5,5,1038087,0,0,0,0,0,0,0,0,0,0,0,0,0,0,0,0,0,0,0,0,0
202003,29,065,2,4,Dent County                   ,0,0,0,0,0,0,0,0,0,0,0,0,0,0,0,0,0,0,0,0,0,0,0,0
202003,29,071,2,4,Franklin County               ,20,20,5088223,0,0,0,0,0,0,3,28,1755000,5,5,1487000,0,0,0,0,0,0,3,28,1755000
202003,29,095,2,4,Jackson County                ,128,128,29910892,8,16,1071928,0,0,0,0,0,0,110,110,25395344,8,16,1071928,0,0,0,0,0,0
202003,29,099,2,4,Jefferson County              ,50,50,12605050,1,2,250000,0,0,0,0,0,0,44,44,11695280,1,2,250000,0,0,0,0,0,0
202003,29,105,2,4,Laclede County                ,1,1,225000,0,0,0,0,0,0,0,0,0,1,1,225000,0,0,0,0,0,0,0,0,0
202003,29,107,2,4,Lafayette County              ,8,8,1965125,0,0,0,0,0,0,0,0,0,7,7,1895125,0,0,0,0,0,0,0,0,0
202003,29,113,2,4,Lincoln County                ,22,22,2990739,0,0,0,0,0,0,0,0,0,22,22,2990739,0,0,0,0,0,0,0,0,0
202003,29,165,2,4,Platte County                 ,30,30,8279166,2,4,1120000,0,0,0,0,0,0,29,29,7947495,2,4,1120000,0,0,0,0,0,0
202003,29,185,2,4,St. Clair County              ,0,0,0,0,0,0,0,0,0,0,0,0,0,0,0,0,0,0,0,0,0,0,0,0
202003,29,189,2,4,St. Louis County              ,100,100,42479514,0,0,0,0,0,0,1,14,2320856,89,89,37015244,0,0,0,0,0,0,0,0,0
202003,29,219,2,4,Warren County                 ,14,14,3334862,0,0,0,0,0,0,0,0,0,14,14,3334862,0,0,0,0,0,0,0,0,0
202003,29,221,2,4,Washington County             ,0,0,0,0,0,0,0,0,0,0,0,0,0,0,0,0,0,0,0,0,0,0,0,0
202003,29,510,2,4,St. Louis (Independent City)  ,13,13,2488991,0,0,0,0,0,0,1,32,2004859,0,0,0,0,0,0,0,0,0,0,0,0
202003,30,013,4,8,Cascade County                ,5,5,1688247,0,0,0,0,0,0,0,0,0,5,5,1688247,0,0,0,0,0,0,0,0,0
202003,30,033,4,8,Garfield County               ,0,0,0,0,0,0,0,0,0,0,0,0,0,0,0,0,0,0,0,0,0,0,0,0
202003,30,063,4,8,Missoula County               ,30,30,7086855,1,2,162486,0,0,0,1,6,396351,30,30,7086855,1,2,162486,0,0,0,1,6,396351
202003,30,093,4,8,Silver Bow County             ,2,2,565670,0,0,0,0,0,0,0,0,0,2,2,565670,0,0,0,0,0,0,0,0,0
202003,31,001,2,4,Adams County                  ,3,3,813855,0,0,0,0,0,0,0,0,0,2,2,540730,0,0,0,0,0,0,0,0,0
202003,31,025,2,4,Cass County                   ,13,13,2589019,0,0,0,0,0,0,0,0,0,7,7,1556470,0,0,0,0,0,0,0,0,0
202003,31,033,2,4,Cheyenne County               ,0,0,0,0,0,0,0,0,0,0,0,0,0,0,0,0,0,0,0,0,0,0,0,0
202003,31,055,2,4,Douglas County                ,149,149,23096049,1,2,180000,0,0,0,0,0,0,146,146,21910217,1,2,180000,0,0,0,0,0,0
202003,31,105,2,4,Kimball County                ,0,0,0,0,0,0,0,0,0,0,0,0,0,0,0,0,0,0,0,0,0,0,0,0
202003,31,153,2,4,Sarpy County                  ,102,102,27549870,1,2,414435,0,0,0,0,0,0,92,92,25325226,1,2,414435,0,0,0,0,0,0
202003,31,165,2,4,Sioux County                  ,0,0,0,0,0,0,0,0,0,0,0,0,0,0,0,0,0,0,0,0,0,0,0,0
202003,31,177,2,4,Washington County             ,9,9,2878727,0,0,0,0,0,0,0,0,0,9,9,2878727,0,0,0,0,0,0,0,0,0
202003,32,001,4,8,Churchill County              ,9,9,1963118,0,0,0,0,0,0,0,0,0,9,9,1963118,0,0,0,0,0,0,0,0,0
202003,32,003,4,8,Clark County                  ,885,885,243428748,32,64,3025817,9,27,736674,6,244,10689150,878,878,241788503,32,64,3025817,9,27,736674,6,244,10689150
202003,32,005,4,8,Douglas County                ,17,17,6750058,0,0,0,0,0,0,0,0,0,17,17,6750058,0,0,0,0,0,0,0,0,0
202003,32,007,4,8,Elko County                   ,22,22,3703282,0,0,0,0,0,0,0,0,0,21,21,3636615,0,0,0,0,0,0,0,0,0
202003,32,013,4,8,Humboldt County               ,2,2,275464,0,0,0,0,0,0,0,0,0,2,2,275464,0,0,0,0,0,0,0,0,0
202003,32,015,4,8,Lander County                 ,0,0,0,0,0,0,0,0,0,0,0,0,0,0,0,0,0,0,0,0,0,0,0,0
202003,32,017,4,8,Lincoln County                ,0,0,0,0,0,0,0,0,0,0,0,0,0,0,0,0,0,0,0,0,0,0,0,0
202003,32,019,4,8,Lyon County                   ,28,28,7153351,0,0,0,0,0,0,0,0,0,12,12,3336876,0,0,0,0,0,0,0,0,0
202003,32,021,4,8,Mineral County                ,0,0,0,0,0,0,0,0,0,0,0,0,0,0,0,0,0,0,0,0,0,0,0,0
202003,32,027,4,8,Pershing County               ,0,0,0,0,0,0,0,0,0,0,0,0,0,0,0,0,0,0,0,0,0,0,0,0
202003,32,029,4,8,Storey County                 ,1,1,187714,0,0,0,0,0,0,0,0,0,0,0,0,0,0,0,0,0,0,0,0,0
202003,32,031,4,8,Washoe County                 ,225,225,59381042,1,2,230714,1,3,324903,7,157,17327926,63,63,14450759,0,0,0,0,0,0,0,0,0
202003,32,033,4,8,White Pine County             ,0,0,0,0,0,0,0,0,0,0,0,0,0,0,0,0,0,0,0,0,0,0,0,0
202003,32,510,4,8,Carson City (Independent City),15,15,3910120,0,0,0,0,0,0,1,11,1098290,0,0,0,0,0,0,0,0,0,0,0,0
202003,33,015,1,1,Rockingham County             ,50,50,13889010,7,14,2232373,2,6,785169,4,47,12747464,24,24,6521388,5,10,1240657,0,0,0,1,32,11000000
202003,33,017,1,1,Strafford County              ,40,40,5440108,0,0,0,0,0,0,1,12,1205581,11,11,2677469,0,0,0,0,0,0,0,0,0
202003,34,001,1,2,Atlantic County               ,30,30,4990573,0,0,0,0,0,0,1,16,2125425,27,27,4512757,0,0,0,0,0,0,0,0,0
202003,34,003,1,2,Bergen County                 ,90,90,20822320,18,36,6488528,0,0,0,12,124,12858592,53,53,10279505,14,28,4910585,0,0,0,4,57,7374750
202003,34,005,1,2,Burlington County             ,67,67,11130280,0,0,0,0,0,0,1,5,657577,38,38,7515040,0,0,0,0,0,0,0,0,0
202003,34,007,1,2,Camden County                 ,15,15,2634118,0,0,0,0,0,0,3,22,1066323,5,5,413000,0,0,0,0,0,0,0,0,0
202003,34,009,1,2,Cape May County               ,33,33,12403904,12,24,6890200,0,0,0,0,0,0,29,29,11633395,12,24,6890200,0,0,0,0,0,0
202003,34,011,1,2,Cumberland County             ,2,2,133350,0,0,0,0,0,0,0,0,0,2,2,133350,0,0,0,0,0,0,0,0,0
202003,34,013,1,2,Essex County                  ,77,77,11468026,5,10,1007191,2,7,1308642,8,317,10151417,67,67,10385516,0,0,0,0,0,0,2,246,4190000
202003,34,015,1,2,Gloucester County             ,56,56,6505848,1,2,24035,0,0,0,3,15,2195676,40,40,4416016,1,2,24035,0,0,0,0,0,0
202003,34,017,1,2,Hudson County                 ,4,4,1408000,4,8,655257,7,23,5601557,4,584,77258651,4,4,1408000,2,4,194000,7,23,5601557,2,553,71345459
202003,34,019,1,2,Hunterdon County              ,32,32,2645815,0,0,0,0,0,0,2,11,591126,24,24,1123030,0,0,0,0,0,0,0,0,0
202003,34,021,1,2,Mercer County                 ,45,45,8130081,1,2,3770,0,0,0,1,5,17197,45,45,8130081,0,0,0,0,0,0,0,0,0
202003,34,023,1,2,Middlesex County              ,89,89,12792827,3,6,511058,14,48,1426851,6,60,5223974,74,74,9922161,2,4,300658,14,48,1426851,3,28,77000
202003,34,025,1,2,Monmouth County               ,104,104,23962555,0,0,0,1,4,737600,2,11,900645,73,73,13973752,0,0,0,1,4,737600,0,0,0
202003,34,027,1,2,Morris County                 ,90,90,14783482,0,0,0,0,0,0,3,25,3994986,60,60,8051933,0,0,0,0,0,0,0,0,0
202003,34,029,1,2,Ocean County                  ,251,251,34203860,1,2,330582,14,48,13007,0,0,0,195,195,26707576,0,0,0,14,48,13007,0,0,0
202003,34,031,1,2,Passaic County                ,10,10,2128477,3,6,402814,0,0,0,2,19,994777,4,4,670080,0,0,0,0,0,0,0,0,0
202003,34,033,1,2,Salem County                  ,6,6,669893,0,0,0,0,0,0,0,0,0,5,5,500810,0,0,0,0,0,0,0,0,0
202003,34,035,1,2,Somerset County               ,33,33,6109224,1,2,166500,1,3,300000,5,65,4836657,22,22,4441100,0,0,0,0,0,0,0,0,0
202003,34,037,1,2,Sussex County                 ,50,50,2286702,0,0,0,0,0,0,0,0,0,49,49,2015705,0,0,0,0,0,0,0,0,0
202003,34,039,1,2,Union County                  ,21,21,4141927,6,12,873061,1,3,372923,8,110,4333823,9,9,2122908,0,0,0,0,0,0,1,5,1
202003,34,041,1,2,Warren County                 ,13,13,2226308,2,4,30002,0,0,0,1,5,180544,8,8,1063182,2,4,30002,0,0,0,0,0,0
202003,35,000,4,8,New Mexico Balance of State   ,31,31,8402332,0,0,0,0,0,0,0,0,0,0,0,0,0,0,0,0,0,0,0,0,0
202003,35,001,4,8,Bernalillo County             ,117,117,31670751,0,0,0,0,0,0,0,0,0,117,117,31670751,0,0,0,0,0,0,0,0,0
202003,35,005,4,8,Chaves County                 ,7,7,1140539,0,0,0,0,0,0,0,0,0,3,3,443000,0,0,0,0,0,0,0,0,0
202003,35,009,4,8,Curry County                  ,4,4,1007336,0,0,0,0,0,0,1,5,460938,0,0,0,0,0,0,0,0,0,0,0,0
202003,35,013,4,8,Dona Ana County               ,91,91,22051709,0,0,0,0,0,0,0,0,0,76,76,17911006,0,0,0,0,0,0,0,0,0
202003,35,015,4,8,Eddy County                   ,21,21,4675992,0,0,0,0,0,0,1,8,603774,10,10,2529400,0,0,0,0,0,0,0,0,0
202003,35,017,4,8,Grant County                  ,0,0,0,0,0,0,0,0,0,0,0,0,0,0,0,0,0,0,0,0,0,0,0,0
202003,35,025,4,8,Lea County                    ,12,12,2539483,0,0,0,0,0,0,0,0,0,0,0,0,0,0,0,0,0,0,0,0,0
202003,35,027,4,8,Lincoln County                ,4,4,1020643,0,0,0,0,0,0,0,0,0,4,4,1020643,0,0,0,0,0,0,0,0,0
202003,35,028,4,8,Los Alamos County             ,0,0,0,0,0,0,0,0,0,0,0,0,0,0,0,0,0,0,0,0,0,0,0,0
202003,35,029,4,8,Luna County                   ,2,2,316882,0,0,0,0,0,0,0,0,0,0,0,0,0,0,0,0,0,0,0,0,0
202003,35,031,4,8,McKinley County               ,0,0,0,0,0,0,0,0,0,0,0,0,0,0,0,0,0,0,0,0,0,0,0,0
202003,35,035,4,8,Otero County                  ,0,0,0,0,0,0,0,0,0,0,0,0,0,0,0,0,0,0,0,0,0,0,0,0
202003,35,041,4,8,Roosevelt County              ,1,1,153907,0,0,0,0,0,0,0,0,0,0,0,0,0,0,0,0,0,0,0,0,0
202003,35,043,4,8,Sandoval County               ,59,59,13049071,0,0,0,0,0,0,1,7,291666,0,0,0,0,0,0,0,0,0,0,0,0
202003,35,045,4,8,San Juan County               ,9,9,1337292,0,0,0,0,0,0,0,0,0,9,9,1337292,0,0,0,0,0,0,0,0,0
202003,35,047,4,8,San Miguel County             ,1,1,70000,0,0,0,0,0,0,0,0,0,1,1,70000,0,0,0,0,0,0,0,0,0
202003,35,049,4,8,Santa Fe County               ,35,35,9110050,0,0,0,0,0,0,0,0,0,35,35,9110050,0,0,0,0,0,0,0,0,0
202003,35,051,4,8,Sierra County                 ,0,0,0,0,0,0,0,0,0,0,0,0,0,0,0,0,0,0,0,0,0,0,0,0
202003,35,055,4,8,Taos County                   ,9,9,2320033,0,0,0,0,0,0,0,0,0,8,8,2081394,0,0,0,0,0,0,0,0,0
202003,35,061,4,8,Valencia County               ,8,8,1508708,0,0,0,0,0,0,0,0,0,8,8,1508708,0,0,0,0,0,0,0,0,0
202003,36,001,1,2,Albany County                 ,17,17,4481063,0,0,0,1,3,450000,4,53,3636170,7,7,1939188,0,0,0,0,0,0,3,48,2700000
202003,36,005,1,2,Bronx County                  ,2,2,524817,2,4,601314,0,0,0,5,298,38446558,2,2,524817,2,4,601314,0,0,0,5,298,38446558
202003,36,029,1,2,Erie County                   ,72,72,23742528,2,4,668000,1,4,995000,1,15,3365398,43,43,13738919,1,2,318000,1,4,995000,0,0,0
202003,36,047,1,2,Kings County                  ,5,5,1312043,12,24,3607886,0,0,0,1,48,6192734,5,5,1312043,12,24,3607886,0,0,0,1,48,6192734
202003,36,051,1,2,Livingston County             ,2,2,323115,0,0,0,0,0,0,0,0,0,0,0,0,0,0,0,0,0,0,0,0,0
202003,36,055,1,2,Monroe County                 ,52,52,12884516,1,2,500000,1,3,482727,3,128,17319854,37,37,10213705,1,2,500000,0,0,0,1,95,15048736
202003,36,059,1,2,Nassau County                 ,55,55,23491529,0,0,0,1,3,399144,1,6,1528909,13,13,12584270,0,0,0,1,3,399144,0,0,0
202003,36,061,1,2,New York County               ,0,0,0,0,0,0,0,0,0,1,187,24125861,0,0,0,0,0,0,0,0,0,1,187,24125861
202003,36,063,1,2,Niagara County                ,10,10,2729559,0,0,0,0,0,0,0,0,0,5,5,1430840,0,0,0,0,0,0,0,0,0
202003,36,069,1,2,Ontario County                ,24,24,6811764,0,0,0,0,0,0,0,0,0,19,19,5615995,0,0,0,0,0,0,0,0,0
202003,36,073,1,2,Orleans County                ,3,3,312600,0,0,0,0,0,0,0,0,0,0,0,0,0,0,0,0,0,0,0,0,0
202003,36,079,1,2,Putnam County                 ,5,5,1111300,0,0,0,0,0,0,0,0,0,1,1,310000,0,0,0,0,0,0,0,0,0
202003,36,081,1,2,Queens County                 ,5,5,1312043,11,22,3307229,1,3,399144,7,51,6579780,5,5,1312043,11,22,3307229,1,3,399144,7,51,6579780
202003,36,083,1,2,Rensselaer County             ,13,13,3402248,0,0,0,0,0,0,1,5,764423,7,7,1925000,0,0,0,0,0,0,0,0,0
202003,36,085,1,2,Richmond County               ,0,0,0,0,0,0,0,0,0,0,0,0,0,0,0,0,0,0,0,0,0,0,0,0
202003,36,087,1,2,Rockland County               ,12,12,2774546,3,6,875953,2,6,654822,1,5,584294,4,4,615000,0,0,0,0,0,0,0,0,0
202003,36,091,1,2,Saratoga County               ,58,58,16007956,0,0,0,0,0,0,2,17,1916330,29,29,7222257,0,0,0,0,0,0,1,12,1722291
202003,36,093,1,2,Schenectady County            ,3,3,801302,0,0,0,0,0,0,2,31,2906250,1,1,485000,0,0,0,0,0,0,1,25,2250000
202003,36,095,1,2,Schoharie County              ,2,2,421000,0,0,0,0,0,0,0,0,0,0,0,0,0,0,0,0,0,0,0,0,0
202003,36,099,1,2,Seneca County                 ,2,2,306433,0,0,0,0,0,0,0,0,0,0,0,0,0,0,0,0,0,0,0,0,0
202003,36,103,1,2,Suffolk County                ,54,54,43438826,0,0,0,0,0,0,1,6,680595,43,43,31400588,0,0,0,0,0,0,0,0,0
202003,36,117,1,2,Wayne County                  ,6,6,1409917,1,2,200000,0,0,0,1,6,275000,3,3,703500,1,2,200000,0,0,0,1,6,275000
202003,36,119,1,2,Westchester County            ,26,26,12295216,5,10,1882477,1,3,120000,6,160,22941138,16,16,5459255,0,0,0,0,0,0,1,77,12299000
202003,37,007,3,5,Anson County                  ,5,5,749325,0,0,0,0,0,0,0,0,0,0,0,0,0,0,0,0,0,0,0,0,0
202003,37,011,3,5,Avery County                  ,12,12,7963465,0,0,0,0,0,0,0,0,0,12,12,7963465,0,0,0,0,0,0,0,0,0
202003,37,015,3,5,Bertie County                 ,1,1,201466,0,0,0,0,0,0,0,0,0,1,1,201466,0,0,0,0,0,0,0,0,0
202003,37,025,3,5,Cabarrus County               ,155,155,27268649,0,0,0,0,0,0,0,0,0,155,155,27268649,0,0,0,0,0,0,0,0,0
202003,37,033,3,5,Caswell County                ,0,0,0,0,0,0,0,0,0,0,0,0,0,0,0,0,0,0,0,0,0,0,0,0
202003,37,037,3,5,Chatham County                ,64,64,20378198,0,0,0,0,0,0,0,0,0,64,64,20378198,0,0,0,0,0,0,0,0,0
202003,37,051,3,5,Cumberland County             ,68,68,11299482,1,2,343204,0,0,0,0,0,0,68,68,11299482,0,0,0,0,0,0,0,0,0
202003,37,053,3,5,Currituck County              ,42,42,10379932,0,0,0,0,0,0,0,0,0,0,0,0,0,0,0,0,0,0,0,0,0
202003,37,059,3,5,Davie County                  ,15,15,3158933,0,0,0,0,0,0,1,23,906997,0,0,0,0,0,0,0,0,0,0,0,0
202003,37,063,3,5,Durham County                 ,201,201,38498077,1,2,169897,0,0,0,5,106,8601472,0,0,0,0,0,0,0,0,0,0,0,0
202003,37,069,3,5,Franklin County               ,80,80,13545689,0,0,0,0,0,0,0,0,0,80,80,13545689,0,0,0,0,0,0,0,0,0
202003,37,071,3,5,Gaston County                 ,101,101,31653406,1,2,276744,0,0,0,1,8,797273,25,25,7663446,0,0,0,0,0,0,0,0,0
202003,37,077,3,5,Granville County              ,20,20,5315015,0,0,0,0,0,0,0,0,0,20,20,5315015,0,0,0,0,0,0,0,0,0
202003,37,081,3,5,Guilford County               ,165,165,37834366,0,0,0,0,0,0,1,24,3080047,110,110,18199526,0,0,0,0,0,0,1,24,3080047
202003,37,089,3,5,Henderson County              ,49,49,12474053,0,0,0,0,0,0,0,0,0,49,49,12474053,0,0,0,0,0,0,0,0,0
202003,37,093,3,5,Hoke County                   ,43,43,10210638,0,0,0,0,0,0,0,0,0,43,43,10210638,0,0,0,0,0,0,0,0,0
202003,37,097,3,5,Iredell County                ,166,166,44156257,0,0,0,0,0,0,0,0,0,166,166,44156257,0,0,0,0,0,0,0,0,0
202003,37,101,3,5,Johnston County               ,223,223,39013313,0,0,0,0,0,0,0,0,0,35,35,5320566,0,0,0,0,0,0,0,0,0
202003,37,119,3,5,Mecklenburg County            ,532,532,126326966,3,6,656943,0,0,0,0,0,0,532,532,126326966,3,6,656943,0,0,0,0,0,0
202003,37,133,3,5,Onslow County                 ,115,115,17684283,0,0,0,0,0,0,0,0,0,115,115,17684283,0,0,0,0,0,0,0,0,0
202003,37,135,3,5,Orange County                 ,27,27,7213705,1,2,152000,0,0,0,0,0,0,27,27,7213705,1,2,152000,0,0,0,0,0,0
202003,37,145,3,5,Person County                 ,8,8,1443000,0,0,0,0,0,0,0,0,0,8,8,1443000,0,0,0,0,0,0,0,0,0
202003,37,151,3,5,Randolph County               ,39,39,9246264,1,2,84091,0,0,0,0,0,0,31,31,8538014,0,0,0,0,0,0,0,0,0
202003,37,157,3,5,Rockingham County             ,25,25,9190158,0,0,0,0,0,0,0,0,0,24,24,8957887,0,0,0,0,0,0,0,0,0
202003,37,179,3,5,Union County                  ,199,199,39990259,0,0,0,0,0,0,0,0,0,199,199,39990259,0,0,0,0,0,0,0,0,0
202003,37,181,3,5,Vance County                  ,12,12,1900304,0,0,0,0,0,0,0,0,0,12,12,1900304,0,0,0,0,0,0,0,0,0
202003,37,183,3,5,Wake County                   ,650,650,164492218,1,2,223682,0,0,0,23,1207,177317120,622,622,160915310,1,2,223682,0,0,0,22,1182,175428294
202003,37,195,3,5,Wilson County                 ,23,23,4333976,0,0,0,0,0,0,0,0,0,23,23,4333976,0,0,0,0,0,0,0,0,0
202003,39,007,2,3,Ashtabula County              ,3,3,481000,0,0,0,0,0,0,0,0,0,3,3,481000,0,0,0,0,0,0,0,0,0
202003,39,015,2,3,Brown County                  ,7,7,1809896,0,0,0,0,0,0,0,0,0,0,0,0,0,0,0,0,0,0,0,0,0
202003,39,017,2,3,Butler County                 ,61,61,12785447,2,4,400000,0,0,0,0,0,0,14,14,2319501,2,4,400000,0,0,0,0,0,0
202003,39,025,2,3,Clermont County               ,40,40,7778682,6,12,1850424,0,0,0,0,0,0,40,40,7778682,6,12,1850424,0,0,0,0,0,0
202003,39,041,2,3,Delaware County               ,141,141,38539435,0,0,0,0,0,0,0,0,0,121,121,34968633,0,0,0,0,0,0,0,0,0
202003,39,049,2,3,Franklin County               ,118,118,45029929,2,4,750000,1,3,900000,4,86,12225000,88,88,35379508,2,4,750000,1,3,900000,3,81,12000000
202003,39,055,2,3,Geauga County                 ,6,6,1624393,0,0,0,0,0,0,0,0,0,6,6,1624393,0,0,0,0,0,0,0,0,0
202003,39,085,2,3,Lake County                   ,52,52,11844855,0,0,0,0,0,0,0,0,0,52,52,11844855,0,0,0,0,0,0,0,0,0
202003,39,089,2,3,Licking County                ,28,28,7881304,0,0,0,0,0,0,0,0,0,28,28,7881304,0,0,0,0,0,0,0,0,0
202003,39,093,2,3,Lorain County                 ,90,90,24922623,1,2,231220,2,8,590000,1,8,640000,46,46,17615436,0,0,0,2,8,590000,1,8,640000
202003,39,097,2,3,Madison County                ,11,11,3341629,0,0,0,0,0,0,0,0,0,1,1,274495,0,0,0,0,0,0,0,0,0
202003,39,103,2,3,Medina County                 ,47,47,13562602,0,0,0,0,0,0,0,0,0,47,47,13562602,0,0,0,0,0,0,0,0,0
202003,39,117,2,3,Morrow County                 ,7,7,1341446,0,0,0,0,0,0,0,0,0,6,6,1145696,0,0,0,0,0,0,0,0,0
202003,39,159,2,3,Union County                  ,22,22,5956108,0,0,0,0,0,0,0,0,0,22,22,5956108,0,0,0,0,0,0,0,0,0
202003,39,165,2,3,Warren County                 ,113,113,31467271,0,0,0,0,0,0,0,0,0,112,112,31213866,0,0,0,0,0,0,0,0,0
202003,40,001,3,7,Adair County                  ,0,0,0,0,0,0,0,0,0,0,0,0,0,0,0,0,0,0,0,0,0,0,0,0
202003,40,017,3,7,Canadian County               ,49,49,10782754,5,10,1553039,0,0,0,0,0,0,21,21,4530457,4,8,1320000,0,0,0,0,0,0
202003,40,021,3,7,Cherokee County               ,7,7,918668,1,2,130000,0,0,0,1,5,244048,0,0,0,0,0,0,0,0,0,0,0,0
202003,40,027,3,7,Cleveland County              ,51,51,13880078,1,2,390444,2,7,979500,0,0,0,7,7,2122000,0,0,0,1,4,720000,0,0,0
202003,40,029,3,7,Coal County                   ,0,0,0,0,0,0,0,0,0,0,0,0,0,0,0,0,0,0,0,0,0,0,0,0
202003,40,037,3,7,Creek County                  ,7,7,1635159,1,2,223682,0,0,0,1,12,923077,1,1,300000,1,2,223682,0,0,0,0,0,0
202003,40,051,3,7,Grady County                  ,6,6,525000,5,10,825000,0,0,0,0,0,0,6,6,525000,5,10,825000,0,0,0,0,0,0
202003,40,055,3,7,Greer County                  ,0,0,0,0,0,0,0,0,0,0,0,0,0,0,0,0,0,0,0,0,0,0,0,0
202003,40,081,3,7,Lincoln County                ,0,0,0,0,0,0,0,0,0,0,0,0,0,0,0,0,0,0,0,0,0,0,0,0
202003,40,083,3,7,Logan County                  ,0,0,0,0,0,0,0,0,0,0,0,0,0,0,0,0,0,0,0,0,0,0,0,0
202003,40,087,3,7,McClain County                ,41,41,8906636,0,0,0,0,0,0,0,0,0,26,26,5718440,0,0,0,0,0,0,0,0,0
202003,40,109,3,7,Oklahoma County               ,430,430,101858525,14,28,1522760,0,0,0,0,0,0,427,427,101293550,14,28,1522760,0,0,0,0,0,0
202003,40,111,3,7,Okmulgee County               ,0,0,0,0,0,0,0,0,0,0,0,0,0,0,0,0,0,0,0,0,0,0,0,0
202003,40,113,3,7,Osage County                  ,18,18,3334000,0,0,0,0,0,0,1,8,500000,18,18,3334000,0,0,0,0,0,0,1,8,500000
202003,40,117,3,7,Pawnee County                 ,0,0,0,0,0,0,0,0,0,0,0,0,0,0,0,0,0,0,0,0,0,0,0,0
202003,40,131,3,7,Rogers County                 ,44,44,8186378,0,0,0,0,0,0,0,0,0,43,43,7985878,0,0,0,0,0,0,0,0,0
202003,40,143,3,7,Tulsa County                  ,209,209,43097527,0,0,0,0,0,0,22,308,34571460,191,191,38187327,0,0,0,0,0,0,22,308,34571460
202003,40,145,3,7,Wagoner County                ,42,42,9458898,0,0,0,0,0,0,0,0,0,42,42,9458898,0,0,0,0,0,0,0,0,0
202003,41,000,4,9,Oregon Balance of State       ,29,29,3775700,0,0,0,0,0,0,0,0,0,29,29,3775700,0,0,0,0,0,0,0,0,0
202003,41,005,4,9,Clackamas County              ,134,134,42925728,4,8,546480,0,0,0,3,194,22830634,122,122,37092753,4,8,546480,0,0,0,2,184,21376464
202003,41,017,4,9,Deschutes County              ,147,147,36638893,2,4,305663,0,0,0,1,14,1100000,147,147,36638893,2,4,305663,0,0,0,1,14,1100000
202003,41,019,4,9,Douglas County                ,12,12,3277391,2,4,458490,0,0,0,0,0,0,12,12,3277391,2,4,458490,0,0,0,0,0,0
202003,41,025,4,9,Harney County                 ,2,2,711166,0,0,0,0,0,0,0,0,0,2,2,711166,0,0,0,0,0,0,0,0,0
202003,41,035,4,9,Klamath County                ,7,7,1887284,0,0,0,0,0,0,0,0,0,7,7,1887284,0,0,0,0,0,0,0,0,0
202003,41,051,4,9,Multnomah County              ,74,74,19036567,4,8,1807381,2,6,1450227,13,689,92602818,8,8,3126097,0,0,0,0,0,0,8,288,38315106
202003,41,065,4,9,Wasco County                  ,7,7,2077855,0,0,0,0,0,0,0,0,0,7,7,2077855,0,0,0,0,0,0,0,0,0
202003,41,067,4,9,Washington County             ,114,114,37239383,0,0,0,0,0,0,3,240,12496564,114,114,37239383,0,0,0,0,0,0,3,240,12496564
202003,41,071,4,9,Yamhill County                ,37,37,9896597,0,0,0,0,0,0,0,0,0,27,27,7579818,0,0,0,0,0,0,0,0,0
202003,42,001,1,2,Adams County                  ,19,19,4202033,0,0,0,0,0,0,0,0,0,0,0,0,0,0,0,0,0,0,0,0,0
202003,42,017,1,2,Bucks County                  ,43,43,11427172,0,0,0,0,0,0,0,0,0,16,16,4326435,0,0,0,0,0,0,0,0,0
202003,42,029,1,2,Chester County                ,111,111,24481143,0,0,0,2,8,1400000,1,5,557500,75,75,17004271,0,0,0,2,8,1400000,1,5,557500
202003,42,037,1,2,Columbia County               ,5,5,1131809,0,0,0,0,0,0,1,5,658911,4,4,937409,0,0,0,0,0,0,0,0,0
202003,42,041,1,2,Cumberland County             ,84,84,17391175,1,2,152680,2,6,764439,1,19,2507374,51,51,11425293,1,2,152680,1,3,399707,0,0,0
202003,42,043,1,2,Dauphin County                ,30,30,5559125,3,6,963195,2,6,1008640,0,0,0,16,16,3166505,3,6,963195,2,6,1008640,0,0,0
202003,42,045,1,2,Delaware County               ,15,15,3189644,1,2,300657,0,0,0,1,5,2056072,1,1,182254,1,2,300657,0,0,0,0,0,0
202003,42,055,1,2,Franklin County               ,28,28,6267084,0,0,0,0,0,0,1,5,650767,14,14,3063875,0,0,0,0,0,0,0,0,0
202003,42,091,1,2,Montgomery County             ,74,74,15755714,0,0,0,5,17,2159372,4,94,27230697,44,44,8954688,0,0,0,4,14,1862672,2,26,13556678
202003,42,093,1,2,Montour County                ,2,2,624497,0,0,0,0,0,0,0,0,0,1,1,262409,0,0,0,0,0,0,0,0,0
202003,42,099,1,2,Perry County                  ,8,8,2047710,0,0,0,0,0,0,0,0,0,0,0,0,0,0,0,0,0,0,0,0,0
202003,42,101,1,2,Philadelphia County           ,56,56,14850145,15,30,5078753,14,48,5621908,6,123,16191520,0,0,0,0,0,0,0,0,0,0,0,0
202003,42,103,1,2,Pike County                   ,9,9,2308113,0,0,0,0,0,0,0,0,0,2,2,524992,0,0,0,0,0,0,0,0,0
202003,44,001,1,1,Bristol County                ,2,2,657004,0,0,0,0,0,0,0,0,0,1,1,400000,0,0,0,0,0,0,0,0,0
202003,44,003,1,1,Kent County                   ,12,12,2568565,0,0,0,4,14,1285000,0,0,0,8,8,1900025,0,0,0,3,11,985000,0,0,0
202003,44,005,1,1,Newport County                ,9,9,3320403,0,0,0,0,0,0,0,0,0,5,5,1840409,0,0,0,0,0,0,0,0,0
202003,44,007,1,1,Providence County             ,28,28,5238299,1,2,280020,0,0,0,0,0,0,10,10,1764136,0,0,0,0,0,0,0,0,0
202003,44,009,1,1,Washington County             ,28,28,8071212,1,2,398182,0,0,0,0,0,0,15,15,5165012,0,0,0,0,0,0,0,0,0
202003,45,003,3,5,Aiken County                  ,130,130,28815973,0,0,0,0,0,0,0,0,0,130,130,28815973,0,0,0,0,0,0,0,0,0
202003,45,009,3,5,Bamberg County                ,0,0,0,0,0,0,0,0,0,0,0,0,0,0,0,0,0,0,0,0,0,0,0,0
202003,45,015,3,5,Berkeley County               ,143,143,39294159,0,0,0,0,0,0,2,56,4238267,8,8,2331670,0,0,0,0,0,0,0,0,0
202003,45,017,3,5,Calhoun County                ,3,3,502052,0,0,0,0,0,0,0,0,0,0,0,0,0,0,0,0,0,0,0,0,0
202003,45,019,3,5,Charleston County             ,232,232,64825552,0,0,0,1,4,317500,4,113,7495920,25,25,10631943,0,0,0,0,0,0,0,0,0
202003,45,035,3,5,Dorchester County             ,142,142,43324649,0,0,0,0,0,0,0,0,0,141,141,43217149,0,0,0,0,0,0,0,0,0
202003,45,037,3,5,Edgefield County              ,10,10,2246620,0,0,0,0,0,0,0,0,0,10,10,2246620,0,0,0,0,0,0,0,0,0
202003,45,039,3,5,Fairfield County              ,4,4,1316225,0,0,0,0,0,0,0,0,0,4,4,1316225,0,0,0,0,0,0,0,0,0
202003,45,045,3,5,Greenville County             ,363,363,99272414,0,0,0,0,0,0,1,5,176376,361,361,98741820,0,0,0,0,0,0,0,0,0
202003,45,051,3,5,Horry County                  ,472,472,79508236,1,2,114790,0,0,0,1,5,250000,398,398,65065273,1,2,114790,0,0,0,0,0,0
202003,45,055,3,5,Kershaw County                ,58,58,11872066,0,0,0,0,0,0,1,8,635000,58,58,11872066,0,0,0,0,0,0,1,8,635000
202003,45,059,3,5,Laurens County                ,20,20,2626342,0,0,0,0,0,0,0,0,0,18,18,2485314,0,0,0,0,0,0,0,0,0
202003,45,063,3,5,Lexington County              ,173,173,43930720,0,0,0,0,0,0,1,5,489336,16,16,3495138,0,0,0,0,0,0,0,0,0
202003,45,077,3,5,Pickens County                ,69,69,14265897,1,2,253268,0,0,0,0,0,0,46,46,10785629,0,0,0,0,0,0,0,0,0
202003,45,079,3,5,Richland County               ,136,136,26842410,0,0,0,0,0,0,0,0,0,117,117,22349702,0,0,0,0,0,0,0,0,0
202003,45,081,3,5,Saluda County                 ,4,4,850721,0,0,0,0,0,0,0,0,0,0,0,0,0,0,0,0,0,0,0,0,0
202003,45,085,3,5,Sumter County                 ,29,29,2005280,0,0,0,0,0,0,0,0,0,29,29,2005280,0,0,0,0,0,0,0,0,0
202003,45,091,3,5,York County                   ,223,223,77157541,0,0,0,0,0,0,1,15,1702720,29,29,7454340,0,0,0,0,0,0,0,0,0
202003,46,007,2,4,Bennett County                ,0,0,0,0,0,0,0,0,0,0,0,0,0,0,0,0,0,0,0,0,0,0,0,0
202003,46,055,2,4,Haakon County                 ,0,0,0,0,0,0,0,0,0,0,0,0,0,0,0,0,0,0,0,0,0,0,0,0
202003,46,071,2,4,Jackson County                ,0,0,0,0,0,0,0,0,0,0,0,0,0,0,0,0,0,0,0,0,0,0,0,0
202003,46,111,2,4,Sanborn County                ,0,0,0,0,0,0,0,0,0,0,0,0,0,0,0,0,0,0,0,0,0,0,0,0
202003,47,001,3,6,Anderson County               ,15,15,2897508,0,0,0,0,0,0,0,0,0,4,4,442053,0,0,0,0,0,0,0,0,0
202003,47,015,3,6,Cannon County                 ,0,0,0,0,0,0,0,0,0,0,0,0,0,0,0,0,0,0,0,0,0,0,0,0
202003,47,021,3,6,Cheatham County               ,24,24,3908521,0,0,0,0,0,0,0,0,0,18,18,2961389,0,0,0,0,0,0,0,0,0
202003,47,037,3,6,Davidson County               ,356,356,91821467,0,0,0,1,3,402817,4,69,557489,350,350,88138841,0,0,0,1,3,402817,4,69,557489
202003,47,043,3,6,Dickson County                ,40,40,8548677,0,0,0,0,0,0,0,0,0,11,11,2610750,0,0,0,0,0,0,0,0,0
202003,47,049,3,6,Fentress County               ,0,0,0,0,0,0,0,0,0,0,0,0,0,0,0,0,0,0,0,0,0,0,0,0
202003,47,081,3,6,Hickman County                ,7,7,1210945,0,0,0,0,0,0,0,0,0,0,0,0,0,0,0,0,0,0,0,0,0
202003,47,093,3,6,Knox County                   ,173,173,35438261,0,0,0,0,0,0,8,192,24610058,32,32,7838524,0,0,0,0,0,0,8,192,24610058
202003,47,105,3,6,Loudon County                 ,44,44,11604535,0,0,0,0,0,0,0,0,0,40,40,10861220,0,0,0,0,0,0,0,0,0
202003,47,117,3,6,Marshall County               ,17,17,3221873,0,0,0,0,0,0,0,0,0,0,0,0,0,0,0,0,0,0,0,0,0
202003,47,125,3,6,Montgomery County             ,170,170,27375082,0,0,0,1,3,150000,0,0,0,92,92,12117294,0,0,0,0,0,0,0,0,0
202003,47,139,3,6,Polk County                   ,19,19,3422357,0,0,0,0,0,0,0,0,0,0,0,0,0,0,0,0,0,0,0,0,0
202003,47,149,3,6,Rutherford County             ,318,318,77167848,0,0,0,0,0,0,1,10,831891,279,279,70370044,0,0,0,0,0,0,0,0,0
202003,47,153,3,6,Sequatchie County             ,0,0,0,0,0,0,0,0,0,0,0,0,0,0,0,0,0,0,0,0,0,0,0,0
202003,47,157,3,6,Shelby County                 ,90,90,21263734,0,0,0,0,0,0,1,30,2700000,90,90,21263734,0,0,0,0,0,0,1,30,2700000
202003,47,159,3,6,Smith County                  ,1,1,110600,0,0,0,0,0,0,0,0,0,1,1,110600,0,0,0,0,0,0,0,0,0
202003,47,161,3,6,Stewart County                ,1,1,162250,0,0,0,0,0,0,0,0,0,0,0,0,0,0,0,0,0,0,0,0,0
202003,47,165,3,6,Sumner County                 ,120,120,27942237,0,0,0,0,0,0,0,0,0,92,92,22702746,0,0,0,0,0,0,0,0,0
202003,47,167,3,6,Tipton County                 ,17,17,3677420,0,0,0,0,0,0,0,0,0,4,4,1406990,0,0,0,0,0,0,0,0,0
202003,47,169,3,6,Trousdale County              ,5,5,882000,0,0,0,0,0,0,0,0,0,5,5,882000,0,0,0,0,0,0,0,0,0
202003,47,173,3,6,Union County                  ,1,1,265000,0,0,0,0,0,0,0,0,0,1,1,265000,0,0,0,0,0,0,0,0,0
202003,47,175,3,6,Van Buren County              ,0,0,0,0,0,0,0,0,0,0,0,0,0,0,0,0,0,0,0,0,0,0,0,0
202003,47,189,3,6,Wilson County                 ,121,121,33611891,0,0,0,0,0,0,1,5,326667,31,31,7586686,0,0,0,0,0,0,0,0,0
202003,48,013,3,7,Atascosa County               ,3,3,557060,0,0,0,0,0,0,0,0,0,0,0,0,0,0,0,0,0,0,0,0,0
202003,48,015,3,7,Austin County                 ,1,1,184408,0,0,0,0,0,0,0,0,0,0,0,0,0,0,0,0,0,0,0,0,0
202003,48,019,3,7,Bandera County                ,0,0,0,0,0,0,0,0,0,0,0,0,0,0,0,0,0,0,0,0,0,0,0,0
202003,48,021,3,7,Bastrop County                ,14,14,2522966,0,0,0,0,0,0,0,0,0,14,14,2522966,0,0,0,0,0,0,0,0,0
202003,48,025,3,7,Bee County                    ,1,1,155000,0,0,0,0,0,0,0,0,0,0,0,0,0,0,0,0,0,0,0,0,0
202003,48,027,3,7,Bell County                   ,203,203,26936548,24,48,4499025,0,0,0,0,0,0,167,167,18287031,20,40,3742894,0,0,0,0,0,0
202003,48,029,3,7,Bexar County                  ,545,545,124168301,0,0,0,6,24,3222535,22,436,48938820,491,491,115554876,0,0,0,6,24,3222535,22,436,48938820
202003,48,051,3,7,Burleson County               ,3,3,370000,0,0,0,0,0,0,0,0,0,3,3,370000,0,0,0,0,0,0,0,0,0
202003,48,055,3,7,Caldwell County               ,27,27,5659261,1,2,173138,0,0,0,1,12,1312644,2,2,409795,0,0,0,0,0,0,0,0,0
202003,48,085,3,7,Collin County                 ,951,951,248150057,0,0,0,0,0,0,1,360,40408200,799,799,210740032,0,0,0,0,0,0,1,360,40408200
202003,48,091,3,7,Comal County                  ,291,291,68972882,0,0,0,0,0,0,0,0,0,288,288,68387530,0,0,0,0,0,0,0,0,0
202003,48,099,3,7,Coryell County                ,10,10,1223501,8,16,1167402,0,0,0,1,5,250000,8,8,936674,7,14,1023584,0,0,0,0,0,0
202003,48,107,3,7,Crosby County                 ,0,0,0,0,0,0,0,0,0,0,0,0,0,0,0,0,0,0,0,0,0,0,0,0
202003,48,113,3,7,Dallas County                 ,365,365,120287597,8,16,2359287,0,0,0,6,296,31920994,302,302,94244920,6,12,1797102,0,0,0,2,40,600000
202003,48,119,3,7,Delta County                  ,0,0,0,0,0,0,0,0,0,0,0,0,0,0,0,0,0,0,0,0,0,0,0,0
202003,48,135,3,7,Ector County                  ,115,115,27307521,0,0,0,0,0,0,0,0,0,115,115,27307521,0,0,0,0,0,0,0,0,0
202003,48,139,3,7,Ellis County                  ,224,224,53525167,0,0,0,0,0,0,1,6,1021349,139,139,35662845,0,0,0,0,0,0,0,0,0
202003,48,141,3,7,El Paso County                ,188,188,42214599,10,20,2409721,1,4,524763,4,39,6811119,20,20,4749134,0,0,0,0,0,0,0,0,0
202003,48,157,3,7,Fort Bend County              ,989,989,86699166,0,0,0,0,0,0,1,6,469551,217,217,51528105,0,0,0,0,0,0,0,0,0
202003,48,167,3,7,Galveston County              ,228,228,50718899,0,0,0,1,4,200000,0,0,0,86,86,15748164,0,0,0,1,4,200000,0,0,0
202003,48,185,3,7,Grimes County                 ,3,3,491406,0,0,0,0,0,0,0,0,0,3,3,491406,0,0,0,0,0,0,0,0,0
202003,48,187,3,7,Guadalupe County              ,89,89,20512356,9,18,2013142,0,0,0,0,0,0,87,87,19952069,9,18,2013142,0,0,0,0,0,0
202003,48,193,3,7,Hamilton County               ,0,0,0,0,0,0,0,0,0,0,0,0,0,0,0,0,0,0,0,0,0,0,0,0
202003,48,195,3,7,Hansford County               ,0,0,0,0,0,0,0,0,0,0,0,0,0,0,0,0,0,0,0,0,0,0,0,0
202003,48,201,3,7,Harris County                 ,1682,1682,356368626,18,36,3703048,0,0,0,58,2599,327608549,1645,1645,340618004,17,34,3608048,0,0,0,58,2599,327608549
202003,48,211,3,7,Hemphill County               ,0,0,0,0,0,0,0,0,0,0,0,0,0,0,0,0,0,0,0,0,0,0,0,0
202003,48,215,3,7,Hidalgo County                ,246,246,43751541,30,60,3166165,29,116,5201546,4,52,3699730,157,157,32240479,3,6,403682,22,88,2105000,3,24,800000
202003,48,233,3,7,Hutchinson County             ,0,0,0,0,0,0,0,0,0,0,0,0,0,0,0,0,0,0,0,0,0,0,0,0
202003,48,251,3,7,Johnson County                ,162,162,34706892,8,16,1789459,0,0,0,0,0,0,160,160,34234078,8,16,1789459,0,0,0,0,0,0
202003,48,257,3,7,Kaufman County                ,16,16,4196594,0,0,0,0,0,0,0,0,0,12,12,3074654,0,0,0,0,0,0,0,0,0
202003,48,259,3,7,Kendall County                ,31,31,8063669,0,0,0,0,0,0,0,0,0,0,0,0,0,0,0,0,0,0,0,0,0
202003,48,271,3,7,Kinney County                 ,0,0,0,0,0,0,0,0,0,0,0,0,0,0,0,0,0,0,0,0,0,0,0,0
202003,48,281,3,7,Lampasas County               ,2,2,270000,0,0,0,0,0,0,0,0,0,2,2,270000,0,0,0,0,0,0,0,0,0
202003,48,291,3,7,Liberty County                ,78,78,10802924,0,0,0,0,0,0,0,0,0,9,9,2137110,0,0,0,0,0,0,0,0,0
202003,48,303,3,7,Lubbock County                ,193,193,42975260,1,2,221000,1,4,400000,31,241,26290404,192,192,42802260,1,2,221000,1,4,400000,31,241,26290404
202003,48,323,3,7,Maverick County               ,7,7,1842890,1,2,110981,0,0,0,0,0,0,0,0,0,0,0,0,0,0,0,0,0,0
202003,48,325,3,7,Medina County                 ,1,1,350000,0,0,0,0,0,0,0,0,0,1,1,350000,0,0,0,0,0,0,0,0,0
202003,48,329,3,7,Midland County                ,158,158,28208817,0,0,0,0,0,0,0,0,0,158,158,28208817,0,0,0,0,0,0,0,0,0
202003,48,339,3,7,Montgomery County             ,725,725,150379880,2,4,291538,2,7,400188,2,28,2953510,572,572,121439540,0,0,0,0,0,0,0,0,0
202003,48,367,3,7,Parker County                 ,38,38,8518071,0,0,0,0,0,0,1,23,2002283,8,8,2439140,0,0,0,0,0,0,0,0,0
202003,48,375,3,7,Potter County                 ,29,29,6886244,0,0,0,0,0,0,0,0,0,29,29,6886244,0,0,0,0,0,0,0,0,0
202003,48,383,3,7,Reagan County                 ,0,0,0,0,0,0,0,0,0,0,0,0,0,0,0,0,0,0,0,0,0,0,0,0
202003,48,385,3,7,Real County                   ,0,0,0,0,0,0,0,0,0,0,0,0,0,0,0,0,0,0,0,0,0,0,0,0
202003,48,395,3,7,Robertson County              ,9,9,1844078,0,0,0,0,0,0,0,0,0,9,9,1844078,0,0,0,0,0,0,0,0,0
202003,48,397,3,7,Rockwall County               ,177,177,53748379,0,0,0,0,0,0,0,0,0,67,67,18647237,0,0,0,0,0,0,0,0,0
202003,48,407,3,7,San Jacinto County            ,40,40,8827536,0,0,0,0,0,0,0,0,0,0,0,0,0,0,0,0,0,0,0,0,0
202003,48,411,3,7,San Saba County               ,0,0,0,0,0,0,0,0,0,0,0,0,0,0,0,0,0,0,0,0,0,0,0,0
202003,48,451,3,7,Tom Green County              ,39,39,7991006,3,6,561434,0,0,0,0,0,0,39,39,7991006,3,6,561434,0,0,0,0,0,0
202003,48,453,3,7,Travis County                 ,979,979,228590788,5,10,935724,0,0,0,12,517,44197296,967,967,224412460,5,10,935724,0,0,0,12,517,44197296
202003,48,473,3,7,Waller County                 ,8,8,941787,0,0,0,0,0,0,1,5,110903,0,0,0,0,0,0,0,0,0,0,0,0
202003,48,491,3,7,Williamson County             ,554,554,133086118,14,28,3522675,0,0,0,1,256,35000000,528,528,127094835,14,28,3522675,0,0,0,1,256,35000000
202003,48,493,3,7,Wilson County                 ,6,6,1217647,0,0,0,0,0,0,0,0,0,0,0,0,0,0,0,0,0,0,0,0,0
202003,48,497,3,7,Wise County                   ,6,6,1514217,0,0,0,0,0,0,0,0,0,5,5,1344913,0,0,0,0,0,0,0,0,0
202003,49,011,4,8,Davis County                  ,117,117,35709370,0,0,0,1,3,469047,4,39,4405211,95,95,28615401,0,0,0,0,0,0,1,24,2640000
202003,49,023,4,8,Juab County                   ,6,6,1702729,0,0,0,1,3,225349,0,0,0,2,2,555870,0,0,0,0,0,0,0,0,0
202003,49,029,4,8,Morgan County                 ,7,7,3419384,0,0,0,0,0,0,0,0,0,5,5,2927344,0,0,0,0,0,0,0,0,0
202003,49,035,4,8,Salt Lake County              ,366,366,100509175,14,28,3714296,2,6,920629,8,1139,203188817,244,244,69039411,13,26,3400000,0,0,0,7,1125,201309008
202003,49,039,4,8,Sanpete County                ,5,5,969964,0,0,0,0,0,0,0,0,0,0,0,0,0,0,0,0,0,0,0,0,0
202003,49,043,4,8,Summit County                 ,15,15,7231416,0,0,0,0,0,0,1,6,1025141,5,5,2585323,0,0,0,0,0,0,0,0,0
202003,49,057,4,8,Weber County                  ,113,113,23033116,0,0,0,1,3,325626,0,0,0,79,79,13256241,0,0,0,0,0,0,0,0,0
202003,51,003,3,5,Albemarle County              ,70,70,22770263,0,0,0,0,0,0,0,0,0,70,70,22770263,0,0,0,0,0,0,0,0,0
202003,51,007,3,5,Amelia County                 ,7,7,2309060,0,0,0,0,0,0,0,0,0,7,7,2309060,0,0,0,0,0,0,0,0,0
202003,51,009,3,5,Amherst County                ,7,7,1484937,0,0,0,0,0,0,0,0,0,0,0,0,0,0,0,0,0,0,0,0,0
202003,51,013,3,5,Arlington County              ,20,20,8944240,0,0,0,0,0,0,1,203,21596923,0,0,0,0,0,0,0,0,0,0,0,0
202003,51,015,3,5,Augusta County                ,47,47,6601002,0,0,0,0,0,0,0,0,0,47,47,6601002,0,0,0,0,0,0,0,0,0
202003,51,019,3,5,Bedford County                ,0,0,0,0,0,0,0,0,0,0,0,0,0,0,0,0,0,0,0,0,0,0,0,0
202003,51,033,3,5,Caroline County               ,14,14,2723900,0,0,0,0,0,0,0,0,0,14,14,2723900,0,0,0,0,0,0,0,0,0
202003,51,036,3,5,Charles City County           ,2,2,327921,0,0,0,0,0,0,0,0,0,0,0,0,0,0,0,0,0,0,0,0,0
202003,51,037,3,5,Charlotte County              ,2,2,415000,0,0,0,0,0,0,0,0,0,2,2,415000,0,0,0,0,0,0,0,0,0
202003,51,041,3,5,Chesterfield County           ,151,151,30939537,0,0,0,7,27,3319435,6,32,2469710,151,151,30939537,0,0,0,7,27,3319435,6,32,2469710
202003,51,043,3,5,Clarke County                 ,7,7,2093698,0,0,0,0,0,0,0,0,0,7,7,2093698,0,0,0,0,0,0,0,0,0
202003,51,049,3,5,Cumberland County             ,3,3,186000,0,0,0,0,0,0,0,0,0,3,3,186000,0,0,0,0,0,0,0,0,0
202003,51,051,3,5,Dickenson County              ,1,1,110000,0,0,0,0,0,0,0,0,0,1,1,110000,0,0,0,0,0,0,0,0,0
202003,51,053,3,5,Dinwiddie County              ,8,8,1232516,0,0,0,0,0,0,0,0,0,0,0,0,0,0,0,0,0,0,0,0,0
202003,51,059,3,5,Fairfax County                ,82,82,19471450,0,0,0,0,0,0,1,6,720000,82,82,19471450,0,0,0,0,0,0,1,6,720000
202003,51,061,3,5,Fauquier County               ,20,20,7918020,0,0,0,0,0,0,0,0,0,20,20,7918020,0,0,0,0,0,0,0,0,0
202003,51,069,3,5,Frederick County              ,47,47,11324246,0,0,0,0,0,0,0,0,0,47,47,11324246,0,0,0,0,0,0,0,0,0
202003,51,073,3,5,Gloucester County             ,15,15,4143848,0,0,0,0,0,0,0,0,0,0,0,0,0,0,0,0,0,0,0,0,0
202003,51,075,3,5,Goochland County              ,19,19,5627225,0,0,0,0,0,0,0,0,0,0,0,0,0,0,0,0,0,0,0,0,0
202003,51,085,3,5,Hanover County                ,62,62,11822519,0,0,0,0,0,0,0,0,0,62,62,11822519,0,0,0,0,0,0,0,0,0
202003,51,087,3,5,Henrico County                ,73,73,11588887,38,76,2612500,0,0,0,0,0,0,73,73,11588887,38,76,2612500,0,0,0,0,0,0
202003,51,093,3,5,Isle of Wight County          ,26,26,5295200,0,0,0,0,0,0,0,0,0,26,26,5295200,0,0,0,0,0,0,0,0,0
202003,51,095,3,5,James City County             ,29,29,6886244,0,0,0,0,0,0,0,0,0,29,29,6886244,0,0,0,0,0,0,0,0,0
202003,51,097,3,5,King and Queen County         ,2,2,313201,0,0,0,0,0,0,0,0,0,0,0,0,0,0,0,0,0,0,0,0,0
202003,51,099,3,5,King George County            ,10,10,2048976,0,0,0,0,0,0,0,0,0,10,10,2048976,0,0,0,0,0,0,0,0,0
202003,51,107,3,5,Loudoun County                ,147,147,34906136,0,0,0,0,0,0,3,40,360000,147,147,34906136,0,0,0,0,0,0,3,40,360000
202003,51,109,3,5,Louisa County                 ,31,31,6711522,0,0,0,0,0,0,0,0,0,0,0,0,0,0,0,0,0,0,0,0,0
202003,51,115,3,5,Mathews County                ,1,1,140000,0,0,0,0,0,0,0,0,0,1,1,140000,0,0,0,0,0,0,0,0,0
202003,51,127,3,5,New Kent County               ,22,22,8861000,0,0,0,0,0,0,0,0,0,22,22,8861000,0,0,0,0,0,0,0,0,0
202003,51,139,3,5,Page County                   ,3,3,405300,0,0,0,0,0,0,0,0,0,3,3,405300,0,0,0,0,0,0,0,0,0
202003,51,145,3,5,Powhatan County               ,18,18,3211985,0,0,0,0,0,0,0,0,0,18,18,3211985,0,0,0,0,0,0,0,0,0
202003,51,149,3,5,Prince George County          ,6,6,1041770,0,0,0,0,0,0,0,0,0,6,6,1041770,0,0,0,0,0,0,0,0,0
202003,51,153,3,5,Prince William County         ,124,124,21280200,0,0,0,0,0,0,1,18,2043711,124,124,21280200,0,0,0,0,0,0,0,0,0
202003,51,165,3,5,Rockingham County             ,53,53,17245170,0,0,0,0,0,0,0,0,0,53,53,17245170,0,0,0,0,0,0,0,0,0
202003,51,175,3,5,Southampton County            ,5,5,806386,0,0,0,0,0,0,0,0,0,0,0,0,0,0,0,0,0,0,0,0,0
202003,51,177,3,5,Spotsylvania County           ,64,64,16901074,0,0,0,0,0,0,3,75,8844998,0,0,0,0,0,0,0,0,0,0,0,0
202003,51,179,3,5,Stafford County               ,62,62,14722316,0,0,0,0,0,0,0,0,0,62,62,14722316,0,0,0,0,0,0,0,0,0
202003,51,181,3,5,Surry County                  ,3,3,647613,0,0,0,0,0,0,0,0,0,0,0,0,0,0,0,0,0,0,0,0,0
202003,51,183,3,5,Sussex County                 ,5,5,640298,0,0,0,0,0,0,0,0,0,5,5,640298,0,0,0,0,0,0,0,0,0
202003,51,187,3,5,Warren County                 ,16,16,3532000,0,0,0,0,0,0,0,0,0,16,16,3532000,0,0,0,0,0,0,0,0,0
202003,51,199,3,5,York County                   ,20,20,4627185,0,0,0,0,0,0,0,0,0,20,20,4627185,0,0,0,0,0,0,0,0,0
202003,51,510,3,5,Alexandria (Independent City) ,16,16,5190016,0,0,0,0,0,0,0,0,0,16,16,5190016,0,0,0,0,0,0,0,0,0
202003,51,540,3,5,Charlottesville (Independent C,7,7,2361710,0,0,0,0,0,0,1,6,1283158,0,0,0,0,0,0,0,0,0,0,0,0
202003,51,550,3,5,Chesapeake(Independent City)  ,106,106,30819600,0,0,0,0,0,0,0,0,0,106,106,30819600,0,0,0,0,0,0,0,0,0
202003,51,570,3,5,Colonial Heights (Independent ,1,1,300000,0,0,0,0,0,0,0,0,0,1,1,300000,0,0,0,0,0,0,0,0,0
202003,51,580,3,5,Covington (Independent City)  ,0,0,0,0,0,0,0,0,0,0,0,0,0,0,0,0,0,0,0,0,0,0,0,0
202003,51,600,3,5,Fairfax (Independent City)    ,0,0,0,0,0,0,0,0,0,0,0,0,0,0,0,0,0,0,0,0,0,0,0,0
202003,51,610,3,5,Falls Church (Independent City,4,4,1894231,0,0,0,0,0,0,0,0,0,0,0,0,0,0,0,0,0,0,0,0,0
202003,51,630,3,5,Fredericksburg(Independent Cit,1,1,400000,0,0,0,0,0,0,0,0,0,1,1,400000,0,0,0,0,0,0,0,0,0
202003,51,650,3,5,Hampton (Independent City)    ,18,18,1121786,0,0,0,0,0,0,0,0,0,0,0,0,0,0,0,0,0,0,0,0,0
202003,51,660,3,5,Harrisonburg (Independent City,2,2,580000,0,0,0,0,0,0,0,0,0,2,2,580000,0,0,0,0,0,0,0,0,0
202003,51,670,3,5,Hopewell (Independent City)   ,1,1,52857,0,0,0,0,0,0,0,0,0,0,0,0,0,0,0,0,0,0,0,0,0
202003,51,680,3,5,Lynchburg (Independent City)  ,2,2,350000,0,0,0,0,0,0,2,24,2800000,2,2,350000,0,0,0,0,0,0,2,24,2800000
202003,51,683,3,5,Manassas (Independent City)   ,7,7,1641361,1,2,242983,0,0,0,0,0,0,0,0,0,0,0,0,0,0,0,0,0,0
202003,51,685,3,5,Manassas Park (Independent Cit,0,0,0,0,0,0,0,0,0,0,0,0,0,0,0,0,0,0,0,0,0,0,0,0
202003,51,700,3,5,Newport News (Independent City,9,9,1567080,0,0,0,0,0,0,0,0,0,9,9,1567080,0,0,0,0,0,0,0,0,0
202003,51,710,3,5,Norfolk (Independent City)    ,32,32,7598614,0,0,0,0,0,0,0,0,0,32,32,7598614,0,0,0,0,0,0,0,0,0
202003,51,730,3,5,Petersburg (Independent City) ,1,1,92600,0,0,0,0,0,0,0,0,0,0,0,0,0,0,0,0,0,0,0,0,0
202003,51,735,3,5,Poquoson (Independent City)   ,2,2,575000,0,0,0,0,0,0,0,0,0,2,2,575000,0,0,0,0,0,0,0,0,0
202003,51,740,3,5,Portsmouth (Independent City) ,9,9,1590900,0,0,0,0,0,0,0,0,0,9,9,1590900,0,0,0,0,0,0,0,0,0
202003,51,760,3,5,Richmond (Independent City)   ,27,27,5532235,0,0,0,0,0,0,0,0,0,27,27,5532235,0,0,0,0,0,0,0,0,0
202003,51,800,3,5,Suffolk (Independent City)    ,32,32,7598614,0,0,0,0,0,0,0,0,0,32,32,7598614,0,0,0,0,0,0,0,0,0
202003,51,810,3,5,Virginia Beach (Independent Ci,51,51,8449369,0,0,0,0,0,0,0,0,0,51,51,8449369,0,0,0,0,0,0,0,0,0
202003,51,830,3,5,Williamsburg (Independent City,4,4,600000,0,0,0,0,0,0,0,0,0,4,4,600000,0,0,0,0,0,0,0,0,0
202003,53,005,4,9,Benton County                 ,91,91,27674414,4,8,1470358,0,0,0,1,24,2409205,59,59,18918021,2,4,755403,0,0,0,0,0,0
202003,53,011,4,9,Clark County                  ,269,269,79152268,0,0,0,0,0,0,8,210,25564209,257,257,76194384,0,0,0,0,0,0,8,210,25564209
202003,53,021,4,9,Franklin County               ,46,46,12471586,0,0,0,0,0,0,0,0,0,4,4,1373259,0,0,0,0,0,0,0,0,0
202003,53,031,4,9,Jefferson County              ,10,10,2325642,0,0,0,0,0,0,0,0,0,2,2,283776,0,0,0,0,0,0,0,0,0
202003,53,033,4,9,King County                   ,297,297,121226390,21,42,12446525,22,73,15330368,20,591,56941489,227,227,93877039,21,42,12446525,21,70,14800837,18,560,52890377
202003,53,035,4,9,Kitsap County                 ,67,67,21395704,0,0,0,0,0,0,1,5,251599,56,56,18720053,0,0,0,0,0,0,0,0,0
202003,53,053,4,9,Pierce County                 ,256,256,72015424,3,6,1507042,0,0,0,0,0,0,256,256,72015424,3,6,1507042,0,0,0,0,0,0
202003,53,055,4,9,San Juan County               ,13,13,2772886,0,0,0,0,0,0,0,0,0,13,13,2772886,0,0,0,0,0,0,0,0,0
202003,53,059,4,9,Skamania County               ,8,8,1841226,0,0,0,0,0,0,0,0,0,8,8,1841226,0,0,0,0,0,0,0,0,0
202003,53,061,4,9,Snohomish County              ,222,222,68913023,5,10,2567177,2,8,1891292,7,392,50919787,200,200,60419335,5,10,2567177,2,8,1891292,6,366,47986641
202003,54,011,3,5,Cabell County                 ,4,4,905000,0,0,0,1,3,153000,0,0,0,4,4,905000,0,0,0,1,3,153000,0,0,0
202003,54,015,3,5,Clay County                   ,1,1,25000,0,0,0,0,0,0,0,0,0,1,1,25000,0,0,0,0,0,0,0,0,0
202003,54,019,3,5,Fayette County                ,5,5,377625,0,0,0,0,0,0,0,0,0,4,4,246625,0,0,0,0,0,0,0,0,0
202003,54,037,3,5,Jefferson County              ,29,29,6665738,0,0,0,0,0,0,0,0,0,14,14,2368960,0,0,0,0,0,0,0,0,0
202003,54,081,3,5,Raleigh County                ,2,2,96000,0,0,0,0,0,0,0,0,0,2,2,96000,0,0,0,0,0,0,0,0,0
202003,55,025,2,3,Dane County                   ,111,111,39747554,2,4,693333,0,0,0,5,342,38745846,76,76,29224247,0,0,0,0,0,0,3,310,35900000
202003,55,031,2,3,Douglas County                ,2,2,485732,0,0,0,0,0,0,0,0,0,2,2,485732,0,0,0,0,0,0,0,0,0
202003,55,037,2,3,Florence County               ,0,0,0,0,0,0,0,0,0,0,0,0,0,0,0,0,0,0,0,0,0,0,0,0
202003,55,049,2,3,Iowa County                   ,11,11,2627748,0,0,0,0,0,0,0,0,0,8,8,1739000,0,0,0,0,0,0,0,0,0
202003,55,059,2,3,Kenosha County                ,21,21,6157393,0,0,0,0,0,0,1,5,400000,18,18,5213559,0,0,0,0,0,0,0,0,0
202003,55,079,2,3,Milwaukee County              ,17,17,6996284,0,0,0,0,0,0,0,0,0,16,16,6697951,0,0,0,0,0,0,0,0,0
202003,55,089,2,3,Ozaukee County                ,14,14,5940450,0,0,0,0,0,0,0,0,0,4,4,1591872,0,0,0,0,0,0,0,0,0
202003,55,093,2,3,Pierce County                 ,9,9,2326560,0,0,0,0,0,0,0,0,0,9,9,2326560,0,0,0,0,0,0,0,0,0
202003,55,109,2,3,St. Croix County              ,48,48,10838375,1,2,294333,0,0,0,0,0,0,34,34,7185825,0,0,0,0,0,0,0,0,0
202003,55,131,2,3,Washington County             ,26,26,7942075,1,2,252500,0,0,0,0,0,0,10,10,2670300,0,0,0,0,0,0,0,0,0
202003,56,029,4,8,Park County                   ,9,9,2378709,0,0,0,0,0,0,0,0,0,6,6,1697009,0,0,0,0,0,0,0,0,0
202003,56,039,4,8,Teton County                  ,12,12,21335257,0,0,0,1,3,116499,1,5,1040398,11,11,20809250,0,0,0,0,0,0,0,0,0
