Survey,FIPS,FIPS,Region,Division,County,,1-unit,,,2-units,,,3-4 units,,,5+ units,,,1-unit rep,,,2-units rep,,,3-4 units rep,,, 5+units rep
Date,State,County,Code,Code,Name,Bldgs,Units,Value,Bldgs,Units,Value,Bldgs,Units,Value,Bldgs,Units,Value,Bldgs,Units,Value,Bldgs,Units,Value,Bldgs,Units,Value,Bldgs,Units,Value
 
202010,01,001,3,6,Autauga County                ,34,34,10714984,0,0,0,0,0,0,0,0,0,34,34,10714984,0,0,0,0,0,0,0,0,0
202010,01,007,3,6,Bibb County                   ,22,22,7372000,0,0,0,0,0,0,0,0,0,22,22,7372000,0,0,0,0,0,0,0,0,0
202010,01,009,3,6,Blount County                 ,1,1,61394,0,0,0,0,0,0,0,0,0,0,0,0,0,0,0,0,0,0,0,0,0
202010,01,021,3,6,Chilton County                ,5,5,861500,0,0,0,0,0,0,0,0,0,5,5,861500,0,0,0,0,0,0,0,0,0
202010,01,073,3,6,Jefferson County              ,143,143,45624985,1,2,247329,0,0,0,1,6,605038,46,46,15038772,0,0,0,0,0,0,0,0,0
202010,01,081,3,6,Lee County                    ,113,113,34771147,0,0,0,0,0,0,0,0,0,78,78,26559900,0,0,0,0,0,0,0,0,0
202010,01,083,3,6,Limestone County              ,34,34,7926386,0,0,0,0,0,0,0,0,0,34,34,7926386,0,0,0,0,0,0,0,0,0
202010,01,089,3,6,Madison County                ,354,354,58575573,0,0,0,0,0,0,0,0,0,334,334,53836465,0,0,0,0,0,0,0,0,0
202010,01,113,3,6,Russell County                ,14,14,2137605,0,0,0,0,0,0,0,0,0,14,14,2137605,0,0,0,0,0,0,0,0,0
202010,01,115,3,6,St. Clair County              ,40,40,6186110,0,0,0,0,0,0,0,0,0,27,27,3696053,0,0,0,0,0,0,0,0,0
202010,01,117,3,6,Shelby County                 ,181,181,49085509,0,0,0,0,0,0,0,0,0,123,123,32522376,0,0,0,0,0,0,0,0,0
202010,01,127,3,6,Walker County                 ,0,0,0,0,0,0,0,0,0,0,0,0,0,0,0,0,0,0,0,0,0,0,0,0
202010,02,013,4,9,Aleutians East Borough        ,0,0,0,0,0,0,0,0,0,0,0,0,0,0,0,0,0,0,0,0,0,0,0,0
202010,02,016,4,9,Aleutians West Census Area    ,1,1,98118,0,0,0,0,0,0,0,0,0,0,0,0,0,0,0,0,0,0,0,0,0
202010,02,020,4,9,Anchorage Municipality        ,89,89,27880296,0,0,0,1,4,694844,1,11,1739051,0,0,0,0,0,0,0,0,0,0,0,0
202010,02,050,4,9,Bethel Census Area            ,0,0,0,0,0,0,0,0,0,0,0,0,0,0,0,0,0,0,0,0,0,0,0,0
202010,02,060,4,9,Bristol Bay Borough           ,1,1,115625,0,0,0,0,0,0,0,0,0,0,0,0,0,0,0,0,0,0,0,0,0
202010,02,070,4,9,Dillingham Census Area        ,0,0,0,0,0,0,0,0,0,0,0,0,0,0,0,0,0,0,0,0,0,0,0,0
202010,02,090,4,9,Fairbanks North Star Borough  ,0,0,0,0,0,0,0,0,0,0,0,0,0,0,0,0,0,0,0,0,0,0,0,0
202010,02,100,4,9,Haines Borough                ,1,1,149444,0,0,0,0,0,0,0,0,0,0,0,0,0,0,0,0,0,0,0,0,0
202010,02,105,4,9,Hoonah-Angoon Census Area     ,0,0,0,0,0,0,0,0,0,0,0,0,0,0,0,0,0,0,0,0,0,0,0,0
202010,02,110,4,9,Juneau City and Borough       ,4,4,860282,2,4,695689,0,0,0,0,0,0,4,4,860282,2,4,695689,0,0,0,0,0,0
202010,02,122,4,9,Kenai Peninsula Borough       ,9,9,2129030,1,2,230000,0,0,0,0,0,0,6,6,1450000,1,2,230000,0,0,0,0,0,0
202010,02,130,4,9,Ketchikan Gateway Borough     ,3,3,642559,0,0,0,0,0,0,0,0,0,3,3,642559,0,0,0,0,0,0,0,0,0
202010,02,150,4,9,Kodiak Island Borough         ,2,2,485995,0,0,0,0,0,0,0,0,0,2,2,485995,0,0,0,0,0,0,0,0,0
202010,02,170,4,9,Matanuska-Susitna Borough     ,8,8,2086630,0,0,0,1,4,594546,0,0,0,8,8,2086630,0,0,0,1,4,594546,0,0,0
202010,02,180,4,9,Nome Census Area              ,0,0,0,0,0,0,0,0,0,0,0,0,0,0,0,0,0,0,0,0,0,0,0,0
202010,02,185,4,9,North Slope Borough           ,0,0,0,0,0,0,0,0,0,0,0,0,0,0,0,0,0,0,0,0,0,0,0,0
202010,02,188,4,9,Northwest Arctic Borough      ,1,1,593333,0,0,0,0,0,0,0,0,0,0,0,0,0,0,0,0,0,0,0,0,0
202010,02,195,4,9,Petersburg Borough            ,1,1,193487,0,0,0,0,0,0,0,0,0,0,0,0,0,0,0,0,0,0,0,0,0
202010,02,198,4,9,Prince of Wales-Hyder Census A,0,0,0,0,0,0,0,0,0,0,0,0,0,0,0,0,0,0,0,0,0,0,0,0
202010,02,220,4,9,Sitka City and Borough        ,1,1,205113,0,0,0,0,0,0,0,0,0,0,0,0,0,0,0,0,0,0,0,0,0
202010,02,230,4,9,Skagway Municipality          ,0,0,0,0,0,0,0,0,0,0,0,0,0,0,0,0,0,0,0,0,0,0,0,0
202010,02,261,4,9,Valdez-Cordova Census Area    ,2,2,525500,0,0,0,0,0,0,0,0,0,2,2,525500,0,0,0,0,0,0,0,0,0
202010,02,275,4,9,Wrangell City and Borough     ,0,0,0,0,0,0,0,0,0,0,0,0,0,0,0,0,0,0,0,0,0,0,0,0
202010,02,282,4,9,Yakutat City and Borough      ,1,1,166923,0,0,0,0,0,0,0,0,0,0,0,0,0,0,0,0,0,0,0,0,0
202010,02,290,4,9,Yukon-Koyukuk Census Area     ,0,0,0,0,0,0,0,0,0,0,0,0,0,0,0,0,0,0,0,0,0,0,0,0
202010,04,013,4,8,Maricopa County               ,2572,2572,708117397,43,86,15139070,6,18,3627612,23,1061,132236574,2480,2480,667841388,42,84,14605288,5,15,2931366,21,942,112604443
202010,04,019,4,8,Pima County                   ,393,393,119226214,3,6,711152,0,0,0,4,48,7211789,286,286,91913838,0,0,0,0,0,0,0,0,0
202010,04,021,4,8,Pinal County                  ,599,599,131713413,0,0,0,0,0,0,0,0,0,538,538,117404963,0,0,0,0,0,0,0,0,0
202010,05,013,3,7,Calhoun County                ,0,0,0,0,0,0,0,0,0,0,0,0,0,0,0,0,0,0,0,0,0,0,0,0
202010,05,035,3,7,Crittenden County             ,5,5,1417000,0,0,0,0,0,0,0,0,0,5,5,1417000,0,0,0,0,0,0,0,0,0
202010,05,043,3,7,Drew County                   ,0,0,0,0,0,0,0,0,0,0,0,0,0,0,0,0,0,0,0,0,0,0,0,0
202010,05,045,3,7,Faulkner County               ,26,26,6141266,1,2,151668,0,0,0,1,5,136790,1,1,310579,0,0,0,0,0,0,0,0,0
202010,05,053,3,7,Grant County                  ,3,3,503793,0,0,0,0,0,0,0,0,0,0,0,0,0,0,0,0,0,0,0,0,0
202010,05,085,3,7,Lonoke County                 ,42,42,5892448,0,0,0,0,0,0,0,0,0,15,15,3558160,0,0,0,0,0,0,0,0,0
202010,05,087,3,7,Madison County                ,23,23,3343360,0,0,0,0,0,0,0,0,0,23,23,3343360,0,0,0,0,0,0,0,0,0
202010,05,091,3,7,Miller County                 ,3,3,648000,0,0,0,0,0,0,0,0,0,3,3,648000,0,0,0,0,0,0,0,0,0
202010,05,105,3,7,Perry County                  ,0,0,0,0,0,0,0,0,0,0,0,0,0,0,0,0,0,0,0,0,0,0,0,0
202010,05,119,3,7,Pulaski County                ,86,86,21287351,0,0,0,0,0,0,2,48,2000000,86,86,21287351,0,0,0,0,0,0,2,48,2000000
202010,05,129,3,7,Searcy County                 ,0,0,0,0,0,0,0,0,0,0,0,0,0,0,0,0,0,0,0,0,0,0,0,0
202010,05,143,3,7,Washington County             ,127,127,34587752,14,28,5230309,1,3,421854,14,158,16966303,35,35,8910802,10,20,3226000,0,0,0,12,72,9864000
202010,06,001,4,9,Alameda County                ,162,162,48792244,2,4,731259,2,8,1635183,8,66,13522517,114,114,33748633,1,2,653185,1,4,492902,5,43,8332899
202010,06,013,4,9,Contra Costa County           ,222,222,61207503,0,0,0,0,0,0,7,62,11092079,184,184,49288567,0,0,0,0,0,0,3,19,4154268
202010,06,017,4,9,El Dorado County              ,94,94,34386147,0,0,0,0,0,0,0,0,0,94,94,34386147,0,0,0,0,0,0,0,0,0
202010,06,019,4,9,Fresno County                 ,251,251,81546080,3,6,1040733,0,0,0,5,27,3375236,93,93,31193990,0,0,0,0,0,0,0,0,0
202010,06,037,4,9,Los Angeles County            ,704,704,182969285,52,104,19863342,10,35,6930893,25,536,139515186,589,589,136635455,49,98,18731134,6,21,4413750,19,492,133470663
202010,06,041,4,9,Marin County                  ,13,13,7497578,1,2,1531250,0,0,0,0,0,0,7,7,2737000,0,0,0,0,0,0,0,0,0
202010,06,059,4,9,Orange County                 ,307,307,93557979,12,24,7843613,10,34,7787921,8,148,24093326,257,257,68883066,9,18,5843577,9,31,7126353,4,35,7200018
202010,06,061,4,9,Placer County                 ,240,240,83213324,1,2,317520,0,0,0,0,0,0,238,238,82829320,1,2,317520,0,0,0,0,0,0
202010,06,063,4,9,Plumas County                 ,2,2,483753,0,0,0,0,0,0,0,0,0,2,2,483753,0,0,0,0,0,0,0,0,0
202010,06,067,4,9,Sacramento County             ,344,344,92885344,0,0,0,0,0,0,3,63,20199996,342,342,92421506,0,0,0,0,0,0,3,63,20199996
202010,06,069,4,9,San Benito County             ,47,47,13947905,0,0,0,0,0,0,0,0,0,38,38,9844440,0,0,0,0,0,0,0,0,0
202010,06,071,4,9,San Bernardino County         ,431,431,112186465,0,0,0,17,67,11736700,8,61,9168332,411,411,107280536,0,0,0,17,67,11736700,7,56,8892470
202010,06,073,4,9,San Diego County              ,257,257,75351601,4,8,1392859,11,36,7851287,22,597,70705945,256,256,75249478,4,8,1392859,11,36,7851287,21,588,69742210
202010,06,075,4,9,San Francisco County          ,4,4,1110733,1,2,525000,0,0,0,1,39,12800000,4,4,1110733,1,2,525000,0,0,0,1,39,12800000
202010,06,081,4,9,San Mateo County              ,49,49,22309561,0,0,0,0,0,0,3,36,13467760,35,35,13406845,0,0,0,0,0,0,1,22,10252419
202010,06,085,4,9,Santa Clara County            ,160,160,64298038,1,2,592814,1,3,744539,6,203,54530248,82,82,33496788,0,0,0,0,0,0,3,144,42753479
202010,06,091,4,9,Sierra County                 ,0,0,0,0,0,0,0,0,0,0,0,0,0,0,0,0,0,0,0,0,0,0,0,0
202010,06,113,4,9,Yolo County                   ,83,83,29339899,1,2,482800,0,0,0,0,0,0,80,80,28321109,0,0,0,0,0,0,0,0,0
202010,08,001,4,8,Adams County                  ,240,240,70105180,0,0,0,0,0,0,6,261,34442320,194,194,56740214,0,0,0,0,0,0,6,261,34442320
202010,08,005,4,8,Arapahoe County               ,345,345,88532684,0,0,0,0,0,0,3,156,19401181,335,335,85642015,0,0,0,0,0,0,2,151,18574020
202010,08,014,4,8,Broomfield County             ,16,16,7248115,9,18,4790368,0,0,0,0,0,0,16,16,7248115,9,18,4790368,0,0,0,0,0,0
202010,08,015,4,8,Chaffee County                ,17,17,4386128,0,0,0,1,3,549700,0,0,0,0,0,0,0,0,0,0,0,0,0,0,0
202010,08,019,4,8,Clear Creek County            ,2,2,570582,0,0,0,0,0,0,0,0,0,0,0,0,0,0,0,0,0,0,0,0,0
202010,08,031,4,8,Denver County                 ,74,74,20548565,0,0,0,0,0,0,6,580,72314562,74,74,20548565,0,0,0,0,0,0,6,580,72314562
202010,08,035,4,8,Douglas County                ,302,302,91953561,7,14,2983610,2,8,1227188,2,53,9663702,297,297,90033193,7,14,2983610,2,8,1227188,2,53,9663702
202010,08,039,4,8,Elbert County                 ,25,25,7643824,0,0,0,0,0,0,0,0,0,24,24,7501491,0,0,0,0,0,0,0,0,0
202010,08,041,4,8,El Paso County                ,487,487,178571931,81,162,15766809,0,0,0,2,215,40459500,487,487,178571931,81,162,15766809,0,0,0,2,215,40459500
202010,08,047,4,8,Gilpin County                 ,0,0,0,0,0,0,0,0,0,0,0,0,0,0,0,0,0,0,0,0,0,0,0,0
202010,08,059,4,8,Jefferson County              ,87,87,25078341,0,0,0,0,0,0,0,0,0,86,86,24692627,0,0,0,0,0,0,0,0,0
202010,08,069,4,8,Larimer County                ,194,194,59418426,0,0,0,0,0,0,2,32,3568674,194,194,59418426,0,0,0,0,0,0,2,32,3568674
202010,08,077,4,8,Mesa County                   ,74,74,12548258,5,10,1200897,0,0,0,0,0,0,74,74,12548258,5,10,1200897,0,0,0,0,0,0
202010,08,093,4,8,Park County                   ,17,17,3001564,0,0,0,0,0,0,0,0,0,17,17,3001564,0,0,0,0,0,0,0,0,0
202010,08,101,4,8,Pueblo County                 ,50,50,8847154,0,0,0,0,0,0,0,0,0,50,50,8847154,0,0,0,0,0,0,0,0,0
202010,08,119,4,8,Teller County                 ,12,12,3038845,0,0,0,0,0,0,0,0,0,1,1,150000,0,0,0,0,0,0,0,0,0
202010,09,001,1,1,Fairfield County              ,63,63,42970598,2,4,745562,0,0,0,8,138,14822712,32,32,19027395,1,2,594000,0,0,0,6,121,11303000
202010,09,003,1,1,Hartford County               ,56,56,12904305,4,8,679400,2,8,1161800,2,11,805773,33,33,9300772,3,6,479400,2,8,1161800,0,0,0
202010,09,007,1,1,Middlesex County              ,12,12,2464023,0,0,0,0,0,0,1,20,2038000,10,10,2010230,0,0,0,0,0,0,1,20,2038000
202010,09,013,1,1,Tolland County                ,6,6,1454066,1,2,220000,0,0,0,1,6,736380,0,0,0,0,0,0,0,0,0,0,0,0
202010,10,001,3,5,Kent County                   ,178,178,25231879,5,10,934428,0,0,0,2,11,1058391,173,173,24352379,5,10,934428,0,0,0,1,6,719144
202010,10,003,3,5,New Castle County             ,141,141,14070309,0,0,0,0,0,0,4,96,3321720,24,24,2433376,0,0,0,0,0,0,4,96,3321720
202010,10,005,3,5,Sussex County                 ,493,493,71093930,12,24,1745606,4,16,1553532,0,0,0,493,493,71093930,12,24,1745606,4,16,1553532,0,0,0
202010,11,001,3,5,Washington  DC                ,17,17,3963193,0,0,0,0,0,0,6,984,117939680,17,17,3963193,0,0,0,0,0,0,6,984,117939680
202010,12,003,3,5,Baker County                  ,6,6,1039959,0,0,0,0,0,0,0,0,0,6,6,1039959,0,0,0,0,0,0,0,0,0
202010,12,019,3,5,Clay County                   ,116,116,25841048,0,0,0,0,0,0,8,281,24464524,115,115,25683270,0,0,0,0,0,0,8,281,24464524
202010,12,029,3,5,Dixie County                  ,3,3,378970,0,0,0,0,0,0,0,0,0,0,0,0,0,0,0,0,0,0,0,0,0
202010,12,031,3,5,Duval County                  ,486,486,114525322,0,0,0,0,0,0,15,562,67359858,477,477,111612367,0,0,0,0,0,0,15,562,67359858
202010,12,033,3,5,Escambia County               ,137,137,31938673,2,4,143200,0,0,0,0,0,0,137,137,31938673,2,4,143200,0,0,0,0,0,0
202010,12,053,3,5,Hernando County               ,103,103,25269846,2,4,200000,0,0,0,0,0,0,103,103,25269846,2,4,200000,0,0,0,0,0,0
202010,12,057,3,5,Hillsborough County           ,761,761,266421321,7,14,1224143,0,0,0,10,481,51815685,757,757,265999786,7,14,1224143,0,0,0,10,481,51815685
202010,12,067,3,5,Lafayette County              ,1,1,233105,0,0,0,0,0,0,0,0,0,0,0,0,0,0,0,0,0,0,0,0,0
202010,12,071,3,5,Lee County                    ,679,679,141855994,26,52,5683790,1,4,1314331,1,6,751960,679,679,141855994,26,52,5683790,1,4,1314331,1,6,751960
202010,12,073,3,5,Leon County                   ,76,76,15015556,1,2,221600,0,0,0,3,79,10149898,0,0,0,0,0,0,0,0,0,0,0,0
202010,12,081,3,5,Manatee County                ,378,378,83893435,0,0,0,1,4,479020,2,42,1940852,378,378,83893435,0,0,0,1,4,479020,2,42,1940852
202010,12,086,3,5,Miami-Dade County             ,186,186,52335662,6,12,3554310,0,0,0,10,587,74948406,155,155,39533138,6,12,3554310,0,0,0,10,587,74948406
202010,12,089,3,5,Nassau County                 ,177,177,51083697,0,0,0,0,0,0,0,0,0,158,158,46840813,0,0,0,0,0,0,0,0,0
202010,12,091,3,5,Okaloosa County               ,86,86,33541643,0,0,0,1,3,375000,0,0,0,79,79,30276370,0,0,0,0,0,0,0,0,0
202010,12,095,3,5,Orange County                 ,434,434,117054819,5,10,2007013,0,0,0,4,178,20843000,385,385,100049522,5,10,2007013,0,0,0,4,178,20843000
202010,12,097,3,5,Osceola County                ,552,552,118534627,0,0,0,4,16,1357264,4,317,28348824,552,552,118534627,0,0,0,4,16,1357264,4,317,28348824
202010,12,101,3,5,Pasco County                  ,598,598,124615818,1,2,280000,0,0,0,1,22,204919,591,591,123645514,0,0,0,0,0,0,1,22,204919
202010,12,103,3,5,Pinellas County               ,95,95,27898659,4,8,1101421,0,0,0,1,5,2280000,71,71,18737776,3,6,716088,0,0,0,0,0,0
202010,12,109,3,5,St. Johns County              ,511,511,129868681,0,0,0,1,4,912842,0,0,0,511,511,129868681,0,0,0,1,4,912842,0,0,0
202010,12,113,3,5,Santa Rosa County             ,215,215,50122735,0,0,0,0,0,0,0,0,0,215,215,50122735,0,0,0,0,0,0,0,0,0
202010,12,115,3,5,Sarasota County               ,475,475,160230794,1,2,448455,3,12,3263043,0,0,0,475,475,160230794,1,2,448455,3,12,3263043,0,0,0
202010,12,117,3,5,Seminole County               ,132,132,46302318,0,0,0,0,0,0,6,112,13118583,124,124,44658857,0,0,0,0,0,0,4,84,10502252
202010,12,119,3,5,Sumter County                 ,279,279,74358343,0,0,0,0,0,0,2,198,21333333,278,278,74166059,0,0,0,0,0,0,2,198,21333333
202010,12,129,3,5,Wakulla County                ,47,47,8173000,0,0,0,0,0,0,0,0,0,47,47,8173000,0,0,0,0,0,0,0,0,0
202010,12,131,3,5,Walton County                 ,132,132,53168455,0,0,0,0,0,0,1,7,1452720,132,132,53168455,0,0,0,0,0,0,1,7,1452720
202010,12,133,3,5,Washington County             ,7,7,1034098,0,0,0,0,0,0,0,0,0,0,0,0,0,0,0,0,0,0,0,0,0
202010,13,007,3,5,Baker County                  ,0,0,0,0,0,0,0,0,0,0,0,0,0,0,0,0,0,0,0,0,0,0,0,0
202010,13,013,3,5,Barrow County                 ,71,71,9797300,0,0,0,0,0,0,0,0,0,53,53,7137815,0,0,0,0,0,0,0,0,0
202010,13,015,3,5,Bartow County                 ,85,85,12938455,0,0,0,0,0,0,0,0,0,84,84,12541089,0,0,0,0,0,0,0,0,0
202010,13,021,3,5,Bibb County                   ,15,15,2652140,0,0,0,0,0,0,0,0,0,0,0,0,0,0,0,0,0,0,0,0,0
202010,13,029,3,5,Bryan County                  ,55,55,16715872,0,0,0,1,4,240000,0,0,0,55,55,16715872,0,0,0,1,4,240000,0,0,0
202010,13,033,3,5,Burke County                  ,7,7,1323577,0,0,0,0,0,0,0,0,0,0,0,0,0,0,0,0,0,0,0,0,0
202010,13,035,3,5,Butts County                  ,6,6,2322500,0,0,0,0,0,0,0,0,0,6,6,2322500,0,0,0,0,0,0,0,0,0
202010,13,045,3,5,Carroll County                ,88,88,23672954,0,0,0,0,0,0,0,0,0,88,88,23672954,0,0,0,0,0,0,0,0,0
202010,13,051,3,5,Chatham County                ,110,110,30692157,0,0,0,0,0,0,0,0,0,54,54,17800277,0,0,0,0,0,0,0,0,0
202010,13,057,3,5,Cherokee County               ,270,270,77326727,0,0,0,0,0,0,0,0,0,270,270,77326727,0,0,0,0,0,0,0,0,0
202010,13,059,3,5,Clarke County                 ,13,13,3645055,0,0,0,0,0,0,0,0,0,13,13,3645055,0,0,0,0,0,0,0,0,0
202010,13,063,3,5,Clayton County                ,129,129,33954334,0,0,0,0,0,0,1,5,317891,106,106,31035231,0,0,0,0,0,0,0,0,0
202010,13,067,3,5,Cobb County                   ,164,164,46180365,0,0,0,2,7,1267532,5,27,4912703,157,157,44650237,0,0,0,2,7,1267532,5,27,4912703
202010,13,073,3,5,Columbia County               ,113,113,21475078,0,0,0,3,10,851448,0,0,0,13,13,2040634,0,0,0,3,10,851448,0,0,0
202010,13,077,3,5,Coweta County                 ,84,84,29711003,0,0,0,0,0,0,0,0,0,77,77,27708116,0,0,0,0,0,0,0,0,0
202010,13,085,3,5,Dawson County                 ,13,13,4499720,0,0,0,0,0,0,0,0,0,13,13,4499720,0,0,0,0,0,0,0,0,0
202010,13,095,3,5,Dougherty County              ,2,2,410153,0,0,0,0,0,0,1,13,1940507,0,0,0,0,0,0,0,0,0,0,0,0
202010,13,097,3,5,Douglas County                ,37,37,4699908,0,0,0,0,0,0,7,240,38273340,37,37,4699908,0,0,0,0,0,0,7,240,38273340
202010,13,111,3,5,Fannin County                 ,39,39,8153956,0,0,0,0,0,0,0,0,0,39,39,8153956,0,0,0,0,0,0,0,0,0
202010,13,113,3,5,Fayette County                ,46,46,16469459,0,0,0,1,3,908970,0,0,0,38,38,13397537,0,0,0,1,3,908970,0,0,0
202010,13,115,3,5,Floyd County                  ,33,33,4346673,0,0,0,0,0,0,0,0,0,33,33,4346673,0,0,0,0,0,0,0,0,0
202010,13,117,3,5,Forsyth County                ,333,333,54244810,0,0,0,0,0,0,0,0,0,333,333,54244810,0,0,0,0,0,0,0,0,0
202010,13,121,3,5,Fulton County                 ,275,275,71730647,0,0,0,0,0,0,0,0,0,214,214,62708905,0,0,0,0,0,0,0,0,0
202010,13,127,3,5,Glynn County                  ,42,42,13519820,1,2,277000,0,0,0,0,0,0,0,0,0,0,0,0,0,0,0,0,0,0
202010,13,135,3,5,Gwinnett County               ,393,393,92880954,0,0,0,2,8,880879,2,34,5034276,377,377,88376865,0,0,0,2,8,880879,0,0,0
202010,13,143,3,5,Haralson County               ,5,5,1144530,0,0,0,0,0,0,0,0,0,0,0,0,0,0,0,0,0,0,0,0,0
202010,13,145,3,5,Harris County                 ,12,12,2810015,0,0,0,0,0,0,0,0,0,12,12,2810015,0,0,0,0,0,0,0,0,0
202010,13,149,3,5,Heard County                  ,4,4,750000,0,0,0,0,0,0,0,0,0,4,4,750000,0,0,0,0,0,0,0,0,0
202010,13,151,3,5,Henry County                  ,209,209,48123225,0,0,0,0,0,0,0,0,0,159,159,40476583,0,0,0,0,0,0,0,0,0
202010,13,159,3,5,Jasper County                 ,9,9,1205766,0,0,0,0,0,0,0,0,0,0,0,0,0,0,0,0,0,0,0,0,0
202010,13,171,3,5,Lamar County                  ,11,11,1909900,0,0,0,0,0,0,0,0,0,11,11,1909900,0,0,0,0,0,0,0,0,0
202010,13,177,3,5,Lee County                    ,16,16,1984000,0,0,0,0,0,0,0,0,0,16,16,1984000,0,0,0,0,0,0,0,0,0
202010,13,179,3,5,Liberty County                ,30,30,5916020,0,0,0,0,0,0,0,0,0,30,30,5916020,0,0,0,0,0,0,0,0,0
202010,13,189,3,5,McDuffie County               ,10,10,2026000,0,0,0,0,0,0,0,0,0,10,10,2026000,0,0,0,0,0,0,0,0,0
202010,13,199,3,5,Meriwether County             ,11,11,2356369,0,0,0,0,0,0,0,0,0,11,11,2356369,0,0,0,0,0,0,0,0,0
202010,13,201,3,5,Miller County                 ,1,1,350000,0,0,0,0,0,0,0,0,0,1,1,350000,0,0,0,0,0,0,0,0,0
202010,13,207,3,5,Monroe County                 ,18,18,2562014,0,0,0,0,0,0,0,0,0,0,0,0,0,0,0,0,0,0,0,0,0
202010,13,215,3,5,Muscogee County               ,33,33,6225017,0,0,0,0,0,0,1,25,3548571,0,0,0,0,0,0,0,0,0,0,0,0
202010,13,217,3,5,Newton County                 ,131,131,25957605,0,0,0,0,0,0,0,0,0,131,131,25957605,0,0,0,0,0,0,0,0,0
202010,13,227,3,5,Pickens County                ,29,29,6617257,0,0,0,0,0,0,0,0,0,28,28,6379800,0,0,0,0,0,0,0,0,0
202010,13,231,3,5,Pike County                   ,8,8,1865032,0,0,0,0,0,0,0,0,0,8,8,1865032,0,0,0,0,0,0,0,0,0
202010,13,235,3,5,Pulaski County                ,1,1,209076,0,0,0,0,0,0,0,0,0,1,1,209076,0,0,0,0,0,0,0,0,0
202010,13,245,3,5,Richmond County               ,40,40,6302072,0,0,0,0,0,0,1,5,287197,1,1,129000,0,0,0,0,0,0,0,0,0
202010,13,247,3,5,Rockdale County               ,27,27,6792796,0,0,0,0,0,0,0,0,0,27,27,6792796,0,0,0,0,0,0,0,0,0
202010,13,255,3,5,Spalding County               ,23,23,4717687,0,0,0,0,0,0,0,0,0,23,23,4717687,0,0,0,0,0,0,0,0,0
202010,13,275,3,5,Thomas County                 ,10,10,1828356,0,0,0,0,0,0,0,0,0,10,10,1828356,0,0,0,0,0,0,0,0,0
202010,13,291,3,5,Union County                  ,21,21,6703782,0,0,0,0,0,0,0,0,0,21,21,6703782,0,0,0,0,0,0,0,0,0
202010,15,001,4,9,Hawaii County                 ,157,157,45651930,0,0,0,0,0,0,0,0,0,157,157,45651930,0,0,0,0,0,0,0,0,0
202010,15,003,4,9,Honolulu County               ,98,98,40200908,0,0,0,1,3,1948873,3,82,15356769,0,0,0,0,0,0,0,0,0,0,0,0
202010,15,007,4,9,Kauai County                  ,10,10,4438180,0,0,0,0,0,0,0,0,0,10,10,4438180,0,0,0,0,0,0,0,0,0
202010,15,009,4,9,Maui County                   ,21,21,6480375,1,2,427000,0,0,0,0,0,0,21,21,6480375,1,2,427000,0,0,0,0,0,0
202010,16,001,4,8,Ada County                    ,419,419,128595750,9,18,3815949,0,0,0,1,12,1350000,414,414,128116803,9,18,3815949,0,0,0,1,12,1350000
202010,16,015,4,8,Boise County                  ,8,8,1966638,0,0,0,0,0,0,0,0,0,8,8,1966638,0,0,0,0,0,0,0,0,0
202010,16,027,4,8,Canyon County                 ,332,332,50711108,1,2,123710,3,11,790446,2,35,2869059,192,192,29520035,0,0,0,1,4,270000,0,0,0
202010,16,045,4,8,Gem County                    ,12,12,2856362,0,0,0,0,0,0,0,0,0,12,12,2856362,0,0,0,0,0,0,0,0,0
202010,16,073,4,8,Owyhee County                 ,2,2,414595,0,0,0,0,0,0,0,0,0,0,0,0,0,0,0,0,0,0,0,0,0
202010,17,005,2,3,Bond County                   ,1,1,176208,0,0,0,0,0,0,0,0,0,0,0,0,0,0,0,0,0,0,0,0,0
202010,17,013,2,3,Calhoun County                ,0,0,0,0,0,0,0,0,0,0,0,0,0,0,0,0,0,0,0,0,0,0,0,0
202010,17,031,2,3,Cook County                   ,96,96,40692368,5,10,1852630,6,18,4468400,19,358,47147597,66,66,29195292,4,8,1451130,6,18,4468400,19,358,47147597
202010,17,037,2,3,DeKalb County                 ,1,1,375000,0,0,0,0,0,0,0,0,0,1,1,375000,0,0,0,0,0,0,0,0,0
202010,17,039,2,3,De Witt County                ,1,1,270000,0,0,0,0,0,0,0,0,0,1,1,270000,0,0,0,0,0,0,0,0,0
202010,17,043,2,3,DuPage County                 ,93,93,34206488,0,0,0,0,0,0,1,9,1559354,80,80,28966649,0,0,0,0,0,0,0,0,0
202010,17,063,2,3,Grundy County                 ,7,7,1714307,0,0,0,0,0,0,3,15,769230,6,6,1553758,0,0,0,0,0,0,0,0,0
202010,17,083,2,3,Jersey County                 ,7,7,1978361,0,0,0,0,0,0,0,0,0,0,0,0,0,0,0,0,0,0,0,0,0
202010,17,093,2,3,Kendall County                ,74,74,10705498,0,0,0,0,0,0,0,0,0,63,63,8774539,0,0,0,0,0,0,0,0,0
202010,17,097,2,3,Lake County                   ,62,62,23260136,1,2,393914,0,0,0,3,94,16029110,31,31,11702306,0,0,0,0,0,0,2,89,15000000
202010,17,111,2,3,McHenry County                ,60,60,11039928,0,0,0,0,0,0,0,0,0,53,53,9491126,0,0,0,0,0,0,0,0,0
202010,17,119,2,3,Madison County                ,39,39,12251881,0,0,0,0,0,0,0,0,0,34,34,10980187,0,0,0,0,0,0,0,0,0
202010,17,133,2,3,Monroe County                 ,16,16,5072955,0,0,0,0,0,0,0,0,0,16,16,5072955,0,0,0,0,0,0,0,0,0
202010,17,197,2,3,Will County                   ,142,142,34604512,1,2,460000,0,0,0,0,0,0,133,133,32651366,1,2,460000,0,0,0,0,0,0
202010,18,003,2,3,Allen County                  ,141,141,39259956,65,130,7391932,0,0,0,0,0,0,141,141,39259956,65,130,7391932,0,0,0,0,0,0
202010,18,011,2,3,Boone County                  ,57,57,28332697,0,0,0,0,0,0,0,0,0,57,57,28332697,0,0,0,0,0,0,0,0,0
202010,18,013,2,3,Brown County                  ,9,9,2505955,0,0,0,0,0,0,0,0,0,9,9,2505955,0,0,0,0,0,0,0,0,0
202010,18,019,2,3,Clark County                  ,99,99,16436269,3,6,570000,0,0,0,16,384,46478113,82,82,12974102,3,6,570000,0,0,0,16,384,46478113
202010,18,047,2,3,Franklin County               ,4,4,1222000,0,0,0,0,0,0,0,0,0,4,4,1222000,0,0,0,0,0,0,0,0,0
202010,18,057,2,3,Hamilton County               ,275,275,79613117,3,6,814514,0,0,0,0,0,0,269,269,77880932,3,6,814514,0,0,0,0,0,0
202010,18,059,2,3,Hancock County                ,113,113,29336017,0,0,0,0,0,0,0,0,0,113,113,29336017,0,0,0,0,0,0,0,0,0
202010,18,061,2,3,Harrison County               ,8,8,1986431,0,0,0,0,0,0,0,0,0,8,8,1986431,0,0,0,0,0,0,0,0,0
202010,18,063,2,3,Hendricks County              ,115,115,31333434,0,0,0,0,0,0,0,0,0,82,82,22542703,0,0,0,0,0,0,0,0,0
202010,18,069,2,3,Huntington County             ,9,9,2533019,0,0,0,0,0,0,0,0,0,9,9,2533019,0,0,0,0,0,0,0,0,0
202010,18,073,2,3,Jasper County                 ,12,12,3234955,0,0,0,0,0,0,0,0,0,12,12,3234955,0,0,0,0,0,0,0,0,0
202010,18,081,2,3,Johnson County                ,86,86,31947348,2,4,934600,0,0,0,0,0,0,54,54,23869580,1,2,504000,0,0,0,0,0,0
202010,18,087,2,3,Lagrange County               ,12,12,3483000,0,0,0,0,0,0,0,0,0,12,12,3483000,0,0,0,0,0,0,0,0,0
202010,18,089,2,3,Lake County                   ,159,159,45152833,1,2,490691,1,4,450000,0,0,0,156,156,44409281,1,2,490691,1,4,450000,0,0,0
202010,18,097,2,3,Marion County                 ,94,94,25413810,2,4,601415,2,8,1428000,2,11,1253333,94,94,25413810,2,4,601415,2,8,1428000,1,6,1150000
202010,18,105,2,3,Monroe County                 ,27,27,7517864,1,2,300708,0,0,0,0,0,0,27,27,7517864,1,2,300708,0,0,0,0,0,0
202010,18,109,2,3,Morgan County                 ,49,49,8255005,0,0,0,0,0,0,0,0,0,49,49,8255005,0,0,0,0,0,0,0,0,0
202010,18,111,2,3,Newton County                 ,3,3,685000,0,0,0,0,0,0,0,0,0,3,3,685000,0,0,0,0,0,0,0,0,0
202010,18,115,2,3,Ohio County                   ,1,1,300000,0,0,0,0,0,0,0,0,0,1,1,300000,0,0,0,0,0,0,0,0,0
202010,18,119,2,3,Owen County                   ,4,4,1069895,0,0,0,0,0,0,0,0,0,0,0,0,0,0,0,0,0,0,0,0,0
202010,18,127,2,3,Porter County                 ,62,62,19291850,3,6,693894,0,0,0,0,0,0,48,48,17280253,3,6,693894,0,0,0,0,0,0
202010,18,133,2,3,Putnam County                 ,10,10,3657928,0,0,0,0,0,0,0,0,0,9,9,3280261,0,0,0,0,0,0,0,0,0
202010,18,145,2,3,Shelby County                 ,8,8,1530164,0,0,0,0,0,0,0,0,0,4,4,875000,0,0,0,0,0,0,0,0,0
202010,18,151,2,3,Steuben County                ,15,15,5423370,0,0,0,0,0,0,0,0,0,15,15,5423370,0,0,0,0,0,0,0,0,0
202010,18,157,2,3,Tippecanoe County             ,69,69,18935870,0,0,0,0,0,0,7,175,19774812,63,63,18123503,0,0,0,0,0,0,4,142,17435862
202010,18,163,2,3,Vanderburgh County            ,47,47,8534860,1,2,246806,0,0,0,0,0,0,30,30,5280952,0,0,0,0,0,0,0,0,0
202010,18,167,2,3,Vigo County                   ,2,2,443619,6,12,1528755,0,0,0,0,0,0,0,0,0,5,10,1320630,0,0,0,0,0,0
202010,18,175,2,3,Washington County             ,7,7,1138408,0,0,0,0,0,0,0,0,0,5,5,621000,0,0,0,0,0,0,0,0,0
202010,18,183,2,3,Whitley County                ,8,8,2113750,0,0,0,0,0,0,0,0,0,8,8,2113750,0,0,0,0,0,0,0,0,0
202010,19,049,2,4,Dallas County                 ,60,60,16795982,0,0,0,0,0,0,1,5,460526,57,57,15839747,0,0,0,0,0,0,0,0,0
202010,19,085,2,4,Harrison County               ,5,5,1324364,0,0,0,0,0,0,0,0,0,4,4,1100000,0,0,0,0,0,0,0,0,0
202010,19,129,2,4,Mills County                  ,0,0,0,0,0,0,0,0,0,0,0,0,0,0,0,0,0,0,0,0,0,0,0,0
202010,19,153,2,4,Polk County                   ,358,358,101234146,0,0,0,1,4,870180,5,107,10123935,347,347,97783811,0,0,0,1,4,870180,4,93,8669491
202010,19,181,2,4,Warren County                 ,44,44,12288363,0,0,0,0,0,0,0,0,0,33,33,8456206,0,0,0,0,0,0,0,0,0
202010,20,061,2,4,Geary County                  ,1,1,260128,0,0,0,0,0,0,0,0,0,0,0,0,0,0,0,0,0,0,0,0,0
202010,20,091,2,4,Johnson County                ,217,217,73738353,1,2,657500,0,0,0,0,0,0,207,207,67775108,1,2,657500,0,0,0,0,0,0
202010,20,103,2,4,Leavenworth County            ,21,21,4542946,4,8,1029072,0,0,0,0,0,0,20,20,4271550,4,8,1029072,0,0,0,0,0,0
202010,20,107,2,4,Linn County                   ,10,10,1385000,0,0,0,0,0,0,0,0,0,10,10,1385000,0,0,0,0,0,0,0,0,0
202010,20,121,2,4,Miami County                  ,7,7,2447429,0,0,0,0,0,0,0,0,0,0,0,0,0,0,0,0,0,0,0,0,0
202010,20,209,2,4,Wyandotte County              ,20,20,3732468,1,2,193738,0,0,0,0,0,0,0,0,0,0,0,0,0,0,0,0,0,0
202010,21,005,3,6,Anderson County               ,7,7,1580927,0,0,0,0,0,0,0,0,0,7,7,1580927,0,0,0,0,0,0,0,0,0
202010,21,015,3,6,Boone County                  ,50,50,9370150,0,0,0,0,0,0,0,0,0,50,50,9370150,0,0,0,0,0,0,0,0,0
202010,21,017,3,6,Bourbon County                ,3,3,366000,0,0,0,0,0,0,0,0,0,3,3,366000,0,0,0,0,0,0,0,0,0
202010,21,021,3,6,Boyle County                  ,2,2,376616,2,4,365852,0,0,0,0,0,0,0,0,0,0,0,0,0,0,0,0,0,0
202010,21,029,3,6,Bullitt County                ,38,38,11126148,1,2,320000,0,0,0,0,0,0,38,38,11126148,1,2,320000,0,0,0,0,0,0
202010,21,035,3,6,Calloway County               ,1,1,241000,2,4,440000,0,0,0,0,0,0,1,1,241000,2,4,440000,0,0,0,0,0,0
202010,21,037,3,6,Campbell County               ,22,22,7066210,0,0,0,0,0,0,0,0,0,3,3,1050000,0,0,0,0,0,0,0,0,0
202010,21,045,3,6,Casey County                  ,0,0,0,0,0,0,0,0,0,0,0,0,0,0,0,0,0,0,0,0,0,0,0,0
202010,21,047,3,6,Christian County              ,4,4,293600,0,0,0,0,0,0,0,0,0,1,1,80000,0,0,0,0,0,0,0,0,0
202010,21,049,3,6,Clark County                  ,6,6,1399041,0,0,0,0,0,0,1,5,346250,0,0,0,0,0,0,0,0,0,0,0,0
202010,21,059,3,6,Daviess County                ,26,26,2451187,0,0,0,0,0,0,0,0,0,26,26,2451187,0,0,0,0,0,0,0,0,0
202010,21,067,3,6,Fayette County                ,64,64,14410954,0,0,0,0,0,0,1,50,5439329,0,0,0,0,0,0,0,0,0,0,0,0
202010,21,069,3,6,Fleming County                ,0,0,0,0,0,0,0,0,0,0,0,0,0,0,0,0,0,0,0,0,0,0,0,0
202010,21,077,3,6,Gallatin County               ,2,2,412275,0,0,0,0,0,0,0,0,0,0,0,0,0,0,0,0,0,0,0,0,0
202010,21,081,3,6,Grant County                  ,6,6,1112095,0,0,0,0,0,0,0,0,0,0,0,0,0,0,0,0,0,0,0,0,0
202010,21,091,3,6,Hancock County                ,1,1,204898,0,0,0,0,0,0,0,0,0,0,0,0,0,0,0,0,0,0,0,0,0
202010,21,099,3,6,Hart County                   ,1,1,87321,0,0,0,0,0,0,1,5,567738,0,0,0,0,0,0,0,0,0,0,0,0
202010,21,101,3,6,Henderson County              ,3,3,846950,0,0,0,1,4,260000,0,0,0,3,3,846950,0,0,0,1,4,260000,0,0,0
202010,21,103,3,6,Henry County                  ,3,3,627136,0,0,0,0,0,0,0,0,0,0,0,0,0,0,0,0,0,0,0,0,0
202010,21,111,3,6,Jefferson County              ,137,137,30428350,6,12,1650000,0,0,0,0,0,0,137,137,30428350,6,12,1650000,0,0,0,0,0,0
202010,21,113,3,6,Jessamine County              ,20,20,6684164,0,0,0,2,8,1288000,0,0,0,8,8,4873000,0,0,0,1,4,720000,0,0,0
202010,21,115,3,6,Johnson County                ,0,0,0,0,0,0,0,0,0,0,0,0,0,0,0,0,0,0,0,0,0,0,0,0
202010,21,117,3,6,Kenton County                 ,40,40,12474911,0,0,0,0,0,0,0,0,0,40,40,12474911,0,0,0,0,0,0,0,0,0
202010,21,121,3,6,Knox County                   ,0,0,0,0,0,0,0,0,0,0,0,0,0,0,0,0,0,0,0,0,0,0,0,0
202010,21,123,3,6,Larue County                  ,2,2,466258,0,0,0,0,0,0,0,0,0,2,2,466258,0,0,0,0,0,0,0,0,0
202010,21,137,3,6,Lincoln County                ,5,5,444898,0,0,0,0,0,0,0,0,0,0,0,0,0,0,0,0,0,0,0,0,0
202010,21,145,3,6,McCracken County              ,10,10,3109761,0,0,0,0,0,0,0,0,0,10,10,3109761,0,0,0,0,0,0,0,0,0
202010,21,151,3,6,Madison County                ,28,28,2824872,2,4,225992,0,0,0,1,5,168572,13,13,1510000,0,0,0,0,0,0,0,0,0
202010,21,157,3,6,Marshall County               ,3,3,1100000,0,0,0,0,0,0,0,0,0,3,3,1100000,0,0,0,0,0,0,0,0,0
202010,21,161,3,6,Mason County                  ,2,2,300000,0,0,0,0,0,0,0,0,0,2,2,300000,0,0,0,0,0,0,0,0,0
202010,21,163,3,6,Meade County                  ,12,12,2442356,0,0,0,0,0,0,0,0,0,1,1,145000,0,0,0,0,0,0,0,0,0
202010,21,167,3,6,Mercer County                 ,5,5,855326,0,0,0,0,0,0,0,0,0,0,0,0,0,0,0,0,0,0,0,0,0
202010,21,175,3,6,Morgan County                 ,0,0,0,0,0,0,0,0,0,0,0,0,0,0,0,0,0,0,0,0,0,0,0,0
202010,21,179,3,6,Nelson County                 ,18,18,3310000,10,20,1895000,0,0,0,0,0,0,18,18,3310000,10,20,1895000,0,0,0,0,0,0
202010,21,185,3,6,Oldham County                 ,25,25,9149382,0,0,0,0,0,0,1,5,246094,0,0,0,0,0,0,0,0,0,0,0,0
202010,21,191,3,6,Pendleton County              ,0,0,0,0,0,0,0,0,0,0,0,0,0,0,0,0,0,0,0,0,0,0,0,0
202010,21,209,3,6,Scott County                  ,17,17,3854508,5,10,1147000,0,0,0,0,0,0,17,17,3854508,5,10,1147000,0,0,0,0,0,0
202010,21,211,3,6,Shelby County                 ,22,22,6141540,0,0,0,0,0,0,0,0,0,22,22,6141540,0,0,0,0,0,0,0,0,0
202010,21,213,3,6,Simpson County                ,11,11,1861000,0,0,0,0,0,0,0,0,0,11,11,1861000,0,0,0,0,0,0,0,0,0
202010,21,215,3,6,Spencer County                ,9,9,2098161,0,0,0,4,16,3312000,0,0,0,9,9,2098161,0,0,0,4,16,3312000,0,0,0
202010,21,221,3,6,Trigg County                  ,0,0,0,0,0,0,0,0,0,0,0,0,0,0,0,0,0,0,0,0,0,0,0,0
202010,21,239,3,6,Woodford County               ,7,7,2423329,0,0,0,0,0,0,0,0,0,7,7,2423329,0,0,0,0,0,0,0,0,0
202010,22,005,3,7,Ascension Parish              ,96,96,14888616,0,0,0,0,0,0,0,0,0,0,0,0,0,0,0,0,0,0,0,0,0
202010,22,015,3,7,Bossier Parish                ,71,71,13967984,0,0,0,0,0,0,0,0,0,0,0,0,0,0,0,0,0,0,0,0,0
202010,22,017,3,7,Caddo Parish                  ,35,35,7806740,0,0,0,0,0,0,0,0,0,1,1,210000,0,0,0,0,0,0,0,0,0
202010,22,031,3,7,De Soto Parish                ,13,13,3462967,0,0,0,0,0,0,0,0,0,7,7,1631903,0,0,0,0,0,0,0,0,0
202010,22,033,3,7,East Baton Rouge Parish       ,95,95,24547754,0,0,0,0,0,0,0,0,0,94,94,24397070,0,0,0,0,0,0,0,0,0
202010,22,037,3,7,East Feliciana Parish         ,5,5,1045379,0,0,0,0,0,0,0,0,0,5,5,1045379,0,0,0,0,0,0,0,0,0
202010,22,047,3,7,Iberville Parish              ,10,10,2472766,0,0,0,0,0,0,0,0,0,0,0,0,0,0,0,0,0,0,0,0,0
202010,22,051,3,7,Jefferson Parish              ,62,62,13484122,0,0,0,0,0,0,0,0,0,60,60,13147996,0,0,0,0,0,0,0,0,0
202010,22,055,3,7,Lafayette Parish              ,178,178,34273867,0,0,0,0,0,0,0,0,0,177,177,34119601,0,0,0,0,0,0,0,0,0
202010,22,063,3,7,Livingston Parish             ,63,63,13136515,0,0,0,0,0,0,0,0,0,59,59,12335472,0,0,0,0,0,0,0,0,0
202010,22,071,3,7,Orleans Parish                ,62,62,13591015,16,32,3440518,0,0,0,1,29,5396661,0,0,0,0,0,0,0,0,0,0,0,0
202010,22,075,3,7,Plaquemines Parish            ,12,12,3169340,0,0,0,0,0,0,0,0,0,12,12,3169340,0,0,0,0,0,0,0,0,0
202010,22,077,3,7,Pointe Coupee Parish          ,9,9,2825900,0,0,0,0,0,0,0,0,0,9,9,2825900,0,0,0,0,0,0,0,0,0
202010,22,087,3,7,St. Bernard Parish            ,28,28,5104135,7,14,1127018,0,0,0,0,0,0,28,28,5104135,7,14,1127018,0,0,0,0,0,0
202010,22,089,3,7,St. Charles Parish            ,9,9,2360700,0,0,0,0,0,0,0,0,0,9,9,2360700,0,0,0,0,0,0,0,0,0
202010,22,091,3,7,St. Helena Parish             ,4,4,712488,0,0,0,0,0,0,0,0,0,0,0,0,0,0,0,0,0,0,0,0,0
202010,22,095,3,7,St. John the Baptist Parish   ,8,8,1432540,0,0,0,0,0,0,0,0,0,0,0,0,0,0,0,0,0,0,0,0,0
202010,22,099,3,7,St. Martin Parish             ,19,19,3565254,0,0,0,0,0,0,0,0,0,1,1,264621,0,0,0,0,0,0,0,0,0
202010,22,103,3,7,St. Tammany Parish            ,150,150,31888188,1,2,271228,0,0,0,0,0,0,145,145,30082007,0,0,0,0,0,0,0,0,0
202010,22,109,3,7,Terrebonne Parish             ,15,15,4090631,1,2,155556,0,0,0,0,0,0,0,0,0,0,0,0,0,0,0,0,0,0
202010,22,121,3,7,West Baton Rouge Parish       ,25,25,3827608,0,0,0,0,0,0,0,0,0,8,8,1116000,0,0,0,0,0,0,0,0,0
202010,22,125,3,7,West Feliciana Parish         ,5,5,1450472,0,0,0,0,0,0,0,0,0,5,5,1450472,0,0,0,0,0,0,0,0,0
202010,23,000,1,1,Maine Unorganized Territory   ,11,11,1460803,0,0,0,0,0,0,0,0,0,0,0,0,0,0,0,0,0,0,0,0,0
202010,24,003,3,5,Anne Arundel County           ,207,207,36994911,0,0,0,1,3,2600000,1,13,3279487,203,203,36070818,0,0,0,0,0,0,0,0,0
202010,24,005,3,5,Baltimore County              ,89,89,20462700,0,0,0,0,0,0,7,359,47000000,89,89,20462700,0,0,0,0,0,0,7,359,47000000
202010,24,009,3,5,Calvert County                ,31,31,7226999,0,0,0,0,0,0,0,0,0,31,31,7226999,0,0,0,0,0,0,0,0,0
202010,24,013,3,5,Carroll County                ,38,38,8874401,0,0,0,0,0,0,0,0,0,38,38,8874401,0,0,0,0,0,0,0,0,0
202010,24,015,3,5,Cecil County                  ,22,22,4786475,0,0,0,0,0,0,0,0,0,22,22,4786475,0,0,0,0,0,0,0,0,0
202010,24,017,3,5,Charles County                ,37,37,13471172,0,0,0,0,0,0,0,0,0,37,37,13471172,0,0,0,0,0,0,0,0,0
202010,24,021,3,5,Frederick County              ,247,247,66747934,1,2,110000,2,7,915568,4,66,7983366,247,247,66747934,1,2,110000,2,7,915568,4,66,7983366
202010,24,023,3,5,Garrett County                ,19,19,8358881,0,0,0,0,0,0,0,0,0,19,19,8358881,0,0,0,0,0,0,0,0,0
202010,24,025,3,5,Harford County                ,45,45,14221313,0,0,0,0,0,0,0,0,0,45,45,14221313,0,0,0,0,0,0,0,0,0
202010,24,027,3,5,Howard County                 ,54,54,9674994,1,2,700000,0,0,0,0,0,0,54,54,9674994,1,2,700000,0,0,0,0,0,0
202010,24,031,3,5,Montgomery County             ,90,90,17504320,0,0,0,0,0,0,1,5,640625,89,89,17310124,0,0,0,0,0,0,0,0,0
202010,24,033,3,5,Prince George County          ,188,188,44016071,0,0,0,0,0,0,0,0,0,185,185,43128865,0,0,0,0,0,0,0,0,0
202010,24,035,3,5,Queen Anne County             ,36,36,8186386,0,0,0,0,0,0,0,0,0,36,36,8186386,0,0,0,0,0,0,0,0,0
202010,24,037,3,5,St. Marys County              ,73,73,16475199,1,2,325000,0,0,0,1,5,895837,10,10,3321000,0,0,0,0,0,0,0,0,0
202010,24,039,3,5,Somerset County               ,2,2,227368,0,0,0,0,0,0,0,0,0,1,1,109168,0,0,0,0,0,0,0,0,0
202010,24,045,3,5,Wicomico County               ,28,28,5609525,0,0,0,0,0,0,0,0,0,28,28,5609525,0,0,0,0,0,0,0,0,0
202010,24,510,3,5,Baltimore (Independent City)  ,7,7,1593110,0,0,0,0,0,0,1,21,1750000,7,7,1593110,0,0,0,0,0,0,1,21,1750000
202010,25,005,1,1,Bristol County                ,68,68,14399334,2,4,363000,1,3,240000,0,0,0,39,39,8172844,2,4,363000,1,3,240000,0,0,0
202010,25,009,1,1,Essex County                  ,43,43,15375864,3,6,1094686,1,3,300000,3,17,2208126,26,26,8860311,1,2,350000,1,3,300000,0,0,0
202010,25,017,1,1,Middlesex County              ,113,113,37230906,8,16,3690711,2,6,1250395,29,216,22619174,37,37,14345652,0,0,0,0,0,0,0,0,0
202010,25,021,1,1,Norfolk County                ,47,47,19619821,2,4,997821,1,4,525835,5,63,4066479,10,10,4056193,0,0,0,0,0,0,0,0,0
202010,25,023,1,1,Plymouth County               ,117,117,31037354,0,0,0,0,0,0,3,15,2073943,48,48,15389025,0,0,0,0,0,0,0,0,0
202010,25,025,1,1,Suffolk County                ,7,7,2275994,4,8,1829000,5,16,4750000,6,84,26125411,6,6,2100000,4,8,1829000,5,16,4750000,5,79,25363506
202010,26,000,2,3,Michigan Balance of State     ,8,8,1502047,0,0,0,0,0,0,0,0,0,0,0,0,0,0,0,0,0,0,0,0,0
202010,26,019,2,3,Benzie County                 ,9,9,2136646,0,0,0,0,0,0,0,0,0,0,0,0,0,0,0,0,0,0,0,0,0
202010,26,029,2,3,Charlevoix County             ,13,13,3134156,0,0,0,0,0,0,0,0,0,0,0,0,0,0,0,0,0,0,0,0,0
202010,26,089,2,3,Leelanau County               ,21,21,5018045,0,0,0,0,0,0,0,0,0,21,21,5018045,0,0,0,0,0,0,0,0,0
202010,26,093,2,3,Livingston County             ,96,96,25519264,0,0,0,0,0,0,0,0,0,96,96,25519264,0,0,0,0,0,0,0,0,0
202010,26,095,2,3,Luce County                   ,1,1,238400,0,0,0,0,0,0,0,0,0,0,0,0,0,0,0,0,0,0,0,0,0
202010,26,099,2,3,Macomb County                 ,166,166,49464724,1,2,623101,0,0,0,0,0,0,165,165,49230349,1,2,623101,0,0,0,0,0,0
202010,26,103,2,3,Marquette County              ,7,7,1664207,0,0,0,0,0,0,0,0,0,7,7,1664207,0,0,0,0,0,0,0,0,0
202010,26,137,2,3,Otsego County                 ,2,2,162000,0,0,0,0,0,0,0,0,0,0,0,0,0,0,0,0,0,0,0,0,0
202010,26,147,2,3,St. Clair County              ,19,19,3727121,0,0,0,0,0,0,0,0,0,12,12,2158439,0,0,0,0,0,0,0,0,0
202010,26,163,2,3,Wayne County                  ,99,99,27009504,3,6,478179,1,4,376000,12,86,13990562,81,81,23353217,2,4,200000,1,4,376000,5,26,3854433
202010,27,003,2,4,Anoka County                  ,129,129,36603111,0,0,0,0,0,0,1,16,1606827,102,102,29794613,0,0,0,0,0,0,0,0,0
202010,27,019,2,4,Carver County                 ,62,62,20655443,0,0,0,0,0,0,0,0,0,59,59,19861916,0,0,0,0,0,0,0,0,0
202010,27,025,2,4,Chisago County                ,19,19,3544246,1,2,357000,0,0,0,0,0,0,13,13,2521209,0,0,0,0,0,0,0,0,0
202010,27,027,2,4,Clay County                   ,20,20,5656224,0,0,0,0,0,0,0,0,0,19,19,5347224,0,0,0,0,0,0,0,0,0
202010,27,037,2,4,Dakota County                 ,154,154,42703103,0,0,0,0,0,0,0,0,0,150,150,41523038,0,0,0,0,0,0,0,0,0
202010,27,053,2,4,Hennepin County               ,183,183,69316458,1,2,396234,1,3,607710,15,589,81607417,134,134,51229712,1,2,396234,0,0,0,15,589,81607417
202010,27,059,2,4,Isanti County                 ,43,43,8791583,0,0,0,0,0,0,1,36,4700000,43,43,8791583,0,0,0,0,0,0,1,36,4700000
202010,27,123,2,4,Ramsey County                 ,28,28,7971019,0,0,0,0,0,0,1,8,848547,24,24,6749565,0,0,0,0,0,0,0,0,0
202010,27,139,2,4,Scott County                  ,66,66,22776870,1,2,581000,0,0,0,0,0,0,42,42,15927942,1,2,581000,0,0,0,0,0,0
202010,27,141,2,4,Sherburne County              ,68,68,14895611,0,0,0,0,0,0,0,0,0,58,58,13081409,0,0,0,0,0,0,0,0,0
202010,27,163,2,4,Washington County             ,113,113,34509320,2,4,900000,0,0,0,3,202,24710520,89,89,26654064,2,4,900000,0,0,0,2,186,23389667
202010,27,171,2,4,Wright County                 ,141,141,43575258,0,0,0,0,0,0,2,10,1354203,133,133,41777967,0,0,0,0,0,0,0,0,0
202010,28,033,3,6,DeSoto County                 ,137,137,24830584,0,0,0,0,0,0,0,0,0,51,51,6852380,0,0,0,0,0,0,0,0,0
202010,28,041,3,6,Greene County                 ,0,0,0,0,0,0,0,0,0,0,0,0,0,0,0,0,0,0,0,0,0,0,0,0
202010,28,045,3,6,Hancock County                ,54,54,9339716,1,2,185179,1,4,401445,1,5,423313,17,17,3726122,0,0,0,0,0,0,0,0,0
202010,28,047,3,6,Harrison County               ,98,98,23044364,5,10,750000,0,0,0,0,0,0,83,83,21340349,5,10,750000,0,0,0,0,0,0
202010,28,067,3,6,Jones County                  ,0,0,0,0,0,0,0,0,0,0,0,0,0,0,0,0,0,0,0,0,0,0,0,0
202010,28,129,3,6,Smith County                  ,0,0,0,0,0,0,0,0,0,0,0,0,0,0,0,0,0,0,0,0,0,0,0,0
202010,28,137,3,6,Tate County                   ,16,16,3274088,0,0,0,0,0,0,0,0,0,11,11,2284000,0,0,0,0,0,0,0,0,0
202010,28,143,3,6,Tunica County                 ,8,8,1784788,0,0,0,0,0,0,0,0,0,0,0,0,0,0,0,0,0,0,0,0,0
202010,28,145,3,6,Union County                  ,4,4,785000,0,0,0,0,0,0,0,0,0,4,4,785000,0,0,0,0,0,0,0,0,0
202010,28,149,3,6,Warren County                 ,2,2,445465,0,0,0,0,0,0,0,0,0,0,0,0,0,0,0,0,0,0,0,0,0
202010,29,013,2,4,Bates County                  ,0,0,0,0,0,0,0,0,0,0,0,0,0,0,0,0,0,0,0,0,0,0,0,0
202010,29,017,2,4,Bollinger County              ,0,0,0,0,0,0,0,0,0,0,0,0,0,0,0,0,0,0,0,0,0,0,0,0
202010,29,019,2,4,Boone County                  ,81,81,22268248,2,4,400000,0,0,0,4,110,19501130,81,81,22268248,2,4,400000,0,0,0,4,110,19501130
202010,29,049,2,4,Clinton County                ,6,6,1516758,0,0,0,0,0,0,0,0,0,5,5,1313758,0,0,0,0,0,0,0,0,0
202010,29,065,2,4,Dent County                   ,0,0,0,0,0,0,0,0,0,0,0,0,0,0,0,0,0,0,0,0,0,0,0,0
202010,29,071,2,4,Franklin County               ,16,16,4518765,1,2,843043,0,0,0,0,0,0,16,16,4518765,1,2,843043,0,0,0,0,0,0
202010,29,095,2,4,Jackson County                ,187,187,44335117,5,10,1041610,9,36,3536750,2,10,930760,177,177,41717476,5,10,1041610,9,36,3536750,1,5,350000
202010,29,099,2,4,Jefferson County              ,81,81,21463961,0,0,0,0,0,0,0,0,0,67,67,18439992,0,0,0,0,0,0,0,0,0
202010,29,105,2,4,Laclede County                ,1,1,83980,0,0,0,0,0,0,0,0,0,1,1,83980,0,0,0,0,0,0,0,0,0
202010,29,107,2,4,Lafayette County              ,15,15,2886076,0,0,0,0,0,0,0,0,0,14,14,2811076,0,0,0,0,0,0,0,0,0
202010,29,113,2,4,Lincoln County                ,27,27,3658417,0,0,0,0,0,0,0,0,0,27,27,3658417,0,0,0,0,0,0,0,0,0
202010,29,165,2,4,Platte County                 ,32,32,15986667,0,0,0,0,0,0,0,0,0,31,31,15642011,0,0,0,0,0,0,0,0,0
202010,29,185,2,4,St. Clair County              ,0,0,0,0,0,0,0,0,0,0,0,0,0,0,0,0,0,0,0,0,0,0,0,0
202010,29,189,2,4,St. Louis County              ,87,87,34699178,0,0,0,0,0,0,1,7,672866,58,58,25838222,0,0,0,0,0,0,0,0,0
202010,29,219,2,4,Warren County                 ,36,36,8790431,0,0,0,0,0,0,0,0,0,36,36,8790431,0,0,0,0,0,0,0,0,0
202010,29,221,2,4,Washington County             ,0,0,0,0,0,0,0,0,0,0,0,0,0,0,0,0,0,0,0,0,0,0,0,0
202010,29,510,2,4,St. Louis (Independent City)  ,14,14,2788616,0,0,0,1,3,658333,1,26,2038681,0,0,0,0,0,0,0,0,0,0,0,0
202010,30,013,4,8,Cascade County                ,11,11,4175000,0,0,0,0,0,0,0,0,0,11,11,4175000,0,0,0,0,0,0,0,0,0
202010,30,033,4,8,Garfield County               ,0,0,0,0,0,0,0,0,0,0,0,0,0,0,0,0,0,0,0,0,0,0,0,0
202010,30,063,4,8,Missoula County               ,53,53,13869165,0,0,0,0,0,0,1,9,358789,53,53,13869165,0,0,0,0,0,0,1,9,358789
202010,30,093,4,8,Silver Bow County             ,2,2,194011,1,2,262800,0,0,0,0,0,0,2,2,194011,1,2,262800,0,0,0,0,0,0
202010,31,001,2,4,Adams County                  ,12,12,2817160,0,0,0,0,0,0,0,0,0,11,11,2538946,0,0,0,0,0,0,0,0,0
202010,31,025,2,4,Cass County                   ,9,9,1941858,0,0,0,0,0,0,0,0,0,3,3,818000,0,0,0,0,0,0,0,0,0
202010,31,033,2,4,Cheyenne County               ,0,0,0,0,0,0,0,0,0,0,0,0,0,0,0,0,0,0,0,0,0,0,0,0
202010,31,055,2,4,Douglas County                ,158,158,27307521,0,0,0,0,0,0,0,0,1100000,150,150,24088532,0,0,0,0,0,0,0,0,1100000
202010,31,105,2,4,Kimball County                ,1,1,237744,0,0,0,0,0,0,0,0,0,1,1,237744,0,0,0,0,0,0,0,0,0
202010,31,153,2,4,Sarpy County                  ,135,135,38634205,1,2,210000,3,11,1981000,17,381,38201166,91,91,27044875,1,2,210000,3,11,1981000,17,381,38201166
202010,31,165,2,4,Sioux County                  ,0,0,0,0,0,0,0,0,0,0,0,0,0,0,0,0,0,0,0,0,0,0,0,0
202010,31,177,2,4,Washington County             ,11,11,2652214,0,0,0,0,0,0,0,0,0,11,11,2652214,0,0,0,0,0,0,0,0,0
202010,32,001,4,8,Churchill County              ,10,10,2498234,0,0,0,0,0,0,0,0,0,10,10,2498234,0,0,0,0,0,0,0,0,0
202010,32,003,4,8,Clark County                  ,735,735,172108167,0,0,0,18,55,4914930,9,189,24460990,735,735,172108167,0,0,0,18,55,4914930,9,189,24460990
202010,32,005,4,8,Douglas County                ,17,17,7811143,0,0,0,0,0,0,0,0,0,17,17,7811143,0,0,0,0,0,0,0,0,0
202010,32,007,4,8,Elko County                   ,13,13,1756561,0,0,0,0,0,0,0,0,0,13,13,1756561,0,0,0,0,0,0,0,0,0
202010,32,013,4,8,Humboldt County               ,2,2,343081,0,0,0,0,0,0,0,0,0,0,0,0,0,0,0,0,0,0,0,0,0
202010,32,015,4,8,Lander County                 ,0,0,0,0,0,0,0,0,0,0,0,0,0,0,0,0,0,0,0,0,0,0,0,0
202010,32,017,4,8,Lincoln County                ,1,1,250000,0,0,0,0,0,0,0,0,0,1,1,250000,0,0,0,0,0,0,0,0,0
202010,32,019,4,8,Lyon County                   ,23,23,6374982,0,0,0,0,0,0,0,0,0,9,9,2602310,0,0,0,0,0,0,0,0,0
202010,32,021,4,8,Mineral County                ,0,0,0,0,0,0,0,0,0,0,0,0,0,0,0,0,0,0,0,0,0,0,0,0
202010,32,027,4,8,Pershing County               ,0,0,0,0,0,0,0,0,0,0,0,0,0,0,0,0,0,0,0,0,0,0,0,0
202010,32,029,4,8,Storey County                 ,0,0,0,0,0,0,0,0,0,0,0,0,0,0,0,0,0,0,0,0,0,0,0,0
202010,32,031,4,8,Washoe County                 ,284,284,76594057,3,6,620706,1,4,539328,8,127,16648690,96,96,23161933,0,0,0,0,0,0,0,0,0
202010,32,033,4,8,White Pine County             ,0,0,0,0,0,0,0,0,0,0,0,0,0,0,0,0,0,0,0,0,0,0,0,0
202010,32,510,4,8,Carson City (Independent City),17,17,4675158,0,0,0,0,0,0,0,0,0,17,17,4675158,0,0,0,0,0,0,0,0,0
202010,33,015,1,1,Rockingham County             ,69,69,19923261,3,6,616716,0,0,0,2,24,2914671,39,39,11748391,2,4,150000,0,0,0,0,0,0
202010,33,017,1,1,Strafford County              ,28,28,6237417,1,2,98100,0,0,0,1,9,965832,22,22,5082408,0,0,0,0,0,0,0,0,0
202010,34,001,1,2,Atlantic County               ,54,54,24471116,0,0,0,0,0,0,2,14,1237101,54,54,24471116,0,0,0,0,0,0,0,0,0
202010,34,003,1,2,Bergen County                 ,123,123,19174429,15,30,6653406,1,3,30750,13,103,9058071,82,82,6617092,9,18,4536600,0,0,0,5,40,4430077
202010,34,005,1,2,Burlington County             ,89,89,13073960,0,0,0,0,0,0,8,138,3560571,59,59,8274016,0,0,0,0,0,0,2,49,120000
202010,34,007,1,2,Camden County                 ,53,53,3445013,1,2,300,1,3,464001,2,28,918043,38,38,2840790,1,2,300,1,3,464001,1,23,651086
202010,34,009,1,2,Cape May County               ,57,57,28573025,8,16,3225261,5,19,2378900,0,0,0,54,54,27697571,8,16,3225261,5,19,2378900,0,0,0
202010,34,011,1,2,Cumberland County             ,28,28,12983547,0,0,0,0,0,0,0,0,0,27,27,12873334,0,0,0,0,0,0,0,0,0
202010,34,013,1,2,Essex County                  ,36,36,7404761,6,12,987904,2,7,607818,10,223,19292101,28,28,6071341,6,12,987904,1,4,310102,6,172,14457501
202010,34,015,1,2,Gloucester County             ,82,82,8189688,0,0,0,0,0,0,2,13,939560,73,73,7013659,0,0,0,0,0,0,0,0,0
202010,34,017,1,2,Hudson County                 ,63,63,20266514,6,12,1344715,5,17,1019508,4,108,4171754,62,62,19998394,4,8,823000,3,11,395000,3,37,1391600
202010,34,019,1,2,Hunterdon County              ,17,17,3031084,0,0,0,0,0,0,2,58,6254228,13,13,2425800,0,0,0,0,0,0,1,52,5866495
202010,34,021,1,2,Mercer County                 ,25,25,5503354,0,0,0,1,3,291750,1,5,413592,25,25,5503354,0,0,0,0,0,0,0,0,0
202010,34,023,1,2,Middlesex County              ,143,143,14149774,1,2,25952,2,8,229100,16,462,78045058,125,125,11482323,0,0,0,2,8,229100,13,435,74075920
202010,34,025,1,2,Monmouth County               ,131,131,26887712,0,0,0,0,0,0,3,35,288687,101,101,17424605,0,0,0,0,0,0,2,30,266620
202010,34,027,1,2,Morris County                 ,66,66,12390826,0,0,0,0,0,0,5,93,5624652,36,36,6399922,0,0,0,0,0,0,1,66,4053000
202010,34,029,1,2,Ocean County                  ,206,206,53837272,5,10,312000,1,3,120228,1,5,425985,135,135,39670135,0,0,0,0,0,0,0,0,0
202010,34,031,1,2,Passaic County                ,15,15,2343090,2,4,226268,0,0,0,7,369,15223765,9,9,1354170,0,0,0,0,0,0,4,320,13000000
202010,34,033,1,2,Salem County                  ,3,3,556073,0,0,0,0,0,0,0,0,0,2,2,392500,0,0,0,0,0,0,0,0,0
202010,34,035,1,2,Somerset County               ,27,27,3917608,0,0,0,0,0,0,5,126,10045338,20,20,2705800,0,0,0,0,0,0,3,106,7866400
202010,34,037,1,2,Sussex County                 ,19,19,3520464,0,0,0,0,0,0,0,0,0,16,16,2720235,0,0,0,0,0,0,0,0,0
202010,34,039,1,2,Union County                  ,23,23,7607821,6,12,648825,0,0,0,3,144,3853311,16,16,6321891,6,12,648825,0,0,0,1,120,2224472
202010,34,041,1,2,Warren County                 ,13,13,1751797,1,2,781600,0,0,0,1,5,483240,5,5,517482,0,0,0,0,0,0,0,0,0
202010,35,000,4,8,New Mexico Balance of State   ,42,42,11385704,0,0,0,0,0,0,0,0,0,0,0,0,0,0,0,0,0,0,0,0,0
202010,35,001,4,8,Bernalillo County             ,97,97,26701452,0,0,0,0,0,0,0,0,0,97,97,26701452,0,0,0,0,0,0,0,0,0
202010,35,005,4,8,Chaves County                 ,5,5,709939,0,0,0,0,0,0,0,0,0,1,1,30000,0,0,0,0,0,0,0,0,0
202010,35,009,4,8,Curry County                  ,6,6,1514138,0,0,0,0,0,0,1,5,460938,0,0,0,0,0,0,0,0,0,0,0,0
202010,35,013,4,8,Dona Ana County               ,92,92,24232019,0,0,0,0,0,0,7,64,4500000,61,61,15926933,0,0,0,0,0,0,7,64,4500000
202010,35,015,4,8,Eddy County                   ,10,10,3234755,4,8,700000,0,0,0,0,0,0,10,10,3234755,4,8,700000,0,0,0,0,0,0
202010,35,017,4,8,Grant County                  ,2,2,324161,0,0,0,0,0,0,0,0,0,0,0,0,0,0,0,0,0,0,0,0,0
202010,35,025,4,8,Lea County                    ,19,19,4163578,0,0,0,0,0,0,0,0,0,0,0,0,0,0,0,0,0,0,0,0,0
202010,35,027,4,8,Lincoln County                ,13,13,4634607,0,0,0,0,0,0,0,0,0,13,13,4634607,0,0,0,0,0,0,0,0,0
202010,35,028,4,8,Los Alamos County             ,0,0,0,0,0,0,0,0,0,0,0,0,0,0,0,0,0,0,0,0,0,0,0,0
202010,35,029,4,8,Luna County                   ,1,1,178800,0,0,0,0,0,0,0,0,0,0,0,0,0,0,0,0,0,0,0,0,0
202010,35,031,4,8,McKinley County               ,1,1,140000,0,0,0,0,0,0,1,9,750000,1,1,140000,0,0,0,0,0,0,1,9,750000
202010,35,035,4,8,Otero County                  ,0,0,0,0,0,0,0,0,0,0,0,0,0,0,0,0,0,0,0,0,0,0,0,0
202010,35,041,4,8,Roosevelt County              ,3,3,458570,0,0,0,0,0,0,0,0,0,0,0,0,0,0,0,0,0,0,0,0,0
202010,35,043,4,8,Sandoval County               ,73,73,16185027,0,0,0,1,3,324072,1,5,208333,0,0,0,0,0,0,0,0,0,0,0,0
202010,35,045,4,8,San Juan County               ,9,9,2624466,0,0,0,0,0,0,0,0,0,9,9,2624466,0,0,0,0,0,0,0,0,0
202010,35,047,4,8,San Miguel County             ,0,0,0,0,0,0,0,0,0,0,0,0,0,0,0,0,0,0,0,0,0,0,0,0
202010,35,049,4,8,Santa Fe County               ,22,22,6504488,0,0,0,0,0,0,0,0,0,22,22,6504488,0,0,0,0,0,0,0,0,0
202010,35,055,4,8,Taos County                   ,10,10,1673685,0,0,0,0,0,0,0,0,0,0,0,0,0,0,0,0,0,0,0,0,0
202010,35,061,4,8,Valencia County               ,4,4,1110733,0,0,0,0,0,0,0,0,0,4,4,1110733,0,0,0,0,0,0,0,0,0
202010,36,001,1,2,Albany County                 ,29,29,6833908,0,0,0,1,4,1020000,0,0,0,27,27,6534064,0,0,0,1,4,1020000,0,0,0
202010,36,005,1,2,Bronx County                  ,0,0,0,3,6,910823,0,0,0,3,75,8461290,0,0,0,3,6,910823,0,0,0,3,75,8461290
202010,36,029,1,2,Erie County                   ,57,57,21446432,2,4,599600,1,4,951600,9,89,8682965,50,50,20006486,2,4,599600,1,4,951600,8,72,4871600
202010,36,047,1,2,Kings County                  ,1,1,265327,3,6,910823,4,12,1591637,19,771,86982064,1,1,265327,3,6,910823,4,12,1591637,19,771,86982064
202010,36,051,1,2,Livingston County             ,6,6,1653250,1,2,400000,0,0,0,0,0,0,4,4,1210000,1,2,400000,0,0,0,0,0,0
202010,36,055,1,2,Monroe County                 ,75,75,19316670,0,0,0,2,7,665500,2,10,881975,55,55,14890020,0,0,0,1,4,340000,1,5,400000
202010,36,059,1,2,Nassau County                 ,61,61,19259012,2,4,1117857,0,0,0,2,34,5180995,12,12,7523417,0,0,0,0,0,0,0,0,0
202010,36,061,1,2,New York County               ,0,0,0,0,0,0,0,0,0,2,30,3384516,0,0,0,0,0,0,0,0,0,2,30,3384516
202010,36,063,1,2,Niagara County                ,18,18,5700932,0,0,0,0,0,0,0,0,0,13,13,4204765,0,0,0,0,0,0,0,0,0
202010,36,069,1,2,Ontario County                ,19,19,6400782,4,8,1033160,4,12,1392000,0,0,0,14,14,4518805,4,8,1033160,4,12,1392000,0,0,0
202010,36,073,1,2,Orleans County                ,0,0,0,0,0,0,0,0,0,0,0,0,0,0,0,0,0,0,0,0,0,0,0,0
202010,36,079,1,2,Putnam County                 ,8,8,1756700,0,0,0,0,0,0,0,0,0,8,8,1756700,0,0,0,0,0,0,0,0,0
202010,36,081,1,2,Queens County                 ,9,9,2387942,16,32,4857722,1,4,530546,10,210,23691613,9,9,2387942,16,32,4857722,1,4,530546,10,210,23691613
202010,36,083,1,2,Rensselaer County             ,12,12,3142750,0,0,0,0,0,0,0,0,0,6,6,1501000,0,0,0,0,0,0,0,0,0
202010,36,085,1,2,Richmond County               ,5,5,1326635,13,26,3946899,0,0,0,0,0,0,5,5,1326635,13,26,3946899,0,0,0,0,0,0
202010,36,087,1,2,Rockland County               ,10,10,3456144,4,8,1234703,3,10,1439061,1,9,1052594,5,5,2139000,0,0,0,0,0,0,0,0,0
202010,36,091,1,2,Saratoga County               ,85,85,25474534,1,2,220000,0,0,0,1,6,238931,72,72,20928461,1,2,220000,0,0,0,0,0,0
202010,36,093,1,2,Schenectady County            ,5,5,917469,0,0,0,0,0,0,0,0,0,4,4,750000,0,0,0,0,0,0,0,0,0
202010,36,095,1,2,Schoharie County              ,2,2,320464,0,0,0,0,0,0,0,0,0,0,0,0,0,0,0,0,0,0,0,0,0
202010,36,099,1,2,Seneca County                 ,2,2,1410000,0,0,0,0,0,0,0,0,0,2,2,1410000,0,0,0,0,0,0,0,0,0
202010,36,103,1,2,Suffolk County                ,65,65,55022010,0,0,0,0,0,0,0,0,0,53,53,42341905,0,0,0,0,0,0,0,0,0
202010,36,117,1,2,Wayne County                  ,6,6,1428024,0,0,0,1,3,125000,0,0,0,3,3,839000,0,0,0,0,0,0,0,0,0
202010,36,119,1,2,Westchester County            ,31,31,17497749,2,4,1000750,0,0,0,3,117,23535969,26,26,15261270,1,2,750000,0,0,0,0,0,0
202010,37,007,3,5,Anson County                  ,5,5,749325,0,0,0,0,0,0,0,0,0,0,0,0,0,0,0,0,0,0,0,0,0
202010,37,011,3,5,Avery County                  ,15,15,9467974,0,0,0,1,4,600000,0,0,0,15,15,9467974,0,0,0,1,4,600000,0,0,0
202010,37,015,3,5,Bertie County                 ,2,2,596000,0,0,0,0,0,0,0,0,0,2,2,596000,0,0,0,0,0,0,0,0,0
202010,37,025,3,5,Cabarrus County               ,146,146,27322761,2,4,124000,0,0,0,0,0,0,146,146,27322761,2,4,124000,0,0,0,0,0,0
202010,37,033,3,5,Caswell County                ,2,2,509866,0,0,0,0,0,0,0,0,0,0,0,0,0,0,0,0,0,0,0,0,0
202010,37,037,3,5,Chatham County                ,61,61,19973024,0,0,0,0,0,0,1,21,2944828,0,0,0,0,0,0,0,0,0,0,0,0
202010,37,051,3,5,Cumberland County             ,44,44,10449505,0,0,0,1,4,600000,0,0,0,44,44,10449505,0,0,0,1,4,600000,0,0,0
202010,37,053,3,5,Currituck County              ,46,46,12223064,0,0,0,0,0,0,0,0,0,46,46,12223064,0,0,0,0,0,0,0,0,0
202010,37,059,3,5,Davie County                  ,18,18,4085525,0,0,0,0,0,0,1,5,197173,0,0,0,0,0,0,0,0,0,0,0,0
202010,37,063,3,5,Durham County                 ,136,136,28087387,3,6,378950,0,0,0,1,165,10800000,136,136,28087387,3,6,378950,0,0,0,1,165,10800000
202010,37,069,3,5,Franklin County               ,77,77,17950933,0,0,0,0,0,0,0,0,0,77,77,17950933,0,0,0,0,0,0,0,0,0
202010,37,071,3,5,Gaston County                 ,177,177,57431058,0,0,0,1,3,524259,0,0,0,63,63,19037899,0,0,0,0,0,0,0,0,0
202010,37,077,3,5,Granville County              ,21,21,6212344,0,0,0,0,0,0,0,0,0,21,21,6212344,0,0,0,0,0,0,0,0,0
202010,37,081,3,5,Guilford County               ,143,143,37590552,0,0,0,0,0,0,0,0,0,74,74,13915248,0,0,0,0,0,0,0,0,0
202010,37,089,3,5,Henderson County              ,77,77,24235735,0,0,0,0,0,0,0,0,0,77,77,24235735,0,0,0,0,0,0,0,0,0
202010,37,093,3,5,Hoke County                   ,31,31,7226999,0,0,0,0,0,0,0,0,0,31,31,7226999,0,0,0,0,0,0,0,0,0
202010,37,097,3,5,Iredell County                ,110,110,27770847,0,0,0,0,0,0,16,372,31044308,110,110,27770847,0,0,0,0,0,0,16,372,31044308
202010,37,101,3,5,Johnston County               ,269,269,48972942,0,0,0,0,0,0,0,0,0,46,46,8886207,0,0,0,0,0,0,0,0,0
202010,37,119,3,5,Mecklenburg County            ,687,687,160159623,1,2,271000,0,0,0,6,288,39641386,687,687,160159623,1,2,271000,0,0,0,6,288,39641386
202010,37,133,3,5,Onslow County                 ,120,120,19743359,0,0,0,0,0,0,0,0,0,120,120,19743359,0,0,0,0,0,0,0,0,0
202010,37,135,3,5,Orange County                 ,27,27,8094436,0,0,0,0,0,0,0,0,0,27,27,8094436,0,0,0,0,0,0,0,0,0
202010,37,145,3,5,Person County                 ,13,13,2994203,0,0,0,0,0,0,0,0,0,0,0,0,0,0,0,0,0,0,0,0,0
202010,37,151,3,5,Randolph County               ,32,32,5493681,0,0,0,0,0,0,0,0,0,32,32,5493681,0,0,0,0,0,0,0,0,0
202010,37,157,3,5,Rockingham County             ,17,17,4413303,0,0,0,0,0,0,0,0,0,2,2,391603,0,0,0,0,0,0,0,0,0
202010,37,179,3,5,Union County                  ,155,155,33860466,0,0,0,0,0,0,0,0,0,155,155,33860466,0,0,0,0,0,0,0,0,0
202010,37,181,3,5,Vance County                  ,6,6,1145985,0,0,0,0,0,0,0,0,0,6,6,1145985,0,0,0,0,0,0,0,0,0
202010,37,183,3,5,Wake County                   ,895,895,225507879,0,0,0,0,0,0,5,138,17088719,895,895,225507879,0,0,0,0,0,0,5,138,17088719
202010,37,195,3,5,Wilson County                 ,11,11,2394431,0,0,0,0,0,0,0,0,0,11,11,2394431,0,0,0,0,0,0,0,0,0
202010,39,007,2,3,Ashtabula County              ,9,9,1800000,0,0,0,4,12,800000,0,0,0,9,9,1800000,0,0,0,4,12,800000,0,0,0
202010,39,015,2,3,Brown County                  ,8,8,2227515,0,0,0,0,0,0,0,0,0,8,8,2227515,0,0,0,0,0,0,0,0,0
202010,39,017,2,3,Butler County                 ,102,102,21224124,0,0,0,0,0,0,0,0,0,19,19,3350093,0,0,0,0,0,0,0,0,0
202010,39,025,2,3,Clermont County               ,63,63,15689086,0,0,0,0,0,0,16,109,7011356,63,63,15689086,0,0,0,0,0,0,16,109,7011356
202010,39,041,2,3,Delaware County               ,205,205,58428720,1,2,500000,0,0,0,1,5,613639,182,182,53178171,0,0,0,0,0,0,0,0,0
202010,39,049,2,3,Franklin County               ,202,202,57294164,0,0,0,0,0,0,43,1123,97459224,177,177,48025651,0,0,0,0,0,0,41,1112,96704212
202010,39,055,2,3,Geauga County                 ,15,15,5700855,0,0,0,0,0,0,0,0,0,15,15,5700855,0,0,0,0,0,0,0,0,0
202010,39,085,2,3,Lake County                   ,38,38,7104995,0,0,0,0,0,0,0,0,0,28,28,5154508,0,0,0,0,0,0,0,0,0
202010,39,089,2,3,Licking County                ,33,33,9723158,0,0,0,0,0,0,0,0,0,32,32,9464454,0,0,0,0,0,0,0,0,0
202010,39,093,2,3,Lorain County                 ,112,112,30639426,0,0,0,1,3,172500,0,0,0,65,65,16908934,0,0,0,0,0,0,0,0,0
202010,39,097,2,3,Madison County                ,18,18,5013900,0,0,0,0,0,0,0,0,0,1,1,325000,0,0,0,0,0,0,0,0,0
202010,39,103,2,3,Medina County                 ,33,33,11830240,0,0,0,0,0,0,1,45,7870891,33,33,11830240,0,0,0,0,0,0,1,45,7870891
202010,39,117,2,3,Morrow County                 ,10,10,2762694,0,0,0,0,0,0,0,0,0,8,8,2227514,0,0,0,0,0,0,0,0,0
202010,39,159,2,3,Union County                  ,66,66,20847818,5,10,2000000,0,0,0,0,0,0,66,66,20847818,5,10,2000000,0,0,0,0,0,0
202010,39,165,2,3,Warren County                 ,135,135,38649263,1,2,415467,0,0,0,6,129,17409610,115,115,31959942,1,2,415467,0,0,0,5,124,16865290
202010,40,001,3,7,Adair County                  ,1,1,100000,2,4,550000,0,0,0,0,0,0,1,1,100000,2,4,550000,0,0,0,0,0,0
202010,40,017,3,7,Canadian County               ,20,20,5749096,1,2,130000,0,0,0,0,0,0,11,11,2402000,1,2,130000,0,0,0,0,0,0
202010,40,021,3,7,Cherokee County               ,7,7,918668,1,2,130000,0,0,0,0,0,0,0,0,0,0,0,0,0,0,0,0,0,0
202010,40,027,3,7,Cleveland County              ,72,72,18933690,5,10,850000,0,0,0,0,0,0,63,63,17811769,5,10,850000,0,0,0,0,0,0
202010,40,029,3,7,Coal County                   ,0,0,0,0,0,0,0,0,0,0,0,0,0,0,0,0,0,0,0,0,0,0,0,0
202010,40,037,3,7,Creek County                  ,10,10,1967082,0,0,0,0,0,0,1,5,384615,3,3,440000,0,0,0,0,0,0,0,0,0
202010,40,051,3,7,Grady County                  ,7,7,760200,0,0,0,0,0,0,0,0,0,5,5,265000,0,0,0,0,0,0,0,0,0
202010,40,055,3,7,Greer County                  ,0,0,0,0,0,0,0,0,0,0,0,0,0,0,0,0,0,0,0,0,0,0,0,0
202010,40,081,3,7,Lincoln County                ,2,2,466258,0,0,0,0,0,0,0,0,0,2,2,466258,0,0,0,0,0,0,0,0,0
202010,40,083,3,7,Logan County                  ,0,0,0,0,0,0,0,0,0,0,0,0,0,0,0,0,0,0,0,0,0,0,0,0
202010,40,087,3,7,McClain County                ,68,68,14249316,3,6,675000,0,0,0,0,0,0,57,57,12188406,3,6,675000,0,0,0,0,0,0
202010,40,109,3,7,Oklahoma County               ,481,481,117487387,10,20,2166631,0,0,0,0,0,0,119,119,40309451,0,0,0,0,0,0,0,0,0
202010,40,111,3,7,Okmulgee County               ,0,0,0,0,0,0,0,0,0,0,0,0,0,0,0,0,0,0,0,0,0,0,0,0
202010,40,113,3,7,Osage County                  ,9,9,2176333,0,0,0,0,0,0,0,0,0,9,9,2176333,0,0,0,0,0,0,0,0,0
202010,40,117,3,7,Pawnee County                 ,1,1,80000,0,0,0,0,0,0,0,0,0,1,1,80000,0,0,0,0,0,0,0,0,0
202010,40,131,3,7,Rogers County                 ,58,58,9319147,0,0,0,0,0,0,0,0,0,58,58,9319147,0,0,0,0,0,0,0,0,0
202010,40,143,3,7,Tulsa County                  ,224,224,53563068,3,6,859729,0,0,0,0,0,0,224,224,53563068,3,6,859729,0,0,0,0,0,0
202010,40,145,3,7,Wagoner County                ,46,46,10866425,0,0,0,0,0,0,0,0,0,46,46,10866425,0,0,0,0,0,0,0,0,0
202010,41,000,4,9,Oregon Balance of State       ,36,36,4249600,0,0,0,0,0,0,0,0,0,36,36,4249600,0,0,0,0,0,0,0,0,0
202010,41,005,4,9,Clackamas County              ,148,148,46677414,0,0,0,0,0,0,0,0,0,148,148,46677414,0,0,0,0,0,0,0,0,0
202010,41,017,4,9,Deschutes County              ,181,181,50705200,19,38,5287885,1,4,773200,6,132,19361233,181,181,50705200,19,38,5287885,1,4,773200,6,132,19361233
202010,41,019,4,9,Douglas County                ,24,24,6661602,0,0,0,0,0,0,0,0,0,24,24,6661602,0,0,0,0,0,0,0,0,0
202010,41,023,4,9,Grant County                  ,2,2,822019,0,0,0,0,0,0,0,0,0,2,2,822019,0,0,0,0,0,0,0,0,0
202010,41,025,4,9,Harney County                 ,2,2,267934,0,0,0,0,0,0,0,0,0,2,2,267934,0,0,0,0,0,0,0,0,0
202010,41,035,4,9,Klamath County                ,20,20,3484679,0,0,0,0,0,0,0,0,0,20,20,3484679,0,0,0,0,0,0,0,0,0
202010,41,037,4,9,Lake County                   ,1,1,49596,0,0,0,0,0,0,0,0,0,1,1,49596,0,0,0,0,0,0,0,0,0
202010,41,051,4,9,Multnomah County              ,3,3,921053,0,0,0,0,0,0,2,71,6875000,3,3,921053,0,0,0,0,0,0,2,71,6875000
202010,41,065,4,9,Wasco County                  ,10,10,2048397,0,0,0,0,0,0,0,0,0,10,10,2048397,0,0,0,0,0,0,0,0,0
202010,41,067,4,9,Washington County             ,164,164,48092141,0,0,0,0,0,0,0,0,0,164,164,48092141,0,0,0,0,0,0,0,0,0
202010,41,071,4,9,Yamhill County                ,33,33,9430064,1,2,240000,0,0,0,0,0,0,33,33,9430064,1,2,240000,0,0,0,0,0,0
202010,42,001,1,2,Adams County                  ,17,17,4298377,0,0,0,0,0,0,0,0,0,17,17,4298377,0,0,0,0,0,0,0,0,0
202010,42,017,1,2,Bucks County                  ,55,55,14301745,1,2,400000,0,0,0,0,0,0,35,35,9713803,1,2,400000,0,0,0,0,0,0
202010,42,029,1,2,Chester County                ,135,135,29801683,1,2,543100,0,0,0,5,29,3020614,99,99,22094557,1,2,543100,0,0,0,1,5,435000
202010,42,037,1,2,Columbia County               ,6,6,1783896,0,0,0,0,0,0,0,0,0,3,3,850000,0,0,0,0,0,0,0,0,0
202010,42,041,1,2,Cumberland County             ,56,56,12469059,0,0,0,1,3,770615,1,5,494295,36,36,8670185,0,0,0,0,0,0,0,0,0
202010,42,043,1,2,Dauphin County                ,20,20,4770376,0,0,0,0,0,0,1,5,80000,14,14,3525720,0,0,0,0,0,0,1,5,80000
202010,42,045,1,2,Delaware County               ,14,14,3254328,4,8,1586000,0,0,0,1,5,375000,1,1,450000,4,8,1586000,0,0,0,0,0,0
202010,42,055,1,2,Franklin County               ,24,24,5438715,0,0,0,0,0,0,0,0,0,22,22,4914773,0,0,0,0,0,0,0,0,0
202010,42,091,1,2,Montgomery County             ,112,112,28177388,1,2,745000,0,0,0,1,12,1620000,89,89,22997573,1,2,745000,0,0,0,1,12,1620000
202010,42,093,1,2,Montour County                ,3,3,550000,0,0,0,0,0,0,0,0,0,3,3,550000,0,0,0,0,0,0,0,0,0
202010,42,099,1,2,Perry County                  ,8,8,2130497,0,0,0,0,0,0,0,0,0,0,0,0,0,0,0,0,0,0,0,0,0
202010,42,101,1,2,Philadelphia County           ,91,91,24007128,18,36,5189033,19,63,7742015,7,180,25604778,0,0,0,0,0,0,0,0,0,0,0,0
202010,42,103,1,2,Pike County                   ,13,13,3562194,0,0,0,0,0,0,0,0,0,7,7,1939900,0,0,0,0,0,0,0,0,0
202010,44,001,1,1,Bristol County                ,5,5,2365863,0,0,0,0,0,0,0,0,0,1,1,386000,0,0,0,0,0,0,0,0,0
202010,44,003,1,1,Kent County                   ,13,13,2212188,0,0,0,0,0,0,0,0,0,8,8,1363000,0,0,0,0,0,0,0,0,0
202010,44,005,1,1,Newport County                ,9,9,3800117,0,0,0,0,0,0,0,0,0,6,6,2719430,0,0,0,0,0,0,0,0,0
202010,44,007,1,1,Providence County             ,25,25,4470582,5,10,512193,1,4,230197,2,11,1066269,8,8,1956943,1,2,100000,0,0,0,1,6,780000
202010,44,009,1,1,Washington County             ,19,19,7025044,7,14,1190000,0,0,0,1,5,859375,12,12,4785928,7,14,1190000,0,0,0,0,0,0
202010,45,003,3,5,Aiken County                  ,98,98,24681915,4,8,830656,0,0,0,0,0,0,19,19,7891110,0,0,0,0,0,0,0,0,0
202010,45,009,3,5,Bamberg County                ,0,0,0,0,0,0,0,0,0,0,0,0,0,0,0,0,0,0,0,0,0,0,0,0
202010,45,015,3,5,Berkeley County               ,144,144,42006708,0,0,0,0,0,0,2,44,2001617,23,23,7003673,0,0,0,0,0,0,0,0,0
202010,45,017,3,5,Calhoun County                ,0,0,0,0,0,0,0,0,0,0,0,0,0,0,0,0,0,0,0,0,0,0,0,0
202010,45,019,3,5,Charleston County             ,273,273,73874203,0,0,0,1,3,238125,3,76,5160263,56,56,23946988,0,0,0,0,0,0,0,0,0
202010,45,035,3,5,Dorchester County             ,122,122,33785600,0,0,0,0,0,0,0,0,0,122,122,33785600,0,0,0,0,0,0,0,0,0
202010,45,037,3,5,Edgefield County              ,19,19,4650997,0,0,0,0,0,0,0,0,0,19,19,4650997,0,0,0,0,0,0,0,0,0
202010,45,039,3,5,Fairfield County              ,7,7,1410518,0,0,0,0,0,0,0,0,0,7,7,1410518,0,0,0,0,0,0,0,0,0
202010,45,045,3,5,Greenville County             ,393,393,97983176,0,0,0,0,0,0,11,288,20973600,393,393,97983176,0,0,0,0,0,0,11,288,20973600
202010,45,051,3,5,Horry County                  ,600,600,104383154,0,0,0,0,0,0,0,0,0,594,594,103378233,0,0,0,0,0,0,0,0,0
202010,45,055,3,5,Kershaw County                ,49,49,7413494,0,0,0,0,0,0,0,0,0,49,49,7413494,0,0,0,0,0,0,0,0,0
202010,45,059,3,5,Laurens County                ,10,10,1418605,0,0,0,0,0,0,0,0,0,9,9,1351474,0,0,0,0,0,0,0,0,0
202010,45,063,3,5,Lexington County              ,246,246,64494581,0,0,0,0,0,0,2,13,2076514,36,36,10818608,0,0,0,0,0,0,0,0,0
202010,45,077,3,5,Pickens County                ,80,80,30844514,0,0,0,0,0,0,0,0,0,76,76,30428132,0,0,0,0,0,0,0,0,0
202010,45,079,3,5,Richland County               ,164,164,33003211,0,0,0,0,0,0,0,0,0,146,146,28789054,0,0,0,0,0,0,0,0,0
202010,45,081,3,5,Saluda County                 ,4,4,903260,0,0,0,0,0,0,0,0,0,0,0,0,0,0,0,0,0,0,0,0,0
202010,45,085,3,5,Sumter County                 ,35,35,4313647,0,0,0,0,0,0,0,0,0,35,35,4313647,0,0,0,0,0,0,0,0,0
202010,45,091,3,5,York County                   ,236,236,80292878,0,0,0,0,0,0,2,23,3499824,116,116,38648686,0,0,0,0,0,0,0,0,0
202010,46,007,2,4,Bennett County                ,1,1,105000,0,0,0,0,0,0,0,0,0,1,1,105000,0,0,0,0,0,0,0,0,0
202010,46,055,2,4,Haakon County                 ,0,0,0,0,0,0,0,0,0,0,0,0,0,0,0,0,0,0,0,0,0,0,0,0
202010,46,071,2,4,Jackson County                ,0,0,0,0,0,0,0,0,0,0,0,0,0,0,0,0,0,0,0,0,0,0,0,0
202010,46,111,2,4,Sanborn County                ,0,0,0,0,0,0,0,0,0,0,0,0,0,0,0,0,0,0,0,0,0,0,0,0
202010,47,001,3,6,Anderson County               ,22,22,4526615,0,0,0,0,0,0,0,0,0,15,15,3633208,0,0,0,0,0,0,0,0,0
202010,47,015,3,6,Cannon County                 ,0,0,0,0,0,0,0,0,0,0,0,0,0,0,0,0,0,0,0,0,0,0,0,0
202010,47,021,3,6,Cheatham County               ,22,22,5020581,0,0,0,0,0,0,0,0,0,9,9,2346733,0,0,0,0,0,0,0,0,0
202010,47,037,3,6,Davidson County               ,373,373,92382756,1,2,247016,0,0,0,17,860,95522543,373,373,92382756,1,2,247016,0,0,0,17,860,95522543
202010,47,043,3,6,Dickson County                ,37,37,6974573,0,0,0,0,0,0,0,0,0,5,5,1187954,0,0,0,0,0,0,0,0,0
202010,47,049,3,6,Fentress County               ,0,0,0,0,0,0,0,0,0,0,0,0,0,0,0,0,0,0,0,0,0,0,0,0
202010,47,081,3,6,Hickman County                ,11,11,1785703,0,0,0,0,0,0,0,0,0,0,0,0,0,0,0,0,0,0,0,0,0
202010,47,093,3,6,Knox County                   ,121,121,26657756,0,0,0,0,0,0,0,0,0,40,40,9807888,0,0,0,0,0,0,0,0,0
202010,47,105,3,6,Loudon County                 ,48,48,12331706,0,0,0,0,0,0,0,0,0,42,42,11340479,0,0,0,0,0,0,0,0,0
202010,47,117,3,6,Marshall County               ,16,16,3042670,0,0,0,0,0,0,0,0,0,0,0,0,0,0,0,0,0,0,0,0,0
202010,47,125,3,6,Montgomery County             ,370,370,28737328,0,0,0,1,4,386750,1,24,1200000,276,276,10640000,0,0,0,0,0,0,1,24,1200000
202010,47,139,3,6,Polk County                   ,5,5,1165645,0,0,0,0,0,0,0,0,0,5,5,1165645,0,0,0,0,0,0,0,0,0
202010,47,149,3,6,Rutherford County             ,309,309,57056702,28,56,4901833,1,3,265434,1,19,2176938,245,245,45548799,28,56,4901833,0,0,0,0,0,0
202010,47,153,3,6,Sequatchie County             ,1,1,119000,0,0,0,0,0,0,0,0,0,1,1,119000,0,0,0,0,0,0,0,0,0
202010,47,157,3,6,Shelby County                 ,102,102,24789339,0,0,0,0,0,0,1,23,3367967,27,27,7009139,0,0,0,0,0,0,0,0,0
202010,47,159,3,6,Smith County                  ,8,8,1570000,0,0,0,1,3,250000,0,0,0,8,8,1570000,0,0,0,1,3,250000,0,0,0
202010,47,161,3,6,Stewart County                ,0,0,0,0,0,0,0,0,0,0,0,0,0,0,0,0,0,0,0,0,0,0,0,0
202010,47,165,3,6,Sumner County                 ,122,122,38398332,0,0,0,0,0,0,0,0,0,122,122,38398332,0,0,0,0,0,0,0,0,0
202010,47,167,3,6,Tipton County                 ,31,31,6499751,0,0,0,0,0,0,0,0,0,22,22,5305918,0,0,0,0,0,0,0,0,0
202010,47,169,3,6,Trousdale County              ,4,4,427000,0,0,0,1,4,213000,0,0,0,4,4,427000,0,0,0,1,4,213000,0,0,0
202010,47,173,3,6,Union County                  ,15,15,3055000,0,0,0,0,0,0,0,0,0,15,15,3055000,0,0,0,0,0,0,0,0,0
202010,47,175,3,6,Van Buren County              ,0,0,0,0,0,0,0,0,0,0,0,0,0,0,0,0,0,0,0,0,0,0,0,0
202010,47,189,3,6,Wilson County                 ,176,176,47918086,1,2,258750,0,0,0,1,5,106750,92,92,33165375,0,0,0,0,0,0,0,0,0
202010,48,013,3,7,Atascosa County               ,4,4,715702,0,0,0,0,0,0,0,0,0,0,0,0,0,0,0,0,0,0,0,0,0
202010,48,015,3,7,Austin County                 ,2,2,380960,0,0,0,0,0,0,0,0,0,0,0,0,0,0,0,0,0,0,0,0,0
202010,48,019,3,7,Bandera County                ,0,0,0,0,0,0,0,0,0,0,0,0,0,0,0,0,0,0,0,0,0,0,0,0
202010,48,021,3,7,Bastrop County                ,87,87,15777991,1,2,187711,0,0,0,0,0,0,87,87,15777991,1,2,187711,0,0,0,0,0,0
202010,48,025,3,7,Bee County                    ,1,1,118255,1,2,150000,0,0,0,0,0,0,0,0,0,0,0,0,0,0,0,0,0,0
202010,48,027,3,7,Bell County                   ,273,273,59277627,15,30,2984668,0,0,0,0,0,0,227,227,47460206,9,18,1689399,0,0,0,0,0,0
202010,48,029,3,7,Bexar County                  ,578,578,126594945,19,38,4033000,0,0,0,24,440,47718481,515,515,117258355,19,38,4033000,0,0,0,23,435,46652985
202010,48,051,3,7,Burleson County               ,2,2,246035,0,0,0,0,0,0,0,0,0,2,2,246035,0,0,0,0,0,0,0,0,0
202010,48,055,3,7,Caldwell County               ,33,33,6967478,0,0,0,0,0,0,0,0,0,2,2,418152,0,0,0,0,0,0,0,0,0
202010,48,085,3,7,Collin County                 ,1267,1267,336610314,60,120,12658463,1,4,523182,1,5,599287,1151,1151,302147004,60,120,12658463,1,4,523182,1,5,599287
202010,48,091,3,7,Comal County                  ,301,301,70171829,2,4,675000,0,0,0,0,0,0,301,301,70171829,2,4,675000,0,0,0,0,0,0
202010,48,099,3,7,Coryell County                ,4,4,529795,0,0,0,0,0,0,0,0,0,4,4,529795,0,0,0,0,0,0,0,0,0
202010,48,107,3,7,Crosby County                 ,0,0,0,0,0,0,0,0,0,0,0,0,0,0,0,0,0,0,0,0,0,0,0,0
202010,48,113,3,7,Dallas County                 ,495,495,136345892,4,8,1452848,1,4,523182,4,239,32835576,460,460,121540048,4,8,1452848,1,4,523182,2,156,18697754
202010,48,119,3,7,Delta County                  ,1,1,209076,0,0,0,0,0,0,0,0,0,1,1,209076,0,0,0,0,0,0,0,0,0
202010,48,135,3,7,Ector County                  ,83,83,19284163,1,2,300000,0,0,0,3,66,7904124,0,0,0,0,0,0,0,0,0,0,0,0
202010,48,139,3,7,Ellis County                  ,229,229,51133852,1,2,247016,0,0,0,1,5,851124,160,160,36920174,1,2,247016,0,0,0,0,0,0
202010,48,141,3,7,El Paso County                ,269,269,64325264,6,12,1656503,2,8,970334,1,21,2404267,59,59,13754611,2,4,494032,0,0,0,0,0,0
202010,48,157,3,7,Fort Bend County              ,923,923,80723494,0,0,0,0,0,0,6,142,17019751,41,41,9558289,0,0,0,0,0,0,0,0,0
202010,48,167,3,7,Galveston County              ,305,305,70465827,0,0,0,0,0,0,0,0,0,211,211,44069024,0,0,0,0,0,0,0,0,0
202010,48,185,3,7,Grimes County                 ,14,14,2329525,0,0,0,0,0,0,0,0,0,14,14,2329525,0,0,0,0,0,0,0,0,0
202010,48,187,3,7,Guadalupe County              ,122,122,28608999,3,6,741048,0,0,0,0,0,0,121,121,28371542,3,6,741048,0,0,0,0,0,0
202010,48,193,3,7,Hamilton County               ,0,0,0,0,0,0,0,0,0,0,0,0,0,0,0,0,0,0,0,0,0,0,0,0
202010,48,195,3,7,Hansford County               ,0,0,0,0,0,0,0,0,0,0,0,0,0,0,0,0,0,0,0,0,0,0,0,0
202010,48,201,3,7,Harris County                 ,1988,1988,428253599,28,56,5319098,0,0,0,23,1058,176342778,1947,1947,417988599,28,56,5319098,0,0,0,23,1058,176342778
202010,48,211,3,7,Hemphill County               ,0,0,0,0,0,0,0,0,0,0,0,0,0,0,0,0,0,0,0,0,0,0,0,0
202010,48,215,3,7,Hidalgo County                ,417,417,82705838,26,52,12439151,40,160,18018224,10,176,12717716,360,360,76931938,8,16,1080612,40,160,18018224,9,152,10887022
202010,48,233,3,7,Hutchinson County             ,0,0,0,0,0,0,0,0,0,0,0,0,0,0,0,0,0,0,0,0,0,0,0,0
202010,48,251,3,7,Johnson County                ,97,97,25299186,11,22,2115902,7,28,2224210,1,15,1683675,74,74,19462383,8,16,1444855,7,28,2224210,0,0,0
202010,48,257,3,7,Kaufman County                ,142,142,29309493,104,208,27600000,0,0,0,0,0,0,141,141,29075771,104,208,27600000,0,0,0,0,0,0
202010,48,259,3,7,Kendall County                ,41,41,9627643,0,0,0,0,0,0,0,0,0,0,0,0,0,0,0,0,0,0,0,0,0
202010,48,271,3,7,Kinney County                 ,0,0,0,0,0,0,0,0,0,0,0,0,0,0,0,0,0,0,0,0,0,0,0,0
202010,48,281,3,7,Lampasas County               ,7,7,1234950,0,0,0,0,0,0,0,0,0,7,7,1234950,0,0,0,0,0,0,0,0,0
202010,48,291,3,7,Liberty County                ,99,99,16029846,0,0,0,0,0,0,0,0,0,92,92,14367649,0,0,0,0,0,0,0,0,0
202010,48,303,3,7,Lubbock County                ,246,246,47745913,27,54,7091950,0,0,0,8,77,5239375,245,245,47572913,27,54,7091950,0,0,0,7,72,4880000
202010,48,323,3,7,Maverick County               ,10,10,2337234,0,0,0,0,0,0,0,0,0,0,0,0,0,0,0,0,0,0,0,0,0
202010,48,325,3,7,Medina County                 ,4,4,983129,0,0,0,0,0,0,0,0,0,4,4,983129,0,0,0,0,0,0,0,0,0
202010,48,329,3,7,Midland County                ,63,63,11761000,0,0,0,0,0,0,0,0,0,63,63,11761000,0,0,0,0,0,0,0,0,0
202010,48,339,3,7,Montgomery County             ,804,804,181026219,25,50,3219115,4,16,1490920,5,42,3855170,787,787,177064092,25,50,3219115,4,16,1490920,5,42,3855170
202010,48,367,3,7,Parker County                 ,47,47,10830956,1,2,295877,1,3,163068,2,27,3147258,25,25,6409208,0,0,0,0,0,0,0,0,0
202010,48,375,3,7,Potter County                 ,51,51,11889579,0,0,0,0,0,0,0,0,0,51,51,11889579,0,0,0,0,0,0,0,0,0
202010,48,383,3,7,Reagan County                 ,0,0,0,0,0,0,0,0,0,0,0,0,0,0,0,0,0,0,0,0,0,0,0,0
202010,48,385,3,7,Real County                   ,0,0,0,0,0,0,0,0,0,0,0,0,0,0,0,0,0,0,0,0,0,0,0,0
202010,48,395,3,7,Robertson County              ,5,5,1045379,0,0,0,0,0,0,0,0,0,5,5,1045379,0,0,0,0,0,0,0,0,0
202010,48,397,3,7,Rockwall County               ,262,262,80750473,0,0,0,0,0,0,0,0,0,249,249,74019493,0,0,0,0,0,0,0,0,0
202010,48,407,3,7,San Jacinto County            ,41,41,9008840,0,0,0,0,0,0,0,0,0,0,0,0,0,0,0,0,0,0,0,0,0
202010,48,411,3,7,San Saba County               ,0,0,0,0,0,0,0,0,0,0,0,0,0,0,0,0,0,0,0,0,0,0,0,0
202010,48,451,3,7,Tom Green County              ,115,115,24043717,0,0,0,0,0,0,0,0,0,115,115,24043717,0,0,0,0,0,0,0,0,0
202010,48,453,3,7,Travis County                 ,930,930,198259727,19,38,3566509,1,3,333667,7,528,48780336,916,916,195518117,19,38,3566509,0,0,0,7,528,48780336
202010,48,473,3,7,Waller County                 ,1,1,96032,0,0,0,0,0,0,1,5,110903,0,0,0,0,0,0,0,0,0,0,0,0
202010,48,491,3,7,Williamson County             ,584,584,142510459,0,0,0,0,0,0,0,0,0,543,543,131877446,0,0,0,0,0,0,0,0,0
202010,48,493,3,7,Wilson County                 ,14,14,3530677,0,0,0,0,0,0,0,0,0,14,14,3530677,0,0,0,0,0,0,0,0,0
202010,48,497,3,7,Wise County                   ,7,7,1624848,0,0,0,0,0,0,1,5,550000,5,5,1171387,0,0,0,0,0,0,1,5,550000
202010,49,011,4,8,Davis County                  ,173,173,47915013,0,0,0,3,9,1110000,1,5,585972,151,151,41753838,0,0,0,2,6,1110000,0,0,0
202010,49,023,4,8,Juab County                   ,10,10,3146296,0,0,0,0,0,0,0,0,0,8,8,2394181,0,0,0,0,0,0,0,0,0
202010,49,029,4,8,Morgan County                 ,9,9,3729327,0,0,0,0,0,0,0,0,0,6,6,2913312,0,0,0,0,0,0,0,0,0
202010,49,035,4,8,Salt Lake County              ,439,439,114282184,3,6,793927,23,89,18235124,14,352,47825980,318,318,83718225,0,0,0,21,83,17176877,13,332,45172899
202010,49,039,4,8,Sanpete County                ,9,9,1873198,0,0,0,0,0,0,0,0,0,9,9,1873198,0,0,0,0,0,0,0,0,0
202010,49,043,4,8,Summit County                 ,22,22,14808431,0,0,0,1,3,841530,1,5,854284,6,6,7675198,0,0,0,0,0,0,0,0,0
202010,49,057,4,8,Weber County                  ,115,115,30919334,0,0,0,1,4,783171,3,35,3159921,91,91,25264086,0,0,0,0,0,0,1,24,2090000
202010,51,003,3,5,Albemarle County              ,73,73,21902076,0,0,0,0,0,0,1,18,1739653,0,0,0,0,0,0,0,0,0,0,0,0
202010,51,007,3,5,Amelia County                 ,3,3,883350,0,0,0,0,0,0,0,0,0,3,3,883350,0,0,0,0,0,0,0,0,0
202010,51,009,3,5,Amherst County                ,6,6,1595000,0,0,0,0,0,0,0,0,0,6,6,1595000,0,0,0,0,0,0,0,0,0
202010,51,013,3,5,Arlington County              ,10,10,4555700,0,0,0,0,0,0,0,0,0,10,10,4555700,0,0,0,0,0,0,0,0,0
202010,51,015,3,5,Augusta County                ,19,19,4570440,0,0,0,0,0,0,0,0,0,19,19,4570440,0,0,0,0,0,0,0,0,0
202010,51,019,3,5,Bedford County                ,4,4,927930,0,0,0,0,0,0,0,0,0,0,0,0,0,0,0,0,0,0,0,0,0
202010,51,033,3,5,Caroline County               ,10,10,1419025,0,0,0,0,0,0,0,0,0,10,10,1419025,0,0,0,0,0,0,0,0,0
202010,51,036,3,5,Charles City County           ,2,2,365987,0,0,0,0,0,0,0,0,0,0,0,0,0,0,0,0,0,0,0,0,0
202010,51,037,3,5,Charlotte County              ,2,2,327222,0,0,0,0,0,0,0,0,0,0,0,0,0,0,0,0,0,0,0,0,0
202010,51,041,3,5,Chesterfield County           ,255,255,41723569,0,0,0,0,0,0,2,20,2627680,255,255,41723569,0,0,0,0,0,0,2,20,2627680
202010,51,043,3,5,Clarke County                 ,8,8,1877112,0,0,0,0,0,0,0,0,0,8,8,1877112,0,0,0,0,0,0,0,0,0
202010,51,049,3,5,Cumberland County             ,3,3,254000,0,0,0,0,0,0,0,0,0,3,3,254000,0,0,0,0,0,0,0,0,0
202010,51,051,3,5,Dickenson County              ,0,0,0,0,0,0,0,0,0,0,0,0,0,0,0,0,0,0,0,0,0,0,0,0
202010,51,053,3,5,Dinwiddie County              ,10,10,1685073,0,0,0,0,0,0,0,0,0,0,0,0,0,0,0,0,0,0,0,0,0
202010,51,059,3,5,Fairfax County                ,75,75,17484675,0,0,0,0,0,0,2,28,3700000,75,75,17484675,0,0,0,0,0,0,2,28,3700000
202010,51,061,3,5,Fauquier County               ,24,24,8606873,0,0,0,0,0,0,0,0,0,2,2,360000,0,0,0,0,0,0,0,0,0
202010,51,069,3,5,Frederick County              ,62,62,16795860,0,0,0,0,0,0,0,0,0,62,62,16795860,0,0,0,0,0,0,0,0,0
202010,51,073,3,5,Gloucester County             ,10,10,1566000,0,0,0,0,0,0,0,0,0,10,10,1566000,0,0,0,0,0,0,0,0,0
202010,51,075,3,5,Goochland County              ,23,23,6449308,0,0,0,0,0,0,0,0,0,23,23,6449308,0,0,0,0,0,0,0,0,0
202010,51,085,3,5,Hanover County                ,50,50,10453790,0,0,0,0,0,0,0,0,0,50,50,10453790,0,0,0,0,0,0,0,0,0
202010,51,087,3,5,Henrico County                ,60,60,8562870,0,0,0,0,0,0,0,0,0,60,60,8562870,0,0,0,0,0,0,0,0,0
202010,51,093,3,5,Isle of Wight County          ,23,23,4703336,0,0,0,0,0,0,0,0,0,0,0,0,0,0,0,0,0,0,0,0,0
202010,51,095,3,5,James City County             ,16,16,3235478,0,0,0,0,0,0,0,0,0,16,16,3235478,0,0,0,0,0,0,0,0,0
202010,51,097,3,5,King and Queen County         ,3,3,493240,0,0,0,0,0,0,0,0,0,0,0,0,0,0,0,0,0,0,0,0,0
202010,51,099,3,5,King George County            ,18,18,3763364,0,0,0,0,0,0,0,0,0,18,18,3763364,0,0,0,0,0,0,0,0,0
202010,51,107,3,5,Loudoun County                ,165,165,35616838,0,0,0,0,0,0,1,26,3120000,165,165,35616838,0,0,0,0,0,0,1,26,3120000
202010,51,109,3,5,Louisa County                 ,49,49,9969668,0,0,0,0,0,0,0,0,0,49,49,9969668,0,0,0,0,0,0,0,0,0
202010,51,115,3,5,Mathews County                ,6,6,1802475,0,0,0,0,0,0,0,0,0,6,6,1802475,0,0,0,0,0,0,0,0,0
202010,51,127,3,5,New Kent County               ,38,38,13856000,0,0,0,0,0,0,0,0,0,38,38,13856000,0,0,0,0,0,0,0,0,0
202010,51,139,3,5,Page County                   ,12,12,2395080,0,0,0,0,0,0,0,0,0,12,12,2395080,0,0,0,0,0,0,0,0,0
202010,51,145,3,5,Powhatan County               ,29,29,6026642,0,0,0,0,0,0,0,0,0,29,29,6026642,0,0,0,0,0,0,0,0,0
202010,51,149,3,5,Prince George County          ,6,6,850000,0,0,0,0,0,0,0,0,0,6,6,850000,0,0,0,0,0,0,0,0,0
202010,51,153,3,5,Prince William County         ,81,81,13165437,0,0,0,0,0,0,1,5,567698,81,81,13165437,0,0,0,0,0,0,0,0,0
202010,51,165,3,5,Rockingham County             ,44,44,12548110,0,0,0,0,0,0,0,0,0,44,44,12548110,0,0,0,0,0,0,0,0,0
202010,51,175,3,5,Southampton County            ,7,7,1108604,0,0,0,0,0,0,0,0,0,0,0,0,0,0,0,0,0,0,0,0,0
202010,51,177,3,5,Spotsylvania County           ,75,75,19613684,0,0,0,0,0,0,1,38,4469172,0,0,0,0,0,0,0,0,0,0,0,0
202010,51,179,3,5,Stafford County               ,104,104,22556499,0,0,0,0,0,0,0,0,0,104,104,22556499,0,0,0,0,0,0,0,0,0
202010,51,181,3,5,Surry County                  ,2,2,200000,0,0,0,0,0,0,0,0,0,2,2,200000,0,0,0,0,0,0,0,0,0
202010,51,183,3,5,Sussex County                 ,2,2,315000,0,0,0,0,0,0,0,0,0,2,2,315000,0,0,0,0,0,0,0,0,0
202010,51,187,3,5,Warren County                 ,24,24,6891068,0,0,0,0,0,0,0,0,0,24,24,6891068,0,0,0,0,0,0,0,0,0
202010,51,199,3,5,York County                   ,17,17,3963193,0,0,0,0,0,0,0,0,0,17,17,3963193,0,0,0,0,0,0,0,0,0
202010,51,510,3,5,Alexandria (Independent City) ,4,4,1109350,0,0,0,0,0,0,0,0,0,4,4,1109350,0,0,0,0,0,0,0,0,0
202010,51,540,3,5,Charlottesville (Independent C,6,6,2077712,1,2,380000,0,0,0,0,0,0,0,0,0,0,0,0,0,0,0,0,0,0
202010,51,550,3,5,Chesapeake(Independent City)  ,53,53,12355837,0,0,0,0,0,0,0,0,0,53,53,12355837,0,0,0,0,0,0,0,0,0
202010,51,570,3,5,Colonial Heights (Independent ,0,0,0,0,0,0,0,0,0,0,0,0,0,0,0,0,0,0,0,0,0,0,0,0
202010,51,580,3,5,Covington (Independent City)  ,0,0,0,0,0,0,0,0,0,0,0,0,0,0,0,0,0,0,0,0,0,0,0,0
202010,51,600,3,5,Fairfax (Independent City)    ,1,1,460000,0,0,0,0,0,0,0,0,0,1,1,460000,0,0,0,0,0,0,0,0,0
202010,51,610,3,5,Falls Church (Independent City,3,3,1590000,0,0,0,0,0,0,0,0,0,3,3,1590000,0,0,0,0,0,0,0,0,0
202010,51,630,3,5,Fredericksburg(Independent Cit,16,16,4420619,0,0,0,0,0,0,0,0,0,16,16,4420619,0,0,0,0,0,0,0,0,0
202010,51,650,3,5,Hampton (Independent City)    ,21,21,1310104,0,0,0,0,0,0,0,0,0,0,0,0,0,0,0,0,0,0,0,0,0
202010,51,660,3,5,Harrisonburg (Independent City,1,1,373450,0,0,0,0,0,0,0,0,0,1,1,373450,0,0,0,0,0,0,0,0,0
202010,51,670,3,5,Hopewell (Independent City)   ,4,4,371573,0,0,0,0,0,0,1,5,430895,0,0,0,0,0,0,0,0,0,0,0,0
202010,51,680,3,5,Lynchburg (Independent City)  ,11,11,1821749,0,0,0,0,0,0,0,0,0,11,11,1821749,0,0,0,0,0,0,0,0,0
202010,51,683,3,5,Manassas (Independent City)   ,15,15,3496935,0,0,0,0,0,0,0,0,0,15,15,3496935,0,0,0,0,0,0,0,0,0
202010,51,685,3,5,Manassas Park (Independent Cit,0,0,0,0,0,0,0,0,0,0,0,0,0,0,0,0,0,0,0,0,0,0,0,0
202010,51,700,3,5,Newport News (Independent City,22,22,3381411,0,0,0,0,0,0,0,0,0,22,22,3381411,0,0,0,0,0,0,0,0,0
202010,51,710,3,5,Norfolk (Independent City)    ,40,40,9325160,0,0,0,0,0,0,0,0,0,40,40,9325160,0,0,0,0,0,0,0,0,0
202010,51,730,3,5,Petersburg (Independent City) ,1,1,135022,0,0,0,0,0,0,0,0,0,0,0,0,0,0,0,0,0,0,0,0,0
202010,51,735,3,5,Poquoson (Independent City)   ,3,3,593885,0,0,0,0,0,0,0,0,0,0,0,0,0,0,0,0,0,0,0,0,0
202010,51,740,3,5,Portsmouth (Independent City) ,9,9,1184700,0,0,0,0,0,0,0,0,0,9,9,1184700,0,0,0,0,0,0,0,0,0
202010,51,760,3,5,Richmond (Independent City)   ,28,28,5854122,0,0,0,0,0,0,0,0,0,28,28,5854122,0,0,0,0,0,0,0,0,0
202010,51,800,3,5,Suffolk (Independent City)    ,55,55,9641329,0,0,0,0,0,0,1,10,839599,0,0,0,0,0,0,0,0,0,0,0,0
202010,51,810,3,5,Virginia Beach (Independent Ci,25,25,6956521,0,0,0,0,0,0,0,0,0,25,25,6956521,0,0,0,0,0,0,0,0,0
202010,51,830,3,5,Williamsburg (Independent City,0,0,0,2,4,426204,0,0,0,0,0,0,0,0,0,2,4,426204,0,0,0,0,0,0
202010,53,005,4,9,Benton County                 ,136,136,38876802,1,2,357938,0,0,0,0,0,0,115,115,33948564,1,2,357938,0,0,0,0,0,0
202010,53,011,4,9,Clark County                  ,368,368,103823917,1,2,408235,1,4,741784,7,84,8781986,361,361,102100303,1,2,408235,1,4,741784,7,84,8781986
202010,53,021,4,9,Franklin County               ,60,60,16928759,1,2,173640,0,0,0,0,0,0,10,10,3903460,0,0,0,0,0,0,0,0,0
202010,53,031,4,9,Jefferson County              ,21,21,4632992,0,0,0,0,0,0,0,0,0,7,7,1149198,0,0,0,0,0,0,0,0,0
202010,53,033,4,9,King County                   ,326,326,134117542,4,8,2029388,6,20,2963918,6,273,30724742,198,198,81109658,2,4,991232,5,17,2314018,2,161,18195546
202010,53,035,4,9,Kitsap County                 ,109,109,35295228,1,2,510475,0,0,0,1,27,2577270,109,109,35295228,1,2,510475,0,0,0,1,27,2577270
202010,53,053,4,9,Pierce County                 ,219,219,66637770,6,12,2427309,1,4,1081828,15,271,29811950,218,218,66176270,6,12,2427309,1,4,1081828,15,271,29811950
202010,53,055,4,9,San Juan County               ,9,9,2353736,1,2,237780,0,0,0,0,0,0,6,6,1883429,0,0,0,0,0,0,0,0,0
202010,53,059,4,9,Skamania County               ,11,11,2898989,0,0,0,0,0,0,0,0,0,11,11,2898989,0,0,0,0,0,0,0,0,0
202010,53,061,4,9,Snohomish County              ,178,178,50500150,8,16,3992966,4,15,3030815,7,266,37702307,153,153,43025233,7,14,3521901,4,15,3030815,4,208,31648480
202010,54,011,3,5,Cabell County                 ,9,9,1784830,0,0,0,0,0,0,0,0,0,2,2,415129,0,0,0,0,0,0,0,0,0
202010,54,015,3,5,Clay County                   ,5,5,125000,0,0,0,0,0,0,0,0,0,0,0,0,0,0,0,0,0,0,0,0,0
202010,54,019,3,5,Fayette County                ,2,2,266870,0,0,0,0,0,0,0,0,0,1,1,210000,0,0,0,0,0,0,0,0,0
202010,54,037,3,5,Jefferson County              ,15,15,4470764,0,0,0,0,0,0,0,0,0,0,0,0,0,0,0,0,0,0,0,0,0
202010,54,081,3,5,Raleigh County                ,7,7,1291600,0,0,0,0,0,0,0,0,0,7,7,1291600,0,0,0,0,0,0,0,0,0
202010,55,025,2,3,Dane County                   ,141,141,52170010,4,8,1790817,0,0,0,8,172,18359466,110,110,43377823,2,4,725000,0,0,0,7,167,17066722
202010,55,031,2,3,Douglas County                ,11,11,1885264,0,0,0,0,0,0,0,0,0,11,11,1885264,0,0,0,0,0,0,0,0,0
202010,55,037,2,3,Florence County               ,6,6,2894965,0,0,0,0,0,0,0,0,0,6,6,2894965,0,0,0,0,0,0,0,0,0
202010,55,049,2,3,Iowa County                   ,8,8,1765000,1,2,250000,0,0,0,0,0,0,7,7,1525000,1,2,250000,0,0,0,0,0,0
202010,55,059,2,3,Kenosha County                ,41,41,13240062,0,0,0,0,0,0,0,0,0,38,38,12372084,0,0,0,0,0,0,0,0,0
202010,55,079,2,3,Milwaukee County              ,11,11,4601498,2,4,669608,2,8,1620000,1,5,585776,9,9,3960498,2,4,669608,2,8,1620000,0,0,0
202010,55,089,2,3,Ozaukee County                ,18,18,6803305,2,4,960000,0,0,0,2,45,4659896,10,10,3216129,2,4,960000,0,0,0,1,35,4600000
202010,55,093,2,3,Pierce County                 ,16,16,3670508,0,0,0,0,0,0,4,84,11182600,14,14,3206109,0,0,0,0,0,0,4,84,11182600
202010,55,109,2,3,St. Croix County              ,68,68,18556476,0,0,0,0,0,0,0,0,0,57,57,15997895,0,0,0,0,0,0,0,0,0
202010,55,131,2,3,Washington County             ,41,41,12419389,0,0,0,0,0,0,0,0,0,32,32,8572800,0,0,0,0,0,0,0,0,0
202010,56,025,4,8,Natrona County                ,13,13,3364103,0,0,0,0,0,0,0,0,0,13,13,3364103,0,0,0,0,0,0,0,0,0
202010,56,029,4,8,Park County                   ,11,11,2661003,1,2,320000,0,0,0,0,0,0,11,11,2661003,1,2,320000,0,0,0,0,0,0
202010,56,039,4,8,Teton County                  ,11,11,12380380,1,2,623319,1,3,116499,0,0,0,9,9,11335000,0,0,0,0,0,0,0,0,0
