Survey,FIPS,FIPS,Region,Division,County,,1-unit,,,2-units,,,3-4 units,,,5+ units,,,1-unit rep,,,2-units rep,,,3-4 units rep,,, 5+units rep
Date,State,County,Code,Code,Name,Bldgs,Units,Value,Bldgs,Units,Value,Bldgs,Units,Value,Bldgs,Units,Value,Bldgs,Units,Value,Bldgs,Units,Value,Bldgs,Units,Value,Bldgs,Units,Value
 
202012,01,001,3,6,Autauga County                ,27,27,8476474,0,0,0,0,0,0,0,0,0,27,27,8476474,0,0,0,0,0,0,0,0,0
202012,01,007,3,6,Bibb County                   ,0,0,0,0,0,0,0,0,0,0,0,0,0,0,0,0,0,0,0,0,0,0,0,0
202012,01,009,3,6,Blount County                 ,1,1,125000,0,0,0,0,0,0,0,0,0,1,1,125000,0,0,0,0,0,0,0,0,0
202012,01,021,3,6,Chilton County                ,6,6,990000,0,0,0,0,0,0,0,0,0,6,6,990000,0,0,0,0,0,0,0,0,0
202012,01,073,3,6,Jefferson County              ,113,113,35741831,1,2,247329,0,0,0,1,7,705878,72,72,25200117,0,0,0,0,0,0,0,0,0
202012,01,081,3,6,Lee County                    ,120,120,31187776,1,2,433506,0,0,0,0,0,0,87,87,23445743,1,2,433506,0,0,0,0,0,0
202012,01,083,3,6,Limestone County              ,44,44,10257676,0,0,0,0,0,0,0,0,0,44,44,10257676,0,0,0,0,0,0,0,0,0
202012,01,089,3,6,Madison County                ,323,323,51881161,0,0,0,0,0,0,0,0,0,187,187,23946563,0,0,0,0,0,0,0,0,0
202012,01,113,3,6,Russell County                ,27,27,5603189,0,0,0,0,0,0,0,0,0,27,27,5603189,0,0,0,0,0,0,0,0,0
202012,01,115,3,6,St. Clair County              ,41,41,6753704,1,2,175000,0,0,0,0,0,0,17,17,2254755,0,0,0,0,0,0,0,0,0
202012,01,117,3,6,Shelby County                 ,76,76,20101896,0,0,0,0,0,0,0,0,0,68,68,17851545,0,0,0,0,0,0,0,0,0
202012,01,127,3,6,Walker County                 ,5,5,678101,0,0,0,0,0,0,0,0,0,5,5,678101,0,0,0,0,0,0,0,0,0
202012,02,013,4,9,Aleutians East Borough        ,0,0,0,0,0,0,0,0,0,0,0,0,0,0,0,0,0,0,0,0,0,0,0,0
202012,02,016,4,9,Aleutians West Census Area    ,0,0,0,0,0,0,0,0,0,0,0,0,0,0,0,0,0,0,0,0,0,0,0,0
202012,02,020,4,9,Anchorage Municipality        ,88,88,27567034,0,0,0,1,4,694844,2,21,3320007,0,0,0,0,0,0,0,0,0,0,0,0
202012,02,050,4,9,Bethel Census Area            ,0,0,0,0,0,0,0,0,0,0,0,0,0,0,0,0,0,0,0,0,0,0,0,0
202012,02,060,4,9,Bristol Bay Borough           ,0,0,0,0,0,0,0,0,0,0,0,0,0,0,0,0,0,0,0,0,0,0,0,0
202012,02,070,4,9,Dillingham Census Area        ,0,0,0,0,0,0,0,0,0,0,0,0,0,0,0,0,0,0,0,0,0,0,0,0
202012,02,090,4,9,Fairbanks North Star Borough  ,0,0,0,0,0,0,0,0,0,0,0,0,0,0,0,0,0,0,0,0,0,0,0,0
202012,02,100,4,9,Haines Borough                ,1,1,149444,0,0,0,0,0,0,0,0,0,0,0,0,0,0,0,0,0,0,0,0,0
202012,02,105,4,9,Hoonah-Angoon Census Area     ,0,0,0,0,0,0,0,0,0,0,0,0,0,0,0,0,0,0,0,0,0,0,0,0
202012,02,110,4,9,Juneau City and Borough       ,2,2,422067,1,2,398304,0,0,0,0,0,0,2,2,422067,1,2,398304,0,0,0,0,0,0
202012,02,122,4,9,Kenai Peninsula Borough       ,3,3,756344,0,0,0,0,0,0,0,0,0,1,1,314000,0,0,0,0,0,0,0,0,0
202012,02,130,4,9,Ketchikan Gateway Borough     ,3,3,890501,0,0,0,1,4,594546,0,0,0,3,3,890501,0,0,0,1,4,594546,0,0,0
202012,02,150,4,9,Kodiak Island Borough         ,0,0,0,0,0,0,0,0,0,0,0,0,0,0,0,0,0,0,0,0,0,0,0,0
202012,02,170,4,9,Matanuska-Susitna Borough     ,1,1,193104,1,2,345725,0,0,0,0,0,0,1,1,193104,1,2,345725,0,0,0,0,0,0
202012,02,180,4,9,Nome Census Area              ,1,1,181950,0,0,0,0,0,0,0,0,0,0,0,0,0,0,0,0,0,0,0,0,0
202012,02,185,4,9,North Slope Borough           ,0,0,0,0,0,0,0,0,0,0,0,0,0,0,0,0,0,0,0,0,0,0,0,0
202012,02,188,4,9,Northwest Arctic Borough      ,0,0,0,0,0,0,0,0,0,0,0,0,0,0,0,0,0,0,0,0,0,0,0,0
202012,02,195,4,9,Petersburg Borough            ,0,0,0,0,0,0,0,0,0,0,0,0,0,0,0,0,0,0,0,0,0,0,0,0
202012,02,198,4,9,Prince of Wales-Hyder Census A,0,0,0,0,0,0,0,0,0,0,0,0,0,0,0,0,0,0,0,0,0,0,0,0
202012,02,220,4,9,Sitka City and Borough        ,1,1,205113,0,0,0,0,0,0,0,0,0,0,0,0,0,0,0,0,0,0,0,0,0
202012,02,230,4,9,Skagway Municipality          ,0,0,0,0,0,0,0,0,0,0,0,0,0,0,0,0,0,0,0,0,0,0,0,0
202012,02,261,4,9,Valdez-Cordova Census Area    ,1,1,208700,0,0,0,0,0,0,0,0,0,0,0,0,0,0,0,0,0,0,0,0,0
202012,02,275,4,9,Wrangell City and Borough     ,0,0,0,0,0,0,0,0,0,0,0,0,0,0,0,0,0,0,0,0,0,0,0,0
202012,02,282,4,9,Yakutat City and Borough      ,1,1,166923,0,0,0,0,0,0,0,0,0,0,0,0,0,0,0,0,0,0,0,0,0
202012,02,290,4,9,Yukon-Koyukuk Census Area     ,0,0,0,0,0,0,0,0,0,0,0,0,0,0,0,0,0,0,0,0,0,0,0,0
202012,04,013,4,8,Maricopa County               ,2713,2713,692449208,34,68,6438368,7,21,4148529,66,1902,229810946,2702,2702,690154484,33,66,6178688,7,21,4148529,64,1746,202663385
202012,04,019,4,8,Pima County                   ,383,383,113240431,2,4,474101,0,0,0,6,94,14123087,278,278,86307229,0,0,0,0,0,0,0,0,0
202012,04,021,4,8,Pinal County                  ,558,558,125078281,0,0,0,0,0,0,0,0,0,486,486,108744134,0,0,0,0,0,0,0,0,0
202012,05,013,3,7,Calhoun County                ,0,0,0,0,0,0,0,0,0,0,0,0,0,0,0,0,0,0,0,0,0,0,0,0
202012,05,035,3,7,Crittenden County             ,13,13,1402800,1,2,232000,0,0,0,0,0,0,12,12,1169747,1,2,232000,0,0,0,0,0,0
202012,05,043,3,7,Drew County                   ,0,0,0,0,0,0,0,0,0,0,0,0,0,0,0,0,0,0,0,0,0,0,0,0
202012,05,045,3,7,Faulkner County               ,35,35,7368056,1,2,151668,0,0,0,1,7,191506,13,13,2240000,0,0,0,0,0,0,0,0,0
202012,05,053,3,7,Grant County                  ,3,3,503793,0,0,0,0,0,0,0,0,0,0,0,0,0,0,0,0,0,0,0,0,0
202012,05,085,3,7,Lonoke County                 ,35,35,4346367,0,0,0,0,0,0,0,0,0,9,9,2098161,0,0,0,0,0,0,0,0,0
202012,05,087,3,7,Madison County                ,7,7,1047970,0,0,0,0,0,0,0,0,0,7,7,1047970,0,0,0,0,0,0,0,0,0
202012,05,091,3,7,Miller County                 ,3,3,628181,0,0,0,0,0,0,0,0,0,0,0,0,0,0,0,0,0,0,0,0,0
202012,05,105,3,7,Perry County                  ,0,0,0,0,0,0,0,0,0,0,0,0,0,0,0,0,0,0,0,0,0,0,0,0
202012,05,119,3,7,Pulaski County                ,94,94,22641349,0,0,0,0,0,0,0,0,0,94,94,22641349,0,0,0,0,0,0,0,0,0
202012,05,129,3,7,Searcy County                 ,0,0,0,0,0,0,0,0,0,0,0,0,0,0,0,0,0,0,0,0,0,0,0,0
202012,05,143,3,7,Washington County             ,146,146,38796142,3,6,1288745,0,0,0,0,0,0,138,138,37072185,3,6,1288745,0,0,0,0,0,0
202012,06,001,4,9,Alameda County                ,82,82,22917407,1,2,252200,0,0,0,10,150,33047175,33,33,8023139,1,2,252200,0,0,0,6,107,22953599
202012,06,013,4,9,Contra Costa County           ,163,163,53548467,1,2,750000,0,0,0,6,78,13887014,153,153,51814719,0,0,0,0,0,0,5,34,7235414
202012,06,017,4,9,El Dorado County              ,65,65,22445060,0,0,0,0,0,0,0,0,0,65,65,22445060,0,0,0,0,0,0,0,0,0
202012,06,019,4,9,Fresno County                 ,238,238,73466013,3,6,1040733,6,18,1147930,8,68,9151264,9,9,1935877,0,0,0,0,0,0,0,0,0
202012,06,037,4,9,Los Angeles County            ,713,713,174855274,43,86,18927269,10,36,8506304,54,2117,541537035,601,601,141637059,39,78,17999686,5,20,5002039,42,1937,508059194
202012,06,041,4,9,Marin County                  ,17,17,7519271,1,2,1531250,1,3,350000,1,6,1289601,6,6,1661000,0,0,0,1,3,350000,0,0,0
202012,06,059,4,9,Orange County                 ,218,218,63725252,5,10,2199164,3,9,3001072,7,495,73774305,173,173,42575875,3,6,865807,3,9,3001072,5,393,54672828
202012,06,061,4,9,Placer County                 ,235,235,76975025,0,0,0,0,0,0,0,0,0,233,233,76591021,0,0,0,0,0,0,0,0,0
202012,06,063,4,9,Plumas County                 ,4,4,745186,0,0,0,0,0,0,0,0,0,4,4,745186,0,0,0,0,0,0,0,0,0
202012,06,067,4,9,Sacramento County             ,454,454,122178684,10,20,2725000,14,53,11511027,11,528,119460722,452,452,121714846,10,20,2725000,14,53,11511027,11,528,119460722
202012,06,069,4,9,San Benito County             ,77,77,18073215,0,0,0,0,0,0,0,0,0,44,44,7397821,0,0,0,0,0,0,0,0,0
202012,06,071,4,9,San Bernardino County         ,381,381,92184469,0,0,0,4,16,2808898,12,164,24152755,358,358,86125562,0,0,0,4,16,2808898,11,155,23656203
202012,06,073,4,9,San Diego County              ,275,275,77145577,3,6,1006241,8,28,6781812,51,1239,287569003,249,249,70727740,3,6,1006241,8,28,6781812,50,1201,283668685
202012,06,075,4,9,San Francisco County          ,1,1,277683,1,2,355932,0,0,0,2,214,70000000,1,1,277683,1,2,355932,0,0,0,2,214,70000000
202012,06,081,4,9,San Mateo County              ,38,38,24498411,0,0,0,0,0,0,2,26,6130757,25,25,16421180,0,0,0,0,0,0,0,0,0
202012,06,085,4,9,Santa Clara County            ,155,155,57064998,1,2,592814,1,3,795129,9,222,38461003,81,81,28869909,0,0,0,0,0,0,4,105,14552530
202012,06,091,4,9,Sierra County                 ,0,0,0,0,0,0,0,0,0,0,0,0,0,0,0,0,0,0,0,0,0,0,0,0
202012,06,113,4,9,Yolo County                   ,69,69,22134377,1,2,482800,0,0,0,1,8,2053005,58,58,18708701,0,0,0,0,0,0,0,0,0
202012,08,001,4,8,Adams County                  ,198,198,57700141,0,0,0,0,0,0,3,51,7669590,198,198,57700141,0,0,0,0,0,0,3,51,7669590
202012,08,005,4,8,Arapahoe County               ,289,289,87356640,2,4,1309654,0,0,0,2,44,4399090,282,282,85285227,2,4,1309654,0,0,0,2,44,4399090
202012,08,014,4,8,Broomfield County             ,17,17,6401267,6,12,3091430,1,3,600000,1,6,1287800,17,17,6401267,6,12,3091430,1,3,600000,1,6,1287800
202012,08,015,4,8,Chaffee County                ,14,14,3612105,1,2,323962,1,3,549700,0,0,0,0,0,0,0,0,0,0,0,0,0,0,0
202012,08,019,4,8,Clear Creek County            ,3,3,881345,0,0,0,0,0,0,0,0,0,0,0,0,0,0,0,0,0,0,0,0,0
202012,08,031,4,8,Denver County                 ,71,71,19715515,0,0,0,0,0,0,5,950,174983423,71,71,19715515,0,0,0,0,0,0,5,950,174983423
202012,08,035,4,8,Douglas County                ,317,317,98686426,0,0,0,2,6,1077049,0,0,0,312,312,96766058,0,0,0,2,6,1077049,0,0,0
202012,08,039,4,8,Elbert County                 ,46,46,8950231,0,0,0,0,0,0,0,0,0,46,46,8950231,0,0,0,0,0,0,0,0,0
202012,08,041,4,8,El Paso County                ,405,405,150582215,11,22,2309481,0,0,0,1,50,10053000,405,405,150582215,11,22,2309481,0,0,0,1,50,10053000
202012,08,047,4,8,Gilpin County                 ,0,0,0,0,0,0,0,0,0,0,0,0,0,0,0,0,0,0,0,0,0,0,0,0
202012,08,059,4,8,Jefferson County              ,184,184,51099666,0,0,0,0,0,0,7,790,157998189,184,184,51099666,0,0,0,0,0,0,7,790,157998189
202012,08,069,4,8,Larimer County                ,148,148,43382695,0,0,0,0,0,0,6,85,8738016,110,110,34305244,0,0,0,0,0,0,3,68,7230766
202012,08,077,4,8,Mesa County                   ,65,65,10744114,0,0,0,0,0,0,0,0,0,65,65,10744114,0,0,0,0,0,0,0,0,0
202012,08,093,4,8,Park County                   ,21,21,6075733,0,0,0,0,0,0,0,0,0,21,21,6075733,0,0,0,0,0,0,0,0,0
202012,08,101,4,8,Pueblo County                 ,51,51,8245626,0,0,0,0,0,0,0,0,0,0,0,0,0,0,0,0,0,0,0,0,0
202012,08,119,4,8,Teller County                 ,7,7,1885720,0,0,0,0,0,0,0,0,0,6,6,1785720,0,0,0,0,0,0,0,0,0
202012,09,001,1,1,Fairfield County              ,68,68,42025036,1,2,550000,0,0,0,4,58,10941616,37,37,17022730,1,2,550000,0,0,0,2,38,3743336
202012,09,003,1,1,Hartford County               ,54,54,12007109,1,2,200000,0,0,0,1,5,243431,47,47,10546647,0,0,0,0,0,0,0,0,0
202012,09,007,1,1,Middlesex County              ,14,14,4557713,0,0,0,0,0,0,1,47,3500000,10,10,3654550,0,0,0,0,0,0,1,47,3500000
202012,09,013,1,1,Tolland County                ,13,13,3256896,1,2,220000,0,0,0,2,13,1351911,4,4,1296471,0,0,0,0,0,0,0,0,0
202012,10,001,3,5,Kent County                   ,209,209,29199070,8,16,1674864,0,0,0,0,0,0,207,207,28768637,8,16,1674864,0,0,0,0,0,0
202012,10,003,3,5,New Castle County             ,153,153,14913819,0,0,0,0,0,0,1,5,417679,40,40,3672597,0,0,0,0,0,0,0,0,0
202012,10,005,3,5,Sussex County                 ,422,422,60525379,11,22,1850000,1,3,433800,0,0,0,422,422,60525379,11,22,1850000,1,3,433800,0,0,0
202012,11,001,3,5,Washington  DC                ,8,8,1865032,8,16,1976128,0,0,0,10,1200,143828878,8,8,1865032,8,16,1976128,0,0,0,10,1200,143828878
202012,12,003,3,5,Baker County                  ,10,10,1931565,0,0,0,0,0,0,0,0,0,10,10,1931565,0,0,0,0,0,0,0,0,0
202012,12,019,3,5,Clay County                   ,167,167,33965457,0,0,0,0,0,0,0,0,0,166,166,33807679,0,0,0,0,0,0,0,0,0
202012,12,029,3,5,Dixie County                  ,3,3,378970,0,0,0,0,0,0,0,0,0,0,0,0,0,0,0,0,0,0,0,0,0
202012,12,031,3,5,Duval County                  ,441,441,103766726,7,14,1729112,0,0,0,2,507,60767701,432,432,100853771,7,14,1729112,0,0,0,2,507,60767701
202012,12,033,3,5,Escambia County               ,255,255,59564766,0,0,0,0,0,0,0,0,0,255,255,59564766,0,0,0,0,0,0,0,0,0
202012,12,053,3,5,Hernando County               ,73,73,19859304,0,0,0,0,0,0,0,0,0,73,73,19859304,0,0,0,0,0,0,0,0,0
202012,12,057,3,5,Hillsborough County           ,609,609,207349788,1,2,150000,0,0,0,2,172,66000000,605,605,206928253,1,2,150000,0,0,0,2,172,66000000
202012,12,067,3,5,Lafayette County              ,1,1,233105,0,0,0,0,0,0,0,0,0,0,0,0,0,0,0,0,0,0,0,0,0
202012,12,071,3,5,Lee County                    ,746,746,143310235,10,20,2526960,6,24,5585439,3,23,2246009,740,740,141897509,10,20,2526960,6,24,5585439,2,14,1475650
202012,12,073,3,5,Leon County                   ,73,73,14432997,1,2,221600,0,0,0,2,85,10920777,0,0,0,0,0,0,0,0,0,0,0,0
202012,12,081,3,5,Manatee County                ,415,415,99319941,0,0,0,1,4,479020,1,12,724640,415,415,99319941,0,0,0,1,4,479020,1,12,724640
202012,12,086,3,5,Miami-Dade County             ,241,241,87531016,15,30,3503032,1,4,1400000,21,508,47837535,215,215,79470881,15,30,3503032,1,4,1400000,21,508,47837535
202012,12,089,3,5,Nassau County                 ,144,144,35166232,0,0,0,0,0,0,0,0,0,13,13,3828584,0,0,0,0,0,0,0,0,0
202012,12,091,3,5,Okaloosa County               ,58,58,18904341,0,0,0,0,0,0,0,0,0,58,58,18904341,0,0,0,0,0,0,0,0,0
202012,12,095,3,5,Orange County                 ,592,592,166620994,2,4,924887,1,3,356814,4,228,29319804,244,244,84216643,1,2,558949,0,0,0,0,0,0
202012,12,097,3,5,Osceola County                ,208,208,55273412,0,0,0,0,0,0,0,0,0,208,208,55273412,0,0,0,0,0,0,0,0,0
202012,12,101,3,5,Pasco County                  ,613,613,128323350,0,0,0,0,0,0,1,5,431250,605,605,127258328,0,0,0,0,0,0,0,0,0
202012,12,103,3,5,Pinellas County               ,104,104,31654379,2,4,1041522,0,0,0,0,0,0,94,94,28765337,2,4,1041522,0,0,0,0,0,0
202012,12,109,3,5,St. Johns County              ,509,509,133604577,0,0,0,0,0,0,0,0,0,509,509,133604577,0,0,0,0,0,0,0,0,0
202012,12,113,3,5,Santa Rosa County             ,164,164,38233156,0,0,0,0,0,0,0,0,0,164,164,38233156,0,0,0,0,0,0,0,0,0
202012,12,115,3,5,Sarasota County               ,387,387,127137046,1,2,438000,0,0,0,4,28,4668062,387,387,127137046,1,2,438000,0,0,0,4,28,4668062
202012,12,117,3,5,Seminole County               ,171,171,53477422,0,0,0,0,0,0,2,33,3098049,159,159,50808311,0,0,0,0,0,0,0,0,0
202012,12,119,3,5,Sumter County                 ,281,281,76979273,0,0,0,0,0,0,0,0,0,281,281,76979273,0,0,0,0,0,0,0,0,0
202012,12,129,3,5,Wakulla County                ,35,35,6120172,0,0,0,0,0,0,0,0,0,35,35,6120172,0,0,0,0,0,0,0,0,0
202012,12,131,3,5,Walton County                 ,91,91,45039317,0,0,0,0,0,0,0,0,0,91,91,45039317,0,0,0,0,0,0,0,0,0
202012,12,133,3,5,Washington County             ,7,7,1034098,0,0,0,0,0,0,0,0,0,0,0,0,0,0,0,0,0,0,0,0,0
202012,13,007,3,5,Baker County                  ,0,0,0,0,0,0,0,0,0,0,0,0,0,0,0,0,0,0,0,0,0,0,0,0
202012,13,013,3,5,Barrow County                 ,74,74,9647242,0,0,0,0,0,0,0,0,0,69,69,9072415,0,0,0,0,0,0,0,0,0
202012,13,015,3,5,Bartow County                 ,108,108,20469586,0,0,0,0,0,0,0,0,0,91,91,15406902,0,0,0,0,0,0,0,0,0
202012,13,021,3,5,Bibb County                   ,15,15,2652140,0,0,0,0,0,0,0,0,0,0,0,0,0,0,0,0,0,0,0,0,0
202012,13,029,3,5,Bryan County                  ,23,23,7009190,0,0,0,0,0,0,0,0,0,23,23,7009190,0,0,0,0,0,0,0,0,0
202012,13,033,3,5,Burke County                  ,7,7,1323577,0,0,0,0,0,0,0,0,0,0,0,0,0,0,0,0,0,0,0,0,0
202012,13,035,3,5,Butts County                  ,24,24,5415900,0,0,0,0,0,0,0,0,0,24,24,5415900,0,0,0,0,0,0,0,0,0
202012,13,045,3,5,Carroll County                ,27,27,6278262,0,0,0,0,0,0,0,0,0,27,27,6278262,0,0,0,0,0,0,0,0,0
202012,13,051,3,5,Chatham County                ,89,89,18080690,0,0,0,0,0,0,14,391,18250000,37,37,6327293,0,0,0,0,0,0,14,391,18250000
202012,13,057,3,5,Cherokee County               ,267,267,68902606,0,0,0,0,0,0,0,0,0,267,267,68902606,0,0,0,0,0,0,0,0,0
202012,13,059,3,5,Clarke County                 ,5,5,698474,5,10,719658,9,36,1630436,0,0,0,5,5,698474,5,10,719658,9,36,1630436,0,0,0
202012,13,063,3,5,Clayton County                ,88,88,18952186,0,0,0,0,0,0,0,0,0,88,88,18952186,0,0,0,0,0,0,0,0,0
202012,13,067,3,5,Cobb County                   ,127,127,36139557,0,0,0,1,4,647684,1,6,971526,120,120,34609429,0,0,0,1,4,647684,1,6,971526
202012,13,073,3,5,Columbia County               ,109,109,20541568,0,0,0,1,3,313944,0,0,0,12,12,1690158,0,0,0,1,3,313944,0,0,0
202012,13,077,3,5,Coweta County                 ,83,83,30724708,0,0,0,0,0,0,0,0,0,76,76,28721821,0,0,0,0,0,0,0,0,0
202012,13,085,3,5,Dawson County                 ,13,13,4878184,0,0,0,0,0,0,0,0,0,13,13,4878184,0,0,0,0,0,0,0,0,0
202012,13,095,3,5,Dougherty County              ,2,2,410153,0,0,0,0,0,0,1,15,2239046,0,0,0,0,0,0,0,0,0,0,0,0
202012,13,097,3,5,Douglas County                ,48,48,6983230,0,0,0,0,0,0,0,0,0,48,48,6983230,0,0,0,0,0,0,0,0,0
202012,13,111,3,5,Fannin County                 ,50,50,10453790,0,0,0,0,0,0,0,0,0,50,50,10453790,0,0,0,0,0,0,0,0,0
202012,13,113,3,5,Fayette County                ,37,37,12749473,0,0,0,1,4,1142960,0,0,0,30,30,10061541,0,0,0,1,4,1142960,0,0,0
202012,13,115,3,5,Floyd County                  ,20,20,2298411,0,0,0,0,0,0,0,0,0,20,20,2298411,0,0,0,0,0,0,0,0,0
202012,13,117,3,5,Forsyth County                ,204,204,32772031,0,0,0,0,0,0,0,0,0,204,204,32772031,0,0,0,0,0,0,0,0,0
202012,13,121,3,5,Fulton County                 ,238,238,72265431,0,0,0,0,0,0,2,52,6232585,222,222,70642362,0,0,0,0,0,0,2,52,6232585
202012,13,127,3,5,Glynn County                  ,30,30,16393737,2,4,1600000,0,0,0,0,0,0,30,30,16393737,2,4,1600000,0,0,0,0,0,0
202012,13,135,3,5,Gwinnett County               ,477,477,115304404,0,0,0,2,6,691723,1,5,1500000,453,453,108221716,0,0,0,2,6,691723,0,0,0
202012,13,143,3,5,Haralson County               ,5,5,1144530,0,0,0,0,0,0,0,0,0,0,0,0,0,0,0,0,0,0,0,0,0
202012,13,145,3,5,Harris County                 ,10,10,2443870,0,0,0,0,0,0,0,0,0,10,10,2443870,0,0,0,0,0,0,0,0,0
202012,13,149,3,5,Heard County                  ,0,0,0,0,0,0,0,0,0,0,0,0,0,0,0,0,0,0,0,0,0,0,0,0
202012,13,151,3,5,Henry County                  ,147,147,32974021,0,0,0,0,0,0,0,0,0,100,100,25786177,0,0,0,0,0,0,0,0,0
202012,13,159,3,5,Jasper County                 ,8,8,1071792,0,0,0,0,0,0,0,0,0,0,0,0,0,0,0,0,0,0,0,0,0
202012,13,171,3,5,Lamar County                  ,10,10,2086000,0,0,0,0,0,0,0,0,0,10,10,2086000,0,0,0,0,0,0,0,0,0
202012,13,177,3,5,Lee County                    ,15,15,754934,0,0,0,0,0,0,0,0,0,15,15,754934,0,0,0,0,0,0,0,0,0
202012,13,179,3,5,Liberty County                ,34,34,8458825,0,0,0,0,0,0,0,0,0,34,34,8458825,0,0,0,0,0,0,0,0,0
202012,13,189,3,5,McDuffie County               ,1,1,163000,0,0,0,0,0,0,0,0,0,1,1,163000,0,0,0,0,0,0,0,0,0
202012,13,199,3,5,Meriwether County             ,10,10,1892171,0,0,0,0,0,0,0,0,0,1,1,165000,0,0,0,0,0,0,0,0,0
202012,13,201,3,5,Miller County                 ,0,0,0,0,0,0,0,0,0,0,0,0,0,0,0,0,0,0,0,0,0,0,0,0
202012,13,207,3,5,Monroe County                 ,17,17,2419680,0,0,0,0,0,0,0,0,0,0,0,0,0,0,0,0,0,0,0,0,0
202012,13,215,3,5,Muscogee County               ,41,41,8918000,0,0,0,0,0,0,0,0,0,41,41,8918000,0,0,0,0,0,0,0,0,0
202012,13,217,3,5,Newton County                 ,70,70,14276556,0,0,0,0,0,0,0,0,0,70,70,14276556,0,0,0,0,0,0,0,0,0
202012,13,227,3,5,Pickens County                ,22,22,5888000,0,0,0,0,0,0,0,0,0,22,22,5888000,0,0,0,0,0,0,0,0,0
202012,13,231,3,5,Pike County                   ,10,10,2331290,0,0,0,0,0,0,0,0,0,10,10,2331290,0,0,0,0,0,0,0,0,0
202012,13,235,3,5,Pulaski County                ,1,1,140000,0,0,0,0,0,0,0,0,0,1,1,140000,0,0,0,0,0,0,0,0,0
202012,13,245,3,5,Richmond County               ,62,62,11445852,0,0,0,0,0,0,0,0,0,62,62,11445852,0,0,0,0,0,0,0,0,0
202012,13,247,3,5,Rockdale County               ,26,26,7798020,0,0,0,0,0,0,0,0,0,26,26,7798020,0,0,0,0,0,0,0,0,0
202012,13,255,3,5,Spalding County               ,12,12,1887700,0,0,0,0,0,0,0,0,0,12,12,1887700,0,0,0,0,0,0,0,0,0
202012,13,275,3,5,Thomas County                 ,14,14,2696783,0,0,0,0,0,0,0,0,0,14,14,2696783,0,0,0,0,0,0,0,0,0
202012,13,291,3,5,Union County                  ,30,30,9927134,0,0,0,0,0,0,0,0,0,30,30,9927134,0,0,0,0,0,0,0,0,0
202012,15,001,4,9,Hawaii County                 ,86,86,36595202,0,0,0,0,0,0,0,0,0,86,86,36595202,0,0,0,0,0,0,0,0,0
202012,15,003,4,9,Honolulu County               ,96,96,39380481,0,0,0,1,4,2598497,5,163,30526261,0,0,0,0,0,0,0,0,0,0,0,0
202012,15,007,4,9,Kauai County                  ,8,8,6526625,0,0,0,0,0,0,0,0,0,8,8,6526625,0,0,0,0,0,0,0,0,0
202012,15,009,4,9,Maui County                   ,24,24,6812414,1,2,500000,0,0,0,0,0,0,24,24,6812414,1,2,500000,0,0,0,0,0,0
202012,16,001,4,8,Ada County                    ,422,422,134994954,0,0,0,2,8,2800000,1,30,3200000,385,385,123254199,0,0,0,2,8,2800000,1,30,3200000
202012,16,015,4,8,Boise County                  ,1,1,252739,0,0,0,0,0,0,0,0,0,1,1,252739,0,0,0,0,0,0,0,0,0
202012,16,027,4,8,Canyon County                 ,304,304,47313064,8,16,2689083,7,28,2352500,1,5,445265,285,285,43097358,8,16,2689083,7,28,2352500,1,5,445265
202012,16,045,4,8,Gem County                    ,23,23,3689384,0,0,0,0,0,0,0,0,0,23,23,3689384,0,0,0,0,0,0,0,0,0
202012,16,073,4,8,Owyhee County                 ,4,4,723190,0,0,0,0,0,0,0,0,0,2,2,350000,0,0,0,0,0,0,0,0,0
202012,17,005,2,3,Bond County                   ,1,1,100000,0,0,0,0,0,0,0,0,0,1,1,100000,0,0,0,0,0,0,0,0,0
202012,17,013,2,3,Calhoun County                ,0,0,0,0,0,0,0,0,0,0,0,0,0,0,0,0,0,0,0,0,0,0,0,0
202012,17,031,2,3,Cook County                   ,83,83,32794229,5,10,1921500,12,37,6709250,8,356,28745983,63,63,25329924,4,8,1520000,11,34,5659250,7,341,24452144
202012,17,037,2,3,DeKalb County                 ,7,7,1798125,0,0,0,0,0,0,0,0,0,7,7,1798125,0,0,0,0,0,0,0,0,0
202012,17,039,2,3,De Witt County                ,0,0,0,0,0,0,0,0,0,0,0,0,0,0,0,0,0,0,0,0,0,0,0,0
202012,17,043,2,3,DuPage County                 ,59,59,21587383,0,0,0,2,6,1800000,1,24,5200000,55,55,19314050,0,0,0,2,6,1800000,1,24,5200000
202012,17,063,2,3,Grundy County                 ,6,6,1045500,0,0,0,0,0,0,0,0,0,5,5,750000,0,0,0,0,0,0,0,0,0
202012,17,083,2,3,Jersey County                 ,9,9,2018694,0,0,0,0,0,0,0,0,0,3,3,373762,0,0,0,0,0,0,0,0,0
202012,17,093,2,3,Kendall County                ,43,43,7317242,0,0,0,0,0,0,0,0,0,35,35,5912908,0,0,0,0,0,0,0,0,0
202012,17,097,2,3,Lake County                   ,43,43,17519604,0,0,0,0,0,0,2,45,16029110,28,28,11535885,0,0,0,0,0,0,1,40,15000000
202012,17,111,2,3,McHenry County                ,35,35,6397604,0,0,0,0,0,0,0,0,0,30,30,5731935,0,0,0,0,0,0,0,0,0
202012,17,119,2,3,Madison County                ,25,25,6850058,0,0,0,0,0,0,0,0,0,19,19,5449078,0,0,0,0,0,0,0,0,0
202012,17,133,2,3,Monroe County                 ,10,10,2387386,0,0,0,0,0,0,0,0,0,10,10,2387386,0,0,0,0,0,0,0,0,0
202012,17,197,2,3,Will County                   ,157,157,37667157,0,0,0,0,0,0,0,0,0,152,152,36502745,0,0,0,0,0,0,0,0,0
202012,18,003,2,3,Allen County                  ,92,92,25616425,0,0,0,0,0,0,0,0,0,92,92,25616425,0,0,0,0,0,0,0,0,0
202012,18,011,2,3,Boone County                  ,56,56,20903000,0,0,0,0,0,0,0,0,0,56,56,20903000,0,0,0,0,0,0,0,0,0
202012,18,013,2,3,Brown County                  ,3,3,835318,0,0,0,0,0,0,0,0,0,3,3,835318,0,0,0,0,0,0,0,0,0
202012,18,019,2,3,Clark County                  ,58,58,13967662,0,0,0,0,0,0,1,24,1200000,45,45,11328823,0,0,0,0,0,0,1,24,1200000
202012,18,047,2,3,Franklin County               ,5,5,1860000,0,0,0,0,0,0,0,0,0,5,5,1860000,0,0,0,0,0,0,0,0,0
202012,18,057,2,3,Hamilton County               ,239,239,80172298,7,14,2319423,1,4,1800000,4,26,4959914,234,234,78728810,7,14,2319423,1,4,1800000,4,26,4959914
202012,18,059,2,3,Hancock County                ,51,51,14321828,0,0,0,0,0,0,0,0,0,51,51,14321828,0,0,0,0,0,0,0,0,0
202012,18,061,2,3,Harrison County               ,4,4,1113758,0,0,0,0,0,0,0,0,0,4,4,1113758,0,0,0,0,0,0,0,0,0
202012,18,063,2,3,Hendricks County              ,93,93,25260166,0,0,0,0,0,0,0,0,0,66,66,18067845,0,0,0,0,0,0,0,0,0
202012,18,069,2,3,Huntington County             ,11,11,2912051,0,0,0,0,0,0,0,0,0,11,11,2912051,0,0,0,0,0,0,0,0,0
202012,18,073,2,3,Jasper County                 ,7,7,1753758,0,0,0,0,0,0,0,0,0,7,7,1753758,0,0,0,0,0,0,0,0,0
202012,18,081,2,3,Johnson County                ,130,130,40181927,0,0,0,0,0,0,0,0,0,130,130,40181927,0,0,0,0,0,0,0,0,0
202012,18,087,2,3,Lagrange County               ,9,9,1815275,0,0,0,0,0,0,0,0,0,9,9,1815275,0,0,0,0,0,0,0,0,0
202012,18,089,2,3,Lake County                   ,158,158,43219958,0,0,0,0,0,0,1,12,1620000,155,155,42476406,0,0,0,0,0,0,1,12,1620000
202012,18,097,2,3,Marion County                 ,129,129,35602564,0,0,0,1,4,700000,1,5,103333,129,129,35602564,0,0,0,1,4,700000,0,0,0
202012,18,105,2,3,Monroe County                 ,21,21,5591138,0,0,0,0,0,0,1,40,4643919,0,0,0,0,0,0,0,0,0,0,0,0
202012,18,109,2,3,Morgan County                 ,20,20,4297325,0,0,0,0,0,0,0,0,0,20,20,4297325,0,0,0,0,0,0,0,0,0
202012,18,111,2,3,Newton County                 ,1,1,250000,0,0,0,0,0,0,0,0,0,1,1,250000,0,0,0,0,0,0,0,0,0
202012,18,115,2,3,Ohio County                   ,0,0,0,0,0,0,0,0,0,0,0,0,0,0,0,0,0,0,0,0,0,0,0,0
202012,18,119,2,3,Owen County                   ,0,0,0,0,0,0,0,0,0,0,0,0,0,0,0,0,0,0,0,0,0,0,0,0
202012,18,127,2,3,Porter County                 ,49,49,14247225,2,4,643894,0,0,0,0,0,0,38,38,12666685,2,4,643894,0,0,0,0,0,0
202012,18,133,2,3,Putnam County                 ,11,11,2925955,0,0,0,0,0,0,0,0,0,11,11,2925955,0,0,0,0,0,0,0,0,0
202012,18,145,2,3,Shelby County                 ,6,6,1075164,0,0,0,0,0,0,0,0,0,2,2,420000,0,0,0,0,0,0,0,0,0
202012,18,151,2,3,Steuben County                ,16,16,6896255,0,0,0,0,0,0,0,0,0,16,16,6896255,0,0,0,0,0,0,0,0,0
202012,18,157,2,3,Tippecanoe County             ,43,43,11190230,0,0,0,0,0,0,2,26,1842809,38,38,10513258,0,0,0,0,0,0,0,0,0
202012,18,163,2,3,Vanderburgh County            ,37,37,8695118,2,4,592806,0,0,0,2,87,3490000,24,24,6206836,1,2,346000,0,0,0,2,87,3490000
202012,18,167,2,3,Vigo County                   ,2,2,443619,1,2,208125,0,0,0,0,0,0,0,0,0,0,0,0,0,0,0,0,0,0
202012,18,175,2,3,Washington County             ,8,8,1321704,0,0,0,0,0,0,0,0,0,7,7,1063000,0,0,0,0,0,0,0,0,0
202012,18,183,2,3,Whitley County                ,7,7,2372342,0,0,0,0,0,0,0,0,0,7,7,2372342,0,0,0,0,0,0,0,0,0
202012,19,049,2,4,Dallas County                 ,85,85,24390770,0,0,0,0,0,0,2,94,22773419,82,82,23434535,0,0,0,0,0,0,1,89,22312893
202012,19,085,2,4,Harrison County               ,2,2,556879,0,0,0,0,0,0,0,0,0,2,2,556879,0,0,0,0,0,0,0,0,0
202012,19,129,2,4,Mills County                  ,1,1,266667,0,0,0,0,0,0,0,0,0,0,0,0,0,0,0,0,0,0,0,0,0
202012,19,153,2,4,Polk County                   ,241,241,70441975,4,8,2021289,0,0,0,5,238,24734714,233,233,67981770,4,8,2021289,0,0,0,4,226,23488047
202012,19,181,2,4,Warren County                 ,37,37,10312061,0,0,0,0,0,0,0,0,0,37,37,10312061,0,0,0,0,0,0,0,0,0
202012,20,061,2,4,Geary County                  ,2,2,520256,0,0,0,0,0,0,0,0,0,0,0,0,0,0,0,0,0,0,0,0,0
202012,20,091,2,4,Johnson County                ,180,180,69070265,2,4,1455675,0,0,0,9,240,34667952,173,173,64961906,2,4,1455675,0,0,0,9,240,34667952
202012,20,103,2,4,Leavenworth County            ,31,31,6038914,0,0,0,0,0,0,0,0,0,31,31,6038914,0,0,0,0,0,0,0,0,0
202012,20,107,2,4,Linn County                   ,5,5,445000,0,0,0,0,0,0,0,0,0,5,5,445000,0,0,0,0,0,0,0,0,0
202012,20,121,2,4,Miami County                  ,9,9,2949984,0,0,0,0,0,0,0,0,0,3,3,750000,0,0,0,0,0,0,0,0,0
202012,20,209,2,4,Wyandotte County              ,16,16,2985974,1,2,193738,0,0,0,0,0,0,0,0,0,0,0,0,0,0,0,0,0,0
202012,21,005,3,6,Anderson County               ,1,1,100000,0,0,0,0,0,0,0,0,0,1,1,100000,0,0,0,0,0,0,0,0,0
202012,21,015,3,6,Boone County                  ,56,56,10183662,0,0,0,0,0,0,0,0,0,56,56,10183662,0,0,0,0,0,0,0,0,0
202012,21,017,3,6,Bourbon County                ,7,7,576177,0,0,0,0,0,0,0,0,0,7,7,576177,0,0,0,0,0,0,0,0,0
202012,21,021,3,6,Boyle County                  ,2,2,376616,1,2,182926,0,0,0,0,0,0,0,0,0,0,0,0,0,0,0,0,0,0
202012,21,029,3,6,Bullitt County                ,31,31,9576349,0,0,0,0,0,0,0,0,0,31,31,9576349,0,0,0,0,0,0,0,0,0
202012,21,035,3,6,Calloway County               ,1,1,280000,0,0,0,0,0,0,0,0,0,1,1,280000,0,0,0,0,0,0,0,0,0
202012,21,037,3,6,Campbell County               ,14,14,9294025,0,0,0,0,0,0,0,0,0,14,14,9294025,0,0,0,0,0,0,0,0,0
202012,21,045,3,6,Casey County                  ,0,0,0,0,0,0,0,0,0,0,0,0,0,0,0,0,0,0,0,0,0,0,0,0
202012,21,047,3,6,Christian County              ,6,6,974970,0,0,0,0,0,0,0,0,0,3,3,761370,0,0,0,0,0,0,0,0,0
202012,21,049,3,6,Clark County                  ,4,4,1107500,0,0,0,0,0,0,0,0,0,4,4,1107500,0,0,0,0,0,0,0,0,0
202012,21,059,3,6,Daviess County                ,14,14,1374425,0,0,0,0,0,0,0,0,0,14,14,1374425,0,0,0,0,0,0,0,0,0
202012,21,067,3,6,Fayette County                ,62,62,13960612,0,0,0,0,0,0,1,55,5983261,0,0,0,0,0,0,0,0,0,0,0,0
202012,21,069,3,6,Fleming County                ,0,0,0,0,0,0,0,0,0,0,0,0,0,0,0,0,0,0,0,0,0,0,0,0
202012,21,077,3,6,Gallatin County               ,1,1,233129,0,0,0,0,0,0,0,0,0,1,1,233129,0,0,0,0,0,0,0,0,0
202012,21,081,3,6,Grant County                  ,10,10,2213000,0,0,0,0,0,0,0,0,0,10,10,2213000,0,0,0,0,0,0,0,0,0
202012,21,091,3,6,Hancock County                ,1,1,204898,0,0,0,0,0,0,0,0,0,0,0,0,0,0,0,0,0,0,0,0,0
202012,21,099,3,6,Hart County                   ,1,1,87321,0,0,0,0,0,0,1,5,567738,0,0,0,0,0,0,0,0,0,0,0,0
202012,21,101,3,6,Henderson County              ,0,0,0,0,0,0,0,0,0,0,0,0,0,0,0,0,0,0,0,0,0,0,0,0
202012,21,103,3,6,Henry County                  ,3,3,627136,0,0,0,0,0,0,0,0,0,0,0,0,0,0,0,0,0,0,0,0,0
202012,21,111,3,6,Jefferson County              ,136,136,30060244,1,2,650000,0,0,0,0,0,0,136,136,30060244,1,2,650000,0,0,0,0,0,0
202012,21,113,3,6,Jessamine County              ,18,18,5651164,0,0,0,0,0,0,0,0,0,6,6,3840000,0,0,0,0,0,0,0,0,0
202012,21,115,3,6,Johnson County                ,0,0,0,0,0,0,0,0,0,0,0,0,0,0,0,0,0,0,0,0,0,0,0,0
202012,21,117,3,6,Kenton County                 ,17,17,5477099,0,0,0,0,0,0,0,0,0,17,17,5477099,0,0,0,0,0,0,0,0,0
202012,21,121,3,6,Knox County                   ,0,0,0,0,0,0,0,0,0,0,0,0,0,0,0,0,0,0,0,0,0,0,0,0
202012,21,123,3,6,Larue County                  ,3,3,699387,0,0,0,0,0,0,0,0,0,3,3,699387,0,0,0,0,0,0,0,0,0
202012,21,137,3,6,Lincoln County                ,5,5,444898,0,0,0,0,0,0,0,0,0,0,0,0,0,0,0,0,0,0,0,0,0
202012,21,145,3,6,McCracken County              ,11,11,2757573,0,0,0,0,0,0,0,0,0,0,0,0,0,0,0,0,0,0,0,0,0
202012,21,151,3,6,Madison County                ,15,15,1392214,2,4,225992,0,0,0,1,5,168572,1,1,165000,0,0,0,0,0,0,0,0,0
202012,21,157,3,6,Marshall County               ,5,5,4125000,0,0,0,0,0,0,0,0,0,5,5,4125000,0,0,0,0,0,0,0,0,0
202012,21,161,3,6,Mason County                  ,2,2,319333,0,0,0,0,0,0,0,0,0,2,2,319333,0,0,0,0,0,0,0,0,0
202012,21,163,3,6,Meade County                  ,4,4,735000,0,0,0,0,0,0,0,0,0,4,4,735000,0,0,0,0,0,0,0,0,0
202012,21,167,3,6,Mercer County                 ,6,6,1199000,0,0,0,0,0,0,0,0,0,6,6,1199000,0,0,0,0,0,0,0,0,0
202012,21,175,3,6,Morgan County                 ,0,0,0,0,0,0,0,0,0,0,0,0,0,0,0,0,0,0,0,0,0,0,0,0
202012,21,179,3,6,Nelson County                 ,17,17,2845753,0,0,0,0,0,0,0,0,0,17,17,2845753,0,0,0,0,0,0,0,0,0
202012,21,185,3,6,Oldham County                 ,52,52,16473029,0,0,0,0,0,0,4,96,4600000,52,52,16473029,0,0,0,0,0,0,4,96,4600000
202012,21,191,3,6,Pendleton County              ,0,0,0,0,0,0,0,0,0,0,0,0,0,0,0,0,0,0,0,0,0,0,0,0
202012,21,209,3,6,Scott County                  ,24,24,6063900,0,0,0,1,3,900000,0,0,0,24,24,6063900,0,0,0,1,3,900000,0,0,0
202012,21,211,3,6,Shelby County                 ,14,14,4189000,0,0,0,0,0,0,0,0,0,14,14,4189000,0,0,0,0,0,0,0,0,0
202012,21,213,3,6,Simpson County                ,5,5,1184315,0,0,0,0,0,0,0,0,0,5,5,1184315,0,0,0,0,0,0,0,0,0
202012,21,215,3,6,Spencer County                ,5,5,1165645,0,0,0,0,0,0,0,0,0,5,5,1165645,0,0,0,0,0,0,0,0,0
202012,21,221,3,6,Trigg County                  ,0,0,0,0,0,0,0,0,0,0,0,0,0,0,0,0,0,0,0,0,0,0,0,0
202012,21,239,3,6,Woodford County               ,4,4,850325,0,0,0,0,0,0,0,0,0,4,4,850325,0,0,0,0,0,0,0,0,0
202012,22,005,3,7,Ascension Parish              ,88,88,18634367,0,0,0,0,0,0,0,0,0,88,88,18634367,0,0,0,0,0,0,0,0,0
202012,22,015,3,7,Bossier Parish                ,59,59,12268724,0,0,0,0,0,0,0,0,0,23,23,6319507,0,0,0,0,0,0,0,0,0
202012,22,017,3,7,Caddo Parish                  ,19,19,5609427,0,0,0,0,0,0,0,0,0,19,19,5609427,0,0,0,0,0,0,0,0,0
202012,22,031,3,7,De Soto Parish                ,11,11,3016784,0,0,0,0,0,0,0,0,0,0,0,0,0,0,0,0,0,0,0,0,0
202012,22,033,3,7,East Baton Rouge Parish       ,132,132,29849034,0,0,0,0,0,0,0,0,0,131,131,29698350,0,0,0,0,0,0,0,0,0
202012,22,037,3,7,East Feliciana Parish         ,2,2,418152,0,0,0,0,0,0,0,0,0,2,2,418152,0,0,0,0,0,0,0,0,0
202012,22,047,3,7,Iberville Parish              ,10,10,2411127,0,0,0,0,0,0,0,0,0,0,0,0,0,0,0,0,0,0,0,0,0
202012,22,051,3,7,Jefferson Parish              ,39,39,9350785,2,4,1109611,0,0,0,0,0,0,38,38,9182722,2,4,1109611,0,0,0,0,0,0
202012,22,055,3,7,Lafayette Parish              ,153,153,33898624,0,0,0,0,0,0,0,0,0,134,134,30543163,0,0,0,0,0,0,0,0,0
202012,22,063,3,7,Livingston Parish             ,98,98,19876946,0,0,0,0,0,0,0,0,0,1,1,220000,0,0,0,0,0,0,0,0,0
202012,22,071,3,7,Orleans Parish                ,60,60,13152595,11,22,2365356,0,0,0,1,34,6327120,0,0,0,0,0,0,0,0,0,0,0,0
202012,22,075,3,7,Plaquemines Parish            ,9,9,2582735,0,0,0,1,3,373351,0,0,0,0,0,0,0,0,0,0,0,0,0,0,0
202012,22,077,3,7,Pointe Coupee Parish          ,6,6,1759000,0,0,0,0,0,0,0,0,0,6,6,1759000,0,0,0,0,0,0,0,0,0
202012,22,087,3,7,St. Bernard Parish            ,46,46,8700550,3,6,489000,0,0,0,0,0,0,46,46,8700550,3,6,489000,0,0,0,0,0,0
202012,22,089,3,7,St. Charles Parish            ,13,13,3352900,0,0,0,0,0,0,0,0,0,13,13,3352900,0,0,0,0,0,0,0,0,0
202012,22,091,3,7,St. Helena Parish             ,3,3,534366,0,0,0,0,0,0,0,0,0,0,0,0,0,0,0,0,0,0,0,0,0
202012,22,095,3,7,St. John the Baptist Parish   ,8,8,1432540,0,0,0,0,0,0,0,0,0,0,0,0,0,0,0,0,0,0,0,0,0
202012,22,099,3,7,St. Martin Parish             ,18,18,3297320,0,0,0,0,0,0,0,0,0,1,1,180056,0,0,0,0,0,0,0,0,0
202012,22,103,3,7,St. Tammany Parish            ,143,143,37175467,0,0,0,0,0,0,0,0,0,139,139,35605869,0,0,0,0,0,0,0,0,0
202012,22,109,3,7,Terrebonne Parish             ,14,14,3817922,1,2,155556,0,0,0,0,0,0,0,0,0,0,0,0,0,0,0,0,0,0
202012,22,121,3,7,West Baton Rouge Parish       ,9,9,1756379,3,6,730543,0,0,0,0,0,0,7,7,1574255,3,6,730543,0,0,0,0,0,0
202012,22,125,3,7,West Feliciana Parish         ,3,3,893246,0,0,0,0,0,0,0,0,0,3,3,893246,0,0,0,0,0,0,0,0,0
202012,23,000,1,1,Maine Unorganized Territory   ,7,7,929602,0,0,0,0,0,0,0,0,0,0,0,0,0,0,0,0,0,0,0,0,0
202012,24,003,3,5,Anne Arundel County           ,121,121,28200186,0,0,0,0,0,0,1,13,3279487,117,117,27276093,0,0,0,0,0,0,0,0,0
202012,24,005,3,5,Baltimore County              ,48,48,11190192,0,0,0,0,0,0,0,0,0,48,48,11190192,0,0,0,0,0,0,0,0,0
202012,24,009,3,5,Calvert County                ,18,18,4196322,0,0,0,0,0,0,0,0,0,18,18,4196322,0,0,0,0,0,0,0,0,0
202012,24,013,3,5,Carroll County                ,37,37,8625773,0,0,0,0,0,0,0,0,0,37,37,8625773,0,0,0,0,0,0,0,0,0
202012,24,015,3,5,Cecil County                  ,23,23,4301575,0,0,0,0,0,0,0,0,0,23,23,4301575,0,0,0,0,0,0,0,0,0
202012,24,017,3,5,Charles County                ,98,98,34034000,0,0,0,0,0,0,0,0,0,98,98,34034000,0,0,0,0,0,0,0,0,0
202012,24,021,3,5,Frederick County              ,188,188,44370547,0,0,0,0,0,0,1,33,4664500,188,188,44370547,0,0,0,0,0,0,1,33,4664500
202012,24,023,3,5,Garrett County                ,3,3,991757,0,0,0,0,0,0,0,0,0,3,3,991757,0,0,0,0,0,0,0,0,0
202012,24,025,3,5,Harford County                ,54,54,13961889,0,0,0,0,0,0,0,0,0,54,54,13961889,0,0,0,0,0,0,0,0,0
202012,24,027,3,5,Howard County                 ,103,103,24012287,0,0,0,0,0,0,2,226,4808654,103,103,24012287,0,0,0,0,0,0,2,226,4808654
202012,24,031,3,5,Montgomery County             ,62,62,14033420,0,0,0,0,0,0,1,5,640625,61,61,13839224,0,0,0,0,0,0,0,0,0
202012,24,033,3,5,Prince George County          ,160,160,37488459,0,0,0,1,3,859014,1,296,63500000,157,157,36601253,0,0,0,0,0,0,1,296,63500000
202012,24,035,3,5,Queen Anne County             ,37,37,8277628,0,0,0,0,0,0,0,0,0,37,37,8277628,0,0,0,0,0,0,0,0,0
202012,24,037,3,5,St. Marys County              ,67,67,15402809,1,2,325000,0,0,0,1,5,895837,7,7,2875000,0,0,0,0,0,0,0,0,0
202012,24,039,3,5,Somerset County               ,3,3,562107,0,0,0,0,0,0,0,0,0,0,0,0,0,0,0,0,0,0,0,0,0
202012,24,045,3,5,Wicomico County               ,45,45,7864794,0,0,0,0,0,0,0,0,0,38,38,6531837,0,0,0,0,0,0,0,0,0
202012,24,510,3,5,Baltimore (Independent City)  ,14,14,2343815,0,0,0,0,0,0,1,25,3638633,0,0,0,0,0,0,0,0,0,0,0,0
202012,25,005,1,1,Bristol County                ,69,69,13255779,0,0,0,0,0,0,2,10,1800000,50,50,9989664,0,0,0,0,0,0,2,10,1800000
202012,25,009,1,1,Essex County                  ,38,38,14055757,2,4,1111340,0,0,0,4,25,3607334,23,23,8544386,1,2,536340,0,0,0,2,15,2973913
202012,25,017,1,1,Middlesex County              ,124,124,41651536,3,6,1648778,3,11,2625395,32,288,27457900,74,74,25560656,0,0,0,2,8,2020000,1,34,3000000
202012,25,021,1,1,Norfolk County                ,67,67,24779798,2,4,1561827,1,4,530546,5,85,5959664,22,22,6599911,1,2,863608,1,4,530546,0,0,0
202012,25,023,1,1,Plymouth County               ,108,108,32467894,0,0,0,1,3,475714,1,5,665610,41,41,17315993,0,0,0,0,0,0,0,0,0
202012,25,025,1,1,Suffolk County                ,4,4,1435994,1,2,400000,6,18,2954900,10,596,180469560,3,3,1260000,1,2,400000,6,18,2954900,7,578,176988900
202012,26,000,2,3,Michigan Balance of State     ,4,4,751024,0,0,0,0,0,0,0,0,0,0,0,0,0,0,0,0,0,0,0,0,0
202012,26,019,2,3,Benzie County                 ,5,5,1188719,0,0,0,0,0,0,0,0,0,5,5,1188719,0,0,0,0,0,0,0,0,0
202012,26,029,2,3,Charlevoix County             ,7,7,1687623,0,0,0,0,0,0,0,0,0,0,0,0,0,0,0,0,0,0,0,0,0
202012,26,089,2,3,Leelanau County               ,16,16,5417560,0,0,0,0,0,0,0,0,0,16,16,5417560,0,0,0,0,0,0,0,0,0
202012,26,093,2,3,Livingston County             ,143,143,30456831,0,0,0,0,0,0,0,0,0,143,143,30456831,0,0,0,0,0,0,0,0,0
202012,26,095,2,3,Luce County                   ,0,0,0,0,0,0,0,0,0,0,0,0,0,0,0,0,0,0,0,0,0,0,0,0
202012,26,099,2,3,Macomb County                 ,98,98,32520562,1,2,238350,0,0,0,0,0,0,97,97,32286187,1,2,238350,0,0,0,0,0,0
202012,26,103,2,3,Marquette County              ,3,3,1635000,0,0,0,0,0,0,0,0,0,3,3,1635000,0,0,0,0,0,0,0,0,0
202012,26,137,2,3,Otsego County                 ,1,1,81000,0,0,0,0,0,0,0,0,0,0,0,0,0,0,0,0,0,0,0,0,0
202012,26,147,2,3,St. Clair County              ,15,15,3592071,0,0,0,0,0,0,0,0,0,11,11,2898539,0,0,0,0,0,0,0,0,0
202012,26,163,2,3,Wayne County                  ,62,62,20037272,0,0,0,0,0,0,2,338,67000000,47,47,17203456,0,0,0,0,0,0,2,338,67000000
202012,27,003,2,4,Anoka County                  ,96,96,28405866,0,0,0,0,0,0,2,335,50924304,89,89,26246569,0,0,0,0,0,0,2,335,50924304
202012,27,019,2,4,Carver County                 ,58,58,16401604,0,0,0,0,0,0,0,0,0,55,55,15391165,0,0,0,0,0,0,0,0,0
202012,27,025,2,4,Chisago County                ,23,23,4178750,1,2,357000,0,0,0,0,0,0,23,23,4178750,0,0,0,0,0,0,0,0,0
202012,27,027,2,4,Clay County                   ,0,0,0,0,0,0,0,0,0,1,33,3050000,0,0,0,0,0,0,0,0,0,1,33,3050000
202012,27,037,2,4,Dakota County                 ,137,137,36635233,1,2,420000,1,4,672164,2,412,60600000,136,136,36276500,1,2,420000,1,4,672164,2,412,60600000
202012,27,053,2,4,Hennepin County               ,201,201,80976991,2,4,696068,0,0,0,4,447,94514210,160,160,65502627,2,4,696068,0,0,0,4,447,94514210
202012,27,059,2,4,Isanti County                 ,31,31,6666810,0,0,0,0,0,0,0,0,0,31,31,6666810,0,0,0,0,0,0,0,0,0
202012,27,123,2,4,Ramsey County                 ,26,26,10059937,0,0,0,0,0,0,2,226,7885000,22,22,9204618,0,0,0,0,0,0,2,226,7885000
202012,27,139,2,4,Scott County                  ,54,54,22131414,0,0,0,0,0,0,0,0,0,54,54,22131414,0,0,0,0,0,0,0,0,0
202012,27,141,2,4,Sherburne County              ,32,32,7465044,0,0,0,0,0,0,0,0,0,31,31,7323099,0,0,0,0,0,0,0,0,0
202012,27,163,2,4,Washington County             ,141,141,41712895,0,0,0,0,0,0,1,14,1155747,132,132,38498060,0,0,0,0,0,0,0,0,0
202012,27,171,2,4,Wright County                 ,106,106,31563903,0,0,0,0,0,0,1,5,839577,100,100,30313903,0,0,0,0,0,0,0,0,0
202012,28,033,3,6,DeSoto County                 ,141,141,27187317,0,0,0,0,0,0,0,0,0,112,112,22657542,0,0,0,0,0,0,0,0,0
202012,28,041,3,6,Greene County                 ,0,0,0,0,0,0,0,0,0,0,0,0,0,0,0,0,0,0,0,0,0,0,0,0
202012,28,045,3,6,Hancock County                ,50,50,8822917,0,0,0,1,3,301084,1,6,507976,15,15,3512761,0,0,0,0,0,0,0,0,0
202012,28,047,3,6,Harrison County               ,99,99,19527266,0,0,0,0,0,0,0,0,0,85,85,17936852,0,0,0,0,0,0,0,0,0
202012,28,067,3,6,Jones County                  ,0,0,0,0,0,0,0,0,0,0,0,0,0,0,0,0,0,0,0,0,0,0,0,0
202012,28,129,3,6,Smith County                  ,0,0,0,0,0,0,0,0,0,0,0,0,0,0,0,0,0,0,0,0,0,0,0,0
202012,28,137,3,6,Tate County                   ,6,6,1180000,0,0,0,0,0,0,0,0,0,6,6,1180000,0,0,0,0,0,0,0,0,0
202012,28,143,3,6,Tunica County                 ,7,7,1561689,0,0,0,0,0,0,0,0,0,0,0,0,0,0,0,0,0,0,0,0,0
202012,28,145,3,6,Union County                  ,1,1,159000,0,0,0,0,0,0,0,0,0,1,1,159000,0,0,0,0,0,0,0,0,0
202012,28,149,3,6,Warren County                 ,2,2,445465,0,0,0,0,0,0,0,0,0,0,0,0,0,0,0,0,0,0,0,0,0
202012,29,013,2,4,Bates County                  ,0,0,0,0,0,0,0,0,0,0,0,0,0,0,0,0,0,0,0,0,0,0,0,0
202012,29,017,2,4,Bollinger County              ,0,0,0,0,0,0,0,0,0,0,0,0,0,0,0,0,0,0,0,0,0,0,0,0
202012,29,019,2,4,Boone County                  ,64,64,18247304,0,0,0,0,0,0,0,0,0,64,64,18247304,0,0,0,0,0,0,0,0,0
202012,29,049,2,4,Clinton County                ,6,6,1526758,0,0,0,0,0,0,0,0,0,5,5,1323758,0,0,0,0,0,0,0,0,0
202012,29,065,2,4,Dent County                   ,0,0,0,0,0,0,0,0,0,0,0,0,0,0,0,0,0,0,0,0,0,0,0,0
202012,29,071,2,4,Franklin County               ,27,27,6561286,0,0,0,0,0,0,0,0,0,26,26,6290554,0,0,0,0,0,0,0,0,0
202012,29,095,2,4,Jackson County                ,176,176,43063377,1,2,128000,1,4,275350,1,5,580760,168,168,40847741,1,2,128000,1,4,275350,0,0,0
202012,29,099,2,4,Jefferson County              ,79,79,22077662,1,2,300000,0,0,0,0,0,0,72,72,20583154,1,2,300000,0,0,0,0,0,0
202012,29,105,2,4,Laclede County                ,6,6,892810,0,0,0,0,0,0,0,0,0,6,6,892810,0,0,0,0,0,0,0,0,0
202012,29,107,2,4,Lafayette County              ,3,3,656879,0,0,0,0,0,0,0,0,0,3,3,656879,0,0,0,0,0,0,0,0,0
202012,29,113,2,4,Lincoln County                ,24,24,3841087,1,2,100000,0,0,0,0,0,0,24,24,3841087,1,2,100000,0,0,0,0,0,0
202012,29,165,2,4,Platte County                 ,34,34,9137805,1,2,325000,0,0,0,0,0,0,33,33,8793149,1,2,325000,0,0,0,0,0,0
202012,29,185,2,4,St. Clair County              ,0,0,0,0,0,0,0,0,0,0,0,0,0,0,0,0,0,0,0,0,0,0,0,0
202012,29,189,2,4,St. Louis County              ,97,97,41142942,0,0,0,0,0,0,1,6,576742,90,90,37276431,0,0,0,0,0,0,0,0,0
202012,29,219,2,4,Warren County                 ,24,24,5630247,0,0,0,0,0,0,3,30,2789197,24,24,5630247,0,0,0,0,0,0,3,30,2789197
202012,29,221,2,4,Washington County             ,0,0,0,0,0,0,0,0,0,0,0,0,0,0,0,0,0,0,0,0,0,0,0,0
202012,29,510,2,4,St. Louis (Independent City)  ,10,10,1991869,0,0,0,1,3,658333,1,21,1646627,0,0,0,0,0,0,0,0,0,0,0,0
202012,30,013,4,8,Cascade County                ,15,15,4082000,0,0,0,0,0,0,0,0,0,15,15,4082000,0,0,0,0,0,0,0,0,0
202012,30,033,4,8,Garfield County               ,0,0,0,0,0,0,0,0,0,0,0,0,0,0,0,0,0,0,0,0,0,0,0,0
202012,30,063,4,8,Missoula County               ,39,39,9163677,0,0,0,0,0,0,3,89,3281289,39,39,9163677,0,0,0,0,0,0,3,89,3281289
202012,30,093,4,8,Silver Bow County             ,1,1,74137,1,2,283500,0,0,0,0,0,0,1,1,74137,1,2,283500,0,0,0,0,0,0
202012,31,001,2,4,Adams County                  ,3,3,787180,0,0,0,0,0,0,0,0,0,2,2,508966,0,0,0,0,0,0,0,0,0
202012,31,025,2,4,Cass County                   ,9,9,1618434,0,0,0,0,0,0,0,0,0,4,4,681886,0,0,0,0,0,0,0,0,0
202012,31,033,2,4,Cheyenne County               ,0,0,0,0,0,0,0,0,0,0,0,0,0,0,0,0,0,0,0,0,0,0,0,0
202012,31,055,2,4,Douglas County                ,155,155,29166522,0,0,0,0,0,0,4,184,13814394,155,155,29166522,0,0,0,0,0,0,4,184,13814394
202012,31,105,2,4,Kimball County                ,0,0,0,0,0,0,0,0,0,0,0,0,0,0,0,0,0,0,0,0,0,0,0,0
202012,31,153,2,4,Sarpy County                  ,103,103,29588082,0,0,0,0,0,0,2,15,2401423,68,68,20369296,0,0,0,0,0,0,1,10,1847403
202012,31,165,2,4,Sioux County                  ,0,0,0,0,0,0,0,0,0,0,0,0,0,0,0,0,0,0,0,0,0,0,0,0
202012,31,177,2,4,Washington County             ,1,1,331081,0,0,0,0,0,0,0,0,0,1,1,331081,0,0,0,0,0,0,0,0,0
202012,32,001,4,8,Churchill County              ,2,2,359269,0,0,0,0,0,0,0,0,0,2,2,359269,0,0,0,0,0,0,0,0,0
202012,32,003,4,8,Clark County                  ,1255,1255,346432958,22,44,3054163,9,27,3706551,12,229,31967162,1255,1255,346432958,22,44,3054163,9,27,3706551,12,229,31967162
202012,32,005,4,8,Douglas County                ,9,9,4212570,0,0,0,0,0,0,0,0,0,9,9,4212570,0,0,0,0,0,0,0,0,0
202012,32,007,4,8,Elko County                   ,11,11,1558166,0,0,0,0,0,0,0,0,0,11,11,1558166,0,0,0,0,0,0,0,0,0
202012,32,013,4,8,Humboldt County               ,0,0,0,0,0,0,0,0,0,0,0,0,0,0,0,0,0,0,0,0,0,0,0,0
202012,32,015,4,8,Lander County                 ,0,0,0,0,0,0,0,0,0,0,0,0,0,0,0,0,0,0,0,0,0,0,0,0
202012,32,017,4,8,Lincoln County                ,1,1,250000,0,0,0,0,0,0,0,0,0,1,1,250000,0,0,0,0,0,0,0,0,0
202012,32,019,4,8,Lyon County                   ,14,14,4092661,0,0,0,0,0,0,0,0,0,3,3,1128419,0,0,0,0,0,0,0,0,0
202012,32,021,4,8,Mineral County                ,0,0,0,0,0,0,0,0,0,0,0,0,0,0,0,0,0,0,0,0,0,0,0,0
202012,32,027,4,8,Pershing County               ,0,0,0,0,0,0,0,0,0,0,0,0,0,0,0,0,0,0,0,0,0,0,0,0
202012,32,029,4,8,Storey County                 ,1,1,136399,0,0,0,0,0,0,0,0,0,1,1,136399,0,0,0,0,0,0,0,0,0
202012,32,031,4,8,Washoe County                 ,261,261,70358502,2,4,413804,1,3,404496,13,249,32641920,76,76,17779040,0,0,0,0,0,0,0,0,0
202012,32,033,4,8,White Pine County             ,1,1,253690,0,0,0,0,0,0,0,0,0,1,1,253690,0,0,0,0,0,0,0,0,0
202012,32,510,4,8,Carson City (Independent City),18,18,4791584,0,0,0,1,3,381851,1,9,898601,0,0,0,0,0,0,0,0,0,0,0,0
202012,33,015,1,1,Rockingham County             ,54,54,17901039,3,6,861696,1,4,40000,4,54,5454972,34,34,11532365,2,4,508000,1,4,40000,2,43,4600090
202012,33,017,1,1,Strafford County              ,30,30,6742480,0,0,0,0,0,0,0,0,0,30,30,6742480,0,0,0,0,0,0,0,0,0
202012,34,001,1,2,Atlantic County               ,58,58,24309747,0,0,0,0,0,0,1,10,1194642,57,57,23390584,0,0,0,0,0,0,0,0,0
202012,34,003,1,2,Bergen County                 ,118,118,25351382,4,8,1331676,0,0,0,15,209,24141547,88,88,16988146,1,2,1000,0,0,0,4,122,15419764
202012,34,005,1,2,Burlington County             ,53,53,10566166,0,0,0,0,0,0,6,113,11372420,33,33,7078326,0,0,0,0,0,0,2,71,7989376
202012,34,007,1,2,Camden County                 ,44,44,1137576,0,0,0,0,0,0,7,40,5598740,43,43,1045342,0,0,0,0,0,0,6,33,5225000
202012,34,009,1,2,Cape May County               ,45,45,20953923,16,32,6214500,0,0,0,1,5,48396,38,38,19734198,16,32,6214500,0,0,0,0,0,0
202012,34,011,1,2,Cumberland County             ,5,5,510723,0,0,0,0,0,0,0,0,0,3,3,329322,0,0,0,0,0,0,0,0,0
202012,34,013,1,2,Essex County                  ,35,35,10367395,1,2,583400,2,8,622200,6,101,12790100,34,34,10119600,1,2,583400,2,8,622200,4,91,11260500
202012,34,015,1,2,Gloucester County             ,42,42,5991339,0,0,0,1,3,128055,2,17,884956,29,29,3960774,0,0,0,0,0,0,0,0,0
202012,34,017,1,2,Hudson County                 ,36,36,3249552,6,12,1549010,5,17,1971100,8,230,17160329,32,32,2706961,5,10,1317800,5,17,1971100,5,107,4139000
202012,34,019,1,2,Hunterdon County              ,16,16,2681026,0,0,0,0,0,0,2,14,761052,14,14,2344260,0,0,0,0,0,0,0,0,0
202012,34,021,1,2,Mercer County                 ,25,25,28879933,0,0,0,0,0,0,2,11,514310,21,21,27932136,0,0,0,0,0,0,1,5,18000
202012,34,023,1,2,Middlesex County              ,51,51,8715546,1,2,210400,0,0,0,4,45,5265301,33,33,6107147,0,0,0,0,0,0,2,15,1056180
202012,34,025,1,2,Monmouth County               ,89,89,26676386,0,0,0,1,3,8000,18,181,21712076,52,52,14774444,0,0,0,0,0,0,16,148,18439918
202012,34,027,1,2,Morris County                 ,67,67,13125709,1,2,300657,1,3,121825,4,21,1339399,36,36,6019557,0,0,0,0,0,0,1,5,1500
202012,34,029,1,2,Ocean County                  ,313,313,48727156,2,4,603103,0,0,0,3,35,3567385,304,304,45834286,2,4,603103,0,0,0,2,30,3141400
202012,34,031,1,2,Passaic County                ,10,10,1688045,2,4,562334,1,3,93309,7,147,7393754,6,6,1289050,1,2,449200,0,0,0,3,79,4250000
202012,34,033,1,2,Salem County                  ,7,7,1808400,0,0,0,0,0,0,0,0,0,7,7,1808400,0,0,0,0,0,0,0,0,0
202012,34,035,1,2,Somerset County               ,23,23,4671158,0,0,0,0,0,0,10,189,29663957,16,16,3459350,0,0,0,0,0,0,5,115,24800000
202012,34,037,1,2,Sussex County                 ,14,14,3314177,0,0,0,0,0,0,0,0,0,13,13,3043961,0,0,0,0,0,0,0,0,0
202012,34,039,1,2,Union County                  ,23,23,7594378,2,4,93000,1,3,2400,11,543,45217921,16,16,6138454,2,4,93000,1,3,2400,7,497,42329000
202012,34,041,1,2,Warren County                 ,10,10,1197803,1,2,29000,0,0,0,1,5,483240,6,6,458182,1,2,29000,0,0,0,0,0,0
202012,35,000,4,8,New Mexico Balance of State   ,34,34,9216998,0,0,0,0,0,0,0,0,0,0,0,0,0,0,0,0,0,0,0,0,0
202012,35,001,4,8,Bernalillo County             ,56,56,15864210,0,0,0,0,0,0,0,0,0,56,56,15864210,0,0,0,0,0,0,0,0,0
202012,35,005,4,8,Chaves County                 ,5,5,884939,0,0,0,0,0,0,0,0,0,1,1,205000,0,0,0,0,0,0,0,0,0
202012,35,009,4,8,Curry County                  ,5,5,1261782,0,0,0,0,0,0,2,10,921876,0,0,0,0,0,0,0,0,0,0,0,0
202012,35,013,4,8,Dona Ana County               ,86,86,22300013,0,0,0,0,0,0,0,0,0,74,74,19623096,0,0,0,0,0,0,0,0,0
202012,35,015,4,8,Eddy County                   ,9,9,2316800,0,0,0,0,0,0,0,0,0,9,9,2316800,0,0,0,0,0,0,0,0,0
202012,35,017,4,8,Grant County                  ,1,1,162080,0,0,0,0,0,0,0,0,0,0,0,0,0,0,0,0,0,0,0,0,0
202012,35,025,4,8,Lea County                    ,16,16,3506171,0,0,0,0,0,0,0,0,0,0,0,0,0,0,0,0,0,0,0,0,0
202012,35,027,4,8,Lincoln County                ,4,4,2236651,0,0,0,0,0,0,0,0,0,4,4,2236651,0,0,0,0,0,0,0,0,0
202012,35,028,4,8,Los Alamos County             ,0,0,0,0,0,0,0,0,0,0,0,0,0,0,0,0,0,0,0,0,0,0,0,0
202012,35,029,4,8,Luna County                   ,0,0,0,0,0,0,0,0,0,0,0,0,0,0,0,0,0,0,0,0,0,0,0,0
202012,35,031,4,8,McKinley County               ,0,0,0,0,0,0,0,0,0,0,0,0,0,0,0,0,0,0,0,0,0,0,0,0
202012,35,035,4,8,Otero County                  ,0,0,0,0,0,0,0,0,0,0,0,0,0,0,0,0,0,0,0,0,0,0,0,0
202012,35,041,4,8,Roosevelt County              ,2,2,305713,0,0,0,0,0,0,0,0,0,0,0,0,0,0,0,0,0,0,0,0,0
202012,35,043,4,8,Sandoval County               ,71,71,15753848,0,0,0,0,0,0,1,9,375000,0,0,0,0,0,0,0,0,0,0,0,0
202012,35,045,4,8,San Juan County               ,10,10,2685702,0,0,0,0,0,0,0,0,0,10,10,2685702,0,0,0,0,0,0,0,0,0
202012,35,047,4,8,San Miguel County             ,0,0,0,0,0,0,0,0,0,0,0,0,0,0,0,0,0,0,0,0,0,0,0,0
202012,35,049,4,8,Santa Fe County               ,37,37,8463192,0,0,0,0,0,0,1,29,3555360,0,0,0,0,0,0,0,0,0,0,0,0
202012,35,055,4,8,Taos County                   ,2,2,1071150,0,0,0,0,0,0,0,0,0,2,2,1071150,0,0,0,0,0,0,0,0,0
202012,35,061,4,8,Valencia County               ,5,5,1388417,0,0,0,0,0,0,0,0,0,5,5,1388417,0,0,0,0,0,0,0,0,0
202012,36,001,1,2,Albany County                 ,31,31,7659392,0,0,0,2,8,2040000,0,0,0,30,30,7458119,0,0,0,2,8,2040000,0,0,0
202012,36,005,1,2,Bronx County                  ,0,0,0,0,0,0,3,9,1193728,16,1561,176107654,0,0,0,0,0,0,3,9,1193728,16,1561,176107654
202012,36,029,1,2,Erie County                   ,63,63,20295864,3,6,1086000,0,0,0,3,36,5924259,51,51,17530331,3,6,1086000,0,0,0,1,6,479050
202012,36,047,1,2,Kings County                  ,5,5,1326635,0,0,0,1,4,530546,14,208,23465978,5,5,1326635,0,0,0,1,4,530546,14,208,23465978
202012,36,051,1,2,Livingston County             ,5,5,1113000,0,0,0,0,0,0,0,0,0,2,2,475000,0,0,0,0,0,0,0,0,0
202012,36,055,1,2,Monroe County                 ,37,37,9888891,1,2,302500,1,3,240000,2,32,4437336,29,29,7559670,0,0,0,0,0,0,1,5,425000
202012,36,059,1,2,Nassau County                 ,66,66,32181931,0,0,0,0,0,0,2,45,6662924,21,21,21873744,0,0,0,0,0,0,0,0,0
202012,36,061,1,2,New York County               ,0,0,0,0,0,0,1,4,530546,4,70,7897204,0,0,0,0,0,0,1,4,530546,4,70,7897204
202012,36,063,1,2,Niagara County                ,15,15,3801568,0,0,0,0,0,0,0,0,0,13,13,3085235,0,0,0,0,0,0,0,0,0
202012,36,069,1,2,Ontario County                ,22,22,7835862,0,0,0,1,4,464000,0,0,0,21,21,7727529,0,0,0,1,4,464000,0,0,0
202012,36,073,1,2,Orleans County                ,0,0,0,0,0,0,0,0,0,0,0,0,0,0,0,0,0,0,0,0,0,0,0,0
202012,36,079,1,2,Putnam County                 ,4,4,1364095,0,0,0,0,0,0,0,0,0,4,4,1364095,0,0,0,0,0,0,0,0,0
202012,36,081,1,2,Queens County                 ,8,8,2122615,13,26,3946899,3,9,1193728,5,243,27414580,8,8,2122615,13,26,3946899,3,9,1193728,5,243,27414580
202012,36,083,1,2,Rensselaer County             ,14,14,3363510,0,0,0,0,0,0,1,5,500000,9,9,2095000,0,0,0,0,0,0,0,0,0
202012,36,085,1,2,Richmond County               ,12,12,3183923,13,26,3946899,0,0,0,1,10,1128172,12,12,3183923,13,26,3946899,0,0,0,1,10,1128172
202012,36,087,1,2,Rockland County               ,8,8,2232678,2,4,517203,1,3,327455,2,10,1565362,1,1,350000,0,0,0,0,0,0,0,0,0
202012,36,091,1,2,Saratoga County               ,78,78,23167603,1,2,160000,1,3,600000,0,0,0,73,73,21822529,0,0,0,0,0,0,0,0,0
202012,36,093,1,2,Schenectady County            ,3,3,692469,0,0,0,0,0,0,0,0,0,2,2,525000,0,0,0,0,0,0,0,0,0
202012,36,095,1,2,Schoharie County              ,3,3,883165,0,0,0,0,0,0,0,0,0,2,2,615327,0,0,0,0,0,0,0,0,0
202012,36,099,1,2,Seneca County                 ,2,2,150000,0,0,0,0,0,0,0,0,0,2,2,150000,0,0,0,0,0,0,0,0,0
202012,36,103,1,2,Suffolk County                ,61,61,61846409,0,0,0,0,0,0,0,0,0,51,51,51056400,0,0,0,0,0,0,0,0,0
202012,36,117,1,2,Wayne County                  ,18,18,4457025,0,0,0,0,0,0,0,0,0,15,15,3946923,0,0,0,0,0,0,0,0,0
202012,36,119,1,2,Westchester County            ,43,43,18876159,0,0,0,0,0,0,3,160,32158659,32,32,10514544,0,0,0,0,0,0,0,0,0
202012,37,007,3,5,Anson County                  ,5,5,749325,0,0,0,0,0,0,0,0,0,0,0,0,0,0,0,0,0,0,0,0,0
202012,37,011,3,5,Avery County                  ,7,7,2404317,0,0,0,1,4,600000,0,0,0,7,7,2404317,0,0,0,1,4,600000,0,0,0
202012,37,015,3,5,Bertie County                 ,1,1,176284,0,0,0,0,0,0,0,0,0,1,1,176284,0,0,0,0,0,0,0,0,0
202012,37,025,3,5,Cabarrus County               ,138,138,25192402,0,0,0,0,0,0,17,712,77400572,138,138,25192402,0,0,0,0,0,0,17,712,77400572
202012,37,033,3,5,Caswell County                ,2,2,418152,0,0,0,0,0,0,0,0,0,2,2,418152,0,0,0,0,0,0,0,0,0
202012,37,037,3,5,Chatham County                ,58,58,18990744,0,0,0,0,0,0,1,24,3365517,0,0,0,0,0,0,0,0,0,0,0,0
202012,37,051,3,5,Cumberland County             ,40,40,8938361,2,4,291970,0,0,0,0,0,0,40,40,8938361,2,4,291970,0,0,0,0,0,0
202012,37,053,3,5,Currituck County              ,61,61,12167227,0,0,0,0,0,0,0,0,0,61,61,12167227,0,0,0,0,0,0,0,0,0
202012,37,059,3,5,Davie County                  ,17,17,3858551,0,0,0,0,0,0,1,5,197173,0,0,0,0,0,0,0,0,0,0,0,0
202012,37,063,3,5,Durham County                 ,221,221,42493468,0,0,0,1,3,749968,2,125,18938699,0,0,0,0,0,0,0,0,0,0,0,0
202012,37,069,3,5,Franklin County               ,101,101,23546029,0,0,0,0,0,0,0,0,0,101,101,23546029,0,0,0,0,0,0,0,0,0
202012,37,071,3,5,Gaston County                 ,147,147,41908485,0,0,0,1,3,524259,0,0,0,37,37,4862455,0,0,0,0,0,0,0,0,0
202012,37,077,3,5,Granville County              ,20,20,3277694,0,0,0,0,0,0,0,0,0,20,20,3277694,0,0,0,0,0,0,0,0,0
202012,37,081,3,5,Guilford County               ,114,114,31673646,0,0,0,0,0,0,1,56,6839030,48,48,9027703,0,0,0,0,0,0,1,56,6839030
202012,37,089,3,5,Henderson County              ,49,49,19316520,0,0,0,0,0,0,0,0,0,49,49,19316520,0,0,0,0,0,0,0,0,0
202012,37,093,3,5,Hoke County                   ,25,25,5828225,0,0,0,0,0,0,0,0,0,25,25,5828225,0,0,0,0,0,0,0,0,0
202012,37,097,3,5,Iredell County                ,131,131,34067749,0,0,0,0,0,0,0,0,0,131,131,34067749,0,0,0,0,0,0,0,0,0
202012,37,101,3,5,Johnston County               ,281,281,50428507,0,0,0,0,0,0,0,0,0,276,276,49413507,0,0,0,0,0,0,0,0,0
202012,37,119,3,5,Mecklenburg County            ,559,559,130319111,0,0,0,0,0,0,1,36,3540100,559,559,130319111,0,0,0,0,0,0,1,36,3540100
202012,37,133,3,5,Onslow County                 ,79,79,12973624,0,0,0,0,0,0,0,0,0,79,79,12973624,0,0,0,0,0,0,0,0,0
202012,37,135,3,5,Orange County                 ,50,50,14440995,0,0,0,0,0,0,0,0,0,50,50,14440995,0,0,0,0,0,0,0,0,0
202012,37,145,3,5,Person County                 ,5,5,1533997,0,0,0,0,0,0,0,0,0,5,5,1533997,0,0,0,0,0,0,0,0,0
202012,37,151,3,5,Randolph County               ,18,18,3979201,1,2,97500,0,0,0,0,0,0,13,13,3495470,0,0,0,0,0,0,0,0,0
202012,37,157,3,5,Rockingham County             ,19,19,5553582,0,0,0,0,0,0,0,0,0,19,19,5553582,0,0,0,0,0,0,0,0,0
202012,37,179,3,5,Union County                  ,123,123,28969046,0,0,0,0,0,0,0,0,0,123,123,28969046,0,0,0,0,0,0,0,0,0
202012,37,181,3,5,Vance County                  ,3,3,688000,0,0,0,0,0,0,0,0,0,3,3,688000,0,0,0,0,0,0,0,0,0
202012,37,183,3,5,Wake County                   ,680,680,182524561,0,0,0,0,0,0,6,216,65439035,680,680,182524561,0,0,0,0,0,0,6,216,65439035
202012,37,195,3,5,Wilson County                 ,55,55,9596771,0,0,0,0,0,0,0,0,0,55,55,9596771,0,0,0,0,0,0,0,0,0
202012,39,007,2,3,Ashtabula County              ,6,6,1268400,0,0,0,4,12,780000,0,0,0,6,6,1268400,0,0,0,4,12,780000,0,0,0
202012,39,015,2,3,Brown County                  ,11,11,3062833,0,0,0,0,0,0,0,0,0,11,11,3062833,0,0,0,0,0,0,0,0,0
202012,39,017,2,3,Butler County                 ,88,88,18342264,1,2,370000,0,0,0,0,0,0,76,76,16420796,1,2,370000,0,0,0,0,0,0
202012,39,025,2,3,Clermont County               ,67,67,27532888,0,0,0,2,6,1000000,1,6,653856,67,67,27532888,0,0,0,2,6,1000000,1,6,653856
202012,39,041,2,3,Delaware County               ,187,187,53376638,1,2,500000,0,0,0,1,5,613639,168,168,49063648,0,0,0,0,0,0,0,0,0
202012,39,049,2,3,Franklin County               ,147,147,55751845,1,2,60000,2,8,970000,30,548,42293868,135,135,52286259,1,2,60000,2,8,970000,30,548,42293868
202012,39,055,2,3,Geauga County                 ,9,9,3581585,0,0,0,0,0,0,0,0,0,9,9,3581585,0,0,0,0,0,0,0,0,0
202012,39,085,2,3,Lake County                   ,53,53,13151032,0,0,0,0,0,0,0,0,0,46,46,11787814,0,0,0,0,0,0,0,0,0
202012,39,089,2,3,Licking County                ,35,35,11290139,0,0,0,0,0,0,0,0,0,35,35,11290139,0,0,0,0,0,0,0,0,0
202012,39,093,2,3,Lorain County                 ,105,105,23683130,1,2,560000,4,16,230000,3,26,3000000,96,96,21652668,1,2,560000,4,16,230000,3,26,3000000
202012,39,097,2,3,Madison County                ,7,7,2056669,0,0,0,0,0,0,0,0,0,0,0,0,0,0,0,0,0,0,0,0,0
202012,39,103,2,3,Medina County                 ,35,35,18509824,0,0,0,0,0,0,0,0,0,35,35,18509824,0,0,0,0,0,0,0,0,0
202012,39,117,2,3,Morrow County                 ,4,4,1113758,0,0,0,0,0,0,0,0,0,4,4,1113758,0,0,0,0,0,0,0,0,0
202012,39,159,2,3,Union County                  ,52,52,17708452,0,0,0,0,0,0,0,0,0,52,52,17708452,0,0,0,0,0,0,0,0,0
202012,39,165,2,3,Warren County                 ,129,129,34724545,0,0,0,0,0,0,0,0,0,118,118,30640530,0,0,0,0,0,0,0,0,0
202012,40,001,3,7,Adair County                  ,0,0,0,0,0,0,0,0,0,0,0,0,0,0,0,0,0,0,0,0,0,0,0,0
202012,40,017,3,7,Canadian County               ,46,46,10180858,1,2,226699,0,0,0,0,0,0,16,16,2850000,0,0,0,0,0,0,0,0,0
202012,40,021,3,7,Cherokee County               ,7,7,918668,1,2,130000,0,0,0,1,5,244048,0,0,0,0,0,0,0,0,0,0,0,0
202012,40,027,3,7,Cleveland County              ,77,77,24462822,0,0,0,0,0,0,0,0,0,69,69,23465559,0,0,0,0,0,0,0,0,0
202012,40,029,3,7,Coal County                   ,0,0,0,0,0,0,0,0,0,0,0,0,0,0,0,0,0,0,0,0,0,0,0,0
202012,40,037,3,7,Creek County                  ,6,6,1298123,0,0,0,0,0,0,1,7,538461,0,0,0,0,0,0,0,0,0,0,0,0
202012,40,051,3,7,Grady County                  ,20,20,512600,0,0,0,0,0,0,0,0,0,19,19,265000,0,0,0,0,0,0,0,0,0
202012,40,055,3,7,Greer County                  ,0,0,0,0,0,0,0,0,0,0,0,0,0,0,0,0,0,0,0,0,0,0,0,0
202012,40,081,3,7,Lincoln County                ,0,0,0,0,0,0,0,0,0,0,0,0,0,0,0,0,0,0,0,0,0,0,0,0
202012,40,083,3,7,Logan County                  ,0,0,0,0,0,0,0,0,0,0,0,0,0,0,0,0,0,0,0,0,0,0,0,0
202012,40,087,3,7,McClain County                ,63,63,13140255,3,6,540000,0,0,0,0,0,0,39,39,9208902,3,6,540000,0,0,0,0,0,0
202012,40,109,3,7,Oklahoma County               ,391,391,102418792,3,6,522000,2,8,1680000,0,0,0,376,376,100181621,2,4,360000,2,8,1680000,0,0,0
202012,40,111,3,7,Okmulgee County               ,1,1,32000,0,0,0,0,0,0,0,0,0,0,0,0,0,0,0,0,0,0,0,0,0
202012,40,113,3,7,Osage County                  ,7,7,1817634,0,0,0,0,0,0,0,0,0,7,7,1817634,0,0,0,0,0,0,0,0,0
202012,40,117,3,7,Pawnee County                 ,0,0,0,0,0,0,0,0,0,0,0,0,0,0,0,0,0,0,0,0,0,0,0,0
202012,40,131,3,7,Rogers County                 ,36,36,6834487,0,0,0,0,0,0,0,0,0,36,36,6834487,0,0,0,0,0,0,0,0,0
202012,40,143,3,7,Tulsa County                  ,254,254,59873320,2,4,480000,0,0,0,1,58,4800000,254,254,59873320,2,4,480000,0,0,0,1,58,4800000
202012,40,145,3,7,Wagoner County                ,60,60,12280731,0,0,0,0,0,0,0,0,0,60,60,12280731,0,0,0,0,0,0,0,0,0
202012,41,000,4,9,Oregon Balance of State       ,24,24,2436000,0,0,0,0,0,0,0,0,0,24,24,2436000,0,0,0,0,0,0,0,0,0
202012,41,005,4,9,Clackamas County              ,139,139,41741198,0,0,0,0,0,0,3,15,3919429,139,139,41741198,0,0,0,0,0,0,3,15,3919429
202012,41,017,4,9,Deschutes County              ,170,170,43933667,6,12,1591425,0,0,0,1,5,763003,102,102,29672259,3,6,821173,0,0,0,0,0,0
202012,41,019,4,9,Douglas County                ,26,26,7946121,0,0,0,0,0,0,0,0,0,26,26,7946121,0,0,0,0,0,0,0,0,0
202012,41,023,4,9,Grant County                  ,0,0,0,0,0,0,0,0,0,0,0,0,0,0,0,0,0,0,0,0,0,0,0,0
202012,41,025,4,9,Harney County                 ,0,0,0,0,0,0,0,0,0,0,0,0,0,0,0,0,0,0,0,0,0,0,0,0
202012,41,035,4,9,Klamath County                ,9,9,2094136,0,0,0,0,0,0,0,0,0,9,9,2094136,0,0,0,0,0,0,0,0,0
202012,41,037,4,9,Lake County                   ,0,0,0,0,0,0,0,0,0,0,0,0,0,0,0,0,0,0,0,0,0,0,0,0
202012,41,051,4,9,Multnomah County              ,60,60,16610576,2,4,818523,0,0,0,7,105,8340771,59,59,16322369,2,4,818523,0,0,0,6,86,6863074
202012,41,065,4,9,Wasco County                  ,4,4,874577,2,4,697953,0,0,0,0,0,0,4,4,874577,2,4,697953,0,0,0,0,0,0
202012,41,067,4,9,Washington County             ,152,152,41434263,0,0,0,0,0,0,4,84,11393128,152,152,41434263,0,0,0,0,0,0,4,84,11393128
202012,41,071,4,9,Yamhill County                ,36,36,9694367,1,2,365374,0,0,0,0,0,0,36,36,9694367,0,0,0,0,0,0,0,0,0
202012,42,001,1,2,Adams County                  ,22,22,6792463,0,0,0,0,0,0,0,0,0,0,0,0,0,0,0,0,0,0,0,0,0
202012,42,017,1,2,Bucks County                  ,63,63,13596374,0,0,0,0,0,0,0,0,0,40,40,9322206,0,0,0,0,0,0,0,0,0
202012,42,029,1,2,Chester County                ,111,111,24297341,2,4,400000,1,3,315000,5,234,13444339,69,69,14984151,2,4,400000,1,3,315000,1,205,10500000
202012,42,037,1,2,Columbia County               ,3,3,733485,1,2,285714,0,0,0,0,0,0,0,0,0,0,0,0,0,0,0,0,0,0
202012,42,041,1,2,Cumberland County             ,86,86,17630316,0,0,0,0,0,0,2,11,869295,66,66,13752742,0,0,0,0,0,0,0,0,0
202012,42,043,1,2,Dauphin County                ,34,34,7509750,1,2,355499,1,3,513646,1,15,1567902,12,12,2678345,0,0,0,0,0,0,0,0,0
202012,42,045,1,2,Delaware County               ,22,22,5019729,0,0,0,0,0,0,0,0,0,3,3,484844,0,0,0,0,0,0,0,0,0
202012,42,055,1,2,Franklin County               ,21,21,4628187,0,0,0,0,0,0,0,0,0,20,20,4366654,0,0,0,0,0,0,0,0,0
202012,42,091,1,2,Montgomery County             ,100,100,24242982,3,6,4350000,1,4,450000,2,20,2537664,74,74,18467320,3,6,4350000,1,4,450000,1,12,1620000
202012,42,093,1,2,Montour County                ,0,0,0,0,0,0,0,0,0,0,0,0,0,0,0,0,0,0,0,0,0,0,0,0
202012,42,099,1,2,Perry County                  ,7,7,1828783,0,0,0,0,0,0,0,0,0,0,0,0,0,0,0,0,0,0,0,0,0
202012,42,101,1,2,Philadelphia County           ,36,36,9551769,19,38,5768544,5,19,2520092,7,380,42870537,36,36,9551769,19,38,5768544,5,19,2520092,7,380,42870537
202012,42,103,1,2,Pike County                   ,19,19,5088065,0,0,0,0,0,0,0,0,0,13,13,3609391,0,0,0,0,0,0,0,0,0
202012,44,001,1,1,Bristol County                ,4,4,1247969,0,0,0,0,0,0,0,0,0,2,2,321824,0,0,0,0,0,0,0,0,0
202012,44,003,1,1,Kent County                   ,18,18,2733726,2,4,160000,0,0,0,0,0,0,17,17,2475000,2,4,160000,0,0,0,0,0,0
202012,44,005,1,1,Newport County                ,13,13,6774341,0,0,0,0,0,0,0,0,0,10,10,5693654,0,0,0,0,0,0,0,0,0
202012,44,007,1,1,Providence County             ,34,34,6312754,3,6,309145,1,3,172648,1,8,458031,22,22,4503448,0,0,0,0,0,0,0,0,0
202012,44,009,1,1,Washington County             ,21,21,5916716,4,8,1011760,0,0,0,0,0,0,14,14,3677600,4,8,1011760,0,0,0,0,0,0
202012,45,003,3,5,Aiken County                  ,66,66,17189576,3,6,622992,0,0,0,0,0,0,57,57,14842896,0,0,0,0,0,0,0,0,0
202012,45,009,3,5,Bamberg County                ,1,1,200000,0,0,0,0,0,0,0,0,0,1,1,200000,0,0,0,0,0,0,0,0,0
202012,45,015,3,5,Berkeley County               ,161,161,42575726,0,0,0,0,0,0,2,42,1770896,7,7,2604646,0,0,0,0,0,0,0,0,0
202012,45,017,3,5,Calhoun County                ,0,0,0,0,0,0,0,0,0,0,0,0,0,0,0,0,0,0,0,0,0,0,0,0
202012,45,019,3,5,Charleston County             ,251,251,71588621,0,0,0,1,3,238125,2,83,5636210,44,44,25081460,0,0,0,0,0,0,0,0,0
202012,45,035,3,5,Dorchester County             ,112,112,30578896,0,0,0,0,0,0,0,0,0,112,112,30578896,0,0,0,0,0,0,0,0,0
202012,45,037,3,5,Edgefield County              ,28,28,5763654,0,0,0,0,0,0,0,0,0,28,28,5763654,0,0,0,0,0,0,0,0,0
202012,45,039,3,5,Fairfield County              ,4,4,501720,0,0,0,0,0,0,0,0,0,4,4,501720,0,0,0,0,0,0,0,0,0
202012,45,045,3,5,Greenville County             ,427,427,112550411,0,0,0,0,0,0,10,318,35431131,427,427,112550411,0,0,0,0,0,0,10,318,35431131
202012,45,051,3,5,Horry County                  ,473,473,85000716,22,44,3820800,0,0,0,1,5,250000,470,470,84667742,22,44,3820800,0,0,0,0,0,0
202012,45,055,3,5,Kershaw County                ,43,43,7672296,0,0,0,0,0,0,0,0,0,43,43,7672296,0,0,0,0,0,0,0,0,0
202012,45,059,3,5,Laurens County                ,15,15,1900522,1,2,118816,0,0,0,0,0,0,15,15,1900522,1,2,118816,0,0,0,0,0,0
202012,45,063,3,5,Lexington County              ,230,230,58019614,0,0,0,0,0,0,2,14,2279672,28,28,6459481,0,0,0,0,0,0,0,0,0
202012,45,077,3,5,Pickens County                ,177,177,24898434,0,0,0,0,0,0,0,0,0,157,157,20887487,0,0,0,0,0,0,0,0,0
202012,45,079,3,5,Richland County               ,164,164,32173708,1,2,136000,0,0,0,0,0,0,34,34,6903433,1,2,136000,0,0,0,0,0,0
202012,45,081,3,5,Saluda County                 ,5,5,1129076,0,0,0,0,0,0,0,0,0,0,0,0,0,0,0,0,0,0,0,0,0
202012,45,085,3,5,Sumter County                 ,38,38,4723480,0,0,0,0,0,0,0,0,0,38,38,4723480,0,0,0,0,0,0,0,0,0
202012,45,091,3,5,York County                   ,236,236,83798465,0,0,0,0,0,0,1,14,1589205,38,38,11526501,0,0,0,0,0,0,0,0,0
202012,46,007,2,4,Bennett County                ,0,0,0,0,0,0,0,0,0,0,0,0,0,0,0,0,0,0,0,0,0,0,0,0
202012,46,055,2,4,Haakon County                 ,0,0,0,0,0,0,0,0,0,0,0,0,0,0,0,0,0,0,0,0,0,0,0,0
202012,46,071,2,4,Jackson County                ,0,0,0,0,0,0,0,0,0,0,0,0,0,0,0,0,0,0,0,0,0,0,0,0
202012,46,111,2,4,Sanborn County                ,0,0,0,0,0,0,0,0,0,0,0,0,0,0,0,0,0,0,0,0,0,0,0,0
202012,47,001,3,6,Anderson County               ,19,19,4238381,0,0,0,0,0,0,0,0,0,12,12,3344974,0,0,0,0,0,0,0,0,0
202012,47,015,3,6,Cannon County                 ,1,1,36470,0,0,0,0,0,0,0,0,0,1,1,36470,0,0,0,0,0,0,0,0,0
202012,47,021,3,6,Cheatham County               ,19,19,3980362,2,4,420000,0,0,0,0,0,0,19,19,3980362,2,4,420000,0,0,0,0,0,0
202012,47,037,3,6,Davidson County               ,346,346,84947029,0,0,0,0,0,0,6,725,59597191,336,336,81698308,0,0,0,0,0,0,6,725,59597191
202012,47,043,3,6,Dickson County                ,46,46,8720054,0,0,0,0,0,0,0,0,0,41,41,8037614,0,0,0,0,0,0,0,0,0
202012,47,049,3,6,Fentress County               ,0,0,0,0,0,0,0,0,0,0,0,0,0,0,0,0,0,0,0,0,0,0,0,0
202012,47,081,3,6,Hickman County                ,10,10,1623366,0,0,0,0,0,0,0,0,0,0,0,0,0,0,0,0,0,0,0,0,0
202012,47,093,3,6,Knox County                   ,154,154,36540584,0,0,0,1,4,745000,0,0,0,154,154,36540584,0,0,0,1,4,745000,0,0,0
202012,47,105,3,6,Loudon County                 ,35,35,9872658,0,0,0,0,0,0,0,0,0,29,29,8881431,0,0,0,0,0,0,0,0,0
202012,47,117,3,6,Marshall County               ,16,16,3042670,0,0,0,0,0,0,0,0,0,0,0,0,0,0,0,0,0,0,0,0,0
202012,47,125,3,6,Montgomery County             ,239,239,38118761,0,0,0,24,96,6880000,5,30,1403500,239,239,38118761,0,0,0,24,96,6880000,5,30,1403500
202012,47,139,3,6,Polk County                   ,21,21,3782605,0,0,0,0,0,0,0,0,0,0,0,0,0,0,0,0,0,0,0,0,0
202012,47,149,3,6,Rutherford County             ,325,325,56617656,0,0,0,3,10,1007096,1,5,477880,316,316,55023053,0,0,0,3,10,1007096,1,5,477880
202012,47,153,3,6,Sequatchie County             ,1,1,80000,0,0,0,0,0,0,0,0,0,1,1,80000,0,0,0,0,0,0,0,0,0
202012,47,157,3,6,Shelby County                 ,101,101,23689771,0,0,0,0,0,0,0,0,0,101,101,23689771,0,0,0,0,0,0,0,0,0
202012,47,159,3,6,Smith County                  ,11,11,2015000,0,0,0,0,0,0,0,0,0,11,11,2015000,0,0,0,0,0,0,0,0,0
202012,47,161,3,6,Stewart County                ,1,1,263333,0,0,0,0,0,0,0,0,0,0,0,0,0,0,0,0,0,0,0,0,0
202012,47,165,3,6,Sumner County                 ,130,130,40581124,0,0,0,0,0,0,0,0,0,130,130,40581124,0,0,0,0,0,0,0,0,0
202012,47,167,3,6,Tipton County                 ,16,16,2798704,0,0,0,0,0,0,0,0,0,8,8,1737520,0,0,0,0,0,0,0,0,0
202012,47,169,3,6,Trousdale County              ,5,5,617000,0,0,0,0,0,0,0,0,0,5,5,617000,0,0,0,0,0,0,0,0,0
202012,47,173,3,6,Union County                  ,3,3,910000,0,0,0,0,0,0,0,0,0,3,3,910000,0,0,0,0,0,0,0,0,0
202012,47,175,3,6,Van Buren County              ,0,0,0,0,0,0,0,0,0,0,0,0,0,0,0,0,0,0,0,0,0,0,0,0
202012,47,189,3,6,Wilson County                 ,182,182,40245087,0,0,0,0,0,0,1,5,625000,118,118,19319001,0,0,0,0,0,0,0,0,0
202012,48,013,3,7,Atascosa County               ,6,6,1101698,0,0,0,0,0,0,0,0,0,3,3,600130,0,0,0,0,0,0,0,0,0
202012,48,015,3,7,Austin County                 ,2,2,380960,0,0,0,0,0,0,0,0,0,0,0,0,0,0,0,0,0,0,0,0,0
202012,48,019,3,7,Bandera County                ,0,0,0,0,0,0,0,0,0,0,0,0,0,0,0,0,0,0,0,0,0,0,0,0
202012,48,021,3,7,Bastrop County                ,36,36,5861980,0,0,0,0,0,0,0,0,0,36,36,5861980,0,0,0,0,0,0,0,0,0
202012,48,025,3,7,Bee County                    ,1,1,118255,0,0,0,0,0,0,0,0,0,0,0,0,0,0,0,0,0,0,0,0,0
202012,48,027,3,7,Bell County                   ,218,218,23786894,7,14,1294557,0,0,0,0,0,0,207,207,21383302,5,10,900844,0,0,0,0,0,0
202012,48,029,3,7,Bexar County                  ,594,594,128524949,2,4,573136,1,4,423409,11,357,39668582,119,119,21464431,0,0,0,0,0,0,0,0,0
202012,48,051,3,7,Burleson County               ,4,4,480822,0,0,0,0,0,0,0,0,0,4,4,480822,0,0,0,0,0,0,0,0,0
202012,48,055,3,7,Caldwell County               ,32,32,6691283,0,0,0,0,0,0,0,0,0,2,2,418152,0,0,0,0,0,0,0,0,0
202012,48,085,3,7,Collin County                 ,1444,1444,341647270,1,2,350000,0,0,0,0,0,0,1158,1158,258383673,1,2,350000,0,0,0,0,0,0
202012,48,091,3,7,Comal County                  ,271,271,63177959,0,0,0,0,0,0,9,184,22053761,271,271,63177959,0,0,0,0,0,0,9,184,22053761
202012,48,099,3,7,Coryell County                ,11,11,1648589,3,6,310878,0,0,0,0,0,0,11,11,1648589,3,6,310878,0,0,0,0,0,0
202012,48,107,3,7,Crosby County                 ,0,0,0,0,0,0,0,0,0,0,0,0,0,0,0,0,0,0,0,0,0,0,0,0
202012,48,113,3,7,Dallas County                 ,587,587,150473616,4,8,988064,2,8,1674000,10,444,40594182,569,569,141649945,4,8,988064,2,8,1674000,9,429,39199999
202012,48,119,3,7,Delta County                  ,0,0,0,0,0,0,0,0,0,0,0,0,0,0,0,0,0,0,0,0,0,0,0,0
202012,48,135,3,7,Ector County                  ,109,109,25411061,0,0,0,0,0,0,0,0,0,109,109,25411061,0,0,0,0,0,0,0,0,0
202012,48,139,3,7,Ellis County                  ,213,213,51421925,0,0,0,0,0,0,1,5,851124,147,147,37852812,0,0,0,0,0,0,0,0,0
202012,48,141,3,7,El Paso County                ,242,242,57956384,2,4,581236,1,4,532501,1,24,2747734,41,41,9558289,0,0,0,0,0,0,0,0,0
202012,48,157,3,7,Fort Bend County              ,1044,1044,110023540,0,0,0,0,0,0,14,492,58969840,334,334,77865086,0,0,0,0,0,0,9,336,40272086
202012,48,167,3,7,Galveston County              ,235,235,60433339,0,0,0,0,0,0,0,0,0,144,144,34804690,0,0,0,0,0,0,0,0,0
202012,48,185,3,7,Grimes County                 ,6,6,784008,0,0,0,0,0,0,0,0,0,6,6,784008,0,0,0,0,0,0,0,0,0
202012,48,187,3,7,Guadalupe County              ,135,135,31691974,13,26,3211208,0,0,0,0,0,0,134,134,31454517,13,26,3211208,0,0,0,0,0,0
202012,48,193,3,7,Hamilton County               ,0,0,0,0,0,0,0,0,0,0,0,0,0,0,0,0,0,0,0,0,0,0,0,0
202012,48,195,3,7,Hansford County               ,0,0,0,0,0,0,0,0,0,0,0,0,0,0,0,0,0,0,0,0,0,0,0,0
202012,48,201,3,7,Harris County                 ,2012,2012,379341726,10,20,2094172,0,0,0,26,1396,160329151,2010,2010,376821302,10,20,2094172,0,0,0,26,1396,160329151
202012,48,211,3,7,Hemphill County               ,0,0,0,0,0,0,0,0,0,0,0,0,0,0,0,0,0,0,0,0,0,0,0,0
202012,48,215,3,7,Hidalgo County                ,331,331,64567491,19,38,1847700,20,80,12487924,4,74,8228459,290,290,59359671,18,36,1697700,20,80,12487924,4,74,8228459
202012,48,233,3,7,Hutchinson County             ,0,0,0,0,0,0,0,0,0,0,0,0,0,0,0,0,0,0,0,0,0,0,0,0
202012,48,251,3,7,Johnson County                ,95,95,21886833,16,32,3100224,2,8,635488,0,0,0,95,95,21886833,16,32,3100224,2,8,635488,0,0,0
202012,48,257,3,7,Kaufman County                ,72,72,14584549,0,0,0,0,0,0,0,0,0,72,72,14584549,0,0,0,0,0,0,0,0,0
202012,48,259,3,7,Kendall County                ,40,40,9392822,0,0,0,0,0,0,0,0,0,0,0,0,0,0,0,0,0,0,0,0,0
202012,48,271,3,7,Kinney County                 ,0,0,0,0,0,0,0,0,0,0,0,0,0,0,0,0,0,0,0,0,0,0,0,0
202012,48,281,3,7,Lampasas County               ,6,6,1187660,0,0,0,0,0,0,0,0,0,6,6,1187660,0,0,0,0,0,0,0,0,0
202012,48,291,3,7,Liberty County                ,85,85,14227326,0,0,0,0,0,0,0,0,0,76,76,12092154,0,0,0,0,0,0,0,0,0
202012,48,303,3,7,Lubbock County                ,164,164,35148528,26,52,6336000,0,0,0,1,5,359375,163,163,34975528,26,52,6336000,0,0,0,0,0,0
202012,48,323,3,7,Maverick County               ,10,10,2388894,1,2,1159,0,0,0,0,0,0,10,10,2388894,1,2,1159,0,0,0,0,0,0
202012,48,325,3,7,Medina County                 ,0,0,0,0,0,0,0,0,0,0,0,0,0,0,0,0,0,0,0,0,0,0,0,0
202012,48,329,3,7,Midland County                ,48,48,11760324,0,0,0,0,0,0,0,0,0,48,48,11760324,0,0,0,0,0,0,0,0,0
202012,48,339,3,7,Montgomery County             ,858,858,174141725,0,0,0,0,0,0,1,5,561225,843,843,170642071,0,0,0,0,0,0,0,0,0
202012,48,367,3,7,Parker County                 ,34,34,7778177,1,2,295877,0,0,0,1,5,435279,14,14,3758406,0,0,0,0,0,0,0,0,0
202012,48,375,3,7,Potter County                 ,94,94,21914126,0,0,0,0,0,0,6,36,4314866,94,94,21914126,0,0,0,0,0,0,6,36,4314866
202012,48,383,3,7,Reagan County                 ,0,0,0,0,0,0,0,0,0,0,0,0,0,0,0,0,0,0,0,0,0,0,0,0
202012,48,385,3,7,Real County                   ,0,0,0,0,0,0,0,0,0,0,0,0,0,0,0,0,0,0,0,0,0,0,0,0
202012,48,395,3,7,Robertson County              ,53,53,6138630,0,0,0,0,0,0,0,0,0,53,53,6138630,0,0,0,0,0,0,0,0,0
202012,48,397,3,7,Rockwall County               ,231,231,70604038,0,0,0,0,0,0,0,0,0,218,218,63873058,0,0,0,0,0,0,0,0,0
202012,48,407,3,7,San Jacinto County            ,40,40,8789112,0,0,0,0,0,0,0,0,0,0,0,0,0,0,0,0,0,0,0,0,0
202012,48,411,3,7,San Saba County               ,0,0,0,0,0,0,0,0,0,0,0,0,0,0,0,0,0,0,0,0,0,0,0,0
202012,48,451,3,7,Tom Green County              ,57,57,11917320,0,0,0,0,0,0,0,0,0,57,57,11917320,0,0,0,0,0,0,0,0,0
202012,48,453,3,7,Travis County                 ,971,971,181915359,12,24,3473525,0,0,0,24,1514,343704780,957,957,179173749,12,24,3473525,0,0,0,24,1514,343704780
202012,48,473,3,7,Waller County                 ,2,2,228443,0,0,0,0,0,0,1,6,133084,0,0,0,0,0,0,0,0,0,0,0,0
202012,48,491,3,7,Williamson County             ,721,721,171811292,0,0,0,0,0,0,1,24,5000000,681,681,161425089,0,0,0,0,0,0,1,24,5000000
202012,48,493,3,7,Wilson County                 ,1,1,385714,0,0,0,0,0,0,0,0,0,0,0,0,0,0,0,0,0,0,0,0,0
202012,48,497,3,7,Wise County                   ,7,7,1614645,0,0,0,0,0,0,0,0,0,7,7,1614645,0,0,0,0,0,0,0,0,0
202012,49,011,4,8,Davis County                  ,143,143,40085932,3,6,1440000,0,0,0,1,54,6455132,143,143,40085932,3,6,1440000,0,0,0,1,54,6455132
202012,49,023,4,8,Juab County                   ,1,1,376058,0,0,0,0,0,0,0,0,0,0,0,0,0,0,0,0,0,0,0,0,0
202012,49,029,4,8,Morgan County                 ,12,12,4666020,0,0,0,0,0,0,0,0,0,8,8,3577999,0,0,0,0,0,0,0,0,0
202012,49,035,4,8,Salt Lake County              ,339,339,97767024,12,24,3221115,4,14,2587158,7,422,65271230,258,258,78251762,10,20,2554448,3,11,2058035,1,18,4823368
202012,49,039,4,8,Sanpete County                ,1,1,219882,0,0,0,0,0,0,0,0,0,1,1,219882,0,0,0,0,0,0,0,0,0
202012,49,043,4,8,Summit County                 ,15,15,7051147,0,0,0,5,19,1983034,1,8,1366854,6,6,2427335,0,0,0,4,16,1141504,0,0,0
202012,49,057,4,8,Weber County                  ,130,130,31614996,0,0,0,3,10,1459453,3,18,1730917,106,106,25959748,0,0,0,0,0,0,0,0,0
202012,51,003,3,5,Albemarle County              ,69,69,20701962,0,0,0,0,0,0,1,18,1739653,0,0,0,0,0,0,0,0,0,0,0,0
202012,51,007,3,5,Amelia County                 ,4,4,757980,0,0,0,0,0,0,0,0,0,4,4,757980,0,0,0,0,0,0,0,0,0
202012,51,009,3,5,Amherst County                ,6,6,1218400,0,0,0,0,0,0,0,0,0,6,6,1218400,0,0,0,0,0,0,0,0,0
202012,51,013,3,5,Arlington County              ,12,12,4561000,0,0,0,0,0,0,0,0,0,12,12,4561000,0,0,0,0,0,0,0,0,0
202012,51,015,3,5,Augusta County                ,10,10,2197320,0,0,0,0,0,0,2,80,10000000,10,10,2197320,0,0,0,0,0,0,2,80,10000000
202012,51,019,3,5,Bedford County                ,4,4,927930,0,0,0,0,0,0,0,0,0,0,0,0,0,0,0,0,0,0,0,0,0
202012,51,033,3,5,Caroline County               ,13,13,2694115,0,0,0,0,0,0,0,0,0,13,13,2694115,0,0,0,0,0,0,0,0,0
202012,51,036,3,5,Charles City County           ,2,2,365987,0,0,0,0,0,0,0,0,0,0,0,0,0,0,0,0,0,0,0,0,0
202012,51,037,3,5,Charlotte County              ,2,2,320388,0,0,0,0,0,0,0,0,0,2,2,320388,0,0,0,0,0,0,0,0,0
202012,51,041,3,5,Chesterfield County           ,251,251,44643138,0,0,0,0,0,0,0,0,0,251,251,44643138,0,0,0,0,0,0,0,0,0
202012,51,043,3,5,Clarke County                 ,11,11,2407284,0,0,0,0,0,0,0,0,0,11,11,2407284,0,0,0,0,0,0,0,0,0
202012,51,049,3,5,Cumberland County             ,2,2,453000,0,0,0,0,0,0,0,0,0,2,2,453000,0,0,0,0,0,0,0,0,0
202012,51,051,3,5,Dickenson County              ,0,0,0,0,0,0,0,0,0,0,0,0,0,0,0,0,0,0,0,0,0,0,0,0
202012,51,053,3,5,Dinwiddie County              ,7,7,1185000,0,0,0,0,0,0,0,0,0,7,7,1185000,0,0,0,0,0,0,0,0,0
202012,51,059,3,5,Fairfax County                ,78,78,18184062,0,0,0,0,0,0,6,66,7920000,78,78,18184062,0,0,0,0,0,0,6,66,7920000
202012,51,061,3,5,Fauquier County               ,26,26,7202029,0,0,0,0,0,0,0,0,0,26,26,7202029,0,0,0,0,0,0,0,0,0
202012,51,069,3,5,Frederick County              ,48,48,17229581,0,0,0,0,0,0,0,0,0,48,48,17229581,0,0,0,0,0,0,0,0,0
202012,51,073,3,5,Gloucester County             ,10,10,1860000,0,0,0,0,0,0,0,0,0,10,10,1860000,0,0,0,0,0,0,0,0,0
202012,51,075,3,5,Goochland County              ,32,32,8881793,0,0,0,0,0,0,0,0,0,32,32,8881793,0,0,0,0,0,0,0,0,0
202012,51,085,3,5,Hanover County                ,57,57,13915928,0,0,0,0,0,0,0,0,0,57,57,13915928,0,0,0,0,0,0,0,0,0
202012,51,087,3,5,Henrico County                ,88,88,15897230,0,0,0,0,0,0,0,0,0,88,88,15897230,0,0,0,0,0,0,0,0,0
202012,51,093,3,5,Isle of Wight County          ,14,14,2615800,0,0,0,0,0,0,0,0,0,14,14,2615800,0,0,0,0,0,0,0,0,0
202012,51,095,3,5,James City County             ,43,43,9600000,0,0,0,0,0,0,0,0,0,43,43,9600000,0,0,0,0,0,0,0,0,0
202012,51,097,3,5,King and Queen County         ,1,1,110000,0,0,0,0,0,0,0,0,0,1,1,110000,0,0,0,0,0,0,0,0,0
202012,51,099,3,5,King George County            ,15,15,3136137,0,0,0,0,0,0,0,0,0,15,15,3136137,0,0,0,0,0,0,0,0,0
202012,51,107,3,5,Loudoun County                ,128,128,31365335,0,0,0,0,0,0,0,0,0,128,128,31365335,0,0,0,0,0,0,0,0,0
202012,51,109,3,5,Louisa County                 ,48,48,11130623,0,0,0,0,0,0,0,0,0,48,48,11130623,0,0,0,0,0,0,0,0,0
202012,51,115,3,5,Mathews County                ,0,0,0,0,0,0,0,0,0,0,0,0,0,0,0,0,0,0,0,0,0,0,0,0
202012,51,127,3,5,New Kent County               ,35,35,11018000,0,0,0,0,0,0,0,0,0,35,35,11018000,0,0,0,0,0,0,0,0,0
202012,51,139,3,5,Page County                   ,7,7,681000,0,0,0,0,0,0,0,0,0,7,7,681000,0,0,0,0,0,0,0,0,0
202012,51,145,3,5,Powhatan County               ,21,21,4488522,0,0,0,0,0,0,0,0,0,21,21,4488522,0,0,0,0,0,0,0,0,0
202012,51,149,3,5,Prince George County          ,4,4,535000,0,0,0,0,0,0,0,0,0,4,4,535000,0,0,0,0,0,0,0,0,0
202012,51,153,3,5,Prince William County         ,111,111,23934280,0,0,0,0,0,0,11,69,8267698,111,111,23934280,0,0,0,0,0,0,10,64,7700000
202012,51,165,3,5,Rockingham County             ,81,81,19980215,0,0,0,0,0,0,0,0,0,81,81,19980215,0,0,0,0,0,0,0,0,0
202012,51,175,3,5,Southampton County            ,7,7,1108604,0,0,0,0,0,0,0,0,0,0,0,0,0,0,0,0,0,0,0,0,0
202012,51,177,3,5,Spotsylvania County           ,72,72,18829136,0,0,0,0,0,0,1,42,4939611,0,0,0,0,0,0,0,0,0,0,0,0
202012,51,179,3,5,Stafford County               ,59,59,13929352,0,0,0,0,0,0,0,0,0,59,59,13929352,0,0,0,0,0,0,0,0,0
202012,51,181,3,5,Surry County                  ,5,5,563596,0,0,0,0,0,0,0,0,0,5,5,563596,0,0,0,0,0,0,0,0,0
202012,51,183,3,5,Sussex County                 ,4,4,409975,0,0,0,0,0,0,0,0,0,4,4,409975,0,0,0,0,0,0,0,0,0
202012,51,187,3,5,Warren County                 ,12,12,3095900,0,0,0,0,0,0,0,0,0,12,12,3095900,0,0,0,0,0,0,0,0,0
202012,51,199,3,5,York County                   ,21,21,3998846,0,0,0,0,0,0,1,5,956550,21,21,3998846,0,0,0,0,0,0,1,5,956550
202012,51,510,3,5,Alexandria (Independent City) ,4,4,1350000,0,0,0,0,0,0,0,0,0,4,4,1350000,0,0,0,0,0,0,0,0,0
202012,51,540,3,5,Charlottesville (Independent C,6,6,2077712,0,0,0,0,0,0,0,0,0,0,0,0,0,0,0,0,0,0,0,0,0
202012,51,550,3,5,Chesapeake(Independent City)  ,88,88,23226100,0,0,0,0,0,0,0,0,0,88,88,23226100,0,0,0,0,0,0,0,0,0
202012,51,570,3,5,Colonial Heights (Independent ,2,2,190000,0,0,0,0,0,0,0,0,0,2,2,190000,0,0,0,0,0,0,0,0,0
202012,51,580,3,5,Covington (Independent City)  ,0,0,0,0,0,0,0,0,0,0,0,0,0,0,0,0,0,0,0,0,0,0,0,0
202012,51,600,3,5,Fairfax (Independent City)    ,1,1,269000,0,0,0,0,0,0,0,0,0,1,1,269000,0,0,0,0,0,0,0,0,0
202012,51,610,3,5,Falls Church (Independent City,2,2,1300000,0,0,0,0,0,0,0,0,0,2,2,1300000,0,0,0,0,0,0,0,0,0
202012,51,630,3,5,Fredericksburg(Independent Cit,12,12,3366385,0,0,0,0,0,0,0,0,0,12,12,3366385,0,0,0,0,0,0,0,0,0
202012,51,650,3,5,Hampton (Independent City)    ,20,20,1247718,0,0,0,0,0,0,0,0,0,0,0,0,0,0,0,0,0,0,0,0,0
202012,51,660,3,5,Harrisonburg (Independent City,1,1,195680,0,0,0,0,0,0,0,0,0,1,1,195680,0,0,0,0,0,0,0,0,0
202012,51,670,3,5,Hopewell (Independent City)   ,3,3,278680,0,0,0,0,0,0,1,5,430895,0,0,0,0,0,0,0,0,0,0,0,0
202012,51,680,3,5,Lynchburg (Independent City)  ,8,8,1572000,0,0,0,0,0,0,0,0,0,8,8,1572000,0,0,0,0,0,0,0,0,0
202012,51,683,3,5,Manassas (Independent City)   ,12,12,2845068,0,0,0,0,0,0,0,0,0,0,0,0,0,0,0,0,0,0,0,0,0
202012,51,685,3,5,Manassas Park (Independent Cit,0,0,0,0,0,0,0,0,0,0,0,0,0,0,0,0,0,0,0,0,0,0,0,0
202012,51,700,3,5,Newport News (Independent City,7,7,1116637,0,0,0,0,0,0,0,0,0,7,7,1116637,0,0,0,0,0,0,0,0,0
202012,51,710,3,5,Norfolk (Independent City)    ,42,42,9791418,0,0,0,0,0,0,0,0,0,42,42,9791418,0,0,0,0,0,0,0,0,0
202012,51,730,3,5,Petersburg (Independent City) ,4,4,453300,0,0,0,0,0,0,0,0,0,4,4,453300,0,0,0,0,0,0,0,0,0
202012,51,735,3,5,Poquoson (Independent City)   ,0,0,0,0,0,0,0,0,0,0,0,0,0,0,0,0,0,0,0,0,0,0,0,0
202012,51,740,3,5,Portsmouth (Independent City) ,10,10,1068000,0,0,0,0,0,0,0,0,0,10,10,1068000,0,0,0,0,0,0,0,0,0
202012,51,760,3,5,Richmond (Independent City)   ,18,18,3763364,0,0,0,0,0,0,1,171,15798177,18,18,3763364,0,0,0,0,0,0,1,171,15798177
202012,51,800,3,5,Suffolk (Independent City)    ,90,90,20981610,0,0,0,0,0,0,0,0,0,90,90,20981610,0,0,0,0,0,0,0,0,0
202012,51,810,3,5,Virginia Beach (Independent Ci,18,18,4176592,0,0,0,0,0,0,0,0,0,18,18,4176592,0,0,0,0,0,0,0,0,0
202012,51,830,3,5,Williamsburg (Independent City,0,0,0,0,0,0,0,0,0,0,0,0,0,0,0,0,0,0,0,0,0,0,0,0
202012,53,005,4,9,Benton County                 ,131,131,40056796,4,8,652940,0,0,0,2,24,3274774,131,131,40056796,4,8,652940,0,0,0,2,24,3274774
202012,53,011,4,9,Clark County                  ,346,346,96795682,0,0,0,1,4,767183,7,227,23684327,179,179,44723692,0,0,0,1,4,767183,6,222,23179023
202012,53,021,4,9,Franklin County               ,46,46,13408496,0,0,0,0,0,0,0,0,0,46,46,13408496,0,0,0,0,0,0,0,0,0
202012,53,031,4,9,Jefferson County              ,14,14,3280000,0,0,0,0,0,0,0,0,0,3,3,542733,0,0,0,0,0,0,0,0,0
202012,53,033,4,9,King County                   ,369,369,144023262,27,54,15088673,14,48,10629196,24,1473,314428430,243,243,91841609,26,52,14569595,14,48,10629196,20,1254,289866213
202012,53,035,4,9,Kitsap County                 ,93,93,27533913,0,0,0,0,0,0,2,58,3399891,93,93,27533913,0,0,0,0,0,0,2,58,3399891
202012,53,053,4,9,Pierce County                 ,173,173,51750550,1,2,414170,3,12,2294578,11,94,10790190,173,173,51750550,1,2,414170,3,12,2294578,11,94,10790190
202012,53,055,4,9,San Juan County               ,8,8,1882763,0,0,0,0,0,0,0,0,0,0,0,0,0,0,0,0,0,0,0,0,0
202012,53,059,4,9,Skamania County               ,5,5,991091,0,0,0,0,0,0,0,0,0,5,5,991091,0,0,0,0,0,0,0,0,0
202012,53,061,4,9,Snohomish County              ,153,153,47120563,5,10,2580036,0,0,0,15,253,42317547,139,139,43038557,4,8,2108971,0,0,0,10,141,30638889
202012,54,011,3,5,Cabell County                 ,7,7,1369701,1,2,214667,0,0,0,0,0,0,0,0,0,0,0,0,0,0,0,0,0,0
202012,54,015,3,5,Clay County                   ,4,4,100000,0,0,0,0,0,0,0,0,0,0,0,0,0,0,0,0,0,0,0,0,0
202012,54,019,3,5,Fayette County                ,4,4,548289,0,0,0,0,0,0,0,0,0,0,0,0,0,0,0,0,0,0,0,0,0
202012,54,037,3,5,Jefferson County              ,28,28,5753923,0,0,0,0,0,0,0,0,0,28,28,5753923,0,0,0,0,0,0,0,0,0
202012,54,081,3,5,Raleigh County                ,1,1,300000,0,0,0,0,0,0,0,0,0,1,1,300000,0,0,0,0,0,0,0,0,0
202012,55,025,2,3,Dane County                   ,135,135,39113609,2,4,655559,7,28,3552000,9,163,16266390,110,110,32057080,0,0,0,7,28,3552000,8,155,14198000
202012,55,031,2,3,Douglas County                ,3,3,374732,0,0,0,0,0,0,0,0,0,3,3,374732,0,0,0,0,0,0,0,0,0
202012,55,037,2,3,Florence County               ,0,0,0,0,0,0,0,0,0,0,0,0,0,0,0,0,0,0,0,0,0,0,0,0
202012,55,049,2,3,Iowa County                   ,3,3,1100000,0,0,0,0,0,0,0,0,0,3,3,1100000,0,0,0,0,0,0,0,0,0
202012,55,059,2,3,Kenosha County                ,9,9,2701889,0,0,0,0,0,0,0,0,0,8,8,2431157,0,0,0,0,0,0,0,0,0
202012,55,079,2,3,Milwaukee County              ,15,15,5431191,1,2,368900,0,0,0,0,0,0,15,15,5431191,1,2,368900,0,0,0,0,0,0
202012,55,089,2,3,Ozaukee County                ,16,16,5420105,0,0,0,0,0,0,0,0,0,14,14,4878641,0,0,0,0,0,0,0,0,0
202012,55,093,2,3,Pierce County                 ,7,7,2319552,0,0,0,0,0,0,0,0,0,6,6,2048820,0,0,0,0,0,0,0,0,0
202012,55,109,2,3,St. Croix County              ,44,44,12878915,0,0,0,0,0,0,0,0,0,37,37,10579257,0,0,0,0,0,0,0,0,0
202012,55,131,2,3,Washington County             ,22,22,7171864,1,2,345000,0,0,0,0,0,0,17,17,5128509,1,2,345000,0,0,0,0,0,0
202012,56,025,4,8,Natrona County                ,9,9,2120555,0,0,0,1,4,470000,0,0,0,9,9,2120555,0,0,0,1,4,470000,0,0,0
202012,56,029,4,8,Park County                   ,16,16,4596082,0,0,0,0,0,0,0,0,0,16,16,4596082,0,0,0,0,0,0,0,0,0
202012,56,039,4,8,Teton County                  ,12,12,21190380,1,2,623319,1,3,116499,1,5,1040398,10,10,20145000,0,0,0,0,0,0,0,0,0
