Survey,FIPS,FIPS,Region,Division,County,,1-unit,,,2-units,,,3-4 units,,,5+ units,,,1-unit rep,,,2-units rep,,,3-4 units rep,,, 5+units rep
Date,State,County,Code,Code,Name,Bldgs,Units,Value,Bldgs,Units,Value,Bldgs,Units,Value,Bldgs,Units,Value,Bldgs,Units,Value,Bldgs,Units,Value,Bldgs,Units,Value,Bldgs,Units,Value
 
202009,01,001,3,6,Autauga County                ,21,21,5985798,0,0,0,0,0,0,0,0,0,21,21,5985798,0,0,0,0,0,0,0,0,0
202009,01,007,3,6,Bibb County                   ,0,0,0,0,0,0,0,0,0,0,0,0,0,0,0,0,0,0,0,0,0,0,0,0
202009,01,009,3,6,Blount County                 ,1,1,30000,0,0,0,0,0,0,0,0,0,1,1,30000,0,0,0,0,0,0,0,0,0
202009,01,021,3,6,Chilton County                ,1,1,270000,0,0,0,0,0,0,0,0,0,1,1,270000,0,0,0,0,0,0,0,0,0
202009,01,073,3,6,Jefferson County              ,155,155,49346247,0,0,0,0,0,0,1,7,705878,65,65,20346702,0,0,0,0,0,0,0,0,0
202009,01,081,3,6,Lee County                    ,91,91,24541685,1,2,429270,1,3,837000,0,0,0,56,56,16330438,0,0,0,1,3,837000,0,0,0
202009,01,083,3,6,Limestone County              ,18,18,4196322,0,0,0,0,0,0,0,0,0,18,18,4196322,0,0,0,0,0,0,0,0,0
202009,01,089,3,6,Madison County                ,417,417,41847390,0,0,0,0,0,0,0,0,0,281,281,13949869,0,0,0,0,0,0,0,0,0
202009,01,113,3,6,Russell County                ,15,15,2901306,0,0,0,0,0,0,6,72,10250347,15,15,2901306,0,0,0,0,0,0,6,72,10250347
202009,01,115,3,6,St. Clair County              ,51,51,7672161,0,0,0,0,0,0,0,0,0,38,38,5182104,0,0,0,0,0,0,0,0,0
202009,01,117,3,6,Shelby County                 ,137,137,34001086,0,0,0,0,0,0,0,0,0,82,82,18270136,0,0,0,0,0,0,0,0,0
202009,01,127,3,6,Walker County                 ,5,5,729580,0,0,0,0,0,0,0,0,0,5,5,729580,0,0,0,0,0,0,0,0,0
202009,02,013,4,9,Aleutians East Borough        ,0,0,0,0,0,0,0,0,0,0,0,0,0,0,0,0,0,0,0,0,0,0,0,0
202009,02,016,4,9,Aleutians West Census Area    ,0,0,0,0,0,0,0,0,0,0,0,0,0,0,0,0,0,0,0,0,0,0,0,0
202009,02,020,4,9,Anchorage Municipality        ,90,90,28193558,0,0,0,1,4,694844,1,11,1739051,0,0,0,0,0,0,0,0,0,0,0,0
202009,02,050,4,9,Bethel Census Area            ,0,0,0,0,0,0,0,0,0,0,0,0,0,0,0,0,0,0,0,0,0,0,0,0
202009,02,060,4,9,Bristol Bay Borough           ,0,0,0,0,0,0,0,0,0,0,0,0,0,0,0,0,0,0,0,0,0,0,0,0
202009,02,070,4,9,Dillingham Census Area        ,1,1,282835,0,0,0,0,0,0,0,0,0,0,0,0,0,0,0,0,0,0,0,0,0
202009,02,090,4,9,Fairbanks North Star Borough  ,1,1,334816,0,0,0,0,0,0,0,0,0,1,1,334816,0,0,0,0,0,0,0,0,0
202009,02,100,4,9,Haines Borough                ,0,0,0,0,0,0,0,0,0,0,0,0,0,0,0,0,0,0,0,0,0,0,0,0
202009,02,105,4,9,Hoonah-Angoon Census Area     ,0,0,0,0,0,0,0,0,0,0,0,0,0,0,0,0,0,0,0,0,0,0,0,0
202009,02,110,4,9,Juneau City and Borough       ,10,10,2063681,0,0,0,0,0,0,0,0,0,10,10,2063681,0,0,0,0,0,0,0,0,0
202009,02,122,4,9,Kenai Peninsula Borough       ,9,9,2190993,0,0,0,0,0,0,0,0,0,3,3,588000,0,0,0,0,0,0,0,0,0
202009,02,130,4,9,Ketchikan Gateway Borough     ,8,8,2374670,0,0,0,0,0,0,0,0,0,8,8,2374670,0,0,0,0,0,0,0,0,0
202009,02,150,4,9,Kodiak Island Borough         ,0,0,0,0,0,0,0,0,0,0,0,0,0,0,0,0,0,0,0,0,0,0,0,0
202009,02,170,4,9,Matanuska-Susitna Borough     ,4,4,909997,0,0,0,0,0,0,0,0,0,4,4,909997,0,0,0,0,0,0,0,0,0
202009,02,180,4,9,Nome Census Area              ,1,1,181950,0,0,0,0,0,0,0,0,0,0,0,0,0,0,0,0,0,0,0,0,0
202009,02,185,4,9,North Slope Borough           ,0,0,0,0,0,0,0,0,0,0,0,0,0,0,0,0,0,0,0,0,0,0,0,0
202009,02,188,4,9,Northwest Arctic Borough      ,0,0,0,0,0,0,0,0,0,0,0,0,0,0,0,0,0,0,0,0,0,0,0,0
202009,02,195,4,9,Petersburg Borough            ,1,1,193487,0,0,0,0,0,0,0,0,0,0,0,0,0,0,0,0,0,0,0,0,0
202009,02,198,4,9,Prince of Wales-Hyder Census A,0,0,0,0,0,0,0,0,0,0,0,0,0,0,0,0,0,0,0,0,0,0,0,0
202009,02,220,4,9,Sitka City and Borough        ,1,1,205113,0,0,0,0,0,0,0,0,0,0,0,0,0,0,0,0,0,0,0,0,0
202009,02,230,4,9,Skagway Municipality          ,0,0,0,0,0,0,0,0,0,0,0,0,0,0,0,0,0,0,0,0,0,0,0,0
202009,02,261,4,9,Valdez-Cordova Census Area    ,0,0,0,0,0,0,0,0,0,0,0,0,0,0,0,0,0,0,0,0,0,0,0,0
202009,02,275,4,9,Wrangell City and Borough     ,0,0,0,0,0,0,0,0,0,0,0,0,0,0,0,0,0,0,0,0,0,0,0,0
202009,02,282,4,9,Yakutat City and Borough      ,1,1,166923,0,0,0,0,0,0,0,0,0,0,0,0,0,0,0,0,0,0,0,0,0
202009,02,290,4,9,Yukon-Koyukuk Census Area     ,0,0,0,0,0,0,0,0,0,0,0,0,0,0,0,0,0,0,0,0,0,0,0,0
202009,04,013,4,8,Maricopa County               ,2442,2442,656421981,8,16,3301803,2,6,981829,8,151,31707518,2404,2404,644456898,7,14,3042123,2,6,981829,7,73,18133737
202009,04,019,4,8,Pima County                   ,397,397,123263080,2,4,474101,0,0,0,4,48,7211789,290,290,95816864,0,0,0,0,0,0,0,0,0
202009,04,021,4,8,Pinal County                  ,667,667,153918567,0,0,0,0,0,0,1,5,486111,646,646,150730627,0,0,0,0,0,0,0,0,0
202009,05,013,3,7,Calhoun County                ,0,0,0,0,0,0,0,0,0,0,0,0,0,0,0,0,0,0,0,0,0,0,0,0
202009,05,035,3,7,Crittenden County             ,1,1,233053,0,0,0,0,0,0,0,0,0,0,0,0,0,0,0,0,0,0,0,0,0
202009,05,043,3,7,Drew County                   ,1,1,27000,0,0,0,0,0,0,0,0,0,1,1,27000,0,0,0,0,0,0,0,0,0
202009,05,045,3,7,Faulkner County               ,34,34,7290889,1,2,151668,0,0,0,1,7,191506,5,5,1025000,0,0,0,0,0,0,0,0,0
202009,05,053,3,7,Grant County                  ,3,3,503793,0,0,0,0,0,0,0,0,0,0,0,0,0,0,0,0,0,0,0,0,0
202009,05,085,3,7,Lonoke County                 ,24,24,2513357,0,0,0,0,0,0,0,0,0,7,7,1049979,0,0,0,0,0,0,0,0,0
202009,05,087,3,7,Madison County                ,4,4,776000,0,0,0,0,0,0,0,0,0,4,4,776000,0,0,0,0,0,0,0,0,0
202009,05,091,3,7,Miller County                 ,4,4,616000,0,0,0,0,0,0,0,0,0,4,4,616000,0,0,0,0,0,0,0,0,0
202009,05,105,3,7,Perry County                  ,0,0,0,0,0,0,0,0,0,0,0,0,0,0,0,0,0,0,0,0,0,0,0,0
202009,05,119,3,7,Pulaski County                ,82,82,21010730,0,0,0,0,0,0,1,24,1000000,82,82,21010730,0,0,0,0,0,0,1,24,1000000
202009,05,129,3,7,Searcy County                 ,0,0,0,0,0,0,0,0,0,0,0,0,0,0,0,0,0,0,0,0,0,0,0,0
202009,05,143,3,7,Washington County             ,171,171,44358599,3,6,1503231,0,0,0,3,106,8741794,88,88,21005424,0,0,0,0,0,0,0,0,0
202009,06,001,4,9,Alameda County                ,118,118,39903135,2,4,980963,1,4,982594,7,255,58521795,47,47,17072884,2,4,980963,0,0,0,1,140,34500000
202009,06,013,4,9,Contra Costa County           ,167,167,45731002,0,0,0,0,0,0,3,34,4688904,133,133,34511216,0,0,0,0,0,0,0,0,0
202009,06,017,4,9,El Dorado County              ,69,69,25290598,0,0,0,0,0,0,0,0,0,69,69,25290598,0,0,0,0,0,0,0,0,0
202009,06,019,4,9,Fresno County                 ,330,330,100882692,3,6,1040733,0,0,0,4,25,3136912,177,177,51363035,0,0,0,0,0,0,0,0,0
202009,06,037,4,9,Los Angeles County            ,639,639,168472477,49,98,19117934,3,9,1467128,21,907,150588114,516,516,113886942,45,90,17201416,0,0,0,16,882,146371408
202009,06,041,4,9,Marin County                  ,21,21,7856839,0,0,0,0,0,0,1,5,1074668,8,8,1288383,0,0,0,0,0,0,0,0,0
202009,06,059,4,9,Orange County                 ,253,253,76160928,13,26,6430657,4,16,3537227,5,126,19462512,237,237,63214130,11,22,5097300,4,16,3537227,4,109,15385412
202009,06,061,4,9,Placer County                 ,348,348,111561126,0,0,0,0,0,0,0,0,0,346,346,111177122,0,0,0,0,0,0,0,0,0
202009,06,063,4,9,Plumas County                 ,2,2,262470,0,0,0,0,0,0,0,0,0,2,2,262470,0,0,0,0,0,0,0,0,0
202009,06,067,4,9,Sacramento County             ,351,351,92635520,0,0,0,0,0,0,3,144,31020879,351,351,92635520,0,0,0,0,0,0,3,144,31020879
202009,06,069,4,9,San Benito County             ,65,65,18654250,0,0,0,0,0,0,0,0,0,57,57,15006725,0,0,0,0,0,0,0,0,0
202009,06,071,4,9,San Bernardino County         ,452,452,110598169,1,2,360262,6,24,4598245,11,69,10258025,419,419,102061383,1,2,360262,6,24,4598245,10,64,9982163
202009,06,073,4,9,San Diego County              ,232,232,54044820,1,2,328483,4,16,3646438,22,306,59178008,231,231,53980924,1,2,328483,4,16,3646438,20,286,57240507
202009,06,075,4,9,San Francisco County          ,1,1,277683,2,4,711863,0,0,0,1,70,30000000,1,1,277683,2,4,711863,0,0,0,1,70,30000000
202009,06,081,4,9,San Mateo County              ,26,26,25036618,0,0,0,0,0,0,2,13,2941392,15,15,17125705,0,0,0,0,0,0,0,0,0
202009,06,085,4,9,Santa Clara County            ,182,182,76817520,1,2,592814,2,6,1779077,5,395,47350070,99,99,44648525,0,0,0,0,0,0,2,336,35573301
202009,06,091,4,9,Sierra County                 ,0,0,0,0,0,0,0,0,0,0,0,0,0,0,0,0,0,0,0,0,0,0,0,0
202009,06,113,4,9,Yolo County                   ,60,60,20194648,0,0,0,0,0,0,0,0,0,52,52,17787762,0,0,0,0,0,0,0,0,0
202009,08,001,4,8,Adams County                  ,222,222,63386368,7,14,2583661,0,0,0,0,0,0,216,216,61435814,7,14,2583661,0,0,0,0,0,0
202009,08,005,4,8,Arapahoe County               ,249,249,76442010,0,0,0,1,3,349052,1,5,767000,241,241,74204264,0,0,0,0,0,0,1,5,767000
202009,08,014,4,8,Broomfield County             ,14,14,6128738,2,4,864220,0,0,0,1,5,1016020,14,14,6128738,2,4,864220,0,0,0,1,5,1016020
202009,08,015,4,8,Chaffee County                ,14,14,3612105,1,2,323962,1,3,549700,0,0,0,0,0,0,0,0,0,0,0,0,0,0,0
202009,08,019,4,8,Clear Creek County            ,3,3,881345,0,0,0,0,0,0,0,0,0,0,0,0,0,0,0,0,0,0,0,0,0
202009,08,031,4,8,Denver County                 ,93,93,25824548,0,0,0,0,0,0,12,1015,127162875,93,93,25824548,0,0,0,0,0,0,12,1015,127162875
202009,08,035,4,8,Douglas County                ,282,282,89631621,0,0,0,3,11,1765713,0,0,0,277,277,87711253,0,0,0,3,11,1765713,0,0,0
202009,08,039,4,8,Elbert County                 ,39,39,11755814,0,0,0,0,0,0,0,0,0,38,38,11613481,0,0,0,0,0,0,0,0,0
202009,08,041,4,8,El Paso County                ,506,506,184822626,58,116,12579201,0,0,0,4,40,5032000,506,506,184822626,58,116,12579201,0,0,0,4,40,5032000
202009,08,047,4,8,Gilpin County                 ,4,4,1110733,0,0,0,0,0,0,0,0,0,4,4,1110733,0,0,0,0,0,0,0,0,0
202009,08,059,4,8,Jefferson County              ,39,39,12369957,4,8,1238118,0,0,0,1,33,5800000,35,35,11309008,4,8,1238118,0,0,0,1,33,5800000
202009,08,069,4,8,Larimer County                ,161,161,49418249,1,2,222379,0,0,0,2,40,3778830,161,161,49418249,1,2,222379,0,0,0,2,40,3778830
202009,08,077,4,8,Mesa County                   ,80,80,11349921,0,0,0,0,0,0,0,0,0,80,80,11349921,0,0,0,0,0,0,0,0,0
202009,08,093,4,8,Park County                   ,19,19,4988507,0,0,0,0,0,0,0,0,0,19,19,4988507,0,0,0,0,0,0,0,0,0
202009,08,101,4,8,Pueblo County                 ,60,60,10427969,0,0,0,0,0,0,0,0,0,60,60,10427969,0,0,0,0,0,0,0,0,0
202009,08,119,4,8,Teller County                 ,17,17,5807504,0,0,0,0,0,0,0,0,0,16,16,5707504,0,0,0,0,0,0,0,0,0
202009,09,001,1,1,Fairfield County              ,65,65,37666970,0,0,0,0,0,0,5,303,57829178,40,40,20469346,0,0,0,0,0,0,3,286,51459442
202009,09,003,1,1,Hartford County               ,59,59,11891624,1,2,200000,2,8,1126568,5,59,5875574,44,44,8669814,0,0,0,2,8,1126568,2,44,4875056
202009,09,007,1,1,Middlesex County              ,15,15,3348395,0,0,0,0,0,0,0,0,0,10,10,2170350,0,0,0,0,0,0,0,0,0
202009,09,013,1,1,Tolland County                ,18,18,4149198,0,0,0,0,0,0,2,10,1227300,12,12,2684666,0,0,0,0,0,0,0,0,0
202009,10,001,3,5,Kent County                   ,163,163,20857892,7,14,1281634,0,0,0,0,0,0,161,161,20427459,7,14,1281634,0,0,0,0,0,0
202009,10,003,3,5,New Castle County             ,151,151,14763936,0,0,0,0,0,0,2,18,1889949,35,35,3043243,0,0,0,0,0,0,0,0,0
202009,10,005,3,5,Sussex County                 ,434,434,62299891,6,12,1139887,0,0,0,0,0,0,434,434,62299891,6,12,1139887,0,0,0,0,0,0
202009,11,001,3,5,Washington  DC                ,11,11,2564419,2,4,494032,0,0,0,4,348,41710375,11,11,2564419,2,4,494032,0,0,0,4,348,41710375
202009,12,003,3,5,Baker County                  ,22,22,3971962,0,0,0,0,0,0,0,0,0,15,15,2690700,0,0,0,0,0,0,0,0,0
202009,12,019,3,5,Clay County                   ,75,75,17741957,2,4,275000,0,0,0,0,0,0,75,75,17741957,2,4,275000,0,0,0,0,0,0
202009,12,029,3,5,Dixie County                  ,3,3,378970,0,0,0,0,0,0,0,0,0,0,0,0,0,0,0,0,0,0,0,0,0
202009,12,031,3,5,Duval County                  ,576,576,134344066,2,4,494032,0,0,0,0,0,0,576,576,134344066,2,4,494032,0,0,0,0,0,0
202009,12,033,3,5,Escambia County               ,110,110,25612256,0,0,0,0,0,0,10,240,20065087,110,110,25612256,0,0,0,0,0,0,10,240,20065087
202009,12,053,3,5,Hernando County               ,104,104,25842974,1,2,190000,0,0,0,0,0,0,104,104,25842974,1,2,190000,0,0,0,0,0,0
202009,12,057,3,5,Hillsborough County           ,720,720,236803486,0,0,0,0,0,0,4,293,48197631,720,720,236803486,0,0,0,0,0,0,4,293,48197631
202009,12,067,3,5,Lafayette County              ,0,0,0,0,0,0,0,0,0,0,0,0,0,0,0,0,0,0,0,0,0,0,0,0
202009,12,071,3,5,Lee County                    ,718,718,147161834,46,92,7809750,2,8,2512292,4,148,25221234,718,718,147161834,46,92,7809750,2,8,2512292,4,148,25221234
202009,12,073,3,5,Leon County                   ,73,73,14432997,1,2,221600,0,0,0,4,94,12077094,0,0,0,0,0,0,0,0,0,0,0,0
202009,12,081,3,5,Manatee County                ,423,423,93944157,0,0,0,2,8,958040,0,0,0,423,423,93944157,0,0,0,2,8,958040,0,0,0
202009,12,086,3,5,Miami-Dade County             ,224,224,75935414,13,26,4823322,0,0,0,8,1302,234258616,196,196,63976584,13,26,4823322,0,0,0,7,1294,233360656
202009,12,089,3,5,Nassau County                 ,143,143,37235850,0,0,0,0,0,0,0,0,0,143,143,37235850,0,0,0,0,0,0,0,0,0
202009,12,091,3,5,Okaloosa County               ,77,77,24534187,0,0,0,0,0,0,0,0,0,74,74,22655727,0,0,0,0,0,0,0,0,0
202009,12,095,3,5,Orange County                 ,512,512,141498400,6,12,2372128,0,0,0,4,265,61332373,475,475,130676737,6,12,2372128,0,0,0,4,265,61332373
202009,12,097,3,5,Osceola County                ,478,478,91124514,0,0,0,4,16,1357264,2,50,5064000,478,478,91124514,0,0,0,4,16,1357264,2,50,5064000
202009,12,101,3,5,Pasco County                  ,571,571,117162346,1,2,242704,0,0,0,1,5,431250,564,564,116192042,1,2,242704,0,0,0,0,0,0
202009,12,103,3,5,Pinellas County               ,75,75,25435446,0,0,0,0,0,0,0,0,0,74,74,24948620,0,0,0,0,0,0,0,0,0
202009,12,109,3,5,St. Johns County              ,393,393,92680359,0,0,0,0,0,0,0,0,0,393,393,92680359,0,0,0,0,0,0,0,0,0
202009,12,113,3,5,Santa Rosa County             ,159,159,23735191,0,0,0,0,0,0,0,0,0,159,159,23735191,0,0,0,0,0,0,0,0,0
202009,12,115,3,5,Sarasota County               ,337,337,105845864,2,4,410544,2,8,2264956,1,8,3194602,337,337,105845864,2,4,410544,2,8,2264956,1,8,3194602
202009,12,117,3,5,Seminole County               ,159,159,49845846,0,0,0,0,0,0,2,39,3664498,151,151,48202385,0,0,0,0,0,0,0,0,0
202009,12,119,3,5,Sumter County                 ,252,252,65865062,0,0,0,0,0,0,1,8,1772000,251,251,65672778,0,0,0,0,0,0,1,8,1772000
202009,12,129,3,5,Wakulla County                ,22,22,3920113,0,0,0,0,0,0,0,0,0,22,22,3920113,0,0,0,0,0,0,0,0,0
202009,12,131,3,5,Walton County                 ,139,139,58727735,0,0,0,0,0,0,1,7,1444463,139,139,58727735,0,0,0,0,0,0,1,7,1444463
202009,12,133,3,5,Washington County             ,8,8,1181826,0,0,0,0,0,0,0,0,0,0,0,0,0,0,0,0,0,0,0,0,0
202009,13,007,3,5,Baker County                  ,0,0,0,0,0,0,0,0,0,0,0,0,0,0,0,0,0,0,0,0,0,0,0,0
202009,13,013,3,5,Barrow County                 ,67,67,9371165,0,0,0,0,0,0,0,0,0,67,67,9371165,0,0,0,0,0,0,0,0,0
202009,13,015,3,5,Bartow County                 ,77,77,10931461,0,0,0,0,0,0,4,100,6235092,77,77,10931461,0,0,0,0,0,0,4,100,6235092
202009,13,021,3,5,Bibb County                   ,14,14,2475331,0,0,0,0,0,0,0,0,0,0,0,0,0,0,0,0,0,0,0,0,0
202009,13,029,3,5,Bryan County                  ,60,60,17536733,0,0,0,0,0,0,0,0,0,60,60,17536733,0,0,0,0,0,0,0,0,0
202009,13,033,3,5,Burke County                  ,6,6,1134495,0,0,0,0,0,0,0,0,0,0,0,0,0,0,0,0,0,0,0,0,0
202009,13,035,3,5,Butts County                  ,25,25,6966900,0,0,0,0,0,0,0,0,0,25,25,6966900,0,0,0,0,0,0,0,0,0
202009,13,045,3,5,Carroll County                ,42,42,9392608,0,0,0,1,4,250000,0,0,0,42,42,9392608,0,0,0,1,4,250000,0,0,0
202009,13,051,3,5,Chatham County                ,103,103,21527547,0,0,0,0,0,0,3,72,6226200,49,49,9114610,0,0,0,0,0,0,3,72,6226200
202009,13,057,3,5,Cherokee County               ,279,279,78890607,0,0,0,0,0,0,0,0,0,279,279,78890607,0,0,0,0,0,0,0,0,0
202009,13,059,3,5,Clarke County                 ,38,38,7619753,85,170,25132423,0,0,0,0,0,0,38,38,7619753,85,170,25132423,0,0,0,0,0,0
202009,13,063,3,5,Clayton County                ,92,92,22938738,0,0,0,0,0,0,0,0,0,92,92,22938738,0,0,0,0,0,0,0,0,0
202009,13,067,3,5,Cobb County                   ,154,154,35861769,0,0,0,2,6,1260907,5,27,3262232,148,148,34550231,0,0,0,2,6,1260907,5,27,3262232
202009,13,073,3,5,Columbia County               ,121,121,23048253,0,0,0,2,7,545331,0,0,0,23,23,4002498,0,0,0,2,7,545331,0,0,0
202009,13,077,3,5,Coweta County                 ,72,72,24756967,2,4,220000,0,0,0,0,0,0,62,62,21909026,2,4,220000,0,0,0,0,0,0
202009,13,085,3,5,Dawson County                 ,43,43,8613024,0,0,0,0,0,0,0,0,0,10,10,2396736,0,0,0,0,0,0,0,0,0
202009,13,095,3,5,Dougherty County              ,2,2,410153,0,0,0,0,0,0,1,17,2537585,0,0,0,0,0,0,0,0,0,0,0,0
202009,13,097,3,5,Douglas County                ,62,62,6704479,0,0,0,0,0,0,0,0,0,62,62,6704479,0,0,0,0,0,0,0,0,0
202009,13,111,3,5,Fannin County                 ,38,38,7944880,0,0,0,0,0,0,0,0,0,38,38,7944880,0,0,0,0,0,0,0,0,0
202009,13,113,3,5,Fayette County                ,50,50,15196376,0,0,0,0,0,0,0,0,0,23,23,6871360,0,0,0,0,0,0,0,0,0
202009,13,115,3,5,Floyd County                  ,15,15,3627716,0,0,0,0,0,0,0,0,0,15,15,3627716,0,0,0,0,0,0,0,0,0
202009,13,117,3,5,Forsyth County                ,250,250,41300233,0,0,0,0,0,0,0,0,0,250,250,41300233,0,0,0,0,0,0,0,0,0
202009,13,121,3,5,Fulton County                 ,325,325,87124063,1,2,247016,0,0,0,0,0,0,273,273,72345393,1,2,247016,0,0,0,0,0,0
202009,13,127,3,5,Glynn County                  ,47,47,11045148,4,8,1025000,0,0,0,1,18,12000000,47,47,11045148,4,8,1025000,0,0,0,1,18,12000000
202009,13,135,3,5,Gwinnett County               ,426,426,99968523,0,0,0,1,4,463260,1,5,1500000,414,414,96672905,0,0,0,1,4,463260,0,0,0
202009,13,143,3,5,Haralson County               ,5,5,1144530,0,0,0,0,0,0,0,0,0,0,0,0,0,0,0,0,0,0,0,0,0
202009,13,145,3,5,Harris County                 ,15,15,3936270,0,0,0,0,0,0,0,0,0,15,15,3936270,0,0,0,0,0,0,0,0,0
202009,13,149,3,5,Heard County                  ,3,3,699387,0,0,0,0,0,0,0,0,0,3,3,699387,0,0,0,0,0,0,0,0,0
202009,13,151,3,5,Henry County                  ,192,192,46154414,0,0,0,0,0,0,0,0,0,144,144,38813638,0,0,0,0,0,0,0,0,0
202009,13,159,3,5,Jasper County                 ,16,16,4800000,0,0,0,0,0,0,0,0,0,16,16,4800000,0,0,0,0,0,0,0,0,0
202009,13,171,3,5,Lamar County                  ,13,13,2365129,0,0,0,0,0,0,0,0,0,13,13,2365129,0,0,0,0,0,0,0,0,0
202009,13,177,3,5,Lee County                    ,8,8,1251245,0,0,0,0,0,0,5,46,2053000,8,8,1251245,0,0,0,0,0,0,5,46,2053000
202009,13,179,3,5,Liberty County                ,53,53,9447559,0,0,0,0,0,0,0,0,0,53,53,9447559,0,0,0,0,0,0,0,0,0
202009,13,189,3,5,McDuffie County               ,4,4,790000,0,0,0,0,0,0,0,0,0,4,4,790000,0,0,0,0,0,0,0,0,0
202009,13,199,3,5,Meriwether County             ,1,1,165500,0,0,0,0,0,0,0,0,0,1,1,165500,0,0,0,0,0,0,0,0,0
202009,13,201,3,5,Miller County                 ,0,0,0,0,0,0,0,0,0,0,0,0,0,0,0,0,0,0,0,0,0,0,0,0
202009,13,207,3,5,Monroe County                 ,18,18,2562014,0,0,0,0,0,0,0,0,0,0,0,0,0,0,0,0,0,0,0,0,0
202009,13,215,3,5,Muscogee County               ,32,32,6036380,0,0,0,0,0,0,1,30,4258286,0,0,0,0,0,0,0,0,0,0,0,0
202009,13,217,3,5,Newton County                 ,62,62,13909923,0,0,0,0,0,0,0,0,0,62,62,13909923,0,0,0,0,0,0,0,0,0
202009,13,227,3,5,Pickens County                ,22,22,8146023,0,0,0,0,0,0,0,0,0,22,22,8146023,0,0,0,0,0,0,0,0,0
202009,13,231,3,5,Pike County                   ,11,11,2564419,0,0,0,0,0,0,0,0,0,11,11,2564419,0,0,0,0,0,0,0,0,0
202009,13,235,3,5,Pulaski County                ,2,2,350000,0,0,0,0,0,0,0,0,0,2,2,350000,0,0,0,0,0,0,0,0,0
202009,13,245,3,5,Richmond County               ,100,100,19206072,0,0,0,0,0,0,0,0,0,100,100,19206072,0,0,0,0,0,0,0,0,0
202009,13,247,3,5,Rockdale County               ,26,26,7350327,0,0,0,0,0,0,0,0,0,26,26,7350327,0,0,0,0,0,0,0,0,0
202009,13,255,3,5,Spalding County               ,31,31,4339377,0,0,0,0,0,0,0,0,0,30,30,4260927,0,0,0,0,0,0,0,0,0
202009,13,275,3,5,Thomas County                 ,48,48,8136214,0,0,0,0,0,0,0,0,0,48,48,8136214,0,0,0,0,0,0,0,0,0
202009,13,291,3,5,Union County                  ,18,18,4057745,0,0,0,0,0,0,0,0,0,18,18,4057745,0,0,0,0,0,0,0,0,0
202009,15,001,4,9,Hawaii County                 ,57,57,19152609,2,4,433435,0,0,0,0,0,0,57,57,19152609,2,4,433435,0,0,0,0,0,0
202009,15,003,4,9,Honolulu County               ,51,51,25108287,0,0,0,0,0,0,0,0,0,51,51,25108287,0,0,0,0,0,0,0,0,0
202009,15,007,4,9,Kauai County                  ,8,8,7327564,0,0,0,0,0,0,0,0,0,8,8,7327564,0,0,0,0,0,0,0,0,0
202009,15,009,4,9,Maui County                   ,30,30,9820551,0,0,0,0,0,0,0,0,0,30,30,9820551,0,0,0,0,0,0,0,0,0
202009,16,001,4,8,Ada County                    ,465,465,132199495,0,0,0,6,24,4056271,1,60,8380005,465,465,132199495,0,0,0,6,24,4056271,1,60,8380005
202009,16,015,4,8,Boise County                  ,21,21,6029037,0,0,0,0,0,0,0,0,0,21,21,6029037,0,0,0,0,0,0,0,0,0
202009,16,027,4,8,Canyon County                 ,273,273,41118694,5,10,1026073,16,64,5328168,1,8,644975,253,253,36681109,5,10,1026073,16,64,5328168,1,8,644975
202009,16,045,4,8,Gem County                    ,13,13,2760474,0,0,0,0,0,0,0,0,0,13,13,2760474,0,0,0,0,0,0,0,0,0
202009,16,073,4,8,Owyhee County                 ,7,7,1516054,0,0,0,0,0,0,0,0,0,4,4,914864,0,0,0,0,0,0,0,0,0
202009,17,005,2,3,Bond County                   ,1,1,176208,0,0,0,0,0,0,0,0,0,0,0,0,0,0,0,0,0,0,0,0,0
202009,17,013,2,3,Calhoun County                ,1,1,20000,0,0,0,0,0,0,0,0,0,1,1,20000,0,0,0,0,0,0,0,0,0
202009,17,031,2,3,Cook County                   ,83,83,30836781,2,4,400000,4,13,1574475,11,261,16057300,39,39,15771708,2,4,400000,3,10,1409334,10,245,11477206
202009,17,037,2,3,DeKalb County                 ,7,7,1975000,0,0,0,0,0,0,0,0,0,6,6,1895000,0,0,0,0,0,0,0,0,0
202009,17,039,2,3,De Witt County                ,0,0,0,0,0,0,0,0,0,0,0,0,0,0,0,0,0,0,0,0,0,0,0,0
202009,17,043,2,3,DuPage County                 ,102,102,39066108,0,0,0,0,0,0,1,9,1559354,91,91,34379768,0,0,0,0,0,0,0,0,0
202009,17,063,2,3,Grundy County                 ,5,5,1092211,0,0,0,0,0,0,2,11,564102,4,4,931662,0,0,0,0,0,0,0,0,0
202009,17,083,2,3,Jersey County                 ,6,6,1822752,0,0,0,0,0,0,0,0,0,0,0,0,0,0,0,0,0,0,0,0,0
202009,17,093,2,3,Kendall County                ,70,70,10518256,0,0,0,0,0,0,0,0,0,59,59,8587297,0,0,0,0,0,0,0,0,0
202009,17,097,2,3,Lake County                   ,59,59,20856071,2,4,794501,0,0,0,0,0,0,35,35,13003412,1,2,400587,0,0,0,0,0,0
202009,17,111,2,3,McHenry County                ,47,47,9049411,0,0,0,0,0,0,0,0,0,31,31,6755802,0,0,0,0,0,0,0,0,0
202009,17,119,2,3,Madison County                ,31,31,7283924,1,2,364000,0,0,0,0,0,0,28,28,6746077,1,2,364000,0,0,0,0,0,0
202009,17,133,2,3,Monroe County                 ,10,10,3145436,2,4,601415,0,0,0,0,0,0,10,10,3145436,2,4,601415,0,0,0,0,0,0
202009,17,197,2,3,Will County                   ,161,161,40344371,2,4,529366,0,0,0,13,246,33378188,153,153,38620895,2,4,529366,0,0,0,13,246,33378188
202009,18,003,2,3,Allen County                  ,186,186,51789730,0,0,0,0,0,0,6,45,4026600,186,186,51789730,0,0,0,0,0,0,6,45,4026600
202009,18,011,2,3,Boone County                  ,45,45,17351270,1,2,656000,0,0,0,1,15,1175209,18,18,6990000,0,0,0,0,0,0,0,0,0
202009,18,013,2,3,Brown County                  ,6,6,1670636,0,0,0,0,0,0,0,0,0,6,6,1670636,0,0,0,0,0,0,0,0,0
202009,18,019,2,3,Clark County                  ,67,67,15311908,4,8,760000,0,0,0,1,24,1600000,63,63,14044844,4,8,760000,0,0,0,1,24,1600000
202009,18,047,2,3,Franklin County               ,8,8,2929551,0,0,0,0,0,0,0,0,0,8,8,2929551,0,0,0,0,0,0,0,0,0
202009,18,057,2,3,Hamilton County               ,234,234,76886565,4,8,944700,1,4,800000,3,33,8125000,227,227,74862713,4,8,944700,1,4,800000,3,33,8125000
202009,18,059,2,3,Hancock County                ,89,89,24611375,2,4,656414,0,0,0,0,0,0,89,89,24611375,2,4,656414,0,0,0,0,0,0
202009,18,061,2,3,Harrison County               ,5,5,825000,0,0,0,0,0,0,0,0,0,5,5,825000,0,0,0,0,0,0,0,0,0
202009,18,063,2,3,Hendricks County              ,106,106,28746369,0,0,0,0,0,0,0,0,0,63,63,17529986,0,0,0,0,0,0,0,0,0
202009,18,069,2,3,Huntington County             ,6,6,1431412,0,0,0,0,0,0,0,0,0,6,6,1431412,0,0,0,0,0,0,0,0,0
202009,18,073,2,3,Jasper County                 ,7,7,1838758,0,0,0,0,0,0,0,0,0,7,7,1838758,0,0,0,0,0,0,0,0,0
202009,18,081,2,3,Johnson County                ,86,86,27555503,1,2,442800,0,0,0,14,100,6826000,86,86,27555503,1,2,442800,0,0,0,14,100,6826000
202009,18,087,2,3,Lagrange County               ,14,14,1791500,0,0,0,0,0,0,0,0,0,14,14,1791500,0,0,0,0,0,0,0,0,0
202009,18,089,2,3,Lake County                   ,156,156,40550935,5,10,2184013,0,0,0,0,0,0,154,154,40085220,5,10,2184013,0,0,0,0,0,0
202009,18,097,2,3,Marion County                 ,119,119,33025108,0,0,0,1,3,546000,6,161,15715623,119,119,33025108,0,0,0,1,3,546000,5,156,15612290
202009,18,105,2,3,Monroe County                 ,28,28,7454851,1,2,283485,0,0,0,1,39,4527821,0,0,0,0,0,0,0,0,0,0,0,0
202009,18,109,2,3,Morgan County                 ,36,36,10254046,0,0,0,0,0,0,0,0,0,36,36,10254046,0,0,0,0,0,0,0,0,0
202009,18,111,2,3,Newton County                 ,1,1,185000,0,0,0,0,0,0,0,0,0,1,1,185000,0,0,0,0,0,0,0,0,0
202009,18,115,2,3,Ohio County                   ,1,1,300000,0,0,0,0,0,0,0,0,0,1,1,300000,0,0,0,0,0,0,0,0,0
202009,18,119,2,3,Owen County                   ,3,3,802421,0,0,0,0,0,0,0,0,0,0,0,0,0,0,0,0,0,0,0,0,0
202009,18,127,2,3,Porter County                 ,76,76,22583455,1,2,125000,0,0,0,0,0,0,60,60,20288173,1,2,125000,0,0,0,0,0,0
202009,18,133,2,3,Putnam County                 ,13,13,2687667,0,0,0,0,0,0,0,0,0,12,12,2310000,0,0,0,0,0,0,0,0,0
202009,18,145,2,3,Shelby County                 ,7,7,1552164,0,0,0,0,0,0,0,0,0,3,3,897000,0,0,0,0,0,0,0,0,0
202009,18,151,2,3,Steuben County                ,21,21,6944440,0,0,0,0,0,0,0,0,0,21,21,6944440,0,0,0,0,0,0,0,0,0
202009,18,157,2,3,Tippecanoe County             ,50,50,13399680,1,2,290559,0,0,0,1,60,6900000,3,3,765000,0,0,0,0,0,0,1,60,6900000
202009,18,163,2,3,Vanderburgh County            ,45,45,8994551,1,2,246806,0,0,0,0,0,0,28,28,5740643,0,0,0,0,0,0,0,0,0
202009,18,167,2,3,Vigo County                   ,2,2,443619,2,4,584125,0,0,0,0,0,0,0,0,0,1,2,376000,0,0,0,0,0,0
202009,18,175,2,3,Washington County             ,5,5,1186852,0,0,0,0,0,0,0,0,0,0,0,0,0,0,0,0,0,0,0,0,0
202009,18,183,2,3,Whitley County                ,11,11,2724666,0,0,0,0,0,0,0,0,0,11,11,2724666,0,0,0,0,0,0,0,0,0
202009,19,049,2,4,Dallas County                 ,180,180,49416353,0,0,0,0,0,0,1,5,460526,175,175,47402684,0,0,0,0,0,0,0,0,0
202009,19,085,2,4,Harrison County               ,5,5,1505000,0,0,0,0,0,0,0,0,0,4,4,1300000,0,0,0,0,0,0,0,0,0
202009,19,129,2,4,Mills County                  ,2,2,545106,1,2,225000,0,0,0,0,0,0,1,1,278439,0,0,0,0,0,0,0,0,0
202009,19,153,2,4,Polk County                   ,343,343,96225558,2,4,892024,0,0,0,5,177,21778235,333,333,93105266,2,4,892024,0,0,0,4,165,20531568
202009,19,181,2,4,Warren County                 ,53,53,13349837,0,0,0,0,0,0,0,0,0,44,44,10075752,0,0,0,0,0,0,0,0,0
202009,20,061,2,4,Geary County                  ,1,1,260128,0,0,0,0,0,0,0,0,0,0,0,0,0,0,0,0,0,0,0,0,0
202009,20,091,2,4,Johnson County                ,192,192,74254784,0,0,0,4,16,2600000,3,256,30140000,181,181,67728172,0,0,0,4,16,2600000,3,256,30140000
202009,20,103,2,4,Leavenworth County            ,53,53,11607851,1,2,364601,0,0,0,0,0,0,52,52,11336455,1,2,364601,0,0,0,0,0,0
202009,20,107,2,4,Linn County                   ,3,3,311849,0,0,0,0,0,0,0,0,0,1,1,120000,0,0,0,0,0,0,0,0,0
202009,20,121,2,4,Miami County                  ,7,7,2566648,0,0,0,0,0,0,0,0,0,0,0,0,0,0,0,0,0,0,0,0,0
202009,20,209,2,4,Wyandotte County              ,22,22,4221291,1,2,193738,0,0,0,0,0,0,0,0,0,0,0,0,0,0,0,0,0,0
202009,21,005,3,6,Anderson County               ,6,6,1188852,0,0,0,0,0,0,0,0,0,6,6,1188852,0,0,0,0,0,0,0,0,0
202009,21,015,3,6,Boone County                  ,64,64,10474260,0,0,0,0,0,0,0,0,0,64,64,10474260,0,0,0,0,0,0,0,0,0
202009,21,017,3,6,Bourbon County                ,2,2,625000,0,0,0,0,0,0,0,0,0,2,2,625000,0,0,0,0,0,0,0,0,0
202009,21,021,3,6,Boyle County                  ,2,2,376616,1,2,182926,0,0,0,0,0,0,0,0,0,0,0,0,0,0,0,0,0,0
202009,21,029,3,6,Bullitt County                ,40,40,11707411,0,0,0,0,0,0,0,0,0,40,40,11707411,0,0,0,0,0,0,0,0,0
202009,21,035,3,6,Calloway County               ,4,4,599900,1,2,175000,0,0,0,1,10,458000,4,4,599900,1,2,175000,0,0,0,1,10,458000
202009,21,037,3,6,Campbell County               ,18,18,5711976,0,0,0,0,0,0,0,0,0,0,0,0,0,0,0,0,0,0,0,0,0
202009,21,045,3,6,Casey County                  ,0,0,0,0,0,0,0,0,0,0,0,0,0,0,0,0,0,0,0,0,0,0,0,0
202009,21,047,3,6,Christian County              ,6,6,546400,0,0,0,0,0,0,0,0,0,4,4,404000,0,0,0,0,0,0,0,0,0
202009,21,049,3,6,Clark County                  ,6,6,1399041,0,0,0,0,0,0,0,0,0,0,0,0,0,0,0,0,0,0,0,0,0
202009,21,059,3,6,Daviess County                ,41,41,4382570,5,10,1000000,0,0,0,0,0,0,41,41,4382570,5,10,1000000,0,0,0,0,0,0
202009,21,067,3,6,Fayette County                ,62,62,13960612,0,0,0,0,0,0,1,62,6744767,0,0,0,0,0,0,0,0,0,0,0,0
202009,21,069,3,6,Fleming County                ,0,0,0,0,0,0,0,0,0,0,0,0,0,0,0,0,0,0,0,0,0,0,0,0
202009,21,077,3,6,Gallatin County               ,3,3,699387,0,0,0,0,0,0,0,0,0,3,3,699387,0,0,0,0,0,0,0,0,0
202009,21,081,3,6,Grant County                  ,6,6,1112095,0,0,0,0,0,0,0,0,0,0,0,0,0,0,0,0,0,0,0,0,0
202009,21,091,3,6,Hancock County                ,0,0,0,0,0,0,0,0,0,0,0,0,0,0,0,0,0,0,0,0,0,0,0,0
202009,21,099,3,6,Hart County                   ,1,1,87321,0,0,0,0,0,0,1,5,567738,0,0,0,0,0,0,0,0,0,0,0,0
202009,21,101,3,6,Henderson County              ,2,2,431000,0,0,0,2,8,800000,1,8,800000,2,2,431000,0,0,0,2,8,800000,1,8,800000
202009,21,103,3,6,Henry County                  ,4,4,840000,0,0,0,0,0,0,0,0,0,4,4,840000,0,0,0,0,0,0,0,0,0
202009,21,111,3,6,Jefferson County              ,131,131,40101376,0,0,0,0,0,0,6,162,15759373,0,0,0,0,0,0,0,0,0,0,0,0
202009,21,113,3,6,Jessamine County              ,19,19,4645164,0,0,0,1,4,568000,0,0,0,7,7,2834000,0,0,0,0,0,0,0,0,0
202009,21,115,3,6,Johnson County                ,0,0,0,0,0,0,0,0,0,0,0,0,0,0,0,0,0,0,0,0,0,0,0,0
202009,21,117,3,6,Kenton County                 ,29,29,8379993,0,0,0,0,0,0,0,0,0,29,29,8379993,0,0,0,0,0,0,0,0,0
202009,21,121,3,6,Knox County                   ,0,0,0,0,0,0,0,0,0,0,0,0,0,0,0,0,0,0,0,0,0,0,0,0
202009,21,123,3,6,Larue County                  ,2,2,466258,0,0,0,0,0,0,0,0,0,2,2,466258,0,0,0,0,0,0,0,0,0
202009,21,137,3,6,Lincoln County                ,6,6,533878,0,0,0,0,0,0,0,0,0,0,0,0,0,0,0,0,0,0,0,0,0
202009,21,145,3,6,McCracken County              ,10,10,2162851,0,0,0,0,0,0,0,0,0,1,1,120000,0,0,0,0,0,0,0,0,0
202009,21,151,3,6,Madison County                ,19,19,1784872,2,4,225992,0,0,0,1,5,168572,4,4,470000,0,0,0,0,0,0,0,0,0
202009,21,157,3,6,Marshall County               ,8,8,2009100,0,0,0,0,0,0,0,0,0,8,8,2009100,0,0,0,0,0,0,0,0,0
202009,21,161,3,6,Mason County                  ,4,4,1260000,0,0,0,0,0,0,0,0,0,4,4,1260000,0,0,0,0,0,0,0,0,0
202009,21,163,3,6,Meade County                  ,11,11,2268186,0,0,0,0,0,0,0,0,0,11,11,2268186,0,0,0,0,0,0,0,0,0
202009,21,167,3,6,Mercer County                 ,5,5,855326,0,0,0,0,0,0,0,0,0,0,0,0,0,0,0,0,0,0,0,0,0
202009,21,175,3,6,Morgan County                 ,3,3,225000,0,0,0,0,0,0,0,0,0,0,0,0,0,0,0,0,0,0,0,0,0
202009,21,179,3,6,Nelson County                 ,21,21,3584968,1,2,600000,1,3,950000,0,0,0,21,21,3584968,1,2,600000,1,3,950000,0,0,0
202009,21,185,3,6,Oldham County                 ,24,24,8783407,0,0,0,0,0,0,1,5,246094,0,0,0,0,0,0,0,0,0,0,0,0
202009,21,191,3,6,Pendleton County              ,0,0,0,0,0,0,0,0,0,0,0,0,0,0,0,0,0,0,0,0,0,0,0,0
202009,21,209,3,6,Scott County                  ,22,22,4166200,0,0,0,0,0,0,0,0,0,22,22,4166200,0,0,0,0,0,0,0,0,0
202009,21,211,3,6,Shelby County                 ,25,25,8142100,0,0,0,0,0,0,0,0,0,25,25,8142100,0,0,0,0,0,0,0,0,0
202009,21,213,3,6,Simpson County                ,8,8,2357178,0,0,0,0,0,0,0,0,0,8,8,2357178,0,0,0,0,0,0,0,0,0
202009,21,215,3,6,Spencer County                ,13,13,3039501,0,0,0,0,0,0,0,0,0,13,13,3039501,0,0,0,0,0,0,0,0,0
202009,21,221,3,6,Trigg County                  ,0,0,0,0,0,0,0,0,0,0,0,0,0,0,0,0,0,0,0,0,0,0,0,0
202009,21,239,3,6,Woodford County               ,5,5,1360472,0,0,0,0,0,0,0,0,0,5,5,1360472,0,0,0,0,0,0,0,0,0
202009,22,005,3,7,Ascension Parish              ,94,94,14589667,0,0,0,0,0,0,0,0,0,0,0,0,0,0,0,0,0,0,0,0,0
202009,22,015,3,7,Bossier Parish                ,67,67,12462170,0,0,0,0,0,0,0,0,0,31,31,6512953,0,0,0,0,0,0,0,0,0
202009,22,017,3,7,Caddo Parish                  ,22,22,4020325,0,0,0,0,0,0,0,0,0,22,22,4020325,0,0,0,0,0,0,0,0,0
202009,22,031,3,7,De Soto Parish                ,14,14,3624047,0,0,0,0,0,0,0,0,0,9,9,2098161,0,0,0,0,0,0,0,0,0
202009,22,033,3,7,East Baton Rouge Parish       ,94,94,23984877,0,0,0,0,0,0,0,0,0,93,93,23834193,0,0,0,0,0,0,0,0,0
202009,22,037,3,7,East Feliciana Parish         ,7,7,1463531,0,0,0,0,0,0,0,0,0,7,7,1463531,0,0,0,0,0,0,0,0,0
202009,22,047,3,7,Iberville Parish              ,11,11,2486766,0,0,0,0,0,0,0,0,0,1,1,14000,0,0,0,0,0,0,0,0,0
202009,22,051,3,7,Jefferson Parish              ,70,70,4035442,0,0,0,0,0,0,0,0,0,67,67,3558691,0,0,0,0,0,0,0,0,0
202009,22,055,3,7,Lafayette Parish              ,135,135,27886507,0,0,0,0,0,0,0,0,0,70,70,11262247,0,0,0,0,0,0,0,0,0
202009,22,063,3,7,Livingston Parish             ,98,98,19981140,2,4,442600,0,0,0,0,0,0,1,1,321704,2,4,442600,0,0,0,0,0,0
202009,22,071,3,7,Orleans Parish                ,40,40,8057879,5,10,1096800,1,4,300550,1,11,907500,40,40,8057879,5,10,1096800,1,4,300550,1,11,907500
202009,22,075,3,7,Plaquemines Parish            ,9,9,2582735,1,2,282500,0,0,0,0,0,0,0,0,0,0,0,0,0,0,0,0,0,0
202009,22,077,3,7,Pointe Coupee Parish          ,7,7,1978400,0,0,0,0,0,0,0,0,0,7,7,1978400,0,0,0,0,0,0,0,0,0
202009,22,087,3,7,St. Bernard Parish            ,21,21,3908300,0,0,0,0,0,0,0,0,0,21,21,3908300,0,0,0,0,0,0,0,0,0
202009,22,089,3,7,St. Charles Parish            ,13,13,3030677,0,0,0,0,0,0,0,0,0,13,13,3030677,0,0,0,0,0,0,0,0,0
202009,22,091,3,7,St. Helena Parish             ,4,4,712488,0,0,0,0,0,0,0,0,0,0,0,0,0,0,0,0,0,0,0,0,0
202009,22,095,3,7,St. John the Baptist Parish   ,8,8,1652500,0,0,0,0,0,0,0,0,0,8,8,1652500,0,0,0,0,0,0,0,0,0
202009,22,099,3,7,St. Martin Parish             ,19,19,3554062,0,0,0,0,0,0,0,0,0,2,2,436798,0,0,0,0,0,0,0,0,0
202009,22,103,3,7,St. Tammany Parish            ,170,170,37216906,0,0,0,0,0,0,0,0,0,1,1,229057,0,0,0,0,0,0,0,0,0
202009,22,109,3,7,Terrebonne Parish             ,15,15,4090631,1,2,155556,0,0,0,0,0,0,0,0,0,0,0,0,0,0,0,0,0,0
202009,22,121,3,7,West Baton Rouge Parish       ,21,21,3625064,0,0,0,0,0,0,0,0,0,19,19,3442940,0,0,0,0,0,0,0,0,0
202009,22,125,3,7,West Feliciana Parish         ,4,4,1154991,0,0,0,0,0,0,0,0,0,4,4,1154991,0,0,0,0,0,0,0,0,0
202009,23,000,1,1,Maine Unorganized Territory   ,18,18,2390404,0,0,0,0,0,0,0,0,0,0,0,0,0,0,0,0,0,0,0,0,0
202009,24,003,3,5,Anne Arundel County           ,194,194,34865638,0,0,0,0,0,0,1,15,3784024,190,190,33941545,0,0,0,0,0,0,0,0,0
202009,24,005,3,5,Baltimore County              ,99,99,26768000,0,0,0,0,0,0,0,0,0,99,99,26768000,0,0,0,0,0,0,0,0,0
202009,24,009,3,5,Calvert County                ,26,26,6061354,0,0,0,0,0,0,0,0,0,26,26,6061354,0,0,0,0,0,0,0,0,0
202009,24,013,3,5,Carroll County                ,65,65,14013670,0,0,0,0,0,0,1,10,1471041,65,65,14013670,0,0,0,0,0,0,1,10,1471041
202009,24,015,3,5,Cecil County                  ,24,24,5534489,0,0,0,0,0,0,0,0,0,24,24,5534489,0,0,0,0,0,0,0,0,0
202009,24,017,3,5,Charles County                ,64,64,18951609,0,0,0,0,0,0,0,0,0,64,64,18951609,0,0,0,0,0,0,0,0,0
202009,24,021,3,5,Frederick County              ,160,160,37735449,0,0,0,7,27,3531478,7,48,5753155,160,160,37735449,0,0,0,7,27,3531478,7,48,5753155
202009,24,023,3,5,Garrett County                ,22,22,10704135,0,0,0,0,0,0,0,0,0,22,22,10704135,0,0,0,0,0,0,0,0,0
202009,24,025,3,5,Harford County                ,115,115,34003788,0,0,0,0,0,0,1,5,214894,110,110,33112266,0,0,0,0,0,0,0,0,0
202009,24,027,3,5,Howard County                 ,45,45,10142994,0,0,0,0,0,0,0,0,0,45,45,10142994,0,0,0,0,0,0,0,0,0
202009,24,031,3,5,Montgomery County             ,64,64,13687337,0,0,0,0,0,0,1,5,640625,64,64,13687337,0,0,0,0,0,0,0,0,0
202009,24,033,3,5,Prince George County          ,194,194,45414845,0,0,0,0,0,0,2,354,37000000,191,191,44527639,0,0,0,0,0,0,2,354,37000000
202009,24,035,3,5,Queen Anne County             ,39,39,9092031,0,0,0,0,0,0,0,0,0,39,39,9092031,0,0,0,0,0,0,0,0,0
202009,24,037,3,5,St. Marys County              ,61,61,12874809,0,0,0,0,0,0,1,5,895837,1,1,347000,0,0,0,0,0,0,0,0,0
202009,24,039,3,5,Somerset County               ,3,3,661166,0,0,0,0,0,0,0,0,0,2,2,542966,0,0,0,0,0,0,0,0,0
202009,24,045,3,5,Wicomico County               ,27,27,4544085,0,0,0,0,0,0,1,9,700000,26,26,4440335,0,0,0,0,0,0,1,9,700000
202009,24,510,3,5,Baltimore (Independent City)  ,4,4,530000,0,0,0,0,0,0,0,0,0,4,4,530000,0,0,0,0,0,0,0,0,0
202009,25,005,1,1,Bristol County                ,63,63,15044299,2,4,545000,0,0,0,0,0,0,28,28,7609525,2,4,545000,0,0,0,0,0,0
202009,25,009,1,1,Essex County                  ,45,45,16410093,4,8,1391000,0,0,0,3,15,3174509,29,29,10756258,3,6,816000,0,0,0,0,0,0
202009,25,017,1,1,Middlesex County              ,103,103,33817044,6,12,3217552,1,3,605395,50,308,24486289,28,28,11390145,1,2,636900,0,0,0,0,0,0
202009,25,021,1,1,Norfolk County                ,67,67,26241093,1,2,698219,0,0,0,6,92,14273414,24,24,8871913,0,0,0,0,0,0,1,56,11088000
202009,25,023,1,1,Plymouth County               ,109,109,28456373,0,0,0,1,3,475714,1,5,454545,42,42,13214942,0,0,0,0,0,0,0,0,0
202009,25,025,1,1,Suffolk County                ,2,2,441321,0,0,0,2,6,1220000,10,305,35740833,1,1,265327,0,0,0,2,6,1220000,7,288,32491354
202009,26,000,2,3,Michigan Balance of State     ,8,8,1502047,0,0,0,0,0,0,0,0,0,0,0,0,0,0,0,0,0,0,0,0,0
202009,26,019,2,3,Benzie County                 ,9,9,1685866,0,0,0,0,0,0,0,0,0,9,9,1685866,0,0,0,0,0,0,0,0,0
202009,26,029,2,3,Charlevoix County             ,13,13,4242835,0,0,0,0,0,0,0,0,0,13,13,4242835,0,0,0,0,0,0,0,0,0
202009,26,089,2,3,Leelanau County               ,9,9,2689190,0,0,0,0,0,0,0,0,0,9,9,2689190,0,0,0,0,0,0,0,0,0
202009,26,093,2,3,Livingston County             ,48,48,13180825,0,0,0,0,0,0,0,0,0,45,45,12655592,0,0,0,0,0,0,0,0,0
202009,26,095,2,3,Luce County                   ,1,1,238400,0,0,0,0,0,0,0,0,0,0,0,0,0,0,0,0,0,0,0,0,0
202009,26,099,2,3,Macomb County                 ,153,153,49736954,2,4,1180396,0,0,0,1,5,571429,143,143,47866695,2,4,1180396,0,0,0,0,0,0
202009,26,103,2,3,Marquette County              ,13,13,3090669,0,0,0,0,0,0,0,0,0,13,13,3090669,0,0,0,0,0,0,0,0,0
202009,26,137,2,3,Otsego County                 ,2,2,162000,0,0,0,0,0,0,0,0,0,0,0,0,0,0,0,0,0,0,0,0,0
202009,26,147,2,3,St. Clair County              ,24,24,5491370,0,0,0,0,0,0,0,0,0,18,18,4084578,0,0,0,0,0,0,0,0,0
202009,26,163,2,3,Wayne County                  ,101,101,28854451,0,0,0,1,4,937198,4,39,8409091,86,86,26746728,0,0,0,1,4,937198,1,24,5000000
202009,27,003,2,4,Anoka County                  ,139,139,36142187,1,2,741863,3,12,2435986,1,5,1059592,124,124,31903531,1,2,741863,3,12,2435986,1,5,1059592
202009,27,019,2,4,Carver County                 ,75,75,24129240,1,2,493425,0,0,0,0,0,0,69,69,22220792,0,0,0,0,0,0,0,0,0
202009,27,025,2,4,Chisago County                ,26,26,4636541,0,0,0,0,0,0,0,0,0,3,3,907446,0,0,0,0,0,0,0,0,0
202009,27,027,2,4,Clay County                   ,23,23,5735888,0,0,0,0,0,0,1,28,2900000,23,23,5735888,0,0,0,0,0,0,1,28,2900000
202009,27,037,2,4,Dakota County                 ,131,131,37898406,1,2,440000,1,3,627000,1,5,532621,128,128,35759190,1,2,440000,1,3,627000,0,0,0
202009,27,053,2,4,Hennepin County               ,180,180,76840436,4,8,1659170,3,12,2973426,5,178,31631560,134,134,57041048,4,8,1659170,3,12,2973426,5,178,31631560
202009,27,059,2,4,Isanti County                 ,25,25,5404791,0,0,0,0,0,0,0,0,0,25,25,5404791,0,0,0,0,0,0,0,0,0
202009,27,123,2,4,Ramsey County                 ,19,19,4818604,0,0,0,0,0,0,3,239,25942478,18,18,4471740,0,0,0,0,0,0,2,232,25200000
202009,27,139,2,4,Scott County                  ,67,67,21401879,1,2,396044,0,0,0,0,0,0,38,38,13623561,0,0,0,0,0,0,0,0,0
202009,27,141,2,4,Sherburne County              ,40,40,9986736,0,0,0,0,0,0,0,0,0,40,40,9986736,0,0,0,0,0,0,0,0,0
202009,27,163,2,4,Washington County             ,159,159,44916182,0,0,0,0,0,0,2,204,23363300,115,115,32480779,0,0,0,0,0,0,1,189,22125000
202009,27,171,2,4,Wright County                 ,160,160,44373772,0,0,0,0,0,0,0,0,0,157,157,43583186,0,0,0,0,0,0,0,0,0
202009,28,033,3,6,DeSoto County                 ,134,134,25705090,0,0,0,0,0,0,0,0,0,51,51,8226620,0,0,0,0,0,0,0,0,0
202009,28,041,3,6,Greene County                 ,0,0,0,0,0,0,0,0,0,0,0,0,0,0,0,0,0,0,0,0,0,0,0,0
202009,28,045,3,6,Hancock County                ,59,59,9623883,1,2,185179,1,4,401445,1,6,507976,23,23,4162008,0,0,0,0,0,0,0,0,0
202009,28,047,3,6,Harrison County               ,155,155,28401065,0,0,0,0,0,0,0,0,0,121,121,21827944,0,0,0,0,0,0,0,0,0
202009,28,067,3,6,Jones County                  ,0,0,0,0,0,0,0,0,0,0,0,0,0,0,0,0,0,0,0,0,0,0,0,0
202009,28,129,3,6,Smith County                  ,0,0,0,0,0,0,0,0,0,0,0,0,0,0,0,0,0,0,0,0,0,0,0,0
202009,28,137,3,6,Tate County                   ,10,10,2232268,0,0,0,0,0,0,0,0,0,6,6,1367680,0,0,0,0,0,0,0,0,0
202009,28,143,3,6,Tunica County                 ,7,7,1561689,0,0,0,0,0,0,0,0,0,0,0,0,0,0,0,0,0,0,0,0,0
202009,28,145,3,6,Union County                  ,0,0,0,0,0,0,0,0,0,0,0,0,0,0,0,0,0,0,0,0,0,0,0,0
202009,28,149,3,6,Warren County                 ,3,3,668198,0,0,0,0,0,0,0,0,0,0,0,0,0,0,0,0,0,0,0,0,0
202009,29,013,2,4,Bates County                  ,0,0,0,0,0,0,0,0,0,0,0,0,0,0,0,0,0,0,0,0,0,0,0,0
202009,29,017,2,4,Bollinger County              ,0,0,0,0,0,0,0,0,0,0,0,0,0,0,0,0,0,0,0,0,0,0,0,0
202009,29,019,2,4,Boone County                  ,85,85,24615549,0,0,0,0,0,0,0,0,0,85,85,24615549,0,0,0,0,0,0,0,0,0
202009,29,049,2,4,Clinton County                ,5,5,1174371,0,0,0,0,0,0,0,0,0,0,0,0,0,0,0,0,0,0,0,0,0
202009,29,065,2,4,Dent County                   ,0,0,0,0,0,0,0,0,0,0,0,0,0,0,0,0,0,0,0,0,0,0,0,0
202009,29,071,2,4,Franklin County               ,17,17,7116973,0,0,0,0,0,0,0,0,0,17,17,7116973,0,0,0,0,0,0,0,0,0
202009,29,095,2,4,Jackson County                ,288,288,59482254,10,20,1801900,1,4,716376,3,212,18799642,277,277,56693151,10,20,1801900,1,4,716376,3,212,18799642
202009,29,099,2,4,Jefferson County              ,69,69,14721140,1,2,300708,0,0,0,0,0,0,66,66,14408251,1,2,300708,0,0,0,0,0,0
202009,29,105,2,4,Laclede County                ,8,8,1166555,0,0,0,0,0,0,0,0,0,8,8,1166555,0,0,0,0,0,0,0,0,0
202009,29,107,2,4,Lafayette County              ,10,10,2606028,0,0,0,0,0,0,0,0,0,9,9,2347515,0,0,0,0,0,0,0,0,0
202009,29,113,2,4,Lincoln County                ,15,15,2046068,0,0,0,0,0,0,0,0,0,15,15,2046068,0,0,0,0,0,0,0,0,0
202009,29,165,2,4,Platte County                 ,26,26,7090862,0,0,0,0,0,0,0,0,0,25,25,6746206,0,0,0,0,0,0,0,0,0
202009,29,185,2,4,St. Clair County              ,0,0,0,0,0,0,0,0,0,0,0,0,0,0,0,0,0,0,0,0,0,0,0,0
202009,29,189,2,4,St. Louis County              ,93,93,38396860,0,0,0,0,0,0,2,22,2136662,20,20,8598258,0,0,0,0,0,0,0,0,0
202009,29,219,2,4,Warren County                 ,32,32,7932720,0,0,0,2,8,1020365,0,0,0,32,32,7932720,0,0,0,2,8,1020365,0,0,0
202009,29,221,2,4,Washington County             ,0,0,0,0,0,0,0,0,0,0,0,0,0,0,0,0,0,0,0,0,0,0,0,0
202009,29,510,2,4,St. Louis (Independent City)  ,14,14,2660000,0,0,0,0,0,0,0,0,0,14,14,2660000,0,0,0,0,0,0,0,0,0
202009,30,013,4,8,Cascade County                ,10,10,1470614,1,2,600000,0,0,0,0,0,0,10,10,1470614,1,2,600000,0,0,0,0,0,0
202009,30,033,4,8,Garfield County               ,0,0,0,0,0,0,0,0,0,0,0,0,0,0,0,0,0,0,0,0,0,0,0,0
202009,30,063,4,8,Missoula County               ,29,29,6430280,0,0,0,0,0,0,3,64,3489127,29,29,6430280,0,0,0,0,0,0,3,64,3489127
202009,30,093,4,8,Silver Bow County             ,6,6,653487,1,2,304200,0,0,0,0,0,0,6,6,653487,1,2,304200,0,0,0,0,0,0
202009,31,001,2,4,Adams County                  ,3,3,755156,0,0,0,0,0,0,0,0,0,2,2,476942,0,0,0,0,0,0,0,0,0
202009,31,025,2,4,Cass County                   ,11,11,1936835,0,0,0,0,0,0,0,0,0,4,4,625668,0,0,0,0,0,0,0,0,0
202009,31,033,2,4,Cheyenne County               ,0,0,0,0,0,0,0,0,0,0,0,0,0,0,0,0,0,0,0,0,0,0,0,0
202009,31,055,2,4,Douglas County                ,164,164,27745825,0,0,0,0,0,0,3,239,19735854,159,159,26578456,0,0,0,0,0,0,3,239,19735854
202009,31,105,2,4,Kimball County                ,0,0,0,0,0,0,0,0,0,0,0,0,0,0,0,0,0,0,0,0,0,0,0,0
202009,31,153,2,4,Sarpy County                  ,120,120,35129254,0,0,0,0,0,0,0,0,0,75,75,23276530,0,0,0,0,0,0,0,0,0
202009,31,165,2,4,Sioux County                  ,0,0,0,0,0,0,0,0,0,0,0,0,0,0,0,0,0,0,0,0,0,0,0,0
202009,31,177,2,4,Washington County             ,5,5,1124739,0,0,0,0,0,0,0,0,0,5,5,1124739,0,0,0,0,0,0,0,0,0
202009,32,001,4,8,Churchill County              ,9,9,2034785,0,0,0,0,0,0,0,0,0,9,9,2034785,0,0,0,0,0,0,0,0,0
202009,32,003,4,8,Clark County                  ,1028,1028,283685139,34,68,2922072,4,16,2680000,23,436,29799708,1028,1028,283685139,34,68,2922072,4,16,2680000,23,436,29799708
202009,32,005,4,8,Douglas County                ,28,28,10506923,0,0,0,0,0,0,0,0,0,28,28,10506923,0,0,0,0,0,0,0,0,0
202009,32,007,4,8,Elko County                   ,9,9,1623762,0,0,0,0,0,0,0,0,0,8,8,1557095,0,0,0,0,0,0,0,0,0
202009,32,013,4,8,Humboldt County               ,0,0,0,0,0,0,0,0,0,0,0,0,0,0,0,0,0,0,0,0,0,0,0,0
202009,32,015,4,8,Lander County                 ,0,0,0,0,0,0,0,0,0,0,0,0,0,0,0,0,0,0,0,0,0,0,0,0
202009,32,017,4,8,Lincoln County                ,1,1,200000,0,0,0,0,0,0,0,0,0,1,1,200000,0,0,0,0,0,0,0,0,0
202009,32,019,4,8,Lyon County                   ,18,18,4849255,0,0,0,0,0,0,0,0,0,6,6,1615536,0,0,0,0,0,0,0,0,0
202009,32,021,4,8,Mineral County                ,0,0,0,0,0,0,0,0,0,0,0,0,0,0,0,0,0,0,0,0,0,0,0,0
202009,32,027,4,8,Pershing County               ,0,0,0,0,0,0,0,0,0,0,0,0,0,0,0,0,0,0,0,0,0,0,0,0
202009,32,029,4,8,Storey County                 ,1,1,188951,0,0,0,0,0,0,0,0,0,1,1,188951,0,0,0,0,0,0,0,0,0
202009,32,031,4,8,Washoe County                 ,238,238,64542766,2,4,413804,2,6,808992,8,129,16910874,49,49,10825029,0,0,0,0,0,0,0,0,0
202009,32,033,4,8,White Pine County             ,0,0,0,0,0,0,0,0,0,0,0,0,0,0,0,0,0,0,0,0,0,0,0,0
202009,32,510,4,8,Carson City (Independent City),15,15,4476152,0,0,0,0,0,0,0,0,0,15,15,4476152,0,0,0,0,0,0,0,0,0
202009,33,015,1,1,Rockingham County             ,62,62,17440829,1,2,688931,0,0,0,3,40,9501470,44,44,12510959,1,2,688931,0,0,0,1,30,8660000
202009,33,017,1,1,Strafford County              ,29,29,7608862,0,0,0,0,0,0,1,8,858518,21,21,5848677,0,0,0,0,0,0,0,0,0
202009,34,001,1,2,Atlantic County               ,39,39,7603183,0,0,0,0,0,0,2,17,1508415,36,36,7219181,0,0,0,0,0,0,0,0,0
202009,34,003,1,2,Bergen County                 ,87,87,20126245,8,16,2800208,5,19,2119210,14,304,43389476,56,56,9626299,7,14,2493208,4,16,1977210,2,158,22801600
202009,34,005,1,2,Burlington County             ,53,53,8783184,0,0,0,0,0,0,10,51,2116209,36,36,5948233,0,0,0,0,0,0,9,46,1458632
202009,34,007,1,2,Camden County                 ,63,63,3569221,0,0,0,1,3,276857,9,69,4550120,57,57,2380609,0,0,0,0,0,0,0,0,0
202009,34,009,1,2,Cape May County               ,54,54,25388169,7,14,2481134,0,0,0,1,5,20000,54,54,25388169,7,14,2481134,0,0,0,1,5,20000
202009,34,011,1,2,Cumberland County             ,8,8,939302,0,0,0,0,0,0,0,0,0,8,8,939302,0,0,0,0,0,0,0,0,0
202009,34,013,1,2,Essex County                  ,66,66,13956491,23,46,3548683,5,16,1209284,5,99,10437939,60,60,12767110,22,44,3434183,4,13,911568,1,66,7445935
202009,34,015,1,2,Gloucester County             ,67,67,9110956,0,0,0,0,0,0,2,10,808839,51,51,6768939,0,0,0,0,0,0,0,0,0
202009,34,017,1,2,Hudson County                 ,10,10,934605,2,4,588500,1,3,375000,69,509,38057226,10,10,934605,2,4,588500,1,3,375000,69,509,38057226
202009,34,019,1,2,Hunterdon County              ,10,10,1316019,0,0,0,0,0,0,3,23,977072,6,6,832150,0,0,0,0,0,0,1,13,330850
202009,34,021,1,2,Mercer County                 ,30,30,1849742,0,0,0,0,0,0,4,125,10760192,30,30,1849742,0,0,0,0,0,0,3,120,10346600
202009,34,023,1,2,Middlesex County              ,62,62,9457424,0,0,0,1,3,326600,6,365,40034378,57,57,8774519,0,0,0,0,0,0,3,341,36636186
202009,34,025,1,2,Monmouth County               ,98,98,25071425,0,0,0,0,0,0,6,40,3004498,63,63,13486700,0,0,0,0,0,0,1,5,45000
202009,34,027,1,2,Morris County                 ,73,73,15816640,0,0,0,0,0,0,6,36,2631500,11,11,3041154,0,0,0,0,0,0,1,5,362200
202009,34,029,1,2,Ocean County                  ,308,308,43172976,1,2,294505,0,0,0,16,80,16,301,301,40183326,1,2,294505,0,0,0,16,80,16
202009,34,031,1,2,Passaic County                ,14,14,2143727,1,2,113134,0,0,0,6,63,2930603,4,4,1018500,0,0,0,0,0,0,0,0,0
202009,34,033,1,2,Salem County                  ,6,6,743217,0,0,0,0,0,0,0,0,0,4,4,449092,0,0,0,0,0,0,0,0,0
202009,34,035,1,2,Somerset County               ,33,33,5642142,1,2,303608,0,0,0,4,35,3057065,15,15,2361760,1,2,303608,0,0,0,0,0,0
202009,34,037,1,2,Sussex County                 ,25,25,3181305,1,2,643000,0,0,0,0,0,0,22,22,2371828,0,0,0,0,0,0,0,0,0
202009,34,039,1,2,Union County                  ,15,15,3353043,5,10,210056,1,3,40000,9,173,7340763,7,7,1570150,5,10,210056,1,3,40000,5,93,4430334
202009,34,041,1,2,Warren County                 ,16,16,1986229,0,0,0,0,0,0,0,0,0,8,8,732958,0,0,0,0,0,0,0,0,0
202009,35,000,4,8,New Mexico Balance of State   ,37,37,10030263,0,0,0,0,0,0,0,0,0,0,0,0,0,0,0,0,0,0,0,0,0
202009,35,001,4,8,Bernalillo County             ,77,77,22986331,0,0,0,0,0,0,0,0,0,77,77,22986331,0,0,0,0,0,0,0,0,0
202009,35,005,4,8,Chaves County                 ,6,6,1179939,0,0,0,0,0,0,0,0,0,2,2,500000,0,0,0,0,0,0,0,0,0
202009,35,009,4,8,Curry County                  ,6,6,1514138,0,0,0,0,0,0,1,5,460938,0,0,0,0,0,0,0,0,0,0,0,0
202009,35,013,4,8,Dona Ana County               ,117,117,29824322,0,0,0,2,8,632000,0,0,0,86,86,21519236,0,0,0,2,8,632000,0,0,0
202009,35,015,4,8,Eddy County                   ,15,15,3310091,0,0,0,0,0,0,0,0,0,15,15,3310091,0,0,0,0,0,0,0,0,0
202009,35,017,4,8,Grant County                  ,1,1,162080,0,0,0,0,0,0,0,0,0,0,0,0,0,0,0,0,0,0,0,0,0
202009,35,025,4,8,Lea County                    ,8,8,2437927,0,0,0,0,0,0,0,0,0,8,8,2437927,0,0,0,0,0,0,0,0,0
202009,35,027,4,8,Lincoln County                ,6,6,2729691,0,0,0,0,0,0,0,0,0,6,6,2729691,0,0,0,0,0,0,0,0,0
202009,35,028,4,8,Los Alamos County             ,1,1,400000,0,0,0,0,0,0,0,0,0,1,1,400000,0,0,0,0,0,0,0,0,0
202009,35,029,4,8,Luna County                   ,0,0,0,0,0,0,0,0,0,0,0,0,0,0,0,0,0,0,0,0,0,0,0,0
202009,35,031,4,8,McKinley County               ,0,0,0,0,0,0,0,0,0,0,0,0,0,0,0,0,0,0,0,0,0,0,0,0
202009,35,035,4,8,Otero County                  ,0,0,0,0,0,0,0,0,0,0,0,0,0,0,0,0,0,0,0,0,0,0,0,0
202009,35,041,4,8,Roosevelt County              ,2,2,305713,0,0,0,0,0,0,0,0,0,0,0,0,0,0,0,0,0,0,0,0,0
202009,35,043,4,8,Sandoval County               ,73,73,16336228,0,0,0,0,0,0,1,5,208333,0,0,0,0,0,0,0,0,0,0,0,0
202009,35,045,4,8,San Juan County               ,9,9,2209530,0,0,0,0,0,0,0,0,0,9,9,2209530,0,0,0,0,0,0,0,0,0
202009,35,047,4,8,San Miguel County             ,2,2,593668,0,0,0,0,0,0,0,0,0,2,2,593668,0,0,0,0,0,0,0,0,0
202009,35,049,4,8,Santa Fe County               ,21,21,8371938,0,0,0,0,0,0,2,37,5500000,21,21,8371938,0,0,0,0,0,0,2,37,5500000
202009,35,051,4,8,Sierra County                 ,0,0,0,0,0,0,0,0,0,0,0,0,0,0,0,0,0,0,0,0,0,0,0,0
202009,35,055,4,8,Taos County                   ,9,9,1506316,0,0,0,0,0,0,0,0,0,0,0,0,0,0,0,0,0,0,0,0,0
202009,36,001,1,2,Albany County                 ,24,24,5560627,4,8,1182838,0,0,0,4,32,1800000,12,12,2221994,3,6,885338,0,0,0,4,32,1800000
202009,36,005,1,2,Bronx County                  ,0,0,0,0,0,0,2,6,795818,10,430,48511397,0,0,0,0,0,0,2,6,795818,10,430,48511397
202009,36,029,1,2,Erie County                   ,95,95,31957405,0,0,0,2,7,1626600,3,26,5041490,84,84,29485363,0,0,0,2,7,1626600,0,0,0
202009,36,047,1,2,Kings County                  ,3,3,795981,3,6,910823,2,6,795818,21,713,80438666,3,3,795981,3,6,910823,2,6,795818,21,713,80438666
202009,36,051,1,2,Livingston County             ,3,3,602500,0,0,0,0,0,0,1,5,250000,2,2,345000,0,0,0,0,0,0,0,0,0
202009,36,055,1,2,Monroe County                 ,53,53,13046426,0,0,0,1,4,840000,2,30,4144891,41,41,10063232,0,0,0,1,4,840000,0,0,0
202009,36,059,1,2,Nassau County                 ,72,72,26915404,0,0,0,0,0,0,2,39,5254112,21,21,14554542,0,0,0,0,0,0,0,0,0
202009,36,061,1,2,New York County               ,0,0,0,0,0,0,0,0,0,3,309,34860516,0,0,0,0,0,0,0,0,0,3,309,34860516
202009,36,063,1,2,Niagara County                ,12,12,2926333,0,0,0,0,0,0,0,0,0,10,10,2210000,0,0,0,0,0,0,0,0,0
202009,36,069,1,2,Ontario County                ,33,33,9049257,1,2,282720,0,0,0,0,0,0,27,27,7058947,1,2,282720,0,0,0,0,0,0
202009,36,073,1,2,Orleans County                ,4,4,651800,0,0,0,0,0,0,1,5,937500,3,3,391800,0,0,0,0,0,0,0,0,0
202009,36,079,1,2,Putnam County                 ,1,1,146600,0,0,0,0,0,0,0,0,0,1,1,146600,0,0,0,0,0,0,0,0,0
202009,36,081,1,2,Queens County                 ,10,10,2653269,13,26,3946899,1,3,397909,13,537,60582838,10,10,2653269,13,26,3946899,1,3,397909,13,537,60582838
202009,36,083,1,2,Rensselaer County             ,12,12,2740297,0,0,0,0,0,0,0,0,0,6,6,1119000,0,0,0,0,0,0,0,0,0
202009,36,085,1,2,Richmond County               ,17,17,4510557,7,14,2125253,0,0,0,0,0,0,17,17,4510557,7,14,2125253,0,0,0,0,0,0
202009,36,087,1,2,Rockland County               ,12,12,5178306,3,6,817860,2,6,860957,4,20,2795213,4,4,2782146,0,0,0,0,0,0,0,0,0
202009,36,091,1,2,Saratoga County               ,72,72,27680838,1,2,180000,1,4,1000000,3,23,2199109,57,57,21922026,1,2,180000,1,4,1000000,2,18,2000000
202009,36,093,1,2,Schenectady County            ,10,10,2022469,0,0,0,0,0,0,0,0,0,8,8,1590000,0,0,0,0,0,0,0,0,0
202009,36,095,1,2,Schoharie County              ,4,4,679262,0,0,0,0,0,0,0,0,0,1,1,160000,0,0,0,0,0,0,0,0,0
202009,36,099,1,2,Seneca County                 ,6,6,1249594,0,0,0,0,0,0,0,0,0,6,6,1249594,0,0,0,0,0,0,0,0,0
202009,36,103,1,2,Suffolk County                ,55,55,43237369,0,0,0,0,0,0,0,0,0,45,45,38034863,0,0,0,0,0,0,0,0,0
202009,36,117,1,2,Wayne County                  ,7,7,1658555,1,2,291700,0,0,0,0,0,0,4,4,886000,1,2,291700,0,0,0,0,0,0
202009,36,119,1,2,Westchester County            ,20,20,11627538,2,4,550750,0,0,0,2,135,26733836,13,13,8319300,1,2,300000,0,0,0,0,0,0
202009,37,007,3,5,Anson County                  ,5,5,749325,0,0,0,0,0,0,0,0,0,0,0,0,0,0,0,0,0,0,0,0,0
202009,37,011,3,5,Avery County                  ,19,19,10877006,0,0,0,1,4,60000,0,0,0,19,19,10877006,0,0,0,1,4,60000,0,0,0
202009,37,015,3,5,Bertie County                 ,2,2,190000,0,0,0,0,0,0,0,0,0,2,2,190000,0,0,0,0,0,0,0,0,0
202009,37,025,3,5,Cabarrus County               ,135,135,23908165,0,0,0,0,0,0,0,0,0,135,135,23908165,0,0,0,0,0,0,0,0,0
202009,37,033,3,5,Caswell County                ,2,2,509866,0,0,0,0,0,0,0,0,0,0,0,0,0,0,0,0,0,0,0,0,0
202009,37,037,3,5,Chatham County                ,57,57,14904618,0,0,0,0,0,0,0,0,0,57,57,14904618,0,0,0,0,0,0,0,0,0
202009,37,051,3,5,Cumberland County             ,71,71,14428884,0,0,0,0,0,0,0,0,0,71,71,14428884,0,0,0,0,0,0,0,0,0
202009,37,053,3,5,Currituck County              ,48,48,12397947,0,0,0,0,0,0,0,0,0,48,48,12397947,0,0,0,0,0,0,0,0,0
202009,37,059,3,5,Davie County                  ,17,17,3858551,0,0,0,0,0,0,1,6,236608,0,0,0,0,0,0,0,0,0,0,0,0
202009,37,063,3,5,Durham County                 ,223,223,42866969,0,0,0,1,4,999957,3,137,20756814,0,0,0,0,0,0,0,0,0,0,0,0
202009,37,069,3,5,Franklin County               ,96,96,22380384,0,0,0,0,0,0,0,0,0,96,96,22380384,0,0,0,0,0,0,0,0,0
202009,37,071,3,5,Gaston County                 ,142,142,46388504,1,2,185450,1,3,524259,0,0,0,31,31,9005692,0,0,0,0,0,0,0,0,0
202009,37,077,3,5,Granville County              ,31,31,7943065,0,0,0,0,0,0,0,0,0,31,31,7943065,0,0,0,0,0,0,0,0,0
202009,37,081,3,5,Guilford County               ,201,201,46012843,0,0,0,0,0,0,3,110,14130124,135,135,23366900,0,0,0,0,0,0,3,110,14130124
202009,37,089,3,5,Henderson County              ,35,35,9189532,0,0,0,0,0,0,0,0,0,35,35,9189532,0,0,0,0,0,0,0,0,0
202009,37,093,3,5,Hoke County                   ,14,14,3263806,0,0,0,0,0,0,0,0,0,14,14,3263806,0,0,0,0,0,0,0,0,0
202009,37,097,3,5,Iredell County                ,125,125,29626467,1,2,279930,0,0,0,0,0,0,125,125,29626467,1,2,279930,0,0,0,0,0,0
202009,37,101,3,5,Johnston County               ,358,358,61527272,0,0,0,0,0,0,0,0,0,353,353,60512272,0,0,0,0,0,0,0,0,0
202009,37,119,3,5,Mecklenburg County            ,611,611,142441819,0,0,0,0,0,0,0,0,0,611,611,142441819,0,0,0,0,0,0,0,0,0
202009,37,133,3,5,Onslow County                 ,149,149,22950991,0,0,0,0,0,0,0,0,0,149,149,22950991,0,0,0,0,0,0,0,0,0
202009,37,135,3,5,Orange County                 ,22,22,9826780,0,0,0,2,7,1650000,0,0,0,22,22,9826780,0,0,0,2,7,1650000,0,0,0
202009,37,145,3,5,Person County                 ,12,12,2763880,0,0,0,0,0,0,0,0,0,0,0,0,0,0,0,0,0,0,0,0,0
202009,37,151,3,5,Randolph County               ,28,28,6755173,0,0,0,0,0,0,0,0,0,28,28,6755173,0,0,0,0,0,0,0,0,0
202009,37,157,3,5,Rockingham County             ,17,17,4469626,0,0,0,0,0,0,0,0,0,0,0,0,0,0,0,0,0,0,0,0,0
202009,37,179,3,5,Union County                  ,221,221,42841633,0,0,0,0,0,0,0,0,0,221,221,42841633,0,0,0,0,0,0,0,0,0
202009,37,181,3,5,Vance County                  ,11,11,2743007,0,0,0,0,0,0,0,0,0,11,11,2743007,0,0,0,0,0,0,0,0,0
202009,37,183,3,5,Wake County                   ,720,720,153651394,0,0,0,0,0,0,4,113,15807139,720,720,153651394,0,0,0,0,0,0,4,113,15807139
202009,37,195,3,5,Wilson County                 ,20,20,3774376,0,0,0,0,0,0,0,0,0,20,20,3774376,0,0,0,0,0,0,0,0,0
202009,39,007,2,3,Ashtabula County              ,11,11,2329000,0,0,0,2,6,360000,0,0,0,11,11,2329000,0,0,0,2,6,360000,0,0,0
202009,39,015,2,3,Brown County                  ,15,15,4176591,0,0,0,0,0,0,0,0,0,15,15,4176591,0,0,0,0,0,0,0,0,0
202009,39,017,2,3,Butler County                 ,113,113,23130354,0,0,0,0,0,0,0,0,0,31,31,5192335,0,0,0,0,0,0,0,0,0
202009,39,025,2,3,Clermont County               ,56,56,14172931,0,0,0,3,10,1320000,4,25,2000000,56,56,14172931,0,0,0,3,10,1320000,4,25,2000000
202009,39,041,2,3,Delaware County               ,142,142,39693825,0,0,0,0,0,0,1,6,736366,117,117,33880882,0,0,0,0,0,0,0,0,0
202009,39,049,2,3,Franklin County               ,265,265,70054592,2,4,535000,0,0,0,5,430,41000000,261,261,67065749,2,4,535000,0,0,0,5,430,41000000
202009,39,055,2,3,Geauga County                 ,10,10,5223344,0,0,0,0,0,0,0,0,0,10,10,5223344,0,0,0,0,0,0,0,0,0
202009,39,085,2,3,Lake County                   ,40,40,8206522,0,0,0,0,0,0,0,0,0,39,39,8008744,0,0,0,0,0,0,0,0,0
202009,39,089,2,3,Licking County                ,32,32,8357114,0,0,0,0,0,0,0,0,0,32,32,8357114,0,0,0,0,0,0,0,0,0
202009,39,093,2,3,Lorain County                 ,103,103,29129184,1,2,292127,1,3,172500,1,5,380000,56,56,15406414,0,0,0,0,0,0,1,5,380000
202009,39,097,2,3,Madison County                ,29,29,8303746,0,0,0,0,0,0,0,0,0,20,20,5650265,0,0,0,0,0,0,0,0,0
202009,39,103,2,3,Medina County                 ,56,56,21281845,0,0,0,0,0,0,0,0,0,56,56,21281845,0,0,0,0,0,0,0,0,0
202009,39,117,2,3,Morrow County                 ,7,7,1949076,0,0,0,0,0,0,0,0,0,7,7,1949076,0,0,0,0,0,0,0,0,0
202009,39,159,2,3,Union County                  ,34,34,9775109,3,6,1200000,0,0,0,0,0,0,34,34,9775109,3,6,1200000,0,0,0,0,0,0
202009,39,165,2,3,Warren County                 ,124,124,34653413,5,10,2077335,0,0,0,1,8,2497300,110,110,29455575,5,10,2077335,0,0,0,1,8,2497300
202009,40,001,3,7,Adair County                  ,0,0,0,0,0,0,0,0,0,0,0,0,0,0,0,0,0,0,0,0,0,0,0,0
202009,40,017,3,7,Canadian County               ,46,46,10142896,0,0,0,0,0,0,0,0,0,37,37,6795800,0,0,0,0,0,0,0,0,0
202009,40,021,3,7,Cherokee County               ,8,8,1049906,0,0,0,0,0,0,0,0,0,0,0,0,0,0,0,0,0,0,0,0,0
202009,40,027,3,7,Cleveland County              ,64,64,17791764,0,0,0,0,0,0,24,246,16782000,56,56,16794501,0,0,0,0,0,0,24,246,16782000
202009,40,029,3,7,Coal County                   ,0,0,0,0,0,0,0,0,0,0,0,0,0,0,0,0,0,0,0,0,0,0,0,0
202009,40,037,3,7,Creek County                  ,12,12,2430340,0,0,0,0,0,0,1,7,538461,5,5,903258,0,0,0,0,0,0,0,0,0
202009,40,051,3,7,Grady County                  ,17,17,675000,0,0,0,0,0,0,0,0,0,17,17,675000,0,0,0,0,0,0,0,0,0
202009,40,055,3,7,Greer County                  ,0,0,0,0,0,0,0,0,0,0,0,0,0,0,0,0,0,0,0,0,0,0,0,0
202009,40,081,3,7,Lincoln County                ,1,1,480000,0,0,0,0,0,0,0,0,0,1,1,480000,0,0,0,0,0,0,0,0,0
202009,40,083,3,7,Logan County                  ,0,0,0,0,0,0,0,0,0,0,0,0,0,0,0,0,0,0,0,0,0,0,0,0
202009,40,087,3,7,McClain County                ,46,46,10170167,2,4,450000,0,0,0,0,0,0,36,36,8291694,2,4,450000,0,0,0,0,0,0
202009,40,109,3,7,Oklahoma County               ,487,487,119038255,7,14,1165000,0,0,0,0,0,0,479,479,117775028,7,14,1165000,0,0,0,0,0,0
202009,40,111,3,7,Okmulgee County               ,0,0,0,0,0,0,0,0,0,0,0,0,0,0,0,0,0,0,0,0,0,0,0,0
202009,40,113,3,7,Osage County                  ,8,8,1567582,0,0,0,0,0,0,0,0,0,8,8,1567582,0,0,0,0,0,0,0,0,0
202009,40,117,3,7,Pawnee County                 ,0,0,0,0,0,0,0,0,0,0,0,0,0,0,0,0,0,0,0,0,0,0,0,0
202009,40,131,3,7,Rogers County                 ,67,67,10361653,0,0,0,0,0,0,0,0,0,67,67,10361653,0,0,0,0,0,0,0,0,0
202009,40,143,3,7,Tulsa County                  ,223,223,55115084,0,0,0,0,0,0,0,0,0,218,218,54012133,0,0,0,0,0,0,0,0,0
202009,40,145,3,7,Wagoner County                ,35,35,7344505,0,0,0,0,0,0,0,0,0,35,35,7344505,0,0,0,0,0,0,0,0,0
202009,41,000,4,9,Oregon Balance of State       ,61,61,6149100,0,0,0,0,0,0,0,0,0,61,61,6149100,0,0,0,0,0,0,0,0,0
202009,41,005,4,9,Clackamas County              ,91,91,30165143,0,0,0,0,0,0,0,0,0,91,91,30165143,0,0,0,0,0,0,0,0,0
202009,41,017,4,9,Deschutes County              ,115,115,34741657,5,10,805461,0,0,0,2,38,4224579,115,115,34741657,5,10,805461,0,0,0,2,38,4224579
202009,41,019,4,9,Douglas County                ,18,18,5017313,1,2,295356,0,0,0,0,0,0,18,18,5017313,1,2,295356,0,0,0,0,0,0
202009,41,023,4,9,Grant County                  ,0,0,0,0,0,0,0,0,0,0,0,0,0,0,0,0,0,0,0,0,0,0,0,0
202009,41,025,4,9,Harney County                 ,2,2,435992,0,0,0,0,0,0,0,0,0,2,2,435992,0,0,0,0,0,0,0,0,0
202009,41,035,4,9,Klamath County                ,16,16,3905478,0,0,0,0,0,0,0,0,0,16,16,3905478,0,0,0,0,0,0,0,0,0
202009,41,037,4,9,Lake County                   ,1,1,342367,0,0,0,0,0,0,0,0,0,0,0,0,0,0,0,0,0,0,0,0,0
202009,41,051,4,9,Multnomah County              ,74,74,22032906,0,0,0,0,0,0,1,31,1660000,74,74,22032906,0,0,0,0,0,0,1,31,1660000
202009,41,065,4,9,Wasco County                  ,2,2,447910,1,2,349329,0,0,0,0,0,0,2,2,447910,1,2,349329,0,0,0,0,0,0
202009,41,067,4,9,Washington County             ,143,143,40964950,0,0,0,0,0,0,0,0,0,143,143,40964950,0,0,0,0,0,0,0,0,0
202009,41,071,4,9,Yamhill County                ,25,25,7107472,0,0,0,0,0,0,0,0,0,25,25,7107472,0,0,0,0,0,0,0,0,0
202009,42,001,1,2,Adams County                  ,17,17,3945325,0,0,0,0,0,0,0,0,0,17,17,3945325,0,0,0,0,0,0,0,0,0
202009,42,017,1,2,Bucks County                  ,45,45,10519516,0,0,0,0,0,0,1,5,300000,21,21,5547652,0,0,0,0,0,0,0,0,0
202009,42,029,1,2,Chester County                ,213,213,37917111,2,4,870014,0,0,0,2,46,3464286,193,193,33045233,2,4,870014,0,0,0,1,30,2550000
202009,42,037,1,2,Columbia County               ,9,9,2613066,0,0,0,0,0,0,0,0,0,5,5,1540225,0,0,0,0,0,0,0,0,0
202009,42,041,1,2,Cumberland County             ,64,64,14272402,1,2,292002,1,3,300000,12,115,10240295,41,41,9567157,1,2,292002,1,3,300000,11,110,9746000
202009,42,043,1,2,Dauphin County                ,45,45,10406326,0,0,0,1,4,693050,0,0,0,38,38,8807532,0,0,0,1,4,693050,0,0,0
202009,42,045,1,2,Delaware County               ,19,19,4357385,0,0,0,0,0,0,1,5,375000,1,1,265327,0,0,0,0,0,0,0,0,0
202009,42,055,1,2,Franklin County               ,31,31,8918187,0,0,0,0,0,0,0,0,0,30,30,8656654,0,0,0,0,0,0,0,0,0
202009,42,091,1,2,Montgomery County             ,102,102,20929714,0,0,0,1,3,390000,4,58,8991892,80,80,16434869,0,0,0,0,0,0,3,53,8215225
202009,42,093,1,2,Montour County                ,2,2,474000,0,0,0,0,0,0,0,0,0,2,2,474000,0,0,0,0,0,0,0,0,0
202009,42,099,1,2,Perry County                  ,10,10,2653007,0,0,0,0,0,0,0,0,0,0,0,0,0,0,0,0,0,0,0,0,0
202009,42,101,1,2,Philadelphia County           ,0,0,0,0,0,0,0,0,0,0,0,0,0,0,0,0,0,0,0,0,0,0,0,0
202009,42,103,1,2,Pike County                   ,16,16,3503482,0,0,0,0,0,0,0,0,0,13,13,2679600,0,0,0,0,0,0,0,0,0
202009,44,001,1,1,Bristol County                ,4,4,1154145,0,0,0,0,0,0,0,0,0,2,2,228000,0,0,0,0,0,0,0,0,0
202009,44,003,1,1,Kent County                   ,13,13,2072188,1,2,208150,1,4,756000,1,5,337963,8,8,1223000,1,2,208150,1,4,756000,0,0,0
202009,44,005,1,1,Newport County                ,14,14,7421171,0,0,0,0,0,0,0,0,0,10,10,5980254,0,0,0,0,0,0,0,0,0
202009,44,007,1,1,Providence County             ,21,21,3723291,4,8,636096,0,0,0,2,10,936269,6,6,1219350,2,4,430000,0,0,0,1,5,650000
202009,44,009,1,1,Washington County             ,33,33,9247903,11,22,1920760,0,0,0,0,0,0,25,25,6813798,11,22,1920760,0,0,0,0,0,0
202009,45,003,3,5,Aiken County                  ,94,94,20875424,3,6,622992,0,0,0,0,0,0,17,17,4497308,0,0,0,0,0,0,0,0,0
202009,45,009,3,5,Bamberg County                ,0,0,0,0,0,0,0,0,0,0,0,0,0,0,0,0,0,0,0,0,0,0,0,0
202009,45,015,3,5,Berkeley County               ,168,168,45234877,0,0,0,0,0,0,2,49,2165461,13,13,4978528,0,0,0,0,0,0,0,0,0
202009,45,017,3,5,Calhoun County                ,0,0,0,0,0,0,0,0,0,0,0,0,0,0,0,0,0,0,0,0,0,0,0,0
202009,45,019,3,5,Charleston County             ,221,221,64056431,0,0,0,1,3,238125,3,92,6237408,71,71,40552660,0,0,0,0,0,0,0,0,0
202009,45,035,3,5,Dorchester County             ,90,90,22879976,0,0,0,0,0,0,0,0,0,90,90,22879976,0,0,0,0,0,0,0,0,0
202009,45,037,3,5,Edgefield County              ,12,12,3053464,0,0,0,0,0,0,0,0,0,12,12,3053464,0,0,0,0,0,0,0,0,0
202009,45,039,3,5,Fairfield County              ,8,8,1437623,0,0,0,0,0,0,0,0,0,8,8,1437623,0,0,0,0,0,0,0,0,0
202009,45,045,3,5,Greenville County             ,370,370,96908532,1,2,130000,0,0,0,0,0,0,370,370,96908532,1,2,130000,0,0,0,0,0,0
202009,45,051,3,5,Horry County                  ,472,472,76064303,0,0,0,0,0,0,0,0,0,468,468,75620338,0,0,0,0,0,0,0,0,0
202009,45,055,3,5,Kershaw County                ,49,49,8612638,0,0,0,0,0,0,0,0,0,49,49,8612638,0,0,0,0,0,0,0,0,0
202009,45,059,3,5,Laurens County                ,17,17,2208034,0,0,0,0,0,0,0,0,0,15,15,2073772,0,0,0,0,0,0,0,0,0
202009,45,063,3,5,Lexington County              ,261,261,72479477,0,0,0,0,0,0,1,5,451254,257,257,71691890,0,0,0,0,0,0,0,0,0
202009,45,077,3,5,Pickens County                ,75,75,25760852,0,0,0,0,0,0,1,9,1011396,67,67,24116222,0,0,0,0,0,0,0,0,0
202009,45,079,3,5,Richland County               ,244,244,44951828,0,0,0,0,0,0,0,0,0,222,222,39790073,0,0,0,0,0,0,0,0,0
202009,45,081,3,5,Saluda County                 ,4,4,903260,0,0,0,0,0,0,0,0,0,0,0,0,0,0,0,0,0,0,0,0,0
202009,45,085,3,5,Sumter County                 ,23,23,4706460,4,8,590877,0,0,0,0,0,0,23,23,4706460,4,8,590877,0,0,0,0,0,0
202009,45,091,3,5,York County                   ,250,250,87315649,0,0,0,0,0,0,2,27,4034700,21,21,6679795,0,0,0,0,0,0,0,0,0
202009,46,007,2,4,Bennett County                ,1,1,25000,0,0,0,0,0,0,0,0,0,1,1,25000,0,0,0,0,0,0,0,0,0
202009,46,055,2,4,Haakon County                 ,0,0,0,0,0,0,0,0,0,0,0,0,0,0,0,0,0,0,0,0,0,0,0,0
202009,46,071,2,4,Jackson County                ,0,0,0,0,0,0,0,0,0,0,0,0,0,0,0,0,0,0,0,0,0,0,0,0
202009,46,111,2,4,Sanborn County                ,0,0,0,0,0,0,0,0,0,0,0,0,0,0,0,0,0,0,0,0,0,0,0,0
202009,47,001,3,6,Anderson County               ,21,21,4028638,0,0,0,0,0,0,0,0,0,13,13,2602731,0,0,0,0,0,0,0,0,0
202009,47,015,3,6,Cannon County                 ,0,0,0,0,0,0,0,0,0,0,0,0,0,0,0,0,0,0,0,0,0,0,0,0
202009,47,021,3,6,Cheatham County               ,23,23,6613282,0,0,0,0,0,0,0,0,0,23,23,6613282,0,0,0,0,0,0,0,0,0
202009,47,037,3,6,Davidson County               ,327,327,82223602,0,0,0,0,0,0,10,830,95646625,327,327,82223602,0,0,0,0,0,0,10,830,95646625
202009,47,043,3,6,Dickson County                ,39,39,7818472,0,0,0,0,0,0,0,0,0,8,8,2220897,0,0,0,0,0,0,0,0,0
202009,47,049,3,6,Fentress County               ,0,0,0,0,0,0,0,0,0,0,0,0,0,0,0,0,0,0,0,0,0,0,0,0
202009,47,081,3,6,Hickman County                ,10,10,1623366,0,0,0,0,0,0,0,0,0,0,0,0,0,0,0,0,0,0,0,0,0
202009,47,093,3,6,Knox County                   ,180,180,39443115,3,6,1050000,0,0,0,0,0,0,180,180,39443115,3,6,1050000,0,0,0,0,0,0
202009,47,105,3,6,Loudon County                 ,38,38,10820929,0,0,0,0,0,0,0,0,0,32,32,9829702,0,0,0,0,0,0,0,0,0
202009,47,117,3,6,Marshall County               ,18,18,3423004,0,0,0,0,0,0,0,0,0,0,0,0,0,0,0,0,0,0,0,0,0
202009,47,125,3,6,Montgomery County             ,215,215,35775327,2,4,360000,0,0,0,1,5,574559,125,125,18448098,2,4,360000,0,0,0,0,0,0
202009,47,139,3,6,Polk County                   ,21,21,3782605,0,0,0,0,0,0,0,0,0,0,0,0,0,0,0,0,0,0,0,0,0
202009,47,149,3,6,Rutherford County             ,243,243,76929084,1,2,371308,1,4,353912,0,0,0,235,235,75511659,1,2,371308,1,4,353912,0,0,0
202009,47,153,3,6,Sequatchie County             ,2,2,180000,0,0,0,0,0,0,0,0,0,2,2,180000,0,0,0,0,0,0,0,0,0
202009,47,157,3,6,Shelby County                 ,88,88,20889094,0,0,0,0,0,0,0,0,0,88,88,20889094,0,0,0,0,0,0,0,0,0
202009,47,159,3,6,Smith County                  ,8,8,1307373,0,0,0,0,0,0,1,8,300000,7,7,1117400,0,0,0,0,0,0,1,8,300000
202009,47,161,3,6,Stewart County                ,0,0,0,0,0,0,0,0,0,0,0,0,0,0,0,0,0,0,0,0,0,0,0,0
202009,47,165,3,6,Sumner County                 ,137,137,42949213,3,6,638050,0,0,0,0,0,0,137,137,42949213,3,6,638050,0,0,0,0,0,0
202009,47,167,3,6,Tipton County                 ,19,19,4114396,0,0,0,0,0,0,0,0,0,11,11,3053212,0,0,0,0,0,0,0,0,0
202009,47,169,3,6,Trousdale County              ,11,11,1498000,0,0,0,0,0,0,0,0,0,11,11,1498000,0,0,0,0,0,0,0,0,0
202009,47,173,3,6,Union County                  ,12,12,2846778,0,0,0,0,0,0,0,0,0,10,10,2769000,0,0,0,0,0,0,0,0,0
202009,47,175,3,6,Van Buren County              ,0,0,0,0,0,0,0,0,0,0,0,0,0,0,0,0,0,0,0,0,0,0,0,0
202009,47,189,3,6,Wilson County                 ,183,183,47871771,1,2,258750,1,3,600000,2,11,753100,37,37,12392886,0,0,0,0,0,0,0,0,0
202009,48,013,3,7,Atascosa County               ,7,7,1327764,0,0,0,0,0,0,0,0,0,2,2,466258,0,0,0,0,0,0,0,0,0
202009,48,015,3,7,Austin County                 ,3,3,520596,0,0,0,0,0,0,0,0,0,0,0,0,0,0,0,0,0,0,0,0,0
202009,48,019,3,7,Bandera County                ,0,0,0,0,0,0,0,0,0,0,0,0,0,0,0,0,0,0,0,0,0,0,0,0
202009,48,021,3,7,Bastrop County                ,36,36,5548226,0,0,0,0,0,0,0,0,0,28,28,3803492,0,0,0,0,0,0,0,0,0
202009,48,025,3,7,Bee County                    ,2,2,236511,1,2,150000,0,0,0,0,0,0,0,0,0,0,0,0,0,0,0,0,0,0
202009,48,027,3,7,Bell County                   ,249,249,54253661,13,26,2552912,0,0,0,0,0,0,211,211,44836583,9,18,1689399,0,0,0,0,0,0
202009,48,029,3,7,Bexar County                  ,416,416,94172002,3,6,726030,1,3,0,2,22,3100000,413,413,92945122,3,6,726030,0,0,0,2,22,3100000
202009,48,051,3,7,Burleson County               ,6,6,719677,0,0,0,0,0,0,0,0,0,6,6,719677,0,0,0,0,0,0,0,0,0
202009,48,055,3,7,Caldwell County               ,32,32,6687560,0,0,0,0,0,0,0,0,0,3,3,627227,0,0,0,0,0,0,0,0,0
202009,48,085,3,7,Collin County                 ,1134,1134,321032262,0,0,0,0,0,0,0,0,0,1042,1042,295034538,0,0,0,0,0,0,0,0,0
202009,48,091,3,7,Comal County                  ,323,323,75300667,0,0,0,1,4,200000,0,0,0,323,323,75300667,0,0,0,1,4,200000,0,0,0
202009,48,099,3,7,Coryell County                ,69,69,8885729,1,2,143016,0,0,0,0,0,0,69,69,8885729,1,2,143016,0,0,0,0,0,0
202009,48,107,3,7,Crosby County                 ,0,0,0,0,0,0,0,0,0,0,0,0,0,0,0,0,0,0,0,0,0,0,0,0
202009,48,113,3,7,Dallas County                 ,513,513,127874357,8,16,3485080,3,12,1569546,5,316,33094902,506,506,122366579,8,16,3485080,3,12,1569546,5,316,33094902
202009,48,119,3,7,Delta County                  ,2,2,418152,0,0,0,0,0,0,0,0,0,2,2,418152,0,0,0,0,0,0,0,0,0
202009,48,135,3,7,Ector County                  ,43,43,10024547,0,0,0,0,0,0,8,288,34518931,43,43,10024547,0,0,0,0,0,0,8,288,34518931
202009,48,139,3,7,Ellis County                  ,259,259,60608709,0,0,0,1,3,392386,0,0,0,255,255,59659932,0,0,0,1,3,392386,0,0,0
202009,48,141,3,7,El Paso County                ,265,265,61311037,4,8,1013978,4,16,2148357,1,27,3091201,1,1,65000,0,0,0,0,0,0,0,0,0
202009,48,157,3,7,Fort Bend County              ,924,924,65626048,0,0,0,0,0,0,6,171,19193895,209,209,48723961,0,0,0,0,0,0,0,0,0
202009,48,167,3,7,Galveston County              ,256,256,66015079,0,0,0,0,0,0,15,348,24360000,166,166,41269777,0,0,0,0,0,0,15,348,24360000
202009,48,185,3,7,Grimes County                 ,5,5,436258,0,0,0,0,0,0,0,0,0,5,5,436258,0,0,0,0,0,0,0,0,0
202009,48,187,3,7,Guadalupe County              ,116,116,26511706,3,6,741048,0,0,0,8,198,23731765,114,114,25946186,3,6,741048,0,0,0,8,198,23731765
202009,48,193,3,7,Hamilton County               ,0,0,0,0,0,0,0,0,0,0,0,0,0,0,0,0,0,0,0,0,0,0,0,0
202009,48,195,3,7,Hansford County               ,0,0,0,0,0,0,0,0,0,0,0,0,0,0,0,0,0,0,0,0,0,0,0,0
202009,48,201,3,7,Harris County                 ,1938,1938,386788024,20,40,3662332,1,3,475000,25,1525,123691370,1900,1900,377419115,20,40,3662332,1,3,475000,25,1525,123691370
202009,48,211,3,7,Hemphill County               ,0,0,0,0,0,0,0,0,0,0,0,0,0,0,0,0,0,0,0,0,0,0,0,0
202009,48,215,3,7,Hidalgo County                ,347,347,63234612,17,34,8609110,8,32,1440000,1,31,2364647,274,274,55841023,4,8,547200,8,32,1440000,0,0,0
202009,48,233,3,7,Hutchinson County             ,0,0,0,0,0,0,0,0,0,0,0,0,0,0,0,0,0,0,0,0,0,0,0,0
202009,48,251,3,7,Johnson County                ,165,165,36894521,7,14,1729112,0,0,0,0,0,0,165,165,36894521,7,14,1729112,0,0,0,0,0,0
202009,48,257,3,7,Kaufman County                ,116,116,25675500,0,0,0,0,0,0,0,0,0,116,116,25675500,0,0,0,0,0,0,0,0,0
202009,48,259,3,7,Kendall County                ,39,39,9158002,0,0,0,0,0,0,0,0,0,0,0,0,0,0,0,0,0,0,0,0,0
202009,48,271,3,7,Kinney County                 ,0,0,0,0,0,0,0,0,0,0,0,0,0,0,0,0,0,0,0,0,0,0,0,0
202009,48,281,3,7,Lampasas County               ,7,7,1025000,0,0,0,0,0,0,0,0,0,6,6,940000,0,0,0,0,0,0,0,0,0
202009,48,291,3,7,Liberty County                ,125,125,17291551,0,0,0,0,0,0,0,0,0,118,118,15629354,0,0,0,0,0,0,0,0,0
202009,48,303,3,7,Lubbock County                ,172,172,39047580,9,18,1743800,0,0,0,1,206,36000000,171,171,38874580,9,18,1743800,0,0,0,1,206,36000000
202009,48,323,3,7,Maverick County               ,9,9,2103511,0,0,0,0,0,0,0,0,0,0,0,0,0,0,0,0,0,0,0,0,0
202009,48,325,3,7,Medina County                 ,1,1,50000,0,0,0,0,0,0,0,0,0,1,1,50000,0,0,0,0,0,0,0,0,0
202009,48,329,3,7,Midland County                ,62,62,12349760,0,0,0,0,0,0,0,0,0,62,62,12349760,0,0,0,0,0,0,0,0,0
202009,48,339,3,7,Montgomery County             ,966,966,201946984,0,0,0,2,8,3116000,17,476,49073889,950,950,198209874,0,0,0,2,8,3116000,16,471,48512664
202009,48,367,3,7,Parker County                 ,35,35,7739602,0,0,0,0,0,0,1,5,435279,15,15,3719831,0,0,0,0,0,0,0,0,0
202009,48,375,3,7,Potter County                 ,45,45,10490805,0,0,0,0,0,0,0,0,0,45,45,10490805,0,0,0,0,0,0,0,0,0
202009,48,383,3,7,Reagan County                 ,0,0,0,0,0,0,0,0,0,0,0,0,0,0,0,0,0,0,0,0,0,0,0,0
202009,48,385,3,7,Real County                   ,0,0,0,0,0,0,0,0,0,0,0,0,0,0,0,0,0,0,0,0,0,0,0,0
202009,48,395,3,7,Robertson County              ,7,7,1429079,0,0,0,0,0,0,0,0,0,0,0,0,0,0,0,0,0,0,0,0,0
202009,48,397,3,7,Rockwall County               ,262,262,83761515,0,0,0,0,0,0,0,0,0,249,249,79613143,0,0,0,0,0,0,0,0,0
202009,48,407,3,7,San Jacinto County            ,42,42,9228567,0,0,0,0,0,0,0,0,0,0,0,0,0,0,0,0,0,0,0,0,0
202009,48,411,3,7,San Saba County               ,0,0,0,0,0,0,0,0,0,0,0,0,0,0,0,0,0,0,0,0,0,0,0,0
202009,48,451,3,7,Tom Green County              ,45,45,9408411,0,0,0,0,0,0,0,0,0,45,45,9408411,0,0,0,0,0,0,0,0,0
202009,48,453,3,7,Travis County                 ,869,869,191819683,9,18,1837115,1,3,333667,32,2093,198736331,830,830,183423609,8,16,1663977,0,0,0,32,2093,198736331
202009,48,473,3,7,Waller County                 ,1,1,96032,0,0,0,0,0,0,1,6,133084,0,0,0,0,0,0,0,0,0,0,0,0
202009,48,491,3,7,Williamson County             ,533,533,125620656,3,6,563133,1,3,218418,1,350,39568368,492,492,114987643,3,6,563133,0,0,0,1,350,39568368
202009,48,493,3,7,Wilson County                 ,3,3,983929,0,0,0,0,0,0,0,0,0,0,0,0,0,0,0,0,0,0,0,0,0
202009,48,497,3,7,Wise County                   ,16,16,2842993,0,0,0,0,0,0,0,0,0,15,15,2645032,0,0,0,0,0,0,0,0,0
202009,49,011,4,8,Davis County                  ,187,187,52688202,0,0,0,0,0,0,1,5,585972,156,156,43976472,0,0,0,0,0,0,0,0,0
202009,49,023,4,8,Juab County                   ,7,7,2449442,1,2,355932,0,0,0,0,0,0,5,5,1697327,1,2,355932,0,0,0,0,0,0
202009,49,029,4,8,Morgan County                 ,8,8,4089374,0,0,0,0,0,0,0,0,0,5,5,3273359,0,0,0,0,0,0,0,0,0
202009,49,035,4,8,Salt Lake County              ,455,455,116537940,10,20,5534517,8,25,6002261,6,63,8409457,331,331,85156888,8,16,5005233,6,19,4944014,4,40,5016000
202009,49,039,4,8,Sanpete County                ,7,7,1760440,0,0,0,0,0,0,0,0,0,7,7,1760440,0,0,0,0,0,0,0,0,0
202009,49,043,4,8,Summit County                 ,28,28,12617709,0,0,0,0,0,0,1,7,1195998,15,15,6483504,0,0,0,0,0,0,0,0,0
202009,49,057,4,8,Weber County                  ,190,190,41605477,0,0,0,3,12,2206896,4,77,6501665,175,175,38251396,0,0,0,3,12,2206896,3,72,6080000
202009,51,003,3,5,Albemarle County              ,70,70,21001991,0,0,0,0,0,0,1,19,1836300,0,0,0,0,0,0,0,0,0,0,0,0
202009,51,007,3,5,Amelia County                 ,3,3,443070,0,0,0,0,0,0,0,0,0,3,3,443070,0,0,0,0,0,0,0,0,0
202009,51,009,3,5,Amherst County                ,6,6,1196000,0,0,0,0,0,0,0,0,0,6,6,1196000,0,0,0,0,0,0,0,0,0
202009,51,013,3,5,Arlington County              ,28,28,7953584,0,0,0,0,0,0,1,97,17000000,28,28,7953584,0,0,0,0,0,0,1,97,17000000
202009,51,015,3,5,Augusta County                ,33,33,5334810,0,0,0,0,0,0,0,0,0,33,33,5334810,0,0,0,0,0,0,0,0,0
202009,51,019,3,5,Bedford County                ,4,4,927930,0,0,0,1,3,603462,0,0,0,0,0,0,0,0,0,0,0,0,0,0,0
202009,51,033,3,5,Caroline County               ,28,28,5086370,0,0,0,0,0,0,0,0,0,28,28,5086370,0,0,0,0,0,0,0,0,0
202009,51,036,3,5,Charles City County           ,2,2,365987,0,0,0,0,0,0,0,0,0,0,0,0,0,0,0,0,0,0,0,0,0
202009,51,037,3,5,Charlotte County              ,1,1,108000,0,0,0,0,0,0,0,0,0,1,1,108000,0,0,0,0,0,0,0,0,0
202009,51,041,3,5,Chesterfield County           ,178,178,37215492,2,4,1149686,6,23,2823000,5,28,2556434,178,178,37215492,2,4,1149686,6,23,2823000,5,28,2556434
202009,51,043,3,5,Clarke County                 ,12,12,2690656,0,0,0,0,0,0,0,0,0,12,12,2690656,0,0,0,0,0,0,0,0,0
202009,51,049,3,5,Cumberland County             ,1,1,95650,0,0,0,0,0,0,0,0,0,1,1,95650,0,0,0,0,0,0,0,0,0
202009,51,051,3,5,Dickenson County              ,1,1,150000,0,0,0,0,0,0,0,0,0,1,1,150000,0,0,0,0,0,0,0,0,0
202009,51,053,3,5,Dinwiddie County              ,4,4,738300,0,0,0,0,0,0,0,0,0,4,4,738300,0,0,0,0,0,0,0,0,0
202009,51,059,3,5,Fairfax County                ,124,124,28924867,0,0,0,0,0,0,2,36,4320000,124,124,28924867,0,0,0,0,0,0,2,36,4320000
202009,51,061,3,5,Fauquier County               ,10,10,3760251,0,0,0,0,0,0,0,0,0,10,10,3760251,0,0,0,0,0,0,0,0,0
202009,51,069,3,5,Frederick County              ,71,71,19108318,0,0,0,0,0,0,0,0,0,71,71,19108318,0,0,0,0,0,0,0,0,0
202009,51,073,3,5,Gloucester County             ,6,6,1372710,0,0,0,0,0,0,0,0,0,6,6,1372710,0,0,0,0,0,0,0,0,0
202009,51,075,3,5,Goochland County              ,20,20,5121758,0,0,0,0,0,0,0,0,0,20,20,5121758,0,0,0,0,0,0,0,0,0
202009,51,085,3,5,Hanover County                ,49,49,10244714,0,0,0,0,0,0,0,0,0,49,49,10244714,0,0,0,0,0,0,0,0,0
202009,51,087,3,5,Henrico County                ,76,76,10781845,0,0,0,0,0,0,1,262,36535356,76,76,10781845,0,0,0,0,0,0,1,262,36535356
202009,51,093,3,5,Isle of Wight County          ,25,25,606397,0,0,0,0,0,0,2,28,2093730,25,25,606397,0,0,0,0,0,0,2,28,2093730
202009,51,095,3,5,James City County             ,35,35,8477268,0,0,0,0,0,0,0,0,0,35,35,8477268,0,0,0,0,0,0,0,0,0
202009,51,097,3,5,King and Queen County         ,3,3,493240,0,0,0,0,0,0,0,0,0,0,0,0,0,0,0,0,0,0,0,0,0
202009,51,099,3,5,King George County            ,13,13,2717985,0,0,0,0,0,0,0,0,0,13,13,2717985,0,0,0,0,0,0,0,0,0
202009,51,107,3,5,Loudoun County                ,192,192,42984329,0,0,0,0,0,0,2,28,2385000,192,192,42984329,0,0,0,0,0,0,2,28,2385000
202009,51,109,3,5,Louisa County                 ,35,35,6709513,0,0,0,0,0,0,0,0,0,35,35,6709513,0,0,0,0,0,0,0,0,0
202009,51,115,3,5,Mathews County                ,4,4,989000,0,0,0,0,0,0,0,0,0,4,4,989000,0,0,0,0,0,0,0,0,0
202009,51,127,3,5,New Kent County               ,20,20,7658000,0,0,0,0,0,0,0,0,0,20,20,7658000,0,0,0,0,0,0,0,0,0
202009,51,139,3,5,Page County                   ,5,5,966000,0,0,0,0,0,0,0,0,0,5,5,966000,0,0,0,0,0,0,0,0,0
202009,51,145,3,5,Powhatan County               ,21,21,4655193,0,0,0,0,0,0,0,0,0,21,21,4655193,0,0,0,0,0,0,0,0,0
202009,51,149,3,5,Prince George County          ,5,5,745000,0,0,0,0,0,0,0,0,0,5,5,745000,0,0,0,0,0,0,0,0,0
202009,51,153,3,5,Prince William County         ,119,119,20332280,0,0,0,0,0,0,0,0,0,119,119,20332280,0,0,0,0,0,0,0,0,0
202009,51,165,3,5,Rockingham County             ,29,29,9836755,0,0,0,0,0,0,0,0,0,29,29,9836755,0,0,0,0,0,0,0,0,0
202009,51,175,3,5,Southampton County            ,6,6,950232,0,0,0,0,0,0,0,0,0,0,0,0,0,0,0,0,0,0,0,0,0
202009,51,177,3,5,Spotsylvania County           ,73,73,19090652,0,0,0,0,0,0,1,47,5527660,0,0,0,0,0,0,0,0,0,0,0,0
202009,51,179,3,5,Stafford County               ,85,85,22646872,0,0,0,0,0,0,0,0,0,85,85,22646872,0,0,0,0,0,0,0,0,0
202009,51,181,3,5,Surry County                  ,0,0,0,0,0,0,0,0,0,0,0,0,0,0,0,0,0,0,0,0,0,0,0,0
202009,51,183,3,5,Sussex County                 ,3,3,310000,0,0,0,0,0,0,0,0,0,3,3,310000,0,0,0,0,0,0,0,0,0
202009,51,187,3,5,Warren County                 ,20,20,4117500,0,0,0,0,0,0,0,0,0,20,20,4117500,0,0,0,0,0,0,0,0,0
202009,51,199,3,5,York County                   ,23,23,5361967,0,0,0,0,0,0,0,0,0,23,23,5361967,0,0,0,0,0,0,0,0,0
202009,51,510,3,5,Alexandria (Independent City) ,2,2,267000,0,0,0,0,0,0,0,0,0,2,2,267000,0,0,0,0,0,0,0,0,0
202009,51,540,3,5,Charlottesville (Independent C,7,7,2423997,1,2,380000,0,0,0,0,0,0,0,0,0,0,0,0,0,0,0,0,0,0
202009,51,550,3,5,Chesapeake(Independent City)  ,45,45,10490805,0,0,0,0,0,0,0,0,0,45,45,10490805,0,0,0,0,0,0,0,0,0
202009,51,570,3,5,Colonial Heights (Independent ,1,1,230000,0,0,0,0,0,0,0,0,0,1,1,230000,0,0,0,0,0,0,0,0,0
202009,51,580,3,5,Covington (Independent City)  ,0,0,0,0,0,0,0,0,0,0,0,0,0,0,0,0,0,0,0,0,0,0,0,0
202009,51,600,3,5,Fairfax (Independent City)    ,3,3,940000,0,0,0,0,0,0,0,0,0,3,3,940000,0,0,0,0,0,0,0,0,0
202009,51,610,3,5,Falls Church (Independent City,3,3,1496750,0,0,0,0,0,0,1,25,9472050,0,0,0,0,0,0,0,0,0,0,0,0
202009,51,630,3,5,Fredericksburg(Independent Cit,10,10,1843880,0,0,0,0,0,0,0,0,0,10,10,1843880,0,0,0,0,0,0,0,0,0
202009,51,650,3,5,Hampton (Independent City)    ,19,19,1185332,0,0,0,0,0,0,0,0,0,0,0,0,0,0,0,0,0,0,0,0,0
202009,51,660,3,5,Harrisonburg (Independent City,1,1,300000,0,0,0,0,0,0,0,0,0,1,1,300000,0,0,0,0,0,0,0,0,0
202009,51,670,3,5,Hopewell (Independent City)   ,4,4,371573,0,0,0,0,0,0,1,5,430895,0,0,0,0,0,0,0,0,0,0,0,0
202009,51,680,3,5,Lynchburg (Independent City)  ,7,7,844298,0,0,0,0,0,0,1,12,950000,7,7,844298,0,0,0,0,0,0,1,12,950000
202009,51,683,3,5,Manassas (Independent City)   ,12,12,2845068,0,0,0,0,0,0,0,0,0,0,0,0,0,0,0,0,0,0,0,0,0
202009,51,685,3,5,Manassas Park (Independent Cit,0,0,0,0,0,0,0,0,0,0,0,0,0,0,0,0,0,0,0,0,0,0,0,0
202009,51,700,3,5,Newport News (Independent City,42,42,1469810,0,0,0,0,0,0,0,0,0,42,42,1469810,0,0,0,0,0,0,0,0,0
202009,51,710,3,5,Norfolk (Independent City)    ,40,40,9325160,0,0,0,0,0,0,0,0,0,40,40,9325160,0,0,0,0,0,0,0,0,0
202009,51,730,3,5,Petersburg (Independent City) ,1,1,135022,0,0,0,0,0,0,0,0,0,0,0,0,0,0,0,0,0,0,0,0,0
202009,51,735,3,5,Poquoson (Independent City)   ,4,4,425000,0,0,0,0,0,0,0,0,0,4,4,425000,0,0,0,0,0,0,0,0,0
202009,51,740,3,5,Portsmouth (Independent City) ,15,15,1579100,0,0,0,0,0,0,0,0,0,15,15,1579100,0,0,0,0,0,0,0,0,0
202009,51,760,3,5,Richmond (Independent City)   ,25,25,5226895,0,0,0,0,0,0,0,0,0,25,25,5226895,0,0,0,0,0,0,0,0,0
202009,51,800,3,5,Suffolk (Independent City)    ,65,65,15153385,0,0,0,0,0,0,5,93,14265519,65,65,15153385,0,0,0,0,0,0,5,93,14265519
202009,51,810,3,5,Virginia Beach (Independent Ci,39,39,7907942,0,0,0,0,0,0,0,0,0,39,39,7907942,0,0,0,0,0,0,0,0,0
202009,51,830,3,5,Williamsburg (Independent City,6,6,1356000,0,0,0,0,0,0,0,0,0,6,6,1356000,0,0,0,0,0,0,0,0,0
202009,53,005,4,9,Benton County                 ,89,89,25889159,0,0,0,0,0,0,0,0,0,67,67,20726243,0,0,0,0,0,0,0,0,0
202009,53,011,4,9,Clark County                  ,366,366,100759161,0,0,0,0,0,0,10,111,11381955,202,202,49283897,0,0,0,0,0,0,9,106,10876651
202009,53,021,4,9,Franklin County               ,63,63,17702473,1,2,173640,0,0,0,0,0,0,11,11,4116668,0,0,0,0,0,0,0,0,0
202009,53,031,4,9,Jefferson County              ,16,16,3601252,0,0,0,0,0,0,0,0,0,3,3,366300,0,0,0,0,0,0,0,0,0
202009,53,033,4,9,King County                   ,320,320,128116116,21,42,11804518,16,57,7957339,23,1291,133864154,204,204,80114484,18,36,10541437,15,53,6620868,21,1195,123597450
202009,53,035,4,9,Kitsap County                 ,96,96,30566132,1,2,331376,0,0,0,4,96,9458979,76,76,25687116,1,2,331376,0,0,0,3,85,8531043
202009,53,053,4,9,Pierce County                 ,233,233,73660587,1,2,355932,1,4,772051,13,321,31364514,232,232,73199087,1,2,355932,1,4,772051,13,321,31364514
202009,53,055,4,9,San Juan County               ,11,11,2814790,0,0,0,0,0,0,0,0,0,2,2,696681,0,0,0,0,0,0,0,0,0
202009,53,059,4,9,Skamania County               ,3,3,717619,0,0,0,0,0,0,0,0,0,3,3,717619,0,0,0,0,0,0,0,0,0
202009,53,061,4,9,Snohomish County              ,244,244,71044979,10,20,4439666,0,0,0,9,95,12323654,218,218,62297470,10,20,4439666,0,0,0,5,31,5428090
202009,54,011,3,5,Cabell County                 ,7,7,1369701,0,0,0,0,0,0,0,0,0,0,0,0,0,0,0,0,0,0,0,0,0
202009,54,015,3,5,Clay County                   ,8,8,200000,0,0,0,0,0,0,0,0,0,8,8,200000,0,0,0,0,0,0,0,0,0
202009,54,019,3,5,Fayette County                ,2,2,76870,0,0,0,0,0,0,0,0,0,1,1,20000,0,0,0,0,0,0,0,0,0
202009,54,037,3,5,Jefferson County              ,15,15,4552502,0,0,0,0,0,0,0,0,0,14,14,4227502,0,0,0,0,0,0,0,0,0
202009,54,081,3,5,Raleigh County                ,6,6,1247296,0,0,0,0,0,0,0,0,0,6,6,1247296,0,0,0,0,0,0,0,0,0
202009,55,025,2,3,Dane County                   ,121,121,46433726,8,16,3631376,0,0,0,6,330,51028888,89,89,37286457,5,10,2275000,0,0,0,5,322,48960498
202009,55,031,2,3,Douglas County                ,14,14,2380464,0,0,0,0,0,0,0,0,0,14,14,2380464,0,0,0,0,0,0,0,0,0
202009,55,037,2,3,Florence County               ,4,4,2959958,0,0,0,0,0,0,0,0,0,4,4,2959958,0,0,0,0,0,0,0,0,0
202009,55,049,2,3,Iowa County                   ,5,5,1585000,1,2,300000,0,0,0,0,0,0,5,5,1585000,1,2,300000,0,0,0,0,0,0
202009,55,059,2,3,Kenosha County                ,18,18,6666592,0,0,0,0,0,0,1,5,408333,14,14,5499538,0,0,0,0,0,0,0,0,0
202009,55,079,2,3,Milwaukee County              ,18,18,8516350,4,8,1151415,0,0,0,1,5,569888,17,17,8245072,4,8,1151415,0,0,0,0,0,0
202009,55,089,2,3,Ozaukee County                ,23,23,9313699,2,4,772500,0,0,0,1,7,41927,11,11,4463656,1,2,460000,0,0,0,0,0,0
202009,55,093,2,3,Pierce County                 ,20,20,4328470,0,0,0,0,0,0,2,24,2038128,20,20,4328470,0,0,0,0,0,0,2,24,2038128
202009,55,109,2,3,St. Croix County              ,61,61,16157255,2,4,1087950,0,0,0,2,12,2133000,50,50,13598674,2,4,1087950,0,0,0,2,12,2133000
202009,55,131,2,3,Washington County             ,34,34,11403365,11,22,3643222,0,0,0,0,0,0,12,12,3074837,9,18,3165000,0,0,0,0,0,0
202009,56,025,4,8,Natrona County                ,16,16,3749801,2,4,252625,0,0,0,0,0,0,16,16,3749801,2,4,252625,0,0,0,0,0,0
202009,56,029,4,8,Park County                   ,18,18,4957114,0,0,0,0,0,0,0,0,0,14,14,4155673,0,0,0,0,0,0,0,0,0
202009,56,039,4,8,Teton County                  ,19,19,41846070,1,2,623319,1,3,116499,0,0,0,16,16,40278000,0,0,0,0,0,0,0,0,0
