Survey,FIPS,FIPS,Region,Division,County,,1-unit,,,2-units,,,3-4 units,,,5+ units,,,1-unit rep,,,2-units rep,,,3-4 units rep,,, 5+units rep
Date,State,County,Code,Code,Name,Bldgs,Units,Value,Bldgs,Units,Value,Bldgs,Units,Value,Bldgs,Units,Value,Bldgs,Units,Value,Bldgs,Units,Value,Bldgs,Units,Value,Bldgs,Units,Value
 
202104,01,001,3,6,Autauga County                ,27,27,8057557,0,0,0,0,0,0,0,0,0,27,27,8057557,0,0,0,0,0,0,0,0,0
202104,01,007,3,6,Bibb County                   ,5,5,1375000,0,0,0,0,0,0,0,0,0,5,5,1375000,0,0,0,0,0,0,0,0,0
202104,01,009,3,6,Blount County                 ,3,3,388000,0,0,0,0,0,0,0,0,0,3,3,388000,0,0,0,0,0,0,0,0,0
202104,01,021,3,6,Chilton County                ,8,8,1190852,0,0,0,0,0,0,0,0,0,7,7,1005371,0,0,0,0,0,0,0,0,0
202104,01,073,3,6,Jefferson County              ,147,147,55220905,1,2,247329,0,0,0,1,11,1109237,106,106,45794011,0,0,0,0,0,0,0,0,0
202104,01,075,3,6,Lamar County                  ,0,0,0,0,0,0,0,0,0,0,0,0,0,0,0,0,0,0,0,0,0,0,0,0
202104,01,081,3,6,Lee County                    ,177,177,48948933,4,8,1400960,0,0,0,0,0,0,135,135,38839073,4,8,1400960,0,0,0,0,0,0
202104,01,083,3,6,Limestone County              ,28,28,10283084,0,0,0,0,0,0,0,0,0,27,27,10189632,0,0,0,0,0,0,0,0,0
202104,01,089,3,6,Madison County                ,356,356,64386215,0,0,0,0,0,0,0,0,0,175,175,18961997,0,0,0,0,0,0,0,0,0
202104,01,113,3,6,Russell County                ,15,15,2982605,0,0,0,0,0,0,0,0,0,15,15,2982605,0,0,0,0,0,0,0,0,0
202104,01,115,3,6,St. Clair County              ,39,39,6307209,0,0,0,0,0,0,0,0,0,10,10,1270415,0,0,0,0,0,0,0,0,0
202104,01,117,3,6,Shelby County                 ,128,128,39332116,0,0,0,0,0,0,0,0,0,102,102,30984226,0,0,0,0,0,0,0,0,0
202104,01,127,3,6,Walker County                 ,4,4,1095000,0,0,0,0,0,0,0,0,0,4,4,1095000,0,0,0,0,0,0,0,0,0
202104,02,013,4,9,Aleutians East Borough        ,0,0,0,0,0,0,0,0,0,0,0,0,0,0,0,0,0,0,0,0,0,0,0,0
202104,02,016,4,9,Aleutians West Census Area    ,1,1,307521,0,0,0,0,0,0,0,0,0,1,1,307521,0,0,0,0,0,0,0,0,0
202104,02,020,4,9,Anchorage Municipality        ,75,75,23997593,0,0,0,1,4,688376,2,20,3004508,0,0,0,0,0,0,0,0,0,0,0,0
202104,02,050,4,9,Bethel Census Area            ,0,0,0,0,0,0,0,0,0,0,0,0,0,0,0,0,0,0,0,0,0,0,0,0
202104,02,060,4,9,Bristol Bay Borough           ,0,0,0,0,0,0,0,0,0,0,0,0,0,0,0,0,0,0,0,0,0,0,0,0
202104,02,070,4,9,Dillingham Census Area        ,0,0,0,0,0,0,0,0,0,0,0,0,0,0,0,0,0,0,0,0,0,0,0,0
202104,02,090,4,9,Fairbanks North Star Borough  ,1,1,321364,0,0,0,0,0,0,0,0,0,1,1,321364,0,0,0,0,0,0,0,0,0
202104,02,100,4,9,Haines Borough                ,1,1,121750,0,0,0,0,0,0,0,0,0,0,0,0,0,0,0,0,0,0,0,0,0
202104,02,105,4,9,Hoonah-Angoon Census Area     ,0,0,0,0,0,0,0,0,0,0,0,0,0,0,0,0,0,0,0,0,0,0,0,0
202104,02,110,4,9,Juneau City and Borough       ,8,8,1693370,0,0,0,0,0,0,0,0,0,8,8,1693370,0,0,0,0,0,0,0,0,0
202104,02,122,4,9,Kenai Peninsula Borough       ,25,25,6166267,0,0,0,0,0,0,0,0,0,22,22,5456000,0,0,0,0,0,0,0,0,0
202104,02,130,4,9,Ketchikan Gateway Borough     ,0,0,0,0,0,0,0,0,0,0,0,0,0,0,0,0,0,0,0,0,0,0,0,0
202104,02,150,4,9,Kodiak Island Borough         ,2,2,573966,0,0,0,0,0,0,0,0,0,2,2,573966,0,0,0,0,0,0,0,0,0
202104,02,170,4,9,Matanuska-Susitna Borough     ,3,3,811817,1,2,328989,0,0,0,0,0,0,2,2,514983,1,2,328989,0,0,0,0,0,0
202104,02,180,4,9,Nome Census Area              ,1,1,179947,0,0,0,0,0,0,0,0,0,0,0,0,0,0,0,0,0,0,0,0,0
202104,02,185,4,9,North Slope Borough           ,1,1,296834,0,0,0,0,0,0,1,5,613005,0,0,0,0,0,0,0,0,0,0,0,0
202104,02,188,4,9,Northwest Arctic Borough      ,2,2,536301,0,0,0,0,0,0,0,0,0,0,0,0,0,0,0,0,0,0,0,0,0
202104,02,195,4,9,Petersburg Borough            ,1,1,262942,0,0,0,0,0,0,1,5,2000000,0,0,0,0,0,0,0,0,0,0,0,0
202104,02,198,4,9,Prince of Wales-Hyder Census A,0,0,0,0,0,0,0,0,0,0,0,0,0,0,0,0,0,0,0,0,0,0,0,0
202104,02,220,4,9,Sitka City and Borough        ,1,1,220047,1,2,306156,0,0,0,0,0,0,0,0,0,0,0,0,0,0,0,0,0,0
202104,02,230,4,9,Skagway Municipality          ,0,0,0,0,0,0,0,0,0,0,0,0,0,0,0,0,0,0,0,0,0,0,0,0
202104,02,261,4,9,Valdez-Cordova Census Area    ,4,4,1130000,0,0,0,0,0,0,0,0,0,4,4,1130000,0,0,0,0,0,0,0,0,0
202104,02,275,4,9,Wrangell City and Borough     ,1,1,550000,0,0,0,0,0,0,0,0,0,1,1,550000,0,0,0,0,0,0,0,0,0
202104,02,282,4,9,Yakutat City and Borough      ,1,1,221485,0,0,0,0,0,0,0,0,0,0,0,0,0,0,0,0,0,0,0,0,0
202104,02,290,4,9,Yukon-Koyukuk Census Area     ,0,0,0,0,0,0,0,0,0,0,0,0,0,0,0,0,0,0,0,0,0,0,0,0
202104,04,013,4,8,Maricopa County               ,2700,2700,784176864,28,56,9310439,7,23,2787212,20,1169,127885897,2666,2666,774132173,27,54,9050759,7,23,2787212,19,1038,104972621
202104,04,019,4,8,Pima County                   ,468,468,145207668,2,4,475839,0,0,0,5,73,10952248,361,361,117973453,0,0,0,0,0,0,0,0,0
202104,04,021,4,8,Pinal County                  ,829,829,143159642,0,0,0,0,0,0,0,0,0,817,817,140489939,0,0,0,0,0,0,0,0,0
202104,05,013,3,7,Calhoun County                ,0,0,0,0,0,0,0,0,0,0,0,0,0,0,0,0,0,0,0,0,0,0,0,0
202104,05,035,3,7,Crittenden County             ,6,6,1468563,0,0,0,0,0,0,0,0,0,5,5,1235434,0,0,0,0,0,0,0,0,0
202104,05,043,3,7,Drew County                   ,0,0,0,0,0,0,0,0,0,0,0,0,0,0,0,0,0,0,0,0,0,0,0,0
202104,05,045,3,7,Faulkner County               ,110,110,7803544,0,0,0,0,0,0,2,24,2035800,103,103,6507493,0,0,0,0,0,0,2,24,2035800
202104,05,053,3,7,Grant County                  ,3,3,455690,0,0,0,0,0,0,0,0,0,0,0,0,0,0,0,0,0,0,0,0,0
202104,05,085,3,7,Lonoke County                 ,46,46,6047345,0,0,0,0,0,0,0,0,0,27,27,4411717,0,0,0,0,0,0,0,0,0
202104,05,087,3,7,Madison County                ,11,11,1804880,0,0,0,0,0,0,0,0,0,11,11,1804880,0,0,0,0,0,0,0,0,0
202104,05,091,3,7,Miller County                 ,2,2,474952,0,0,0,0,0,0,0,0,0,0,0,0,0,0,0,0,0,0,0,0,0
202104,05,105,3,7,Perry County                  ,1,1,28853,0,0,0,0,0,0,0,0,0,0,0,0,0,0,0,0,0,0,0,0,0
202104,05,119,3,7,Pulaski County                ,133,133,34661150,0,0,0,0,0,0,0,0,0,133,133,34661150,0,0,0,0,0,0,0,0,0
202104,05,129,3,7,Searcy County                 ,0,0,0,0,0,0,0,0,0,0,0,0,0,0,0,0,0,0,0,0,0,0,0,0
202104,05,143,3,7,Washington County             ,206,206,53233281,1,2,400632,0,0,0,0,0,0,205,205,53077031,1,2,400632,0,0,0,0,0,0
202104,06,001,4,9,Alameda County                ,137,137,38054484,2,4,882136,1,3,856711,16,579,141950230,91,91,23364064,1,2,308400,0,0,0,12,531,132420281
202104,06,013,4,9,Contra Costa County           ,221,221,58732179,1,2,30000,0,0,0,10,141,19007230,208,208,54521594,1,2,30000,0,0,0,8,96,6954820
202104,06,017,4,9,El Dorado County              ,46,46,15671570,0,0,0,0,0,0,0,0,0,46,46,15671570,0,0,0,0,0,0,0,0,0
202104,06,019,4,9,Fresno County                 ,278,278,84070539,3,6,838117,1,3,224670,4,38,5203884,19,19,4474199,0,0,0,0,0,0,0,0,0
202104,06,037,4,9,Los Angeles County            ,671,671,223281337,49,98,25880071,9,28,11413920,37,935,169736110,509,509,159353116,49,98,25880071,7,22,10262018,27,844,157169270
202104,06,041,4,9,Marin County                  ,12,12,5262836,1,2,1531250,0,0,0,0,0,0,4,4,2039000,0,0,0,0,0,0,0,0,0
202104,06,059,4,9,Orange County                 ,299,299,85456108,10,20,4820139,5,18,4343843,18,158,33541397,236,236,57902780,8,16,3486782,5,18,4343843,17,150,32265698
202104,06,061,4,9,Placer County                 ,361,361,112291690,0,0,0,0,0,0,0,0,0,360,360,112099505,0,0,0,0,0,0,0,0,0
202104,06,063,4,9,Plumas County                 ,4,4,401714,0,0,0,0,0,0,0,0,0,4,4,401714,0,0,0,0,0,0,0,0,0
202104,06,067,4,9,Sacramento County             ,379,379,106776695,9,18,2161815,4,16,2922588,15,290,31398310,377,377,106366755,9,18,2161815,4,16,2922588,15,290,31398310
202104,06,069,4,9,San Benito County             ,52,52,14046221,0,0,0,0,0,0,0,0,0,52,52,14046221,0,0,0,0,0,0,0,0,0
202104,06,071,4,9,San Bernardino County         ,385,385,86994884,5,10,188927,3,12,3594672,2,15,1598898,358,358,80725524,5,10,188927,3,12,3594672,1,9,1267864
202104,06,073,4,9,San Diego County              ,268,268,83867976,0,0,0,9,29,6491055,25,440,42911780,256,256,81905856,0,0,0,9,29,6491055,24,429,41701780
202104,06,075,4,9,San Francisco County          ,6,6,1645209,3,6,14750000,0,0,0,3,223,113900000,6,6,1645209,3,6,14750000,0,0,0,3,223,113900000
202104,06,081,4,9,San Mateo County              ,70,70,36307339,0,0,0,0,0,0,3,58,15373867,57,57,29844072,0,0,0,0,0,0,0,0,0
202104,06,085,4,9,Santa Clara County            ,171,171,67039845,3,6,2400000,1,3,795129,13,466,76420288,145,145,58919505,3,6,2400000,0,0,0,10,367,58341428
202104,06,091,4,9,Sierra County                 ,0,0,0,0,0,0,0,0,0,0,0,0,0,0,0,0,0,0,0,0,0,0,0,0
202104,06,113,4,9,Yolo County                   ,49,49,15128146,1,2,487000,0,0,0,3,159,11949091,35,35,10756527,0,0,0,0,0,0,2,148,8202173
202104,08,001,4,8,Adams County                  ,230,230,71017650,0,0,0,0,0,0,7,228,26694536,230,230,71017650,0,0,0,0,0,0,7,228,26694536
202104,08,005,4,8,Arapahoe County               ,286,286,75527979,0,0,0,0,0,0,0,0,0,276,276,69414015,0,0,0,0,0,0,0,0,0
202104,08,014,4,8,Broomfield County             ,23,23,9299460,5,10,2265669,0,0,0,2,11,1682597,0,0,0,0,0,0,0,0,0,0,0,0
202104,08,015,4,8,Chaffee County                ,24,24,6146067,0,0,0,1,3,549700,0,0,0,0,0,0,0,0,0,0,0,0,0,0,0
202104,08,019,4,8,Clear Creek County            ,2,2,594764,0,0,0,0,0,0,1,8,966667,0,0,0,0,0,0,0,0,0,0,0,0
202104,08,031,4,8,Denver County                 ,164,164,44969046,0,0,0,0,0,0,37,1659,163535730,164,164,44969046,0,0,0,0,0,0,37,1659,163535730
202104,08,035,4,8,Douglas County                ,409,409,124126615,4,8,1635651,0,0,0,8,112,9418988,406,406,122930220,4,8,1635651,0,0,0,8,112,9418988
202104,08,039,4,8,Elbert County                 ,27,27,9006882,0,0,0,0,0,0,0,0,0,26,26,8943102,0,0,0,0,0,0,0,0,0
202104,08,041,4,8,El Paso County                ,407,407,161297057,1,2,2000000,0,0,0,5,32,4553293,407,407,161297057,1,2,2000000,0,0,0,5,32,4553293
202104,08,047,4,8,Gilpin County                 ,3,3,822604,0,0,0,0,0,0,0,0,0,3,3,822604,0,0,0,0,0,0,0,0,0
202104,08,059,4,8,Jefferson County              ,105,105,31675291,0,0,0,1,3,691277,6,56,10451783,89,89,27453548,0,0,0,1,3,691277,5,28,5803613
202104,08,069,4,8,Larimer County                ,192,192,69746383,0,0,0,0,0,0,10,137,13856247,192,192,69746383,0,0,0,0,0,0,10,137,13856247
202104,08,077,4,8,Mesa County                   ,84,84,13272187,1,2,219794,0,0,0,0,0,0,84,84,13272187,1,2,219794,0,0,0,0,0,0
202104,08,093,4,8,Park County                   ,20,20,4168002,0,0,0,0,0,0,0,0,0,20,20,4168002,0,0,0,0,0,0,0,0,0
202104,08,101,4,8,Pueblo County                 ,80,80,13060384,0,0,0,0,0,0,0,0,0,80,80,13060384,0,0,0,0,0,0,0,0,0
202104,08,119,4,8,Teller County                 ,16,16,5293177,0,0,0,0,0,0,0,0,0,15,15,5190552,0,0,0,0,0,0,0,0,0
202104,09,001,1,1,Fairfield County              ,72,72,45665371,2,4,407358,0,0,0,4,88,10272098,45,45,27858795,1,2,250000,0,0,0,2,73,4454726
202104,09,003,1,1,Hartford County               ,75,75,17274407,0,0,0,1,4,530530,1,6,292117,61,61,13767705,0,0,0,1,4,530530,0,0,0
202104,09,007,1,1,Middlesex County              ,16,16,5452155,0,0,0,0,0,0,0,0,0,11,11,4510280,0,0,0,0,0,0,0,0,0
202104,09,013,1,1,Tolland County                ,15,15,3774664,0,0,0,0,0,0,2,18,1373717,7,7,1915413,0,0,0,0,0,0,0,0,0
202104,10,001,3,5,Kent County                   ,176,176,25604335,4,8,802054,0,0,0,0,0,0,53,53,7388927,4,8,802054,0,0,0,0,0,0
202104,10,003,3,5,New Castle County             ,103,103,10138347,0,0,0,1,3,72000,1,150,18615937,103,103,10138347,0,0,0,1,3,72000,1,150,18615937
202104,10,005,3,5,Sussex County                 ,413,413,61649070,4,8,766000,0,0,0,0,0,0,413,413,61649070,4,8,766000,0,0,0,0,0,0
202104,11,001,3,5,Washington  DC                ,41,41,9808992,1,2,256873,0,0,0,3,116,14449610,41,41,9808992,1,2,256873,0,0,0,3,116,14449610
202104,12,003,3,5,Baker County                  ,11,11,2431865,0,0,0,0,0,0,0,0,0,11,11,2431865,0,0,0,0,0,0,0,0,0
202104,12,019,3,5,Clay County                   ,159,159,37455043,0,0,0,0,0,0,8,240,22255000,158,158,37265043,0,0,0,0,0,0,8,240,22255000
202104,12,029,3,5,Dixie County                  ,4,4,377223,0,0,0,0,0,0,0,0,0,0,0,0,0,0,0,0,0,0,0,0,0
202104,12,031,3,5,Duval County                  ,586,586,141210820,3,6,770618,0,0,0,21,676,84206347,579,579,138829105,3,6,770618,0,0,0,21,676,84206347
202104,12,033,3,5,Escambia County               ,73,73,17385547,53,106,18525233,0,0,0,0,0,0,73,73,17385547,53,106,18525233,0,0,0,0,0,0
202104,12,053,3,5,Hernando County               ,101,101,27078893,0,0,0,0,0,0,0,0,0,101,101,27078893,0,0,0,0,0,0,0,0,0
202104,12,057,3,5,Hillsborough County           ,688,688,203380073,0,0,0,0,0,0,6,36,800000,688,688,203380073,0,0,0,0,0,0,6,36,800000
202104,12,067,3,5,Lafayette County              ,4,4,288724,0,0,0,0,0,0,0,0,0,0,0,0,0,0,0,0,0,0,0,0,0
202104,12,071,3,5,Lee County                    ,888,888,169560020,10,20,2914046,3,12,2590288,10,260,28699950,888,888,169560020,10,20,2914046,3,12,2590288,10,260,28699950
202104,12,073,3,5,Leon County                   ,84,84,16594098,1,2,221600,0,0,0,3,120,15335606,0,0,0,0,0,0,0,0,0,0,0,0
202104,12,081,3,5,Manatee County                ,612,612,133914429,3,6,395800,0,0,0,6,231,22257734,612,612,133914429,3,6,395800,0,0,0,6,231,22257734
202104,12,086,3,5,Miami-Dade County             ,194,194,88621264,5,10,1353801,7,26,3186401,15,621,60467679,154,154,77228043,5,10,1353801,7,26,3186401,10,485,41769215
202104,12,089,3,5,Nassau County                 ,132,132,36585037,0,0,0,1,3,180948,1,22,248770,13,13,4934352,0,0,0,0,0,0,0,0,0
202104,12,091,3,5,Okaloosa County               ,103,103,34402669,0,0,0,0,0,0,0,0,0,87,87,30218352,0,0,0,0,0,0,0,0,0
202104,12,095,3,5,Orange County                 ,638,638,206947224,11,22,4213709,0,0,0,22,816,91994633,637,637,206809724,11,22,4213709,0,0,0,22,816,91994633
202104,12,097,3,5,Osceola County                ,644,644,118319400,0,0,0,1,4,263000,2,288,66000000,644,644,118319400,0,0,0,1,4,263000,2,288,66000000
202104,12,101,3,5,Pasco County                  ,771,771,166598365,1,2,280000,0,0,0,1,5,431250,761,761,165320071,0,0,0,0,0,0,0,0,0
202104,12,103,3,5,Pinellas County               ,77,77,26853897,0,0,0,0,0,0,3,413,64028607,69,69,23827116,0,0,0,0,0,0,2,408,61748607
202104,12,109,3,5,St. Johns County              ,555,555,135463428,0,0,0,1,4,731654,0,0,0,555,555,135463428,0,0,0,1,4,731654,0,0,0
202104,12,113,3,5,Santa Rosa County             ,283,283,67705968,0,0,0,0,0,0,0,0,0,283,283,67705968,0,0,0,0,0,0,0,0,0
202104,12,115,3,5,Sarasota County               ,531,531,166265314,1,2,438116,0,0,0,6,46,7478007,531,531,166265314,1,2,438116,0,0,0,6,46,7478007
202104,12,117,3,5,Seminole County               ,173,173,53576933,0,0,0,1,3,395000,5,64,4488915,160,160,50905645,0,0,0,1,3,395000,3,30,1294522
202104,12,119,3,5,Sumter County                 ,353,353,95175818,0,0,0,0,0,0,1,6,1334000,352,352,94986286,0,0,0,0,0,0,1,6,1334000
202104,12,129,3,5,Wakulla County                ,52,52,11310005,0,0,0,0,0,0,0,0,0,52,52,11310005,0,0,0,0,0,0,0,0,0
202104,12,131,3,5,Walton County                 ,124,124,51174174,0,0,0,0,0,0,0,0,0,124,124,51174174,0,0,0,0,0,0,0,0,0
202104,12,133,3,5,Washington County             ,6,6,1029963,0,0,0,0,0,0,0,0,0,0,0,0,0,0,0,0,0,0,0,0,0
202104,13,007,3,5,Baker County                  ,0,0,0,0,0,0,0,0,0,0,0,0,0,0,0,0,0,0,0,0,0,0,0,0
202104,13,013,3,5,Barrow County                 ,87,87,11759449,0,0,0,1,3,246730,1,7,605918,73,73,9681415,0,0,0,0,0,0,0,0,0
202104,13,015,3,5,Bartow County                 ,66,66,11462729,0,0,0,0,0,0,4,24,2114448,66,66,11462729,0,0,0,0,0,0,4,24,2114448
202104,13,021,3,5,Bibb County                   ,17,17,2982284,0,0,0,0,0,0,0,0,0,0,0,0,0,0,0,0,0,0,0,0,0
202104,13,029,3,5,Bryan County                  ,80,80,22075267,0,0,0,1,3,323235,0,0,0,80,80,22075267,0,0,0,1,3,323235,0,0,0
202104,13,033,3,5,Burke County                  ,6,6,1274522,0,0,0,0,0,0,0,0,0,0,0,0,0,0,0,0,0,0,0,0,0
202104,13,035,3,5,Butts County                  ,18,18,5416147,0,0,0,0,0,0,0,0,0,0,0,0,0,0,0,0,0,0,0,0,0
202104,13,045,3,5,Carroll County                ,106,106,26427402,0,0,0,0,0,0,0,0,0,106,106,26427402,0,0,0,0,0,0,0,0,0
202104,13,051,3,5,Chatham County                ,113,113,28913055,0,0,0,0,0,0,5,28,2016297,70,70,19529896,0,0,0,0,0,0,0,0,0
202104,13,057,3,5,Cherokee County               ,249,249,74184687,0,0,0,0,0,0,0,0,0,209,209,59369323,0,0,0,0,0,0,0,0,0
202104,13,059,3,5,Clarke County                 ,26,26,4827818,0,0,0,0,0,0,0,0,0,26,26,4827818,0,0,0,0,0,0,0,0,0
202104,13,063,3,5,Clayton County                ,47,47,9935219,0,0,0,0,0,0,11,264,43844549,47,47,9935219,0,0,0,0,0,0,11,264,43844549
202104,13,067,3,5,Cobb County                   ,184,184,52641360,3,6,1703130,1,4,547684,3,20,3063729,172,172,50361087,3,6,1703130,1,4,547684,3,20,3063729
202104,13,073,3,5,Columbia County               ,128,128,24914415,0,0,0,2,8,477768,0,0,0,15,15,2581286,0,0,0,2,8,477768,0,0,0
202104,13,077,3,5,Coweta County                 ,144,144,55491263,0,0,0,0,0,0,2,276,36829738,131,131,49692533,0,0,0,0,0,0,2,276,36829738
202104,13,085,3,5,Dawson County                 ,150,150,21116965,0,0,0,0,0,0,0,0,0,150,150,21116965,0,0,0,0,0,0,0,0,0
202104,13,095,3,5,Dougherty County              ,2,2,493937,0,0,0,0,0,0,1,17,2390877,0,0,0,0,0,0,0,0,0,0,0,0
202104,13,097,3,5,Douglas County                ,96,96,11443330,0,0,0,0,0,0,0,0,0,96,96,11443330,0,0,0,0,0,0,0,0,0
202104,13,111,3,5,Fannin County                 ,46,46,10005004,0,0,0,0,0,0,0,0,0,46,46,10005004,0,0,0,0,0,0,0,0,0
202104,13,113,3,5,Fayette County                ,60,60,18801420,0,0,0,0,0,0,0,0,0,33,33,10206441,0,0,0,0,0,0,0,0,0
202104,13,115,3,5,Floyd County                  ,33,33,6216861,0,0,0,0,0,0,0,0,0,33,33,6216861,0,0,0,0,0,0,0,0,0
202104,13,117,3,5,Forsyth County                ,213,213,36168575,0,0,0,0,0,0,0,0,0,213,213,36168575,0,0,0,0,0,0,0,0,0
202104,13,121,3,5,Fulton County                 ,337,337,80825433,0,0,0,0,0,0,11,125,17084468,323,323,79402904,0,0,0,0,0,0,11,125,17084468
202104,13,127,3,5,Glynn County                  ,38,38,12526501,1,2,300833,0,0,0,1,5,2695652,0,0,0,0,0,0,0,0,0,0,0,0
202104,13,135,3,5,Gwinnett County               ,331,331,82727366,0,0,0,1,4,844785,3,20,5234395,319,319,78842477,0,0,0,1,4,844785,2,15,3734395
202104,13,143,3,5,Haralson County               ,9,9,2098161,0,0,0,0,0,0,0,0,0,0,0,0,0,0,0,0,0,0,0,0,0
202104,13,145,3,5,Harris County                 ,25,25,5391490,0,0,0,0,0,0,0,0,0,25,25,5391490,0,0,0,0,0,0,0,0,0
202104,13,149,3,5,Heard County                  ,4,4,800000,0,0,0,0,0,0,0,0,0,4,4,800000,0,0,0,0,0,0,0,0,0
202104,13,151,3,5,Henry County                  ,253,253,73162635,0,0,0,0,0,0,0,0,0,192,192,60809185,0,0,0,0,0,0,0,0,0
202104,13,159,3,5,Jasper County                 ,12,12,2116887,0,0,0,0,0,0,0,0,0,0,0,0,0,0,0,0,0,0,0,0,0
202104,13,171,3,5,Lamar County                  ,14,14,3288000,0,0,0,0,0,0,0,0,0,14,14,3288000,0,0,0,0,0,0,0,0,0
202104,13,177,3,5,Lee County                    ,12,12,1445725,0,0,0,0,0,0,0,0,0,12,12,1445725,0,0,0,0,0,0,0,0,0
202104,13,179,3,5,Liberty County                ,56,56,13030605,0,0,0,0,0,0,0,0,0,56,56,13030605,0,0,0,0,0,0,0,0,0
202104,13,189,3,5,McDuffie County               ,8,8,2025000,0,0,0,0,0,0,0,0,0,8,8,2025000,0,0,0,0,0,0,0,0,0
202104,13,199,3,5,Meriwether County             ,11,11,2903337,0,0,0,0,0,0,0,0,0,9,9,2538337,0,0,0,0,0,0,0,0,0
202104,13,201,3,5,Miller County                 ,0,0,0,0,0,0,0,0,0,0,0,0,0,0,0,0,0,0,0,0,0,0,0,0
202104,13,207,3,5,Monroe County                 ,22,22,4992038,0,0,0,0,0,0,0,0,0,0,0,0,0,0,0,0,0,0,0,0,0
202104,13,215,3,5,Muscogee County               ,44,44,7263000,0,0,0,0,0,0,0,0,0,44,44,7263000,0,0,0,0,0,0,0,0,0
202104,13,217,3,5,Newton County                 ,52,52,10249132,0,0,0,0,0,0,2,12,1080000,50,50,9899799,0,0,0,0,0,0,2,12,1080000
202104,13,227,3,5,Pickens County                ,37,37,8862134,0,0,0,0,0,0,0,0,0,37,37,8862134,0,0,0,0,0,0,0,0,0
202104,13,231,3,5,Pike County                   ,15,15,3588656,0,0,0,0,0,0,0,0,0,15,15,3588656,0,0,0,0,0,0,0,0,0
202104,13,235,3,5,Pulaski County                ,2,2,274702,0,0,0,0,0,0,0,0,0,0,0,0,0,0,0,0,0,0,0,0,0
202104,13,245,3,5,Richmond County               ,71,71,11759343,0,0,0,0,0,0,0,0,0,2,2,198000,0,0,0,0,0,0,0,0,0
202104,13,247,3,5,Rockdale County               ,24,24,6289419,0,0,0,0,0,0,0,0,0,24,24,6289419,0,0,0,0,0,0,0,0,0
202104,13,255,3,5,Spalding County               ,57,57,11892198,0,0,0,0,0,0,0,0,0,38,38,6750081,0,0,0,0,0,0,0,0,0
202104,13,275,3,5,Thomas County                 ,19,19,3614990,0,0,0,0,0,0,0,0,0,19,19,3614990,0,0,0,0,0,0,0,0,0
202104,13,291,3,5,Union County                  ,24,24,7903799,0,0,0,0,0,0,0,0,0,24,24,7903799,0,0,0,0,0,0,0,0,0
202104,15,001,4,9,Hawaii County                 ,66,66,22316962,0,0,0,0,0,0,0,0,0,66,66,22316962,0,0,0,0,0,0,0,0,0
202104,15,003,4,9,Honolulu County               ,88,88,35320376,0,0,0,0,0,0,3,81,14688921,0,0,0,0,0,0,0,0,0,0,0,0
202104,15,007,4,9,Kauai County                  ,14,14,12148373,0,0,0,0,0,0,0,0,0,14,14,12148373,0,0,0,0,0,0,0,0,0
202104,15,009,4,9,Maui County                   ,32,32,15421838,0,0,0,3,9,38766000,0,0,0,32,32,15421838,0,0,0,3,9,38766000,0,0,0
202104,16,001,4,8,Ada County                    ,456,456,145805154,3,6,1134095,0,0,0,9,64,8936603,455,455,145717179,2,4,834095,0,0,0,9,64,8936603
202104,16,015,4,8,Boise County                  ,10,10,4252981,0,0,0,0,0,0,0,0,0,10,10,4252981,0,0,0,0,0,0,0,0,0
202104,16,027,4,8,Canyon County                 ,243,243,41190522,2,4,522757,6,22,2745590,2,22,1424506,91,91,17830810,0,0,0,1,4,450000,0,0,0
202104,16,045,4,8,Gem County                    ,27,27,4262868,0,0,0,0,0,0,0,0,0,27,27,4262868,0,0,0,0,0,0,0,0,0
202104,16,073,4,8,Owyhee County                 ,6,6,1572321,0,0,0,2,8,775104,4,24,2437831,3,3,897155,0,0,0,2,8,775104,4,24,2437831
202104,17,005,2,3,Bond County                   ,2,2,210000,0,0,0,0,0,0,1,12,1200000,2,2,210000,0,0,0,0,0,0,1,12,1200000
202104,17,013,2,3,Calhoun County                ,0,0,0,0,0,0,0,0,0,0,0,0,0,0,0,0,0,0,0,0,0,0,0,0
202104,17,031,2,3,Cook County                   ,117,117,47418786,10,20,3665929,19,62,12911358,14,477,60180950,83,83,32083744,9,18,3380000,15,49,10946100,9,450,56221250
202104,17,037,2,3,DeKalb County                 ,29,29,6609817,0,0,0,0,0,0,1,5,158898,27,27,6194400,0,0,0,0,0,0,0,0,0
202104,17,039,2,3,De Witt County                ,1,1,650000,0,0,0,0,0,0,0,0,0,1,1,650000,0,0,0,0,0,0,0,0,0
202104,17,043,2,3,DuPage County                 ,102,102,42681993,0,0,0,1,3,536000,1,36,4364069,87,87,36762229,0,0,0,1,3,536000,0,0,0
202104,17,063,2,3,Grundy County                 ,15,15,3534073,0,0,0,0,0,0,0,0,0,15,15,3534073,0,0,0,0,0,0,0,0,0
202104,17,083,2,3,Jersey County                 ,7,7,1779262,0,0,0,0,0,0,1,5,1001111,3,3,445548,0,0,0,0,0,0,0,0,0
202104,17,093,2,3,Kendall County                ,55,55,9306504,1,2,260488,0,0,0,0,0,0,42,42,6995396,0,0,0,0,0,0,0,0,0
202104,17,097,2,3,Lake County                   ,58,58,20635365,2,4,863954,0,0,0,1,5,1029110,32,32,12776857,0,0,0,0,0,0,0,0,0
202104,17,111,2,3,McHenry County                ,100,100,24963553,0,0,0,0,0,0,0,0,0,89,89,22205115,0,0,0,0,0,0,0,0,0
202104,17,119,2,3,Madison County                ,44,44,14055828,0,0,0,0,0,0,0,0,0,29,29,10113550,0,0,0,0,0,0,0,0,0
202104,17,133,2,3,Monroe County                 ,8,8,2238766,0,0,0,0,0,0,0,0,0,8,8,2238766,0,0,0,0,0,0,0,0,0
202104,17,197,2,3,Will County                   ,174,174,45818035,5,10,1693603,2,7,1368603,0,0,0,165,165,43599799,5,10,1693603,2,7,1368603,0,0,0
202104,18,003,2,3,Allen County                  ,195,195,55567511,1,2,135000,0,0,0,0,0,0,195,195,55567511,1,2,135000,0,0,0,0,0,0
202104,18,011,2,3,Boone County                  ,65,65,32509822,0,0,0,0,0,0,0,0,0,65,65,32509822,0,0,0,0,0,0,0,0,0
202104,18,013,2,3,Brown County                  ,9,9,2564654,0,0,0,0,0,0,0,0,0,9,9,2564654,0,0,0,0,0,0,0,0,0
202104,18,019,2,3,Clark County                  ,89,89,19444342,0,0,0,0,0,0,2,195,16592906,66,66,14160406,0,0,0,0,0,0,1,190,15000000
202104,18,047,2,3,Franklin County               ,12,12,4007925,0,0,0,0,0,0,0,0,0,12,12,4007925,0,0,0,0,0,0,0,0,0
202104,18,057,2,3,Hamilton County               ,324,324,108355296,7,14,3077000,0,0,0,3,18,5100000,312,312,104351848,7,14,3077000,0,0,0,3,18,5100000
202104,18,059,2,3,Hancock County                ,113,113,30258841,1,2,486296,0,0,0,0,0,0,113,113,30258841,1,2,486296,0,0,0,0,0,0
202104,18,061,2,3,Harrison County               ,11,11,3180000,0,0,0,0,0,0,0,0,0,11,11,3180000,0,0,0,0,0,0,0,0,0
202104,18,063,2,3,Hendricks County              ,162,162,46022017,1,2,179091,0,0,0,0,0,0,100,100,29197164,0,0,0,0,0,0,0,0,0
202104,18,069,2,3,Huntington County             ,2,2,1342000,0,0,0,0,0,0,0,0,0,2,2,1342000,0,0,0,0,0,0,0,0,0
202104,18,073,2,3,Jasper County                 ,12,12,3149731,0,0,0,0,0,0,0,0,0,12,12,3149731,0,0,0,0,0,0,0,0,0
202104,18,081,2,3,Johnson County                ,95,95,31860916,0,0,0,0,0,0,0,0,0,95,95,31860916,0,0,0,0,0,0,0,0,0
202104,18,087,2,3,Lagrange County               ,15,15,2585000,0,0,0,0,0,0,0,0,0,15,15,2585000,0,0,0,0,0,0,0,0,0
202104,18,089,2,3,Lake County                   ,190,190,53321003,0,0,0,0,0,0,0,0,0,170,170,47346051,0,0,0,0,0,0,0,0,0
202104,18,097,2,3,Marion County                 ,136,136,39375779,0,0,0,0,0,0,0,0,0,136,136,39375779,0,0,0,0,0,0,0,0,0
202104,18,105,2,3,Monroe County                 ,21,21,5984193,0,0,0,3,10,1444063,0,0,0,21,21,5984193,0,0,0,3,10,1444063,0,0,0
202104,18,109,2,3,Morgan County                 ,38,38,9109000,0,0,0,0,0,0,0,0,0,38,38,9109000,0,0,0,0,0,0,0,0,0
202104,18,111,2,3,Newton County                 ,6,6,1723000,0,0,0,0,0,0,0,0,0,6,6,1723000,0,0,0,0,0,0,0,0,0
202104,18,115,2,3,Ohio County                   ,1,1,300000,0,0,0,0,0,0,0,0,0,1,1,300000,0,0,0,0,0,0,0,0,0
202104,18,119,2,3,Owen County                   ,4,4,1093559,0,0,0,0,0,0,0,0,0,0,0,0,0,0,0,0,0,0,0,0,0
202104,18,127,2,3,Porter County                 ,59,59,20191780,1,2,468466,0,0,0,0,0,0,44,44,17974679,1,2,468466,0,0,0,0,0,0
202104,18,133,2,3,Putnam County                 ,19,19,5374539,1,2,115000,0,0,0,0,0,0,19,19,5374539,1,2,115000,0,0,0,0,0,0
202104,18,145,2,3,Shelby County                 ,14,14,4267700,0,0,0,0,0,0,0,0,0,14,14,4267700,0,0,0,0,0,0,0,0,0
202104,18,151,2,3,Steuben County                ,18,18,5867464,0,0,0,0,0,0,0,0,0,18,18,5867464,0,0,0,0,0,0,0,0,0
202104,18,157,2,3,Tippecanoe County             ,52,52,14768324,0,0,0,0,0,0,2,52,5902218,6,6,2394900,0,0,0,0,0,0,0,0,0
202104,18,163,2,3,Vanderburgh County            ,68,68,15258002,3,6,1100147,0,0,0,1,14,1042396,33,33,7922170,1,2,250000,0,0,0,0,0,0
202104,18,167,2,3,Vigo County                   ,3,3,632279,1,2,197109,0,0,0,0,0,0,0,0,0,0,0,0,0,0,0,0,0,0
202104,18,175,2,3,Washington County             ,7,7,1107047,0,0,0,0,0,0,0,0,0,0,0,0,0,0,0,0,0,0,0,0,0
202104,18,183,2,3,Whitley County                ,10,10,2652155,0,0,0,0,0,0,0,0,0,10,10,2652155,0,0,0,0,0,0,0,0,0
202104,19,049,2,4,Dallas County                 ,86,86,27434699,0,0,0,0,0,0,1,5,460526,83,83,26442448,0,0,0,0,0,0,0,0,0
202104,19,085,2,4,Harrison County               ,1,1,284962,0,0,0,0,0,0,0,0,0,1,1,284962,0,0,0,0,0,0,0,0,0
202104,19,129,2,4,Mills County                  ,0,0,0,0,0,0,0,0,0,0,0,0,0,0,0,0,0,0,0,0,0,0,0,0
202104,19,153,2,4,Polk County                   ,373,373,110139022,1,2,164960,0,0,0,4,121,17051441,364,364,106682625,1,2,164960,0,0,0,3,114,16324219
202104,19,181,2,4,Warren County                 ,60,60,14884005,0,0,0,0,0,0,0,0,0,60,60,14884005,0,0,0,0,0,0,0,0,0
202104,20,061,2,4,Geary County                  ,2,2,517692,0,0,0,0,0,0,0,0,0,0,0,0,0,0,0,0,0,0,0,0,0
202104,20,091,2,4,Johnson County                ,307,307,115064447,2,4,1012000,2,6,1143022,4,100,16650940,296,296,108311279,2,4,1012000,2,6,1143022,4,100,16650940
202104,20,103,2,4,Leavenworth County            ,45,45,11002973,0,0,0,0,0,0,0,0,0,45,45,11002973,0,0,0,0,0,0,0,0,0
202104,20,107,2,4,Linn County                   ,14,14,1440000,0,0,0,0,0,0,0,0,0,14,14,1440000,0,0,0,0,0,0,0,0,0
202104,20,121,2,4,Miami County                  ,7,7,2436353,0,0,0,0,0,0,0,0,0,0,0,0,0,0,0,0,0,0,0,0,0
202104,20,209,2,4,Wyandotte County              ,10,10,2336204,0,0,0,0,0,0,0,0,0,9,9,2065472,0,0,0,0,0,0,0,0,0
202104,21,005,3,6,Anderson County               ,11,11,2325300,1,2,196648,0,0,0,0,0,0,11,11,2325300,1,2,196648,0,0,0,0,0,0
202104,21,015,3,6,Boone County                  ,87,87,15165745,0,0,0,0,0,0,0,0,0,87,87,15165745,0,0,0,0,0,0,0,0,0
202104,21,017,3,6,Bourbon County                ,6,6,2034258,0,0,0,0,0,0,0,0,0,6,6,2034258,0,0,0,0,0,0,0,0,0
202104,21,021,3,6,Boyle County                  ,3,3,576011,1,2,182926,0,0,0,0,0,0,0,0,0,0,0,0,0,0,0,0,0,0
202104,21,029,3,6,Bullitt County                ,63,63,19576008,0,0,0,0,0,0,0,0,0,63,63,19576008,0,0,0,0,0,0,0,0,0
202104,21,035,3,6,Calloway County               ,5,5,1108000,0,0,0,0,0,0,4,24,520000,5,5,1108000,0,0,0,0,0,0,4,24,520000
202104,21,037,3,6,Campbell County               ,24,24,8219092,0,0,0,0,0,0,0,0,0,0,0,0,0,0,0,0,0,0,0,0,0
202104,21,045,3,6,Casey County                  ,0,0,0,0,0,0,0,0,0,0,0,0,0,0,0,0,0,0,0,0,0,0,0,0
202104,21,047,3,6,Christian County              ,7,7,709600,0,0,0,0,0,0,0,0,0,4,4,496000,0,0,0,0,0,0,0,0,0
202104,21,049,3,6,Clark County                  ,7,7,1608406,0,0,0,1,3,439594,1,5,359028,0,0,0,0,0,0,0,0,0,0,0,0
202104,21,059,3,6,Daviess County                ,31,31,3154112,0,0,0,0,0,0,0,0,0,31,31,3154112,0,0,0,0,0,0,0,0,0
202104,21,067,3,6,Fayette County                ,76,76,16622314,1,2,219143,0,0,0,1,81,7809336,0,0,0,0,0,0,0,0,0,0,0,0
202104,21,069,3,6,Fleming County                ,0,0,0,0,0,0,0,0,0,0,0,0,0,0,0,0,0,0,0,0,0,0,0,0
202104,21,077,3,6,Gallatin County               ,6,6,1398774,0,0,0,0,0,0,0,0,0,0,0,0,0,0,0,0,0,0,0,0,0
202104,21,081,3,6,Grant County                  ,5,5,2986497,0,0,0,0,0,0,0,0,0,0,0,0,0,0,0,0,0,0,0,0,0
202104,21,091,3,6,Hancock County                ,1,1,201055,0,0,0,0,0,0,0,0,0,0,0,0,0,0,0,0,0,0,0,0,0
202104,21,099,3,6,Hart County                   ,1,1,87321,0,0,0,0,0,0,1,5,567738,0,0,0,0,0,0,0,0,0,0,0,0
202104,21,101,3,6,Henderson County              ,6,6,1512000,0,0,0,0,0,0,0,0,0,6,6,1512000,0,0,0,0,0,0,0,0,0
202104,21,103,3,6,Henry County                  ,6,6,1118521,0,0,0,1,3,600000,0,0,0,0,0,0,0,0,0,0,0,0,0,0,0
202104,21,111,3,6,Jefferson County              ,132,132,27490296,1,2,325277,0,0,0,0,0,0,4,4,1442500,0,0,0,0,0,0,0,0,0
202104,21,113,3,6,Jessamine County              ,23,23,8517458,0,0,0,2,7,1195125,0,0,0,10,10,6536000,0,0,0,1,4,750000,0,0,0
202104,21,115,3,6,Johnson County                ,0,0,0,0,0,0,0,0,0,0,0,0,0,0,0,0,0,0,0,0,0,0,0,0
202104,21,117,3,6,Kenton County                 ,42,42,11135002,0,0,0,0,0,0,0,0,0,42,42,11135002,0,0,0,0,0,0,0,0,0
202104,21,121,3,6,Knox County                   ,0,0,0,0,0,0,0,0,0,0,0,0,0,0,0,0,0,0,0,0,0,0,0,0
202104,21,123,3,6,Larue County                  ,8,8,1913950,0,0,0,0,0,0,0,0,0,8,8,1913950,0,0,0,0,0,0,0,0,0
202104,21,137,3,6,Lincoln County                ,6,6,562822,0,0,0,0,0,0,0,0,0,0,0,0,0,0,0,0,0,0,0,0,0
202104,21,145,3,6,McCracken County              ,12,12,2994713,0,0,0,0,0,0,0,0,0,2,2,573000,0,0,0,0,0,0,0,0,0
202104,21,151,3,6,Madison County                ,27,27,4690000,0,0,0,0,0,0,1,8,491429,1,1,140000,0,0,0,0,0,0,0,0,0
202104,21,157,3,6,Marshall County               ,8,8,2182000,0,0,0,0,0,0,0,0,0,8,8,2182000,0,0,0,0,0,0,0,0,0
202104,21,161,3,6,Mason County                  ,11,11,1545000,0,0,0,0,0,0,0,0,0,11,11,1545000,0,0,0,0,0,0,0,0,0
202104,21,163,3,6,Meade County                  ,14,14,2752666,0,0,0,0,0,0,0,0,0,3,3,540000,0,0,0,0,0,0,0,0,0
202104,21,167,3,6,Mercer County                 ,6,6,1041326,0,0,0,0,0,0,0,0,0,0,0,0,0,0,0,0,0,0,0,0,0
202104,21,175,3,6,Morgan County                 ,0,0,0,0,0,0,0,0,0,0,0,0,0,0,0,0,0,0,0,0,0,0,0,0
202104,21,179,3,6,Nelson County                 ,40,40,10392000,1,2,600000,0,0,0,0,0,0,40,40,10392000,1,2,600000,0,0,0,0,0,0
202104,21,185,3,6,Oldham County                 ,52,52,17260074,0,0,0,0,0,0,0,0,0,52,52,17260074,0,0,0,0,0,0,0,0,0
202104,21,191,3,6,Pendleton County              ,0,0,0,0,0,0,0,0,0,0,0,0,0,0,0,0,0,0,0,0,0,0,0,0
202104,21,209,3,6,Scott County                  ,50,50,10751100,0,0,0,0,0,0,1,5,550000,50,50,10751100,0,0,0,0,0,0,1,5,550000
202104,21,211,3,6,Shelby County                 ,29,29,9919000,0,0,0,0,0,0,0,0,0,29,29,9919000,0,0,0,0,0,0,0,0,0
202104,21,213,3,6,Simpson County                ,4,4,1255850,0,0,0,0,0,0,0,0,0,4,4,1255850,0,0,0,0,0,0,0,0,0
202104,21,215,3,6,Spencer County                ,31,31,7416555,0,0,0,0,0,0,0,0,0,31,31,7416555,0,0,0,0,0,0,0,0,0
202104,21,217,3,6,Taylor County                 ,1,1,315209,0,0,0,0,0,0,0,0,0,0,0,0,0,0,0,0,0,0,0,0,0
202104,21,221,3,6,Trigg County                  ,0,0,0,0,0,0,0,0,0,0,0,0,0,0,0,0,0,0,0,0,0,0,0,0
202104,21,239,3,6,Woodford County               ,18,18,2453120,0,0,0,0,0,0,0,0,0,18,18,2453120,0,0,0,0,0,0,0,0,0
202104,22,005,3,7,Ascension Parish              ,97,97,16457009,0,0,0,0,0,0,0,0,0,0,0,0,0,0,0,0,0,0,0,0,0
202104,22,015,3,7,Bossier Parish                ,66,66,11419705,0,0,0,0,0,0,0,0,0,35,35,4927881,0,0,0,0,0,0,0,0,0
202104,22,017,3,7,Caddo Parish                  ,26,26,6522894,0,0,0,0,0,0,0,0,0,0,0,0,0,0,0,0,0,0,0,0,0
202104,22,031,3,7,De Soto Parish                ,13,13,3048871,0,0,0,0,0,0,0,0,0,0,0,0,0,0,0,0,0,0,0,0,0
202104,22,033,3,7,East Baton Rouge Parish       ,173,173,47194158,0,0,0,0,0,0,0,0,0,172,172,47043474,0,0,0,0,0,0,0,0,0
202104,22,037,3,7,East Feliciana Parish         ,7,7,1522501,0,0,0,0,0,0,0,0,0,7,7,1522501,0,0,0,0,0,0,0,0,0
202104,22,047,3,7,Iberville Parish              ,12,12,2716883,0,0,0,0,0,0,0,0,0,1,1,23800,0,0,0,0,0,0,0,0,0
202104,22,051,3,7,Jefferson Parish              ,77,77,19337204,0,0,0,0,0,0,15,360,35800000,73,73,18498929,0,0,0,0,0,0,15,360,35800000
202104,22,055,3,7,Lafayette Parish              ,242,242,54701474,0,0,0,0,0,0,1,5,528846,118,118,26081935,0,0,0,0,0,0,0,0,0
202104,22,063,3,7,Livingston Parish             ,122,122,26813011,0,0,0,0,0,0,0,0,0,122,122,26813011,0,0,0,0,0,0,0,0,0
202104,22,071,3,7,Orleans Parish                ,67,67,15277066,11,22,2519757,1,3,589559,1,52,9288502,0,0,0,0,0,0,0,0,0,0,0,0
202104,22,075,3,7,Plaquemines Parish            ,12,12,3884902,0,0,0,0,0,0,0,0,0,0,0,0,0,0,0,0,0,0,0,0,0
202104,22,077,3,7,Pointe Coupee Parish          ,17,17,4146600,0,0,0,0,0,0,0,0,0,17,17,4146600,0,0,0,0,0,0,0,0,0
202104,22,087,3,7,St. Bernard Parish            ,39,39,8405564,3,6,498000,0,0,0,0,0,0,39,39,8405564,3,6,498000,0,0,0,0,0,0
202104,22,089,3,7,St. Charles Parish            ,29,29,7332900,0,0,0,0,0,0,0,0,0,29,29,7332900,0,0,0,0,0,0,0,0,0
202104,22,091,3,7,St. Helena Parish             ,4,4,713801,0,0,0,0,0,0,0,0,0,0,0,0,0,0,0,0,0,0,0,0,0
202104,22,095,3,7,St. John the Baptist Parish   ,10,10,2133458,0,0,0,0,0,0,0,0,0,0,0,0,0,0,0,0,0,0,0,0,0
202104,22,099,3,7,St. Martin Parish             ,15,15,3506370,0,0,0,0,0,0,0,0,0,15,15,3506370,0,0,0,0,0,0,0,0,0
202104,22,103,3,7,St. Tammany Parish            ,212,212,52860855,0,0,0,0,0,0,0,0,0,206,206,50464277,0,0,0,0,0,0,0,0,0
202104,22,109,3,7,Terrebonne Parish             ,16,16,4305875,1,2,155556,0,0,0,0,0,0,0,0,0,0,0,0,0,0,0,0,0,0
202104,22,121,3,7,West Baton Rouge Parish       ,21,21,3708525,0,0,0,0,0,0,0,0,0,4,4,840000,0,0,0,0,0,0,0,0,0
202104,22,125,3,7,West Feliciana Parish         ,4,4,1441104,0,0,0,0,0,0,0,0,0,4,4,1441104,0,0,0,0,0,0,0,0,0
202104,23,000,1,1,Maine Unorganized Territory   ,12,12,1593603,0,0,0,0,0,0,0,0,0,0,0,0,0,0,0,0,0,0,0,0,0
202104,24,003,3,5,Anne Arundel County           ,203,203,41095640,0,0,0,0,0,0,0,0,0,198,198,38999357,0,0,0,0,0,0,0,0,0
202104,24,005,3,5,Baltimore County              ,78,78,18762450,0,0,0,0,0,0,0,0,0,78,78,18762450,0,0,0,0,0,0,0,0,0
202104,24,009,3,5,Calvert County                ,19,19,4545630,0,0,0,1,3,750000,0,0,0,19,19,4545630,0,0,0,1,3,750000,0,0,0
202104,24,013,3,5,Carroll County                ,19,19,5418425,0,0,0,0,0,0,0,0,0,19,19,5418425,0,0,0,0,0,0,0,0,0
202104,24,015,3,5,Cecil County                  ,35,35,6024992,0,0,0,0,0,0,0,0,0,34,34,5768540,0,0,0,0,0,0,0,0,0
202104,24,017,3,5,Charles County                ,95,95,36941500,0,0,0,0,0,0,0,0,0,95,95,36941500,0,0,0,0,0,0,0,0,0
202104,24,021,3,5,Frederick County              ,100,100,23924370,1,2,256873,7,28,3775663,15,99,12331994,100,100,23924370,1,2,256873,7,28,3775663,15,99,12331994
202104,24,023,3,5,Garrett County                ,21,21,7739086,0,0,0,0,0,0,0,0,0,21,21,7739086,0,0,0,0,0,0,0,0,0
202104,24,025,3,5,Harford County                ,56,56,16469028,0,0,0,0,0,0,0,0,0,56,56,16469028,0,0,0,0,0,0,0,0,0
202104,24,027,3,5,Howard County                 ,48,48,11425945,0,0,0,0,0,0,0,0,0,48,48,11425945,0,0,0,0,0,0,0,0,0
202104,24,031,3,5,Montgomery County             ,107,107,24251468,1,2,170000,0,0,0,1,5,640625,103,103,23854964,0,0,0,0,0,0,0,0,0
202104,24,033,3,5,Prince George County          ,157,157,37688262,0,0,0,0,0,0,0,0,0,154,154,36843530,0,0,0,0,0,0,0,0,0
202104,24,035,3,5,Queen Anne County             ,35,35,8185042,0,0,0,0,0,0,0,0,0,35,35,8185042,0,0,0,0,0,0,0,0,0
202104,24,037,3,5,St. Marys County              ,12,12,4954000,0,0,0,0,0,0,0,0,0,12,12,4954000,0,0,0,0,0,0,0,0,0
202104,24,039,3,5,Somerset County               ,2,2,417750,0,0,0,0,0,0,0,0,0,0,0,0,0,0,0,0,0,0,0,0,0
202104,24,045,3,5,Wicomico County               ,15,15,2701783,0,0,0,0,0,0,0,0,0,6,6,1004996,0,0,0,0,0,0,0,0,0
202104,24,510,3,5,Baltimore (Independent City)  ,20,20,2315000,0,0,0,0,0,0,0,0,0,20,20,2315000,0,0,0,0,0,0,0,0,0
202104,25,005,1,1,Bristol County                ,67,67,15483267,3,6,792625,0,0,0,0,0,0,23,23,7062988,2,4,621000,0,0,0,0,0,0
202104,25,009,1,1,Essex County                  ,56,56,19739120,2,4,691872,1,3,632000,5,61,10335614,29,29,11422758,0,0,0,1,3,632000,1,8,1730000
202104,25,017,1,1,Middlesex County              ,135,135,41789783,4,8,1582271,1,4,970164,33,240,25147121,65,65,17427735,1,2,510000,1,4,970164,1,5,1212705
202104,25,021,1,1,Norfolk County                ,82,82,34220767,4,8,3074256,1,3,551220,14,520,20112070,54,54,26314757,3,6,2615000,0,0,0,7,475,15016120
202104,25,023,1,1,Plymouth County               ,123,123,32379125,3,6,1230000,1,4,576000,1,5,695122,38,38,13131637,2,4,630000,1,4,576000,0,0,0
202104,25,025,1,1,Suffolk County                ,2,2,539852,4,8,1119264,4,12,2112000,11,609,128039837,1,1,364000,3,6,899000,4,12,2112000,8,593,124935736
202104,26,000,2,3,Michigan Balance of State     ,9,9,1689772,0,0,0,0,0,0,0,0,0,0,0,0,0,0,0,0,0,0,0,0,0
202104,26,019,2,3,Benzie County                 ,13,13,3182209,0,0,0,0,0,0,0,0,0,13,13,3182209,0,0,0,0,0,0,0,0,0
202104,26,029,2,3,Charlevoix County             ,11,11,2850149,1,2,194031,0,0,0,0,0,0,0,0,0,0,0,0,0,0,0,0,0,0
202104,26,089,2,3,Leelanau County               ,16,16,3969280,0,0,0,0,0,0,0,0,0,16,16,3969280,0,0,0,0,0,0,0,0,0
202104,26,093,2,3,Livingston County             ,76,76,21575215,0,0,0,0,0,0,0,0,0,76,76,21575215,0,0,0,0,0,0,0,0,0
202104,26,095,2,3,Luce County                   ,0,0,0,0,0,0,0,0,0,0,0,0,0,0,0,0,0,0,0,0,0,0,0,0
202104,26,099,2,3,Macomb County                 ,116,116,38566021,3,6,1456871,0,0,0,0,0,0,100,100,33351720,3,6,1456871,0,0,0,0,0,0
202104,26,103,2,3,Marquette County              ,8,8,2810000,4,8,1000000,0,0,0,0,0,0,8,8,2810000,4,8,1000000,0,0,0,0,0,0
202104,26,137,2,3,Otsego County                 ,2,2,162000,0,0,0,0,0,0,0,0,0,0,0,0,0,0,0,0,0,0,0,0,0
202104,26,147,2,3,St. Clair County              ,32,32,7687124,0,0,0,0,0,0,0,0,0,26,26,6602885,0,0,0,0,0,0,0,0,0
202104,26,163,2,3,Wayne County                  ,128,128,40516462,1,2,147400,0,0,0,3,50,7038687,102,102,37220144,0,0,0,0,0,0,1,40,4765960
202104,27,003,2,4,Anoka County                  ,147,147,41160349,0,0,0,0,0,0,1,29,6500000,132,132,36569587,0,0,0,0,0,0,1,29,6500000
202104,27,019,2,4,Carver County                 ,64,64,22593297,1,2,437486,0,0,0,0,0,0,59,59,20889207,0,0,0,0,0,0,0,0,0
202104,27,025,2,4,Chisago County                ,21,21,4598607,0,0,0,0,0,0,2,72,6200000,21,21,4598607,0,0,0,0,0,0,2,72,6200000
202104,27,027,2,4,Clay County                   ,30,30,8143700,0,0,0,0,0,0,0,0,0,29,29,7853700,0,0,0,0,0,0,0,0,0
202104,27,037,2,4,Dakota County                 ,92,92,26887153,0,0,0,1,4,781268,2,172,29464097,87,87,24831456,0,0,0,1,4,781268,1,152,26900000
202104,27,053,2,4,Hennepin County               ,193,193,74670087,2,4,598500,2,6,1292171,0,0,0,170,170,62311059,2,4,598500,1,3,650000,0,0,0
202104,27,059,2,4,Isanti County                 ,29,29,6286412,0,0,0,0,0,0,0,0,0,29,29,6286412,0,0,0,0,0,0,0,0,0
202104,27,123,2,4,Ramsey County                 ,22,22,7943158,4,8,1317960,1,4,960000,3,197,34144156,16,16,6189616,4,8,1317960,1,4,960000,3,197,34144156
202104,27,139,2,4,Scott County                  ,51,51,18508223,0,0,0,0,0,0,4,178,19976438,51,51,18508223,0,0,0,0,0,0,4,178,19976438
202104,27,141,2,4,Sherburne County              ,49,49,11606377,0,0,0,0,0,0,1,8,701887,44,44,10552067,0,0,0,0,0,0,0,0,0
202104,27,163,2,4,Washington County             ,174,174,56491745,0,0,0,0,0,0,2,17,2247556,164,164,53694120,0,0,0,0,0,0,1,6,1339469
202104,27,171,2,4,Wright County                 ,163,163,46081277,0,0,0,0,0,0,0,0,0,147,147,42222644,0,0,0,0,0,0,0,0,0
202104,28,033,3,6,DeSoto County                 ,151,151,27582145,0,0,0,0,0,0,0,0,0,141,141,27170194,0,0,0,0,0,0,0,0,0
202104,28,041,3,6,Greene County                 ,1,1,209076,0,0,0,0,0,0,0,0,0,0,0,0,0,0,0,0,0,0,0,0,0
202104,28,045,3,6,Hancock County                ,61,61,10033899,0,0,0,1,4,401445,3,26,1246627,20,20,3812019,0,0,0,0,0,0,1,16,400000
202104,28,047,3,6,Harrison County               ,109,109,22034953,0,0,0,0,0,0,0,0,0,96,96,20038795,0,0,0,0,0,0,0,0,0
202104,28,067,3,6,Jones County                  ,1,1,180000,0,0,0,0,0,0,0,0,0,1,1,180000,0,0,0,0,0,0,0,0,0
202104,28,129,3,6,Smith County                  ,0,0,0,0,0,0,0,0,0,0,0,0,0,0,0,0,0,0,0,0,0,0,0,0
202104,28,137,3,6,Tate County                   ,15,15,3827232,0,0,0,0,0,0,0,0,0,10,10,2765000,0,0,0,0,0,0,0,0,0
202104,28,143,3,6,Tunica County                 ,10,10,2253086,0,0,0,0,0,0,0,0,0,0,0,0,0,0,0,0,0,0,0,0,0
202104,28,145,3,6,Union County                  ,1,1,160000,0,0,0,0,0,0,0,0,0,1,1,160000,0,0,0,0,0,0,0,0,0
202104,28,149,3,6,Warren County                 ,1,1,200714,0,0,0,0,0,0,0,0,0,0,0,0,0,0,0,0,0,0,0,0,0
202104,29,013,2,4,Bates County                  ,0,0,0,0,0,0,0,0,0,0,0,0,0,0,0,0,0,0,0,0,0,0,0,0
202104,29,017,2,4,Bollinger County              ,0,0,0,0,0,0,0,0,0,0,0,0,0,0,0,0,0,0,0,0,0,0,0,0
202104,29,019,2,4,Boone County                  ,76,76,20714842,0,0,0,0,0,0,0,0,0,76,76,20714842,0,0,0,0,0,0,0,0,0
202104,29,049,2,4,Clinton County                ,8,8,2700000,0,0,0,0,0,0,0,0,0,7,7,2500000,0,0,0,0,0,0,0,0,0
202104,29,065,2,4,Dent County                   ,0,0,0,0,0,0,0,0,0,0,0,0,0,0,0,0,0,0,0,0,0,0,0,0
202104,29,071,2,4,Franklin County               ,42,42,9621594,0,0,0,0,0,0,0,0,0,37,37,8245775,0,0,0,0,0,0,0,0,0
202104,29,095,2,4,Jackson County                ,209,209,53052223,7,14,770560,2,8,1402740,1,92,8973784,204,204,51684379,7,14,770560,2,8,1402740,1,92,8973784
202104,29,099,2,4,Jefferson County              ,68,68,17320289,1,2,300000,0,0,0,0,0,0,43,43,12937797,0,0,0,0,0,0,0,0,0
202104,29,105,2,4,Laclede County                ,1,1,123250,0,0,0,0,0,0,0,0,0,1,1,123250,0,0,0,0,0,0,0,0,0
202104,29,107,2,4,Lafayette County              ,19,19,3924966,3,6,600000,0,0,0,0,0,0,19,19,3924966,3,6,600000,0,0,0,0,0,0
202104,29,113,2,4,Lincoln County                ,16,16,2678761,0,0,0,0,0,0,0,0,0,16,16,2678761,0,0,0,0,0,0,0,0,0
202104,29,165,2,4,Platte County                 ,28,28,8083038,0,0,0,0,0,0,0,0,0,28,28,8083038,0,0,0,0,0,0,0,0,0
202104,29,185,2,4,St. Clair County              ,0,0,0,0,0,0,0,0,0,0,0,0,0,0,0,0,0,0,0,0,0,0,0,0
202104,29,189,2,4,St. Louis County              ,127,127,50433422,0,0,0,0,0,0,2,25,1779035,65,65,21649705,0,0,0,0,0,0,0,0,0
202104,29,219,2,4,Warren County                 ,24,24,6725446,0,0,0,0,0,0,0,0,0,24,24,6725446,0,0,0,0,0,0,0,0,0
202104,29,221,2,4,Washington County             ,0,0,0,0,0,0,0,0,0,0,0,0,0,0,0,0,0,0,0,0,0,0,0,0
202104,29,510,2,4,St. Louis (Independent City)  ,22,22,3845440,1,2,400000,1,4,750000,0,0,0,22,22,3845440,1,2,400000,1,4,750000,0,0,0
202104,30,013,4,8,Cascade County                ,22,22,5777299,0,0,0,0,0,0,0,0,0,22,22,5777299,0,0,0,0,0,0,0,0,0
202104,30,033,4,8,Garfield County               ,0,0,0,0,0,0,0,0,0,0,0,0,0,0,0,0,0,0,0,0,0,0,0,0
202104,30,063,4,8,Missoula County               ,48,48,11242782,3,6,273087,1,3,175000,1,8,252926,48,48,11242782,3,6,273087,1,3,175000,1,8,252926
202104,30,093,4,8,Silver Bow County             ,6,6,869831,0,0,0,0,0,0,0,0,0,6,6,869831,0,0,0,0,0,0,0,0,0
202104,31,001,2,4,Adams County                  ,5,5,1069953,0,0,0,0,0,0,0,0,0,3,3,621953,0,0,0,0,0,0,0,0,0
202104,31,025,2,4,Cass County                   ,15,15,3233295,0,0,0,0,0,0,0,0,0,7,7,1761242,0,0,0,0,0,0,0,0,0
202104,31,033,2,4,Cheyenne County               ,0,0,0,0,0,0,0,0,0,0,0,0,0,0,0,0,0,0,0,0,0,0,0,0
202104,31,055,2,4,Douglas County                ,213,213,35038366,2,4,933272,0,0,0,1,12,700000,209,209,32046737,1,2,283272,0,0,0,1,12,700000
202104,31,105,2,4,Kimball County                ,0,0,0,0,0,0,0,0,0,0,0,0,0,0,0,0,0,0,0,0,0,0,0,0
202104,31,153,2,4,Sarpy County                  ,150,150,42320307,0,0,0,0,0,0,1,5,629755,131,131,37190001,0,0,0,0,0,0,0,0,0
202104,31,165,2,4,Sioux County                  ,2,2,340000,0,0,0,0,0,0,0,0,0,2,2,340000,0,0,0,0,0,0,0,0,0
202104,31,177,2,4,Washington County             ,9,9,2782149,0,0,0,0,0,0,0,0,0,8,8,2444824,0,0,0,0,0,0,0,0,0
202104,32,001,4,8,Churchill County              ,14,14,2979394,0,0,0,0,0,0,0,0,0,14,14,2979394,0,0,0,0,0,0,0,0,0
202104,32,003,4,8,Clark County                  ,936,936,256010385,3,6,531406,9,31,5696000,28,386,21321466,932,932,254556172,3,6,531406,9,31,5696000,28,386,21321466
202104,32,005,4,8,Douglas County                ,27,27,13238790,0,0,0,0,0,0,0,0,0,27,27,13238790,0,0,0,0,0,0,0,0,0
202104,32,007,4,8,Elko County                   ,26,26,6708704,0,0,0,0,0,0,0,0,0,26,26,6708704,0,0,0,0,0,0,0,0,0
202104,32,013,4,8,Humboldt County               ,5,5,1167532,0,0,0,0,0,0,0,0,0,5,5,1167532,0,0,0,0,0,0,0,0,0
202104,32,015,4,8,Lander County                 ,2,2,353989,0,0,0,0,0,0,0,0,0,2,2,353989,0,0,0,0,0,0,0,0,0
202104,32,017,4,8,Lincoln County                ,1,1,180000,0,0,0,0,0,0,0,0,0,1,1,180000,0,0,0,0,0,0,0,0,0
202104,32,019,4,8,Lyon County                   ,57,57,14240437,0,0,0,0,0,0,21,168,19576813,21,21,5653868,0,0,0,0,0,0,21,168,19576813
202104,32,021,4,8,Mineral County                ,0,0,0,0,0,0,0,0,0,0,0,0,0,0,0,0,0,0,0,0,0,0,0,0
202104,32,027,4,8,Pershing County               ,0,0,0,0,0,0,0,0,0,0,0,0,0,0,0,0,0,0,0,0,0,0,0,0
202104,32,029,4,8,Storey County                 ,0,0,0,0,0,0,0,0,0,0,0,0,0,0,0,0,0,0,0,0,0,0,0,0
202104,32,031,4,8,Washoe County                 ,268,268,72840907,2,4,419757,1,4,524857,11,193,24352023,0,0,0,0,0,0,0,0,0,0,0,0
202104,32,033,4,8,White Pine County             ,2,2,637214,0,0,0,0,0,0,0,0,0,2,2,637214,0,0,0,0,0,0,0,0,0
202104,32,510,4,8,Carson City (Independent City),19,19,5005300,0,0,0,0,0,0,1,7,698912,0,0,0,0,0,0,0,0,0,0,0,0
202104,33,015,1,1,Rockingham County             ,81,81,27310687,0,0,0,5,17,1300000,3,43,11406085,48,48,18609507,0,0,0,5,17,1300000,1,32,10000000
202104,33,017,1,1,Strafford County              ,32,32,7073225,0,0,0,0,0,0,1,5,732083,21,21,4527279,0,0,0,0,0,0,0,0,0
202104,34,001,1,2,Atlantic County               ,58,58,14121661,0,0,0,0,0,0,1,13,1627551,46,46,9461786,0,0,0,0,0,0,0,0,0
202104,34,003,1,2,Bergen County                 ,131,131,31653951,10,20,2695870,1,3,3000,22,313,42470068,75,75,20180648,7,14,1402373,1,3,3000,13,243,31770685
202104,34,005,1,2,Burlington County             ,92,92,13645458,0,0,0,1,3,397909,16,236,25188827,58,58,9884472,0,0,0,0,0,0,14,222,23735992
202104,34,007,1,2,Camden County                 ,44,44,5979439,0,0,0,1,3,276857,13,158,5051622,15,15,2462245,0,0,0,0,0,0,9,132,3186725
202104,34,009,1,2,Cape May County               ,69,69,25211724,6,12,1732622,0,0,0,0,0,0,67,67,24836381,6,12,1732622,0,0,0,0,0,0
202104,34,011,1,2,Cumberland County             ,6,6,438152,0,0,0,0,0,0,0,0,0,4,4,280181,0,0,0,0,0,0,0,0,0
202104,34,013,1,2,Essex County                  ,27,27,7055347,5,10,77507,1,4,28275,6,147,27978205,15,15,5159050,0,0,0,0,0,0,1,106,24600000
202104,34,015,1,2,Gloucester County             ,72,72,10518293,0,0,0,0,0,0,1,5,590971,51,51,7909882,0,0,0,0,0,0,0,0,0
202104,34,017,1,2,Hudson County                 ,47,47,3413353,9,18,2681300,1,3,436234,11,407,20911369,36,36,2352431,9,18,2681300,0,0,0,7,362,9640501
202104,34,019,1,2,Hunterdon County              ,21,21,3762895,0,0,0,0,0,0,3,22,2215721,15,15,2440650,0,0,0,0,0,0,1,12,1569500
202104,34,021,1,2,Mercer County                 ,61,61,6259861,0,0,0,0,0,0,2,10,462140,53,53,4821473,0,0,0,0,0,0,1,5,121000
202104,34,023,1,2,Middlesex County              ,53,53,10911899,1,2,508500,1,3,326600,9,87,8680943,45,45,9693027,1,2,508500,0,0,0,6,45,2380080
202104,34,025,1,2,Monmouth County               ,148,148,28369122,0,0,0,0,0,0,3,79,8137398,93,93,16942952,0,0,0,0,0,0,0,0,0
202104,34,027,1,2,Morris County                 ,85,85,18676480,6,12,1873157,0,0,0,10,110,3474732,36,36,8515198,5,10,1572500,0,0,0,6,72,961250
202104,34,029,1,2,Ocean County                  ,340,340,54049314,1,2,151887,0,0,0,30,200,6227524,185,185,37833818,0,0,0,0,0,0,21,155,5887404
202104,34,031,1,2,Passaic County                ,13,13,2627771,1,2,89421,0,0,0,7,78,5738684,5,5,968700,0,0,0,0,0,0,0,0,0
202104,34,033,1,2,Salem County                  ,16,16,3043700,0,0,0,0,0,0,0,0,0,15,15,2854700,0,0,0,0,0,0,0,0,0
202104,34,035,1,2,Somerset County               ,42,42,6918165,1,2,1850000,1,3,397909,5,43,2724315,21,21,3745796,1,2,1850000,0,0,0,0,0,0
202104,34,037,1,2,Sussex County                 ,9,9,1957746,0,0,0,1,4,481500,0,0,0,8,8,1687317,0,0,0,1,4,481500,0,0,0
202104,34,039,1,2,Union County                  ,17,17,4493804,4,8,651150,0,0,0,7,126,8037795,6,6,1325000,3,6,518000,0,0,0,0,0,0
202104,34,041,1,2,Warren County                 ,19,19,2441397,1,2,536500,0,0,0,3,15,1212064,3,3,371600,0,0,0,0,0,0,0,0,0
202104,35,000,4,8,New Mexico Balance of State   ,63,63,17077995,0,0,0,0,0,0,0,0,0,0,0,0,0,0,0,0,0,0,0,0,0
202104,35,001,4,8,Bernalillo County             ,108,108,27471459,0,0,0,1,4,295000,0,0,0,108,108,27471459,0,0,0,1,4,295000,0,0,0
202104,35,005,4,8,Chaves County                 ,8,8,1229686,0,0,0,0,0,0,0,0,0,1,1,30000,0,0,0,0,0,0,0,0,0
202104,35,009,4,8,Curry County                  ,9,9,2270368,0,0,0,0,0,0,1,6,553126,0,0,0,0,0,0,0,0,0,0,0,0
202104,35,013,4,8,Dona Ana County               ,106,106,27166188,0,0,0,0,0,0,1,7,492188,0,0,0,0,0,0,0,0,0,0,0,0
202104,35,015,4,8,Eddy County                   ,4,4,1153026,0,0,0,0,0,0,0,0,0,4,4,1153026,0,0,0,0,0,0,0,0,0
202104,35,017,4,8,Grant County                  ,1,1,162080,0,0,0,0,0,0,0,0,0,0,0,0,0,0,0,0,0,0,0,0,0
202104,35,025,4,8,Lea County                    ,23,23,6023164,0,0,0,0,0,0,0,0,0,0,0,0,0,0,0,0,0,0,0,0,0
202104,35,027,4,8,Lincoln County                ,12,12,3914117,0,0,0,0,0,0,0,0,0,12,12,3914117,0,0,0,0,0,0,0,0,0
202104,35,028,4,8,Los Alamos County             ,4,4,1053351,0,0,0,0,0,0,0,0,0,0,0,0,0,0,0,0,0,0,0,0,0
202104,35,029,4,8,Luna County                   ,1,1,206933,0,0,0,0,0,0,0,0,0,0,0,0,0,0,0,0,0,0,0,0,0
202104,35,031,4,8,McKinley County               ,1,1,125000,0,0,0,0,0,0,0,0,0,1,1,125000,0,0,0,0,0,0,0,0,0
202104,35,035,4,8,Otero County                  ,1,1,296834,0,0,0,0,0,0,0,0,0,0,0,0,0,0,0,0,0,0,0,0,0
202104,35,041,4,8,Roosevelt County              ,4,4,612026,0,0,0,0,0,0,0,0,0,0,0,0,0,0,0,0,0,0,0,0,0
202104,35,043,4,8,Sandoval County               ,212,212,47753465,0,0,0,4,16,2048292,5,32,2979585,197,197,44056494,0,0,0,4,16,2048292,3,22,2562919
202104,35,045,4,8,San Juan County               ,11,11,3337821,0,0,0,0,0,0,0,0,0,11,11,3337821,0,0,0,0,0,0,0,0,0
202104,35,047,4,8,San Miguel County             ,0,0,0,0,0,0,0,0,0,0,0,0,0,0,0,0,0,0,0,0,0,0,0,0
202104,35,049,4,8,Santa Fe County               ,29,29,7877786,0,0,0,0,0,0,3,32,4488719,0,0,0,0,0,0,0,0,0,0,0,0
202104,35,055,4,8,Taos County                   ,10,10,2602133,0,0,0,0,0,0,0,0,0,9,9,1818618,0,0,0,0,0,0,0,0,0
202104,35,061,4,8,Valencia County               ,20,20,5484030,0,0,0,0,0,0,0,0,0,20,20,5484030,0,0,0,0,0,0,0,0,0
202104,36,001,1,2,Albany County                 ,33,33,6547480,1,2,176000,0,0,0,0,0,0,27,27,5461678,1,2,176000,0,0,0,0,0,0
202104,36,005,1,2,Bronx County                  ,0,0,0,0,0,0,2,6,784792,6,218,25174640,0,0,0,0,0,0,2,6,784792,6,218,25174640
202104,36,029,1,2,Erie County                   ,83,83,25739130,2,4,737653,2,8,1120000,2,19,4260581,56,56,19168562,2,4,737653,2,8,1120000,0,0,0
202104,36,047,1,2,Kings County                  ,0,0,0,2,4,593566,1,3,392396,19,770,88919600,0,0,0,2,4,593566,1,3,392396,19,770,88919600
202104,36,051,1,2,Livingston County             ,4,4,1007600,0,0,0,0,0,0,0,0,0,3,3,707600,0,0,0,0,0,0,0,0,0
202104,36,055,1,2,Monroe County                 ,69,69,20007027,1,2,182857,0,0,0,5,76,8970935,48,48,13806155,0,0,0,0,0,0,1,10,1525000
202104,36,059,1,2,Nassau County                 ,71,71,37387629,0,0,0,0,0,0,4,43,7177768,16,16,19517809,0,0,0,0,0,0,0,0,0
202104,36,061,1,2,New York County               ,0,0,0,0,0,0,0,0,0,1,117,13511160,0,0,0,0,0,0,0,0,0,1,117,13511160
202104,36,063,1,2,Niagara County                ,20,20,6692558,2,4,800000,0,0,0,0,0,0,17,17,5755890,2,4,800000,0,0,0,0,0,0
202104,36,069,1,2,Ontario County                ,32,32,8424149,1,2,282720,9,33,3723600,0,0,0,30,30,7893495,1,2,282720,9,33,3723600,0,0,0
202104,36,073,1,2,Orleans County                ,4,4,1012827,0,0,0,0,0,0,0,0,0,0,0,0,0,0,0,0,0,0,0,0,0
202104,36,079,1,2,Putnam County                 ,5,5,1621100,0,0,0,0,0,0,0,0,0,5,5,1621100,0,0,0,0,0,0,0,0,0
202104,36,081,1,2,Queens County                 ,6,6,1575058,7,14,2077480,2,6,784792,3,40,4619200,6,6,1575058,7,14,2077480,2,6,784792,3,40,4619200
202104,36,083,1,2,Rensselaer County             ,14,14,3584285,1,2,462255,0,0,0,0,0,0,5,5,1300000,0,0,0,0,0,0,0,0,0
202104,36,085,1,2,Richmond County               ,16,16,4200154,10,20,2967828,0,0,0,0,0,0,16,16,4200154,10,20,2967828,0,0,0,0,0,0
202104,36,087,1,2,Rockland County               ,13,13,3728767,1,2,258601,2,6,654895,3,18,2244166,10,10,3029510,0,0,0,0,0,0,0,0,0
202104,36,091,1,2,Saratoga County               ,83,83,26542546,4,8,1993566,0,0,0,0,0,0,78,78,24789145,4,8,1993566,0,0,0,0,0,0
202104,36,093,1,2,Schenectady County            ,11,11,2663145,0,0,0,0,0,0,4,40,4960000,9,9,2296270,0,0,0,0,0,0,4,40,4960000
202104,36,095,1,2,Schoharie County              ,6,6,1200331,0,0,0,0,0,0,0,0,0,1,1,151600,0,0,0,0,0,0,0,0,0
202104,36,099,1,2,Seneca County                 ,6,6,979623,0,0,0,0,0,0,0,0,0,0,0,0,0,0,0,0,0,0,0,0,0
202104,36,103,1,2,Suffolk County                ,121,121,71502650,0,0,0,1,3,549270,3,30,2570400,114,114,61387882,0,0,0,1,3,549270,3,30,2570400
202104,36,117,1,2,Wayne County                  ,14,14,3948703,1,2,262500,0,0,0,1,6,400000,11,11,3363519,1,2,262500,0,0,0,1,6,400000
202104,36,119,1,2,Westchester County            ,44,44,16852199,1,2,303608,0,0,0,4,166,26701846,30,30,10196681,0,0,0,0,0,0,1,26,5000484
202104,37,007,3,5,Anson County                  ,6,6,899190,0,0,0,0,0,0,0,0,0,0,0,0,0,0,0,0,0,0,0,0,0
202104,37,011,3,5,Avery County                  ,14,14,8294887,0,0,0,0,0,0,0,0,0,14,14,8294887,0,0,0,0,0,0,0,0,0
202104,37,015,3,5,Bertie County                 ,4,4,2137924,0,0,0,0,0,0,0,0,0,4,4,2137924,0,0,0,0,0,0,0,0,0
202104,37,025,3,5,Cabarrus County               ,164,164,24769387,0,0,0,0,0,0,0,0,0,164,164,24769387,0,0,0,0,0,0,0,0,0
202104,37,033,3,5,Caswell County                ,3,3,699647,0,0,0,0,0,0,0,0,0,0,0,0,0,0,0,0,0,0,0,0,0
202104,37,037,3,5,Chatham County                ,65,65,21851786,0,0,0,0,0,0,0,0,0,0,0,0,0,0,0,0,0,0,0,0,0
202104,37,051,3,5,Cumberland County             ,96,96,19203756,0,0,0,0,0,0,0,0,0,96,96,19203756,0,0,0,0,0,0,0,0,0
202104,37,053,3,5,Currituck County              ,42,42,11733235,0,0,0,0,0,0,0,0,0,42,42,11733235,0,0,0,0,0,0,0,0,0
202104,37,059,3,5,Davie County                  ,21,21,4891882,0,0,0,0,0,0,1,6,236608,0,0,0,0,0,0,0,0,0,0,0,0
202104,37,063,3,5,Durham County                 ,178,178,55734668,0,0,0,0,0,0,3,364,74237648,178,178,55734668,0,0,0,0,0,0,3,364,74237648
202104,37,069,3,5,Franklin County               ,90,90,21531933,0,0,0,0,0,0,0,0,0,90,90,21531933,0,0,0,0,0,0,0,0,0
202104,37,071,3,5,Gaston County                 ,197,197,56246771,1,2,220877,1,3,524259,0,0,0,73,73,23711840,0,0,0,0,0,0,0,0,0
202104,37,077,3,5,Granville County              ,22,22,5467285,0,0,0,0,0,0,0,0,0,22,22,5467285,0,0,0,0,0,0,0,0,0
202104,37,081,3,5,Guilford County               ,144,144,38239429,2,4,773076,0,0,0,1,13,209677,37,37,8203673,2,4,773076,0,0,0,0,0,0
202104,37,089,3,5,Henderson County              ,41,41,23359064,0,0,0,0,0,0,0,0,0,41,41,23359064,0,0,0,0,0,0,0,0,0
202104,37,093,3,5,Hoke County                   ,31,31,7416555,0,0,0,0,0,0,0,0,0,31,31,7416555,0,0,0,0,0,0,0,0,0
202104,37,097,3,5,Iredell County                ,183,183,47393278,1,2,304612,0,0,0,0,0,0,183,183,47393278,1,2,304612,0,0,0,0,0,0
202104,37,101,3,5,Johnston County               ,331,331,63712939,0,0,0,0,0,0,0,0,0,254,254,52305131,0,0,0,0,0,0,0,0,0
202104,37,119,3,5,Mecklenburg County            ,602,602,144024709,2,4,1124574,9,36,5798016,6,432,40329502,602,602,144024709,2,4,1124574,9,36,5798016,6,432,40329502
202104,37,133,3,5,Onslow County                 ,145,145,26634527,1,2,578000,1,3,560000,0,0,0,145,145,26634527,1,2,578000,1,3,560000,0,0,0
202104,37,135,3,5,Orange County                 ,43,43,15602919,0,0,0,0,0,0,1,307,36387690,43,43,15602919,0,0,0,0,0,0,1,307,36387690
202104,37,145,3,5,Person County                 ,18,18,5638580,0,0,0,0,0,0,0,0,0,18,18,5638580,0,0,0,0,0,0,0,0,0
202104,37,151,3,5,Randolph County               ,24,24,6790095,0,0,0,0,0,0,0,0,0,24,24,6790095,0,0,0,0,0,0,0,0,0
202104,37,157,3,5,Rockingham County             ,17,17,4936382,0,0,0,0,0,0,0,0,0,17,17,4936382,0,0,0,0,0,0,0,0,0
202104,37,179,3,5,Union County                  ,221,221,45327512,0,0,0,0,0,0,0,0,0,221,221,45327512,0,0,0,0,0,0,0,0,0
202104,37,181,3,5,Vance County                  ,11,11,1885561,0,0,0,0,0,0,0,0,0,11,11,1885561,0,0,0,0,0,0,0,0,0
202104,37,183,3,5,Wake County                   ,944,944,235138368,4,8,1691753,1,4,760500,5,293,43974124,944,944,235138368,4,8,1691753,1,4,760500,5,293,43974124
202104,37,195,3,5,Wilson County                 ,23,23,6887721,0,0,0,0,0,0,0,0,0,23,23,6887721,0,0,0,0,0,0,0,0,0
202104,39,007,2,3,Ashtabula County              ,13,13,3005240,0,0,0,0,0,0,0,0,0,13,13,3005240,0,0,0,0,0,0,0,0,0
202104,39,015,2,3,Brown County                  ,9,9,2564654,0,0,0,0,0,0,0,0,0,9,9,2564654,0,0,0,0,0,0,0,0,0
202104,39,017,2,3,Butler County                 ,94,94,19293179,0,0,0,0,0,0,0,0,0,81,81,17102478,0,0,0,0,0,0,0,0,0
202104,39,025,2,3,Clermont County               ,80,80,21702976,0,0,0,0,0,0,1,14,998456,80,80,21702976,0,0,0,0,0,0,1,14,998456
202104,39,041,2,3,Delaware County               ,206,206,57901187,0,0,0,3,12,916148,5,29,2435180,178,178,51813163,0,0,0,3,12,916148,4,24,1821541
202104,39,049,2,3,Franklin County               ,241,241,90561110,0,0,0,1,4,425000,9,257,64584020,210,210,79732333,0,0,0,0,0,0,7,241,63200000
202104,39,055,2,3,Geauga County                 ,18,18,6951435,0,0,0,0,0,0,0,0,0,18,18,6951435,0,0,0,0,0,0,0,0,0
202104,39,085,2,3,Lake County                   ,52,52,12269239,0,0,0,0,0,0,0,0,0,52,52,12269239,0,0,0,0,0,0,0,0,0
202104,39,089,2,3,Licking County                ,43,43,12534148,0,0,0,0,0,0,0,0,0,42,42,12275444,0,0,0,0,0,0,0,0,0
202104,39,093,2,3,Lorain County                 ,99,99,23951151,0,0,0,3,12,2059431,4,30,3980000,51,51,14980918,0,0,0,3,12,2059431,4,30,3980000
202104,39,097,2,3,Madison County                ,9,9,2545847,0,0,0,0,0,0,0,0,0,4,4,1196089,0,0,0,0,0,0,0,0,0
202104,39,103,2,3,Medina County                 ,48,48,12650068,0,0,0,0,0,0,0,0,0,48,48,12650068,0,0,0,0,0,0,0,0,0
202104,39,117,2,3,Morrow County                 ,13,13,3694596,0,0,0,0,0,0,0,0,0,10,10,2849616,0,0,0,0,0,0,0,0,0
202104,39,159,2,3,Union County                  ,97,97,27641275,0,0,0,0,0,0,0,0,0,97,97,27641275,0,0,0,0,0,0,0,0,0
202104,39,165,2,3,Warren County                 ,150,150,40725548,1,2,248210,4,15,2589817,6,40,6053175,134,134,33516767,1,2,248210,4,15,2589817,6,40,6053175
202104,40,001,3,7,Adair County                  ,0,0,0,0,0,0,0,0,0,0,0,0,0,0,0,0,0,0,0,0,0,0,0,0
202104,40,017,3,7,Canadian County               ,58,58,14983261,0,0,0,0,0,0,0,0,0,41,41,11416690,0,0,0,0,0,0,0,0,0
202104,40,021,3,7,Cherokee County               ,9,9,1106156,0,0,0,0,0,0,1,5,244048,0,0,0,0,0,0,0,0,0,0,0,0
202104,40,027,3,7,Cleveland County              ,102,102,23785101,0,0,0,0,0,0,2,27,1841927,26,26,4788366,0,0,0,0,0,0,0,0,0
202104,40,029,3,7,Coal County                   ,0,0,0,0,0,0,0,0,0,0,0,0,0,0,0,0,0,0,0,0,0,0,0,0
202104,40,037,3,7,Creek County                  ,11,11,2629171,1,2,223682,0,0,0,2,10,769231,2,2,650364,0,0,0,0,0,0,0,0,0
202104,40,051,3,7,Grady County                  ,39,39,8897252,1,2,148059,0,0,0,0,0,0,29,29,7520000,0,0,0,0,0,0,0,0,0
202104,40,055,3,7,Greer County                  ,0,0,0,0,0,0,0,0,0,0,0,0,0,0,0,0,0,0,0,0,0,0,0,0
202104,40,081,3,7,Lincoln County                ,1,1,233129,0,0,0,0,0,0,0,0,0,0,0,0,0,0,0,0,0,0,0,0,0
202104,40,083,3,7,Logan County                  ,2,2,317500,0,0,0,0,0,0,0,0,0,0,0,0,0,0,0,0,0,0,0,0,0
202104,40,087,3,7,McClain County                ,53,53,10622440,0,0,0,0,0,0,0,0,0,43,43,8692023,0,0,0,0,0,0,0,0,0
202104,40,109,3,7,Oklahoma County               ,517,517,129249062,7,14,1195552,0,0,0,0,0,0,87,87,35065227,1,2,300000,0,0,0,0,0,0
202104,40,111,3,7,Okmulgee County               ,0,0,0,0,0,0,0,0,0,0,0,0,0,0,0,0,0,0,0,0,0,0,0,0
202104,40,113,3,7,Osage County                  ,19,19,4919285,0,0,0,0,0,0,0,0,0,19,19,4919285,0,0,0,0,0,0,0,0,0
202104,40,117,3,7,Pawnee County                 ,1,1,70000,0,0,0,0,0,0,0,0,0,1,1,70000,0,0,0,0,0,0,0,0,0
202104,40,131,3,7,Rogers County                 ,70,70,12845479,0,0,0,0,0,0,0,0,0,69,69,12660129,0,0,0,0,0,0,0,0,0
202104,40,143,3,7,Tulsa County                  ,256,256,63539813,2,4,480925,9,32,4235774,0,0,0,249,249,62148270,2,4,480925,9,32,4235774,0,0,0
202104,40,145,3,7,Wagoner County                ,76,76,16856433,0,0,0,0,0,0,0,0,0,76,76,16856433,0,0,0,0,0,0,0,0,0
202104,41,000,4,9,Oregon Balance of State       ,36,36,5327900,0,0,0,0,0,0,0,0,0,36,36,5327900,0,0,0,0,0,0,0,0,0
202104,41,005,4,9,Clackamas County              ,133,133,43270810,0,0,0,0,0,0,1,100,5467914,133,133,43270810,0,0,0,0,0,0,1,100,5467914
202104,41,017,4,9,Deschutes County              ,167,167,48748326,6,12,1517648,0,0,0,8,212,24179585,167,167,48748326,6,12,1517648,0,0,0,8,212,24179585
202104,41,019,4,9,Douglas County                ,45,45,11449655,0,0,0,0,0,0,0,0,0,45,45,11449655,0,0,0,0,0,0,0,0,0
202104,41,023,4,9,Grant County                  ,1,1,360013,0,0,0,0,0,0,0,0,0,0,0,0,0,0,0,0,0,0,0,0,0
202104,41,025,4,9,Harney County                 ,2,2,513547,0,0,0,0,0,0,0,0,0,2,2,513547,0,0,0,0,0,0,0,0,0
202104,41,035,4,9,Klamath County                ,23,23,7273729,0,0,0,0,0,0,0,0,0,23,23,7273729,0,0,0,0,0,0,0,0,0
202104,41,037,4,9,Lake County                   ,1,1,230092,0,0,0,0,0,0,0,0,0,0,0,0,0,0,0,0,0,0,0,0,0
202104,41,051,4,9,Multnomah County              ,29,29,8469452,3,6,1023471,2,7,878959,5,402,151500371,29,29,8469452,3,6,1023471,2,7,878959,5,402,151500371
202104,41,065,4,9,Wasco County                  ,7,7,1791388,1,2,244871,0,0,0,0,0,0,7,7,1791388,1,2,244871,0,0,0,0,0,0
202104,41,067,4,9,Washington County             ,215,215,62075996,3,6,887353,0,0,0,0,0,0,215,215,62075996,3,6,887353,0,0,0,0,0,0
202104,41,071,4,9,Yamhill County                ,30,30,9615689,1,2,347960,0,0,0,0,0,0,30,30,9615689,0,0,0,0,0,0,0,0,0
202104,42,001,1,2,Adams County                  ,25,25,6390327,0,0,0,0,0,0,0,0,0,25,25,6390327,0,0,0,0,0,0,0,0,0
202104,42,017,1,2,Bucks County                  ,68,68,18052570,0,0,0,0,0,0,4,24,4234078,25,25,9094712,0,0,0,0,0,0,4,24,4234078
202104,42,029,1,2,Chester County                ,127,127,29247576,0,0,0,0,0,0,4,32,3213327,81,81,17338809,0,0,0,0,0,0,2,18,1800000
202104,42,037,1,2,Columbia County               ,6,6,1801459,0,0,0,0,0,0,0,0,0,1,1,476000,0,0,0,0,0,0,0,0,0
202104,42,041,1,2,Cumberland County             ,60,60,14744052,0,0,0,0,0,0,0,0,0,53,53,12827297,0,0,0,0,0,0,0,0,0
202104,42,043,1,2,Dauphin County                ,43,43,8809128,1,2,331669,0,0,0,0,0,0,16,16,2806785,0,0,0,0,0,0,0,0,0
202104,42,045,1,2,Delaware County               ,22,22,5879171,0,0,0,0,0,0,1,5,2272727,9,9,2410936,0,0,0,0,0,0,0,0,0
202104,42,055,1,2,Franklin County               ,37,37,7899999,0,0,0,0,0,0,0,0,0,33,33,6940000,0,0,0,0,0,0,0,0,0
202104,42,091,1,2,Montgomery County             ,90,90,26164095,2,4,745000,1,4,880000,3,35,6261599,59,59,18165001,2,4,745000,1,4,880000,2,11,1643185
202104,42,093,1,2,Montour County                ,2,2,545540,0,0,0,0,0,0,0,0,0,2,2,545540,0,0,0,0,0,0,0,0,0
202104,42,099,1,2,Perry County                  ,11,11,2809657,0,0,0,0,0,0,0,0,0,0,0,0,0,0,0,0,0,0,0,0,0
202104,42,101,1,2,Philadelphia County           ,116,116,30683252,14,28,4221727,12,40,5092274,13,324,37483210,0,0,0,0,0,0,0,0,0,0,0,0
202104,42,103,1,2,Pike County                   ,26,26,7893700,0,0,0,0,0,0,0,0,0,20,20,6346233,0,0,0,0,0,0,0,0,0
202104,44,001,1,1,Bristol County                ,6,6,1785029,0,0,0,0,0,0,0,0,0,6,6,1785029,0,0,0,0,0,0,0,0,0
202104,44,003,1,1,Kent County                   ,16,16,3325822,1,2,208150,1,3,390000,0,0,0,7,7,1400000,0,0,0,0,0,0,0,0,0
202104,44,005,1,1,Newport County                ,16,16,6128850,0,0,0,0,0,0,0,0,0,5,5,1905510,0,0,0,0,0,0,0,0,0
202104,44,007,1,1,Providence County             ,59,59,9738853,1,2,130000,0,0,0,1,14,345000,44,44,7528664,1,2,130000,0,0,0,1,14,345000
202104,44,009,1,1,Washington County             ,34,34,10173295,0,0,0,0,0,0,0,0,0,33,33,10002184,0,0,0,0,0,0,0,0,0
202104,45,003,3,5,Aiken County                  ,152,152,37354614,0,0,0,0,0,0,0,0,0,52,52,16387244,0,0,0,0,0,0,0,0,0
202104,45,009,3,5,Bamberg County                ,3,3,861000,0,0,0,0,0,0,0,0,0,3,3,861000,0,0,0,0,0,0,0,0,0
202104,45,015,3,5,Berkeley County               ,190,190,52258855,0,0,0,0,0,0,3,118,8910601,3,3,1220164,0,0,0,0,0,0,0,0,0
202104,45,017,3,5,Calhoun County                ,0,0,0,0,0,0,0,0,0,0,0,0,0,0,0,0,0,0,0,0,0,0,0,0
202104,45,019,3,5,Charleston County             ,245,245,81488947,0,0,0,0,0,0,3,87,8856286,69,69,36313168,0,0,0,0,0,0,0,0,0
202104,45,035,3,5,Dorchester County             ,133,133,36316360,0,0,0,0,0,0,0,0,0,133,133,36316360,0,0,0,0,0,0,0,0,0
202104,45,037,3,5,Edgefield County              ,17,17,4558028,0,0,0,0,0,0,0,0,0,17,17,4558028,0,0,0,0,0,0,0,0,0
202104,45,039,3,5,Fairfield County              ,7,7,1337446,0,0,0,0,0,0,0,0,0,7,7,1337446,0,0,0,0,0,0,0,0,0
202104,45,045,3,5,Greenville County             ,561,561,146714145,0,0,0,0,0,0,0,0,0,561,561,146714145,0,0,0,0,0,0,0,0,0
202104,45,051,3,5,Horry County                  ,624,624,113576596,0,0,0,0,0,0,2,21,700000,620,620,113146796,0,0,0,0,0,0,1,16,450000
202104,45,055,3,5,Kershaw County                ,119,119,20037880,0,0,0,0,0,0,0,0,0,119,119,20037880,0,0,0,0,0,0,0,0,0
202104,45,059,3,5,Laurens County                ,15,15,2034092,0,0,0,0,0,0,0,0,0,12,12,1584092,0,0,0,0,0,0,0,0,0
202104,45,063,3,5,Lexington County              ,240,240,64449075,0,0,0,0,0,0,2,10,1467042,26,26,7426454,0,0,0,0,0,0,0,0,0
202104,45,077,3,5,Pickens County                ,123,123,44759288,0,0,0,0,0,0,0,0,0,118,118,43759288,0,0,0,0,0,0,0,0,0
202104,45,079,3,5,Richland County               ,262,262,52051206,0,0,0,0,0,0,0,0,0,240,240,46615308,0,0,0,0,0,0,0,0,0
202104,45,081,3,5,Saluda County                 ,17,17,3802329,0,0,0,0,0,0,0,0,0,17,17,3802329,0,0,0,0,0,0,0,0,0
202104,45,085,3,5,Sumter County                 ,21,21,3067888,0,0,0,0,0,0,0,0,0,21,21,3067888,0,0,0,0,0,0,0,0,0
202104,45,091,3,5,York County                   ,224,224,84279971,0,0,0,0,0,0,2,18,2043264,123,123,46402855,0,0,0,0,0,0,0,0,0
202104,46,007,2,4,Bennett County                ,0,0,0,0,0,0,0,0,0,0,0,0,0,0,0,0,0,0,0,0,0,0,0,0
202104,46,055,2,4,Haakon County                 ,0,0,0,0,0,0,0,0,0,0,0,0,0,0,0,0,0,0,0,0,0,0,0,0
202104,46,071,2,4,Jackson County                ,0,0,0,0,0,0,0,0,0,0,0,0,0,0,0,0,0,0,0,0,0,0,0,0
202104,46,111,2,4,Sanborn County                ,1,1,130000,0,0,0,0,0,0,0,0,0,1,1,130000,0,0,0,0,0,0,0,0,0
202104,47,001,3,6,Anderson County               ,19,19,3352225,0,0,0,0,0,0,1,25,2157522,10,10,2070616,0,0,0,0,0,0,0,0,0
202104,47,015,3,6,Cannon County                 ,17,17,929900,0,0,0,0,0,0,0,0,0,17,17,929900,0,0,0,0,0,0,0,0,0
202104,47,021,3,6,Cheatham County               ,28,28,6135945,0,0,0,0,0,0,0,0,0,16,16,3848572,0,0,0,0,0,0,0,0,0
202104,47,037,3,6,Davidson County               ,340,340,93893195,0,0,0,2,8,484868,26,1166,118541300,340,340,93893195,0,0,0,2,8,484868,26,1166,118541300
202104,47,043,3,6,Dickson County                ,58,58,11449196,0,0,0,0,0,0,0,0,0,21,21,4778950,0,0,0,0,0,0,0,0,0
202104,47,049,3,6,Fentress County               ,0,0,0,0,0,0,0,0,0,0,0,0,0,0,0,0,0,0,0,0,0,0,0,0
202104,47,081,3,6,Hickman County                ,8,8,1387815,0,0,0,0,0,0,0,0,0,0,0,0,0,0,0,0,0,0,0,0,0
202104,47,093,3,6,Knox County                   ,194,194,46526988,0,0,0,0,0,0,0,0,0,194,194,46526988,0,0,0,0,0,0,0,0,0
202104,47,105,3,6,Loudon County                 ,65,65,15473613,0,0,0,0,0,0,0,0,0,56,56,14166008,0,0,0,0,0,0,0,0,0
202104,47,117,3,6,Marshall County               ,20,20,3800267,0,0,0,0,0,0,0,0,0,0,0,0,0,0,0,0,0,0,0,0,0
202104,47,125,3,6,Montgomery County             ,186,186,34921471,0,0,0,6,22,1360000,18,123,8175000,186,186,34921471,0,0,0,6,22,1360000,18,123,8175000
202104,47,139,3,6,Polk County                   ,23,23,4171471,0,0,0,0,0,0,0,0,0,0,0,0,0,0,0,0,0,0,0,0,0
202104,47,149,3,6,Rutherford County             ,337,337,86901843,0,0,0,3,9,948857,1,7,683758,262,262,73155347,0,0,0,0,0,0,0,0,0
202104,47,153,3,6,Sequatchie County             ,0,0,0,0,0,0,0,0,0,0,0,0,0,0,0,0,0,0,0,0,0,0,0,0
202104,47,157,3,6,Shelby County                 ,125,125,36603116,0,0,0,0,0,0,2,370,50000000,125,125,36603116,0,0,0,0,0,0,2,370,50000000
202104,47,159,3,6,Smith County                  ,9,9,1733724,0,0,0,0,0,0,0,0,0,8,8,1548742,0,0,0,0,0,0,0,0,0
202104,47,161,3,6,Stewart County                ,1,1,236205,0,0,0,0,0,0,0,0,0,0,0,0,0,0,0,0,0,0,0,0,0
202104,47,165,3,6,Sumner County                 ,160,160,52935446,0,0,0,0,0,0,0,0,0,160,160,52935446,0,0,0,0,0,0,0,0,0
202104,47,167,3,6,Tipton County                 ,23,23,3827825,0,0,0,0,0,0,1,5,608696,13,13,2365794,0,0,0,0,0,0,0,0,0
202104,47,169,3,6,Trousdale County              ,13,13,1836000,0,0,0,0,0,0,0,0,0,13,13,1836000,0,0,0,0,0,0,0,0,0
202104,47,173,3,6,Union County                  ,11,11,1940000,0,0,0,0,0,0,0,0,0,11,11,1940000,0,0,0,0,0,0,0,0,0
202104,47,175,3,6,Van Buren County              ,0,0,0,0,0,0,0,0,0,0,0,0,0,0,0,0,0,0,0,0,0,0,0,0
202104,47,189,3,6,Wilson County                 ,211,211,56412935,0,0,0,0,0,0,0,0,0,142,142,33567866,0,0,0,0,0,0,0,0,0
202104,48,013,3,7,Atascosa County               ,11,11,2155168,0,0,0,0,0,0,0,0,0,9,9,1803814,0,0,0,0,0,0,0,0,0
202104,48,015,3,7,Austin County                 ,2,2,383945,0,0,0,0,0,0,0,0,0,0,0,0,0,0,0,0,0,0,0,0,0
202104,48,019,3,7,Bandera County                ,0,0,0,0,0,0,0,0,0,0,0,0,0,0,0,0,0,0,0,0,0,0,0,0
202104,48,021,3,7,Bastrop County                ,84,84,15148341,0,0,0,0,0,0,0,0,0,60,60,12034794,0,0,0,0,0,0,0,0,0
202104,48,025,3,7,Bee County                    ,2,2,418152,1,2,187711,0,0,0,0,0,0,0,0,0,0,0,0,0,0,0,0,0,0
202104,48,027,3,7,Bell County                   ,215,215,40986293,21,42,4272648,0,0,0,0,0,0,197,197,37003504,21,42,4272648,0,0,0,0,0,0
202104,48,029,3,7,Bexar County                  ,693,693,160940788,0,0,0,1,3,404535,5,84,9080953,633,633,151081332,0,0,0,1,3,404535,4,79,8015457
202104,48,051,3,7,Burleson County               ,5,5,495330,0,0,0,0,0,0,0,0,0,5,5,495330,0,0,0,0,0,0,0,0,0
202104,48,055,3,7,Caldwell County               ,43,43,9225538,0,0,0,0,0,0,0,0,0,16,16,3480002,0,0,0,0,0,0,0,0,0
202104,48,085,3,7,Collin County                 ,1197,1197,349399262,0,0,0,0,0,0,17,895,114347922,1058,1058,313422058,0,0,0,0,0,0,17,895,114347922
202104,48,091,3,7,Comal County                  ,347,347,83017566,0,0,0,0,0,0,3,21,2615878,347,347,83017566,0,0,0,0,0,0,3,21,2615878
202104,48,099,3,7,Coryell County                ,5,5,1130179,4,8,671448,0,0,0,0,0,0,5,5,1130179,4,8,671448,0,0,0,0,0,0
202104,48,107,3,7,Crosby County                 ,0,0,0,0,0,0,0,0,0,0,0,0,0,0,0,0,0,0,0,0,0,0,0,0
202104,48,113,3,7,Dallas County                 ,582,582,144611789,7,14,1273839,2,7,1077803,8,299,33739473,372,372,94575085,0,0,0,0,0,0,2,44,6566000
202104,48,119,3,7,Delta County                  ,1,1,217500,0,0,0,0,0,0,0,0,0,1,1,217500,0,0,0,0,0,0,0,0,0
202104,48,135,3,7,Ector County                  ,96,96,22492808,0,0,0,0,0,0,1,32,3835437,0,0,0,0,0,0,0,0,0,0,0,0
202104,48,139,3,7,Ellis County                  ,265,265,62562300,0,0,0,0,0,0,9,101,12851124,181,181,43869966,0,0,0,0,0,0,8,96,12000000
202104,48,141,3,7,El Paso County                ,220,220,51300768,13,26,3319633,0,0,0,2,14,1678004,50,50,11782941,11,22,2825601,0,0,0,0,0,0
202104,48,157,3,7,Fort Bend County              ,1068,1068,255754937,0,0,0,1,3,404535,2,46,5513440,759,759,181546727,0,0,0,1,3,404535,0,0,0
202104,48,167,3,7,Galveston County              ,331,331,79743071,0,0,0,0,0,0,0,0,0,207,207,49683643,0,0,0,0,0,0,0,0,0
202104,48,185,3,7,Grimes County                 ,1,1,122590,0,0,0,0,0,0,0,0,0,1,1,122590,0,0,0,0,0,0,0,0,0
202104,48,187,3,7,Guadalupe County              ,142,142,35141567,3,6,770618,0,0,0,0,0,0,141,141,34907572,3,6,770618,0,0,0,0,0,0
202104,48,193,3,7,Hamilton County               ,1,1,100602,0,0,0,0,0,0,0,0,0,0,0,0,0,0,0,0,0,0,0,0,0
202104,48,195,3,7,Hansford County               ,0,0,0,0,0,0,0,0,0,0,0,0,0,0,0,0,0,0,0,0,0,0,0,0
202104,48,201,3,7,Harris County                 ,2228,2228,457409513,26,52,5877843,0,0,0,26,1607,125960300,2220,2220,452940252,26,52,5877843,0,0,0,26,1607,125960300
202104,48,211,3,7,Hemphill County               ,0,0,0,0,0,0,0,0,0,0,0,0,0,0,0,0,0,0,0,0,0,0,0,0
202104,48,215,3,7,Hidalgo County                ,393,393,78000913,6,12,720000,14,56,3581526,4,44,3126486,365,365,75178127,5,10,570000,14,56,3581526,4,44,3126486
202104,48,233,3,7,Hutchinson County             ,0,0,0,0,0,0,0,0,0,0,0,0,0,0,0,0,0,0,0,0,0,0,0,0
202104,48,251,3,7,Johnson County                ,133,133,28868756,4,8,1027491,0,0,0,2,106,12178418,86,86,17865594,4,8,1027491,0,0,0,0,0,0
202104,48,257,3,7,Kaufman County                ,115,115,28432464,0,0,0,0,0,0,0,0,0,113,113,28053071,0,0,0,0,0,0,0,0,0
202104,48,259,3,7,Kendall County                ,33,33,7693257,0,0,0,0,0,0,0,0,0,0,0,0,0,0,0,0,0,0,0,0,0
202104,48,271,3,7,Kinney County                 ,0,0,0,0,0,0,0,0,0,0,0,0,0,0,0,0,0,0,0,0,0,0,0,0
202104,48,281,3,7,Lampasas County               ,5,5,714803,0,0,0,0,0,0,0,0,0,0,0,0,0,0,0,0,0,0,0,0,0
202104,48,291,3,7,Liberty County                ,107,107,15060021,0,0,0,0,0,0,0,0,0,87,87,10980727,0,0,0,0,0,0,0,0,0
202104,48,303,3,7,Lubbock County                ,195,195,45221042,19,38,5525000,0,0,0,0,0,0,194,194,45048042,19,38,5525000,0,0,0,0,0,0
202104,48,323,3,7,Maverick County               ,13,13,2920502,0,0,0,0,0,0,0,0,0,0,0,0,0,0,0,0,0,0,0,0,0
202104,48,325,3,7,Medina County                 ,3,3,522882,0,0,0,0,0,0,0,0,0,0,0,0,0,0,0,0,0,0,0,0,0
202104,48,329,3,7,Midland County                ,112,112,21195053,0,0,0,0,0,0,0,0,0,112,112,21195053,0,0,0,0,0,0,0,0,0
202104,48,339,3,7,Montgomery County             ,1052,1052,224256653,8,16,1131789,0,0,0,24,567,77649910,1029,1029,220333146,8,16,1131789,0,0,0,23,560,76871082
202104,48,367,3,7,Parker County                 ,49,49,12224538,0,0,0,0,0,0,2,65,7790731,12,12,3405895,0,0,0,0,0,0,0,0,0
202104,48,375,3,7,Potter County                 ,42,42,10048236,0,0,0,0,0,0,0,0,0,42,42,10048236,0,0,0,0,0,0,0,0,0
202104,48,383,3,7,Reagan County                 ,0,0,0,0,0,0,0,0,0,0,0,0,0,0,0,0,0,0,0,0,0,0,0,0
202104,48,385,3,7,Real County                   ,0,0,0,0,0,0,0,0,0,0,0,0,0,0,0,0,0,0,0,0,0,0,0,0
202104,48,395,3,7,Robertson County              ,8,8,1663534,0,0,0,0,0,0,0,0,0,0,0,0,0,0,0,0,0,0,0,0,0
202104,48,397,3,7,Rockwall County               ,239,239,66126040,0,0,0,0,0,0,0,0,0,139,139,34765770,0,0,0,0,0,0,0,0,0
202104,48,407,3,7,San Jacinto County            ,47,47,10337876,0,0,0,0,0,0,0,0,0,0,0,0,0,0,0,0,0,0,0,0,0
202104,48,411,3,7,San Saba County               ,0,0,0,0,0,0,0,0,0,0,0,0,0,0,0,0,0,0,0,0,0,0,0,0
202104,48,451,3,7,Tom Green County              ,80,80,17400008,0,0,0,0,0,0,0,0,0,80,80,17400008,0,0,0,0,0,0,0,0,0
202104,48,453,3,7,Travis County                 ,1113,1113,232062134,14,28,2784795,1,4,1026960,8,772,193851535,1057,1057,216809348,13,26,2597273,1,4,1026960,8,772,193851535
202104,48,473,3,7,Waller County                 ,4,4,641174,0,0,0,0,0,0,2,15,747601,0,0,0,0,0,0,0,0,0,0,0,0
202104,48,491,3,7,Williamson County             ,923,923,245196899,0,0,0,0,0,0,19,921,35211135,771,771,212439523,0,0,0,0,0,0,19,921,35211135
202104,48,493,3,7,Wilson County                 ,15,15,4030157,0,0,0,0,0,0,0,0,0,0,0,0,0,0,0,0,0,0,0,0,0
202104,48,497,3,7,Wise County                   ,11,11,2455206,0,0,0,0,0,0,0,0,0,8,8,1606975,0,0,0,0,0,0,0,0,0
202104,49,011,4,8,Davis County                  ,205,205,57172693,0,0,0,0,0,0,2,127,16938289,191,191,51762801,0,0,0,0,0,0,2,127,16938289
202104,49,023,4,8,Juab County                   ,14,14,3965869,0,0,0,0,0,0,0,0,0,12,12,3236046,0,0,0,0,0,0,0,0,0
202104,49,029,4,8,Morgan County                 ,2,2,550855,0,0,0,1,3,598527,0,0,0,0,0,0,0,0,0,0,0,0,0,0,0
202104,49,035,4,8,Salt Lake County              ,577,577,131092743,2,4,348645,2,8,1337713,9,390,81249357,449,449,98771938,0,0,0,1,4,600000,1,92,41866351
202104,49,039,4,8,Sanpete County                ,32,32,5410080,0,0,0,0,0,0,0,0,0,32,32,5410080,0,0,0,0,0,0,0,0,0
202104,49,043,4,8,Summit County                 ,39,39,21403235,0,0,0,1,3,214032,2,10,1708568,20,20,12162014,0,0,0,0,0,0,0,0,0
202104,49,057,4,8,Weber County                  ,171,171,47413365,1,2,351111,2,7,1248744,2,25,2978100,118,118,33089308,0,0,0,0,0,0,0,0,0
202104,51,003,3,5,Albemarle County              ,74,74,22014572,0,0,0,0,0,0,1,31,3044666,0,0,0,0,0,0,0,0,0,0,0,0
202104,51,007,3,5,Amelia County                 ,5,5,919890,0,0,0,0,0,0,0,0,0,5,5,919890,0,0,0,0,0,0,0,0,0
202104,51,009,3,5,Amherst County                ,8,8,1820829,0,0,0,0,0,0,0,0,0,0,0,0,0,0,0,0,0,0,0,0,0
202104,51,013,3,5,Arlington County              ,21,21,8665000,0,0,0,0,0,0,0,0,0,21,21,8665000,0,0,0,0,0,0,0,0,0
202104,51,015,3,5,Augusta County                ,32,32,7182710,0,0,0,0,0,0,0,0,0,32,32,7182710,0,0,0,0,0,0,0,0,0
202104,51,019,3,5,Bedford County                ,2,2,371994,0,0,0,0,0,0,1,12,311111,0,0,0,0,0,0,0,0,0,0,0,0
202104,51,033,3,5,Caroline County               ,33,33,5683876,0,0,0,0,0,0,0,0,0,33,33,5683876,0,0,0,0,0,0,0,0,0
202104,51,036,3,5,Charles City County           ,2,2,358374,0,0,0,0,0,0,0,0,0,0,0,0,0,0,0,0,0,0,0,0,0
202104,51,037,3,5,Charlotte County              ,2,2,120000,0,0,0,0,0,0,0,0,0,2,2,120000,0,0,0,0,0,0,0,0,0
202104,51,041,3,5,Chesterfield County           ,272,272,42051152,0,0,0,0,0,0,1,59,3714757,272,272,42051152,0,0,0,0,0,0,1,59,3714757
202104,51,043,3,5,Clarke County                 ,9,9,2789959,0,0,0,0,0,0,0,0,0,9,9,2789959,0,0,0,0,0,0,0,0,0
202104,51,049,3,5,Cumberland County             ,2,2,271100,0,0,0,0,0,0,0,0,0,2,2,271100,0,0,0,0,0,0,0,0,0
202104,51,051,3,5,Dickenson County              ,0,0,0,0,0,0,0,0,0,0,0,0,0,0,0,0,0,0,0,0,0,0,0,0
202104,51,053,3,5,Dinwiddie County              ,11,11,1905181,0,0,0,0,0,0,0,0,0,0,0,0,0,0,0,0,0,0,0,0,0
202104,51,059,3,5,Fairfax County                ,116,116,27752270,0,0,0,0,0,0,1,24,5000000,116,116,27752270,0,0,0,0,0,0,1,24,5000000
202104,51,061,3,5,Fauquier County               ,19,19,7165001,0,0,0,0,0,0,0,0,0,19,19,7165001,0,0,0,0,0,0,0,0,0
202104,51,069,3,5,Frederick County              ,85,85,22647160,0,0,0,5,15,243900,0,0,0,85,85,22647160,0,0,0,5,15,243900,0,0,0
202104,51,073,3,5,Gloucester County             ,9,9,2268955,0,0,0,0,0,0,0,0,0,9,9,2268955,0,0,0,0,0,0,0,0,0
202104,51,075,3,5,Goochland County              ,37,37,9617477,0,0,0,0,0,0,0,0,0,37,37,9617477,0,0,0,0,0,0,0,0,0
202104,51,085,3,5,Hanover County                ,78,78,16965007,0,0,0,0,0,0,0,0,0,78,78,16965007,0,0,0,0,0,0,0,0,0
202104,51,087,3,5,Henrico County                ,58,58,9115128,12,24,1650000,0,0,0,0,0,0,58,58,9115128,12,24,1650000,0,0,0,0,0,0
202104,51,093,3,5,Isle of Wight County          ,28,28,5016290,0,0,0,0,0,0,1,5,373880,0,0,0,0,0,0,0,0,0,0,0,0
202104,51,095,3,5,James City County             ,45,45,10765967,0,0,0,0,0,0,0,0,0,45,45,10765967,0,0,0,0,0,0,0,0,0
202104,51,097,3,5,King and Queen County         ,1,1,600000,0,0,0,0,0,0,0,0,0,1,1,600000,0,0,0,0,0,0,0,0,0
202104,51,099,3,5,King George County            ,23,23,5002502,0,0,0,0,0,0,0,0,0,23,23,5002502,0,0,0,0,0,0,0,0,0
202104,51,107,3,5,Loudoun County                ,144,144,36952531,0,0,0,0,0,0,1,34,4080000,144,144,36952531,0,0,0,0,0,0,1,34,4080000
202104,51,109,3,5,Louisa County                 ,51,51,12543802,0,0,0,0,0,0,0,0,0,51,51,12543802,0,0,0,0,0,0,0,0,0
202104,51,115,3,5,Mathews County                ,7,7,686000,0,0,0,0,0,0,0,0,0,7,7,686000,0,0,0,0,0,0,0,0,0
202104,51,127,3,5,New Kent County               ,46,46,16616788,0,0,0,0,0,0,0,0,0,46,46,16616788,0,0,0,0,0,0,0,0,0
202104,51,139,3,5,Page County                   ,7,7,1377160,0,0,0,0,0,0,0,0,0,7,7,1377160,0,0,0,0,0,0,0,0,0
202104,51,145,3,5,Powhatan County               ,27,27,5872503,0,0,0,0,0,0,1,12,389450,27,27,5872503,0,0,0,0,0,0,1,12,389450
202104,51,149,3,5,Prince George County          ,3,3,535000,0,0,0,0,0,0,0,0,0,3,3,535000,0,0,0,0,0,0,0,0,0
202104,51,153,3,5,Prince William County         ,115,115,44254987,0,0,0,0,0,0,2,720,31945008,115,115,44254987,0,0,0,0,0,0,2,720,31945008
202104,51,165,3,5,Rockingham County             ,50,50,15809740,0,0,0,0,0,0,0,0,0,50,50,15809740,0,0,0,0,0,0,0,0,0
202104,51,175,3,5,Southampton County            ,7,7,1073975,0,0,0,0,0,0,0,0,0,0,0,0,0,0,0,0,0,0,0,0,0
202104,51,177,3,5,Spotsylvania County           ,83,83,21755247,0,0,0,0,0,0,1,70,8240569,0,0,0,0,0,0,0,0,0,0,0,0
202104,51,179,3,5,Stafford County               ,87,87,22673467,0,0,0,0,0,0,0,0,0,87,87,22673467,0,0,0,0,0,0,0,0,0
202104,51,181,3,5,Surry County                  ,3,3,384000,0,0,0,0,0,0,0,0,0,3,3,384000,0,0,0,0,0,0,0,0,0
202104,51,183,3,5,Sussex County                 ,1,1,100000,0,0,0,0,0,0,0,0,0,1,1,100000,0,0,0,0,0,0,0,0,0
202104,51,187,3,5,Warren County                 ,15,15,3910000,0,0,0,0,0,0,0,0,0,15,15,3910000,0,0,0,0,0,0,0,0,0
202104,51,199,3,5,York County                   ,8,8,2832000,2,4,600000,2,6,922311,2,10,1278000,8,8,2832000,2,4,600000,2,6,922311,2,10,1278000
202104,51,510,3,5,Alexandria (Independent City) ,1,1,400000,0,0,0,0,0,0,2,31,5809214,1,1,400000,0,0,0,0,0,0,2,31,5809214
202104,51,540,3,5,Charlottesville (Independent C,8,8,2676855,1,2,341250,0,0,0,1,11,1073110,0,0,0,0,0,0,0,0,0,0,0,0
202104,51,550,3,5,Chesapeake(Independent City)  ,58,58,13876135,0,0,0,0,0,0,0,0,0,58,58,13876135,0,0,0,0,0,0,0,0,0
202104,51,570,3,5,Colonial Heights (Independent ,1,1,230000,0,0,0,0,0,0,0,0,0,1,1,230000,0,0,0,0,0,0,0,0,0
202104,51,580,3,5,Covington (Independent City)  ,0,0,0,0,0,0,0,0,0,0,0,0,0,0,0,0,0,0,0,0,0,0,0,0
202104,51,600,3,5,Fairfax (Independent City)    ,2,2,725000,0,0,0,0,0,0,0,0,0,2,2,725000,0,0,0,0,0,0,0,0,0
202104,51,610,3,5,Falls Church (Independent City,1,1,503571,0,0,0,0,0,0,0,0,0,0,0,0,0,0,0,0,0,0,0,0,0
202104,51,630,3,5,Fredericksburg(Independent Cit,9,9,3233667,0,0,0,0,0,0,0,0,0,9,9,3233667,0,0,0,0,0,0,0,0,0
202104,51,650,3,5,Hampton (Independent City)    ,23,23,1434517,0,0,0,0,0,0,0,0,0,0,0,0,0,0,0,0,0,0,0,0,0
202104,51,660,3,5,Harrisonburg (Independent City,0,0,0,0,0,0,0,0,0,0,0,0,0,0,0,0,0,0,0,0,0,0,0,0
202104,51,670,3,5,Hopewell (Independent City)   ,4,4,338303,0,0,0,0,0,0,1,5,430895,0,0,0,0,0,0,0,0,0,0,0,0
202104,51,680,3,5,Lynchburg (Independent City)  ,9,9,1295000,0,0,0,0,0,0,0,0,0,9,9,1295000,0,0,0,0,0,0,0,0,0
202104,51,683,3,5,Manassas (Independent City)   ,8,8,1874579,0,0,0,0,0,0,0,0,0,0,0,0,0,0,0,0,0,0,0,0,0
202104,51,685,3,5,Manassas Park (Independent Cit,0,0,0,0,0,0,0,0,0,0,0,0,0,0,0,0,0,0,0,0,0,0,0,0
202104,51,700,3,5,Newport News (Independent City,13,13,1950610,0,0,0,0,0,0,0,0,0,13,13,1950610,0,0,0,0,0,0,0,0,0
202104,51,710,3,5,Norfolk (Independent City)    ,45,45,10765967,0,0,0,0,0,0,0,0,0,45,45,10765967,0,0,0,0,0,0,0,0,0
202104,51,730,3,5,Petersburg (Independent City) ,1,1,70000,0,0,0,0,0,0,0,0,0,1,1,70000,0,0,0,0,0,0,0,0,0
202104,51,735,3,5,Poquoson (Independent City)   ,3,3,601800,0,0,0,0,0,0,0,0,0,0,0,0,0,0,0,0,0,0,0,0,0
202104,51,740,3,5,Portsmouth (Independent City) ,16,16,1890836,0,0,0,0,0,0,0,0,0,16,16,1890836,0,0,0,0,0,0,0,0,0
202104,51,760,3,5,Richmond (Independent City)   ,67,67,14572506,0,0,0,0,0,0,0,0,0,67,67,14572506,0,0,0,0,0,0,0,0,0
202104,51,800,3,5,Suffolk (Independent City)    ,91,91,21771177,1,2,200000,0,0,0,7,182,8449000,91,91,21771177,1,2,200000,0,0,0,7,182,8449000
202104,51,810,3,5,Virginia Beach (Independent Ci,20,20,6022545,0,0,0,0,0,0,0,0,35353423,20,20,6022545,0,0,0,0,0,0,0,0,35353423
202104,51,830,3,5,Williamsburg (Independent City,1,1,803000,0,0,0,0,0,0,0,0,0,1,1,803000,0,0,0,0,0,0,0,0,0
202104,53,005,4,9,Benton County                 ,109,109,34827987,0,0,0,0,0,0,1,19,2835739,23,23,8227456,0,0,0,0,0,0,0,0,0
202104,53,011,4,9,Clark County                  ,299,299,86063701,1,2,273776,2,7,1264811,11,473,63822700,140,140,39529904,0,0,0,0,0,0,8,401,54514993
202104,53,021,4,9,Franklin County               ,64,64,17524838,0,0,0,0,0,0,0,0,0,0,0,0,0,0,0,0,0,0,0,0,0
202104,53,031,4,9,Jefferson County              ,21,21,5032524,0,0,0,0,0,0,0,0,0,1,1,172511,0,0,0,0,0,0,0,0,0
202104,53,033,4,9,King County                   ,276,276,105267088,26,52,14844117,20,67,11733019,18,577,55292342,216,216,80876241,26,52,14844117,19,64,11232507,17,571,54700904
202104,53,035,4,9,Kitsap County                 ,91,91,28959892,0,0,0,0,0,0,1,8,1031000,91,91,28959892,0,0,0,0,0,0,1,8,1031000
202104,53,053,4,9,Pierce County                 ,267,267,80378220,10,20,2378957,0,0,0,2,70,10837229,262,262,78956851,10,20,2378957,0,0,0,1,57,8679174
202104,53,055,4,9,San Juan County               ,16,16,4312447,0,0,0,0,0,0,0,0,0,0,0,0,0,0,0,0,0,0,0,0,0
202104,53,059,4,9,Skamania County               ,6,6,1692794,0,0,0,0,0,0,0,0,0,6,6,1692794,0,0,0,0,0,0,0,0,0
202104,53,061,4,9,Snohomish County              ,212,212,63068456,9,18,4244929,3,12,2981541,7,185,19758574,177,177,52119118,9,18,4244929,3,12,2981541,3,46,5227467
202104,54,011,3,5,Cabell County                 ,4,4,869250,0,0,0,0,0,0,1,5,605833,1,1,150000,0,0,0,0,0,0,0,0,0
202104,54,015,3,5,Clay County                   ,3,3,75000,0,0,0,0,0,0,0,0,0,3,3,75000,0,0,0,0,0,0,0,0,0
202104,54,019,3,5,Fayette County                ,6,6,355820,0,0,0,0,0,0,0,0,0,4,4,218950,0,0,0,0,0,0,0,0,0
202104,54,037,3,5,Jefferson County              ,19,19,4917467,0,0,0,0,0,0,0,0,0,18,18,4667211,0,0,0,0,0,0,0,0,0
202104,54,081,3,5,Raleigh County                ,9,9,2637000,0,0,0,0,0,0,0,0,0,9,9,2637000,0,0,0,0,0,0,0,0,0
202104,55,025,2,3,Dane County                   ,143,143,52922639,11,22,4795395,0,0,0,24,808,104173428,93,93,38223578,3,6,1156743,0,0,0,22,757,96402654
202104,55,031,2,3,Douglas County                ,12,12,2531464,0,0,0,0,0,0,0,0,0,12,12,2531464,0,0,0,0,0,0,0,0,0
202104,55,037,2,3,Florence County               ,5,5,648500,0,0,0,0,0,0,0,0,0,5,5,648500,0,0,0,0,0,0,0,0,0
202104,55,049,2,3,Iowa County                   ,10,10,3257870,0,0,0,0,0,0,0,0,0,10,10,3257870,0,0,0,0,0,0,0,0,0
202104,55,059,2,3,Kenosha County                ,29,29,8080842,0,0,0,0,0,0,0,0,0,24,24,6766500,0,0,0,0,0,0,0,0,0
202104,55,079,2,3,Milwaukee County              ,11,11,4616086,1,2,353000,0,0,0,3,22,2299597,10,10,4284419,1,2,353000,0,0,0,0,0,0
202104,55,089,2,3,Ozaukee County                ,34,34,13274414,2,4,1036666,0,0,0,0,0,0,23,23,8150062,1,2,460000,0,0,0,0,0,0
202104,55,093,2,3,Pierce County                 ,17,17,4625218,0,0,0,0,0,0,0,0,0,15,15,4118775,0,0,0,0,0,0,0,0,0
202104,55,109,2,3,St. Croix County              ,71,71,19533579,0,0,0,0,0,0,0,0,0,67,67,17948235,0,0,0,0,0,0,0,0,0
202104,55,131,2,3,Washington County             ,31,31,11967334,12,24,5171000,0,0,0,0,0,0,19,19,8019921,12,24,5171000,0,0,0,0,0,0
202104,56,025,4,8,Natrona County                ,15,15,4243636,0,0,0,0,0,0,1,6,597681,8,8,2137218,0,0,0,0,0,0,0,0,0
202104,56,029,4,8,Park County                   ,30,30,9178930,0,0,0,0,0,0,0,0,0,30,30,9178930,0,0,0,0,0,0,0,0,0
202104,56,039,4,8,Teton County                  ,29,29,61790469,1,2,623319,1,3,116499,0,0,0,25,25,59698050,0,0,0,0,0,0,0,0,0
