Survey,FIPS,FIPS,Region,Division,County,,1-unit,,,2-units,,,3-4 units,,,5+ units,,,1-unit rep,,,2-units rep,,,3-4 units rep,,, 5+units rep
Date,State,County,Code,Code,Name,Bldgs,Units,Value,Bldgs,Units,Value,Bldgs,Units,Value,Bldgs,Units,Value,Bldgs,Units,Value,Bldgs,Units,Value,Bldgs,Units,Value,Bldgs,Units,Value
 
202102,01,001,3,6,Autauga County                ,41,41,14056110,0,0,0,0,0,0,0,0,0,41,41,14056110,0,0,0,0,0,0,0,0,0
202102,01,007,3,6,Bibb County                   ,2,2,417960,0,0,0,0,0,0,0,0,0,0,0,0,0,0,0,0,0,0,0,0,0
202102,01,009,3,6,Blount County                 ,2,2,350586,0,0,0,0,0,0,0,0,0,0,0,0,0,0,0,0,0,0,0,0,0
202102,01,021,3,6,Chilton County                ,30,30,3992831,0,0,0,0,0,0,0,0,0,29,29,3799750,0,0,0,0,0,0,0,0,0
202102,01,073,3,6,Jefferson County              ,111,111,35901861,1,2,247329,0,0,0,1,7,705878,78,78,28642184,0,0,0,0,0,0,0,0,0
202102,01,075,3,6,Lamar County                  ,0,0,0,0,0,0,0,0,0,0,0,0,0,0,0,0,0,0,0,0,0,0,0,0
202102,01,081,3,6,Lee County                    ,133,133,36735049,2,4,853990,1,4,690016,0,0,0,102,102,29462231,2,4,853990,1,4,690016,0,0,0
202102,01,083,3,6,Limestone County              ,21,21,4895709,0,0,0,0,0,0,0,0,0,21,21,4895709,0,0,0,0,0,0,0,0,0
202102,01,089,3,6,Madison County                ,257,257,43167083,0,0,0,0,0,0,13,456,54713849,130,130,16994928,0,0,0,0,0,0,13,456,54713849
202102,01,113,3,6,Russell County                ,8,8,1835830,0,0,0,0,0,0,0,0,0,8,8,1835830,0,0,0,0,0,0,0,0,0
202102,01,115,3,6,St. Clair County              ,28,28,5128931,0,0,0,0,0,0,0,0,0,14,14,2530209,0,0,0,0,0,0,0,0,0
202102,01,117,3,6,Shelby County                 ,149,149,37650535,0,0,0,0,0,0,0,0,0,147,147,37275103,0,0,0,0,0,0,0,0,0
202102,01,127,3,6,Walker County                 ,6,6,862783,0,0,0,0,0,0,0,0,0,6,6,862783,0,0,0,0,0,0,0,0,0
202102,02,013,4,9,Aleutians East Borough        ,0,0,0,0,0,0,0,0,0,0,0,0,0,0,0,0,0,0,0,0,0,0,0,0
202102,02,016,4,9,Aleutians West Census Area    ,0,0,0,0,0,0,0,0,0,0,0,0,0,0,0,0,0,0,0,0,0,0,0,0
202102,02,020,4,9,Anchorage Municipality        ,82,82,25687464,0,0,0,1,3,521133,2,13,2055242,0,0,0,0,0,0,0,0,0,0,0,0
202102,02,050,4,9,Bethel Census Area            ,0,0,0,0,0,0,0,0,0,0,0,0,0,0,0,0,0,0,0,0,0,0,0,0
202102,02,060,4,9,Bristol Bay Borough           ,1,1,115625,0,0,0,0,0,0,0,0,0,0,0,0,0,0,0,0,0,0,0,0,0
202102,02,070,4,9,Dillingham Census Area        ,0,0,0,0,0,0,0,0,0,0,0,0,0,0,0,0,0,0,0,0,0,0,0,0
202102,02,090,4,9,Fairbanks North Star Borough  ,0,0,0,0,0,0,0,0,0,0,0,0,0,0,0,0,0,0,0,0,0,0,0,0
202102,02,100,4,9,Haines Borough                ,0,0,0,0,0,0,0,0,0,0,0,0,0,0,0,0,0,0,0,0,0,0,0,0
202102,02,105,4,9,Hoonah-Angoon Census Area     ,0,0,0,0,0,0,0,0,0,0,0,0,0,0,0,0,0,0,0,0,0,0,0,0
202102,02,110,4,9,Juneau City and Borough       ,0,0,0,0,0,0,0,0,0,0,0,0,0,0,0,0,0,0,0,0,0,0,0,0
202102,02,122,4,9,Kenai Peninsula Borough       ,5,5,848001,0,0,0,0,0,0,0,0,0,2,2,200000,0,0,0,0,0,0,0,0,0
202102,02,130,4,9,Ketchikan Gateway Borough     ,1,1,296834,0,0,0,0,0,0,0,0,0,1,1,296834,0,0,0,0,0,0,0,0,0
202102,02,150,4,9,Kodiak Island Borough         ,0,0,0,0,0,0,0,0,0,0,0,0,0,0,0,0,0,0,0,0,0,0,0,0
202102,02,170,4,9,Matanuska-Susitna Borough     ,3,3,749137,2,4,691450,0,0,0,0,0,0,2,2,466302,2,4,691450,0,0,0,0,0,0
202102,02,180,4,9,Nome Census Area              ,1,1,181950,0,0,0,0,0,0,0,0,0,0,0,0,0,0,0,0,0,0,0,0,0
202102,02,185,4,9,North Slope Borough           ,0,0,0,0,0,0,0,0,0,0,0,0,0,0,0,0,0,0,0,0,0,0,0,0
202102,02,188,4,9,Northwest Arctic Borough      ,0,0,0,0,0,0,0,0,0,0,0,0,0,0,0,0,0,0,0,0,0,0,0,0
202102,02,195,4,9,Petersburg Borough            ,1,1,193487,0,0,0,0,0,0,0,0,0,0,0,0,0,0,0,0,0,0,0,0,0
202102,02,198,4,9,Prince of Wales-Hyder Census A,0,0,0,0,0,0,0,0,0,0,0,0,0,0,0,0,0,0,0,0,0,0,0,0
202102,02,220,4,9,Sitka City and Borough        ,0,0,0,0,0,0,0,0,0,0,0,0,0,0,0,0,0,0,0,0,0,0,0,0
202102,02,230,4,9,Skagway Municipality          ,0,0,0,0,0,0,0,0,0,0,0,0,0,0,0,0,0,0,0,0,0,0,0,0
202102,02,261,4,9,Valdez-Cordova Census Area    ,1,1,319000,0,0,0,0,0,0,0,0,0,1,1,319000,0,0,0,0,0,0,0,0,0
202102,02,275,4,9,Wrangell City and Borough     ,0,0,0,0,0,0,0,0,0,0,0,0,0,0,0,0,0,0,0,0,0,0,0,0
202102,02,282,4,9,Yakutat City and Borough      ,0,0,0,0,0,0,0,0,0,0,0,0,0,0,0,0,0,0,0,0,0,0,0,0
202102,02,290,4,9,Yukon-Koyukuk Census Area     ,0,0,0,0,0,0,0,0,0,0,0,0,0,0,0,0,0,0,0,0,0,0,0,0
202102,04,013,4,8,Maricopa County               ,2347,2347,615152917,19,38,7409868,1,4,978995,51,1243,167280235,2314,2314,604814652,19,38,7409868,1,4,978995,50,1143,149877951
202102,04,019,4,8,Pima County                   ,462,462,134564375,2,4,474101,0,0,0,4,60,9014737,363,363,109170213,0,0,0,0,0,0,0,0,0
202102,04,021,4,8,Pinal County                  ,747,747,113299197,1,2,152223,0,0,0,1,12,1593792,735,735,110996280,1,2,152223,0,0,0,1,12,1593792
202102,05,013,3,7,Calhoun County                ,0,0,0,0,0,0,0,0,0,0,0,0,0,0,0,0,0,0,0,0,0,0,0,0
202102,05,035,3,7,Crittenden County             ,5,5,828083,0,0,0,0,0,0,0,0,0,4,4,636000,0,0,0,0,0,0,0,0,0
202102,05,043,3,7,Drew County                   ,0,0,0,0,0,0,0,0,0,0,0,0,0,0,0,0,0,0,0,0,0,0,0,0
202102,05,045,3,7,Faulkner County               ,23,23,5396407,1,2,151668,0,0,0,1,8,218864,1,1,265000,0,0,0,0,0,0,0,0,0
202102,05,053,3,7,Grant County                  ,3,3,503793,0,0,0,0,0,0,0,0,0,0,0,0,0,0,0,0,0,0,0,0,0
202102,05,085,3,7,Lonoke County                 ,29,29,3240567,0,0,0,0,0,0,0,0,0,5,5,1165645,0,0,0,0,0,0,0,0,0
202102,05,087,3,7,Madison County                ,9,9,1282207,0,0,0,0,0,0,0,0,0,9,9,1282207,0,0,0,0,0,0,0,0,0
202102,05,091,3,7,Miller County                 ,4,4,1082000,0,0,0,0,0,0,0,0,0,4,4,1082000,0,0,0,0,0,0,0,0,0
202102,05,105,3,7,Perry County                  ,0,0,0,0,0,0,0,0,0,0,0,0,0,0,0,0,0,0,0,0,0,0,0,0
202102,05,119,3,7,Pulaski County                ,64,64,12341835,0,0,0,0,0,0,0,0,0,64,64,12341835,0,0,0,0,0,0,0,0,0
202102,05,129,3,7,Searcy County                 ,0,0,0,0,0,0,0,0,0,0,0,0,0,0,0,0,0,0,0,0,0,0,0,0
202102,05,143,3,7,Washington County             ,121,121,32823738,0,0,0,1,3,421854,2,33,2993874,94,94,26102494,0,0,0,0,0,0,0,0,0
202102,06,001,4,9,Alameda County                ,123,123,35178044,4,8,2586560,0,0,0,8,75,22473977,81,81,21546697,4,8,2586560,0,0,0,4,43,15060000
202102,06,013,4,9,Contra Costa County           ,240,240,69731910,4,8,1224942,0,0,0,7,80,13332050,226,226,65294086,4,8,1224942,0,0,0,5,41,6675414
202102,06,017,4,9,El Dorado County              ,37,37,13979549,0,0,0,0,0,0,0,0,0,37,37,13979549,0,0,0,0,0,0,0,0,0
202102,06,019,4,9,Fresno County                 ,239,239,73383573,2,4,693822,5,15,956608,7,49,6518825,18,18,4760329,0,0,0,0,0,0,0,0,0
202102,06,037,4,9,Los Angeles County            ,460,460,146144090,45,90,18338586,3,10,2159950,33,753,136849230,347,347,97160337,43,86,17561512,0,0,0,26,696,128296821
202102,06,041,4,9,Marin County                  ,13,13,3700667,1,2,1531250,0,0,0,1,5,1074668,3,3,174000,0,0,0,0,0,0,0,0,0
202102,06,059,4,9,Orange County                 ,281,281,78235765,9,18,5434658,7,21,5937495,13,549,102160340,228,228,54595259,6,12,3766873,7,21,5937495,10,476,90449108
202102,06,061,4,9,Placer County                 ,271,271,83916602,0,0,0,0,0,0,0,0,0,269,269,83532598,0,0,0,0,0,0,0,0,0
202102,06,063,4,9,Plumas County                 ,3,3,319470,0,0,0,0,0,0,0,0,0,3,3,319470,0,0,0,0,0,0,0,0,0
202102,06,067,4,9,Sacramento County             ,467,467,126728259,0,0,0,0,0,0,0,0,0,466,466,126496340,0,0,0,0,0,0,0,0,0
202102,06,069,4,9,San Benito County             ,25,25,6979783,0,0,0,0,0,0,0,0,0,25,25,6979783,0,0,0,0,0,0,0,0,0
202102,06,071,4,9,San Bernardino County         ,307,307,71711405,7,14,2962998,0,0,0,8,48,6945870,269,269,61562471,7,14,2962998,0,0,0,5,33,5765252
202102,06,073,4,9,San Diego County              ,251,251,61413657,8,16,3089640,0,0,0,10,481,60374011,250,250,61349761,8,16,3089640,0,0,0,8,456,57975332
202102,06,075,4,9,San Francisco County          ,2,2,555367,1,2,355932,2,6,1016548,0,0,0,2,2,555367,1,2,355932,2,6,1016548,0,0,0
202102,06,081,4,9,San Mateo County              ,32,32,17214491,1,2,519360,1,4,500000,10,84,18177361,22,22,11188578,0,0,0,1,4,500000,8,67,14140177
202102,06,085,4,9,Santa Clara County            ,165,165,64679251,0,0,0,1,3,744539,4,39,7519735,117,117,46971656,0,0,0,0,0,0,2,13,2831534
202102,06,091,4,9,Sierra County                 ,0,0,0,0,0,0,0,0,0,0,0,0,0,0,0,0,0,0,0,0,0,0,0,0
202102,06,113,4,9,Yolo County                   ,68,68,20375153,0,0,0,0,0,0,1,5,1283128,57,57,16949476,0,0,0,0,0,0,0,0,0
202102,08,001,4,8,Adams County                  ,204,204,57945553,0,0,0,0,0,0,0,0,0,204,204,57945553,0,0,0,0,0,0,0,0,0
202102,08,005,4,8,Arapahoe County               ,249,249,63470377,0,0,0,0,0,0,14,174,28379710,242,242,60969100,0,0,0,0,0,0,14,174,28379710
202102,08,014,4,8,Broomfield County             ,25,25,9972789,9,18,4754291,0,0,0,0,0,0,25,25,9972789,9,18,4754291,0,0,0,0,0,0
202102,08,015,4,8,Chaffee County                ,12,12,3096090,1,2,323962,0,0,0,0,0,0,0,0,0,0,0,0,0,0,0,0,0,0
202102,08,019,4,8,Clear Creek County            ,2,2,570582,0,0,0,0,0,0,0,0,0,0,0,0,0,0,0,0,0,0,0,0,0
202102,08,031,4,8,Denver County                 ,74,74,20548565,0,0,0,0,0,0,4,338,16734000,74,74,20548565,0,0,0,0,0,0,4,338,16734000
202102,08,035,4,8,Douglas County                ,342,342,106928760,7,14,3064352,0,0,0,4,56,4709494,338,338,105392465,7,14,3064352,0,0,0,4,56,4709494
202102,08,039,4,8,Elbert County                 ,21,21,6008698,0,0,0,0,0,0,0,0,0,20,20,5866365,0,0,0,0,0,0,0,0,0
202102,08,041,4,8,El Paso County                ,551,551,213255488,0,0,0,0,0,0,4,339,81418841,551,551,213255488,0,0,0,0,0,0,4,339,81418841
202102,08,047,4,8,Gilpin County                 ,2,2,555367,0,0,0,0,0,0,0,0,0,2,2,555367,0,0,0,0,0,0,0,0,0
202102,08,059,4,8,Jefferson County              ,67,67,24180794,0,0,0,0,0,0,2,11,2254773,67,67,24180794,0,0,0,0,0,0,2,11,2254773
202102,08,069,4,8,Larimer County                ,166,166,50151298,0,0,0,0,0,0,2,24,2406969,166,166,50151298,0,0,0,0,0,0,2,24,2406969
202102,08,077,4,8,Mesa County                   ,121,121,18667725,0,0,0,0,0,0,0,0,0,121,121,18667725,0,0,0,0,0,0,0,0,0
202102,08,093,4,8,Park County                   ,15,15,5551549,0,0,0,0,0,0,0,0,0,15,15,5551549,0,0,0,0,0,0,0,0,0
202102,08,101,4,8,Pueblo County                 ,63,63,10259461,0,0,0,0,0,0,0,0,0,63,63,10259461,0,0,0,0,0,0,0,0,0
202102,08,119,4,8,Teller County                 ,10,10,3073501,0,0,0,0,0,0,0,0,0,10,10,3073501,0,0,0,0,0,0,0,0,0
202102,09,001,1,1,Fairfield County              ,67,67,38654564,0,0,0,0,0,0,4,52,12754736,51,51,24844554,0,0,0,0,0,0,2,35,6385000
202102,09,003,1,1,Hartford County               ,33,33,7363155,1,2,200000,0,0,0,2,11,805773,14,14,3158478,0,0,0,0,0,0,0,0,0
202102,09,007,1,1,Middlesex County              ,9,9,1755234,0,0,0,0,0,0,0,0,0,4,4,769000,0,0,0,0,0,0,0,0,0
202102,09,013,1,1,Tolland County                ,14,14,2785623,0,0,0,0,0,0,2,11,1106451,8,8,1318682,0,0,0,0,0,0,0,0,0
202102,10,001,3,5,Kent County                   ,119,119,17909700,5,10,1018432,0,0,0,0,0,0,41,41,6407425,5,10,1018432,0,0,0,0,0,0
202102,10,003,3,5,New Castle County             ,124,124,12587124,0,0,0,0,0,0,2,18,850995,0,0,0,0,0,0,0,0,0,0,0,0
202102,10,005,3,5,Sussex County                 ,443,443,63338701,14,28,2821600,0,0,0,1,36,1700000,443,443,63338701,14,28,2821600,0,0,0,1,36,1700000
202102,11,001,3,5,Washington  DC                ,40,40,9325160,0,0,0,1,4,523182,6,705,84499466,40,40,9325160,0,0,0,1,4,523182,6,705,84499466
202102,12,003,3,5,Baker County                  ,14,14,2531947,0,0,0,0,0,0,0,0,0,14,14,2531947,0,0,0,0,0,0,0,0,0
202102,12,019,3,5,Clay County                   ,121,121,24375463,0,0,0,0,0,0,0,0,0,120,120,24217685,0,0,0,0,0,0,0,0,0
202102,12,029,3,5,Dixie County                  ,3,3,378970,0,0,0,0,0,0,0,0,0,0,0,0,0,0,0,0,0,0,0,0,0
202102,12,031,3,5,Duval County                  ,448,448,106498566,0,0,0,0,0,0,7,210,25170054,439,439,103585611,0,0,0,0,0,0,7,210,25170054
202102,12,033,3,5,Escambia County               ,11,11,2564419,0,0,0,0,0,0,0,0,0,11,11,2564419,0,0,0,0,0,0,0,0,0
202102,12,053,3,5,Hernando County               ,109,109,28134361,0,0,0,0,0,0,0,0,0,109,109,28134361,0,0,0,0,0,0,0,0,0
202102,12,057,3,5,Hillsborough County           ,399,399,89866231,1,2,300000,0,0,0,0,0,0,399,399,89866231,1,2,300000,0,0,0,0,0,0
202102,12,067,3,5,Lafayette County              ,1,1,233105,0,0,0,0,0,0,0,0,0,0,0,0,0,0,0,0,0,0,0,0,0
202102,12,071,3,5,Lee County                    ,690,690,273273967,49,98,11594455,3,12,3627183,3,30,3243650,690,690,273273967,49,98,11594455,3,12,3627183,3,30,3243650
202102,12,073,3,5,Leon County                   ,66,66,13036922,1,2,221600,0,0,0,4,98,12591013,0,0,0,0,0,0,0,0,0,0,0,0
202102,12,081,3,5,Manatee County                ,417,417,82275400,0,0,0,3,12,1437060,2,19,1409640,417,417,82275400,0,0,0,3,12,1437060,2,19,1409640
202102,12,086,3,5,Miami-Dade County             ,231,231,193600219,13,26,5138046,0,0,0,11,353,51070839,198,198,184344356,12,24,4910546,0,0,0,8,307,46090242
202102,12,089,3,5,Nassau County                 ,131,131,31508035,0,0,0,0,0,0,0,0,0,10,10,2712138,0,0,0,0,0,0,0,0,0
202102,12,091,3,5,Okaloosa County               ,121,121,35984800,2,4,671845,0,0,0,0,0,0,121,121,35984800,2,4,671845,0,0,0,0,0,0
202102,12,095,3,5,Orange County                 ,357,357,117165832,5,10,1697686,0,0,0,3,55,7251030,356,356,117005832,5,10,1697686,0,0,0,3,55,7251030
202102,12,097,3,5,Osceola County                ,221,221,54533492,0,0,0,0,0,0,0,0,0,221,221,54533492,0,0,0,0,0,0,0,0,0
202102,12,101,3,5,Pasco County                  ,675,675,141735880,0,0,0,0,0,0,1,5,431250,670,670,141127093,0,0,0,0,0,0,0,0,0
202102,12,103,3,5,Pinellas County               ,86,86,28957423,1,2,277815,0,0,0,5,418,45467856,84,84,27872182,1,2,277815,0,0,0,4,413,43187856
202102,12,109,3,5,St. Johns County              ,530,530,123669398,0,0,0,1,4,731654,12,350,38769132,530,530,123669398,0,0,0,1,4,731654,12,350,38769132
202102,12,113,3,5,Santa Rosa County             ,149,149,34736221,56,112,13832896,0,0,0,0,0,0,149,149,34736221,56,112,13832896,0,0,0,0,0,0
202102,12,115,3,5,Sarasota County               ,373,373,132470755,1,2,392000,1,4,1085328,8,61,11984529,373,373,132470755,1,2,392000,1,4,1085328,8,61,11984529
202102,12,117,3,5,Seminole County               ,81,81,24537886,0,0,0,0,0,0,3,45,5040240,74,74,23132483,0,0,0,0,0,0,1,7,1472086
202102,12,119,3,5,Sumter County                 ,277,277,75503449,0,0,0,0,0,0,1,6,1334000,276,276,75311165,0,0,0,0,0,0,1,6,1334000
202102,12,129,3,5,Wakulla County                ,23,23,4808743,0,0,0,0,0,0,0,0,0,23,23,4808743,0,0,0,0,0,0,0,0,0
202102,12,131,3,5,Walton County                 ,225,225,109553771,0,0,0,0,0,0,3,252,26550738,225,225,109553771,0,0,0,0,0,0,3,252,26550738
202102,12,133,3,5,Washington County             ,6,6,886370,0,0,0,0,0,0,0,0,0,0,0,0,0,0,0,0,0,0,0,0,0
202102,13,007,3,5,Baker County                  ,0,0,0,0,0,0,0,0,0,0,0,0,0,0,0,0,0,0,0,0,0,0,0,0
202102,13,013,3,5,Barrow County                 ,97,97,12681132,0,0,0,0,0,0,4,29,2784000,81,81,10296970,0,0,0,0,0,0,4,29,2784000
202102,13,015,3,5,Bartow County                 ,75,75,8741305,0,0,0,0,0,0,0,0,0,75,75,8741305,0,0,0,0,0,0,0,0,0
202102,13,021,3,5,Bibb County                   ,13,13,2298522,0,0,0,0,0,0,0,0,0,0,0,0,0,0,0,0,0,0,0,0,0
202102,13,029,3,5,Bryan County                  ,40,40,12037801,0,0,0,1,4,564000,0,0,0,40,40,12037801,0,0,0,1,4,564000,0,0,0
202102,13,033,3,5,Burke County                  ,6,6,1134495,0,0,0,0,0,0,0,0,0,0,0,0,0,0,0,0,0,0,0,0,0
202102,13,035,3,5,Butts County                  ,9,9,3015644,0,0,0,0,0,0,0,0,0,0,0,0,0,0,0,0,0,0,0,0,0
202102,13,045,3,5,Carroll County                ,104,104,25990634,0,0,0,0,0,0,0,0,0,104,104,25990634,0,0,0,0,0,0,0,0,0
202102,13,051,3,5,Chatham County                ,95,95,19194717,2,4,1182032,1,4,853960,0,0,0,46,46,7944182,2,4,1182032,1,4,853960,0,0,0
202102,13,057,3,5,Cherokee County               ,186,186,52043368,0,0,0,0,0,0,0,0,0,186,186,52043368,0,0,0,0,0,0,0,0,0
202102,13,059,3,5,Clarke County                 ,36,36,6491564,0,0,0,0,0,0,0,0,0,36,36,6491564,0,0,0,0,0,0,0,0,0
202102,13,063,3,5,Clayton County                ,76,76,20757207,0,0,0,0,0,0,0,0,0,75,75,20227123,0,0,0,0,0,0,0,0,0
202102,13,067,3,5,Cobb County                   ,140,140,32847376,2,4,571327,2,7,1519654,4,22,3855967,134,134,31535838,2,4,571327,2,7,1519654,4,22,3855967
202102,13,073,3,5,Columbia County               ,123,123,24451199,0,0,0,1,3,319170,0,0,0,34,34,7154545,0,0,0,1,3,319170,0,0,0
202102,13,077,3,5,Coweta County                 ,101,101,35581129,0,0,0,0,0,0,0,0,0,94,94,33578242,0,0,0,0,0,0,0,0,0
202102,13,085,3,5,Dawson County                 ,29,29,7261728,0,0,0,0,0,0,0,0,0,29,29,7261728,0,0,0,0,0,0,0,0,0
202102,13,095,3,5,Dougherty County              ,2,2,410153,0,0,0,0,0,0,1,17,2537586,0,0,0,0,0,0,0,0,0,0,0,0
202102,13,097,3,5,Douglas County                ,65,65,9367560,0,0,0,0,0,0,0,0,0,65,65,9367560,0,0,0,0,0,0,0,0,0
202102,13,111,3,5,Fannin County                 ,39,39,8153956,0,0,0,0,0,0,0,0,0,39,39,8153956,0,0,0,0,0,0,0,0,0
202102,13,113,3,5,Fayette County                ,51,51,17195974,0,0,0,0,0,0,0,0,0,45,45,14892032,0,0,0,0,0,0,0,0,0
202102,13,115,3,5,Floyd County                  ,18,18,24200019,0,0,0,0,0,0,0,0,0,18,18,24200019,0,0,0,0,0,0,0,0,0
202102,13,117,3,5,Forsyth County                ,258,258,45792021,0,0,0,0,0,0,0,0,0,258,258,45792021,0,0,0,0,0,0,0,0,0
202102,13,121,3,5,Fulton County                 ,252,252,72382843,0,0,0,1,3,899993,3,18,4565087,224,224,67217731,0,0,0,1,3,899993,3,18,4565087
202102,13,127,3,5,Glynn County                  ,36,36,11588417,1,2,277000,0,0,0,0,0,0,0,0,0,0,0,0,0,0,0,0,0,0
202102,13,135,3,5,Gwinnett County               ,371,371,86213796,1,2,300000,4,12,3378700,4,24,4908155,360,360,83268178,1,2,300000,4,12,3378700,3,19,3408155
202102,13,143,3,5,Haralson County               ,5,5,1144530,0,0,0,0,0,0,0,0,0,0,0,0,0,0,0,0,0,0,0,0,0
202102,13,145,3,5,Harris County                 ,22,22,5327855,0,0,0,0,0,0,0,0,0,22,22,5327855,0,0,0,0,0,0,0,0,0
202102,13,149,3,5,Heard County                  ,1,1,300000,0,0,0,0,0,0,0,0,0,1,1,300000,0,0,0,0,0,0,0,0,0
202102,13,151,3,5,Henry County                  ,156,156,34714607,0,0,0,0,0,0,0,0,0,112,112,27985562,0,0,0,0,0,0,0,0,0
202102,13,159,3,5,Jasper County                 ,7,7,937818,0,0,0,0,0,0,0,0,0,0,0,0,0,0,0,0,0,0,0,0,0
202102,13,171,3,5,Lamar County                  ,15,15,3089006,0,0,0,0,0,0,0,0,0,15,15,3089006,0,0,0,0,0,0,0,0,0
202102,13,177,3,5,Lee County                    ,13,13,1690040,0,0,0,0,0,0,0,0,0,13,13,1690040,0,0,0,0,0,0,0,0,0
202102,13,179,3,5,Liberty County                ,57,57,12503451,0,0,0,0,0,0,0,0,0,57,57,12503451,0,0,0,0,0,0,0,0,0
202102,13,189,3,5,McDuffie County               ,2,2,390000,0,0,0,0,0,0,0,0,0,2,2,390000,0,0,0,0,0,0,0,0,0
202102,13,199,3,5,Meriwether County             ,7,7,1411736,0,0,0,0,0,0,0,0,0,6,6,1267191,0,0,0,0,0,0,0,0,0
202102,13,201,3,5,Miller County                 ,0,0,0,0,0,0,0,0,0,0,0,0,0,0,0,0,0,0,0,0,0,0,0,0
202102,13,207,3,5,Monroe County                 ,17,17,4609127,0,0,0,0,0,0,0,0,0,0,0,0,0,0,0,0,0,0,0,0,0
202102,13,215,3,5,Muscogee County               ,29,29,5470469,0,0,0,1,3,95320,1,29,4116343,0,0,0,0,0,0,0,0,0,0,0,0
202102,13,217,3,5,Newton County                 ,161,161,23973000,0,0,0,0,0,0,0,0,0,161,161,23973000,0,0,0,0,0,0,0,0,0
202102,13,227,3,5,Pickens County                ,30,30,8365779,0,0,0,0,0,0,0,0,0,27,27,7869263,0,0,0,0,0,0,0,0,0
202102,13,231,3,5,Pike County                   ,22,22,5128838,0,0,0,0,0,0,0,0,0,22,22,5128838,0,0,0,0,0,0,0,0,0
202102,13,235,3,5,Pulaski County                ,4,4,675000,0,0,0,0,0,0,0,0,0,4,4,675000,0,0,0,0,0,0,0,0,0
202102,13,245,3,5,Richmond County               ,34,34,5381653,0,0,0,0,0,0,1,6,344636,0,0,0,0,0,0,0,0,0,0,0,0
202102,13,247,3,5,Rockdale County               ,30,30,8276517,0,0,0,0,0,0,0,0,0,30,30,8276517,0,0,0,0,0,0,0,0,0
202102,13,255,3,5,Spalding County               ,59,59,11381798,0,0,0,0,0,0,0,0,0,59,59,11381798,0,0,0,0,0,0,0,0,0
202102,13,275,3,5,Thomas County                 ,8,8,1578350,0,0,0,0,0,0,0,0,0,8,8,1578350,0,0,0,0,0,0,0,0,0
202102,13,291,3,5,Union County                  ,21,21,6463940,0,0,0,0,0,0,0,0,0,21,21,6463940,0,0,0,0,0,0,0,0,0
202102,15,001,4,9,Hawaii County                 ,39,39,11811065,0,0,0,0,0,0,0,0,0,39,39,11811065,0,0,0,0,0,0,0,0,0
202102,15,003,4,9,Honolulu County               ,90,90,36919200,0,0,0,1,3,1948873,4,104,19476877,0,0,0,0,0,0,0,0,0,0,0,0
202102,15,007,4,9,Kauai County                  ,17,17,22186357,0,0,0,0,0,0,0,0,0,17,17,22186357,0,0,0,0,0,0,0,0,0
202102,15,009,4,9,Maui County                   ,40,40,9285400,0,0,0,0,0,0,0,0,0,40,40,9285400,0,0,0,0,0,0,0,0,0
202102,16,001,4,8,Ada County                    ,425,425,125238265,0,0,0,4,15,2584699,11,141,20927110,425,425,125238265,0,0,0,4,15,2584699,11,141,20927110
202102,16,015,4,8,Boise County                  ,4,4,1347094,0,0,0,0,0,0,0,0,0,4,4,1347094,0,0,0,0,0,0,0,0,0
202102,16,027,4,8,Canyon County                 ,256,256,40424983,1,2,123710,1,4,297397,3,44,3606817,128,128,20962570,0,0,0,0,0,0,0,0,0
202102,16,045,4,8,Gem County                    ,27,27,4929743,0,0,0,0,0,0,0,0,0,27,27,4929743,0,0,0,0,0,0,0,0,0
202102,16,073,4,8,Owyhee County                 ,3,3,407706,0,0,0,0,0,0,0,0,0,1,1,34516,0,0,0,0,0,0,0,0,0
202102,17,005,2,3,Bond County                   ,1,1,176208,0,0,0,0,0,0,0,0,0,0,0,0,0,0,0,0,0,0,0,0,0
202102,17,013,2,3,Calhoun County                ,0,0,0,0,0,0,0,0,0,0,0,0,0,0,0,0,0,0,0,0,0,0,0,0
202102,17,031,2,3,Cook County                   ,78,78,30198661,1,2,401500,10,30,5420134,8,278,38207419,56,56,22842051,0,0,0,10,30,5420134,7,265,34486092
202102,17,037,2,3,DeKalb County                 ,6,6,1499000,0,0,0,0,0,0,0,0,0,5,5,1419000,0,0,0,0,0,0,0,0,0
202102,17,039,2,3,De Witt County                ,0,0,0,0,0,0,0,0,0,0,0,0,0,0,0,0,0,0,0,0,0,0,0,0
202102,17,043,2,3,DuPage County                 ,60,60,28851886,0,0,0,0,0,0,1,7,1212831,48,48,24351292,0,0,0,0,0,0,0,0,0
202102,17,063,2,3,Grundy County                 ,9,9,1997368,0,0,0,0,0,0,0,0,0,9,9,1997368,0,0,0,0,0,0,0,0,0
202102,17,083,2,3,Jersey County                 ,5,5,1357748,0,0,0,0,0,0,0,0,0,1,1,201853,0,0,0,0,0,0,0,0,0
202102,17,093,2,3,Kendall County                ,50,50,8515398,0,0,0,0,0,0,0,0,0,42,42,7111065,0,0,0,0,0,0,0,0,0
202102,17,097,2,3,Lake County                   ,58,58,21690205,0,0,0,0,0,0,0,0,0,40,40,16677307,0,0,0,0,0,0,0,0,0
202102,17,111,2,3,McHenry County                ,27,27,5288980,0,0,0,0,0,0,0,0,0,22,22,4623311,0,0,0,0,0,0,0,0,0
202102,17,119,2,3,Madison County                ,24,24,6371049,0,0,0,0,0,0,0,0,0,19,19,5342971,0,0,0,0,0,0,0,0,0
202102,17,133,2,3,Monroe County                 ,12,12,3613811,0,0,0,0,0,0,0,0,0,12,12,3613811,0,0,0,0,0,0,0,0,0
202102,17,197,2,3,Will County                   ,75,75,19330259,2,4,760000,0,0,0,1,6,769096,69,69,18072547,2,4,760000,0,0,0,1,6,769096
202102,18,003,2,3,Allen County                  ,131,131,36475562,0,0,0,0,0,0,0,0,0,131,131,36475562,0,0,0,0,0,0,0,0,0
202102,18,011,2,3,Boone County                  ,62,62,31053100,0,0,0,0,0,0,0,0,0,61,61,30832272,0,0,0,0,0,0,0,0,0
202102,18,013,2,3,Brown County                  ,4,4,1113758,0,0,0,0,0,0,0,0,0,4,4,1113758,0,0,0,0,0,0,0,0,0
202102,18,019,2,3,Clark County                  ,51,51,10398558,1,2,290559,0,0,0,0,0,0,39,39,7928573,0,0,0,0,0,0,0,0,0
202102,18,047,2,3,Franklin County               ,7,7,2364530,0,0,0,0,0,0,0,0,0,7,7,2364530,0,0,0,0,0,0,0,0,0
202102,18,057,2,3,Hamilton County               ,286,286,85407275,4,8,1028104,1,4,940000,1,6,1500000,280,280,83672120,4,8,1028104,1,4,940000,1,6,1500000
202102,18,059,2,3,Hancock County                ,80,80,21285970,2,4,972476,0,0,0,0,0,0,80,80,21285970,2,4,972476,0,0,0,0,0,0
202102,18,061,2,3,Harrison County               ,15,15,3199000,0,0,0,0,0,0,0,0,0,15,15,3199000,0,0,0,0,0,0,0,0,0
202102,18,063,2,3,Hendricks County              ,112,112,33377120,0,0,0,0,0,0,0,0,0,87,87,26717254,0,0,0,0,0,0,0,0,0
202102,18,069,2,3,Huntington County             ,2,2,487860,0,0,0,0,0,0,0,0,0,2,2,487860,0,0,0,0,0,0,0,0,0
202102,18,073,2,3,Jasper County                 ,4,4,991879,0,0,0,0,0,0,0,0,0,4,4,991879,0,0,0,0,0,0,0,0,0
202102,18,081,2,3,Johnson County                ,96,96,25982218,1,2,451600,0,0,0,0,0,0,93,93,25423857,1,2,451600,0,0,0,0,0,0
202102,18,087,2,3,Lagrange County               ,4,4,778000,0,0,0,0,0,0,0,0,0,4,4,778000,0,0,0,0,0,0,0,0,0
202102,18,089,2,3,Lake County                   ,96,96,25130528,0,0,0,0,0,0,0,0,0,94,94,24664813,0,0,0,0,0,0,0,0,0
202102,18,097,2,3,Marion County                 ,71,71,19222663,1,2,300708,1,4,1050000,5,32,4228333,71,71,19222663,1,2,300708,1,4,1050000,4,27,4125000
202102,18,105,2,3,Monroe County                 ,19,19,5058649,0,0,0,0,0,0,1,30,3482940,0,0,0,0,0,0,0,0,0,0,0,0
202102,18,109,2,3,Morgan County                 ,16,16,6191145,0,0,0,0,0,0,0,0,0,16,16,6191145,0,0,0,0,0,0,0,0,0
202102,18,111,2,3,Newton County                 ,3,3,507500,0,0,0,0,0,0,0,0,0,2,2,355000,0,0,0,0,0,0,0,0,0
202102,18,115,2,3,Ohio County                   ,2,2,765000,0,0,0,0,0,0,0,0,0,2,2,765000,0,0,0,0,0,0,0,0,0
202102,18,119,2,3,Owen County                   ,3,3,802421,0,0,0,0,0,0,0,0,0,0,0,0,0,0,0,0,0,0,0,0,0
202102,18,127,2,3,Porter County                 ,50,50,14499310,2,4,854640,0,0,0,0,0,0,39,39,12918770,2,4,854640,0,0,0,0,0,0
202102,18,133,2,3,Putnam County                 ,7,7,1615000,0,0,0,0,0,0,0,0,0,7,7,1615000,0,0,0,0,0,0,0,0,0
202102,18,145,2,3,Shelby County                 ,3,3,491373,0,0,0,0,0,0,0,0,0,0,0,0,0,0,0,0,0,0,0,0,0
202102,18,151,2,3,Steuben County                ,11,11,3944128,0,0,0,0,0,0,0,0,0,11,11,3944128,0,0,0,0,0,0,0,0,0
202102,18,157,2,3,Tippecanoe County             ,23,23,5773819,0,0,0,0,0,0,1,20,1417545,18,18,5096847,0,0,0,0,0,0,0,0,0
202102,18,163,2,3,Vanderburgh County            ,26,26,5864756,2,4,846806,0,0,0,0,0,0,14,14,3567880,1,2,600000,0,0,0,0,0,0
202102,18,167,2,3,Vigo County                   ,1,1,221809,0,0,0,0,0,0,0,0,0,0,0,0,0,0,0,0,0,0,0,0,0
202102,18,175,2,3,Washington County             ,3,3,705000,0,0,0,0,0,0,0,0,0,0,0,0,0,0,0,0,0,0,0,0,0
202102,18,183,2,3,Whitley County                ,10,10,2762836,1,2,359143,0,0,0,0,0,0,10,10,2762836,1,2,359143,0,0,0,0,0,0
202102,19,049,2,4,Dallas County                 ,70,70,19984103,0,0,0,0,0,0,0,0,0,69,69,19636166,0,0,0,0,0,0,0,0,0
202102,19,085,2,4,Harrison County               ,1,1,225000,0,0,0,0,0,0,0,0,0,0,0,0,0,0,0,0,0,0,0,0,0
202102,19,129,2,4,Mills County                  ,1,1,266667,0,0,0,0,0,0,0,0,0,0,0,0,0,0,0,0,0,0,0,0,0
202102,19,153,2,4,Polk County                   ,258,258,58735553,0,0,0,0,0,0,2,122,19831111,252,252,56755292,0,0,0,0,0,0,1,114,19000000
202102,19,181,2,4,Warren County                 ,22,22,6823179,0,0,0,0,0,0,0,0,0,22,22,6823179,0,0,0,0,0,0,0,0,0
202102,20,061,2,4,Geary County                  ,1,1,260128,0,0,0,0,0,0,0,0,0,0,0,0,0,0,0,0,0,0,0,0,0
202102,20,091,2,4,Johnson County                ,167,167,63096392,3,6,2274000,0,0,0,4,405,49103980,160,160,58988033,3,6,2274000,0,0,0,4,405,49103980
202102,20,103,2,4,Leavenworth County            ,20,20,4419325,7,14,2114061,0,0,0,0,0,0,20,20,4419325,7,14,2114061,0,0,0,0,0,0
202102,20,107,2,4,Linn County                   ,3,3,395000,0,0,0,0,0,0,0,0,0,3,3,395000,0,0,0,0,0,0,0,0,0
202102,20,121,2,4,Miami County                  ,6,6,1958320,1,2,250000,1,4,500000,0,0,0,1,1,125000,1,2,250000,1,4,500000,0,0,0
202102,20,209,2,4,Wyandotte County              ,16,16,3070083,0,0,0,0,0,0,0,0,0,0,0,0,0,0,0,0,0,0,0,0,0
202102,21,005,3,6,Anderson County               ,5,5,944660,0,0,0,0,0,0,0,0,0,5,5,944660,0,0,0,0,0,0,0,0,0
202102,21,015,3,6,Boone County                  ,58,58,11865733,0,0,0,1,4,573822,24,220,13883752,58,58,11865733,0,0,0,1,4,573822,24,220,13883752
202102,21,017,3,6,Bourbon County                ,5,5,1314886,0,0,0,0,0,0,0,0,0,0,0,0,0,0,0,0,0,0,0,0,0
202102,21,021,3,6,Boyle County                  ,1,1,188308,2,4,365852,0,0,0,0,0,0,0,0,0,0,0,0,0,0,0,0,0,0
202102,21,029,3,6,Bullitt County                ,24,24,7921687,0,0,0,0,0,0,0,0,0,24,24,7921687,0,0,0,0,0,0,0,0,0
202102,21,035,3,6,Calloway County               ,1,1,191000,0,0,0,0,0,0,0,0,0,1,1,191000,0,0,0,0,0,0,0,0,0
202102,21,037,3,6,Campbell County               ,27,27,6395500,0,0,0,0,0,0,19,355,35796042,25,25,5721250,0,0,0,0,0,0,19,355,35796042
202102,21,045,3,6,Casey County                  ,0,0,0,0,0,0,0,0,0,0,0,0,0,0,0,0,0,0,0,0,0,0,0,0
202102,21,047,3,6,Christian County              ,4,4,311600,0,0,0,0,0,0,0,0,0,1,1,98000,0,0,0,0,0,0,0,0,0
202102,21,049,3,6,Clark County                  ,4,4,932694,0,0,0,0,0,0,1,5,346250,0,0,0,0,0,0,0,0,0,0,0,0
202102,21,059,3,6,Daviess County                ,27,27,2059960,0,0,0,0,0,0,0,0,0,27,27,2059960,0,0,0,0,0,0,0,0,0
202102,21,067,3,6,Fayette County                ,57,57,12834756,0,0,0,0,0,0,1,62,6744767,0,0,0,0,0,0,0,0,0,0,0,0
202102,21,069,3,6,Fleming County                ,0,0,0,0,0,0,0,0,0,0,0,0,0,0,0,0,0,0,0,0,0,0,0,0
202102,21,077,3,6,Gallatin County               ,2,2,412275,0,0,0,0,0,0,0,0,0,0,0,0,0,0,0,0,0,0,0,0,0
202102,21,081,3,6,Grant County                  ,6,6,1112095,0,0,0,0,0,0,0,0,0,0,0,0,0,0,0,0,0,0,0,0,0
202102,21,091,3,6,Hancock County                ,0,0,0,0,0,0,0,0,0,0,0,0,0,0,0,0,0,0,0,0,0,0,0,0
202102,21,099,3,6,Hart County                   ,2,2,174643,0,0,0,0,0,0,0,0,0,0,0,0,0,0,0,0,0,0,0,0,0
202102,21,101,3,6,Henderson County              ,4,4,695000,0,0,0,0,0,0,0,0,0,4,4,695000,0,0,0,0,0,0,0,0,0
202102,21,103,3,6,Henry County                  ,3,3,627136,0,0,0,0,0,0,0,0,0,0,0,0,0,0,0,0,0,0,0,0,0
202102,21,111,3,6,Jefferson County              ,119,119,36471852,0,0,0,0,0,0,6,171,16634893,1,1,350000,0,0,0,0,0,0,0,0,0
202102,21,113,3,6,Jessamine County              ,14,14,5359304,0,0,0,0,0,0,0,0,0,4,4,3850000,0,0,0,0,0,0,0,0,0
202102,21,115,3,6,Johnson County                ,0,0,0,0,0,0,0,0,0,0,0,0,0,0,0,0,0,0,0,0,0,0,0,0
202102,21,117,3,6,Kenton County                 ,34,34,9399170,0,0,0,0,0,0,0,0,0,21,21,5842157,0,0,0,0,0,0,0,0,0
202102,21,121,3,6,Knox County                   ,0,0,0,0,0,0,0,0,0,0,0,0,0,0,0,0,0,0,0,0,0,0,0,0
202102,21,123,3,6,Larue County                  ,1,1,233129,0,0,0,0,0,0,0,0,0,1,1,233129,0,0,0,0,0,0,0,0,0
202102,21,137,3,6,Lincoln County                ,4,4,355918,0,0,0,0,0,0,0,0,0,0,0,0,0,0,0,0,0,0,0,0,0
202102,21,145,3,6,McCracken County              ,10,10,2380868,0,0,0,0,0,0,0,0,0,2,2,565000,0,0,0,0,0,0,0,0,0
202102,21,151,3,6,Madison County                ,17,17,1707897,1,2,112996,0,0,0,1,5,168572,5,5,656000,0,0,0,0,0,0,0,0,0
202102,21,157,3,6,Marshall County               ,1,1,292000,0,0,0,0,0,0,0,0,0,1,1,292000,0,0,0,0,0,0,0,0,0
202102,21,161,3,6,Mason County                  ,1,1,160000,0,0,0,0,0,0,0,0,0,1,1,160000,0,0,0,0,0,0,0,0,0
202102,21,163,3,6,Meade County                  ,2,2,345000,0,0,0,0,0,0,0,0,0,2,2,345000,0,0,0,0,0,0,0,0,0
202102,21,167,3,6,Mercer County                 ,0,0,0,0,0,0,0,0,0,0,0,0,0,0,0,0,0,0,0,0,0,0,0,0
202102,21,175,3,6,Morgan County                 ,2,2,150000,0,0,0,0,0,0,0,0,0,0,0,0,0,0,0,0,0,0,0,0,0
202102,21,179,3,6,Nelson County                 ,10,10,2006000,3,6,2100000,0,0,0,0,0,0,10,10,2006000,3,6,2100000,0,0,0,0,0,0
202102,21,185,3,6,Oldham County                 ,32,32,10065996,0,0,0,0,0,0,0,0,0,32,32,10065996,0,0,0,0,0,0,0,0,0
202102,21,191,3,6,Pendleton County              ,0,0,0,0,0,0,0,0,0,0,0,0,0,0,0,0,0,0,0,0,0,0,0,0
202102,21,209,3,6,Scott County                  ,26,26,6086101,0,0,0,0,0,0,3,18,1911000,26,26,6086101,0,0,0,0,0,0,3,18,1911000
202102,21,211,3,6,Shelby County                 ,25,25,7594930,0,0,0,0,0,0,0,0,0,25,25,7594930,0,0,0,0,0,0,0,0,0
202102,21,213,3,6,Simpson County                ,8,8,1068000,0,0,0,0,0,0,0,0,0,8,8,1068000,0,0,0,0,0,0,0,0,0
202102,21,215,3,6,Spencer County                ,12,12,2797548,0,0,0,0,0,0,0,0,0,12,12,2797548,0,0,0,0,0,0,0,0,0
202102,21,221,3,6,Trigg County                  ,0,0,0,0,0,0,0,0,0,0,0,0,0,0,0,0,0,0,0,0,0,0,0,0
202102,21,239,3,6,Woodford County               ,2,2,690500,0,0,0,0,0,0,0,0,0,2,2,690500,0,0,0,0,0,0,0,0,0
202102,22,005,3,7,Ascension Parish              ,85,85,13167387,0,0,0,0,0,0,0,0,0,0,0,0,0,0,0,0,0,0,0,0,0
202102,22,015,3,7,Bossier Parish                ,57,57,11060749,0,0,0,0,0,0,0,0,0,27,27,4131180,0,0,0,0,0,0,0,0,0
202102,22,017,3,7,Caddo Parish                  ,12,12,2038600,0,0,0,0,0,0,0,0,0,12,12,2038600,0,0,0,0,0,0,0,0,0
202102,22,031,3,7,De Soto Parish                ,8,8,2225273,0,0,0,0,0,0,0,0,0,3,3,699387,0,0,0,0,0,0,0,0,0
202102,22,033,3,7,East Baton Rouge Parish       ,117,117,28885944,0,0,0,0,0,0,0,0,0,117,117,28885944,0,0,0,0,0,0,0,0,0
202102,22,037,3,7,East Feliciana Parish         ,6,6,1254455,0,0,0,0,0,0,0,0,0,6,6,1254455,0,0,0,0,0,0,0,0,0
202102,22,047,3,7,Iberville Parish              ,9,9,2182342,0,0,0,0,0,0,0,0,0,0,0,0,0,0,0,0,0,0,0,0,0
202102,22,051,3,7,Jefferson Parish              ,46,46,12995923,0,0,0,0,0,0,0,0,0,43,43,12459043,0,0,0,0,0,0,0,0,0
202102,22,055,3,7,Lafayette Parish              ,115,115,27543723,0,0,0,0,0,0,0,0,0,37,37,9019394,0,0,0,0,0,0,0,0,0
202102,22,063,3,7,Livingston Parish             ,89,89,17955966,0,0,0,0,0,0,0,0,0,1,1,121295,0,0,0,0,0,0,0,0,0
202102,22,071,3,7,Orleans Parish                ,55,55,12056545,13,26,2795421,0,0,0,1,40,7443670,0,0,0,0,0,0,0,0,0,0,0,0
202102,22,075,3,7,Plaquemines Parish            ,9,9,2285480,0,0,0,0,0,0,0,0,0,9,9,2285480,0,0,0,0,0,0,0,0,0
202102,22,077,3,7,Pointe Coupee Parish          ,2,2,466100,0,0,0,0,0,0,0,0,0,2,2,466100,0,0,0,0,0,0,0,0,0
202102,22,087,3,7,St. Bernard Parish            ,37,37,7252687,1,2,220000,0,0,0,0,0,0,37,37,7252687,1,2,220000,0,0,0,0,0,0
202102,22,089,3,7,St. Charles Parish            ,11,11,3621790,0,0,0,0,0,0,0,0,0,11,11,3621790,0,0,0,0,0,0,0,0,0
202102,22,091,3,7,St. Helena Parish             ,3,3,534366,0,0,0,0,0,0,0,0,0,0,0,0,0,0,0,0,0,0,0,0,0
202102,22,095,3,7,St. John the Baptist Parish   ,8,8,1432540,0,0,0,0,0,0,0,0,0,0,0,0,0,0,0,0,0,0,0,0,0
202102,22,099,3,7,St. Martin Parish             ,22,22,4150812,0,0,0,0,0,0,0,0,0,7,7,1400285,0,0,0,0,0,0,0,0,0
202102,22,103,3,7,St. Tammany Parish            ,134,134,36841937,2,4,390000,0,0,0,0,0,0,127,127,34501237,2,4,390000,0,0,0,0,0,0
202102,22,109,3,7,Terrebonne Parish             ,13,13,3545214,1,2,155556,0,0,0,0,0,0,0,0,0,0,0,0,0,0,0,0,0,0
202102,22,121,3,7,West Baton Rouge Parish       ,17,17,2942976,0,0,0,0,0,0,0,0,0,1,1,400000,0,0,0,0,0,0,0,0,0
202102,22,125,3,7,West Feliciana Parish         ,5,5,1246497,0,0,0,0,0,0,0,0,0,5,5,1246497,0,0,0,0,0,0,0,0,0
202102,23,000,1,1,Maine Unorganized Territory   ,3,3,398401,0,0,0,0,0,0,0,0,0,0,0,0,0,0,0,0,0,0,0,0,0
202102,24,003,3,5,Anne Arundel County           ,126,126,29365831,0,0,0,0,0,0,1,16,4036292,122,122,28441738,0,0,0,0,0,0,0,0,0
202102,24,005,3,5,Baltimore County              ,55,55,12822095,0,0,0,0,0,0,0,0,0,55,55,12822095,0,0,0,0,0,0,0,0,0
202102,24,009,3,5,Calvert County                ,18,18,4196322,0,0,0,0,0,0,0,0,0,18,18,4196322,0,0,0,0,0,0,0,0,0
202102,24,013,3,5,Carroll County                ,31,31,7226999,0,0,0,0,0,0,0,0,0,31,31,7226999,0,0,0,0,0,0,0,0,0
202102,24,015,3,5,Cecil County                  ,30,30,7039999,0,0,0,0,0,0,0,0,0,30,30,7039999,0,0,0,0,0,0,0,0,0
202102,24,017,3,5,Charles County                ,68,68,25182170,0,0,0,0,0,0,0,0,0,68,68,25182170,0,0,0,0,0,0,0,0,0
202102,24,021,3,5,Frederick County              ,198,198,58355277,0,0,0,0,0,0,3,24,3460646,198,198,58355277,0,0,0,0,0,0,3,24,3460646
202102,24,023,3,5,Garrett County                ,11,11,3937000,0,0,0,0,0,0,0,0,0,11,11,3937000,0,0,0,0,0,0,0,0,0
202102,24,025,3,5,Harford County                ,44,44,12403128,0,0,0,0,0,0,0,0,0,44,44,12403128,0,0,0,0,0,0,0,0,0
202102,24,027,3,5,Howard County                 ,120,120,27975480,0,0,0,0,0,0,0,0,0,120,120,27975480,0,0,0,0,0,0,0,0,0
202102,24,031,3,5,Montgomery County             ,61,61,14181936,0,0,0,1,4,523182,8,378,45347435,60,60,13987740,0,0,0,1,4,523182,7,373,44706810
202102,24,033,3,5,Prince George County          ,174,174,40752265,0,0,0,0,0,0,1,192,24690864,171,171,39865059,0,0,0,0,0,0,1,192,24690864
202102,24,035,3,5,Queen Anne County             ,37,37,8336386,0,0,0,0,0,0,0,0,0,37,37,8336386,0,0,0,0,0,0,0,0,0
202102,24,037,3,5,St. Marys County              ,60,60,13428825,0,0,0,0,0,0,1,6,1075005,5,5,1945000,0,0,0,0,0,0,0,0,0
202102,24,039,3,5,Somerset County               ,1,1,115000,0,0,0,0,0,0,0,0,0,1,1,115000,0,0,0,0,0,0,0,0,0
202102,24,045,3,5,Wicomico County               ,25,25,4406509,0,0,0,0,0,0,0,0,0,18,18,3160225,0,0,0,0,0,0,0,0,0
202102,24,510,3,5,Baltimore (Independent City)  ,12,12,2008985,1,2,371165,1,3,462976,1,28,4075269,0,0,0,0,0,0,0,0,0,0,0,0
202102,25,005,1,1,Bristol County                ,47,47,9859076,2,4,502583,1,3,200000,0,0,0,18,18,3645229,0,0,0,0,0,0,0,0,0
202102,25,009,1,1,Essex County                  ,47,47,15975891,2,4,915650,0,0,0,4,23,4374420,27,27,9166261,0,0,0,0,0,0,0,0,0
202102,25,017,1,1,Middlesex County              ,99,99,37764265,2,4,1148769,1,3,605395,28,238,24813122,44,44,20450921,1,2,400000,0,0,0,0,0,0
202102,25,021,1,1,Norfolk County                ,64,64,28696514,2,4,1248219,1,3,652758,5,131,16962786,26,26,12642296,1,2,550000,1,3,652758,2,70,13268000
202102,25,023,1,1,Plymouth County               ,98,98,29083490,0,0,0,0,0,0,1,5,665610,33,33,14480445,0,0,0,0,0,0,0,0,0
202102,25,025,1,1,Suffolk County                ,7,7,2997894,0,0,0,0,0,0,6,101,18723454,6,6,2821900,0,0,0,0,0,0,4,90,16574461
202102,26,000,2,3,Michigan Balance of State     ,3,3,563268,0,0,0,0,0,0,0,0,0,0,0,0,0,0,0,0,0,0,0,0,0
202102,26,019,2,3,Benzie County                 ,4,4,950975,0,0,0,0,0,0,0,0,0,4,4,950975,0,0,0,0,0,0,0,0,0
202102,26,029,2,3,Charlevoix County             ,5,5,1205445,0,0,0,0,0,0,0,0,0,0,0,0,0,0,0,0,0,0,0,0,0
202102,26,089,2,3,Leelanau County               ,11,11,2204780,0,0,0,0,0,0,0,0,0,11,11,2204780,0,0,0,0,0,0,0,0,0
202102,26,093,2,3,Livingston County             ,51,51,13600308,0,0,0,0,0,0,0,0,0,51,51,13600308,0,0,0,0,0,0,0,0,0
202102,26,095,2,3,Luce County                   ,0,0,0,0,0,0,0,0,0,0,0,0,0,0,0,0,0,0,0,0,0,0,0,0
202102,26,099,2,3,Macomb County                 ,94,94,31835726,1,2,564643,0,0,0,4,35,6224346,90,90,31074014,1,2,564643,0,0,0,3,30,5652917
202102,26,103,2,3,Marquette County              ,0,0,0,0,0,0,0,0,0,0,0,0,0,0,0,0,0,0,0,0,0,0,0,0
202102,26,137,2,3,Otsego County                 ,1,1,81000,0,0,0,0,0,0,0,0,0,0,0,0,0,0,0,0,0,0,0,0,0
202102,26,147,2,3,St. Clair County              ,10,10,2181664,0,0,0,0,0,0,0,0,0,7,7,1623378,0,0,0,0,0,0,0,0,0
202102,26,163,2,3,Wayne County                  ,85,85,26830543,0,0,0,0,0,0,2,11,2500000,73,73,24061280,0,0,0,0,0,0,0,0,0
202102,27,003,2,4,Anoka County                  ,93,93,28185636,0,0,0,1,4,868320,2,79,10334403,79,79,24713651,0,0,0,1,4,868320,1,70,9430563
202102,27,019,2,4,Carver County                 ,57,57,19392725,0,0,0,0,0,0,0,0,0,55,55,18649444,0,0,0,0,0,0,0,0,0
202102,27,025,2,4,Chisago County                ,14,14,2561571,1,2,357000,0,0,0,0,0,0,13,13,2352238,0,0,0,0,0,0,0,0,0
202102,27,027,2,4,Clay County                   ,2,2,453000,0,0,0,0,0,0,0,0,0,2,2,453000,0,0,0,0,0,0,0,0,0
202102,27,037,2,4,Dakota County                 ,118,118,36940591,0,0,0,0,0,0,2,115,19852692,117,117,36208417,0,0,0,0,0,0,1,110,19150000
202102,27,053,2,4,Hennepin County               ,156,156,65708463,2,4,729146,0,0,0,2,47,4015240,140,140,58479039,2,4,729146,0,0,0,2,47,4015240
202102,27,059,2,4,Isanti County                 ,18,18,4033043,0,0,0,0,0,0,0,0,0,18,18,4033043,0,0,0,0,0,0,0,0,0
202102,27,123,2,4,Ramsey County                 ,18,18,4734764,0,0,0,0,0,0,5,670,113186108,15,15,4154541,0,0,0,0,0,0,3,653,111044549
202102,27,139,2,4,Scott County                  ,44,44,19259994,0,0,0,0,0,0,1,10,1916000,44,44,19259994,0,0,0,0,0,0,1,10,1916000
202102,27,141,2,4,Sherburne County              ,15,15,3826513,0,0,0,0,0,0,0,0,0,14,14,3684568,0,0,0,0,0,0,0,0,0
202102,27,163,2,4,Washington County             ,144,144,37719924,0,0,0,0,0,0,2,17,1871640,139,139,36338784,0,0,0,0,0,0,1,5,881000
202102,27,171,2,4,Wright County                 ,77,77,24327198,0,0,0,0,0,0,1,5,514626,67,67,21880805,0,0,0,0,0,0,0,0,0
202102,28,033,3,6,DeSoto County                 ,118,118,21665671,0,0,0,0,0,0,0,0,0,47,47,6311430,0,0,0,0,0,0,0,0,0
202102,28,041,3,6,Greene County                 ,0,0,0,0,0,0,0,0,0,0,0,0,0,0,0,0,0,0,0,0,0,0,0,0
202102,28,045,3,6,Hancock County                ,52,52,9851734,0,0,0,1,4,401445,1,9,761964,20,20,4996734,0,0,0,0,0,0,0,0,0
202102,28,047,3,6,Harrison County               ,69,69,15657304,1,2,245000,0,0,0,0,0,0,56,56,14180491,0,0,0,0,0,0,0,0,0
202102,28,067,3,6,Jones County                  ,1,1,120000,0,0,0,0,0,0,0,0,0,1,1,120000,0,0,0,0,0,0,0,0,0
202102,28,129,3,6,Smith County                  ,0,0,0,0,0,0,0,0,0,0,0,0,0,0,0,0,0,0,0,0,0,0,0,0
202102,28,137,3,6,Tate County                   ,6,6,1370500,0,0,0,0,0,0,0,0,0,5,5,1245000,0,0,0,0,0,0,0,0,0
202102,28,143,3,6,Tunica County                 ,7,7,1561689,0,0,0,0,0,0,0,0,0,0,0,0,0,0,0,0,0,0,0,0,0
202102,28,145,3,6,Union County                  ,0,0,0,0,0,0,0,0,0,0,0,0,0,0,0,0,0,0,0,0,0,0,0,0
202102,28,149,3,6,Warren County                 ,2,2,445465,0,0,0,0,0,0,0,0,0,0,0,0,0,0,0,0,0,0,0,0,0
202102,29,013,2,4,Bates County                  ,0,0,0,0,0,0,0,0,0,0,0,0,0,0,0,0,0,0,0,0,0,0,0,0
202102,29,017,2,4,Bollinger County              ,0,0,0,0,0,0,0,0,0,0,0,0,0,0,0,0,0,0,0,0,0,0,0,0
202102,29,019,2,4,Boone County                  ,56,56,16397441,0,0,0,0,0,0,0,0,0,56,56,16397441,0,0,0,0,0,0,0,0,0
202102,29,049,2,4,Clinton County                ,1,1,203000,0,0,0,0,0,0,0,0,0,0,0,0,0,0,0,0,0,0,0,0,0
202102,29,065,2,4,Dent County                   ,0,0,0,0,0,0,0,0,0,0,0,0,0,0,0,0,0,0,0,0,0,0,0,0
202102,29,071,2,4,Franklin County               ,26,26,5961907,0,0,0,0,0,0,0,0,0,10,10,1777373,0,0,0,0,0,0,0,0,0
202102,29,095,2,4,Jackson County                ,209,209,52732660,8,16,991510,0,0,0,0,0,0,204,204,51502026,8,16,991510,0,0,0,0,0,0
202102,29,099,2,4,Jefferson County              ,70,70,16660896,0,0,0,0,0,0,0,0,0,62,62,15062092,0,0,0,0,0,0,0,0,0
202102,29,105,2,4,Laclede County                ,2,2,295120,0,0,0,0,0,0,0,0,0,2,2,295120,0,0,0,0,0,0,0,0,0
202102,29,107,2,4,Lafayette County              ,5,5,1372271,0,0,0,0,0,0,0,0,0,4,4,1113758,0,0,0,0,0,0,0,0,0
202102,29,113,2,4,Lincoln County                ,16,16,2118439,0,0,0,0,0,0,0,0,0,16,16,2118439,0,0,0,0,0,0,0,0,0
202102,29,165,2,4,Platte County                 ,12,12,2902856,0,0,0,0,0,0,0,0,0,11,11,2774054,0,0,0,0,0,0,0,0,0
202102,29,185,2,4,St. Clair County              ,0,0,0,0,0,0,0,0,0,0,0,0,0,0,0,0,0,0,0,0,0,0,0,0
202102,29,189,2,4,St. Louis County              ,63,63,29121503,0,0,0,0,0,0,2,18,1748053,28,28,11873013,0,0,0,0,0,0,0,0,0
202102,29,219,2,4,Warren County                 ,27,27,6254873,0,0,0,1,4,507449,4,38,3744261,27,27,6254873,0,0,0,1,4,507449,4,38,3744261
202102,29,221,2,4,Washington County             ,0,0,0,0,0,0,0,0,0,0,0,0,0,0,0,0,0,0,0,0,0,0,0,0
202102,29,510,2,4,St. Louis (Independent City)  ,11,11,2491000,0,0,0,0,0,0,1,105,17979412,11,11,2491000,0,0,0,0,0,0,1,105,17979412
202102,30,013,4,8,Cascade County                ,6,6,975100,0,0,0,0,0,0,0,0,0,6,6,975100,0,0,0,0,0,0,0,0,0
202102,30,033,4,8,Garfield County               ,0,0,0,0,0,0,0,0,0,0,0,0,0,0,0,0,0,0,0,0,0,0,0,0
202102,30,063,4,8,Missoula County               ,23,23,5844564,0,0,0,0,0,0,0,0,0,23,23,5844564,0,0,0,0,0,0,0,0,0
202102,30,093,4,8,Silver Bow County             ,2,2,250056,1,2,304200,0,0,0,0,0,0,2,2,250056,1,2,304200,0,0,0,0,0,0
202102,31,001,2,4,Adams County                  ,0,0,0,0,0,0,0,0,0,0,0,0,0,0,0,0,0,0,0,0,0,0,0,0
202102,31,025,2,4,Cass County                   ,10,10,2480858,0,0,0,0,0,0,0,0,0,4,4,1357000,0,0,0,0,0,0,0,0,0
202102,31,033,2,4,Cheyenne County               ,0,0,0,0,0,0,0,0,0,0,0,0,0,0,0,0,0,0,0,0,0,0,0,0
202102,31,055,2,4,Douglas County                ,174,174,24463249,0,0,0,0,0,0,0,0,0,172,172,23095502,0,0,0,0,0,0,0,0,0
202102,31,105,2,4,Kimball County                ,0,0,0,0,0,0,0,0,0,0,0,0,0,0,0,0,0,0,0,0,0,0,0,0
202102,31,153,2,4,Sarpy County                  ,109,109,29526868,0,0,0,0,0,0,0,0,0,67,67,18666822,0,0,0,0,0,0,0,0,0
202102,31,165,2,4,Sioux County                  ,1,1,300000,0,0,0,0,0,0,0,0,0,1,1,300000,0,0,0,0,0,0,0,0,0
202102,31,177,2,4,Washington County             ,8,8,1378182,0,0,0,0,0,0,0,0,0,8,8,1378182,0,0,0,0,0,0,0,0,0
202102,32,001,4,8,Churchill County              ,3,3,716685,0,0,0,0,0,0,0,0,0,3,3,716685,0,0,0,0,0,0,0,0,0
202102,32,003,4,8,Clark County                  ,998,998,273638988,0,0,0,9,33,5465558,19,574,66585386,995,995,272636235,0,0,0,9,33,5465558,19,574,66585386
202102,32,005,4,8,Douglas County                ,12,12,7519618,0,0,0,0,0,0,0,0,0,12,12,7519618,0,0,0,0,0,0,0,0,0
202102,32,007,4,8,Elko County                   ,20,20,4859987,0,0,0,0,0,0,0,0,0,19,19,4793320,0,0,0,0,0,0,0,0,0
202102,32,013,4,8,Humboldt County               ,0,0,0,0,0,0,0,0,0,0,0,0,0,0,0,0,0,0,0,0,0,0,0,0
202102,32,015,4,8,Lander County                 ,0,0,0,0,0,0,0,0,0,0,0,0,0,0,0,0,0,0,0,0,0,0,0,0
202102,32,017,4,8,Lincoln County                ,0,0,0,0,0,0,0,0,0,0,0,0,0,0,0,0,0,0,0,0,0,0,0,0
202102,32,019,4,8,Lyon County                   ,41,41,12808905,0,0,0,0,0,0,0,0,0,41,41,12808905,0,0,0,0,0,0,0,0,0
202102,32,021,4,8,Mineral County                ,0,0,0,0,0,0,0,0,0,0,0,0,0,0,0,0,0,0,0,0,0,0,0,0
202102,32,027,4,8,Pershing County               ,0,0,0,0,0,0,0,0,0,0,0,0,0,0,0,0,0,0,0,0,0,0,0,0
202102,32,029,4,8,Storey County                 ,2,2,478575,0,0,0,0,0,0,0,0,0,2,2,478575,0,0,0,0,0,0,0,0,0
202102,32,031,4,8,Washoe County                 ,251,251,67648077,2,4,413804,1,4,539328,10,160,20974728,77,77,18193654,0,0,0,0,0,0,0,0,0
202102,32,033,4,8,White Pine County             ,1,1,486565,0,0,0,0,0,0,0,0,0,1,1,486565,0,0,0,0,0,0,0,0,0
202102,32,510,4,8,Carson City (Independent City),17,17,4525385,0,0,0,1,3,381851,1,6,599067,0,0,0,0,0,0,0,0,0,0,0,0
202102,33,015,1,1,Rockingham County             ,66,66,18597307,1,2,354640,0,0,0,2,25,3045931,37,37,10396438,1,2,354640,0,0,0,0,0,0
202102,33,017,1,1,Strafford County              ,31,31,6097742,0,0,0,0,0,0,0,0,0,28,28,5463643,0,0,0,0,0,0,0,0,0
202102,34,001,1,2,Atlantic County               ,60,60,20154337,0,0,0,0,0,0,0,0,0,56,56,18760712,0,0,0,0,0,0,0,0,0
202102,34,003,1,2,Bergen County                 ,108,108,21248606,10,20,1761570,0,0,0,16,381,13920990,74,74,12347189,10,20,1761570,0,0,0,4,288,5208623
202102,34,005,1,2,Burlington County             ,49,49,6889126,0,0,0,0,0,0,1,5,657577,23,23,3650240,0,0,0,0,0,0,0,0,0
202102,34,007,1,2,Camden County                 ,16,16,2773731,0,0,0,0,0,0,7,55,3536526,7,7,1481489,0,0,0,0,0,0,5,25,603500
202102,34,009,1,2,Cape May County               ,34,34,11913747,15,30,4711850,0,0,0,0,0,0,33,33,11667657,15,30,4711850,0,0,0,0,0,0
202102,34,011,1,2,Cumberland County             ,19,19,2121713,0,0,0,0,0,0,0,0,0,18,18,2011500,0,0,0,0,0,0,0,0,0
202102,34,013,1,2,Essex County                  ,33,33,6233378,3,6,782105,1,4,401000,9,81,6423552,4,4,1708200,3,6,782105,1,4,401000,4,20,907501
202102,34,015,1,2,Gloucester County             ,22,22,3468038,0,0,0,0,0,0,2,14,730201,15,15,2071779,0,0,0,0,0,0,0,0,0
202102,34,017,1,2,Hudson County                 ,76,76,2879299,6,12,1394418,1,3,747047,6,118,11736231,72,72,2184856,5,10,1163208,0,0,0,3,16,878500
202102,34,019,1,2,Hunterdon County              ,15,15,3100601,1,2,233200,0,0,0,1,5,323111,12,12,2180670,0,0,0,0,0,0,0,0,0
202102,34,021,1,2,Mercer County                 ,6,6,1601898,0,0,0,0,0,0,2,10,431592,2,2,654101,0,0,0,0,0,0,1,5,18000
202102,34,023,1,2,Middlesex County              ,45,45,8233414,2,4,236352,0,0,0,6,83,10157437,35,35,6753330,0,0,0,0,0,0,4,61,6432178
202102,34,025,1,2,Monmouth County               ,128,128,28231886,0,0,0,0,0,0,3,52,3277220,99,99,19065786,0,0,0,0,0,0,1,25,600000
202102,34,027,1,2,Morris County                 ,89,89,17512690,0,0,0,0,0,0,11,95,1655633,62,62,11248665,0,0,0,0,0,0,8,80,441500
202102,34,029,1,2,Ocean County                  ,220,220,43617063,1,2,543003,0,0,0,0,0,0,205,205,38750415,1,2,543003,0,0,0,0,0,0
202102,34,031,1,2,Passaic County                ,9,9,782046,3,6,115134,1,3,144000,6,66,3104299,2,2,2559,2,4,2000,0,0,0,0,0,0
202102,34,033,1,2,Salem County                  ,3,3,618573,0,0,0,0,0,0,0,0,0,2,2,455000,0,0,0,0,0,0,0,0,0
202102,34,035,1,2,Somerset County               ,38,38,8729805,0,0,0,0,0,0,4,33,2690572,29,29,7309450,0,0,0,0,0,0,0,0,0
202102,34,037,1,2,Sussex County                 ,11,11,2053189,0,0,0,0,0,0,0,0,0,10,10,1782973,0,0,0,0,0,0,0,0,0
202102,34,039,1,2,Union County                  ,14,14,4006612,1,2,166200,0,0,0,7,51,4038430,5,5,2072200,1,2,166200,0,0,0,2,10,1438500
202102,34,041,1,2,Warren County                 ,16,16,2484992,0,0,0,0,0,0,1,5,483240,9,9,1151330,0,0,0,0,0,0,0,0,0
202102,35,000,4,8,New Mexico Balance of State   ,30,30,8132645,0,0,0,0,0,0,0,0,0,0,0,0,0,0,0,0,0,0,0,0,0
202102,35,001,4,8,Bernalillo County             ,99,99,28310631,0,0,0,1,4,258762,1,14,531977,99,99,28310631,0,0,0,1,4,258762,1,14,531977
202102,35,005,4,8,Chaves County                 ,2,2,378555,0,0,0,0,0,0,0,0,0,0,0,0,0,0,0,0,0,0,0,0,0
202102,35,009,4,8,Curry County                  ,4,4,1009426,0,0,0,0,0,0,1,5,460938,0,0,0,0,0,0,0,0,0,0,0,0
202102,35,013,4,8,Dona Ana County               ,92,92,24045995,0,0,0,0,0,0,1,8,798750,23,23,7443956,0,0,0,0,0,0,0,0,0
202102,35,015,4,8,Eddy County                   ,3,3,829700,0,0,0,0,0,0,0,0,0,3,3,829700,0,0,0,0,0,0,0,0,0
202102,35,017,4,8,Grant County                  ,1,1,162081,0,0,0,0,0,0,0,0,0,0,0,0,0,0,0,0,0,0,0,0,0
202102,35,025,4,8,Lea County                    ,14,14,3067899,0,0,0,0,0,0,0,0,0,0,0,0,0,0,0,0,0,0,0,0,0
202102,35,027,4,8,Lincoln County                ,8,8,2544415,0,0,0,0,0,0,0,0,0,8,8,2544415,0,0,0,0,0,0,0,0,0
202102,35,028,4,8,Los Alamos County             ,3,3,709352,0,0,0,0,0,0,0,0,0,0,0,0,0,0,0,0,0,0,0,0,0
202102,35,029,4,8,Luna County                   ,0,0,0,0,0,0,0,0,0,0,0,0,0,0,0,0,0,0,0,0,0,0,0,0
202102,35,031,4,8,McKinley County               ,0,0,0,0,0,0,0,0,0,0,0,0,0,0,0,0,0,0,0,0,0,0,0,0
202102,35,035,4,8,Otero County                  ,0,0,0,0,0,0,0,0,0,0,0,0,0,0,0,0,0,0,0,0,0,0,0,0
202102,35,041,4,8,Roosevelt County              ,2,2,305713,0,0,0,0,0,0,0,0,0,0,0,0,0,0,0,0,0,0,0,0,0
202102,35,043,4,8,Sandoval County               ,105,105,24007468,0,0,0,0,0,0,11,246,15448285,92,92,20757232,0,0,0,0,0,0,10,240,15198285
202102,35,045,4,8,San Juan County               ,9,9,2717357,0,0,0,0,0,0,0,0,0,9,9,2717357,0,0,0,0,0,0,0,0,0
202102,35,047,4,8,San Miguel County             ,0,0,0,0,0,0,0,0,0,0,0,0,0,0,0,0,0,0,0,0,0,0,0,0
202102,35,049,4,8,Santa Fe County               ,34,34,7776987,0,0,0,0,0,0,1,19,2329374,0,0,0,0,0,0,0,0,0,0,0,0
202102,35,055,4,8,Taos County                   ,6,6,1005060,0,0,0,0,0,0,0,0,0,6,6,1005060,0,0,0,0,0,0,0,0,0
202102,35,061,4,8,Valencia County               ,7,7,1135835,0,0,0,0,0,0,0,0,0,0,0,0,0,0,0,0,0,0,0,0,0
202102,36,001,1,2,Albany County                 ,26,26,6328633,0,0,0,0,0,0,1,136,26000000,25,25,6127360,0,0,0,0,0,0,1,136,26000000
202102,36,005,1,2,Bronx County                  ,0,0,0,0,0,0,1,4,530546,5,106,11958624,0,0,0,0,0,0,1,4,530546,5,106,11958624
202102,36,029,1,2,Erie County                   ,43,43,13695565,1,2,150000,0,0,0,3,42,7047946,36,36,12352893,1,2,150000,0,0,0,2,24,3012383
202102,36,047,1,2,Kings County                  ,1,1,265327,0,0,0,0,0,0,12,290,32716989,1,1,265327,0,0,0,0,0,0,12,290,32716989
202102,36,051,1,2,Livingston County             ,3,3,255500,0,0,0,0,0,0,0,0,0,2,2,20000,0,0,0,0,0,0,0,0,0
202102,36,055,1,2,Monroe County                 ,36,36,9044617,0,0,0,1,3,240000,1,24,3566521,30,30,8232217,0,0,0,0,0,0,0,0,0
202102,36,059,1,2,Nassau County                 ,69,69,21613018,1,2,358333,1,4,648600,2,38,5719879,25,25,11575839,0,0,0,1,4,648600,0,0,0
202102,36,061,1,2,New York County               ,0,0,0,0,0,0,0,0,0,5,655,73895268,0,0,0,0,0,0,0,0,0,5,655,73895268
202102,36,063,1,2,Niagara County                ,9,9,2556389,0,0,0,0,0,0,0,0,0,4,4,1269000,0,0,0,0,0,0,0,0,0
202102,36,069,1,2,Ontario County                ,15,15,4918568,3,6,1362720,0,0,0,0,0,0,8,8,2772775,3,6,1362720,0,0,0,0,0,0
202102,36,073,1,2,Orleans County                ,3,3,525327,0,0,0,0,0,0,1,5,937500,3,3,525327,0,0,0,0,0,0,0,0,0
202102,36,079,1,2,Putnam County                 ,7,7,2628902,0,0,0,0,0,0,0,0,0,7,7,2628902,0,0,0,0,0,0,0,0,0
202102,36,081,1,2,Queens County                 ,3,3,795981,11,22,3339684,3,9,1193728,2,520,58664946,3,3,795981,11,22,3339684,3,9,1193728,2,520,58664946
202102,36,083,1,2,Rensselaer County             ,8,8,2048584,2,4,919000,0,0,0,0,0,0,2,2,365327,0,0,0,0,0,0,0,0,0
202102,36,085,1,2,Richmond County               ,1,1,265327,10,20,3036076,0,0,0,0,0,0,1,1,265327,10,20,3036076,0,0,0,0,0,0
202102,36,087,1,2,Rockland County               ,8,8,2511577,1,2,258601,1,4,436607,1,7,818684,0,0,0,0,0,0,0,0,0,0,0,0
202102,36,091,1,2,Saratoga County               ,79,79,23833114,0,0,0,0,0,0,0,0,0,77,77,23203373,0,0,0,0,0,0,0,0,0
202102,36,093,1,2,Schenectady County            ,4,4,716375,0,0,0,0,0,0,1,10,1240000,3,3,544000,0,0,0,0,0,0,1,10,1240000
202102,36,095,1,2,Schoharie County              ,1,1,266929,0,0,0,0,0,0,0,0,0,0,0,0,0,0,0,0,0,0,0,0,0
202102,36,099,1,2,Seneca County                 ,1,1,25000,0,0,0,0,0,0,0,0,0,1,1,25000,0,0,0,0,0,0,0,0,0
202102,36,103,1,2,Suffolk County                ,56,56,58013349,0,0,0,0,0,0,0,0,0,49,49,51989510,0,0,0,0,0,0,0,0,0
202102,36,117,1,2,Wayne County                  ,5,5,1257953,0,0,0,0,0,0,0,0,0,3,3,818000,0,0,0,0,0,0,0,0,0
202102,36,119,1,2,Westchester County            ,14,14,7292953,0,0,0,0,0,0,2,125,24633199,6,6,3098000,0,0,0,0,0,0,0,0,0
202102,37,007,3,5,Anson County                  ,5,5,749325,0,0,0,0,0,0,0,0,0,0,0,0,0,0,0,0,0,0,0,0,0
202102,37,011,3,5,Avery County                  ,4,4,1228000,0,0,0,0,0,0,0,0,0,4,4,1228000,0,0,0,0,0,0,0,0,0
202102,37,015,3,5,Bertie County                 ,0,0,0,0,0,0,0,0,0,0,0,0,0,0,0,0,0,0,0,0,0,0,0,0
202102,37,025,3,5,Cabarrus County               ,160,160,108217949,0,0,0,0,0,0,0,0,0,160,160,108217949,0,0,0,0,0,0,0,0,0
202102,37,033,3,5,Caswell County                ,2,2,509866,0,0,0,0,0,0,0,0,0,0,0,0,0,0,0,0,0,0,0,0,0
202102,37,037,3,5,Chatham County                ,54,54,17681038,0,0,0,0,0,0,1,27,3786207,0,0,0,0,0,0,0,0,0,0,0,0
202102,37,051,3,5,Cumberland County             ,37,37,6720244,0,0,0,0,0,0,0,0,0,37,37,6720244,0,0,0,0,0,0,0,0,0
202102,37,053,3,5,Currituck County              ,56,56,17964873,0,0,0,0,0,0,0,0,0,56,56,17964873,0,0,0,0,0,0,0,0,0
202102,37,059,3,5,Davie County                  ,15,15,3404604,0,0,0,0,0,0,1,6,236608,0,0,0,0,0,0,0,0,0,0,0,0
202102,37,063,3,5,Durham County                 ,245,245,45085787,1,2,180312,0,0,0,1,80,7282000,245,245,45085787,1,2,180312,0,0,0,1,80,7282000
202102,37,069,3,5,Franklin County               ,85,85,19815965,0,0,0,0,0,0,0,0,0,85,85,19815965,0,0,0,0,0,0,0,0,0
202102,37,071,3,5,Gaston County                 ,172,172,53648131,0,0,0,1,3,524259,0,0,0,71,71,19633140,0,0,0,0,0,0,0,0,0
202102,37,077,3,5,Granville County              ,19,19,5157307,0,0,0,0,0,0,0,0,0,19,19,5157307,0,0,0,0,0,0,0,0,0
202102,37,081,3,5,Guilford County               ,175,175,38624255,2,4,705091,0,0,0,7,187,42869969,115,115,18037035,2,4,705091,0,0,0,7,187,42869969
202102,37,089,3,5,Henderson County              ,61,61,19327869,0,0,0,0,0,0,0,0,0,61,61,19327869,0,0,0,0,0,0,0,0,0
202102,37,093,3,5,Hoke County                   ,21,21,4895709,0,0,0,0,0,0,0,0,0,21,21,4895709,0,0,0,0,0,0,0,0,0
202102,37,097,3,5,Iredell County                ,102,102,27012884,0,0,0,0,0,0,0,0,0,102,102,27012884,0,0,0,0,0,0,0,0,0
202102,37,101,3,5,Johnston County               ,317,317,60806942,0,0,0,0,0,0,0,0,0,313,313,59994942,0,0,0,0,0,0,0,0,0
202102,37,119,3,5,Mecklenburg County            ,647,647,150834463,0,0,0,6,24,3877120,6,531,81098019,647,647,150834463,0,0,0,6,24,3877120,6,531,81098019
202102,37,133,3,5,Onslow County                 ,123,123,21902663,0,0,0,0,0,0,0,0,0,123,123,21902663,0,0,0,0,0,0,0,0,0
202102,37,135,3,5,Orange County                 ,35,35,11245293,1,2,150580,0,0,0,0,0,0,35,35,11245293,1,2,150580,0,0,0,0,0,0
202102,37,145,3,5,Person County                 ,10,10,2051485,0,0,0,0,0,0,0,0,0,10,10,2051485,0,0,0,0,0,0,0,0,0
202102,37,151,3,5,Randolph County               ,40,40,8298783,0,0,0,0,0,0,0,0,0,40,40,8298783,0,0,0,0,0,0,0,0,0
202102,37,157,3,5,Rockingham County             ,14,14,4002132,0,0,0,0,0,0,0,0,0,14,14,4002132,0,0,0,0,0,0,0,0,0
202102,37,179,3,5,Union County                  ,182,182,38476927,0,0,0,0,0,0,0,0,0,182,182,38476927,0,0,0,0,0,0,0,0,0
202102,37,181,3,5,Vance County                  ,7,7,2111000,0,0,0,0,0,0,0,0,0,7,7,2111000,0,0,0,0,0,0,0,0,0
202102,37,183,3,5,Wake County                   ,855,855,218623748,0,0,0,0,0,0,24,1633,143071046,855,855,218623748,0,0,0,0,0,0,24,1633,143071046
202102,37,195,3,5,Wilson County                 ,17,17,4633956,0,0,0,0,0,0,0,0,0,17,17,4633956,0,0,0,0,0,0,0,0,0
202102,39,007,2,3,Ashtabula County              ,6,6,1858937,0,0,0,0,0,0,0,0,0,6,6,1858937,0,0,0,0,0,0,0,0,0
202102,39,015,2,3,Brown County                  ,5,5,1392197,0,0,0,0,0,0,0,0,0,5,5,1392197,0,0,0,0,0,0,0,0,0
202102,39,017,2,3,Butler County                 ,75,75,16233437,0,0,0,0,0,0,0,0,0,61,61,14034177,0,0,0,0,0,0,0,0,0
202102,39,025,2,3,Clermont County               ,65,65,14069267,1,2,300155,1,3,500000,0,0,0,65,65,14069267,1,2,300155,1,3,500000,0,0,0
202102,39,041,2,3,Delaware County               ,147,147,41661704,0,0,0,0,0,0,1,5,613639,129,129,37536298,0,0,0,0,0,0,0,0,0
202102,39,049,2,3,Franklin County               ,202,202,71400074,1,2,400000,1,4,644518,5,349,25184863,193,193,67974922,1,2,400000,1,4,644518,4,344,25059574
202102,39,055,2,3,Geauga County                 ,17,17,6635151,0,0,0,0,0,0,0,0,0,17,17,6635151,0,0,0,0,0,0,0,0,0
202102,39,085,2,3,Lake County                   ,39,39,8208006,0,0,0,0,0,0,0,0,0,38,38,8010228,0,0,0,0,0,0,0,0,0
202102,39,089,2,3,Licking County                ,26,26,8306586,0,0,0,0,0,0,0,0,0,26,26,8306586,0,0,0,0,0,0,0,0,0
202102,39,093,2,3,Lorain County                 ,82,82,20270625,0,0,0,1,4,1159367,1,5,1361510,76,76,19025941,0,0,0,1,4,1159367,1,5,1361510
202102,39,097,2,3,Madison County                ,3,3,798691,0,0,0,0,0,0,0,0,0,0,0,0,0,0,0,0,0,0,0,0,0
202102,39,103,2,3,Medina County                 ,37,37,9324184,0,0,0,0,0,0,0,0,0,37,37,9324184,0,0,0,0,0,0,0,0,0
202102,39,117,2,3,Morrow County                 ,4,4,1111985,0,0,0,0,0,0,0,0,0,3,3,835318,0,0,0,0,0,0,0,0,0
202102,39,159,2,3,Union County                  ,54,54,18992211,4,8,1540000,0,0,0,8,252,19880905,54,54,18992211,4,8,1540000,0,0,0,8,252,19880905
202102,39,165,2,3,Warren County                 ,94,94,25419794,0,0,0,0,0,0,2,24,1539780,83,83,21335779,0,0,0,0,0,0,2,24,1539780
202102,40,001,3,7,Adair County                  ,0,0,0,0,0,0,0,0,0,0,0,0,0,0,0,0,0,0,0,0,0,0,0,0
202102,40,017,3,7,Canadian County               ,41,41,9772258,2,4,500000,0,0,0,0,0,0,41,41,9772258,2,4,500000,0,0,0,0,0,0
202102,40,021,3,7,Cherokee County               ,6,6,787429,0,0,0,0,0,0,0,0,0,0,0,0,0,0,0,0,0,0,0,0,0
202102,40,027,3,7,Cleveland County              ,49,49,12924114,1,2,180000,0,0,0,0,0,0,41,41,11926851,0,0,0,0,0,0,0,0,0
202102,40,029,3,7,Coal County                   ,0,0,0,0,0,0,0,0,0,0,0,0,0,0,0,0,0,0,0,0,0,0,0,0
202102,40,037,3,7,Creek County                  ,6,6,1298123,0,0,0,0,0,0,1,8,615385,0,0,0,0,0,0,0,0,0,0,0,0
202102,40,051,3,7,Grady County                  ,17,17,775000,0,0,0,0,0,0,0,0,0,17,17,775000,0,0,0,0,0,0,0,0,0
202102,40,055,3,7,Greer County                  ,0,0,0,0,0,0,0,0,0,0,0,0,0,0,0,0,0,0,0,0,0,0,0,0
202102,40,081,3,7,Lincoln County                ,1,1,233129,0,0,0,0,0,0,0,0,0,1,1,233129,0,0,0,0,0,0,0,0,0
202102,40,083,3,7,Logan County                  ,1,1,225000,0,0,0,0,0,0,0,0,0,1,1,225000,0,0,0,0,0,0,0,0,0
202102,40,087,3,7,McClain County                ,46,46,9289001,0,0,0,0,0,0,0,0,0,6,6,2214000,0,0,0,0,0,0,0,0,0
202102,40,109,3,7,Oklahoma County               ,441,441,112703316,20,40,3012000,0,0,0,0,0,0,423,423,109764842,19,38,2850000,0,0,0,0,0,0
202102,40,111,3,7,Okmulgee County               ,0,0,0,1,2,247016,0,0,0,0,0,0,0,0,0,1,2,247016,0,0,0,0,0,0
202102,40,113,3,7,Osage County                  ,11,11,3255372,1,2,180000,0,0,0,0,0,0,11,11,3255372,1,2,180000,0,0,0,0,0,0
202102,40,117,3,7,Pawnee County                 ,0,0,0,0,0,0,0,0,0,0,0,0,0,0,0,0,0,0,0,0,0,0,0,0
202102,40,131,3,7,Rogers County                 ,26,26,6110960,0,0,0,0,0,0,0,0,0,26,26,6110960,0,0,0,0,0,0,0,0,0
202102,40,143,3,7,Tulsa County                  ,198,198,45191706,1,2,225000,0,0,0,1,76,6702554,198,198,45191706,1,2,225000,0,0,0,1,76,6702554
202102,40,145,3,7,Wagoner County                ,37,37,7403733,0,0,0,0,0,0,0,0,0,37,37,7403733,0,0,0,0,0,0,0,0,0
202102,41,000,4,9,Oregon Balance of State       ,18,18,2301400,0,0,0,0,0,0,0,0,0,18,18,2301400,0,0,0,0,0,0,0,0,0
202102,41,005,4,9,Clackamas County              ,104,104,31376899,0,0,0,0,0,0,0,0,0,100,100,30092413,0,0,0,0,0,0,0,0,0
202102,41,017,4,9,Deschutes County              ,145,145,41064962,5,10,1640033,0,0,0,2,72,6427868,145,145,41064962,5,10,1640033,0,0,0,2,72,6427868
202102,41,019,4,9,Douglas County                ,13,13,3459743,0,0,0,0,0,0,0,0,0,13,13,3459743,0,0,0,0,0,0,0,0,0
202102,41,023,4,9,Grant County                  ,0,0,0,0,0,0,0,0,0,0,0,0,0,0,0,0,0,0,0,0,0,0,0,0
202102,41,025,4,9,Harney County                 ,1,1,73175,0,0,0,0,0,0,0,0,0,1,1,73175,0,0,0,0,0,0,0,0,0
202102,41,035,4,9,Klamath County                ,9,9,2250511,0,0,0,0,0,0,0,0,0,9,9,2250511,0,0,0,0,0,0,0,0,0
202102,41,037,4,9,Lake County                   ,1,1,342367,0,0,0,0,0,0,0,0,0,0,0,0,0,0,0,0,0,0,0,0,0
202102,41,051,4,9,Multnomah County              ,51,51,14313426,1,2,419217,0,0,0,1,12,933282,50,50,14025219,1,2,419217,0,0,0,0,0,0
202102,41,065,4,9,Wasco County                  ,4,4,422068,0,0,0,0,0,0,0,0,0,4,4,422068,0,0,0,0,0,0,0,0,0
202102,41,067,4,9,Washington County             ,153,153,43680106,0,0,0,0,0,0,0,0,0,153,153,43680106,0,0,0,0,0,0,0,0,0
202102,41,071,4,9,Yamhill County                ,40,40,11103982,0,0,0,0,0,0,0,0,0,39,39,10982213,0,0,0,0,0,0,0,0,0
202102,42,001,1,2,Adams County                  ,16,16,3235077,0,0,0,0,0,0,0,0,0,16,16,3235077,0,0,0,0,0,0,0,0,0
202102,42,017,1,2,Bucks County                  ,85,85,25267258,0,0,0,0,0,0,1,5,820000,62,62,19144086,0,0,0,0,0,0,1,5,820000
202102,42,029,1,2,Chester County                ,189,189,41255841,2,4,433000,0,0,0,3,80,12523777,160,160,34338507,2,4,433000,0,0,0,1,61,11000000
202102,42,037,1,2,Columbia County               ,5,5,1068231,0,0,0,0,0,0,0,0,0,1,1,265327,0,0,0,0,0,0,0,0,0
202102,42,041,1,2,Cumberland County             ,50,50,9863472,1,2,305503,0,0,0,2,10,806795,27,27,5627989,1,2,305503,0,0,0,0,0,0
202102,42,043,1,2,Dauphin County                ,38,38,8309346,0,0,0,0,0,0,1,6,1048060,33,33,7345397,0,0,0,0,0,0,1,6,1048060
202102,42,045,1,2,Delaware County               ,25,25,7611081,1,2,450000,0,0,0,0,0,0,11,11,3839340,0,0,0,0,0,0,0,0,0
202102,42,055,1,2,Franklin County               ,36,36,8997713,0,0,0,0,0,0,0,0,0,35,35,8735304,0,0,0,0,0,0,0,0,0
202102,42,091,1,2,Montgomery County             ,67,67,14763635,2,4,745000,1,3,390000,4,21,3236540,46,46,9891798,2,4,745000,0,0,0,2,10,1771625
202102,42,093,1,2,Montour County                ,2,2,353275,0,0,0,0,0,0,0,0,0,2,2,353275,0,0,0,0,0,0,0,0,0
202102,42,099,1,2,Perry County                  ,9,9,2391752,0,0,0,0,0,0,0,0,0,0,0,0,0,0,0,0,0,0,0,0,0
202102,42,101,1,2,Philadelphia County           ,109,109,28920633,24,48,6060758,22,70,7245810,25,1172,154268766,109,109,28920633,24,48,6060758,22,70,7245810,25,1172,154268766
202102,42,103,1,2,Pike County                   ,11,11,2715674,0,0,0,0,0,0,0,0,0,5,5,1237000,0,0,0,0,0,0,0,0,0
202102,44,001,1,1,Bristol County                ,4,4,765327,0,0,0,0,0,0,0,0,0,4,4,765327,0,0,0,0,0,0,0,0,0
202102,44,003,1,1,Kent County                   ,10,10,1628520,2,4,489000,1,4,599999,0,0,0,4,4,420000,2,4,489000,1,4,599999,0,0,0
202102,44,005,1,1,Newport County                ,7,7,3319970,0,0,0,0,0,0,0,0,0,2,2,530654,0,0,0,0,0,0,0,0,0
202102,44,007,1,1,Providence County             ,32,32,7522371,4,8,1974480,0,0,0,0,0,0,14,14,4788283,4,8,1974480,0,0,0,0,0,0
202102,44,009,1,1,Washington County             ,27,27,5961108,0,0,0,0,0,0,0,0,0,13,13,3279053,0,0,0,0,0,0,0,0,0
202102,45,003,3,5,Aiken County                  ,97,97,22591327,3,6,622992,0,0,0,0,0,0,27,27,7712021,0,0,0,0,0,0,0,0,0
202102,45,009,3,5,Bamberg County                ,0,0,0,0,0,0,0,0,0,0,0,0,0,0,0,0,0,0,0,0,0,0,0,0
202102,45,015,3,5,Berkeley County               ,146,146,38007267,0,0,0,0,0,0,2,52,2328005,4,4,1007961,0,0,0,0,0,0,0,0,0
202102,45,017,3,5,Calhoun County                ,0,0,0,0,0,0,0,0,0,0,0,0,0,0,0,0,0,0,0,0,0,0,0,0
202102,45,019,3,5,Charleston County             ,204,204,59487493,0,0,0,0,0,0,2,28,1402904,63,63,20093575,0,0,0,0,0,0,0,0,0
202102,45,035,3,5,Dorchester County             ,92,92,26686546,0,0,0,2,7,1704901,9,52,10697885,92,92,26686546,0,0,0,2,7,1704901,9,52,10697885
202102,45,037,3,5,Edgefield County              ,6,6,947900,0,0,0,0,0,0,0,0,0,6,6,947900,0,0,0,0,0,0,0,0,0
202102,45,039,3,5,Fairfield County              ,2,2,310555,0,0,0,0,0,0,0,0,0,2,2,310555,0,0,0,0,0,0,0,0,0
202102,45,045,3,5,Greenville County             ,471,471,121934473,0,0,0,0,0,0,0,0,0,471,471,121934473,0,0,0,0,0,0,0,0,0
202102,45,051,3,5,Horry County                  ,450,450,89001762,0,0,0,0,0,0,1,5,250000,426,426,85367817,0,0,0,0,0,0,0,0,0
202102,45,055,3,5,Kershaw County                ,26,26,4983742,0,0,0,0,0,0,0,0,0,26,26,4983742,0,0,0,0,0,0,0,0,0
202102,45,059,3,5,Laurens County                ,9,9,1330429,0,0,0,0,0,0,0,0,0,8,8,1263298,0,0,0,0,0,0,0,0,0
202102,45,063,3,5,Lexington County              ,215,215,54888982,0,0,0,0,0,0,2,16,2685987,29,29,7440380,0,0,0,0,0,0,0,0,0
202102,45,077,3,5,Pickens County                ,56,56,20457360,0,0,0,0,0,0,0,0,0,53,53,20145073,0,0,0,0,0,0,0,0,0
202102,45,079,3,5,Richland County               ,176,176,36921788,0,0,0,0,0,0,0,0,0,156,156,32228273,0,0,0,0,0,0,0,0,0
202102,45,081,3,5,Saluda County                 ,4,4,888637,0,0,0,0,0,0,0,0,0,4,4,888637,0,0,0,0,0,0,0,0,0
202102,45,085,3,5,Sumter County                 ,13,13,1876552,0,0,0,0,0,0,0,0,0,13,13,1876552,0,0,0,0,0,0,0,0,0
202102,45,091,3,5,York County                   ,215,215,75062362,0,0,0,1,3,603866,2,28,4229031,100,100,35273633,0,0,0,0,0,0,0,0,0
202102,46,007,2,4,Bennett County                ,0,0,0,0,0,0,0,0,0,0,0,0,0,0,0,0,0,0,0,0,0,0,0,0
202102,46,055,2,4,Haakon County                 ,0,0,0,0,0,0,0,0,0,0,0,0,0,0,0,0,0,0,0,0,0,0,0,0
202102,46,071,2,4,Jackson County                ,0,0,0,0,0,0,0,0,0,0,0,0,0,0,0,0,0,0,0,0,0,0,0,0
202102,46,111,2,4,Sanborn County                ,0,0,0,0,0,0,0,0,0,0,0,0,0,0,0,0,0,0,0,0,0,0,0,0
202102,47,001,3,6,Anderson County               ,19,19,3911032,0,0,0,0,0,0,0,0,0,13,13,3145254,0,0,0,0,0,0,0,0,0
202102,47,015,3,6,Cannon County                 ,1,1,100000,0,0,0,0,0,0,0,0,0,1,1,100000,0,0,0,0,0,0,0,0,0
202102,47,021,3,6,Cheatham County               ,14,14,2862674,0,0,0,0,0,0,0,0,0,12,12,2625210,0,0,0,0,0,0,0,0,0
202102,47,037,3,6,Davidson County               ,315,315,77979057,0,0,0,1,3,392386,9,535,34124713,306,306,75055208,0,0,0,1,3,392386,9,535,34124713
202102,47,043,3,6,Dickson County                ,17,17,3332112,0,0,0,0,0,0,0,0,0,13,13,2786160,0,0,0,0,0,0,0,0,0
202102,47,049,3,6,Fentress County               ,0,0,0,0,0,0,0,0,0,0,0,0,0,0,0,0,0,0,0,0,0,0,0,0
202102,47,081,3,6,Hickman County                ,9,9,1461030,1,2,120920,0,0,0,0,0,0,0,0,0,0,0,0,0,0,0,0,0,0
202102,47,093,3,6,Knox County                   ,110,110,26882064,0,0,0,0,0,0,0,0,0,38,38,11904403,0,0,0,0,0,0,0,0,0
202102,47,105,3,6,Loudon County                 ,53,53,14760871,0,0,0,0,0,0,0,0,0,47,47,13769644,0,0,0,0,0,0,0,0,0
202102,47,117,3,6,Marshall County               ,14,14,2662337,0,0,0,0,0,0,0,0,0,0,0,0,0,0,0,0,0,0,0,0,0
202102,47,125,3,6,Montgomery County             ,135,135,26253066,0,0,0,0,0,0,0,0,0,135,135,26253066,0,0,0,0,0,0,0,0,0
202102,47,139,3,6,Polk County                   ,20,20,3602481,0,0,0,0,0,0,0,0,0,0,0,0,0,0,0,0,0,0,0,0,0
202102,47,149,3,6,Rutherford County             ,231,231,65943422,0,0,0,2,8,925043,1,5,501540,224,224,64703175,0,0,0,2,8,925043,1,5,501540
202102,47,153,3,6,Sequatchie County             ,1,1,90000,0,0,0,0,0,0,0,0,0,1,1,90000,0,0,0,0,0,0,0,0,0
202102,47,157,3,6,Shelby County                 ,107,107,25154158,0,0,0,0,0,0,0,0,0,107,107,25154158,0,0,0,0,0,0,0,0,0
202102,47,159,3,6,Smith County                  ,15,15,3792497,0,0,0,0,0,0,0,0,0,14,14,3602524,0,0,0,0,0,0,0,0,0
202102,47,161,3,6,Stewart County                ,0,0,0,0,0,0,0,0,0,0,0,0,0,0,0,0,0,0,0,0,0,0,0,0
202102,47,165,3,6,Sumner County                 ,111,111,36551843,0,0,0,0,0,0,0,0,0,111,111,36551843,0,0,0,0,0,0,0,0,0
202102,47,167,3,6,Tipton County                 ,11,11,2105995,0,0,0,0,0,0,0,0,0,3,3,994454,0,0,0,0,0,0,0,0,0
202102,47,169,3,6,Trousdale County              ,7,7,867000,0,0,0,0,0,0,0,0,0,7,7,867000,0,0,0,0,0,0,0,0,0
202102,47,173,3,6,Union County                  ,10,10,1957778,0,0,0,0,0,0,0,0,0,8,8,1880000,0,0,0,0,0,0,0,0,0
202102,47,175,3,6,Van Buren County              ,0,0,0,0,0,0,0,0,0,0,0,0,0,0,0,0,0,0,0,0,0,0,0,0
202102,47,189,3,6,Wilson County                 ,201,201,52150029,0,0,0,1,3,600000,1,6,750000,142,142,32858793,0,0,0,0,0,0,0,0,0
202102,48,013,3,7,Atascosa County               ,3,3,535734,0,0,0,0,0,0,0,0,0,0,0,0,0,0,0,0,0,0,0,0,0
202102,48,015,3,7,Austin County                 ,2,2,380960,0,0,0,0,0,0,0,0,0,0,0,0,0,0,0,0,0,0,0,0,0
202102,48,019,3,7,Bandera County                ,0,0,0,0,0,0,0,0,0,0,0,0,0,0,0,0,0,0,0,0,0,0,0,0
202102,48,021,3,7,Bastrop County                ,27,27,4851788,2,4,375422,0,0,0,0,0,0,19,19,3870384,2,4,375422,0,0,0,0,0,0
202102,48,025,3,7,Bee County                    ,1,1,118255,0,0,0,0,0,0,0,0,0,0,0,0,0,0,0,0,0,0,0,0,0
202102,48,027,3,7,Bell County                   ,163,163,28047371,11,22,2278280,0,0,0,0,0,0,147,147,24632902,8,16,1687711,0,0,0,0,0,0
202102,48,029,3,7,Bexar County                  ,653,653,146512854,0,0,0,0,0,0,13,323,39180149,579,579,134968433,0,0,0,0,0,0,12,318,38114653
202102,48,051,3,7,Burleson County               ,9,9,1180198,0,0,0,0,0,0,0,0,0,9,9,1180198,0,0,0,0,0,0,0,0,0
202102,48,055,3,7,Caldwell County               ,31,31,6542338,1,2,187145,0,0,0,0,0,0,4,4,836303,0,0,0,0,0,0,0,0,0
202102,48,085,3,7,Collin County                 ,1151,1151,315534861,0,0,0,0,0,0,0,0,0,1066,1066,293270353,0,0,0,0,0,0,0,0,0
202102,48,091,3,7,Comal County                  ,213,213,49656477,0,0,0,0,0,0,0,0,0,213,213,49656477,0,0,0,0,0,0,0,0,0
202102,48,099,3,7,Coryell County                ,6,6,1073243,0,0,0,0,0,0,0,0,0,6,6,1073243,0,0,0,0,0,0,0,0,0
202102,48,107,3,7,Crosby County                 ,0,0,0,0,0,0,0,0,0,0,0,0,0,0,0,0,0,0,0,0,0,0,0,0
202102,48,113,3,7,Dallas County                 ,539,539,137321557,4,8,988064,3,11,2344888,12,762,23549189,523,523,129976017,4,8,988064,3,11,2344888,11,746,22062061
202102,48,119,3,7,Delta County                  ,0,0,0,0,0,0,0,0,0,0,0,0,0,0,0,0,0,0,0,0,0,0,0,0
202102,48,135,3,7,Ector County                  ,49,49,11423321,0,0,0,0,0,0,0,0,0,49,49,11423321,0,0,0,0,0,0,0,0,0
202102,48,139,3,7,Ellis County                  ,203,203,44682733,0,0,0,0,0,0,1,8,1361799,142,142,32131389,0,0,0,0,0,0,0,0,0
202102,48,141,3,7,El Paso County                ,236,236,56539450,3,6,871853,3,9,1056126,1,26,2976712,52,52,12122708,0,0,0,0,0,0,0,0,0
202102,48,157,3,7,Fort Bend County              ,552,552,133651094,1,2,247016,0,0,0,0,0,0,365,365,85092085,1,2,247016,0,0,0,0,0,0
202102,48,167,3,7,Galveston County              ,193,193,46191527,0,0,0,0,0,0,0,0,0,99,99,22400705,0,0,0,0,0,0,0,0,0
202102,48,185,3,7,Grimes County                 ,8,8,804922,0,0,0,0,0,0,0,0,0,8,8,804922,0,0,0,0,0,0,0,0,0
202102,48,187,3,7,Guadalupe County              ,90,90,21953750,1,2,247016,0,0,0,0,0,0,90,90,21953750,1,2,247016,0,0,0,0,0,0
202102,48,193,3,7,Hamilton County               ,0,0,0,1,2,187711,0,0,0,0,0,0,0,0,0,1,2,187711,0,0,0,0,0,0
202102,48,195,3,7,Hansford County               ,0,0,0,0,0,0,0,0,0,0,0,0,0,0,0,0,0,0,0,0,0,0,0,0
202102,48,201,3,7,Harris County                 ,1531,1531,310409385,9,18,1898521,0,0,0,15,852,73127762,1523,1523,305872082,9,18,1898521,0,0,0,15,852,73127762
202102,48,211,3,7,Hemphill County               ,0,0,0,0,0,0,0,0,0,0,0,0,0,0,0,0,0,0,0,0,0,0,0,0
202102,48,215,3,7,Hidalgo County                ,324,324,61898856,6,12,733888,10,40,1944558,1,23,2182928,242,242,52261856,6,12,733888,9,36,1685952,0,0,0
202102,48,233,3,7,Hutchinson County             ,0,0,0,0,0,0,0,0,0,0,0,0,0,0,0,0,0,0,0,0,0,0,0,0
202102,48,251,3,7,Johnson County                ,127,127,30522922,0,0,0,0,0,0,0,0,0,127,127,30522922,0,0,0,0,0,0,0,0,0
202102,48,257,3,7,Kaufman County                ,129,129,32216123,12,24,2160000,0,0,0,0,0,0,127,127,31705331,12,24,2160000,0,0,0,0,0,0
202102,48,259,3,7,Kendall County                ,36,36,8453540,0,0,0,0,0,0,0,0,0,0,0,0,0,0,0,0,0,0,0,0,0
202102,48,271,3,7,Kinney County                 ,0,0,0,0,0,0,0,0,0,0,0,0,0,0,0,0,0,0,0,0,0,0,0,0
202102,48,281,3,7,Lampasas County               ,0,0,0,0,0,0,0,0,0,0,0,0,0,0,0,0,0,0,0,0,0,0,0,0
202102,48,291,3,7,Liberty County                ,70,70,11313132,0,0,0,0,0,0,0,0,0,62,62,9437211,0,0,0,0,0,0,0,0,0
202102,48,303,3,7,Lubbock County                ,242,242,52151063,31,62,7429850,0,0,0,1,5,359375,241,241,51978063,31,62,7429850,0,0,0,0,0,0
202102,48,323,3,7,Maverick County               ,19,19,5042401,1,2,376564,1,3,362726,0,0,0,19,19,5042401,1,2,376564,1,3,362726,0,0,0
202102,48,325,3,7,Medina County                 ,2,2,560000,0,0,0,0,0,0,0,0,0,2,2,560000,0,0,0,0,0,0,0,0,0
202102,48,329,3,7,Midland County                ,61,61,11208950,0,0,0,0,0,0,0,0,0,61,61,11208950,0,0,0,0,0,0,0,0,0
202102,48,339,3,7,Montgomery County             ,685,685,159467468,0,0,0,2,8,745100,5,44,6294729,669,669,156045273,0,0,0,2,8,745100,4,39,5733504
202102,48,367,3,7,Parker County                 ,45,45,9916570,1,2,295877,0,0,0,1,5,435279,20,20,4882433,0,0,0,0,0,0,0,0,0
202102,48,375,3,7,Potter County                 ,58,58,13521482,0,0,0,0,0,0,0,0,0,58,58,13521482,0,0,0,0,0,0,0,0,0
202102,48,383,3,7,Reagan County                 ,0,0,0,0,0,0,0,0,0,0,0,0,0,0,0,0,0,0,0,0,0,0,0,0
202102,48,385,3,7,Real County                   ,0,0,0,0,0,0,0,0,0,0,0,0,0,0,0,0,0,0,0,0,0,0,0,0
202102,48,395,3,7,Robertson County              ,6,6,1224925,0,0,0,0,0,0,0,0,0,0,0,0,0,0,0,0,0,0,0,0,0
202102,48,397,3,7,Rockwall County               ,124,124,41013061,0,0,0,0,0,0,0,0,0,35,35,9715690,0,0,0,0,0,0,0,0,0
202102,48,407,3,7,San Jacinto County            ,35,35,7690473,0,0,0,0,0,0,0,0,0,0,0,0,0,0,0,0,0,0,0,0,0
202102,48,411,3,7,San Saba County               ,0,0,0,0,0,0,0,0,0,0,0,0,0,0,0,0,0,0,0,0,0,0,0,0
202102,48,451,3,7,Tom Green County              ,15,15,3136137,0,0,0,0,0,0,0,0,0,15,15,3136137,0,0,0,0,0,0,0,0,0
202102,48,453,3,7,Travis County                 ,810,810,160343727,8,16,2256266,1,4,330493,21,1964,304824382,789,789,154217167,8,16,2256266,1,4,330493,21,1964,304824382
202102,48,473,3,7,Waller County                 ,2,2,228443,0,0,0,0,0,0,1,6,133084,0,0,0,0,0,0,0,0,0,0,0,0
202102,48,491,3,7,Williamson County             ,570,570,150048750,8,16,3692599,4,16,4082000,4,623,63992233,534,534,140714012,8,16,3692599,4,16,4082000,4,623,63992233
202102,48,493,3,7,Wilson County                 ,3,3,831343,0,0,0,0,0,0,0,0,0,1,1,233129,0,0,0,0,0,0,0,0,0
202102,48,497,3,7,Wise County                   ,8,8,1694887,0,0,0,0,0,0,0,0,0,7,7,1439387,0,0,0,0,0,0,0,0,0
202102,49,011,4,8,Davis County                  ,141,141,38314939,0,0,0,0,0,0,2,10,1569822,118,118,32020796,0,0,0,0,0,0,0,0,0
202102,49,023,4,8,Juab County                   ,5,5,1494559,0,0,0,0,0,0,0,0,0,4,4,1118501,0,0,0,0,0,0,0,0,0
202102,49,029,4,8,Morgan County                 ,5,5,1595391,0,0,0,0,0,0,1,5,1048127,5,5,1595391,0,0,0,0,0,0,1,5,1048127
202102,49,035,4,8,Salt Lake County              ,321,321,92726216,23,46,10299678,10,35,4736123,9,332,47198448,206,206,63519726,20,40,9368369,9,32,4207000,3,44,4440115
202102,49,039,4,8,Sanpete County                ,3,3,735606,0,0,0,0,0,0,0,0,0,3,3,735606,0,0,0,0,0,0,0,0,0
202102,49,043,4,8,Summit County                 ,25,25,10073579,1,2,565573,1,3,841530,2,10,1708568,16,16,5631312,0,0,0,0,0,0,0,0,0
202102,49,057,4,8,Weber County                  ,116,116,27801199,0,0,0,1,3,587378,2,10,1001008,93,93,22529273,0,0,0,0,0,0,0,0,0
202102,51,003,3,5,Albemarle County              ,64,64,19201821,0,0,0,0,0,0,1,23,2222890,0,0,0,0,0,0,0,0,0,0,0,0
202102,51,007,3,5,Amelia County                 ,4,4,737280,0,0,0,0,0,0,0,0,0,4,4,737280,0,0,0,0,0,0,0,0,0
202102,51,009,3,5,Amherst County                ,1,1,260000,0,0,0,0,0,0,0,0,0,1,1,260000,0,0,0,0,0,0,0,0,0
202102,51,013,3,5,Arlington County              ,11,11,4125000,0,0,0,0,0,0,1,505,24750000,11,11,4125000,0,0,0,0,0,0,1,505,24750000
202102,51,015,3,5,Augusta County                ,9,9,1710000,0,0,0,0,0,0,0,0,0,9,9,1710000,0,0,0,0,0,0,0,0,0
202102,51,019,3,5,Bedford County                ,4,4,927930,0,0,0,1,3,603462,0,0,0,0,0,0,0,0,0,0,0,0,0,0,0
202102,51,033,3,5,Caroline County               ,26,26,4064578,0,0,0,0,0,0,0,0,0,26,26,4064578,0,0,0,0,0,0,0,0,0
202102,51,036,3,5,Charles City County           ,2,2,365987,0,0,0,0,0,0,0,0,0,0,0,0,0,0,0,0,0,0,0,0,0
202102,51,037,3,5,Charlotte County              ,2,2,250000,0,0,0,0,0,0,0,0,0,2,2,250000,0,0,0,0,0,0,0,0,0
202102,51,041,3,5,Chesterfield County           ,184,184,37676165,0,0,0,0,0,0,1,12,651035,184,184,37676165,0,0,0,0,0,0,1,12,651035
202102,51,043,3,5,Clarke County                 ,8,8,1734022,0,0,0,0,0,0,0,0,0,8,8,1734022,0,0,0,0,0,0,0,0,0
202102,51,049,3,5,Cumberland County             ,1,1,150000,0,0,0,0,0,0,0,0,0,1,1,150000,0,0,0,0,0,0,0,0,0
202102,51,051,3,5,Dickenson County              ,0,0,0,0,0,0,0,0,0,0,0,0,0,0,0,0,0,0,0,0,0,0,0,0
202102,51,053,3,5,Dinwiddie County              ,8,8,1348058,0,0,0,0,0,0,0,0,0,0,0,0,0,0,0,0,0,0,0,0,0
202102,51,059,3,5,Fairfax County                ,114,114,26576706,0,0,0,0,0,0,2,34,4500000,114,114,26576706,0,0,0,0,0,0,2,34,4500000
202102,51,061,3,5,Fauquier County               ,16,16,5620800,0,0,0,0,0,0,0,0,0,16,16,5620800,0,0,0,0,0,0,0,0,0
202102,51,069,3,5,Frederick County              ,56,56,16832251,0,0,0,0,0,0,0,0,0,56,56,16832251,0,0,0,0,0,0,0,0,0
202102,51,073,3,5,Gloucester County             ,14,14,3849465,0,0,0,0,0,0,0,0,0,14,14,3849465,0,0,0,0,0,0,0,0,0
202102,51,075,3,5,Goochland County              ,31,31,10159590,0,0,0,0,0,0,0,0,0,31,31,10159590,0,0,0,0,0,0,0,0,0
202102,51,085,3,5,Hanover County                ,60,60,12544548,0,0,0,0,0,0,0,0,0,60,60,12544548,0,0,0,0,0,0,0,0,0
202102,51,087,3,5,Henrico County                ,77,77,14804386,24,48,8227464,0,0,0,0,0,0,77,77,14804386,24,48,8227464,0,0,0,0,0,0
202102,51,093,3,5,Isle of Wight County          ,20,20,4089858,0,0,0,0,0,0,0,0,0,0,0,0,0,0,0,0,0,0,0,0,0
202102,51,095,3,5,James City County             ,44,44,9043477,0,0,0,0,0,0,0,0,0,44,44,9043477,0,0,0,0,0,0,0,0,0
202102,51,097,3,5,King and Queen County         ,2,2,620000,0,0,0,0,0,0,0,0,0,2,2,620000,0,0,0,0,0,0,0,0,0
202102,51,099,3,5,King George County            ,16,16,3345213,0,0,0,0,0,0,0,0,0,16,16,3345213,0,0,0,0,0,0,0,0,0
202102,51,107,3,5,Loudoun County                ,111,111,26865930,0,0,0,0,0,0,1,33,3520000,111,111,26865930,0,0,0,0,0,0,1,33,3520000
202102,51,109,3,5,Louisa County                 ,30,30,6721278,0,0,0,0,0,0,0,0,0,30,30,6721278,0,0,0,0,0,0,0,0,0
202102,51,115,3,5,Mathews County                ,5,5,1622073,0,0,0,0,0,0,0,0,0,5,5,1622073,0,0,0,0,0,0,0,0,0
202102,51,127,3,5,New Kent County               ,37,37,12312000,0,0,0,2,8,1736000,0,0,0,37,37,12312000,0,0,0,2,8,1736000,0,0,0
202102,51,139,3,5,Page County                   ,1,1,135000,0,0,0,0,0,0,0,0,0,1,1,135000,0,0,0,0,0,0,0,0,0
202102,51,145,3,5,Powhatan County               ,13,13,3590839,0,0,0,0,0,0,0,0,0,13,13,3590839,0,0,0,0,0,0,0,0,0
202102,51,149,3,5,Prince George County          ,6,6,880000,0,0,0,0,0,0,0,0,0,6,6,880000,0,0,0,0,0,0,0,0,0
202102,51,153,3,5,Prince William County         ,84,84,13150568,0,0,0,0,0,0,5,122,14567698,84,84,13150568,0,0,0,0,0,0,4,117,14000000
202102,51,165,3,5,Rockingham County             ,50,50,15689680,0,0,0,0,0,0,0,0,0,50,50,15689680,0,0,0,0,0,0,0,0,0
202102,51,175,3,5,Southampton County            ,6,6,950232,0,0,0,0,0,0,0,0,0,0,0,0,0,0,0,0,0,0,0,0,0
202102,51,177,3,5,Spotsylvania County           ,66,66,17260041,0,0,0,0,0,0,2,49,5762880,0,0,0,0,0,0,0,0,0,0,0,0
202102,51,179,3,5,Stafford County               ,80,80,24153570,0,0,0,0,0,0,0,0,0,80,80,24153570,0,0,0,0,0,0,0,0,0
202102,51,181,3,5,Surry County                  ,1,1,250000,0,0,0,0,0,0,0,0,0,1,1,250000,0,0,0,0,0,0,0,0,0
202102,51,183,3,5,Sussex County                 ,1,1,140000,0,0,0,0,0,0,0,0,0,1,1,140000,0,0,0,0,0,0,0,0,0
202102,51,187,3,5,Warren County                 ,13,13,2477595,0,0,0,0,0,0,0,0,0,13,13,2477595,0,0,0,0,0,0,0,0,0
202102,51,199,3,5,York County                   ,30,30,4924894,0,0,0,0,0,0,0,0,0,30,30,4924894,0,0,0,0,0,0,0,0,0
202102,51,510,3,5,Alexandria (Independent City) ,3,3,170000,0,0,0,0,0,0,0,0,0,3,3,170000,0,0,0,0,0,0,0,0,0
202102,51,540,3,5,Charlottesville (Independent C,6,6,2077712,0,0,0,0,0,0,0,0,0,0,0,0,0,0,0,0,0,0,0,0,0
202102,51,550,3,5,Chesapeake(Independent City)  ,97,97,27991700,0,0,0,0,0,0,0,0,0,97,97,27991700,0,0,0,0,0,0,0,0,0
202102,51,570,3,5,Colonial Heights (Independent ,3,3,365000,0,0,0,0,0,0,0,0,0,3,3,365000,0,0,0,0,0,0,0,0,0
202102,51,580,3,5,Covington (Independent City)  ,0,0,0,0,0,0,0,0,0,0,0,0,0,0,0,0,0,0,0,0,0,0,0,0
202102,51,600,3,5,Fairfax (Independent City)    ,0,0,0,0,0,0,0,0,0,0,0,0,0,0,0,0,0,0,0,0,0,0,0,0
202102,51,610,3,5,Falls Church (Independent City,2,2,997833,0,0,0,0,0,0,1,25,9472050,0,0,0,0,0,0,0,0,0,0,0,0
202102,51,630,3,5,Fredericksburg(Independent Cit,14,14,4054946,0,0,0,0,0,0,0,0,0,14,14,4054946,0,0,0,0,0,0,0,0,0
202102,51,650,3,5,Hampton (Independent City)    ,18,18,1122946,0,0,0,0,0,0,0,0,0,0,0,0,0,0,0,0,0,0,0,0,0
202102,51,660,3,5,Harrisonburg (Independent City,0,0,0,0,0,0,0,0,0,1,9,882000,0,0,0,0,0,0,0,0,0,1,9,882000
202102,51,670,3,5,Hopewell (Independent City)   ,4,4,371573,0,0,0,0,0,0,0,0,0,0,0,0,0,0,0,0,0,0,0,0,0
202102,51,680,3,5,Lynchburg (Independent City)  ,5,5,793168,0,0,0,0,0,0,0,0,0,5,5,793168,0,0,0,0,0,0,0,0,0
202102,51,683,3,5,Manassas (Independent City)   ,10,10,2370890,0,0,0,0,0,0,0,0,0,0,0,0,0,0,0,0,0,0,0,0,0
202102,51,685,3,5,Manassas Park (Independent Cit,0,0,0,0,0,0,0,0,0,0,0,0,0,0,0,0,0,0,0,0,0,0,0,0
202102,51,700,3,5,Newport News (Independent City,7,7,980940,0,0,0,0,0,0,0,0,0,7,7,980940,0,0,0,0,0,0,0,0,0
202102,51,710,3,5,Norfolk (Independent City)    ,41,41,9558289,0,0,0,0,0,0,0,0,0,41,41,9558289,0,0,0,0,0,0,0,0,0
202102,51,730,3,5,Petersburg (Independent City) ,1,1,135022,0,0,0,0,0,0,0,0,0,0,0,0,0,0,0,0,0,0,0,0,0
202102,51,735,3,5,Poquoson (Independent City)   ,1,1,150000,0,0,0,0,0,0,0,0,0,1,1,150000,0,0,0,0,0,0,0,0,0
202102,51,740,3,5,Portsmouth (Independent City) ,21,21,2803800,0,0,0,0,0,0,0,0,0,21,21,2803800,0,0,0,0,0,0,0,0,0
202102,51,760,3,5,Richmond (Independent City)   ,35,35,7317653,0,0,0,0,0,0,0,0,0,35,35,7317653,0,0,0,0,0,0,0,0,0
202102,51,800,3,5,Suffolk (Independent City)    ,79,79,18417191,0,0,0,0,0,0,0,0,0,79,79,18417191,0,0,0,0,0,0,0,0,0
202102,51,810,3,5,Virginia Beach (Independent Ci,26,26,5379680,0,0,0,0,0,0,0,0,2236000,26,26,5379680,0,0,0,0,0,0,0,0,2236000
202102,51,830,3,5,Williamsburg (Independent City,0,0,0,0,0,0,0,0,0,0,0,0,0,0,0,0,0,0,0,0,0,0,0,0
202102,53,005,4,9,Benton County                 ,109,109,34518552,0,0,0,0,0,0,1,30,3585716,39,39,13370191,0,0,0,0,0,0,0,0,0
202102,53,011,4,9,Clark County                  ,289,289,87109268,2,4,679721,6,22,3231198,8,187,21131759,133,133,38432406,2,4,679721,6,22,3231198,8,187,21131759
202102,53,021,4,9,Franklin County               ,56,56,15541093,1,2,173640,0,0,0,0,0,0,1,1,292471,0,0,0,0,0,0,0,0,0
202102,53,031,4,9,Jefferson County              ,17,17,3772132,0,0,0,0,0,0,0,0,0,7,7,1283708,0,0,0,0,0,0,0,0,0
202102,53,033,4,9,King County                   ,274,274,98995190,18,36,10691121,15,52,9400771,11,1257,221164142,154,154,51491934,17,34,10172043,14,49,8398418,8,1133,207919865
202102,53,035,4,9,Kitsap County                 ,118,118,34363051,1,2,283419,0,0,0,1,11,1418000,118,118,34363051,1,2,283419,0,0,0,1,11,1418000
202102,53,053,4,9,Pierce County                 ,392,392,117709520,0,0,0,0,0,0,4,74,10595864,391,391,117467259,0,0,0,0,0,0,4,74,10595864
202102,53,055,4,9,San Juan County               ,8,8,1742418,0,0,0,0,0,0,0,0,0,1,1,95000,0,0,0,0,0,0,0,0,0
202102,53,059,4,9,Skamania County               ,5,5,1207445,0,0,0,0,0,0,0,0,0,5,5,1207445,0,0,0,0,0,0,0,0,0
202102,53,061,4,9,Snohomish County              ,216,216,64613188,5,10,2480451,0,0,0,9,144,15529072,181,181,53327791,4,8,2009386,0,0,0,4,56,6201585
202102,54,011,3,5,Cabell County                 ,7,7,1369701,1,2,214667,0,0,0,0,0,0,0,0,0,0,0,0,0,0,0,0,0,0
202102,54,015,3,5,Clay County                   ,4,4,100000,0,0,0,0,0,0,0,0,0,0,0,0,0,0,0,0,0,0,0,0,0
202102,54,019,3,5,Fayette County                ,2,2,115570,0,0,0,0,0,0,0,0,0,1,1,58700,0,0,0,0,0,0,0,0,0
202102,54,037,3,5,Jefferson County              ,17,17,4907105,0,0,0,0,0,0,11,297,40000000,17,17,4907105,0,0,0,0,0,0,11,297,40000000
202102,54,081,3,5,Raleigh County                ,2,2,300000,0,0,0,0,0,0,0,0,0,2,2,300000,0,0,0,0,0,0,0,0,0
202102,55,025,2,3,Dane County                   ,112,112,47402851,1,2,307056,1,4,600000,6,434,60492744,92,92,41954289,1,2,307056,1,4,600000,5,429,59200000
202102,55,031,2,3,Douglas County                ,4,4,1085000,0,0,0,0,0,0,0,0,0,4,4,1085000,0,0,0,0,0,0,0,0,0
202102,55,037,2,3,Florence County               ,0,0,0,0,0,0,0,0,0,0,0,0,0,0,0,0,0,0,0,0,0,0,0,0
202102,55,049,2,3,Iowa County                   ,2,2,550000,0,0,0,0,0,0,0,0,0,2,2,550000,0,0,0,0,0,0,0,0,0
202102,55,059,2,3,Kenosha County                ,15,15,6442522,0,0,0,0,0,0,1,12,788141,10,10,4953824,0,0,0,0,0,0,0,0,0
202102,55,079,2,3,Milwaukee County              ,9,9,2285505,1,2,664021,0,0,0,1,10,841673,8,8,2127451,1,2,664021,0,0,0,0,0,0
202102,55,089,2,3,Ozaukee County                ,16,16,6208812,0,0,0,0,0,0,0,0,0,13,13,5222181,0,0,0,0,0,0,0,0,0
202102,55,093,2,3,Pierce County                 ,8,8,2104732,0,0,0,0,0,0,0,0,0,7,7,1834000,0,0,0,0,0,0,0,0,0
202102,55,109,2,3,St. Croix County              ,38,38,11678918,0,0,0,0,0,0,0,0,0,28,28,8978612,0,0,0,0,0,0,0,0,0
202102,55,131,2,3,Washington County             ,25,25,8287509,5,10,1419111,0,0,0,0,0,0,18,18,6276000,4,8,1180000,0,0,0,0,0,0
202102,56,025,4,8,Natrona County                ,14,14,2380175,0,0,0,1,4,385000,0,0,0,14,14,2380175,0,0,0,1,4,385000,0,0,0
202102,56,029,4,8,Park County                   ,11,11,3203170,0,0,0,0,0,0,0,0,0,11,11,3203170,0,0,0,0,0,0,0,0,0
202102,56,039,4,8,Teton County                  ,17,17,45605380,0,0,0,0,0,0,0,0,0,15,15,44560000,0,0,0,0,0,0,0,0,0
