Survey,FIPS,FIPS,Region,Division,County,,1-unit,,,2-units,,,3-4 units,,,5+ units,,,1-unit rep,,,2-units rep,,,3-4 units rep,,, 5+units rep
Date,State,County,Code,Code,Name,Bldgs,Units,Value,Bldgs,Units,Value,Bldgs,Units,Value,Bldgs,Units,Value,Bldgs,Units,Value,Bldgs,Units,Value,Bldgs,Units,Value,Bldgs,Units,Value
 
202103,01,001,3,6,Autauga County                ,32,32,10324663,0,0,0,0,0,0,0,0,0,32,32,10324663,0,0,0,0,0,0,0,0,0
202103,01,007,3,6,Bibb County                   ,1,1,275000,0,0,0,0,0,0,0,0,0,1,1,275000,0,0,0,0,0,0,0,0,0
202103,01,009,3,6,Blount County                 ,2,2,382129,0,0,0,0,0,0,0,0,0,2,2,382129,0,0,0,0,0,0,0,0,0
202103,01,021,3,6,Chilton County                ,5,5,1081600,0,0,0,0,0,0,0,0,0,5,5,1081600,0,0,0,0,0,0,0,0,0
202103,01,073,3,6,Jefferson County              ,176,176,58122828,1,2,247329,0,0,0,1,9,907557,63,63,22491300,0,0,0,0,0,0,0,0,0
202103,01,075,3,6,Lamar County                  ,0,0,0,0,0,0,0,0,0,0,0,0,0,0,0,0,0,0,0,0,0,0,0,0
202103,01,081,3,6,Lee County                    ,169,169,45476213,5,10,1237794,5,20,1294630,0,0,0,128,128,35857324,5,10,1237794,5,20,1294630,0,0,0
202103,01,083,3,6,Limestone County              ,47,47,10957063,0,0,0,0,0,0,0,0,0,47,47,10957063,0,0,0,0,0,0,0,0,0
202103,01,089,3,6,Madison County                ,401,401,60687573,1,2,140000,3,12,1020000,2,10,257647,72,72,22606929,0,0,0,0,0,0,0,0,0
202103,01,113,3,6,Russell County                ,12,12,1896788,0,0,0,0,0,0,0,0,0,12,12,1896788,0,0,0,0,0,0,0,0,0
202103,01,115,3,6,St. Clair County              ,45,45,7778654,0,0,0,0,0,0,0,0,0,21,21,3305218,0,0,0,0,0,0,0,0,0
202103,01,117,3,6,Shelby County                 ,151,151,46403364,0,0,0,0,0,0,0,0,0,141,141,43629117,0,0,0,0,0,0,0,0,0
202103,01,127,3,6,Walker County                 ,6,6,797000,0,0,0,0,0,0,0,0,0,6,6,797000,0,0,0,0,0,0,0,0,0
202103,02,013,4,9,Aleutians East Borough        ,0,0,0,0,0,0,0,0,0,0,0,0,0,0,0,0,0,0,0,0,0,0,0,0
202103,02,016,4,9,Aleutians West Census Area    ,1,1,98118,0,0,0,0,0,0,0,0,0,0,0,0,0,0,0,0,0,0,0,0,0
202103,02,020,4,9,Anchorage Municipality        ,102,102,31952699,0,0,0,2,6,1042266,2,15,2371433,0,0,0,0,0,0,0,0,0,0,0,0
202103,02,050,4,9,Bethel Census Area            ,0,0,0,0,0,0,0,0,0,0,0,0,0,0,0,0,0,0,0,0,0,0,0,0
202103,02,060,4,9,Bristol Bay Borough           ,0,0,0,0,0,0,0,0,0,0,0,0,0,0,0,0,0,0,0,0,0,0,0,0
202103,02,070,4,9,Dillingham Census Area        ,0,0,0,0,0,0,0,0,0,0,0,0,0,0,0,0,0,0,0,0,0,0,0,0
202103,02,090,4,9,Fairbanks North Star Borough  ,0,0,0,0,0,0,0,0,0,0,0,0,0,0,0,0,0,0,0,0,0,0,0,0
202103,02,100,4,9,Haines Borough                ,2,2,298889,0,0,0,0,0,0,0,0,0,0,0,0,0,0,0,0,0,0,0,0,0
202103,02,105,4,9,Hoonah-Angoon Census Area     ,0,0,0,0,0,0,0,0,0,0,0,0,0,0,0,0,0,0,0,0,0,0,0,0
202103,02,110,4,9,Juneau City and Borough       ,3,3,474663,0,0,0,0,0,0,0,0,0,3,3,474663,0,0,0,0,0,0,0,0,0
202103,02,122,4,9,Kenai Peninsula Borough       ,7,7,2508520,0,0,0,0,0,0,0,0,0,6,6,2271834,0,0,0,0,0,0,0,0,0
202103,02,130,4,9,Ketchikan Gateway Borough     ,1,1,296834,0,0,0,0,0,0,0,0,0,1,1,296834,0,0,0,0,0,0,0,0,0
202103,02,150,4,9,Kodiak Island Borough         ,1,1,77364,0,0,0,0,0,0,0,0,0,1,1,77364,0,0,0,0,0,0,0,0,0
202103,02,170,4,9,Matanuska-Susitna Borough     ,0,0,0,0,0,0,0,0,0,0,0,0,0,0,0,0,0,0,0,0,0,0,0,0
202103,02,180,4,9,Nome Census Area              ,1,1,181950,0,0,0,0,0,0,0,0,0,0,0,0,0,0,0,0,0,0,0,0,0
202103,02,185,4,9,North Slope Borough           ,0,0,0,0,0,0,0,0,0,0,0,0,0,0,0,0,0,0,0,0,0,0,0,0
202103,02,188,4,9,Northwest Arctic Borough      ,1,1,297134,0,0,0,0,0,0,0,0,0,0,0,0,0,0,0,0,0,0,0,0,0
202103,02,195,4,9,Petersburg Borough            ,1,1,193487,0,0,0,0,0,0,0,0,0,0,0,0,0,0,0,0,0,0,0,0,0
202103,02,198,4,9,Prince of Wales-Hyder Census A,0,0,0,0,0,0,0,0,0,0,0,0,0,0,0,0,0,0,0,0,0,0,0,0
202103,02,220,4,9,Sitka City and Borough        ,1,1,205113,0,0,0,0,0,0,0,0,0,0,0,0,0,0,0,0,0,0,0,0,0
202103,02,230,4,9,Skagway Municipality          ,1,1,141618,1,2,219444,0,0,0,0,0,0,0,0,0,0,0,0,0,0,0,0,0,0
202103,02,261,4,9,Valdez-Cordova Census Area    ,0,0,0,0,0,0,0,0,0,0,0,0,0,0,0,0,0,0,0,0,0,0,0,0
202103,02,275,4,9,Wrangell City and Borough     ,0,0,0,0,0,0,0,0,0,0,0,0,0,0,0,0,0,0,0,0,0,0,0,0
202103,02,282,4,9,Yakutat City and Borough      ,0,0,0,0,0,0,0,0,0,0,0,0,0,0,0,0,0,0,0,0,0,0,0,0
202103,02,290,4,9,Yukon-Koyukuk Census Area     ,0,0,0,0,0,0,0,0,0,0,0,0,0,0,0,0,0,0,0,0,0,0,0,0
202103,04,013,4,8,Maricopa County               ,2751,2751,790283034,36,72,11685149,7,24,4526539,11,286,44468325,2710,2710,777260634,35,70,11425468,7,24,4526539,10,172,24629722
202103,04,019,4,8,Pima County                   ,461,461,140261022,3,6,711152,0,0,0,4,68,10216702,339,339,108967206,0,0,0,0,0,0,0,0,0
202103,04,021,4,8,Pinal County                  ,785,785,112097340,0,0,0,0,0,0,1,5,486111,676,676,89198456,0,0,0,0,0,0,0,0,0
202103,05,013,3,7,Calhoun County                ,0,0,0,0,0,0,0,0,0,0,0,0,0,0,0,0,0,0,0,0,0,0,0,0
202103,05,035,3,7,Crittenden County             ,5,5,2535329,0,0,0,1,4,100000,0,0,0,4,4,2302276,0,0,0,1,4,100000,0,0,0
202103,05,043,3,7,Drew County                   ,0,0,0,0,0,0,0,0,0,0,0,0,0,0,0,0,0,0,0,0,0,0,0,0
202103,05,045,3,7,Faulkner County               ,45,45,9149077,1,2,151668,0,0,0,1,9,246223,17,17,2622460,0,0,0,0,0,0,0,0,0
202103,05,053,3,7,Grant County                  ,4,4,671724,0,0,0,0,0,0,0,0,0,0,0,0,0,0,0,0,0,0,0,0,0
202103,05,085,3,7,Lonoke County                 ,40,40,4596857,0,0,0,0,0,0,0,0,0,8,8,1829920,0,0,0,0,0,0,0,0,0
202103,05,087,3,7,Madison County                ,6,6,733425,0,0,0,0,0,0,0,0,0,6,6,733425,0,0,0,0,0,0,0,0,0
202103,05,091,3,7,Miller County                 ,4,4,837575,0,0,0,0,0,0,0,0,0,0,0,0,0,0,0,0,0,0,0,0,0
202103,05,105,3,7,Perry County                  ,0,0,0,0,0,0,0,0,0,0,0,0,0,0,0,0,0,0,0,0,0,0,0,0
202103,05,119,3,7,Pulaski County                ,119,119,30320571,0,0,0,1,4,400000,12,461,33346895,119,119,30320571,0,0,0,1,4,400000,12,461,33346895
202103,05,129,3,7,Searcy County                 ,0,0,0,0,0,0,0,0,0,0,0,0,0,0,0,0,0,0,0,0,0,0,0,0
202103,05,143,3,7,Washington County             ,225,225,65079237,1,2,427685,7,26,4184554,3,38,3447492,198,198,58027179,1,2,427685,6,22,3622082,0,0,0
202103,06,001,4,9,Alameda County                ,152,152,49002336,2,4,1287532,1,3,856711,8,67,20309924,101,101,32533688,2,4,1287532,0,0,0,4,30,11750166
202103,06,013,4,9,Contra Costa County           ,195,195,48407489,0,0,0,0,0,0,4,342,70157949,178,178,43337839,0,0,0,0,0,0,2,297,62455931
202103,06,017,4,9,El Dorado County              ,66,66,24095370,0,0,0,0,0,0,0,0,0,66,66,24095370,0,0,0,0,0,0,0,0,0
202103,06,019,4,9,Fresno County                 ,339,339,100168833,4,8,1387645,0,0,0,5,41,5129382,160,160,42894813,0,0,0,0,0,0,0,0,0
202103,06,037,4,9,Los Angeles County            ,833,833,235079500,46,92,18701477,8,26,5811257,22,1564,319280482,698,698,173664228,41,82,16077374,3,9,2243670,15,1518,311902143
202103,06,041,4,9,Marin County                  ,23,23,10549342,0,0,0,0,0,0,1,5,1074668,9,9,3701100,0,0,0,0,0,0,0,0,0
202103,06,059,4,9,Orange County                 ,431,431,132794652,14,28,7930685,3,12,2459616,29,1140,253667139,356,356,98980077,11,22,5930649,3,12,2459616,27,1107,246339749
202103,06,061,4,9,Placer County                 ,367,367,107485350,4,8,1317292,0,0,0,0,0,0,364,364,106909344,4,8,1317292,0,0,0,0,0,0
202103,06,063,4,9,Plumas County                 ,3,3,620497,0,0,0,0,0,0,0,0,0,3,3,620497,0,0,0,0,0,0,0,0,0
202103,06,067,4,9,Sacramento County             ,376,376,104428261,2,4,553870,0,0,0,7,284,46279322,374,374,103964423,2,4,553870,0,0,0,7,284,46279322
202103,06,069,4,9,San Benito County             ,47,47,12519870,0,0,0,0,0,0,0,0,0,38,38,8416405,0,0,0,0,0,0,0,0,0
202103,06,071,4,9,San Bernardino County         ,472,472,99757858,10,20,598341,3,12,1707409,9,65,8943428,418,418,85206758,10,20,598341,3,12,1707409,6,49,7707638
202103,06,073,4,9,San Diego County              ,294,294,71756243,2,4,394529,6,23,4223716,28,573,178093798,293,293,71144910,2,4,394529,6,23,4223716,28,573,178093798
202103,06,075,4,9,San Francisco County          ,4,4,1110733,1,2,355932,1,4,1400000,1,5,875000,4,4,1110733,1,2,355932,1,4,1400000,1,5,875000
202103,06,081,4,9,San Mateo County              ,58,58,47243111,0,0,0,0,0,0,5,47,16153083,44,44,38340395,0,0,0,0,0,0,3,27,11418041
202103,06,085,4,9,Santa Clara County            ,175,175,58285495,2,4,1392814,0,0,0,5,328,39965926,115,115,37337929,1,2,800000,0,0,0,3,298,34644579
202103,06,091,4,9,Sierra County                 ,0,0,0,0,0,0,0,0,0,0,0,0,0,0,0,0,0,0,0,0,0,0,0,0
202103,06,113,4,9,Yolo County                   ,65,65,18424490,0,0,0,0,0,0,1,6,1539754,56,56,15716743,0,0,0,0,0,0,0,0,0
202103,08,001,4,8,Adams County                  ,206,206,58692591,7,14,2054617,0,0,0,12,100,10393462,153,153,43293825,7,14,2054617,0,0,0,12,100,10393462
202103,08,005,4,8,Arapahoe County               ,348,348,92832687,0,0,0,0,0,0,6,168,28821521,339,339,88718712,0,0,0,0,0,0,6,168,28821521
202103,08,014,4,8,Broomfield County             ,19,19,8683326,4,8,2021214,1,3,642000,0,0,0,19,19,8683326,4,8,2021214,1,3,642000,0,0,0
202103,08,015,4,8,Chaffee County                ,20,20,5160151,1,2,323962,1,3,549700,0,0,0,0,0,0,0,0,0,0,0,0,0,0,0
202103,08,019,4,8,Clear Creek County            ,2,2,570582,0,0,0,0,0,0,0,0,0,0,0,0,0,0,0,0,0,0,0,0,0
202103,08,031,4,8,Denver County                 ,85,85,23603082,0,0,0,0,0,0,2,479,7159108,85,85,23603082,0,0,0,0,0,0,2,479,7159108
202103,08,035,4,8,Douglas County                ,410,410,127416695,6,12,2631646,4,12,2154099,16,129,15651984,404,404,125112253,6,12,2631646,4,12,2154099,16,129,15651984
202103,08,039,4,8,Elbert County                 ,43,43,14901173,0,0,0,0,0,0,0,0,0,43,43,14901173,0,0,0,0,0,0,0,0,0
202103,08,041,4,8,El Paso County                ,452,452,171025579,0,0,0,0,0,0,0,0,0,452,452,171025579,0,0,0,0,0,0,0,0,0
202103,08,047,4,8,Gilpin County                 ,1,1,277683,0,0,0,0,0,0,0,0,0,1,1,277683,0,0,0,0,0,0,0,0,0
202103,08,059,4,8,Jefferson County              ,89,89,25650936,1,2,442400,6,24,4703225,0,0,0,83,83,23939036,0,0,0,6,24,4703225,0,0,0
202103,08,069,4,8,Larimer County                ,235,235,71215051,2,4,408508,0,0,0,2,24,2777106,235,235,71215051,2,4,408508,0,0,0,2,24,2777106
202103,08,077,4,8,Mesa County                   ,101,101,14883169,0,0,0,1,3,324511,0,0,0,101,101,14883169,0,0,0,1,3,324511,0,0,0
202103,08,093,4,8,Park County                   ,26,26,7219766,0,0,0,0,0,0,0,0,0,26,26,7219766,0,0,0,0,0,0,0,0,0
202103,08,101,4,8,Pueblo County                 ,59,59,9539057,0,0,0,0,0,0,0,0,0,0,0,0,0,0,0,0,0,0,0,0,0
202103,08,119,4,8,Teller County                 ,9,9,2097138,0,0,0,0,0,0,0,0,0,8,8,1997138,0,0,0,0,0,0,0,0,0
202103,09,001,1,1,Fairfield County              ,83,83,51307563,1,2,151563,0,0,0,8,183,15958782,51,51,28284409,0,0,0,0,0,0,5,160,9107333
202103,09,003,1,1,Hartford County               ,75,75,17997609,1,2,200000,0,0,0,3,15,1000518,58,58,14707547,0,0,0,0,0,0,0,0,0
202103,09,007,1,1,Middlesex County              ,15,15,3318229,0,0,0,0,0,0,0,0,0,8,8,1665025,0,0,0,0,0,0,0,0,0
202103,09,013,1,1,Tolland County                ,17,17,4440421,0,0,0,0,0,0,3,15,1597371,8,8,2110417,0,0,0,0,0,0,0,0,0
202103,10,001,3,5,Kent County                   ,154,154,21587258,2,4,425058,0,0,0,0,0,0,50,50,6297247,2,4,425058,0,0,0,0,0,0
202103,10,003,3,5,New Castle County             ,157,157,15530923,0,0,0,0,0,0,2,22,1034526,0,0,0,0,0,0,0,0,0,0,0,0
202103,10,005,3,5,Sussex County                 ,473,473,71099381,14,28,3675585,0,0,0,0,0,0,473,473,71099381,14,28,3675585,0,0,0,0,0,0
202103,11,001,3,5,Washington  DC                ,31,31,7226999,0,0,0,0,0,0,8,558,66880428,31,31,7226999,0,0,0,0,0,0,8,558,66880428
202103,12,003,3,5,Baker County                  ,7,7,1809879,0,0,0,0,0,0,0,0,0,7,7,1809879,0,0,0,0,0,0,0,0,0
202103,12,019,3,5,Clay County                   ,149,149,29444844,0,0,0,0,0,0,0,0,0,148,148,29287066,0,0,0,0,0,0,0,0,0
202103,12,029,3,5,Dixie County                  ,5,5,631617,0,0,0,0,0,0,0,0,0,0,0,0,0,0,0,0,0,0,0,0,0
202103,12,031,3,5,Duval County                  ,506,506,91853662,0,0,0,43,172,9480000,20,943,108764168,506,506,91853662,0,0,0,43,172,9480000,20,943,108764168
202103,12,033,3,5,Escambia County               ,71,71,17019030,51,102,6667734,0,0,0,0,0,0,71,71,17019030,51,102,6667734,0,0,0,0,0,0
202103,12,053,3,5,Hernando County               ,156,156,39433787,0,0,0,0,0,0,1,86,11652000,156,156,39433787,0,0,0,0,0,0,1,86,11652000
202103,12,057,3,5,Hillsborough County           ,656,656,192068432,0,0,0,0,0,0,5,205,9416731,656,656,192068432,0,0,0,0,0,0,5,205,9416731
202103,12,067,3,5,Lafayette County              ,1,1,233105,0,0,0,0,0,0,0,0,0,0,0,0,0,0,0,0,0,0,0,0,0
202103,12,071,3,5,Lee County                    ,798,798,182955717,9,18,2162810,3,12,3982155,2,97,8080460,798,798,182955717,9,18,2162810,3,12,3982155,2,97,8080460
202103,12,073,3,5,Leon County                   ,89,89,17576749,1,2,221600,0,0,0,5,113,14518209,0,0,0,0,0,0,0,0,0,0,0,0
202103,12,081,3,5,Manatee County                ,578,578,137366414,1,2,140000,3,9,1158618,6,376,31474549,569,569,135893065,1,2,140000,0,0,0,5,354,29093754
202103,12,086,3,5,Miami-Dade County             ,181,181,65951928,8,16,3035547,1,4,1165675,11,106,16774034,140,140,54938419,8,16,3035547,1,4,1165675,7,53,11035826
202103,12,089,3,5,Nassau County                 ,174,174,42596916,0,0,0,0,0,0,0,0,0,14,14,4321926,0,0,0,0,0,0,0,0,0
202103,12,091,3,5,Okaloosa County               ,131,131,43217766,1,2,431224,0,0,0,0,0,0,104,104,34567299,1,2,431224,0,0,0,0,0,0
202103,12,095,3,5,Orange County                 ,527,527,170182250,1,2,383165,0,0,0,16,363,39079920,527,527,170182250,1,2,383165,0,0,0,16,363,39079920
202103,12,097,3,5,Osceola County                ,628,628,132660111,0,0,0,0,0,0,4,240,29319089,628,628,132660111,0,0,0,0,0,0,4,240,29319089
202103,12,101,3,5,Pasco County                  ,873,873,181928719,1,2,280000,0,0,0,2,15,1431250,863,863,180575947,0,0,0,0,0,0,0,0,0
202103,12,103,3,5,Pinellas County               ,119,119,37342512,2,4,2795008,0,0,0,1,5,2280000,98,98,30826808,1,2,2409675,0,0,0,0,0,0
202103,12,109,3,5,St. Johns County              ,564,564,132264289,0,0,0,0,0,0,4,132,18038541,564,564,132264289,0,0,0,0,0,0,4,132,18038541
202103,12,113,3,5,Santa Rosa County             ,175,175,40797575,1,2,247016,0,0,0,0,0,0,175,175,40797575,1,2,247016,0,0,0,0,0,0
202103,12,115,3,5,Sarasota County               ,432,432,124875125,1,2,438116,1,4,1085328,2,14,1963061,432,432,124875125,1,2,438116,1,4,1085328,2,14,1963061
202103,12,117,3,5,Seminole County               ,156,156,48458794,0,0,0,0,0,0,2,45,4219334,147,147,46577275,0,0,0,0,0,0,0,0,0
202103,12,119,3,5,Sumter County                 ,310,310,82238328,0,0,0,0,0,0,1,8,1772000,309,309,82046044,0,0,0,0,0,0,1,8,1772000
202103,12,129,3,5,Wakulla County                ,63,63,8562580,0,0,0,0,0,0,0,0,0,63,63,8562580,0,0,0,0,0,0,0,0,0
202103,12,131,3,5,Walton County                 ,221,221,88824938,0,0,0,0,0,0,0,0,0,221,221,88824938,0,0,0,0,0,0,0,0,0
202103,12,133,3,5,Washington County             ,10,10,1477283,0,0,0,0,0,0,0,0,0,0,0,0,0,0,0,0,0,0,0,0,0
202103,13,007,3,5,Baker County                  ,0,0,0,0,0,0,0,0,0,0,0,0,0,0,0,0,0,0,0,0,0,0,0,0
202103,13,013,3,5,Barrow County                 ,86,86,12773013,0,0,0,0,0,0,1,8,768000,70,70,10207280,0,0,0,0,0,0,1,8,768000
202103,13,015,3,5,Bartow County                 ,115,115,18930140,0,0,0,0,0,0,4,22,1924666,92,92,11907900,0,0,0,0,0,0,4,22,1924666
202103,13,021,3,5,Bibb County                   ,17,17,3005759,0,0,0,0,0,0,0,0,0,0,0,0,0,0,0,0,0,0,0,0,0
202103,13,029,3,5,Bryan County                  ,77,77,22419776,0,0,0,0,0,0,0,0,0,77,77,22419776,0,0,0,0,0,0,0,0,0
202103,13,033,3,5,Burke County                  ,8,8,1512660,0,0,0,0,0,0,0,0,0,0,0,0,0,0,0,0,0,0,0,0,0
202103,13,035,3,5,Butts County                  ,12,12,4020859,0,0,0,0,0,0,0,0,0,0,0,0,0,0,0,0,0,0,0,0,0
202103,13,045,3,5,Carroll County                ,112,112,27545681,0,0,0,0,0,0,0,0,0,112,112,27545681,0,0,0,0,0,0,0,0,0
202103,13,051,3,5,Chatham County                ,114,114,26640965,0,0,0,0,0,0,0,0,0,50,50,12153735,0,0,0,0,0,0,0,0,0
202103,13,057,3,5,Cherokee County               ,270,270,78561359,0,0,0,0,0,0,0,0,0,218,218,60827485,0,0,0,0,0,0,0,0,0
202103,13,059,3,5,Clarke County                 ,17,17,3610622,0,0,0,1,4,492629,9,240,24284258,17,17,3610622,0,0,0,1,4,492629,9,240,24284258
202103,13,063,3,5,Clayton County                ,56,56,15275482,0,0,0,0,0,0,0,0,0,56,56,15275482,0,0,0,0,0,0,0,0,0
202103,13,067,3,5,Cobb County                   ,212,212,58807376,0,0,0,3,10,1811746,5,27,5910390,204,204,57058658,0,0,0,3,10,1811746,5,27,5910390
202103,13,073,3,5,Columbia County               ,137,137,26858452,0,0,0,2,7,574818,0,0,0,19,19,3925809,0,0,0,2,7,574818,0,0,0
202103,13,077,3,5,Coweta County                 ,126,126,45845548,0,0,0,0,0,0,0,0,0,122,122,44477944,0,0,0,0,0,0,0,0,0
202103,13,085,3,5,Dawson County                 ,69,69,19681241,0,0,0,0,0,0,0,0,0,69,69,19681241,0,0,0,0,0,0,0,0,0
202103,13,095,3,5,Dougherty County              ,2,2,410153,0,0,0,0,0,0,1,20,2985395,0,0,0,0,0,0,0,0,0,0,0,0
202103,13,097,3,5,Douglas County                ,65,65,7125074,0,0,0,0,0,0,0,0,0,65,65,7125074,0,0,0,0,0,0,0,0,0
202103,13,111,3,5,Fannin County                 ,46,46,9617487,0,0,0,0,0,0,0,0,0,46,46,9617487,0,0,0,0,0,0,0,0,0
202103,13,113,3,5,Fayette County                ,78,78,27773875,0,0,0,1,4,1197000,0,0,0,69,69,24317963,0,0,0,1,4,1197000,0,0,0
202103,13,115,3,5,Floyd County                  ,22,22,4723544,0,0,0,0,0,0,0,0,0,22,22,4723544,0,0,0,0,0,0,0,0,0
202103,13,117,3,5,Forsyth County                ,308,308,51123553,0,0,0,0,0,0,0,0,0,308,308,51123553,0,0,0,0,0,0,0,0,0
202103,13,121,3,5,Fulton County                 ,285,285,79562759,1,2,936054,3,11,2223353,2,11,1318431,248,248,72583183,1,2,936054,3,11,2223353,2,11,1318431
202103,13,127,3,5,Glynn County                  ,46,46,20966665,0,0,0,0,0,0,0,0,0,46,46,20966665,0,0,0,0,0,0,0,0,0
202103,13,135,3,5,Gwinnett County               ,477,477,113230234,0,0,0,0,0,0,5,26,6903700,447,447,104613574,0,0,0,0,0,0,4,20,5103700
202103,13,143,3,5,Haralson County               ,6,6,1373436,0,0,0,0,0,0,0,0,0,0,0,0,0,0,0,0,0,0,0,0,0
202103,13,145,3,5,Harris County                 ,31,31,7868145,0,0,0,0,0,0,0,0,0,31,31,7868145,0,0,0,0,0,0,0,0,0
202103,13,149,3,5,Heard County                  ,5,5,1165645,0,0,0,0,0,0,0,0,0,5,5,1165645,0,0,0,0,0,0,0,0,0
202103,13,151,3,5,Henry County                  ,212,212,52411246,0,0,0,0,0,0,0,0,0,154,154,43541141,0,0,0,0,0,0,0,0,0
202103,13,159,3,5,Jasper County                 ,10,10,1405766,0,0,0,0,0,0,0,0,0,0,0,0,0,0,0,0,0,0,0,0,0
202103,13,171,3,5,Lamar County                  ,17,17,3076712,0,0,0,0,0,0,0,0,0,17,17,3076712,0,0,0,0,0,0,0,0,0
202103,13,177,3,5,Lee County                    ,27,27,2902965,0,0,0,0,0,0,0,0,0,27,27,2902965,0,0,0,0,0,0,0,0,0
202103,13,179,3,5,Liberty County                ,56,56,13917782,0,0,0,0,0,0,0,0,0,56,56,13917782,0,0,0,0,0,0,0,0,0
202103,13,189,3,5,McDuffie County               ,10,10,2500000,0,0,0,0,0,0,0,0,0,10,10,2500000,0,0,0,0,0,0,0,0,0
202103,13,199,3,5,Meriwether County             ,14,14,2455532,0,0,0,0,0,0,0,0,0,2,2,200000,0,0,0,0,0,0,0,0,0
202103,13,201,3,5,Miller County                 ,0,0,0,0,0,0,0,0,0,0,0,0,0,0,0,0,0,0,0,0,0,0,0,0
202103,13,207,3,5,Monroe County                 ,23,23,6235878,0,0,0,0,0,0,0,0,0,0,0,0,0,0,0,0,0,0,0,0,0
202103,13,215,3,5,Muscogee County               ,39,39,7356838,0,0,0,0,0,0,2,34,4826057,0,0,0,0,0,0,0,0,0,0,0,0
202103,13,217,3,5,Newton County                 ,104,104,20943407,0,0,0,1,4,360000,4,31,2790000,104,104,20943407,0,0,0,1,4,360000,4,31,2790000
202103,13,227,3,5,Pickens County                ,47,47,12755542,0,0,0,0,0,0,0,0,0,47,47,12755542,0,0,0,0,0,0,0,0,0
202103,13,231,3,5,Pike County                   ,21,21,4895709,0,0,0,0,0,0,0,0,0,21,21,4895709,0,0,0,0,0,0,0,0,0
202103,13,235,3,5,Pulaski County                ,4,4,750000,0,0,0,0,0,0,0,0,0,4,4,750000,0,0,0,0,0,0,0,0,0
202103,13,245,3,5,Richmond County               ,49,49,7821085,0,0,0,0,0,0,1,7,402075,2,2,333625,0,0,0,0,0,0,0,0,0
202103,13,247,3,5,Rockdale County               ,40,40,9086570,0,0,0,0,0,0,0,0,0,40,40,9086570,0,0,0,0,0,0,0,0,0
202103,13,255,3,5,Spalding County               ,56,56,11030121,0,0,0,0,0,0,0,0,0,56,56,11030121,0,0,0,0,0,0,0,0,0
202103,13,275,3,5,Thomas County                 ,14,14,2896320,0,0,0,0,0,0,0,0,0,14,14,2896320,0,0,0,0,0,0,0,0,0
202103,13,291,3,5,Union County                  ,27,27,9062768,0,0,0,0,0,0,0,0,0,27,27,9062768,0,0,0,0,0,0,0,0,0
202103,15,001,4,9,Hawaii County                 ,92,92,29642093,0,0,0,0,0,0,0,0,0,92,92,29642093,0,0,0,0,0,0,0,0,0
202103,15,003,4,9,Honolulu County               ,51,51,22303878,17,34,5161800,0,0,0,0,0,0,51,51,22303878,17,34,5161800,0,0,0,0,0,0
202103,15,007,4,9,Kauai County                  ,22,22,11534330,0,0,0,0,0,0,0,0,0,22,22,11534330,0,0,0,0,0,0,0,0,0
202103,15,009,4,9,Maui County                   ,53,53,23529728,1,2,150000,0,0,0,0,0,0,53,53,23529728,1,2,150000,0,0,0,0,0,0
202103,16,001,4,8,Ada County                    ,589,589,181059414,0,0,0,21,84,8971932,2,90,16058964,584,584,180580467,0,0,0,21,84,8971932,2,90,16058964
202103,16,015,4,8,Boise County                  ,7,7,2358848,0,0,0,0,0,0,0,0,0,7,7,2358848,0,0,0,0,0,0,0,0,0
202103,16,027,4,8,Canyon County                 ,309,309,50280508,1,2,123710,2,8,721397,2,50,4098656,149,149,26045871,0,0,0,1,4,424000,0,0,0
202103,16,045,4,8,Gem County                    ,21,21,3578468,0,0,0,0,0,0,0,0,0,21,21,3578468,0,0,0,0,0,0,0,0,0
202103,16,073,4,8,Owyhee County                 ,2,2,414595,0,0,0,0,0,0,0,0,0,0,0,0,0,0,0,0,0,0,0,0,0
202103,17,005,2,3,Bond County                   ,1,1,176208,0,0,0,0,0,0,0,0,0,0,0,0,0,0,0,0,0,0,0,0,0
202103,17,013,2,3,Calhoun County                ,1,1,300000,0,0,0,0,0,0,0,0,0,1,1,300000,0,0,0,0,0,0,0,0,0
202103,17,031,2,3,Cook County                   ,135,135,49321060,4,8,1564700,9,30,4970500,9,189,48685094,106,106,40073573,3,6,1163200,9,30,4970500,8,173,44105000
202103,17,037,2,3,DeKalb County                 ,11,11,2384000,0,0,0,1,4,800000,0,0,0,10,10,2304000,0,0,0,1,4,800000,0,0,0
202103,17,039,2,3,De Witt County                ,0,0,0,0,0,0,0,0,0,0,0,0,0,0,0,0,0,0,0,0,0,0,0,0
202103,17,043,2,3,DuPage County                 ,89,89,44578492,0,0,0,0,0,0,2,294,49304439,73,73,38696427,0,0,0,0,0,0,1,285,47745085
202103,17,063,2,3,Grundy County                 ,6,6,2055691,0,0,0,0,0,0,1,10,512820,5,5,1895142,0,0,0,0,0,0,0,0,0
202103,17,083,2,3,Jersey County                 ,8,8,2159963,0,0,0,0,0,0,0,0,0,2,2,337211,0,0,0,0,0,0,0,0,0
202103,17,093,2,3,Kendall County                ,62,62,10965054,0,0,0,0,0,0,0,0,0,50,50,8858554,0,0,0,0,0,0,0,0,0
202103,17,097,2,3,Lake County                   ,68,68,25542477,3,6,852278,0,0,0,1,5,1029110,45,45,17256435,2,4,458364,0,0,0,0,0,0
202103,17,111,2,3,McHenry County                ,59,59,10228676,0,0,0,0,0,0,0,0,0,45,45,8324535,0,0,0,0,0,0,0,0,0
202103,17,119,2,3,Madison County                ,32,32,9312609,1,2,300000,0,0,0,0,0,0,24,24,7556138,1,2,300000,0,0,0,0,0,0
202103,17,133,2,3,Monroe County                 ,5,5,1875318,0,0,0,0,0,0,0,0,0,5,5,1875318,0,0,0,0,0,0,0,0,0
202103,17,197,2,3,Will County                   ,144,144,37404557,5,10,1680020,0,0,0,1,6,769467,134,134,35354898,5,10,1680020,0,0,0,1,6,769467
202103,18,003,2,3,Allen County                  ,187,187,52068169,0,0,0,0,0,0,0,0,0,187,187,52068169,0,0,0,0,0,0,0,0,0
202103,18,011,2,3,Boone County                  ,91,91,38022390,2,4,400000,0,0,0,0,0,0,90,90,37801562,2,4,400000,0,0,0,0,0,0
202103,18,013,2,3,Brown County                  ,7,7,1949076,0,0,0,0,0,0,0,0,0,7,7,1949076,0,0,0,0,0,0,0,0,0
202103,18,019,2,3,Clark County                  ,105,105,24263203,3,6,570000,0,0,0,1,24,1000000,86,86,20463327,3,6,570000,0,0,0,1,24,1000000
202103,18,047,2,3,Franklin County               ,7,7,1913000,0,0,0,0,0,0,0,0,0,7,7,1913000,0,0,0,0,0,0,0,0,0
202103,18,057,2,3,Hamilton County               ,367,367,123643770,6,12,2217100,1,4,1196000,2,13,2306885,359,359,121331220,6,12,2217100,1,4,1196000,2,13,2306885
202103,18,059,2,3,Hancock County                ,92,92,27285537,0,0,0,0,0,0,0,0,0,92,92,27285537,0,0,0,0,0,0,0,0,0
202103,18,061,2,3,Harrison County               ,7,7,1824706,0,0,0,0,0,0,0,0,0,7,7,1824706,0,0,0,0,0,0,0,0,0
202103,18,063,2,3,Hendricks County              ,106,106,30017689,1,2,137273,0,0,0,1,5,366372,69,69,20380652,0,0,0,0,0,0,0,0,0
202103,18,069,2,3,Huntington County             ,5,5,2159078,0,0,0,0,0,0,0,0,0,5,5,2159078,0,0,0,0,0,0,0,0,0
202103,18,073,2,3,Jasper County                 ,42,42,11851137,1,2,420000,0,0,0,0,0,0,42,42,11851137,1,2,420000,0,0,0,0,0,0
202103,18,081,2,3,Johnson County                ,146,146,40541788,0,0,0,0,0,0,0,0,0,110,110,31454299,0,0,0,0,0,0,0,0,0
202103,18,087,2,3,Lagrange County               ,13,13,1040000,0,0,0,0,0,0,0,0,0,13,13,1040000,0,0,0,0,0,0,0,0,0
202103,18,089,2,3,Lake County                   ,204,204,57471053,0,0,0,0,0,0,0,0,0,200,200,55855675,0,0,0,0,0,0,0,0,0
202103,18,097,2,3,Marion County                 ,78,78,21667842,5,10,1768875,0,0,0,1,5,103333,78,78,21667842,5,10,1768875,0,0,0,0,0,0
202103,18,105,2,3,Monroe County                 ,30,30,7987341,1,2,283485,0,0,0,1,41,4760017,0,0,0,0,0,0,0,0,0,0,0,0
202103,18,109,2,3,Morgan County                 ,19,19,5652584,0,0,0,0,0,0,0,0,0,19,19,5652584,0,0,0,0,0,0,0,0,0
202103,18,111,2,3,Newton County                 ,6,6,1576000,0,0,0,0,0,0,0,0,0,6,6,1576000,0,0,0,0,0,0,0,0,0
202103,18,115,2,3,Ohio County                   ,1,1,300000,0,0,0,0,0,0,0,0,0,1,1,300000,0,0,0,0,0,0,0,0,0
202103,18,119,2,3,Owen County                   ,0,0,0,0,0,0,0,0,0,0,0,0,0,0,0,0,0,0,0,0,0,0,0,0
202103,18,127,2,3,Porter County                 ,74,74,22302334,1,2,705440,0,0,0,0,0,0,58,58,20003366,1,2,705440,0,0,0,0,0,0
202103,18,133,2,3,Putnam County                 ,11,11,3062833,0,0,0,0,0,0,0,0,0,11,11,3062833,0,0,0,0,0,0,0,0,0
202103,18,145,2,3,Shelby County                 ,6,6,1327600,0,0,0,1,4,1277650,0,0,0,6,6,1327600,0,0,0,1,4,1277650,0,0,0
202103,18,151,2,3,Steuben County                ,11,11,3323400,0,0,0,0,0,0,0,0,0,11,11,3323400,0,0,0,0,0,0,0,0,0
202103,18,157,2,3,Tippecanoe County             ,61,61,15822338,0,0,0,0,0,0,3,26,1842809,4,4,1300000,0,0,0,0,0,0,0,0,0
202103,18,163,2,3,Vanderburgh County            ,49,49,11218830,2,4,446806,0,0,0,0,0,0,30,30,7582110,1,2,200000,0,0,0,0,0,0
202103,18,167,2,3,Vigo County                   ,2,2,443619,1,2,208125,0,0,0,0,0,0,0,0,0,0,0,0,0,0,0,0,0,0
202103,18,175,2,3,Washington County             ,10,10,1387408,0,0,0,0,0,0,0,0,0,8,8,870000,0,0,0,0,0,0,0,0,0
202103,18,183,2,3,Whitley County                ,13,13,3619712,0,0,0,0,0,0,0,0,0,13,13,3619712,0,0,0,0,0,0,0,0,0
202103,19,049,2,4,Dallas County                 ,136,136,38964118,0,0,0,0,0,0,3,125,13721496,135,135,38530820,0,0,0,0,0,0,2,120,13260970
202103,19,085,2,4,Harrison County               ,2,2,503439,0,0,0,0,0,0,0,0,0,1,1,278439,0,0,0,0,0,0,0,0,0
202103,19,129,2,4,Mills County                  ,0,0,0,1,2,225000,0,0,0,0,0,0,0,0,0,0,0,0,0,0,0,0,0,0
202103,19,153,2,4,Polk County                   ,361,361,101135068,0,0,0,0,0,0,3,153,30183737,349,349,97444761,0,0,0,0,0,0,2,141,28937070
202103,19,181,2,4,Warren County                 ,78,78,21236205,1,2,530138,0,0,0,0,0,0,78,78,21236205,1,2,530138,0,0,0,0,0,0
202103,20,061,2,4,Geary County                  ,2,2,520256,0,0,0,0,0,0,0,0,0,0,0,0,0,0,0,0,0,0,0,0,0
202103,20,091,2,4,Johnson County                ,199,199,83350741,3,6,2000000,0,0,0,3,82,9929398,196,196,79806910,3,6,2000000,0,0,0,3,82,9929398
202103,20,103,2,4,Leavenworth County            ,42,42,9173144,8,16,2713763,0,0,0,0,0,0,41,41,8901748,8,16,2713763,0,0,0,0,0,0
202103,20,107,2,4,Linn County                   ,12,12,1441000,0,0,0,0,0,0,0,0,0,12,12,1441000,0,0,0,0,0,0,0,0,0
202103,20,121,2,4,Miami County                  ,10,10,3255967,0,0,0,2,8,900000,0,0,0,3,3,689319,0,0,0,2,8,900000,0,0,0
202103,20,209,2,4,Wyandotte County              ,28,28,5990152,1,2,193738,0,0,0,0,0,0,6,6,1884438,0,0,0,0,0,0,0,0,0
202103,21,005,3,6,Anderson County               ,13,13,2557460,0,0,0,0,0,0,0,0,0,13,13,2557460,0,0,0,0,0,0,0,0,0
202103,21,015,3,6,Boone County                  ,70,70,13990630,0,0,0,0,0,0,0,0,0,70,70,13990630,0,0,0,0,0,0,0,0,0
202103,21,017,3,6,Bourbon County                ,5,5,1314886,0,0,0,0,0,0,0,0,0,0,0,0,0,0,0,0,0,0,0,0,0
202103,21,021,3,6,Boyle County                  ,2,2,376617,2,4,365852,0,0,0,0,0,0,0,0,0,0,0,0,0,0,0,0,0,0
202103,21,029,3,6,Bullitt County                ,44,44,14675537,0,0,0,1,4,720000,0,0,0,44,44,14675537,0,0,0,1,4,720000,0,0,0
202103,21,035,3,6,Calloway County               ,1,1,495000,0,0,0,0,0,0,0,0,0,1,1,495000,0,0,0,0,0,0,0,0,0
202103,21,037,3,6,Campbell County               ,23,23,7517458,0,0,0,1,3,900000,1,5,1021944,2,2,1128546,0,0,0,1,3,900000,0,0,0
202103,21,045,3,6,Casey County                  ,0,0,0,0,0,0,0,0,0,0,0,0,0,0,0,0,0,0,0,0,0,0,0,0
202103,21,047,3,6,Christian County              ,8,8,1312800,0,0,0,0,0,0,0,0,0,4,4,1028000,0,0,0,0,0,0,0,0,0
202103,21,049,3,6,Clark County                  ,7,7,1632215,0,0,0,0,0,0,1,5,346250,0,0,0,0,0,0,0,0,0,0,0,0
202103,21,059,3,6,Daviess County                ,36,36,3361379,0,0,0,0,0,0,0,0,0,36,36,3361379,0,0,0,0,0,0,0,0,0
202103,21,067,3,6,Fayette County                ,76,76,17113008,0,0,0,0,0,0,1,73,7941420,0,0,0,0,0,0,0,0,0,0,0,0
202103,21,069,3,6,Fleming County                ,0,0,0,0,0,0,0,0,0,0,0,0,0,0,0,0,0,0,0,0,0,0,0,0
202103,21,077,3,6,Gallatin County               ,2,2,412275,0,0,0,0,0,0,0,0,0,0,0,0,0,0,0,0,0,0,0,0,0
202103,21,081,3,6,Grant County                  ,16,16,302300,0,0,0,0,0,0,0,0,0,16,16,302300,0,0,0,0,0,0,0,0,0
202103,21,091,3,6,Hancock County                ,1,1,204898,0,0,0,0,0,0,0,0,0,0,0,0,0,0,0,0,0,0,0,0,0
202103,21,099,3,6,Hart County                   ,2,2,174643,0,0,0,0,0,0,0,0,0,0,0,0,0,0,0,0,0,0,0,0,0
202103,21,101,3,6,Henderson County              ,6,6,1862000,0,0,0,0,0,0,0,0,0,6,6,1862000,0,0,0,0,0,0,0,0,0
202103,21,103,3,6,Henry County                  ,4,4,836182,1,2,180000,0,0,0,0,0,0,0,0,0,0,0,0,0,0,0,0,0,0
202103,21,111,3,6,Jefferson County              ,162,162,49844733,0,0,0,0,0,0,9,198,19261455,4,4,1478185,0,0,0,0,0,0,0,0,0
202103,21,113,3,6,Jessamine County              ,24,24,8134025,0,0,0,2,7,1266000,0,0,0,10,10,6021000,0,0,0,1,4,840000,0,0,0
202103,21,115,3,6,Johnson County                ,0,0,0,0,0,0,0,0,0,0,0,0,0,0,0,0,0,0,0,0,0,0,0,0
202103,21,117,3,6,Kenton County                 ,53,53,16699381,0,0,0,0,0,0,0,0,0,53,53,16699381,0,0,0,0,0,0,0,0,0
202103,21,121,3,6,Knox County                   ,0,0,0,0,0,0,0,0,0,0,0,0,0,0,0,0,0,0,0,0,0,0,0,0
202103,21,123,3,6,Larue County                  ,6,6,1398774,0,0,0,0,0,0,0,0,0,6,6,1398774,0,0,0,0,0,0,0,0,0
202103,21,137,3,6,Lincoln County                ,7,7,622857,0,0,0,0,0,0,0,0,0,0,0,0,0,0,0,0,0,0,0,0,0
202103,21,145,3,6,McCracken County              ,13,13,2663450,2,4,611208,0,0,0,0,0,0,13,13,2663450,2,4,611208,0,0,0,0,0,0
202103,21,151,3,6,Madison County                ,32,32,3270162,3,6,338988,0,0,0,2,10,337144,12,12,1517000,0,0,0,0,0,0,0,0,0
202103,21,157,3,6,Marshall County               ,10,10,3818300,0,0,0,0,0,0,0,0,0,10,10,3818300,0,0,0,0,0,0,0,0,0
202103,21,161,3,6,Mason County                  ,1,1,325000,0,0,0,0,0,0,0,0,0,1,1,325000,0,0,0,0,0,0,0,0,0
202103,21,163,3,6,Meade County                  ,15,15,2570217,1,2,200000,0,0,0,0,0,0,15,15,2570217,1,2,200000,0,0,0,0,0,0
202103,21,167,3,6,Mercer County                 ,7,7,1197457,0,0,0,0,0,0,0,0,0,0,0,0,0,0,0,0,0,0,0,0,0
202103,21,175,3,6,Morgan County                 ,2,2,65000,0,0,0,0,0,0,0,0,0,2,2,65000,0,0,0,0,0,0,0,0,0
202103,21,179,3,6,Nelson County                 ,40,40,6320045,0,0,0,0,0,0,0,0,0,40,40,6320045,0,0,0,0,0,0,0,0,0
202103,21,185,3,6,Oldham County                 ,28,28,10247308,0,0,0,0,0,0,1,6,295313,0,0,0,0,0,0,0,0,0,0,0,0
202103,21,191,3,6,Pendleton County              ,0,0,0,0,0,0,0,0,0,0,0,0,0,0,0,0,0,0,0,0,0,0,0,0
202103,21,209,3,6,Scott County                  ,37,37,7561581,0,0,0,0,0,0,2,11,1211000,37,37,7561581,0,0,0,0,0,0,2,11,1211000
202103,21,211,3,6,Shelby County                 ,36,36,13962624,2,4,1100000,0,0,0,0,0,0,36,36,13962624,2,4,1100000,0,0,0,0,0,0
202103,21,213,3,6,Simpson County                ,13,13,2149172,1,2,150000,0,0,0,0,0,0,13,13,2149172,1,2,150000,0,0,0,0,0,0
202103,21,215,3,6,Spencer County                ,11,11,2564419,0,0,0,0,0,0,0,0,0,11,11,2564419,0,0,0,0,0,0,0,0,0
202103,21,217,3,6,Taylor County                 ,1,1,321667,0,0,0,0,0,0,0,0,0,0,0,0,0,0,0,0,0,0,0,0,0
202103,21,221,3,6,Trigg County                  ,7,7,1463531,0,0,0,0,0,0,0,0,0,7,7,1463531,0,0,0,0,0,0,0,0,0
202103,21,239,3,6,Woodford County               ,6,6,2144377,0,0,0,0,0,0,0,0,0,6,6,2144377,0,0,0,0,0,0,0,0,0
202103,22,005,3,7,Ascension Parish              ,109,109,16976325,0,0,0,0,0,0,0,0,0,12,12,2477310,0,0,0,0,0,0,0,0,0
202103,22,015,3,7,Bossier Parish                ,67,67,12508678,0,0,0,0,0,0,0,0,0,27,27,3269253,0,0,0,0,0,0,0,0,0
202103,22,017,3,7,Caddo Parish                  ,37,37,10783456,0,0,0,0,0,0,0,0,0,37,37,10783456,0,0,0,0,0,0,0,0,0
202103,22,031,3,7,De Soto Parish                ,16,16,4631008,0,0,0,0,0,0,0,0,0,9,9,2971000,0,0,0,0,0,0,0,0,0
202103,22,033,3,7,East Baton Rouge Parish       ,147,147,40518433,0,0,0,0,0,0,0,0,0,147,147,40518433,0,0,0,0,0,0,0,0,0
202103,22,037,3,7,East Feliciana Parish         ,12,12,2508910,0,0,0,0,0,0,0,0,0,12,12,2508910,0,0,0,0,0,0,0,0,0
202103,22,047,3,7,Iberville Parish              ,13,13,3264551,0,0,0,0,0,0,0,0,0,2,2,563000,0,0,0,0,0,0,0,0,0
202103,22,051,3,7,Jefferson Parish              ,63,63,15969704,0,0,0,0,0,0,0,0,0,59,59,15232071,0,0,0,0,0,0,0,0,0
202103,22,055,3,7,Lafayette Parish              ,225,225,56247106,0,0,0,0,0,0,0,0,0,200,200,51854362,0,0,0,0,0,0,0,0,0
202103,22,063,3,7,Livingston Parish             ,117,117,23711978,0,0,0,0,0,0,0,0,0,0,0,0,0,0,0,0,0,0,0,0,0
202103,22,071,3,7,Orleans Parish                ,73,73,16002324,18,36,3870583,1,3,721976,1,48,8932404,0,0,0,0,0,0,0,0,0,0,0,0
202103,22,075,3,7,Plaquemines Parish            ,11,11,3156676,0,0,0,0,0,0,0,0,0,0,0,0,0,0,0,0,0,0,0,0,0
202103,22,077,3,7,Pointe Coupee Parish          ,7,7,2017900,0,0,0,0,0,0,0,0,0,7,7,2017900,0,0,0,0,0,0,0,0,0
202103,22,087,3,7,St. Bernard Parish            ,26,26,5591988,1,2,285000,0,0,0,0,0,0,26,26,5591988,1,2,285000,0,0,0,0,0,0
202103,22,089,3,7,St. Charles Parish            ,10,10,2587440,0,0,0,0,0,0,0,0,0,10,10,2587440,0,0,0,0,0,0,0,0,0
202103,22,091,3,7,St. Helena Parish             ,5,5,890610,0,0,0,0,0,0,0,0,0,0,0,0,0,0,0,0,0,0,0,0,0
202103,22,095,3,7,St. John the Baptist Parish   ,23,23,4303200,0,0,0,0,0,0,0,0,0,23,23,4303200,0,0,0,0,0,0,0,0,0
202103,22,099,3,7,St. Martin Parish             ,21,21,3917370,0,0,0,0,0,0,0,0,0,1,1,250000,0,0,0,0,0,0,0,0,0
202103,22,103,3,7,St. Tammany Parish            ,171,171,50618631,0,0,0,0,0,0,0,0,0,165,165,48264234,0,0,0,0,0,0,0,0,0
202103,22,109,3,7,Terrebonne Parish             ,18,18,4908758,1,2,155556,0,0,0,0,0,0,0,0,0,0,0,0,0,0,0,0,0,0
202103,22,121,3,7,West Baton Rouge Parish       ,31,31,5288567,0,0,0,0,0,0,0,0,0,10,10,1980000,0,0,0,0,0,0,0,0,0
202103,22,125,3,7,West Feliciana Parish         ,6,6,1810410,0,0,0,0,0,0,0,0,0,6,6,1810410,0,0,0,0,0,0,0,0,0
202103,23,000,1,1,Maine Unorganized Territory   ,11,11,1460803,0,0,0,0,0,0,0,0,0,0,0,0,0,0,0,0,0,0,0,0,0
202103,24,003,3,5,Anne Arundel County           ,175,175,40787046,0,0,0,0,0,0,1,18,4540829,170,170,39631930,0,0,0,0,0,0,0,0,0
202103,24,005,3,5,Baltimore County              ,113,113,26343577,0,0,0,0,0,0,0,0,0,113,113,26343577,0,0,0,0,0,0,0,0,0
202103,24,009,3,5,Calvert County                ,28,28,6527612,0,0,0,0,0,0,0,0,0,28,28,6527612,0,0,0,0,0,0,0,0,0
202103,24,013,3,5,Carroll County                ,67,67,15619643,0,0,0,0,0,0,0,0,0,67,67,15619643,0,0,0,0,0,0,0,0,0
202103,24,015,3,5,Cecil County                  ,29,29,1014800,0,0,0,0,0,0,0,0,0,29,29,1014800,0,0,0,0,0,0,0,0,0
202103,24,017,3,5,Charles County                ,134,134,42420475,0,0,0,0,0,0,0,0,0,134,134,42420475,0,0,0,0,0,0,0,0,0
202103,24,021,3,5,Frederick County              ,213,213,63157651,0,0,0,0,0,0,1,11,1100000,213,213,63157651,0,0,0,0,0,0,1,11,1100000
202103,24,023,3,5,Garrett County                ,18,18,14420420,0,0,0,0,0,0,0,0,0,18,18,14420420,0,0,0,0,0,0,0,0,0
202103,24,025,3,5,Harford County                ,35,35,9680354,0,0,0,0,0,0,0,0,0,35,35,9680354,0,0,0,0,0,0,0,0,0
202103,24,027,3,5,Howard County                 ,92,92,21447868,0,0,0,0,0,0,0,0,0,92,92,21447868,0,0,0,0,0,0,0,0,0
202103,24,031,3,5,Montgomery County             ,119,119,26637287,0,0,0,0,0,0,1,6,768750,119,119,26637287,0,0,0,0,0,0,0,0,0
202103,24,033,3,5,Prince George County          ,144,144,33821001,0,0,0,1,3,859014,0,0,0,140,140,32638060,0,0,0,0,0,0,0,0,0
202103,24,035,3,5,Queen Anne County             ,31,31,7138932,0,0,0,0,0,0,1,14,1678004,30,30,6905599,0,0,0,0,0,0,1,14,1678004
202103,24,037,3,5,St. Marys County              ,81,81,18221167,0,0,0,0,0,0,1,6,1075005,8,8,2979000,0,0,0,0,0,0,0,0,0
202103,24,039,3,5,Somerset County               ,4,4,434915,0,0,0,0,0,0,0,0,0,3,3,316715,0,0,0,0,0,0,0,0,0
202103,24,045,3,5,Wicomico County               ,22,22,3501079,0,0,0,0,0,0,0,0,0,22,22,3501079,0,0,0,0,0,0,0,0,0
202103,24,510,3,5,Baltimore (Independent City)  ,17,17,2846062,1,2,371165,1,3,462976,1,33,4802995,0,0,0,0,0,0,0,0,0,0,0,0
202103,25,005,1,1,Bristol County                ,56,56,13626196,1,2,208833,0,0,0,0,0,0,20,20,7213822,0,0,0,0,0,0,0,0,0
202103,25,009,1,1,Essex County                  ,46,46,20637991,7,14,2267336,0,0,0,2,10,2577842,29,29,12889498,4,8,1182000,0,0,0,0,0,0
202103,25,017,1,1,Middlesex County              ,115,115,39023309,4,8,1717374,1,3,605395,44,334,32778918,43,43,16242766,2,4,804000,0,0,0,3,77,10280415
202103,25,021,1,1,Norfolk County                ,87,87,39907840,2,4,1250000,2,7,2294376,6,163,26442794,55,55,30878870,2,4,1250000,1,4,1900000,3,101,22710000
202103,25,023,1,1,Plymouth County               ,112,112,32364201,3,6,1170000,0,0,0,1,5,665610,34,34,14734081,3,6,1170000,0,0,0,0,0,0
202103,25,025,1,1,Suffolk County                ,2,2,675994,4,8,1615368,2,6,1540000,11,263,69535968,1,1,500000,3,6,1393347,2,6,1540000,8,248,66462249
202103,26,000,2,3,Michigan Balance of State     ,7,7,1314291,0,0,0,0,0,0,0,0,0,0,0,0,0,0,0,0,0,0,0,0,0
202103,26,019,2,3,Benzie County                 ,8,8,1901950,0,0,0,0,0,0,0,0,0,8,8,1901950,0,0,0,0,0,0,0,0,0
202103,26,029,2,3,Charlevoix County             ,12,12,2893067,0,0,0,0,0,0,0,0,0,0,0,0,0,0,0,0,0,0,0,0,0
202103,26,089,2,3,Leelanau County               ,12,12,2947310,0,0,0,0,0,0,0,0,0,12,12,2947310,0,0,0,0,0,0,0,0,0
202103,26,093,2,3,Livingston County             ,63,63,17664843,0,0,0,0,0,0,3,36,562983,61,61,17314688,0,0,0,0,0,0,3,36,562983
202103,26,095,2,3,Luce County                   ,0,0,0,0,0,0,0,0,0,0,0,0,0,0,0,0,0,0,0,0,0,0,0,0
202103,26,099,2,3,Macomb County                 ,207,207,73653494,7,14,3305801,1,4,638052,1,5,1043972,183,183,64744455,7,14,3305801,1,4,638052,1,5,1043972
202103,26,103,2,3,Marquette County              ,1,1,406000,0,0,0,0,0,0,0,0,0,1,1,406000,0,0,0,0,0,0,0,0,0
202103,26,137,2,3,Otsego County                 ,3,3,243000,0,0,0,0,0,0,0,0,0,0,0,0,0,0,0,0,0,0,0,0,0
202103,26,147,2,3,St. Clair County              ,27,27,5763209,0,0,0,0,0,0,0,0,0,18,18,4170648,0,0,0,0,0,0,0,0,0
202103,26,163,2,3,Wayne County                  ,103,103,35283895,0,0,0,0,0,0,3,76,9994959,87,87,32754829,0,0,0,0,0,0,3,76,9994959
202103,27,003,2,4,Anoka County                  ,145,145,41888700,0,0,0,0,0,0,2,145,17205120,112,112,32944635,0,0,0,0,0,0,1,133,16000000
202103,27,019,2,4,Carver County                 ,73,73,27191990,0,0,0,0,0,0,0,0,0,67,67,25283541,0,0,0,0,0,0,0,0,0
202103,27,025,2,4,Chisago County                ,23,23,3826639,1,2,357000,0,0,0,0,0,0,17,17,2803602,0,0,0,0,0,0,0,0,0
202103,27,027,2,4,Clay County                   ,20,20,5111300,0,0,0,0,0,0,3,82,11518625,19,19,4802300,0,0,0,0,0,0,3,82,11518625
202103,27,037,2,4,Dakota County                 ,152,152,47336873,0,0,0,2,8,1639468,6,370,55150097,148,148,45566688,0,0,0,2,8,1639468,5,365,54447405
202103,27,053,2,4,Hennepin County               ,176,176,67906119,4,8,1708332,3,11,2180000,3,276,39071967,153,153,57737300,4,8,1708332,3,11,2180000,3,276,39071967
202103,27,059,2,4,Isanti County                 ,32,32,7156763,0,0,0,0,0,0,0,0,0,32,32,7156763,0,0,0,0,0,0,0,0,0
202103,27,123,2,4,Ramsey County                 ,29,29,7274771,0,0,0,2,8,1560000,4,302,42207995,23,23,5952129,0,0,0,2,8,1560000,2,278,39200202
202103,27,139,2,4,Scott County                  ,55,55,21633102,0,0,0,0,0,0,0,0,0,55,55,21633102,0,0,0,0,0,0,0,0,0
202103,27,141,2,4,Sherburne County              ,49,49,10277813,0,0,0,0,0,0,1,5,931316,38,38,8277804,0,0,0,0,0,0,0,0,0
202103,27,163,2,4,Washington County             ,176,176,55879515,0,0,0,0,0,0,1,16,1320853,168,168,53417919,0,0,0,0,0,0,0,0,0
202103,27,171,2,4,Wright County                 ,142,142,42250971,0,0,0,2,8,1643870,0,0,0,136,136,40595284,0,0,0,2,8,1643870,0,0,0
202103,28,033,3,6,DeSoto County                 ,187,187,33222753,0,0,0,0,0,0,0,0,0,114,114,16982390,0,0,0,0,0,0,0,0,0
202103,28,041,3,6,Greene County                 ,0,0,0,0,0,0,0,0,0,0,0,0,0,0,0,0,0,0,0,0,0,0,0,0
202103,28,045,3,6,Hancock County                ,68,68,12022764,1,2,185179,1,4,401445,1,10,846627,15,15,3505945,0,0,0,0,0,0,0,0,0
202103,28,047,3,6,Harrison County               ,131,131,31776206,0,0,0,0,0,0,0,0,0,114,114,29844989,0,0,0,0,0,0,0,0,0
202103,28,067,3,6,Jones County                  ,0,0,0,0,0,0,0,0,0,0,0,0,0,0,0,0,0,0,0,0,0,0,0,0
202103,28,129,3,6,Smith County                  ,0,0,0,0,0,0,0,0,0,0,0,0,0,0,0,0,0,0,0,0,0,0,0,0
202103,28,137,3,6,Tate County                   ,18,18,3454735,0,0,0,0,0,0,0,0,0,13,13,2374000,0,0,0,0,0,0,0,0,0
202103,28,143,3,6,Tunica County                 ,9,9,2007886,0,0,0,0,0,0,0,0,0,0,0,0,0,0,0,0,0,0,0,0,0
202103,28,145,3,6,Union County                  ,3,3,327000,1,2,80000,0,0,0,0,0,0,3,3,327000,1,2,80000,0,0,0,0,0,0
202103,28,149,3,6,Warren County                 ,4,4,890930,0,0,0,0,0,0,0,0,0,0,0,0,0,0,0,0,0,0,0,0,0
202103,29,013,2,4,Bates County                  ,0,0,0,0,0,0,0,0,0,0,0,0,0,0,0,0,0,0,0,0,0,0,0,0
202103,29,017,2,4,Bollinger County              ,0,0,0,0,0,0,0,0,0,0,0,0,0,0,0,0,0,0,0,0,0,0,0,0
202103,29,019,2,4,Boone County                  ,103,103,28292926,0,0,0,0,0,0,0,0,0,103,103,28292926,0,0,0,0,0,0,0,0,0
202103,29,049,2,4,Clinton County                ,4,4,835920,0,0,0,0,0,0,0,0,0,3,3,620000,0,0,0,0,0,0,0,0,0
202103,29,065,2,4,Dent County                   ,0,0,0,0,0,0,0,0,0,0,0,0,0,0,0,0,0,0,0,0,0,0,0,0
202103,29,071,2,4,Franklin County               ,33,33,8983806,0,0,0,0,0,0,1,10,4800000,28,28,7900916,0,0,0,0,0,0,1,10,4800000
202103,29,095,2,4,Jackson County                ,242,242,64996123,0,0,0,4,16,1785816,10,365,41982640,237,237,63638657,0,0,0,4,16,1785816,10,365,41982640
202103,29,099,2,4,Jefferson County              ,80,80,16560169,3,6,691415,0,0,0,0,0,0,80,80,16560169,3,6,691415,0,0,0,0,0,0
202103,29,105,2,4,Laclede County                ,2,2,398000,0,0,0,0,0,0,0,0,0,2,2,398000,0,0,0,0,0,0,0,0,0
202103,29,107,2,4,Lafayette County              ,13,13,3022515,0,0,0,0,0,0,0,0,0,12,12,2897515,0,0,0,0,0,0,0,0,0
202103,29,113,2,4,Lincoln County                ,33,33,4630915,0,0,0,0,0,0,0,0,0,33,33,4630915,0,0,0,0,0,0,0,0,0
202103,29,165,2,4,Platte County                 ,56,56,8706377,0,0,0,0,0,0,0,0,0,56,56,8706377,0,0,0,0,0,0,0,0,0
202103,29,185,2,4,St. Clair County              ,0,0,0,0,0,0,0,0,0,0,0,0,0,0,0,0,0,0,0,0,0,0,0,0
202103,29,189,2,4,St. Louis County              ,106,106,43556506,0,0,0,0,0,0,2,21,2040538,23,23,9857022,0,0,0,0,0,0,0,0,0
202103,29,219,2,4,Warren County                 ,39,39,10188920,0,0,0,0,0,0,1,16,1132309,39,39,10188920,0,0,0,0,0,0,1,16,1132309
202103,29,221,2,4,Washington County             ,0,0,0,0,0,0,0,0,0,0,0,0,0,0,0,0,0,0,0,0,0,0,0,0
202103,29,510,2,4,St. Louis (Independent City)  ,15,15,2987803,0,0,0,0,0,0,1,21,1646627,0,0,0,0,0,0,0,0,0,0,0,0
202103,30,013,4,8,Cascade County                ,16,16,2613080,0,0,0,0,0,0,0,0,0,16,16,2613080,0,0,0,0,0,0,0,0,0
202103,30,033,4,8,Garfield County               ,0,0,0,0,0,0,0,0,0,0,0,0,0,0,0,0,0,0,0,0,0,0,0,0
202103,30,063,4,8,Missoula County               ,46,46,10327308,1,2,546672,0,0,0,2,104,10575812,46,46,10327308,1,2,546672,0,0,0,2,104,10575812
202103,30,093,4,8,Silver Bow County             ,13,13,1593064,0,0,0,0,0,0,0,0,0,13,13,1593064,0,0,0,0,0,0,0,0,0
202103,31,001,2,4,Adams County                  ,1,1,242125,0,0,0,0,0,0,0,0,0,0,0,0,0,0,0,0,0,0,0,0,0
202103,31,025,2,4,Cass County                   ,17,17,3411916,0,0,0,0,0,0,0,0,0,9,9,1913439,0,0,0,0,0,0,0,0,0
202103,31,033,2,4,Cheyenne County               ,0,0,0,0,0,0,0,0,0,0,0,0,0,0,0,0,0,0,0,0,0,0,0,0
202103,31,055,2,4,Douglas County                ,153,153,24999686,1,2,218444,0,0,0,1,173,7665044,150,150,22948066,1,2,218444,0,0,0,1,173,7665044
202103,31,105,2,4,Kimball County                ,1,1,195000,0,0,0,0,0,0,0,0,0,1,1,195000,0,0,0,0,0,0,0,0,0
202103,31,153,2,4,Sarpy County                  ,133,133,36474965,0,0,0,0,0,0,1,5,554020,70,70,20196147,0,0,0,0,0,0,0,0,0
202103,31,165,2,4,Sioux County                  ,0,0,0,0,0,0,0,0,0,0,0,0,0,0,0,0,0,0,0,0,0,0,0,0
202103,31,177,2,4,Washington County             ,4,4,1112952,0,0,0,0,0,0,0,0,0,4,4,1112952,0,0,0,0,0,0,0,0,0
202103,32,001,4,8,Churchill County              ,14,14,3177070,0,0,0,0,0,0,0,0,0,14,14,3177070,0,0,0,0,0,0,0,0,0
202103,32,003,4,8,Clark County                  ,993,993,273156325,10,20,868340,19,60,7365355,17,426,36920851,989,989,271819321,10,20,868340,19,60,7365355,17,426,36920851
202103,32,005,4,8,Douglas County                ,50,50,21054035,0,0,0,0,0,0,0,0,0,50,50,21054035,0,0,0,0,0,0,0,0,0
202103,32,007,4,8,Elko County                   ,14,14,3654774,0,0,0,0,0,0,0,0,0,13,13,3588107,0,0,0,0,0,0,0,0,0
202103,32,013,4,8,Humboldt County               ,6,6,1089250,0,0,0,0,0,0,0,0,0,6,6,1089250,0,0,0,0,0,0,0,0,0
202103,32,015,4,8,Lander County                 ,1,1,143561,0,0,0,0,0,0,0,0,0,0,0,0,0,0,0,0,0,0,0,0,0
202103,32,017,4,8,Lincoln County                ,1,1,250000,0,0,0,0,0,0,0,0,0,1,1,250000,0,0,0,0,0,0,0,0,0
202103,32,019,4,8,Lyon County                   ,32,32,9404956,0,0,0,0,0,0,11,66,6980875,16,16,5093331,0,0,0,0,0,0,11,66,6980875
202103,32,021,4,8,Mineral County                ,0,0,0,0,0,0,0,0,0,0,0,0,0,0,0,0,0,0,0,0,0,0,0,0
202103,32,027,4,8,Pershing County               ,0,0,0,0,0,0,0,0,0,0,0,0,0,0,0,0,0,0,0,0,0,0,0,0
202103,32,029,4,8,Storey County                 ,2,2,321322,0,0,0,0,0,0,0,0,0,2,2,321322,0,0,0,0,0,0,0,0,0
202103,32,031,4,8,Washoe County                 ,271,271,75066978,5,10,1283602,2,6,808992,8,183,23989845,55,55,13679458,2,4,662896,0,0,0,0,0,0
202103,32,033,4,8,White Pine County             ,2,2,294021,0,0,0,0,0,0,0,0,0,2,2,294021,0,0,0,0,0,0,0,0,0
202103,32,510,4,8,Carson City (Independent City),21,21,5590182,0,0,0,0,0,0,1,6,599067,0,0,0,0,0,0,0,0,0,0,0,0
202103,33,015,1,1,Rockingham County             ,83,83,28324870,2,4,652029,1,4,700000,2,25,3045931,47,47,18757868,0,0,0,1,4,700000,0,0,0
202103,33,017,1,1,Strafford County              ,25,25,6323746,0,0,0,0,0,0,1,11,1180462,18,18,4933560,0,0,0,0,0,0,0,0,0
202103,34,001,1,2,Atlantic County               ,33,33,12883556,0,0,0,1,3,15000,4,70,2207492,30,30,11612991,0,0,0,1,3,15000,3,60,1012850
202103,34,003,1,2,Bergen County                 ,142,142,32098501,11,22,2242230,1,3,30750,20,195,26416818,107,107,21331158,6,12,470589,0,0,0,6,45,4854728
202103,34,005,1,2,Burlington County             ,84,84,15336552,1,2,12000,0,0,0,10,132,5893624,35,35,7351109,0,0,0,0,0,0,0,0,0
202103,34,007,1,2,Camden County                 ,36,36,3795929,0,0,0,0,0,0,8,61,4060116,8,8,1907595,0,0,0,0,0,0,0,0,0
202103,34,009,1,2,Cape May County               ,55,55,16814817,9,18,5104778,1,3,325009,1,5,416487,50,50,15755442,8,16,4750600,0,0,0,0,0,0
202103,34,011,1,2,Cumberland County             ,7,7,755173,0,0,0,0,0,0,0,0,0,6,6,705423,0,0,0,0,0,0,0,0,0
202103,34,013,1,2,Essex County                  ,40,40,8303153,7,14,1201806,5,16,1472400,8,204,7988944,23,23,6954348,7,14,1201806,5,16,1472400,2,135,2085000
202103,34,015,1,2,Gloucester County             ,70,70,9691568,0,0,0,0,0,0,1,5,590971,55,55,7661254,0,0,0,0,0,0,0,0,0
202103,34,017,1,2,Hudson County                 ,27,27,2829393,24,48,4556809,1,3,98409,7,230,35206130,24,24,2422450,23,46,4304800,0,0,0,3,125,28537322
202103,34,019,1,2,Hunterdon County              ,21,21,4168440,0,0,0,0,0,0,3,16,1247296,17,17,3396245,0,0,0,0,0,0,0,0,357000
202103,34,021,1,2,Mercer County                 ,29,29,3060923,0,0,0,0,0,0,1,5,413592,29,29,3060923,0,0,0,0,0,0,0,0,0
202103,34,023,1,2,Middlesex County              ,110,110,16079499,2,4,416900,0,0,0,11,151,10595624,96,96,13952505,1,2,206500,0,0,0,9,128,6680050
202103,34,025,1,2,Monmouth County               ,220,220,32598799,1,2,156850,0,0,0,4,33,1895523,178,178,22825019,0,0,0,0,0,0,3,28,1437000
202103,34,027,1,2,Morris County                 ,65,65,15134246,0,0,0,0,0,0,9,101,7329437,35,35,8612804,0,0,0,0,0,0,3,71,5280177
202103,34,029,1,2,Ocean County                  ,255,255,60930821,4,8,249600,1,3,120228,10,50,362205,191,191,47064120,0,0,0,0,0,0,9,45,18200
202103,34,031,1,2,Passaic County                ,14,14,2360279,1,2,113134,1,3,93309,6,63,2769044,8,8,1467840,0,0,0,0,0,0,1,5,82380
202103,34,033,1,2,Salem County                  ,8,8,1774773,0,0,0,0,0,0,0,0,0,7,7,1611200,0,0,0,0,0,0,0,0,0
202103,34,035,1,2,Somerset County               ,46,46,9402194,0,0,0,0,0,0,3,54,2470170,39,39,8420700,0,0,0,0,0,0,1,30,780000
202103,34,037,1,2,Sussex County                 ,11,11,1369395,0,0,0,1,4,509100,0,0,0,9,9,946483,0,0,0,1,4,509100,0,0,0
202103,34,039,1,2,Union County                  ,16,16,5092288,7,14,1145216,1,3,244955,5,59,4017216,12,12,4614888,0,0,0,0,0,0,1,5,123000
202103,34,041,1,2,Warren County                 ,18,18,2477725,0,0,0,0,0,0,0,0,0,9,9,1272391,0,0,0,0,0,0,0,0,0
202103,35,000,4,8,New Mexico Balance of State   ,51,51,13825497,0,0,0,0,0,0,0,0,0,0,0,0,0,0,0,0,0,0,0,0,0
202103,35,001,4,8,Bernalillo County             ,147,147,35904163,0,0,0,0,0,0,1,16,1708810,37,37,12287171,0,0,0,0,0,0,0,0,0
202103,35,005,4,8,Chaves County                 ,7,7,1228478,0,0,0,0,0,0,0,0,0,0,0,0,0,0,0,0,0,0,0,0,0
202103,35,009,4,8,Curry County                  ,7,7,1766495,0,0,0,0,0,0,1,5,460938,0,0,0,0,0,0,0,0,0,0,0,0
202103,35,013,4,8,Dona Ana County               ,117,117,31283016,0,0,0,0,0,0,1,8,798750,31,31,10591542,0,0,0,0,0,0,0,0,0
202103,35,015,4,8,Eddy County                   ,8,8,2080800,0,0,0,0,0,0,0,0,0,8,8,2080800,0,0,0,0,0,0,0,0,0
202103,35,017,4,8,Grant County                  ,2,2,324161,0,0,0,0,0,0,0,0,0,0,0,0,0,0,0,0,0,0,0,0,0
202103,35,025,4,8,Lea County                    ,23,23,5040120,0,0,0,0,0,0,0,0,0,0,0,0,0,0,0,0,0,0,0,0,0
202103,35,027,4,8,Lincoln County                ,6,6,2540054,0,0,0,0,0,0,0,0,0,6,6,2540054,0,0,0,0,0,0,0,0,0
202103,35,028,4,8,Los Alamos County             ,6,6,1418704,0,0,0,0,0,0,0,0,0,0,0,0,0,0,0,0,0,0,0,0,0
202103,35,029,4,8,Luna County                   ,1,1,178800,0,0,0,0,0,0,0,0,0,0,0,0,0,0,0,0,0,0,0,0,0
202103,35,031,4,8,McKinley County               ,0,0,0,0,0,0,0,0,0,0,0,0,0,0,0,0,0,0,0,0,0,0,0,0
202103,35,035,4,8,Otero County                  ,0,0,0,0,0,0,0,0,0,0,0,0,0,0,0,0,0,0,0,0,0,0,0,0
202103,35,041,4,8,Roosevelt County              ,3,3,458570,0,0,0,0,0,0,0,0,0,0,0,0,0,0,0,0,0,0,0,0,0
202103,35,043,4,8,Sandoval County               ,125,125,27712172,0,0,0,0,0,0,1,6,250000,109,109,23665172,0,0,0,0,0,0,0,0,0
202103,35,045,4,8,San Juan County               ,11,11,2495863,0,0,0,0,0,0,0,0,0,11,11,2495863,0,0,0,0,0,0,0,0,0
202103,35,047,4,8,San Miguel County             ,0,0,0,0,0,0,0,0,0,0,0,0,0,0,0,0,0,0,0,0,0,0,0,0
202103,35,049,4,8,Santa Fe County               ,42,42,9606866,0,0,0,0,0,0,1,21,2574571,0,0,0,0,0,0,0,0,0,0,0,0
202103,35,055,4,8,Taos County                   ,12,12,2008422,0,0,0,0,0,0,0,0,0,0,0,0,0,0,0,0,0,0,0,0,0
202103,35,061,4,8,Valencia County               ,36,36,9996599,0,0,0,0,0,0,0,0,0,36,36,9996599,0,0,0,0,0,0,0,0,0
202103,36,001,1,2,Albany County                 ,32,32,7806511,1,2,330000,0,0,0,0,0,0,30,30,7506667,1,2,330000,0,0,0,0,0,0
202103,36,005,1,2,Bronx County                  ,0,0,0,0,0,0,0,0,0,8,228,25722322,0,0,0,0,0,0,0,0,0,8,228,25722322
202103,36,029,1,2,Erie County                   ,99,99,40584748,5,10,1435542,1,4,480000,8,70,8422563,88,88,38329414,5,10,1435542,1,4,480000,6,52,4387000
202103,36,047,1,2,Kings County                  ,3,3,795981,4,8,1214430,0,0,0,14,164,18502021,3,3,795981,4,8,1214430,0,0,0,14,164,18502021
202103,36,051,1,2,Livingston County             ,4,4,1043000,0,0,0,0,0,0,0,0,0,2,2,550000,0,0,0,0,0,0,0,0,0
202103,36,055,1,2,Monroe County                 ,59,59,17816303,1,2,296000,0,0,0,5,55,6879770,47,47,14853690,1,2,296000,0,0,0,2,20,2080000
202103,36,059,1,2,Nassau County                 ,76,76,32539632,2,4,1117857,0,0,0,3,51,5780508,17,17,13891781,0,0,0,0,0,0,1,17,1200000
202103,36,061,1,2,New York County               ,0,0,0,0,0,0,0,0,0,5,212,23917247,0,0,0,0,0,0,0,0,0,5,212,23917247
202103,36,063,1,2,Niagara County                ,21,21,5984668,0,0,0,0,0,0,0,0,0,16,16,4606945,0,0,0,0,0,0,0,0,0
202103,36,069,1,2,Ontario County                ,29,29,8477572,1,2,350000,9,30,3480000,0,0,0,23,23,6362945,1,2,350000,9,30,3480000,0,0,0
202103,36,073,1,2,Orleans County                ,1,1,100000,0,0,0,0,0,0,0,0,0,1,1,100000,0,0,0,0,0,0,0,0,0
202103,36,079,1,2,Putnam County                 ,7,7,3353000,0,0,0,0,0,0,0,0,0,7,7,3353000,0,0,0,0,0,0,0,0,0
202103,36,081,1,2,Queens County                 ,3,3,795981,13,26,3946899,2,6,795818,4,116,13086796,3,3,795981,13,26,3946899,2,6,795818,4,116,13086796
202103,36,083,1,2,Rensselaer County             ,10,10,2682651,0,0,0,0,0,0,1,5,375000,2,2,595000,0,0,0,0,0,0,0,0,0
202103,36,085,1,2,Richmond County               ,24,24,6339849,16,32,4780232,1,3,395004,1,6,774092,0,0,0,0,0,0,0,0,0,0,0,0
202103,36,087,1,2,Rockland County               ,6,6,1837144,3,6,875953,2,7,970109,3,15,2150137,2,2,745000,0,0,0,0,0,0,0,0,0
202103,36,091,1,2,Saratoga County               ,81,81,28240479,0,0,0,0,0,0,0,0,0,67,67,22418316,0,0,0,0,0,0,0,0,0
202103,36,093,1,2,Schenectady County            ,8,8,1885765,0,0,0,0,0,0,8,76,8977000,7,7,1713390,0,0,0,0,0,0,8,76,8977000
202103,36,095,1,2,Schoharie County              ,3,3,551929,0,0,0,0,0,0,0,0,0,1,1,125000,0,0,0,0,0,0,0,0,0
202103,36,099,1,2,Seneca County                 ,3,3,50000,0,0,0,0,0,0,0,0,0,3,3,50000,0,0,0,0,0,0,0,0,0
202103,36,103,1,2,Suffolk County                ,95,95,84461871,0,0,0,0,0,0,1,33,2100000,84,84,78559008,0,0,0,0,0,0,1,33,2100000
202103,36,117,1,2,Wayne County                  ,11,11,3051734,0,0,0,0,0,0,0,0,0,8,8,2272000,0,0,0,0,0,0,0,0,0
202103,36,119,1,2,Westchester County            ,19,19,14754035,2,4,630750,0,0,0,3,135,27202479,5,5,4182000,1,2,380000,0,0,0,0,0,0
202103,37,007,3,5,Anson County                  ,6,6,899190,0,0,0,0,0,0,0,0,0,0,0,0,0,0,0,0,0,0,0,0,0
202103,37,011,3,5,Avery County                  ,17,17,10437174,0,0,0,0,0,0,0,0,0,17,17,10437174,0,0,0,0,0,0,0,0,0
202103,37,015,3,5,Bertie County                 ,2,2,748345,0,0,0,0,0,0,0,0,0,2,2,748345,0,0,0,0,0,0,0,0,0
202103,37,025,3,5,Cabarrus County               ,223,223,34732097,0,0,0,0,0,0,0,0,0,223,223,34732097,0,0,0,0,0,0,0,0,0
202103,37,033,3,5,Caswell County                ,6,6,1882180,0,0,0,0,0,0,0,0,0,6,6,1882180,0,0,0,0,0,0,0,0,0
202103,37,037,3,5,Chatham County                ,71,71,23247291,0,0,0,0,0,0,2,31,4347126,0,0,0,0,0,0,0,0,0,0,0,0
202103,37,051,3,5,Cumberland County             ,65,65,10213522,0,0,0,0,0,0,0,0,0,65,65,10213522,0,0,0,0,0,0,0,0,0
202103,37,053,3,5,Currituck County              ,69,69,18842865,0,0,0,0,0,0,0,0,0,69,69,18842865,0,0,0,0,0,0,0,0,0
202103,37,059,3,5,Davie County                  ,16,16,5206129,0,0,0,0,0,0,0,0,0,16,16,5206129,0,0,0,0,0,0,0,0,0
202103,37,063,3,5,Durham County                 ,270,270,51949647,0,0,0,1,4,999957,3,168,25453612,0,0,0,0,0,0,0,0,0,0,0,0
202103,37,069,3,5,Franklin County               ,97,97,22613513,0,0,0,0,0,0,0,0,0,97,97,22613513,0,0,0,0,0,0,0,0,0
202103,37,071,3,5,Gaston County                 ,186,186,59028358,1,2,185450,1,3,524259,0,0,0,53,53,14236340,0,0,0,0,0,0,0,0,0
202103,37,077,3,5,Granville County              ,46,46,12874451,0,0,0,0,0,0,0,0,0,46,46,12874451,0,0,0,0,0,0,0,0,0
202103,37,081,3,5,Guilford County               ,165,165,43161529,2,4,773076,0,0,0,2,24,3374336,84,84,15368782,2,4,773076,0,0,0,2,24,3374336
202103,37,089,3,5,Henderson County              ,72,72,23790799,0,0,0,0,0,0,0,0,0,72,72,23790799,0,0,0,0,0,0,0,0,0
202103,37,093,3,5,Hoke County                   ,29,29,6760741,0,0,0,0,0,0,0,0,0,29,29,6760741,0,0,0,0,0,0,0,0,0
202103,37,097,3,5,Iredell County                ,134,134,34009882,3,6,783529,0,0,0,0,0,0,134,134,34009882,3,6,783529,0,0,0,0,0,0
202103,37,101,3,5,Johnston County               ,375,375,71068469,0,0,0,0,0,0,0,0,0,369,369,69850469,0,0,0,0,0,0,0,0,0
202103,37,119,3,5,Mecklenburg County            ,706,706,164589074,1,2,411700,0,0,0,15,504,71724800,706,706,164589074,1,2,411700,0,0,0,15,504,71724800
202103,37,133,3,5,Onslow County                 ,184,184,33385108,0,0,0,0,0,0,0,0,0,184,184,33385108,0,0,0,0,0,0,0,0,0
202103,37,135,3,5,Orange County                 ,62,62,17444719,4,8,1215320,0,0,0,0,0,0,11,11,4290527,4,8,1215320,0,0,0,0,0,0
202103,37,145,3,5,Person County                 ,14,14,3457412,0,0,0,0,0,0,0,0,0,14,14,3457412,0,0,0,0,0,0,0,0,0
202103,37,151,3,5,Randolph County               ,67,67,17037166,1,2,97500,0,0,0,0,0,0,61,61,16456689,0,0,0,0,0,0,0,0,0
202103,37,157,3,5,Rockingham County             ,34,34,9685807,0,0,0,0,0,0,0,0,0,34,34,9685807,0,0,0,0,0,0,0,0,0
202103,37,179,3,5,Union County                  ,281,281,54413039,0,0,0,0,0,0,0,0,0,281,281,54413039,0,0,0,0,0,0,0,0,0
202103,37,181,3,5,Vance County                  ,1,1,99180,0,0,0,0,0,0,0,0,0,1,1,99180,0,0,0,0,0,0,0,0,0
202103,37,183,3,5,Wake County                   ,971,971,248304107,4,8,1189071,0,0,0,16,1011,263293928,971,971,248304107,4,8,1189071,0,0,0,16,1011,263293928
202103,37,195,3,5,Wilson County                 ,32,32,6457590,2,4,520000,0,0,0,0,0,0,32,32,6457590,2,4,520000,0,0,0,0,0,0
202103,39,007,2,3,Ashtabula County              ,12,12,2225000,0,0,0,0,0,0,0,0,0,12,12,2225000,0,0,0,0,0,0,0,0,0
202103,39,015,2,3,Brown County                  ,15,15,4176591,0,0,0,0,0,0,0,0,0,15,15,4176591,0,0,0,0,0,0,0,0,0
202103,39,017,2,3,Butler County                 ,96,96,20152190,1,2,400000,0,0,0,0,0,0,78,78,17269988,1,2,400000,0,0,0,0,0,0
202103,39,025,2,3,Clermont County               ,90,90,22357431,0,0,0,3,9,1500000,2,14,1304650,90,90,22357431,0,0,0,3,9,1500000,2,14,1304650
202103,39,041,2,3,Delaware County               ,218,218,62304383,0,0,0,0,0,0,1,5,613639,192,192,56303857,0,0,0,0,0,0,0,0,0
202103,39,049,2,3,Franklin County               ,218,218,77236731,2,4,1000000,4,16,1399000,8,54,4659224,197,197,69155009,2,4,1000000,4,16,1399000,6,44,3929270
202103,39,055,2,3,Geauga County                 ,19,19,11787488,0,0,0,0,0,0,0,0,0,19,19,11787488,0,0,0,0,0,0,0,0,0
202103,39,085,2,3,Lake County                   ,63,63,11731103,0,0,0,0,0,0,0,0,0,63,63,11731103,0,0,0,0,0,0,0,0,0
202103,39,089,2,3,Licking County                ,34,34,11287360,0,0,0,0,0,0,0,0,0,34,34,11287360,0,0,0,0,0,0,0,0,0
202103,39,093,2,3,Lorain County                 ,94,94,29800457,0,0,0,1,3,172500,0,0,0,41,41,14537740,0,0,0,0,0,0,0,0,0
202103,39,097,2,3,Madison County                ,14,14,4015022,0,0,0,0,0,0,0,0,0,5,5,1425892,0,0,0,0,0,0,0,0,0
202103,39,103,2,3,Medina County                 ,53,53,21569384,0,0,0,0,0,0,0,0,0,53,53,21569384,0,0,0,0,0,0,0,0,0
202103,39,117,2,3,Morrow County                 ,24,24,6355454,0,0,0,0,0,0,0,0,0,23,23,6078787,0,0,0,0,0,0,0,0,0
202103,39,159,2,3,Union County                  ,42,42,11694455,0,0,0,0,0,0,5,100,5529000,42,42,11694455,0,0,0,0,0,0,5,100,5529000
202103,39,165,2,3,Warren County                 ,124,124,35232603,1,2,248210,0,0,0,0,0,0,109,109,29663491,1,2,248210,0,0,0,0,0,0
202103,40,001,3,7,Adair County                  ,0,0,0,0,0,0,0,0,0,0,0,0,0,0,0,0,0,0,0,0,0,0,0,0
202103,40,017,3,7,Canadian County               ,63,63,12571999,7,14,1051699,1,3,382909,0,0,0,37,37,7424400,6,12,825000,0,0,0,0,0,0
202103,40,021,3,7,Cherokee County               ,9,9,1181144,1,2,130000,0,0,0,1,5,244048,0,0,0,0,0,0,0,0,0,0,0,0
202103,40,027,3,7,Cleveland County              ,125,125,30774868,4,8,640000,0,0,0,1,5,1050000,125,125,30774868,4,8,640000,0,0,0,1,5,1050000
202103,40,029,3,7,Coal County                   ,1,1,75000,0,0,0,0,0,0,0,0,0,1,1,75000,0,0,0,0,0,0,0,0,0
202103,40,037,3,7,Creek County                  ,9,9,1996040,0,0,0,0,0,0,1,9,692308,1,1,240000,0,0,0,0,0,0,0,0,0
202103,40,051,3,7,Grady County                  ,32,32,2960000,6,12,120000,0,0,0,0,0,0,32,32,2960000,6,12,120000,0,0,0,0,0,0
202103,40,055,3,7,Greer County                  ,0,0,0,0,0,0,0,0,0,0,0,0,0,0,0,0,0,0,0,0,0,0,0,0
202103,40,081,3,7,Lincoln County                ,1,1,233129,0,0,0,0,0,0,0,0,0,1,1,233129,0,0,0,0,0,0,0,0,0
202103,40,083,3,7,Logan County                  ,2,2,591500,0,0,0,0,0,0,0,0,0,1,1,449000,0,0,0,0,0,0,0,0,0
202103,40,087,3,7,McClain County                ,73,73,14608883,0,0,0,0,0,0,0,0,0,19,19,5038490,0,0,0,0,0,0,0,0,0
202103,40,109,3,7,Oklahoma County               ,556,556,136041294,12,24,2545294,0,0,0,0,0,0,102,102,40727315,0,0,0,0,0,0,0,0,0
202103,40,111,3,7,Okmulgee County               ,0,0,0,0,0,0,0,0,0,0,0,0,0,0,0,0,0,0,0,0,0,0,0,0
202103,40,113,3,7,Osage County                  ,10,10,1217111,0,0,0,0,0,0,0,0,0,10,10,1217111,0,0,0,0,0,0,0,0,0
202103,40,117,3,7,Pawnee County                 ,0,0,0,0,0,0,0,0,0,0,0,0,0,0,0,0,0,0,0,0,0,0,0,0
202103,40,131,3,7,Rogers County                 ,62,62,12436667,0,0,0,0,0,0,0,0,0,62,62,12436667,0,0,0,0,0,0,0,0,0
202103,40,143,3,7,Tulsa County                  ,253,253,62567332,0,0,0,0,0,0,1,66,1239000,253,253,62567332,0,0,0,0,0,0,1,66,1239000
202103,40,145,3,7,Wagoner County                ,64,64,15971862,0,0,0,0,0,0,0,0,0,64,64,15971862,0,0,0,0,0,0,0,0,0
202103,41,000,4,9,Oregon Balance of State       ,33,33,3731900,0,0,0,0,0,0,0,0,0,33,33,3731900,0,0,0,0,0,0,0,0,0
202103,41,005,4,9,Clackamas County              ,153,153,46787880,0,0,0,0,0,0,0,0,0,153,153,46787880,0,0,0,0,0,0,0,0,0
202103,41,017,4,9,Deschutes County              ,169,169,46824297,5,10,1569879,3,9,539826,8,140,18576603,169,169,46824297,5,10,1569879,3,9,539826,8,140,18576603
202103,41,019,4,9,Douglas County                ,24,24,5781251,0,0,0,0,0,0,0,0,0,24,24,5781251,0,0,0,0,0,0,0,0,0
202103,41,023,4,9,Grant County                  ,2,2,702924,0,0,0,0,0,0,0,0,0,2,2,702924,0,0,0,0,0,0,0,0,0
202103,41,025,4,9,Harney County                 ,0,0,0,0,0,0,0,0,0,0,0,0,0,0,0,0,0,0,0,0,0,0,0,0
202103,41,035,4,9,Klamath County                ,9,9,2834064,0,0,0,0,0,0,0,0,0,9,9,2834064,0,0,0,0,0,0,0,0,0
202103,41,037,4,9,Lake County                   ,2,2,684734,0,0,0,0,0,0,0,0,0,0,0,0,0,0,0,0,0,0,0,0,0
202103,41,051,4,9,Multnomah County              ,78,78,21104416,6,12,2301889,1,3,570577,8,314,36791734,52,52,14439532,6,12,2301889,0,0,0,5,246,29145257
202103,41,065,4,9,Wasco County                  ,7,7,1661788,2,4,229706,0,0,0,0,0,0,7,7,1661788,2,4,229706,0,0,0,0,0,0
202103,41,067,4,9,Washington County             ,247,247,71303451,4,8,1327454,1,3,900000,0,0,0,247,247,71303451,4,8,1327454,1,3,900000,0,0,0
202103,41,071,4,9,Yamhill County                ,45,45,14009448,1,2,365374,0,0,0,0,0,0,44,44,13887679,0,0,0,0,0,0,0,0,0
202103,42,001,1,2,Adams County                  ,44,44,14192092,0,0,0,0,0,0,0,0,0,44,44,14192092,0,0,0,0,0,0,0,0,0
202103,42,017,1,2,Bucks County                  ,70,70,19532355,0,0,0,0,0,0,0,0,0,45,45,13024840,0,0,0,0,0,0,0,0,0
202103,42,029,1,2,Chester County                ,156,156,35118486,0,0,0,0,0,0,4,29,3173777,106,106,23327271,0,0,0,0,0,0,1,5,850000
202103,42,037,1,2,Columbia County               ,10,10,2201270,1,2,250000,0,0,0,0,0,0,5,5,961000,0,0,0,0,0,0,0,0,0
202103,42,041,1,2,Cumberland County             ,85,85,18336682,1,2,108000,1,3,770615,1,5,490086,56,56,12481005,1,2,108000,0,0,0,0,0,0
202103,42,043,1,2,Dauphin County                ,49,49,11145030,0,0,0,1,3,513646,1,12,1254322,24,24,5579002,0,0,0,0,0,0,0,0,0
202103,42,045,1,2,Delaware County               ,21,21,4985928,3,6,910823,0,0,0,0,0,0,0,0,0,3,6,910823,0,0,0,0,0,0
202103,42,055,1,2,Franklin County               ,52,52,13150893,1,2,340000,0,0,0,1,5,645076,51,51,12888484,1,2,340000,0,0,0,0,0,0
202103,42,091,1,2,Montgomery County             ,92,92,24069704,0,0,0,1,4,450000,5,26,3524642,66,66,18455369,0,0,0,1,4,450000,4,21,2747975
202103,42,093,1,2,Montour County                ,0,0,0,0,0,0,0,0,0,0,0,0,0,0,0,0,0,0,0,0,0,0,0,0
202103,42,099,1,2,Perry County                  ,10,10,2653007,0,0,0,0,0,0,0,0,0,0,0,0,0,0,0,0,0,0,0,0,0
202103,42,101,1,2,Philadelphia County           ,70,70,18572883,22,44,6679367,19,62,8223457,33,1477,166631009,70,70,18572883,22,44,6679367,19,62,8223457,33,1477,166631009
202103,42,103,1,2,Pike County                   ,11,11,2528778,0,0,0,0,0,0,0,0,0,6,6,1218327,0,0,0,0,0,0,0,0,0
202103,44,001,1,1,Bristol County                ,6,6,1985418,0,0,0,0,0,0,0,0,0,3,3,596200,0,0,0,0,0,0,0,0,0
202103,44,003,1,1,Kent County                   ,16,16,3077500,1,2,208150,1,3,350000,1,5,337963,6,6,1475589,0,0,0,1,3,350000,0,0,0
202103,44,005,1,1,Newport County                ,13,13,5199185,0,0,0,0,0,0,0,0,0,6,6,1195327,0,0,0,0,0,0,0,0,0
202103,44,007,1,1,Providence County             ,33,33,5319036,5,10,1495256,1,3,172648,1,6,343523,24,24,3827743,3,6,1289160,0,0,0,0,0,0
202103,44,009,1,1,Washington County             ,34,34,10701252,0,0,0,0,0,0,0,0,0,20,20,8850700,0,0,0,0,0,0,0,0,0
202103,45,003,3,5,Aiken County                  ,149,149,36657639,0,0,0,0,0,0,0,0,0,67,67,19737378,0,0,0,0,0,0,0,0,0
202103,45,009,3,5,Bamberg County                ,0,0,0,0,0,0,0,0,0,0,0,0,0,0,0,0,0,0,0,0,0,0,0,0
202103,45,015,3,5,Berkeley County               ,196,196,51992054,0,0,0,0,0,0,2,60,2654395,8,8,3249334,0,0,0,0,0,0,0,0,0
202103,45,017,3,5,Calhoun County                ,0,0,0,0,0,0,0,0,0,0,0,0,0,0,0,0,0,0,0,0,0,0,0,0
202103,45,019,3,5,Charleston County             ,312,312,88070490,0,0,0,1,3,238125,5,110,7464847,56,56,30345749,0,0,0,0,0,0,0,0,0
202103,45,035,3,5,Dorchester County             ,140,140,41854263,0,0,0,0,0,0,0,0,0,139,139,41746763,0,0,0,0,0,0,0,0,0
202103,45,037,3,5,Edgefield County              ,19,19,5379526,0,0,0,0,0,0,0,0,0,19,19,5379526,0,0,0,0,0,0,0,0,0
202103,45,039,3,5,Fairfield County              ,7,7,3066601,0,0,0,0,0,0,0,0,0,7,7,3066601,0,0,0,0,0,0,0,0,0
202103,45,045,3,5,Greenville County             ,553,553,149153331,0,0,0,0,0,0,0,0,0,553,553,149153331,0,0,0,0,0,0,0,0,0
202103,45,051,3,5,Horry County                  ,690,690,117888369,4,8,1725000,0,0,0,2,10,850000,547,547,82488690,1,2,375000,0,0,0,1,5,600000
202103,45,055,3,5,Kershaw County                ,63,63,10672186,0,0,0,0,0,0,0,0,0,63,63,10672186,0,0,0,0,0,0,0,0,0
202103,45,059,3,5,Laurens County                ,22,22,3095973,0,0,0,0,0,0,0,0,0,20,20,2961711,0,0,0,0,0,0,0,0,0
202103,45,063,3,5,Lexington County              ,280,280,70480270,0,0,0,0,0,0,2,18,3092302,5,5,491500,0,0,0,0,0,0,0,0,0
202103,45,077,3,5,Pickens County                ,58,58,27671116,2,4,341068,0,0,0,1,11,1236150,50,50,25539366,2,4,341068,0,0,0,0,0,0
202103,45,079,3,5,Richland County               ,273,273,53429144,4,8,958860,0,0,0,0,0,0,248,248,47565030,4,8,958860,0,0,0,0,0,0
202103,45,081,3,5,Saluda County                 ,6,6,1041674,0,0,0,0,0,0,0,0,0,6,6,1041674,0,0,0,0,0,0,0,0,0
202103,45,085,3,5,Sumter County                 ,32,32,4932826,0,0,0,0,0,0,0,0,0,32,32,4932826,0,0,0,0,0,0,0,0,0
202103,45,091,3,5,York County                   ,272,272,98704333,0,0,0,0,0,0,2,33,5039055,119,119,45795838,0,0,0,0,0,0,0,0,0
202103,46,007,2,4,Bennett County                ,0,0,0,0,0,0,0,0,0,0,0,0,0,0,0,0,0,0,0,0,0,0,0,0
202103,46,055,2,4,Haakon County                 ,0,0,0,0,0,0,0,0,0,0,0,0,0,0,0,0,0,0,0,0,0,0,0,0
202103,46,071,2,4,Jackson County                ,0,0,0,0,0,0,0,0,0,0,0,0,0,0,0,0,0,0,0,0,0,0,0,0
202103,46,111,2,4,Sanborn County                ,1,1,329000,0,0,0,0,0,0,0,0,0,1,1,329000,0,0,0,0,0,0,0,0,0
202103,47,001,3,6,Anderson County               ,24,24,5547549,0,0,0,0,0,0,0,0,0,15,15,4398882,0,0,0,0,0,0,0,0,0
202103,47,015,3,6,Cannon County                 ,4,4,500000,0,0,0,0,0,0,0,0,0,4,4,500000,0,0,0,0,0,0,0,0,0
202103,47,021,3,6,Cheatham County               ,35,35,6171593,0,0,0,0,0,0,0,0,0,35,35,6171593,0,0,0,0,0,0,0,0,0
202103,47,037,3,6,Davidson County               ,493,493,124267824,0,0,0,0,0,0,24,1888,99104393,480,480,120044487,0,0,0,0,0,0,24,1888,99104393
202103,47,043,3,6,Dickson County                ,45,45,8640970,0,0,0,0,0,0,0,0,0,7,7,1772645,0,0,0,0,0,0,0,0,0
202103,47,049,3,6,Fentress County               ,0,0,0,0,0,0,0,0,0,0,0,0,0,0,0,0,0,0,0,0,0,0,0,0
202103,47,081,3,6,Hickman County                ,14,14,2272713,0,0,0,0,0,0,0,0,0,0,0,0,0,0,0,0,0,0,0,0,0
202103,47,093,3,6,Knox County                   ,234,234,54185421,0,0,0,0,0,0,0,0,0,234,234,54185421,0,0,0,0,0,0,0,0,0
202103,47,105,3,6,Loudon County                 ,82,82,23413808,0,0,0,0,0,0,0,0,0,75,75,22257376,0,0,0,0,0,0,0,0,0
202103,47,117,3,6,Marshall County               ,22,22,4183672,0,0,0,0,0,0,0,0,0,0,0,0,0,0,0,0,0,0,0,0,0
202103,47,125,3,6,Montgomery County             ,308,308,50334860,2,4,79933,2,7,670063,34,305,16839934,199,199,29349661,2,4,79933,1,4,380000,33,300,16265375
202103,47,139,3,6,Polk County                   ,26,26,4683226,0,0,0,0,0,0,0,0,0,0,0,0,0,0,0,0,0,0,0,0,0
202103,47,149,3,6,Rutherford County             ,428,428,121034214,0,0,0,1,3,265434,1,27,3093544,356,356,108425417,0,0,0,0,0,0,0,0,0
202103,47,153,3,6,Sequatchie County             ,2,2,565000,0,0,0,0,0,0,0,0,0,2,2,565000,0,0,0,0,0,0,0,0,0
202103,47,157,3,6,Shelby County                 ,94,94,22335252,0,0,0,0,0,0,5,80,9397605,94,94,22335252,0,0,0,0,0,0,5,80,9397605
202103,47,159,3,6,Smith County                  ,12,12,3017078,0,0,0,0,0,0,0,0,0,11,11,2827105,0,0,0,0,0,0,0,0,0
202103,47,161,3,6,Stewart County                ,0,0,0,0,0,0,1,3,300000,0,0,0,0,0,0,0,0,0,0,0,0,0,0,0
202103,47,165,3,6,Sumner County                 ,189,189,63696636,0,0,0,1,4,640000,0,0,0,189,189,63696636,0,0,0,1,4,640000,0,0,0
202103,47,167,3,6,Tipton County                 ,21,21,4254565,0,0,0,0,0,0,0,0,0,12,12,3060733,0,0,0,0,0,0,0,0,0
202103,47,169,3,6,Trousdale County              ,6,6,717000,0,0,0,0,0,0,0,0,0,6,6,717000,0,0,0,0,0,0,0,0,0
202103,47,173,3,6,Union County                  ,14,14,2506667,0,0,0,0,0,0,0,0,0,11,11,2390000,0,0,0,0,0,0,0,0,0
202103,47,175,3,6,Van Buren County              ,0,0,0,0,0,0,0,0,0,0,0,0,0,0,0,0,0,0,0,0,0,0,0,0
202103,47,189,3,6,Wilson County                 ,244,244,73086793,0,0,0,0,0,0,0,0,0,244,244,73086793,0,0,0,0,0,0,0,0,0
202103,48,013,3,7,Atascosa County               ,5,5,865677,0,0,0,0,0,0,0,0,0,0,0,0,0,0,0,0,0,0,0,0,0
202103,48,015,3,7,Austin County                 ,3,3,520596,0,0,0,0,0,0,0,0,0,0,0,0,0,0,0,0,0,0,0,0,0
202103,48,019,3,7,Bandera County                ,0,0,0,0,0,0,0,0,0,0,0,0,0,0,0,0,0,0,0,0,0,0,0,0
202103,48,021,3,7,Bastrop County                ,210,210,35234266,2,4,455981,0,0,0,0,0,0,210,210,35234266,2,4,455981,0,0,0,0,0,0
202103,48,025,3,7,Bee County                    ,1,1,118255,1,2,150000,0,0,0,0,0,0,0,0,0,0,0,0,0,0,0,0,0,0
202103,48,027,3,7,Bell County                   ,200,200,39698134,41,82,8038006,0,0,0,0,0,0,177,177,33816300,37,74,7250580,0,0,0,0,0,0
202103,48,029,3,7,Bexar County                  ,936,936,208657571,0,0,0,0,0,0,35,234,286367440,832,832,191634459,0,0,0,0,0,0,34,229,285301944
202103,48,051,3,7,Burleson County               ,4,4,358977,0,0,0,0,0,0,0,0,0,4,4,358977,0,0,0,0,0,0,0,0,0
202103,48,055,3,7,Caldwell County               ,41,41,8583217,0,0,0,0,0,0,0,0,0,4,4,836303,0,0,0,0,0,0,0,0,0
202103,48,085,3,7,Collin County                 ,1410,1410,410449879,0,0,0,0,0,0,7,812,67410850,1266,1266,373933677,0,0,0,0,0,0,7,812,67410850
202103,48,091,3,7,Comal County                  ,357,357,83227053,0,0,0,0,0,0,1,12,2000000,357,357,83227053,0,0,0,0,0,0,1,12,2000000
202103,48,099,3,7,Coryell County                ,10,10,1870751,0,0,0,0,0,0,0,0,0,10,10,1870751,0,0,0,0,0,0,0,0,0
202103,48,107,3,7,Crosby County                 ,0,0,0,0,0,0,0,0,0,0,0,0,0,0,0,0,0,0,0,0,0,0,0,0
202103,48,113,3,7,Dallas County                 ,851,851,212222492,12,24,4452955,3,10,2412891,17,732,79209700,809,809,190937211,10,20,2470160,2,7,1645900,15,708,75181830
202103,48,119,3,7,Delta County                  ,0,0,0,0,0,0,0,0,0,0,0,0,0,0,0,0,0,0,0,0,0,0,0,0
202103,48,135,3,7,Ector County                  ,68,68,15852772,0,0,0,0,0,0,0,0,0,68,68,15852772,0,0,0,0,0,0,0,0,0
202103,48,139,3,7,Ellis County                  ,337,337,77485884,1,2,150000,0,0,0,1,10,1702249,257,257,61033114,1,2,150000,0,0,0,0,0,0
202103,48,141,3,7,El Paso County                ,294,294,70451076,6,12,1656503,3,12,1408168,1,31,3549156,48,48,11190192,2,4,494032,0,0,0,0,0,0
202103,48,157,3,7,Fort Bend County              ,947,947,227427491,0,0,0,0,0,0,0,0,0,698,698,162724042,0,0,0,0,0,0,0,0,0
202103,48,167,3,7,Galveston County              ,310,310,82612251,0,0,0,0,0,0,0,0,0,180,180,47177742,0,0,0,0,0,0,0,0,0
202103,48,185,3,7,Grimes County                 ,7,7,724132,0,0,0,0,0,0,0,0,0,7,7,724132,0,0,0,0,0,0,0,0,0
202103,48,187,3,7,Guadalupe County              ,121,121,28076331,16,32,3952256,0,0,0,0,0,0,121,121,28076331,16,32,3952256,0,0,0,0,0,0
202103,48,193,3,7,Hamilton County               ,0,0,0,0,0,0,0,0,0,0,0,0,0,0,0,0,0,0,0,0,0,0,0,0
202103,48,195,3,7,Hansford County               ,0,0,0,0,0,0,0,0,0,0,0,0,0,0,0,0,0,0,0,0,0,0,0,0
202103,48,201,3,7,Harris County                 ,2127,2127,446768164,26,52,6142530,0,0,0,12,300,20757278,2111,2111,441347029,26,52,6142530,0,0,0,12,300,20757278
202103,48,211,3,7,Hemphill County               ,0,0,0,0,0,0,0,0,0,0,0,0,0,0,0,0,0,0,0,0,0,0,0,0
202103,48,215,3,7,Hidalgo County                ,438,438,86608109,61,122,21440435,4,16,1135000,2,45,3172320,354,354,78203652,42,84,9422571,4,16,1135000,1,8,350000
202103,48,233,3,7,Hutchinson County             ,1,1,209076,0,0,0,0,0,0,0,0,0,1,1,209076,0,0,0,0,0,0,0,0,0
202103,48,251,3,7,Johnson County                ,138,138,32831095,4,8,941397,0,0,0,1,27,3030615,96,96,22703402,2,4,494032,0,0,0,0,0,0
202103,48,257,3,7,Kaufman County                ,185,185,43012276,0,0,0,0,0,0,1,13,1363636,180,180,41740931,0,0,0,0,0,0,0,0,0
202103,48,259,3,7,Kendall County                ,48,48,11271387,0,0,0,0,0,0,0,0,0,0,0,0,0,0,0,0,0,0,0,0,0
202103,48,271,3,7,Kinney County                 ,0,0,0,0,0,0,0,0,0,0,0,0,0,0,0,0,0,0,0,0,0,0,0,0
202103,48,281,3,7,Lampasas County               ,7,7,4560000,2,4,300000,0,0,0,0,0,0,7,7,4560000,2,4,300000,0,0,0,0,0,0
202103,48,291,3,7,Liberty County                ,100,100,15742954,0,0,0,0,0,0,0,0,0,90,90,13392120,0,0,0,0,0,0,0,0,0
202103,48,303,3,7,Lubbock County                ,201,201,46407378,12,24,2733220,0,0,0,7,54,3717242,15,15,5356740,0,0,0,0,0,0,0,0,0
202103,48,323,3,7,Maverick County               ,12,12,2804681,0,0,0,1,3,339643,0,0,0,0,0,0,0,0,0,0,0,0,0,0,0
202103,48,325,3,7,Medina County                 ,4,4,653129,0,0,0,0,0,0,0,0,0,4,4,653129,0,0,0,0,0,0,0,0,0
202103,48,329,3,7,Midland County                ,79,79,16481290,0,0,0,0,0,0,0,0,0,79,79,16481290,0,0,0,0,0,0,0,0,0
202103,48,339,3,7,Montgomery County             ,1167,1167,261114199,24,48,3793416,0,0,0,1,5,561225,1146,1146,256262140,24,48,3793416,0,0,0,0,0,0
202103,48,367,3,7,Parker County                 ,49,49,11054119,1,2,295877,0,0,0,1,6,522335,24,24,6029405,0,0,0,0,0,0,0,0,0
202103,48,375,3,7,Potter County                 ,37,37,8625773,0,0,0,0,0,0,0,0,0,37,37,8625773,0,0,0,0,0,0,0,0,0
202103,48,383,3,7,Reagan County                 ,0,0,0,0,0,0,0,0,0,0,0,0,0,0,0,0,0,0,0,0,0,0,0,0
202103,48,385,3,7,Real County                   ,0,0,0,0,0,0,0,0,0,0,0,0,0,0,0,0,0,0,0,0,0,0,0,0
202103,48,395,3,7,Robertson County              ,9,9,1837387,0,0,0,0,0,0,0,0,0,0,0,0,0,0,0,0,0,0,0,0,0
202103,48,397,3,7,Rockwall County               ,196,196,44011532,0,0,0,0,0,0,0,0,0,148,148,27715712,0,0,0,0,0,0,0,0,0
202103,48,407,3,7,San Jacinto County            ,55,55,12085029,0,0,0,0,0,0,0,0,0,0,0,0,0,0,0,0,0,0,0,0,0
202103,48,411,3,7,San Saba County               ,0,0,0,0,0,0,0,0,0,0,0,0,0,0,0,0,0,0,0,0,0,0,0,0
202103,48,451,3,7,Tom Green County              ,29,29,6063198,0,0,0,0,0,0,0,0,0,29,29,6063198,0,0,0,0,0,0,0,0,0
202103,48,453,3,7,Travis County                 ,927,927,193923407,17,34,3013490,5,19,2762273,17,1264,116777168,904,904,187827453,17,34,3013490,5,19,2762273,17,1264,116777168
202103,48,473,3,7,Waller County                 ,3,3,324475,0,0,0,0,0,0,1,8,177445,0,0,0,0,0,0,0,0,0,0,0,0
202103,48,491,3,7,Williamson County             ,722,722,167517915,11,22,5071678,1,4,1009000,6,698,80628051,605,605,131464145,11,22,5071678,1,4,1009000,6,698,80628051
202103,48,493,3,7,Wilson County                 ,3,3,983929,0,0,0,0,0,0,0,0,0,0,0,0,0,0,0,0,0,0,0,0,0
202103,48,497,3,7,Wise County                   ,7,7,1672755,0,0,0,0,0,0,3,15,1370000,3,3,699387,0,0,0,0,0,0,0,0,0
202103,49,011,4,8,Davis County                  ,211,211,56223847,0,0,0,0,0,0,6,84,10293111,197,197,52617036,0,0,0,0,0,0,4,74,8723289
202103,49,023,4,8,Juab County                   ,13,13,4014273,0,0,0,0,0,0,1,5,917435,12,12,3638215,0,0,0,0,0,0,1,5,917435
202103,49,029,4,8,Morgan County                 ,16,16,6402628,0,0,0,1,3,605112,0,0,0,16,16,6402628,0,0,0,1,3,605112,0,0,0
202103,49,035,4,8,Salt Lake County              ,487,487,140389551,15,30,3596019,6,20,4191053,11,450,67505843,345,345,104388605,10,20,2066735,4,14,3132806,5,122,18853690
202103,49,039,4,8,Sanpete County                ,22,22,4129286,0,0,0,0,0,0,0,0,0,22,22,4129286,0,0,0,0,0,0,0,0,0
202103,49,043,4,8,Summit County                 ,28,28,19231426,0,0,0,1,3,841530,1,8,1366854,14,14,12038830,0,0,0,0,0,0,0,0,0
202103,49,057,4,8,Weber County                  ,165,165,41722841,0,0,0,1,4,783171,4,151,22791470,138,138,35480094,0,0,0,0,0,0,2,141,21790462
202103,51,003,3,5,Albemarle County              ,85,85,25502418,0,0,0,0,0,0,2,26,2512832,0,0,0,0,0,0,0,0,0,0,0,0
202103,51,007,3,5,Amelia County                 ,5,5,1386791,0,0,0,0,0,0,0,0,0,5,5,1386791,0,0,0,0,0,0,0,0,0
202103,51,009,3,5,Amherst County                ,6,6,1612000,0,0,0,0,0,0,0,0,0,6,6,1612000,0,0,0,0,0,0,0,0,0
202103,51,013,3,5,Arlington County              ,12,12,4340000,0,0,0,0,0,0,1,502,72500000,12,12,4340000,0,0,0,0,0,0,1,502,72500000
202103,51,015,3,5,Augusta County                ,22,22,6291156,0,0,0,0,0,0,0,0,0,22,22,6291156,0,0,0,0,0,0,0,0,0
202103,51,019,3,5,Bedford County                ,4,4,927930,0,0,0,1,3,603462,0,0,0,0,0,0,0,0,0,0,0,0,0,0,0
202103,51,033,3,5,Caroline County               ,35,35,5702785,0,0,0,0,0,0,0,0,0,35,35,5702785,0,0,0,0,0,0,0,0,0
202103,51,036,3,5,Charles City County           ,3,3,548981,0,0,0,0,0,0,0,0,0,0,0,0,0,0,0,0,0,0,0,0,0
202103,51,037,3,5,Charlotte County              ,3,3,613800,0,0,0,0,0,0,0,0,0,3,3,613800,0,0,0,0,0,0,0,0,0
202103,51,041,3,5,Chesterfield County           ,206,206,52049542,0,0,0,0,0,0,11,595,38725669,206,206,52049542,0,0,0,0,0,0,11,595,38725669
202103,51,043,3,5,Clarke County                 ,8,8,2009592,0,0,0,0,0,0,0,0,0,8,8,2009592,0,0,0,0,0,0,0,0,0
202103,51,049,3,5,Cumberland County             ,4,4,782645,7,14,560000,0,0,0,0,0,0,4,4,782645,7,14,560000,0,0,0,0,0,0
202103,51,051,3,5,Dickenson County              ,2,2,450000,0,0,0,0,0,0,0,0,0,2,2,450000,0,0,0,0,0,0,0,0,0
202103,51,053,3,5,Dinwiddie County              ,11,11,1853580,0,0,0,0,0,0,0,0,0,0,0,0,0,0,0,0,0,0,0,0,0
202103,51,059,3,5,Fairfax County                ,160,160,37300640,0,0,0,0,0,0,1,356,10000000,160,160,37300640,0,0,0,0,0,0,1,356,10000000
202103,51,061,3,5,Fauquier County               ,29,29,8561279,0,0,0,0,0,0,0,0,0,29,29,8561279,0,0,0,0,0,0,0,0,0
202103,51,069,3,5,Frederick County              ,61,61,15602400,0,0,0,0,0,0,0,0,0,61,61,15602400,0,0,0,0,0,0,0,0,0
202103,51,073,3,5,Gloucester County             ,10,10,2101480,0,0,0,0,0,0,0,0,0,10,10,2101480,0,0,0,0,0,0,0,0,0
202103,51,075,3,5,Goochland County              ,31,31,8201975,0,0,0,0,0,0,0,0,0,31,31,8201975,0,0,0,0,0,0,0,0,0
202103,51,085,3,5,Hanover County                ,106,106,27900714,0,0,0,0,0,0,0,0,0,106,106,27900714,0,0,0,0,0,0,0,0,0
202103,51,087,3,5,Henrico County                ,86,86,15875138,19,38,2612500,4,12,825000,0,0,0,86,86,15875138,19,38,2612500,4,12,825000,0,0,0
202103,51,093,3,5,Isle of Wight County          ,27,27,5521308,0,0,0,0,0,0,0,0,0,0,0,0,0,0,0,0,0,0,0,0,0
202103,51,095,3,5,James City County             ,42,42,9287523,0,0,0,0,0,0,0,0,0,42,42,9287523,0,0,0,0,0,0,0,0,0
202103,51,097,3,5,King and Queen County         ,1,1,120000,0,0,0,0,0,0,0,0,0,1,1,120000,0,0,0,0,0,0,0,0,0
202103,51,099,3,5,King George County            ,26,26,5435971,0,0,0,0,0,0,0,0,0,26,26,5435971,0,0,0,0,0,0,0,0,0
202103,51,107,3,5,Loudoun County                ,166,166,37456142,0,0,0,0,0,0,1,30,3160000,166,166,37456142,0,0,0,0,0,0,1,30,3160000
202103,51,109,3,5,Louisa County                 ,68,68,14393649,0,0,0,0,0,0,0,0,0,68,68,14393649,0,0,0,0,0,0,0,0,0
202103,51,115,3,5,Mathews County                ,5,5,1313000,0,0,0,0,0,0,0,0,0,5,5,1313000,0,0,0,0,0,0,0,0,0
202103,51,127,3,5,New Kent County               ,47,47,16605000,0,0,0,0,0,0,0,0,0,47,47,16605000,0,0,0,0,0,0,0,0,0
202103,51,139,3,5,Page County                   ,8,8,1692296,0,0,0,0,0,0,0,0,0,8,8,1692296,0,0,0,0,0,0,0,0,0
202103,51,145,3,5,Powhatan County               ,27,27,7474272,0,0,0,0,0,0,0,0,0,27,27,7474272,0,0,0,0,0,0,0,0,0
202103,51,149,3,5,Prince George County          ,8,8,1395000,0,0,0,0,0,0,0,0,0,8,8,1395000,0,0,0,0,0,0,0,0,0
202103,51,153,3,5,Prince William County         ,97,97,20882836,0,0,0,0,0,0,4,140,14000000,97,97,20882836,0,0,0,0,0,0,4,140,14000000
202103,51,165,3,5,Rockingham County             ,55,55,29820190,0,0,0,0,0,0,0,0,0,55,55,29820190,0,0,0,0,0,0,0,0,0
202103,51,175,3,5,Southampton County            ,8,8,1266976,0,0,0,0,0,0,0,0,0,0,0,0,0,0,0,0,0,0,0,0,0
202103,51,177,3,5,Spotsylvania County           ,88,88,23013388,0,0,0,0,0,0,2,57,6703759,0,0,0,0,0,0,0,0,0,0,0,0
202103,51,179,3,5,Stafford County               ,99,99,24456264,0,0,0,0,0,0,0,0,0,99,99,24456264,0,0,0,0,0,0,0,0,0
202103,51,181,3,5,Surry County                  ,3,3,765000,0,0,0,0,0,0,0,0,0,3,3,765000,0,0,0,0,0,0,0,0,0
202103,51,183,3,5,Sussex County                 ,2,2,353000,0,0,0,0,0,0,0,0,0,2,2,353000,0,0,0,0,0,0,0,0,0
202103,51,187,3,5,Warren County                 ,15,15,3247980,0,0,0,0,0,0,0,0,0,15,15,3247980,0,0,0,0,0,0,0,0,0
202103,51,199,3,5,York County                   ,18,18,5040190,2,4,600000,1,4,440000,1,6,1137135,18,18,5040190,2,4,600000,1,4,440000,1,6,1137135
202103,51,510,3,5,Alexandria (Independent City) ,1,1,300000,1,2,250000,0,0,0,0,0,0,1,1,300000,1,2,250000,0,0,0,0,0,0
202103,51,540,3,5,Charlottesville (Independent C,8,8,2770283,1,2,380000,0,0,0,0,0,0,0,0,0,0,0,0,0,0,0,0,0,0
202103,51,550,3,5,Chesapeake(Independent City)  ,82,82,19116578,0,0,0,0,0,0,0,0,0,82,82,19116578,0,0,0,0,0,0,0,0,0
202103,51,570,3,5,Colonial Heights (Independent ,0,0,0,0,0,0,0,0,0,0,0,0,0,0,0,0,0,0,0,0,0,0,0,0
202103,51,580,3,5,Covington (Independent City)  ,0,0,0,0,0,0,0,0,0,0,0,0,0,0,0,0,0,0,0,0,0,0,0,0
202103,51,600,3,5,Fairfax (Independent City)    ,1,1,400000,0,0,0,0,0,0,0,0,0,1,1,400000,0,0,0,0,0,0,0,0,0
202103,51,610,3,5,Falls Church (Independent City,3,3,1496750,0,0,0,0,0,0,1,29,10987578,0,0,0,0,0,0,0,0,0,0,0,0
202103,51,630,3,5,Fredericksburg(Independent Cit,9,9,2500475,0,0,0,0,0,0,0,0,0,9,9,2500475,0,0,0,0,0,0,0,0,0
202103,51,650,3,5,Hampton (Independent City)    ,24,24,1497262,0,0,0,0,0,0,0,0,0,0,0,0,0,0,0,0,0,0,0,0,0
202103,51,660,3,5,Harrisonburg (Independent City,0,0,0,0,0,0,0,0,0,0,0,0,0,0,0,0,0,0,0,0,0,0,0,0
202103,51,670,3,5,Hopewell (Independent City)   ,5,5,464466,0,0,0,0,0,0,0,0,0,0,0,0,0,0,0,0,0,0,0,0,0
202103,51,680,3,5,Lynchburg (Independent City)  ,14,14,4943168,0,0,0,0,0,0,0,0,0,14,14,4943168,0,0,0,0,0,0,0,0,0
202103,51,683,3,5,Manassas (Independent City)   ,14,14,3319246,0,0,0,0,0,0,0,0,0,0,0,0,0,0,0,0,0,0,0,0,0
202103,51,685,3,5,Manassas Park (Independent Cit,0,0,0,0,0,0,0,0,0,0,0,0,0,0,0,0,0,0,0,0,0,0,0,0
202103,51,700,3,5,Newport News (Independent City,4,4,537000,0,0,0,0,0,0,0,0,0,4,4,537000,0,0,0,0,0,0,0,0,0
202103,51,710,3,5,Norfolk (Independent City)    ,31,31,7226999,0,0,0,0,0,0,0,0,0,31,31,7226999,0,0,0,0,0,0,0,0,0
202103,51,730,3,5,Petersburg (Independent City) ,1,1,135022,0,0,0,0,0,0,0,0,0,0,0,0,0,0,0,0,0,0,0,0,0
202103,51,735,3,5,Poquoson (Independent City)   ,4,4,791846,0,0,0,0,0,0,0,0,0,0,0,0,0,0,0,0,0,0,0,0,0
202103,51,740,3,5,Portsmouth (Independent City) ,18,18,1783900,0,0,0,0,0,0,0,0,0,18,18,1783900,0,0,0,0,0,0,0,0,0
202103,51,760,3,5,Richmond (Independent City)   ,50,50,10453790,0,0,0,0,0,0,0,0,0,50,50,10453790,0,0,0,0,0,0,0,0,0
202103,51,800,3,5,Suffolk (Independent City)    ,92,92,21447868,0,0,0,0,0,0,0,0,0,92,92,21447868,0,0,0,0,0,0,0,0,0
202103,51,810,3,5,Virginia Beach (Independent Ci,23,23,8793155,0,0,0,0,0,0,0,0,0,23,23,8793155,0,0,0,0,0,0,0,0,0
202103,51,830,3,5,Williamsburg (Independent City,6,6,900000,0,0,0,0,0,0,0,0,0,6,6,900000,0,0,0,0,0,0,0,0,0
202103,53,005,4,9,Benton County                 ,151,151,43876836,2,4,731893,1,3,438432,1,34,4063812,78,78,23479342,0,0,0,0,0,0,0,0,0
202103,53,011,4,9,Clark County                  ,359,359,103291488,5,10,2016364,0,0,0,6,50,5911609,171,171,44283259,5,10,2016364,0,0,0,6,50,5911609
202103,53,021,4,9,Franklin County               ,70,70,19345625,2,4,533576,0,0,0,1,5,599552,1,1,219721,1,2,359936,0,0,0,0,0,0
202103,53,031,4,9,Jefferson County              ,22,22,5346167,0,0,0,0,0,0,0,0,0,4,4,867003,0,0,0,0,0,0,0,0,0
202103,53,033,4,9,King County                   ,276,276,108548270,30,60,11004241,25,84,23909069,20,1152,205712488,164,164,67928301,28,56,9966085,25,84,23909069,17,1101,197433160
202103,53,035,4,9,Kitsap County                 ,88,88,29552962,0,0,0,2,6,1671723,1,8,1724897,88,88,29552962,0,0,0,2,6,1671723,1,8,1724897
202103,53,053,4,9,Pierce County                 ,400,400,121846987,2,4,437998,3,11,1596815,5,308,23512025,396,396,120429835,2,4,437998,2,8,1132314,4,303,23052062
202103,53,055,4,9,San Juan County               ,15,15,3294452,2,4,475560,0,0,0,0,0,0,0,0,0,0,0,0,0,0,0,0,0,0
202103,53,059,4,9,Skamania County               ,8,8,2219720,0,0,0,0,0,0,0,0,0,8,8,2219720,0,0,0,0,0,0,0,0,0
202103,53,061,4,9,Snohomish County              ,283,283,87571637,8,16,4648330,0,0,0,3,49,4990347,254,254,77774136,8,16,4648330,0,0,0,0,0,0
202103,54,011,3,5,Cabell County                 ,8,8,1565373,1,2,214667,0,0,0,0,0,0,0,0,0,0,0,0,0,0,0,0,0,0
202103,54,015,3,5,Clay County                   ,6,6,150000,0,0,0,0,0,0,0,0,0,0,0,0,0,0,0,0,0,0,0,0,0
202103,54,019,3,5,Fayette County                ,4,4,375070,0,0,0,0,0,0,0,0,0,3,3,318200,0,0,0,0,0,0,0,0,0
202103,54,037,3,5,Jefferson County              ,48,48,12424177,0,0,0,0,0,0,0,0,0,48,48,12424177,0,0,0,0,0,0,0,0,0
202103,54,081,3,5,Raleigh County                ,3,3,503000,0,0,0,0,0,0,0,0,0,3,3,503000,0,0,0,0,0,0,0,0,0
202103,55,025,2,3,Dane County                   ,144,144,54383682,4,8,1550186,1,3,762541,6,294,35252571,106,106,43755601,2,4,770000,0,0,0,5,287,33442730
202103,55,031,2,3,Douglas County                ,4,4,755000,0,0,0,0,0,0,0,0,0,4,4,755000,0,0,0,0,0,0,0,0,0
202103,55,037,2,3,Florence County               ,3,3,530000,0,0,0,0,0,0,0,0,0,3,3,530000,0,0,0,0,0,0,0,0,0
202103,55,049,2,3,Iowa County                   ,10,10,2867979,0,0,0,0,0,0,0,0,0,4,4,1065000,0,0,0,0,0,0,0,0,0
202103,55,059,2,3,Kenosha County                ,26,26,8727184,0,0,0,0,0,0,2,21,1459187,20,20,6871500,0,0,0,0,0,0,0,0,0
202103,55,079,2,3,Milwaukee County              ,15,15,9942786,1,2,384900,0,0,0,1,13,1094175,11,11,9115000,1,2,384900,0,0,0,0,0,0
202103,55,089,2,3,Ozaukee County                ,25,25,8998796,1,2,375000,0,0,0,1,8,47917,14,14,4143027,1,2,375000,0,0,0,0,0,0
202103,55,093,2,3,Pierce County                 ,23,23,6615941,1,2,353200,0,0,0,4,32,2797384,23,23,6615941,1,2,353200,0,0,0,4,32,2797384
202103,55,109,2,3,St. Croix County              ,50,50,14370171,0,0,0,0,0,0,0,0,0,38,38,11665853,0,0,0,0,0,0,0,0,0
202103,55,131,2,3,Washington County             ,56,56,18855303,8,16,2058000,0,0,0,0,0,0,42,42,12595477,8,16,2058000,0,0,0,0,0,0
202103,56,025,4,8,Natrona County                ,8,8,2655453,0,0,0,1,4,495000,0,0,0,8,8,2655453,0,0,0,1,4,495000,0,0,0
202103,56,029,4,8,Park County                   ,17,17,4429665,0,0,0,0,0,0,0,0,0,11,11,3265172,0,0,0,0,0,0,0,0,0
202103,56,039,4,8,Teton County                  ,23,23,56509586,1,2,623319,0,0,0,1,5,1040398,20,20,54941516,0,0,0,0,0,0,0,0,0
